seaocn-cb/data/MSM121_054_1db.cnv
* Sea-Bird SBE 9 Data File:
* FileName = C:\Data\MSM121\MSM121_054.hdr
* Software Version Seasave V 7.22
* Temperature SN = 4456
* Conductivity SN = 2646
* Number of Bytes Per Scan = 38
* Number of Voltage Words = 3
* Number of Scans Averaged by the Deck Unit = 1
* NMEA Latitude = 49 42.50 N
* NMEA Longitude = 045 00.04 W
* NMEA UTC (Time) = Oct 08 2023 12:26:20
* NMEA baud rate = 4800
** Ship: Maria S. Merian
** Cruise: MSM121
** Profile: 54
** Station: 54
** WaterDepth: 3550
# nquan = 13
# nvalues = 3593                        
# units = specified
# name 0 = timeQ: Time, NMEA [seconds]
# name 1 = prDM: Pressure, Digiquartz [db]
# name 2 = t090C: Temperature [ITS-90, deg C]
# name 3 = c0mS/cm: Conductivity [mS/cm]
# name 4 = sbeox0ML/L: Oxygen, SBE 43 [ml/l]
# name 5 = t190C: Temperature, 2 [ITS-90, deg C]
# name 6 = c1mS/cm: Conductivity, 2 [mS/cm]
# name 7 = sbeox1ML/L: Oxygen, SBE 43, 2 [ml/l]
# name 8 = latitude: Latitude [deg]
# name 9 = longitude: Longitude [deg]
# name 10 = timeS: Time, Elapsed [seconds]
# name 11 = sal11: Salinity, Practical, 2 [PSU]
# name 12 = flag: flag
# span 0 =  750083314,  750086995       
# span 1 =      7.000,   3599.000       
# span 2 =     1.9441,    14.2864       
# span 3 =  32.109489,  41.580563       
# span 4 =     4.3448,     6.9701       
# span 5 =     1.9433,    14.2855       
# span 6 =  32.108106,  41.579826       
# span 7 =     4.2256,     6.8076       
# span 8 =   49.70834,   49.71112       
# span 9 =  -45.00409,  -45.00073       
# span 10 =    134.461,   3815.453      
# span 11 =    33.9944,    34.9173      
# span 12 = 0.0000e+00, 0.0000e+00      
# interval = decibars: 1                
# start_time = Jan 01 2000 12:26:20 [NMEA time, first data scan]
# bad_flag = -9.990e-29
*END*
[from data line 3223]
  750086564   3230.000     2.2175  32.226005     6.1209     2.2169  32.224846     5.9688   49.71076  -45.00370   3383.836    34.8950 0.0000e+00
  750086565   3231.000     2.2147  32.223842     6.1209     2.2141  32.222590     5.9683   49.71076  -45.00370   3384.620    34.8949 0.0000e+00
  750086566   3232.000     2.2150  32.224567     6.1214     2.2145  32.223291     5.9678   49.71076  -45.00370   3385.381    34.8949 0.0000e+00
  750086566   3233.000     2.2150  32.224950     6.1224     2.2145  32.223728     5.9669   49.71076  -45.00370   3386.142    34.8949 0.0000e+00
  750086567   3234.000     2.2150  32.225212     6.1231     2.2143  32.223879     5.9671   49.71076  -45.00370   3386.963    34.8948 0.0000e+00
  750086568   3235.000     2.2150  32.225628     6.1234     2.2144  32.224270     5.9674   49.71076  -45.00370   3387.980    34.8947 0.0000e+00
  750086570   3236.000     2.2134  32.224457     6.1246     2.2126  32.223123     5.9689   49.71076  -45.00371   3389.329    34.8948 0.0000e+00
  750086571   3237.000     2.2123  32.223871     6.1260     2.2117  32.222548     5.9693   49.71076  -45.00372   3390.520    34.8947 0.0000e+00
  750086572   3238.000     2.2119  32.223936     6.1266     2.2113  32.222654     5.9685   49.71076  -45.00372   3391.396    34.8947 0.0000e+00
  750086572   3239.000     2.2118  32.224134     6.1271     2.2113  32.223003     5.9685   49.71076  -45.00372   3392.172    34.8947 0.0000e+00
  750086573   3240.000     2.2118  32.224567     6.1278     2.2112  32.223230     5.9696   49.71076  -45.00372   3392.941    34.8946 0.0000e+00
  750086574   3241.000     2.2118  32.224856     6.1279     2.2111  32.223552     5.9715   49.71076  -45.00372   3393.809    34.8946 0.0000e+00
  750086575   3242.000     2.2117  32.225047     6.1286     2.2111  32.223773     5.9742   49.71076  -45.00372   3395.071    34.8945 0.0000e+00
  750086577   3243.000     2.2115  32.225396     6.1299     2.2110  32.223958     5.9757   49.71077  -45.00372   3396.669    34.8944 0.0000e+00
  750086579   3244.000     2.2117  32.225849     6.1297     2.2111  32.224665     5.9751   49.71078  -45.00372   3397.676    34.8947 0.0000e+00
  750086579   3245.000     2.2117  32.226336     6.1293     2.2111  32.225008     5.9746   49.71078  -45.00372   3398.443    34.8945 0.0000e+00
  750086580   3246.000     2.2117  32.226620     6.1284     2.2111  32.225401     5.9744   49.71078  -45.00372   3399.119    34.8946 0.0000e+00
  750086581   3247.000     2.2112  32.226598     6.1286     2.2105  32.225241     5.9742   49.71078  -45.00372   3399.751    34.8946 0.0000e+00
  750086581   3248.000     2.2101  32.225878     6.1291     2.2094  32.224620     5.9742   49.71078  -45.00372   3400.365    34.8946 0.0000e+00
  750086582   3249.000     2.2092  32.225407     6.1298     2.2085  32.224086     5.9747   49.71078  -45.00372   3401.018    34.8945 0.0000e+00
  750086583   3250.000     2.2086  32.225192     6.1307     2.2078  32.223702     5.9760   49.71078  -45.00372   3401.825    34.8944 0.0000e+00
  750086584   3251.000     2.2074  32.224487     6.1327     2.2068  32.223070     5.9739   49.71078  -45.00372   3403.223    34.8942 0.0000e+00
  750086585   3252.000     2.2072  32.224701     6.1347     2.2067  32.223534     5.9750   49.71078  -45.00373   3404.740    34.8944 0.0000e+00
  750086586   3253.000     2.2073  32.225212     6.1348     2.2066  32.223851     5.9756   49.71078  -45.00374   3405.676    34.8944 0.0000e+00
  750086587   3254.000     2.2061  32.224378     6.1346     2.2054  32.223018     5.9777   49.71078  -45.00374   3406.592    34.8943 0.0000e+00
  750086588   3255.000     2.2055  32.224217     6.1348     2.2049  32.222902     5.9790   49.71079  -45.00375   3407.778    34.8943 0.0000e+00
  750086589   3256.000     2.2054  32.224437     6.1332     2.2046  32.223164     5.9792   49.71080  -45.00376   3409.068    34.8944 0.0000e+00
  750086590   3257.000     2.2054  32.224856     6.1328     2.2048  32.223579     5.9781   49.71080  -45.00376   3409.928    34.8942 0.0000e+00
  750086591   3258.000     2.2045  32.224382     6.1326     2.2040  32.223105     5.9781   49.71080  -45.00376   3410.604    34.8942 0.0000e+00
  750086591   3259.000     2.2039  32.224344     6.1325     2.2036  32.223217     5.9780   49.71080  -45.00376   3411.192    34.8942 0.0000e+00
  750086592   3260.000     2.2038  32.224539     6.1329     2.2033  32.223373     5.9781   49.71080  -45.00376   3411.773    34.8943 0.0000e+00
  750086593   3261.000     2.2028  32.223884     6.1337     2.2023  32.222875     5.9788   49.71080  -45.00376   3412.378    34.8943 0.0000e+00
  750086593   3262.000     2.2015  32.223224     6.1344     2.2009  32.221972     5.9809   49.71080  -45.00376   3413.074    34.8942 0.0000e+00
  750086594   3263.000     2.2005  32.222591     6.1358     2.1997  32.221096     5.9812   49.71080  -45.00375   3414.166    34.8940 0.0000e+00
  750086596   3264.000     2.2006  32.222835     6.1378     2.2001  32.221684     5.9827   49.71080  -45.00374   3416.110    34.8939 0.0000e+00
  750086598   3265.000     2.1985  32.221389     6.1402     2.1979  32.220055     5.9835   49.71080  -45.00376   3417.405    34.8938 0.0000e+00
  750086599   3266.000     2.1982  32.221555     6.1415     2.1976  32.220209     5.9830   49.71080  -45.00376   3418.304    34.8939 0.0000e+00
  750086600   3267.000     2.1984  32.222023     6.1419     2.1977  32.220729     5.9835   49.71080  -45.00376   3419.150    34.8939 0.0000e+00
  750086601   3268.000     2.1984  32.222326     6.1417     2.1978  32.221125     5.9844   49.71080  -45.00376   3419.979    34.8938 0.0000e+00
  750086602   3269.000     2.1976  32.222057     6.1419     2.1970  32.220726     5.9837   49.71080  -45.00376   3420.796    34.8938 0.0000e+00
  750086603   3270.000     2.1964  32.221272     6.1416     2.1961  32.220344     5.9833   49.71080  -45.00376   3421.585    34.8937 0.0000e+00
  750086603   3271.000     2.1934  32.218705     6.1423     2.1930  32.217575     5.9832   49.71080  -45.00376   3422.342    34.8935 0.0000e+00
  750086604   3272.000     2.1890  32.215117     6.1439     2.1883  32.213856     5.9838   49.71080  -45.00376   3423.073    34.8935 0.0000e+00
  750086605   3273.000     2.1886  32.215235     6.1454     2.1882  32.214041     5.9850   49.71080  -45.00376   3423.804    34.8935 0.0000e+00
  750086606   3274.000     2.1900  32.216912     6.1469     2.1894  32.215636     5.9868   49.71080  -45.00376   3424.632    34.8935 0.0000e+00
  750086607   3275.000     2.1907  32.217747     6.1482     2.1900  32.216444     5.9892   49.71080  -45.00376   3425.901    34.8934 0.0000e+00
  750086609   3276.000     2.1905  32.217910     6.1501     2.1899  32.216612     5.9908   49.71080  -45.00376   3427.825    34.8932 0.0000e+00
  750086610   3277.000     2.1908  32.218608     6.1505     2.1903  32.217404     5.9920   49.71080  -45.00376   3428.876    34.8932 0.0000e+00
  750086610   3278.000     2.1894  32.217690     6.1513     2.1892  32.216722     5.9919   49.71080  -45.00376   3429.646    34.8932 0.0000e+00
  750086611   3279.000     2.1893  32.217981     6.1513     2.1887  32.216702     5.9925   49.71080  -45.00376   3430.360    34.8932 0.0000e+00
  750086612   3280.000     2.1860  32.215221     6.1515     2.1861  32.214522     5.9925   49.71080  -45.00376   3431.058    34.8930 0.0000e+00
  750086613   3281.000     2.1831  32.212955     6.1520     2.1832  32.212232     5.9922   49.71080  -45.00376   3431.768    34.8930 0.0000e+00
  750086613   3282.000     2.1834  32.213639     6.1526     2.1833  32.212723     5.9931   49.71080  -45.00376   3432.505    34.8930 0.0000e+00
  750086614   3283.000     2.1826  32.213245     6.1538     2.1819  32.211770     5.9938   49.71080  -45.00376   3433.277    34.8929 0.0000e+00
  750086615   3284.000     2.1819  32.212919     6.1554     2.1813  32.211595     5.9948   49.71080  -45.00376   3434.177    34.8928 0.0000e+00
  750086616   3285.000     2.1812  32.212563     6.1576     2.1804  32.210978     5.9975   49.71080  -45.00376   3435.697    34.8926 0.0000e+00
  750086618   3286.000     2.1813  32.213098     6.1594     2.1808  32.211738     5.9983   49.71080  -45.00376   3437.440    34.8926 0.0000e+00
  750086619   3287.000     2.1816  32.213596     6.1606     2.1811  32.212613     5.9980   49.71080  -45.00376   3438.292    34.8929 0.0000e+00
  750086619   3288.000     2.1816  32.214100     6.1612     2.1810  32.212837     5.9969   49.71080  -45.00376   3439.018    34.8928 0.0000e+00
  750086620   3289.000     2.1816  32.214532     6.1610     2.1810  32.213247     5.9983   49.71080  -45.00376   3439.705    34.8928 0.0000e+00
  750086621   3290.000     2.1818  32.215018     6.1616     2.1812  32.213764     6.0001   49.71080  -45.00376   3440.435    34.8927 0.0000e+00
  750086622   3291.000     2.1819  32.215505     6.1620     2.1813  32.214160     6.0012   49.71080  -45.00376   3441.348    34.8927 0.0000e+00
  750086623   3292.000     2.1814  32.215402     6.1622     2.1804  32.213649     6.0009   49.71080  -45.00376   3442.660    34.8926 0.0000e+00
  750086624   3293.000     2.1814  32.215751     6.1620     2.1802  32.213885     6.0002   49.71082  -45.00376   3443.854    34.8926 0.0000e+00
  750086625   3294.000     2.1808  32.215658     6.1620     2.1805  32.214546     6.0012   49.71082  -45.00376   3444.675    34.8926 0.0000e+00
  750086626   3295.000     2.1810  32.216137     6.1625     2.1805  32.214821     6.0008   49.71080  -45.00376   3445.400    34.8925 0.0000e+00
  750086626   3296.000     2.1808  32.216267     6.1628     2.1803  32.214976     6.0015   49.71080  -45.00376   3446.077    34.8925 0.0000e+00
  750086627   3297.000     2.1808  32.216557     6.1630     2.1803  32.215455     6.0032   49.71080  -45.00376   3446.808    34.8925 0.0000e+00
  750086628   3298.000     2.1811  32.217319     6.1635     2.1805  32.215960     6.0039   49.71080  -45.00376   3447.743    34.8925 0.0000e+00
  750086629   3299.000     2.1811  32.217456     6.1634     2.1805  32.216113     6.0055   49.71081  -45.00376   3449.187    34.8923 0.0000e+00
  750086631   3300.000     2.1816  32.218429     6.1632     2.1808  32.216973     6.0061   49.71082  -45.00376   3450.670    34.8925 0.0000e+00
  750086632   3301.000     2.1818  32.219094     6.1637     2.1810  32.217529     6.0063   49.71082  -45.00376   3451.631    34.8925 0.0000e+00
  750086633   3302.000     2.1819  32.219368     6.1649     2.1813  32.218040     6.0061   49.71081  -45.00377   3452.432    34.8925 0.0000e+00
  750086634   3303.000     2.1810  32.218983     6.1649     2.1809  32.218040     6.0065   49.71080  -45.00378   3453.163    34.8924 0.0000e+00
  750086634   3304.000     2.1813  32.219622     6.1651     2.1807  32.218316     6.0062   49.71080  -45.00378   3453.859    34.8924 0.0000e+00
  750086635   3305.000     2.1790  32.217815     6.1661     2.1782  32.216356     6.0049   49.71081  -45.00378   3454.552    34.8924 0.0000e+00
  750086636   3306.000     2.1763  32.215384     6.1677     2.1758  32.214232     6.0062   49.71082  -45.00378   3455.310    34.8921 0.0000e+00
  750086637   3307.000     2.1724  32.212169     6.1710     2.1718  32.210747     6.0067   49.71082  -45.00377   3456.264    34.8917 0.0000e+00
  750086639   3308.000     2.1705  32.210671     6.1755     2.1700  32.209461     6.0109   49.71082  -45.00377   3457.725    34.8916 0.0000e+00
  750086640   3309.000     2.1699  32.210580     6.1792     2.1694  32.209237     6.0163   49.71082  -45.00378   3459.358    34.8915 0.0000e+00
  750086641   3310.000     2.1707  32.211689     6.1805     2.1701  32.210435     6.0177   49.71082  -45.00378   3460.367    34.8917 0.0000e+00
  750086642   3311.000     2.1684  32.209972     6.1821     2.1698  32.210488     6.0182   49.71082  -45.00378   3461.168    34.8917 0.0000e+00
  750086643   3312.000     2.1678  32.209815     6.1837     2.1670  32.208378     6.0185   49.71082  -45.00378   3461.904    34.8916 0.0000e+00
  750086643   3313.000     2.1655  32.208095     6.1847     2.1650  32.206866     6.0195   49.71082  -45.00378   3462.586    34.8915 0.0000e+00
  750086644   3314.000     2.1644  32.207560     6.1853     2.1636  32.206011     6.0205   49.71082  -45.00378   3463.256    34.8916 0.0000e+00
  750086644   3315.000     2.1639  32.207505     6.1859     2.1632  32.205963     6.0220   49.71082  -45.00378   3463.973    34.8915 0.0000e+00
  750086645   3316.000     2.1639  32.207762     6.1864     2.1631  32.206288     6.0226   49.71082  -45.00378   3464.860    34.8915 0.0000e+00
  750086647   3317.000     2.1631  32.207358     6.1877     2.1624  32.205920     6.0234   49.71082  -45.00378   3466.272    34.8914 0.0000e+00
  750086648   3318.000     2.1622  32.206962     6.1886     2.1612  32.205286     6.0260   49.71082  -45.00378   3467.859    34.8914 0.0000e+00
  750086649   3319.000     2.1612  32.206455     6.1892     2.1605  32.205103     6.0275   49.71082  -45.00378   3468.885    34.8914 0.0000e+00
  750086650   3320.000     2.1606  32.206314     6.1892     2.1600  32.205018     6.0293   49.71082  -45.00378   3469.725    34.8914 0.0000e+00
  750086651   3321.000     2.1606  32.206505     6.1896     2.1602  32.205424     6.0297   49.71082  -45.00378   3470.492    34.8913 0.0000e+00
  750086652   3322.000     2.1594  32.205789     6.1899     2.1589  32.204604     6.0283   49.71082  -45.00378   3471.208    34.8912 0.0000e+00
  750086652   3323.000     2.1591  32.205916     6.1907     2.1586  32.204686     6.0277   49.71082  -45.00378   3471.896    34.8912 0.0000e+00
  750086653   3324.000     2.1576  32.204974     6.1911     2.1573  32.204000     6.0277   49.71082  -45.00378   3472.598    34.8913 0.0000e+00
  750086654   3325.000     2.1579  32.205567     6.1919     2.1575  32.204481     6.0298   49.71082  -45.00378   3473.394    34.8912 0.0000e+00
  750086655   3326.000     2.1576  32.205568     6.1933     2.1570  32.204301     6.0316   49.71082  -45.00378   3474.539    34.8911 0.0000e+00
  750086657   3327.000     2.1569  32.205183     6.1957     2.1560  32.203678     6.0338   49.71084  -45.00378   3476.493    34.8909 0.0000e+00
  750086658   3328.000     2.1558  32.204711     6.1975     2.1551  32.203381     6.0352   49.71084  -45.00378   3477.828    34.8910 0.0000e+00
  750086659   3329.000     2.1564  32.205581     6.1978     2.1558  32.204304     6.0362   49.71084  -45.00380   3478.713    34.8910 0.0000e+00
  750086660   3330.000     2.1562  32.205732     6.1986     2.1558  32.204608     6.0363   49.71084  -45.00380   3479.475    34.8909 0.0000e+00
  750086660   3331.000     2.1564  32.206371     6.1989     2.1559  32.205064     6.0359   49.71084  -45.00380   3480.159    34.8909 0.0000e+00
  750086661   3332.000     2.1559  32.206275     6.1993     2.1554  32.204966     6.0352   49.71084  -45.00380   3480.801    34.8909 0.0000e+00
  750086662   3333.000     2.1554  32.206232     6.1995     2.1547  32.204792     6.0353   49.71084  -45.00379   3481.433    34.8909 0.0000e+00
  750086663   3334.000     2.1550  32.206178     6.1997     2.1546  32.205001     6.0359   49.71084  -45.00378   3482.083    34.8909 0.0000e+00
  750086664   3335.000     2.1546  32.206199     6.2008     2.1540  32.204847     6.0358   49.71084  -45.00378   3482.795    34.8909 0.0000e+00
  750086664   3336.000     2.1547  32.206641     6.2020     2.1539  32.205181     6.0370   49.71084  -45.00378   3483.705    34.8908 0.0000e+00
  750086667   3337.000     2.1550  32.207102     6.2032     2.1543  32.205868     6.0408   49.71084  -45.00378   3485.572    34.8908 0.0000e+00
  750086669   3338.000     2.1545  32.207133     6.2036     2.1537  32.205743     6.0428   49.71084  -45.00379   3487.605    34.8909 0.0000e+00
  750086669   3339.000     2.1533  32.206317     6.2027     2.1530  32.205446     6.0428   49.71084  -45.00380   3488.506    34.8908 0.0000e+00
