seaocn-cb/data/MSM121_054_1db.cnv
* Sea-Bird SBE 9 Data File:
* FileName = C:\Data\MSM121\MSM121_054.hdr
* Software Version Seasave V 7.22
* Temperature SN = 4456
* Conductivity SN = 2646
* Number of Bytes Per Scan = 38
* Number of Voltage Words = 3
* Number of Scans Averaged by the Deck Unit = 1
* NMEA Latitude = 49 42.50 N
* NMEA Longitude = 045 00.04 W
* NMEA UTC (Time) = Oct 08 2023 12:26:20
* NMEA baud rate = 4800
** Ship: Maria S. Merian
** Cruise: MSM121
** Profile: 54
** Station: 54
** WaterDepth: 3550
# nquan = 13
# nvalues = 3593                        
# units = specified
# name 0 = timeQ: Time, NMEA [seconds]
# name 1 = prDM: Pressure, Digiquartz [db]
# name 2 = t090C: Temperature [ITS-90, deg C]
# name 3 = c0mS/cm: Conductivity [mS/cm]
# name 4 = sbeox0ML/L: Oxygen, SBE 43 [ml/l]
# name 5 = t190C: Temperature, 2 [ITS-90, deg C]
# name 6 = c1mS/cm: Conductivity, 2 [mS/cm]
# name 7 = sbeox1ML/L: Oxygen, SBE 43, 2 [ml/l]
# name 8 = latitude: Latitude [deg]
# name 9 = longitude: Longitude [deg]
# name 10 = timeS: Time, Elapsed [seconds]
# name 11 = sal11: Salinity, Practical, 2 [PSU]
# name 12 = flag: flag
# span 0 =  750083314,  750086995       
# span 1 =      7.000,   3599.000       
# span 2 =     1.9441,    14.2864       
# span 3 =  32.109489,  41.580563       
# span 4 =     4.3448,     6.9701       
# span 5 =     1.9433,    14.2855       
# span 6 =  32.108106,  41.579826       
# span 7 =     4.2256,     6.8076       
# span 8 =   49.70834,   49.71112       
# span 9 =  -45.00409,  -45.00073       
# span 10 =    134.461,   3815.453      
# span 11 =    33.9944,    34.9173      
# span 12 = 0.0000e+00, 0.0000e+00      
# interval = decibars: 1                
# start_time = Jan 01 2000 12:26:20 [NMEA time, first data scan]
# bad_flag = -9.990e-29
*END*
[from data line 112]
  750083580    119.000     4.8996  33.141219     5.7309     4.8835  33.130339     5.5680   49.70836  -45.00076    399.063    34.7006 0.0000e+00
  750083582    120.000     4.9866  33.241357     5.7922     4.8856  33.152841     5.6475   49.70836  -45.00076    400.815    34.7173 0.0000e+00
  750083584    121.000     4.5752  32.823714     5.9635     4.5553  32.817384     5.7781   49.70836  -45.00076    402.902    34.6789 0.0000e+00
  750083585    122.000     4.3566  32.602260     6.0502     4.3544  32.602546     5.8667   49.70836  -45.00076    404.064    34.6401 0.0000e+00
  750083586    123.000     4.3674  32.619898     6.0812     4.3663  32.620762     5.9099   49.70836  -45.00076    404.996    34.6445 0.0000e+00
  750083586    124.000     4.4381  32.692775     6.0951     4.4362  32.693450     5.9333   49.70836  -45.00076    405.834    34.6515 0.0000e+00
  750083587    125.000     4.4470  32.704720     6.1103     4.4456  32.705820     5.9515   49.70836  -45.00076    406.596    34.6537 0.0000e+00
  750083588    126.000     4.4395  32.698987     6.1202     4.4374  32.699759     5.9638   49.70836  -45.00076    407.309    34.6534 0.0000e+00
  750083588    127.000     4.3782  32.640660     6.1239     4.3754  32.641556     5.9713   49.70836  -45.00076    407.994    34.6508 0.0000e+00
  750083589    128.000     4.3432  32.614603     6.1235     4.3430  32.617145     5.9767   49.70836  -45.00076    408.663    34.6554 0.0000e+00
  750083590    129.000     4.3875  32.664263     6.1232     4.3870  32.666365     5.9805   49.70836  -45.00076    409.370    34.6632 0.0000e+00
  750083591    130.000     4.3875  32.667213     6.1295     4.3867  32.669000     5.9891   49.70836  -45.00076    410.364    34.6649 0.0000e+00
  750083594    131.000     4.3930  32.668499     6.1286     4.3922  32.670258     5.9942   49.70836  -45.00076    413.607    34.6569 0.0000e+00
  750083596    132.000     4.3132  32.600158     6.1156     4.3165  32.606091     5.9877   49.70836  -45.00076    414.952    34.6617 0.0000e+00
  750083597    133.000     4.3353  32.633659     6.1038     4.3367  32.636176     5.9795   49.70836  -45.00077    415.670    34.6737 0.0000e+00
  750083597    134.000     4.4035  32.704671     6.0984     4.4045  32.707544     5.9764   49.70836  -45.00078    416.321    34.6832 0.0000e+00
  750083598    135.000     4.4242  32.726191     6.0941     4.4220  32.726929     5.9733   49.70836  -45.00078    416.964    34.6862 0.0000e+00
  750083598    136.000     4.3433  32.650721     6.0882     4.3414  32.652326     5.9681   49.70836  -45.00078    417.633    34.6857 0.0000e+00
  750083599    137.000     4.3369  32.651849     6.0808     4.3367  32.654180     5.9601   49.70836  -45.00078    418.331    34.6912 0.0000e+00
  750083600    138.000     4.3567  32.675065     6.0748     4.3572  32.678147     5.9530   49.70836  -45.00076    419.030    34.6966 0.0000e+00
  750083600    139.000     4.3670  32.688538     6.0722     4.3663  32.690343     5.9490   49.70836  -45.00076    419.725    34.7003 0.0000e+00
  750083601    140.000     4.3568  32.680589     6.0718     4.3551  32.681503     5.9467   49.70836  -45.00076    420.449    34.7010 0.0000e+00
  750083603    141.000     4.3424  32.667062     6.0727     4.3410  32.668129     5.9467   49.70836  -45.00076    422.127    34.6993 0.0000e+00
  750083606    142.000     4.3363  32.662459     6.0764     4.3372  32.665579     5.9485   49.70836  -45.00078    425.897    34.6990 0.0000e+00
  750083607    143.000     4.3147  32.642554     6.0798     4.3134  32.644001     5.9484   49.70836  -45.00078    426.550    34.6994 0.0000e+00
  750083608    144.000     4.3234  32.655215     6.0846     4.3222  32.656810     5.9496   49.70836  -45.00078    427.149    34.7035 0.0000e+00
  750083608    145.000     4.3054  32.640260     6.0887     4.3031  32.641111     5.9508   49.70836  -45.00078    427.682    34.7050 0.0000e+00
  750083609    146.000     4.2811  32.617348     6.0918     4.2785  32.618217     5.9529   49.70836  -45.00078    428.190    34.7044 0.0000e+00
  750083609    147.000     4.2652  32.604477     6.0938     4.2645  32.606373     5.9549   49.70836  -45.00078    428.688    34.7048 0.0000e+00
  750083610    148.000     4.2664  32.608218     6.0949     4.2652  32.609534     5.9567   49.70836  -45.00078    429.218    34.7068 0.0000e+00
  750083610    149.000     4.2760  32.618922     6.0963     4.2750  32.620526     5.9585   49.70836  -45.00078    429.826    34.7084 0.0000e+00
  750083611    150.000     4.2783  32.621728     6.0977     4.2760  32.622004     5.9605   49.70836  -45.00078    430.614    34.7083 0.0000e+00
  750083613    151.000     4.2804  32.623934     6.0981     4.2788  32.624475     5.9644   49.70836  -45.00077    432.252    34.7072 0.0000e+00
  750083617    152.000     4.2816  32.625092     6.0795     4.2810  32.626833     5.9470   49.70836  -45.00078    436.194    34.7064 0.0000e+00
  750083618    153.000     4.2751  32.621089     6.0657     4.2744  32.622896     5.9334   49.70836  -45.00078    436.997    34.7084 0.0000e+00
  750083619    154.000     4.2686  32.617400     6.0629     4.2676  32.619034     5.9332   49.70836  -45.00080    437.733    34.7107 0.0000e+00
  750083619    155.000     4.2716  32.624027     6.0518     4.2707  32.625498     5.9284   49.70836  -45.00080    438.387    34.7141 0.0000e+00
  750083620    156.000     4.2818  32.636321     6.0347     4.2834  32.640265     5.9186   49.70836  -45.00080    439.013    34.7172 0.0000e+00
  750083620    157.000     4.3106  32.668637     6.0163     4.3103  32.669800     5.9058   49.70836  -45.00080    439.630    34.7234 0.0000e+00
  750083621    158.000     4.4107  32.776587     5.9986     4.4134  32.780014     5.8925   49.70836  -45.00080    440.241    34.7390 0.0000e+00
  750083622    159.000     4.4632  32.830693     5.9835     4.4606  32.830341     5.8797   49.70836  -45.00080    440.838    34.7473 0.0000e+00
  750083622    160.000     4.4570  32.826437     5.9710     4.4562  32.828257     5.8685   49.70836  -45.00080    441.433    34.7499 0.0000e+00
  750083623    161.000     4.4613  32.833314     5.9604     4.4608  32.835101     5.8569   49.70836  -45.00080    442.078    34.7526 0.0000e+00
  750083624    162.000     4.4626  32.835313     5.9516     4.4617  32.836823     5.8438   49.70836  -45.00079    442.905    34.7536 0.0000e+00
  750083626    163.000     4.4534  32.825101     5.9419     4.4497  32.823204     5.8269   49.70836  -45.00078    445.939    34.7511 0.0000e+00
  750083629    164.000     4.4474  32.820238     5.9395     4.4437  32.818946     5.8234   49.70836  -45.00078    448.492    34.7527 0.0000e+00
  750083630    165.000     4.4378  32.812096     5.9458     4.4355  32.812230     5.8293   49.70836  -45.00078    449.366    34.7533 0.0000e+00
  750083630    166.000     4.4378  32.813151     5.9483     4.4369  32.814734     5.8309   49.70836  -45.00078    450.088    34.7544 0.0000e+00
  750083631    167.000     4.4342  32.810687     5.9516     4.4328  32.811772     5.8312   49.70836  -45.00078    450.695    34.7547 0.0000e+00
  750083631    168.000     4.4279  32.805560     5.9583     4.4270  32.806864     5.8327   49.70836  -45.00079    451.250    34.7549 0.0000e+00
  750083632    169.000     4.4274  32.805811     5.9668     4.4266  32.807332     5.8363   49.70836  -45.00080    451.784    34.7552 0.0000e+00
  750083633    170.000     4.4165  32.795640     5.9764     4.4151  32.797023     5.8421   49.70836  -45.00080    452.308    34.7551 0.0000e+00
  750083633    171.000     4.3746  32.755962     5.9868     4.3718  32.757280     5.8496   49.70836  -45.00080    452.855    34.7549 0.0000e+00
  750083634    172.000     4.3251  32.711555     5.9987     4.3235  32.713019     5.8589   49.70836  -45.00080    453.460    34.7543 0.0000e+00
  750083634    173.000     4.3024  32.690001     6.0127     4.3013  32.691539     5.8708   49.70836  -45.00080    454.208    34.7524 0.0000e+00
  750083636    174.000     4.2854  32.674258     6.0362     4.2847  32.676555     5.8939   49.70836  -45.00079    456.048    34.7514 0.0000e+00
  750083641    175.000     4.2788  32.668603     6.1001     4.2867  32.677667     5.9604   49.70838  -45.00078    460.051    34.7488 0.0000e+00
  750083642    176.000     4.2536  32.644743     6.1220     4.2520  32.645719     5.9765   49.70838  -45.00078    461.033    34.7478 0.0000e+00
  750083643    177.000     4.2201  32.611901     6.1437     4.2185  32.613309     5.9879   49.70837  -45.00079    461.681    34.7454 0.0000e+00
  750083643    178.000     4.1918  32.584421     6.1694     4.1859  32.581659     6.0027   49.70836  -45.00080    462.232    34.7424 0.0000e+00
  750083644    179.000     4.1304  32.524563     6.1985     4.1225  32.520311     6.0215   49.70836  -45.00080    462.747    34.7375 0.0000e+00
  750083644    180.000     4.0017  32.397056     6.2264     3.9914  32.393402     6.0398   49.70836  -45.00080    463.251    34.7298 0.0000e+00
  750083645    181.000     3.9010  32.301626     6.2532     3.8987  32.304333     6.0627   49.70836  -45.00080    463.742    34.7236 0.0000e+00
  750083645    182.000     3.8640  32.267758     6.2798     3.8618  32.268540     6.0881   49.70836  -45.00080    464.224    34.7196 0.0000e+00
  750083646    183.000     3.8417  32.245300     6.3019     3.8393  32.246307     6.1135   49.70836  -45.00080    464.702    34.7165 0.0000e+00
  750083646    184.000     3.8325  32.237538     6.3238     3.8353  32.242907     6.1425   49.70836  -45.00080    465.567    34.7150 0.0000e+00
  750083650    185.000     3.8962  32.298407     6.3796     3.8964  32.301698     6.2107   49.70838  -45.00078    469.578    34.7138 0.0000e+00
  750083651    186.000     3.8131  32.220833     6.3989     3.8131  32.223266     6.2277   49.70838  -45.00080    470.452    34.7100 0.0000e+00
  750083652    187.000     3.8052  32.214001     6.4111     3.8046  32.215736     6.2419   49.70836  -45.00080    471.322    34.7090 0.0000e+00
  750083653    188.000     3.7871  32.199009     6.4167     3.7861  32.200528     6.2525   49.70836  -45.00080    472.166    34.7099 0.0000e+00
  750083654    189.000     3.7984  32.215738     6.4217     3.7977  32.216712     6.2610   49.70836  -45.00081    472.978    34.7150 0.0000e+00
  750083654    190.000     3.8037  32.222084     6.4258     3.8019  32.222987     6.2685   49.70836  -45.00082    473.727    34.7169 0.0000e+00
  750083655    191.000     3.7810  32.201554     6.4292     3.7795  32.202554     6.2747   49.70836  -45.00082    474.434    34.7162 0.0000e+00
  750083656    192.000     3.7693  32.191472     6.4316     3.7682  32.192770     6.2807   49.70837  -45.00082    475.136    34.7158 0.0000e+00
  750083656    193.000     3.7688  32.192108     6.4332     3.7679  32.193480     6.2862   49.70838  -45.00082    475.852    34.7160 0.0000e+00
  750083657    194.000     3.7660  32.191649     6.4347     3.7648  32.192876     6.2902   49.70838  -45.00082    476.683    34.7175 0.0000e+00
  750083658    195.000     3.7674  32.196320     6.4364     3.7667  32.197637     6.2932   49.70838  -45.00082    477.801    34.7201 0.0000e+00
  750083660    196.000     3.7661  32.199194     6.4375     3.7651  32.198057     6.2951   49.70838  -45.00081    479.135    34.7212 0.0000e+00
  750083661    197.000     3.7686  32.202731     6.4375     3.7676  32.203745     6.2962   49.70838  -45.00080    480.484    34.7243 0.0000e+00
  750083663    198.000     3.7711  32.206082     6.4397     3.7700  32.207133     6.2973   49.70838  -45.00081    482.403    34.7247 0.0000e+00
  750083664    199.000     3.7724  32.208070     6.4373     3.7715  32.209335     6.2959   49.70838  -45.00082    483.920    34.7248 0.0000e+00
  750083665    200.000     3.7749  32.211764     6.4348     3.7736  32.212479     6.2951   49.70838  -45.00082    484.807    34.7257 0.0000e+00
  750083666    201.000     3.7811  32.219934     6.4340     3.7800  32.221146     6.2946   49.70838  -45.00084    485.508    34.7283 0.0000e+00
  750083666    202.000     3.7722  32.213374     6.4333     3.7714  32.215057     6.2949   49.70838  -45.00084    486.112    34.7298 0.0000e+00
  750083667    203.000     3.7606  32.204803     6.4336     3.7597  32.206278     6.2954   49.70838  -45.00084    486.681    34.7314 0.0000e+00
  750083667    204.000     3.7608  32.206085     6.4354     3.7600  32.207604     6.2956   49.70838  -45.00084    487.260    34.7321 0.0000e+00
  750083668    205.000     3.7592  32.205138     6.4386     3.7584  32.206536     6.2966   49.70838  -45.00084    487.880    34.7320 0.0000e+00
  750083669    206.000     3.7591  32.205989     6.4423     3.7582  32.207167     6.2978   49.70839  -45.00083    488.603    34.7322 0.0000e+00
  750083671    207.000     3.7583  32.205685     6.4476     3.7572  32.206909     6.3007   49.70840  -45.00082    489.933    34.7323 0.0000e+00
  750083674    208.000     3.7581  32.206078     6.4499     3.7570  32.207121     6.3036   49.70840  -45.00082    492.833    34.7320 0.0000e+00
  750083675    209.000     3.7568  32.205463     6.4492     3.7558  32.206652     6.3010   49.70840  -45.00084    494.282    34.7322 0.0000e+00
  750083676    210.000     3.7559  32.205820     6.4486     3.7551  32.207019     6.2979   49.70840  -45.00084    495.230    34.7327 0.0000e+00
  750083677    211.000     3.7559  32.206466     6.4483     3.7551  32.207793     6.2964   49.70840  -45.00086    495.965    34.7330 0.0000e+00
  750083677    212.000     3.7561  32.207191     6.4467     3.7553  32.208518     6.2967   49.70840  -45.00086    496.560    34.7330 0.0000e+00
  750083678    213.000     3.7560  32.207687     6.4448     3.7551  32.209065     6.2962   49.70840  -45.00086    497.084    34.7334 0.0000e+00
  750083678    214.000     3.7541  32.206871     6.4434     3.7532  32.208193     6.2959   49.70840  -45.00086    497.593    34.7339 0.0000e+00
  750083679    215.000     3.7526  32.206790     6.4433     3.7517  32.208073     6.2963   49.70840  -45.00086    498.093    34.7350 0.0000e+00
  750083679    216.000     3.7526  32.210222     6.4447     3.7519  32.211734     6.2970   49.70840  -45.00086    498.621    34.7381 0.0000e+00
  750083680    217.000     3.7532  32.211990     6.4485     3.7522  32.213541     6.2986   49.70841  -45.00085    499.496    34.7395 0.0000e+00
  750083684    218.000     3.7527  32.211270     6.4407     3.7524  32.212427     6.3046   49.70842  -45.00084    503.920    34.7374 0.0000e+00
  750083685    219.000     3.7489  32.211329     6.4387     3.7482  32.212563     6.3039   49.70842  -45.00084    504.543    34.7415 0.0000e+00
  750083686    220.000     3.7492  32.212306     6.4382     3.7485  32.213765     6.3040   49.70842  -45.00085    505.164    34.7421 0.0000e+00
  750083686    221.000     3.7498  32.213649     6.4384     3.7490  32.214986     6.3028   49.70842  -45.00086    505.735    34.7426 0.0000e+00
  750083687    222.000     3.7492  32.214257     6.4391     3.7483  32.215551     6.3023   49.70842  -45.00086    506.332    34.7433 0.0000e+00
  750083687    223.000     3.7482  32.214599     6.4403     3.7473  32.215865     6.3020   49.70842  -45.00086    507.053    34.7442 0.0000e+00
  750083688    224.000     3.7479  32.215437     6.4404     3.7471  32.216580     6.3011   49.70842  -45.00086    508.072    34.7448 0.0000e+00
  750083690    225.000     3.7482  32.217128     6.4422     3.7473  32.218225     6.3025   49.70842  -45.00086    509.287    34.7459 0.0000e+00
  750083691    226.000     3.7476  32.217402     6.4443     3.7468  32.218628     6.3024   49.70843  -45.00086    510.315    34.7464 0.0000e+00
  750083692    227.000     3.7481  32.219156     6.4443     3.7474  32.220324     6.3012   49.70844  -45.00086    511.203    34.7473 0.0000e+00
  750083693    228.000     3.7511  32.223128     6.4436     3.7503  32.224203     6.3008   49.70844  -45.00086    512.095    34.7481 0.0000e+00
