seaocn-cb/data/MSM121_054_1db.cnv
* Sea-Bird SBE 9 Data File:
* FileName = C:\Data\MSM121\MSM121_054.hdr
* Software Version Seasave V 7.22
* Temperature SN = 4456
* Conductivity SN = 2646
* Number of Bytes Per Scan = 38
* Number of Voltage Words = 3
* Number of Scans Averaged by the Deck Unit = 1
* NMEA Latitude = 49 42.50 N
* NMEA Longitude = 045 00.04 W
* NMEA UTC (Time) = Oct 08 2023 12:26:20
* NMEA baud rate = 4800
** Ship: Maria S. Merian
** Cruise: MSM121
** Profile: 54
** Station: 54
** WaterDepth: 3550
# nquan = 13
# nvalues = 3593                        
# units = specified
# name 0 = timeQ: Time, NMEA [seconds]
# name 1 = prDM: Pressure, Digiquartz [db]
# name 2 = t090C: Temperature [ITS-90, deg C]
# name 3 = c0mS/cm: Conductivity [mS/cm]
# name 4 = sbeox0ML/L: Oxygen, SBE 43 [ml/l]
# name 5 = t190C: Temperature, 2 [ITS-90, deg C]
# name 6 = c1mS/cm: Conductivity, 2 [mS/cm]
# name 7 = sbeox1ML/L: Oxygen, SBE 43, 2 [ml/l]
# name 8 = latitude: Latitude [deg]
# name 9 = longitude: Longitude [deg]
# name 10 = timeS: Time, Elapsed [seconds]
# name 11 = sal11: Salinity, Practical, 2 [PSU]
# name 12 = flag: flag
# span 0 =  750083314,  750086995       
# span 1 =      7.000,   3599.000       
# span 2 =     1.9441,    14.2864       
# span 3 =  32.109489,  41.580563       
# span 4 =     4.3448,     6.9701       
# span 5 =     1.9433,    14.2855       
# span 6 =  32.108106,  41.579826       
# span 7 =     4.2256,     6.8076       
# span 8 =   49.70834,   49.71112       
# span 9 =  -45.00409,  -45.00073       
# span 10 =    134.461,   3815.453      
# span 11 =    33.9944,    34.9173      
# span 12 = 0.0000e+00, 0.0000e+00      
# interval = decibars: 1                
# start_time = Jan 01 2000 12:26:20 [NMEA time, first data scan]
# bad_flag = -9.990e-29
*END*
  750083314      7.000    14.1738  40.887917     4.3448    14.1689  41.094726     4.4442   49.70836  -45.00073    134.461    34.0570 0.0000e+00
  750083317      8.000    14.1528  40.529899     4.4177    14.1684  41.063394     4.3780   49.70836  -45.00076    136.706    34.0312 0.0000e+00
  750083319      9.000    14.0536  40.186417     4.5557    14.1670  41.053896     4.3196   49.70836  -45.00075    138.101    34.0223 0.0000e+00
  750083320     10.000    13.9197  39.544589     4.5517    14.1047  40.962298     4.2256   49.70836  -45.00074    139.467    33.9944 0.0000e+00
  750083324     11.000    13.9981  38.898702     4.5835    14.0360  40.936717     4.2526   49.70835  -45.00074    143.347    34.0320 0.0000e+00
  750083327     12.000    14.0453  38.196012     4.8655    14.1741  41.200512     4.5291   49.70836  -45.00074    146.991    34.1376 0.0000e+00
  750083328     13.000    13.8678  37.613062     4.8486    14.1611  41.029432     4.5305   49.70836  -45.00074    147.730    34.0136 0.0000e+00
  750083364     14.000    14.0890  40.100631     5.4354    14.1515  41.237311     5.2836   49.70836  -45.00075    183.405    34.2048 0.0000e+00
  750083377     15.000    14.1708  41.333807     5.6516    14.1688  41.310261     5.5398   49.70836  -45.00076    196.363    34.2586 0.0000e+00
  750083378     16.000    14.1688  41.309586     5.6445    14.1682  41.308652     5.5364   49.70836  -45.00076    197.491    34.2572 0.0000e+00
  750083379     17.000    14.1699  41.311733     5.6468    14.1695  41.311240     5.5344   49.70836  -45.00076    198.735    34.2580 0.0000e+00
  750083380     18.000    14.1742  41.322061     5.6431    14.1743  41.322677     5.5357   49.70836  -45.00076    200.236    34.2638 0.0000e+00
  750083386     19.000    14.1752  41.325285     5.6484    14.1748  41.325093     5.5303   49.70836  -45.00074    204.973    34.2654 0.0000e+00
  750083387     20.000    14.1803  41.338142     5.6460    14.1806  41.339743     5.5265   49.70836  -45.00076    206.777    34.2729 0.0000e+00
  750083389     21.000    14.1748  41.324088     5.6464    14.1744  41.323987     5.5269   49.70836  -45.00076    207.940    34.2640 0.0000e+00
  750083389     22.000    14.1766  41.329332     5.6466    14.1749  41.325567     5.5308   49.70836  -45.00076    208.934    34.2648 0.0000e+00
  750083391     23.000    14.1847  41.350001     5.6460    14.1844  41.349956     5.5331   49.70836  -45.00076    210.091    34.2778 0.0000e+00
  750083396     24.000    14.1910  41.365968     5.6397    14.1894  41.362032     5.5283   49.70836  -45.00075    215.332    34.2843 0.0000e+00
  750083398     25.000    14.1983  41.384225     5.6320    14.1984  41.385063     5.5198   49.70836  -45.00076    217.429    34.2970 0.0000e+00
  750083399     26.000    14.2013  41.390052     5.6417    14.1997  41.387300     5.5193   49.70836  -45.00076    218.584    34.2979 0.0000e+00
  750083400     27.000    14.2080  41.405238     5.6439    14.2084  41.406141     5.5207   49.70836  -45.00076    219.535    34.3071 0.0000e+00
  750083401     28.000    14.2319  41.456426     5.6431    14.2323  41.457122     5.5233   49.70836  -45.00076    220.576    34.3316 0.0000e+00
  750083405     29.000    14.2434  41.480139     5.6407    14.2444  41.479854     5.5216   49.70836  -45.00075    224.752    34.3415 0.0000e+00
  750083407     30.000    14.2680  41.535702     5.6409    14.2722  41.544608     5.5195   49.70836  -45.00076    227.260    34.3755 0.0000e+00
  750083408     31.000    14.2864  41.572698     5.6405    14.2855  41.571575     5.5236   49.70836  -45.00076    228.349    34.3884 0.0000e+00
  750083410     32.000    14.2814  41.568617     5.6395    14.2797  41.566618     5.5285   49.70836  -45.00076    229.945    34.3891 0.0000e+00
  750083413     33.000    14.2755  41.559972     5.6386    14.2727  41.555684     5.5345   49.70836  -45.00076    232.693    34.3855 0.0000e+00
  750083415     34.000    14.2708  41.557239     5.6428    14.2696  41.555845     5.5353   49.70836  -45.00076    234.587    34.3881 0.0000e+00
  750083417     35.000    14.2689  41.556808     5.6442    14.2679  41.555564     5.5323   49.70836  -45.00076    236.772    34.3891 0.0000e+00
  750083419     36.000    14.2684  41.557327     5.6461    14.2676  41.556173     5.5292   49.70836  -45.00076    238.496    34.3896 0.0000e+00
  750083421     37.000    14.2666  41.558480     5.6418    14.2660  41.557476     5.5311   49.70836  -45.00075    240.239    34.3919 0.0000e+00
  750083425     38.000    14.2651  41.559682     5.6333    14.2636  41.559188     5.5375   49.70836  -45.00074    244.798    34.3955 0.0000e+00
  750083426     39.000    14.2462  41.563271     5.6257    14.2457  41.562730     5.5318   49.70836  -45.00076    245.682    34.4148 0.0000e+00
  750083427     40.000    14.2414  41.580563     5.6301    14.2393  41.579826     5.5319   49.70836  -45.00076    246.667    34.4353 0.0000e+00
  750083428     41.000    14.1898  41.539135     5.6612    14.1831  41.534021     5.5550   49.70836  -45.00076    248.077    34.4443 0.0000e+00
  750083431     42.000    14.1277  41.469444     5.6653    14.0982  41.447699     5.5569   49.70836  -45.00075    250.929    34.4410 0.0000e+00
  750083433     43.000    13.5601  40.878652     5.7418    13.5511  40.878974     5.6441   49.70836  -45.00074    253.269    34.4120 0.0000e+00
  750083437     44.000    13.3542  40.689330     5.7991    13.4905  40.808519     5.7368   49.70836  -45.00075    256.600    34.3972 0.0000e+00
  750083438     45.000    12.6303  39.976158     5.8096    12.6246  39.972861     5.7768   49.70836  -45.00076    258.179    34.4073 0.0000e+00
  750083439     46.000    12.2319  39.663748     5.7567    12.2259  39.669479     5.7179   49.70836  -45.00076    259.382    34.4863 0.0000e+00
  750083441     47.000    11.1212  38.712488     5.7054    11.0890  38.705087     5.6168   49.70836  -45.00076    260.923    34.6164 0.0000e+00
  750083442     48.000    10.1612  37.805869     5.6600    10.1486  37.800578     5.5099   49.70836  -45.00076    262.367    34.6133 0.0000e+00
  750083445     49.000     9.9356  37.613860     5.8237     9.9473  37.628138     5.6834   49.70836  -45.00075    265.039    34.6156 0.0000e+00
  750083450     50.000     9.4297  37.073432     5.9514     9.4119  37.062137     5.8140   49.70836  -45.00076    269.449    34.5482 0.0000e+00
  750083451     51.000     8.6443  36.271322     5.9778     8.6234  36.262779     5.8109   49.70836  -45.00076    269.946    34.4932 0.0000e+00
  750083452     52.000     7.9526  35.562578     6.0192     7.9469  35.563646     5.8451   49.70836  -45.00076    270.657    34.4271 0.0000e+00
  750083455     53.000     7.9991  35.613452     6.1595     8.1900  35.813890     6.0094   49.70836  -45.00076    274.336    34.4188 0.0000e+00
  750083458     54.000     7.5797  35.229456     6.1734     7.5735  35.223017     6.0530   49.70836  -45.00076    277.459    34.3890 0.0000e+00
  750083460     55.000     7.7033  35.382312     6.1235     7.7021  35.380031     6.0378   49.70835  -45.00076    279.073    34.4154 0.0000e+00
  750083462     56.000     7.7728  35.486998     6.0300     7.7693  35.481940     5.9715   49.70834  -45.00076    280.890    34.4473 0.0000e+00
  750083463     57.000     7.6975  35.447220     5.9581     7.6944  35.449867     5.8930   49.70834  -45.00076    282.721    34.4806 0.0000e+00
  750083466     58.000     7.5641  35.323910     5.9206     7.5748  35.331991     5.8384   49.70835  -45.00076    284.975    34.4675 0.0000e+00
  750083469     59.000     7.5733  35.360740     5.8700     7.5669  35.353588     5.7758   49.70836  -45.00076    288.437    34.4895 0.0000e+00
  750083471     60.000     7.6602  35.482113     5.8367     7.6634  35.488158     5.7439   49.70836  -45.00076    290.010    34.5332 0.0000e+00
  750083472     61.000     7.6715  35.498930     5.8241     7.6706  35.500308     5.7275   49.70835  -45.00076    291.175    34.5378 0.0000e+00
  750083473     62.000     7.6520  35.481404     5.8235     7.6509  35.483570     5.7227   49.70834  -45.00076    292.283    34.5383 0.0000e+00
  750083477     63.000     7.6305  35.460300     5.8723     7.6266  35.458760     5.7699   49.70835  -45.00076    296.296    34.5330 0.0000e+00
  750083480     64.000     7.4983  35.322491     5.9129     7.4881  35.316382     5.7799   49.70836  -45.00076    299.349    34.5178 0.0000e+00
  750083481     65.000     7.1627  34.978699     5.9660     7.1498  34.969905     5.8294   49.70835  -45.00076    300.306    34.4857 0.0000e+00
  750083481     66.000     6.7422  34.550831     6.0304     6.7310  34.543973     5.8964   49.70834  -45.00076    301.271    34.4472 0.0000e+00
  750083484     67.000     6.6233  34.442654     6.0814     6.6466  34.477631     5.9575   49.70834  -45.00076    303.655    34.4520 0.0000e+00
  750083488     68.000     6.4384  34.273916     6.1572     6.4236  34.264656     6.0361   49.70834  -45.00076    307.687    34.4375 0.0000e+00
  750083489     69.000     6.1376  33.983518     6.1936     6.1207  33.974856     6.0644   49.70834  -45.00076    308.985    34.4246 0.0000e+00
  750083492     70.000     5.9433  33.796524     6.2499     5.9113  33.780520     6.1038   49.70835  -45.00076    310.749    34.4172 0.0000e+00
  750083493     71.000     5.6978  33.552831     6.4544     5.6787  33.548570     6.2709   49.70836  -45.00076    312.693    34.3917 0.0000e+00
  750083496     72.000     5.6706  33.544679     6.8199     5.6500  33.535311     6.5983   49.70835  -45.00076    315.100    34.3988 0.0000e+00
  750083498     73.000     5.5885  33.493689     6.9701     5.5835  33.494906     6.7830   49.70834  -45.00076    317.473    34.4167 0.0000e+00
  750083500     74.000     5.5388  33.464484     6.9628     5.5341  33.464925     6.7997   49.70835  -45.00076    318.969    34.4307 0.0000e+00
  750083501     75.000     5.4881  33.426198     6.9678     5.4822  33.427057     6.8010   49.70836  -45.00076    320.320    34.4396 0.0000e+00
  750083504     76.000     5.4628  33.406893     6.9683     5.4431  33.396472     6.8076   49.70836  -45.00076    323.285    34.4410 0.0000e+00
  750083508     77.000     5.3608  33.322158     6.9169     5.3581  33.323647     6.7799   49.70836  -45.00076    327.243    34.4428 0.0000e+00
  750083508     78.000     5.3091  33.279673     6.9102     5.3017  33.277451     6.7702   49.70836  -45.00076    327.920    34.4483 0.0000e+00
  750083509     79.000     5.2342  33.220551     6.9093     5.2318  33.222548     6.7631   49.70836  -45.00076    328.676    34.4574 0.0000e+00
  750083511     80.000     5.2649  33.248555     6.8875     5.2552  33.244746     6.7447   49.70836  -45.00076    330.406    34.4560 0.0000e+00
  750083513     81.000     5.2460  33.248593     6.8157     5.2377  33.247899     6.6908   49.70836  -45.00076    333.228    34.4744 0.0000e+00
  750083515     82.000     5.2260  33.237368     6.7949     5.2168  33.234039     6.6672   49.70836  -45.00075    335.150    34.4794 0.0000e+00
  750083521     83.000     5.1868  33.207588     6.6780     5.1839  33.209189     6.5737   49.70836  -45.00076    339.715    34.4828 0.0000e+00
  750083522     84.000     5.0531  33.098576     6.5565     5.0441  33.094202     6.4982   49.70836  -45.00076    340.788    34.4996 0.0000e+00
  750083523     85.000     5.1872  33.271983     6.4581     5.1906  33.277863     6.4159   49.70836  -45.00076    341.786    34.5505 0.0000e+00
  750083524     86.000     5.2577  33.349482     6.3832     5.2549  33.350295     6.3310   49.70836  -45.00076    342.722    34.5667 0.0000e+00
  750083525     87.000     5.3236  33.419745     6.3515     5.3249  33.424275     6.2709   49.70836  -45.00076    343.803    34.5764 0.0000e+00
  750083529     88.000     5.3670  33.463372     6.1804     5.3761  33.475331     6.0721   49.70836  -45.00075    348.321    34.5810 0.0000e+00
  750083531     89.000     5.5093  33.619724     6.0175     5.5183  33.630577     5.9383   49.70836  -45.00076    350.699    34.6085 0.0000e+00
  750083532     90.000     5.6232  33.744043     5.9172     5.6303  33.751771     5.8430   49.70836  -45.00076    352.026    34.6287 0.0000e+00
  750083534     91.000     5.6527  33.777539     5.8457     5.6506  33.777830     5.7573   49.70836  -45.00076    353.635    34.6383 0.0000e+00
  750083536     92.000     5.6639  33.793481     5.7306     5.6979  33.831208     5.6454   49.70836  -45.00076    356.198    34.6509 0.0000e+00
  750083538     93.000     5.8046  33.950293     5.6685     5.8004  33.950277     5.5847   49.70836  -45.00074    357.889    34.6787 0.0000e+00
  750083540     94.000     5.7198  33.866700     5.6614     5.7115  33.864097     5.5661   49.70836  -45.00074    360.098    34.6760 0.0000e+00
  750083544     95.000     5.5743  33.723561     5.6966     5.5718  33.724001     5.5769   49.70836  -45.00075    362.938    34.6652 0.0000e+00
  750083544     96.000     5.4913  33.640273     5.7285     5.4862  33.638831     5.6043   49.70836  -45.00076    364.044    34.6579 0.0000e+00
  750083546     97.000     5.4348  33.587889     5.7448     5.4332  33.590001     5.6218   49.70836  -45.00075    365.329    34.6571 0.0000e+00
  750083549     98.000     5.4412  33.594045     5.7777     5.4207  33.578732     5.6541   49.70836  -45.00074    368.513    34.6551 0.0000e+00
  750083553     99.000     5.2637  33.416289     5.7805     5.2558  33.412834     5.6673   49.70836  -45.00076    372.557    34.6383 0.0000e+00
  750083554    100.000     5.2308  33.397142     5.7161     5.2398  33.409638     5.6340   49.70836  -45.00076    373.372    34.6499 0.0000e+00
  750083555    101.000     5.3996  33.586409     5.6733     5.4047  33.594554     5.5981   49.70836  -45.00076    374.090    34.6853 0.0000e+00
  750083555    102.000     5.5718  33.772079     5.6449     5.5711  33.774906     5.5715   49.70836  -45.00076    374.756    34.7132 0.0000e+00
  750083557    103.000     5.5507  33.750281     5.6261     5.5527  33.756581     5.5381   49.70836  -45.00076    376.277    34.7120 0.0000e+00
  750083563    104.000     5.5154  33.716404     5.5714     5.5072  33.708586     5.4865   49.70836  -45.00075    382.311    34.7056 0.0000e+00
  750083564    105.000     5.5195  33.727245     5.5336     5.5203  33.730601     5.4493   49.70836  -45.00076    383.567    34.7169 0.0000e+00
  750083565    106.000     5.5377  33.748985     5.4996     5.5371  33.751025     5.4122   49.70836  -45.00076    384.937    34.7222 0.0000e+00
  750083566    107.000     5.5396  33.753640     5.4792     5.5394  33.756187     5.3882   49.70836  -45.00076    386.146    34.7257 0.0000e+00
  750083567    108.000     5.5489  33.766839     5.4657     5.5476  33.768272     5.3727   49.70836  -45.00076    387.055    34.7304 0.0000e+00
  750083568    109.000     5.5462  33.771529     5.4615     5.5472  33.775325     5.3622   49.70836  -45.00076    387.946    34.7385 0.0000e+00
  750083570    110.000     5.5547  33.780561     5.4562     5.5587  33.791194     5.3428   49.70836  -45.00075    389.787    34.7444 0.0000e+00
  750083572    111.000     5.4963  33.731079     5.4523     5.4963  33.735171     5.3312   49.70836  -45.00075    392.144    34.7465 0.0000e+00
  750083575    112.000     5.4691  33.710477     5.4580     5.4688  33.712229     5.3453   49.70836  -45.00076    393.836    34.7487 0.0000e+00
  750083576    113.000     5.4749  33.718180     5.4966     5.4734  33.719390     5.4000   49.70836  -45.00076    394.933    34.7516 0.0000e+00
  750083577    114.000     5.4788  33.727298     5.4888     5.4812  33.731541     5.4045   49.70836  -45.00076    395.682    34.7573 0.0000e+00
  750083577    115.000     5.5909  33.849635     5.4570     5.5934  33.852816     5.3783   49.70836  -45.00076    396.320    34.7749 0.0000e+00
  750083578    116.000     5.6504  33.914334     5.4381     5.6503  33.916196     5.3442   49.70836  -45.00076    396.914    34.7855 0.0000e+00
  750083578    117.000     5.6585  33.923368     5.4979     5.6548  33.921429     5.3580   49.70836  -45.00076    397.506    34.7867 0.0000e+00
