seaocn-cb/data/MSM121_054_1db.cnv
* Sea-Bird SBE 9 Data File:
* FileName = C:\Data\MSM121\MSM121_054.hdr
* Software Version Seasave V 7.22
* Temperature SN = 4456
* Conductivity SN = 2646
* Number of Bytes Per Scan = 38
* Number of Voltage Words = 3
* Number of Scans Averaged by the Deck Unit = 1
* NMEA Latitude = 49 42.50 N
* NMEA Longitude = 045 00.04 W
* NMEA UTC (Time) = Oct 08 2023 12:26:20
* NMEA baud rate = 4800
** Ship: Maria S. Merian
** Cruise: MSM121
** Profile: 54
** Station: 54
** WaterDepth: 3550
# nquan = 13
# nvalues = 3593                        
# units = specified
# name 0 = timeQ: Time, NMEA [seconds]
# name 1 = prDM: Pressure, Digiquartz [db]
# name 2 = t090C: Temperature [ITS-90, deg C]
# name 3 = c0mS/cm: Conductivity [mS/cm]
# name 4 = sbeox0ML/L: Oxygen, SBE 43 [ml/l]
# name 5 = t190C: Temperature, 2 [ITS-90, deg C]
# name 6 = c1mS/cm: Conductivity, 2 [mS/cm]
# name 7 = sbeox1ML/L: Oxygen, SBE 43, 2 [ml/l]
# name 8 = latitude: Latitude [deg]
# name 9 = longitude: Longitude [deg]
# name 10 = timeS: Time, Elapsed [seconds]
# name 11 = sal11: Salinity, Practical, 2 [PSU]
# name 12 = flag: flag
# span 0 =  750083314,  750086995       
# span 1 =      7.000,   3599.000       
# span 2 =     1.9441,    14.2864       
# span 3 =  32.109489,  41.580563       
# span 4 =     4.3448,     6.9701       
# span 5 =     1.9433,    14.2855       
# span 6 =  32.108106,  41.579826       
# span 7 =     4.2256,     6.8076       
# span 8 =   49.70834,   49.71112       
# span 9 =  -45.00409,  -45.00073       
# span 10 =    134.461,   3815.453      
# span 11 =    33.9944,    34.9173      
# span 12 = 0.0000e+00, 0.0000e+00      
# interval = decibars: 1                
# start_time = Jan 01 2000 12:26:20 [NMEA time, first data scan]
# bad_flag = -9.990e-29
*END*
[from data line 3445]
  750086775   3452.000     2.1118  32.209499     6.2348     2.1111  32.208035     6.0724   49.71090  -45.00390   3595.134    34.8888 0.0000e+00
  750086777   3453.000     2.1124  32.210275     6.2342     2.1120  32.209117     6.0724   49.71092  -45.00390   3595.838    34.8887 0.0000e+00
  750086778   3454.000     2.1124  32.210688     6.2351     2.1119  32.209346     6.0722   49.71092  -45.00390   3596.522    34.8887 0.0000e+00
  750086778   3455.000     2.1085  32.207483     6.2362     2.1081  32.206363     6.0729   49.71092  -45.00390   3597.247    34.8887 0.0000e+00
  750086779   3456.000     2.1014  32.201389     6.2375     2.1021  32.201169     6.0741   49.71092  -45.00390   3598.192    34.8885 0.0000e+00
  750086781   3457.000     2.1017  32.202047     6.2404     2.1011  32.200545     6.0764   49.71092  -45.00390   3600.018    34.8883 0.0000e+00
  750086783   3458.000     2.1000  32.200797     6.2418     2.1022  32.201989     6.0793   49.71092  -45.00390   3601.771    34.8884 0.0000e+00
  750086784   3459.000     2.0993  32.200680     6.2424     2.0989  32.199508     6.0797   49.71092  -45.00391   3602.690    34.8884 0.0000e+00
  750086784   3460.000     2.1000  32.201732     6.2425     2.0994  32.200291     6.0795   49.71092  -45.00392   3603.479    34.8884 0.0000e+00
  750086785   3461.000     2.0983  32.200307     6.2429     2.0979  32.199197     6.0797   49.71092  -45.00392   3604.200    34.8882 0.0000e+00
  750086786   3462.000     2.0959  32.198828     6.2434     2.0959  32.197950     6.0799   49.71092  -45.00392   3604.881    34.8884 0.0000e+00
  750086786   3463.000     2.0973  32.200324     6.2435     2.0961  32.198458     6.0793   49.71092  -45.00392   3605.558    34.8883 0.0000e+00
  750086787   3464.000     2.0982  32.201493     6.2430     2.0980  32.200396     6.0800   49.71092  -45.00392   3606.246    34.8882 0.0000e+00
  750086788   3465.000     2.0994  32.203008     6.2426     2.0991  32.201738     6.0808   49.71092  -45.00392   3606.969    34.8882 0.0000e+00
  750086788   3466.000     2.1009  32.204692     6.2430     2.1003  32.203243     6.0806   49.71092  -45.00392   3607.758    34.8882 0.0000e+00
  750086789   3467.000     2.1016  32.205704     6.2440     2.1010  32.204129     6.0824   49.71092  -45.00392   3608.707    34.8882 0.0000e+00
  750086791   3468.000     2.1035  32.207632     6.2446     2.1018  32.205128     6.0841   49.71092  -45.00392   3610.772    34.8880 0.0000e+00
  750086793   3469.000     2.1050  32.209581     6.2438     2.1046  32.208259     6.0844   49.71092  -45.00392   3612.647    34.8883 0.0000e+00
  750086794   3470.000     2.1067  32.211382     6.2437     2.1064  32.210148     6.0847   49.71092  -45.00394   3613.365    34.8882 0.0000e+00
  750086795   3471.000     2.1050  32.210088     6.2443     2.1055  32.209922     6.0848   49.71093  -45.00394   3613.936    34.8884 0.0000e+00
  750086795   3472.000     2.1074  32.212650     6.2444     2.1075  32.211909     6.0846   49.71094  -45.00394   3614.488    34.8883 0.0000e+00
  750086796   3473.000     2.1084  32.213887     6.2441     2.1076  32.212383     6.0845   49.71094  -45.00394   3615.053    34.8883 0.0000e+00
  750086796   3474.000     2.1087  32.214673     6.2434     2.1082  32.213232     6.0845   49.71094  -45.00394   3615.689    34.8883 0.0000e+00
  750086797   3475.000     2.1074  32.213722     6.2430     2.1028  32.209093     6.0847   49.71094  -45.00394   3616.625    34.8887 0.0000e+00
  750086799   3476.000     2.0961  32.203274     6.2441     2.0946  32.201677     6.0850   49.71094  -45.00393   3618.391    34.8882 0.0000e+00
  750086800   3477.000     2.0946  32.202868     6.2446     2.0942  32.201690     6.0845   49.71094  -45.00394   3619.544    34.8882 0.0000e+00
  750086801   3478.000     2.0948  32.203448     6.2448     2.0944  32.202219     6.0848   49.71094  -45.00394   3620.297    34.8881 0.0000e+00
  750086801   3479.000     2.0949  32.203845     6.2451     2.0945  32.202657     6.0853   49.71094  -45.00394   3620.938    34.8881 0.0000e+00
  750086802   3480.000     2.0950  32.204378     6.2460     2.0944  32.203006     6.0843   49.71094  -45.00394   3621.587    34.8881 0.0000e+00
  750086803   3481.000     2.0942  32.203942     6.2464     2.0939  32.202824     6.0854   49.71094  -45.00394   3622.306    34.8880 0.0000e+00
  750086804   3482.000     2.0934  32.203594     6.2468     2.0930  32.202255     6.0847   49.71094  -45.00394   3623.244    34.8879 0.0000e+00
  750086805   3483.000     2.0937  32.204123     6.2479     2.0931  32.202687     6.0854   49.71094  -45.00394   3624.527    34.8878 0.0000e+00
  750086807   3484.000     2.0937  32.204625     6.2486     2.0933  32.203370     6.0853   49.71094  -45.00394   3625.671    34.8880 0.0000e+00
  750086808   3485.000     2.0934  32.204757     6.2491     2.0929  32.203318     6.0855   49.71094  -45.00394   3626.530    34.8879 0.0000e+00
  750086808   3486.000     2.0936  32.205214     6.2504     2.0931  32.203967     6.0863   49.71094  -45.00394   3627.330    34.8880 0.0000e+00
  750086809   3487.000     2.0936  32.205664     6.2517     2.0931  32.204285     6.0880   49.71094  -45.00394   3628.222    34.8879 0.0000e+00
  750086811   3488.000     2.0926  32.205020     6.2522     2.0919  32.203502     6.0900   49.71094  -45.00394   3629.625    34.8879 0.0000e+00
  750086813   3489.000     2.0910  32.203889     6.2534     2.0909  32.202873     6.0937   49.71094  -45.00395   3631.392    34.8877 0.0000e+00
  750086814   3490.000     2.0896  32.203090     6.2531     2.0887  32.201322     6.0945   49.71094  -45.00396   3632.392    34.8878 0.0000e+00
  750086814   3491.000     2.0853  32.199493     6.2530     2.0835  32.197057     6.0942   49.71094  -45.00396   3633.164    34.8878 0.0000e+00
  750086815   3492.000     2.0853  32.199943     6.2523     2.0865  32.200067     6.0933   49.71094  -45.00396   3633.799    34.8878 0.0000e+00
  750086815   3493.000     2.0842  32.199067     6.2517     2.0824  32.196653     6.0919   49.71094  -45.00396   3634.359    34.8877 0.0000e+00
  750086816   3494.000     2.0791  32.194863     6.2511     2.0782  32.193374     6.0905   49.71094  -45.00396   3634.908    34.8877 0.0000e+00
  750086816   3495.000     2.0718  32.188498     6.2514     2.0718  32.187931     6.0900   49.71095  -45.00396   3635.451    34.8877 0.0000e+00
  750086817   3496.000     2.0665  32.184371     6.2515     2.0664  32.183394     6.0895   49.71096  -45.00396   3636.008    34.8876 0.0000e+00
  750086818   3497.000     2.0598  32.178330     6.2523     2.0584  32.176452     6.0892   49.71096  -45.00395   3636.606    34.8875 0.0000e+00
  750086818   3498.000     2.0562  32.175772     6.2541     2.0557  32.174327     6.0897   49.71096  -45.00394   3637.287    34.8873 0.0000e+00
  750086821   3499.000     2.0586  32.178177     6.2592     2.0585  32.177261     6.0963   49.71096  -45.00395   3639.718    34.8871 0.0000e+00
  750086824   3500.000     2.0576  32.177616     6.2627     2.0568  32.176292     6.1037   49.71096  -45.00396   3643.184    34.8872 0.0000e+00
  750086825   3501.000     2.0564  32.176910     6.2631     2.0558  32.175702     6.1034   49.71096  -45.00396   3643.709    34.8872 0.0000e+00
  750086825   3502.000     2.0537  32.174709     6.2627     2.0527  32.173210     6.1037   49.71096  -45.00396   3644.214    34.8871 0.0000e+00
  750086826   3503.000     2.0528  32.174365     6.2626     2.0516  32.172641     6.1042   49.71096  -45.00396   3644.700    34.8870 0.0000e+00
  750086826   3504.000     2.0496  32.171651     6.2628     2.0486  32.170129     6.1039   49.71096  -45.00396   3645.191    34.8870 0.0000e+00
  750086827   3505.000     2.0470  32.169758     6.2631     2.0457  32.168007     6.1028   49.71096  -45.00396   3645.676    34.8870 0.0000e+00
  750086827   3506.000     2.0447  32.168071     6.2637     2.0437  32.166589     6.1025   49.71096  -45.00396   3646.212    34.8869 0.0000e+00
  750086828   3507.000     2.0435  32.167288     6.2644     2.0426  32.165789     6.1027   49.71096  -45.00396   3646.851    34.8867 0.0000e+00
  750086828   3508.000     2.0404  32.164997     6.2651     2.0400  32.163656     6.1027   49.71096  -45.00396   3647.473    34.8865 0.0000e+00
  750086829   3509.000     2.0399  32.164817     6.2667     2.0392  32.163384     6.1034   49.71096  -45.00394   3648.184    34.8864 0.0000e+00
  750086830   3510.000     2.0364  32.161827     6.2690     2.0347  32.159440     6.1060   49.71096  -45.00394   3649.115    34.8862 0.0000e+00
  750086832   3511.000     2.0362  32.161954     6.2735     2.0348  32.160007     6.1114   49.71096  -45.00394   3651.718    34.8860 0.0000e+00
  750086834   3512.000     2.0322  32.159010     6.2759     2.0310  32.156902     6.1128   49.71096  -45.00396   3653.738    34.8858 0.0000e+00
  750086835   3513.000     2.0339  32.161017     6.2768     2.0324  32.158657     6.1142   49.71096  -45.00396   3654.490    34.8859 0.0000e+00
  750086836   3514.000     2.0328  32.160298     6.2771     2.0322  32.158829     6.1132   49.71096  -45.00396   3655.116    34.8859 0.0000e+00
  750086836   3515.000     2.0330  32.160783     6.2773     2.0328  32.159651     6.1139   49.71096  -45.00396   3655.672    34.8858 0.0000e+00
  750086837   3516.000     2.0317  32.159985     6.2778     2.0307  32.158127     6.1137   49.71096  -45.00396   3656.239    34.8858 0.0000e+00
  750086837   3517.000     2.0285  32.157406     6.2781     2.0282  32.156266     6.1141   49.71096  -45.00396   3656.833    34.8858 0.0000e+00
  750086838   3518.000     2.0284  32.157777     6.2782     2.0279  32.156378     6.1134   49.71096  -45.00396   3657.458    34.8857 0.0000e+00
  750086839   3519.000     2.0287  32.158360     6.2784     2.0284  32.157236     6.1138   49.71096  -45.00396   3658.205    34.8858 0.0000e+00
  750086840   3520.000     2.0293  32.159190     6.2784     2.0291  32.158033     6.1141   49.71097  -45.00396   3659.167    34.8855 0.0000e+00
  750086841   3521.000     2.0299  32.160058     6.2795     2.0293  32.158432     6.1156   49.71098  -45.00396   3660.322    34.8853 0.0000e+00
  750086842   3522.000     2.0307  32.161161     6.2801     2.0303  32.159941     6.1148   49.71098  -45.00394   3661.414    34.8855 0.0000e+00
  750086843   3523.000     2.0296  32.160585     6.2807     2.0296  32.159636     6.1171   49.71098  -45.00394   3662.380    34.8855 0.0000e+00
  750086844   3524.000     2.0311  32.162254     6.2813     2.0308  32.161020     6.1173   49.71098  -45.00394   3663.405    34.8854 0.0000e+00
  750086847   3525.000     2.0292  32.160733     6.2817     2.0294  32.160109     6.1190   49.71098  -45.00394   3665.852    34.8854 0.0000e+00
  750086850   3526.000     2.0261  32.158367     6.2821     2.0254  32.156901     6.1204   49.71100  -45.00396   3669.023    34.8853 0.0000e+00
  750086852   3527.000     2.0263  32.158881     6.2820     2.0258  32.157499     6.1198   49.71100  -45.00396   3670.570    34.8851 0.0000e+00
  750086853   3528.000     2.0265  32.159491     6.2822     2.0261  32.158305     6.1205   49.71100  -45.00396   3671.557    34.8853 0.0000e+00
  750086854   3529.000     2.0267  32.160139     6.2821     2.0263  32.158646     6.1208   49.71100  -45.00396   3672.532    34.8852 0.0000e+00
  750086855   3530.000     2.0271  32.160711     6.2833     2.0266  32.159216     6.1212   49.71100  -45.00395   3673.733    34.8850 0.0000e+00
  750086856   3531.000     2.0271  32.161059     6.2839     2.0265  32.159669     6.1208   49.71100  -45.00394   3675.509    34.8852 0.0000e+00
  750086862   3532.000     2.0277  32.162043     6.2823     2.0272  32.160660     6.1209   49.71102  -45.00396   3681.031    34.8852 0.0000e+00
  750086862   3533.000     2.0278  32.162524     6.2820     2.0274  32.161271     6.1205   49.71102  -45.00396   3681.671    34.8852 0.0000e+00
  750086863   3534.000     2.0277  32.162719     6.2817     2.0274  32.161562     6.1205   49.71102  -45.00396   3682.397    34.8852 0.0000e+00
  750086864   3535.000     2.0278  32.163188     6.2818     2.0273  32.161863     6.1208   49.71102  -45.00396   3683.170    34.8852 0.0000e+00
  750086866   3536.000     2.0279  32.163619     6.2820     2.0274  32.162141     6.1211   49.71102  -45.00396   3685.595    34.8850 0.0000e+00
  750086869   3537.000     2.0281  32.164132     6.2821     2.0277  32.162791     6.1215   49.71102  -45.00396   3688.367    34.8851 0.0000e+00
  750086870   3538.000     2.0262  32.162662     6.2827     2.0257  32.161383     6.1231   49.71102  -45.00396   3689.468    34.8851 0.0000e+00
  750086873   3539.000     2.0210  32.158267     6.2820     2.0214  32.157771     6.1233   49.71102  -45.00396   3692.615    34.8850 0.0000e+00
  750086874   3540.000     2.0227  32.160286     6.2818     2.0224  32.158996     6.1230   49.71102  -45.00396   3694.065    34.8849 0.0000e+00
  750086875   3541.000     2.0235  32.161458     6.2823     2.0232  32.160179     6.1229   49.71103  -45.00396   3694.854    34.8850 0.0000e+00
  750086877   3542.000     2.0240  32.162218     6.2830     2.0235  32.160738     6.1232   49.71104  -45.00396   3696.130    34.8850 0.0000e+00
  750086882   3543.000     2.0240  32.162461     6.2860     2.0234  32.160953     6.1235   49.71104  -45.00396   3700.310    34.8848 0.0000e+00
  750086882   3544.000     2.0219  32.160814     6.2865     2.0224  32.160382     6.1221   49.71104  -45.00396   3701.150    34.8848 0.0000e+00
  750086883   3545.000     2.0197  32.159355     6.2867     2.0192  32.157909     6.1233   49.71104  -45.00396   3702.126    34.8848 0.0000e+00
  750086885   3546.000     2.0212  32.160941     6.2871     2.0206  32.159505     6.1243   49.71104  -45.00396   3703.986    34.8848 0.0000e+00
  750086888   3547.000     2.0215  32.161604     6.2872     2.0210  32.160223     6.1261   49.71104  -45.00396   3708.095    34.8847 0.0000e+00
  750086889   3548.000     2.0203  32.160825     6.2875     2.0198  32.159435     6.1269   49.71104  -45.00398   3709.195    34.8847 0.0000e+00
  750086890   3549.000     2.0143  32.155752     6.2868     2.0142  32.154752     6.1258   49.71104  -45.00398   3710.325    34.8846 0.0000e+00
  750086891   3550.000     2.0131  32.155055     6.2873     2.0125  32.153501     6.1243   49.71104  -45.00398   3711.413    34.8845 0.0000e+00
  750086892   3551.000     2.0123  32.154624     6.2884     2.0118  32.153072     6.1261   49.71104  -45.00397   3712.469    34.8843 0.0000e+00
  750086895   3552.000     2.0113  32.154036     6.2905     2.0114  32.153264     6.1290   49.71104  -45.00396   3715.180    34.8844 0.0000e+00
  750086898   3553.000     2.0097  32.152892     6.2917     2.0093  32.151632     6.1295   49.71104  -45.00397   3718.421    34.8843 0.0000e+00
  750086900   3554.000     2.0096  32.153194     6.2931     2.0089  32.151722     6.1317   49.71104  -45.00398   3720.117    34.8843 0.0000e+00
  750086901   3555.000     2.0094  32.153377     6.2933     2.0090  32.152072     6.1313   49.71106  -45.00398   3721.838    34.8841 0.0000e+00
  750086902   3556.000     2.0095  32.153887     6.2938     2.0091  32.152462     6.1305   49.71106  -45.00397   3723.047    34.8842 0.0000e+00
  750086904   3557.000     2.0085  32.153234     6.2959     2.0085  32.152394     6.1318   49.71106  -45.00396   3724.232    34.8842 0.0000e+00
  750086906   3558.000     2.0056  32.151027     6.2960     2.0059  32.150408     6.1323   49.71106  -45.00396   3725.959    34.8842 0.0000e+00
  750086908   3559.000     1.9978  32.144375     6.2983     1.9963  32.141848     6.1329   49.71106  -45.00396   3728.243    34.8838 0.0000e+00
  750086911   3560.000     1.9990  32.145599     6.2996     1.9988  32.144510     6.1345   49.71106  -45.00396   3730.603    34.8837 0.0000e+00
  750086913   3561.000     1.9980  32.145101     6.3008     1.9974  32.143629     6.1378   49.71106  -45.00398   3733.419    34.8837 0.0000e+00
