seaocn-cb/data/ctd_cnv/SBE19plus_01907321_2024_05_22_Cast17.cnv
* Sea-Bird SBE19plus  Data File:
* FileName = E:\Prandtl_Daten\2024\CTD\raw\SBE19plus_01907321_2024_05_22_Cast17.hex
* Software version 2.6.1.12
* Temperature SN = 7321
* Conductivity SN = 7321
* System UpLoad Time = May 22 2024 13:59:06
* <ApplicationData>
* <Seaterm232>
** 20240522
** Sea Practical 2024
** MCat 22.05 CTD_SP3
** NMEA Latitude = 54 06.98N
** NMEA Longitude = 008 30.58E
** waterdepth = 6.61m
** Arved
# nquan = 11
# nvalues = 167                         
# units = specified
# name 0 = timeJ: Julian Days
# name 1 = prdM: Pressure, Strain Gauge [db]
# name 2 = tv290C: Temperature [ITS-90, deg C]
# name 3 = c0mS/cm: Conductivity [mS/cm]
# name 4 = sal00: Salinity, Practical [PSU]
# name 5 = depSM: Depth [salt water, m], lat = 54.00
# name 6 = oxsatMm/Kg: Oxygen Saturation, Weiss [umol/kg]
# name 7 = oxsolMm/Kg: Oxygen Saturation, Garcia & Gordon [umol/kg]
# name 8 = turbWETntu0: Turbidity, WET Labs ECO [NTU]
# name 9 = flECO-AFL: Fluorescence, WET Labs ECO-AFL/FL [mg/m^3]
# name 10 = flag:  0.000e+00
# span 0 = 143.579786, 143.580266       
# span 1 =      0.703,      5.306       
# span 2 =    15.4673,    15.8820       
# span 3 =  35.863483,  36.141494       
# span 4 =    28.0203,    28.5529       
# span 5 =      0.697,      5.259       
# span 6 =  255.18287,  256.39400       
# span 7 =  255.48739,  256.67525       
# span 8 =    -1.7164,    40.1358       
# span 9 =     9.0971,    17.2248       
# span 10 = 0.0000e+00, 0.0000e+00      
# interval = seconds: 0.25
# start_time = May 22 2024 13:53:37 [Instrument's time stamp, header]
# bad_flag = -9.990e-29
*END*
 143.579786      0.703    15.8806  35.866083    28.0235      0.697  255.20414  255.50872    -1.4518     9.4165 -9.990e-29
 143.579789      0.710    15.8820  35.863483    28.0203      0.704  255.20259  255.50725    -1.3117     9.4367 -9.990e-29
 143.579792      0.731    15.8811  35.870861    28.0343      0.724  255.18287  255.48739    -1.6074     9.4408 -9.990e-29
 143.579795      0.771    15.8790  35.878966    28.0349      0.764  255.19233  255.49675    -1.6229     9.7138 0.0000e+00
 143.579797      0.835    15.8769  35.876971    28.0355      0.827  255.18287  255.48739    -1.6385     9.9867 0.0000e+00
 143.579800      0.911    15.8686  35.929850    28.0872      0.903  255.20178  255.50611    -1.7008    10.0069 0.0000e+00
 143.579803      0.992    15.8581  35.922893    28.0916      0.983  255.19951  255.50257    -1.7086    10.0110 0.0000e+00
 143.579806      1.046    15.8476  35.919386    28.0960      1.037  255.24516  255.54770    -1.7164    10.0069 -9.990e-29
 143.579809      1.052    15.8249  35.909463    28.1004      1.043  255.35297  255.65443    -1.4362     9.4529 -9.990e-29
 143.579812      1.024    15.8247  35.915211    28.1056      1.015  255.34516  255.64656    -1.4518     9.4529 -9.990e-29
 143.579815      0.983    15.8260  35.895124    28.0872      0.974  255.37040  255.67200    -1.4362     9.4489 -9.990e-29
 143.579818      0.943    15.8338  35.885263    28.0732      0.934  255.35546  255.65752    -1.4206     9.4125 -9.990e-29
 143.579821      0.922    15.8437  35.889193    28.0696      0.914  255.31140  255.61394    -0.9381     9.2790 -9.990e-29
 143.579823      0.940    15.8495  35.892701    28.0685      0.932  255.28354  255.58636    -0.8915     9.2952 -9.990e-29
 143.579826      0.982    15.8457  35.904499    28.0785      0.973  255.28531  255.58789    -0.8603     9.3316 -9.990e-29
 143.579829      1.053    15.8437  35.901232    28.0826      1.044  255.28864  255.59108    -0.8369     9.2973 0.0000e+00
 143.579832      1.148    15.8416  35.907344    28.0867      1.138  255.29196  255.59428    -0.8603     9.2629 0.0000e+00
 143.579835      1.254    15.8380  35.911701    28.0917      1.243  255.29912  255.60124    -1.1405     9.0971 0.0000e+00
 143.579838      1.349    15.8353  35.908011    28.0917      1.337  255.31543  255.61743    -1.1405     9.0971 0.0000e+00
 143.579841      1.427    15.8347  35.903836    28.0904      1.415  255.32106  255.62304    -1.1094     9.1072 0.0000e+00
 143.579844      1.475    15.8340  35.899722    28.0890      1.462  255.32668  255.62864    -1.0782     9.1294 -9.990e-29
 143.579847      1.493    15.8360  35.905833    28.0893      1.480  255.31607  255.61812    -0.8915     9.3357 -9.990e-29
 143.579850      1.475    15.8368  35.903413    28.0866      1.462  255.31668  255.61879    -0.9070     9.3801 -9.990e-29
 143.579852      1.439    15.8374  35.901477    28.0845      1.426  255.31716  255.61931    -0.8759     9.3882 -9.990e-29
 143.579855      1.391    15.8376  35.903231    28.0859      1.379  255.31356  255.61571    -0.8915     9.3559 -9.990e-29
 143.579858      1.337    15.8387  35.894216    28.0773      1.325  255.32322  255.62548    -1.1094     9.3033 -9.990e-29
 143.579861      1.302    15.8434  35.887501    28.0682      1.290  255.31509  255.61763    -1.2650     9.3073 -9.990e-29
 143.579864      1.296    15.8480  35.893368    28.0700      1.285  255.28852  255.59126    -1.1560     9.2993 -9.990e-29
 143.579867      1.335    15.8490  35.892703    28.0687      1.323  255.28589  255.58869    -1.1094     9.2952 -9.990e-29
 143.579870      1.397    15.8478  35.892703    28.0765      1.385  255.27846  255.58115    -0.9848    10.1201 -9.990e-29
 143.579873      1.492    15.8457  35.900689    28.0840      1.479  255.27589  255.57843    -0.9537    10.1242 0.0000e+00
 143.579876      1.598    15.8436  35.914787    28.0916      1.584  255.27846  255.58115    -0.9381    10.1282 0.0000e+00
 143.579878      1.689    15.8353  35.909767    28.0916      1.674  255.31266  255.61465    -0.9226    10.1363 0.0000e+00
 143.579881      1.755    15.8334  35.900147    28.0902      1.739  255.32728  255.62920    -0.9304    10.1444 0.0000e+00
 143.579884      1.786    15.8315  35.916302    28.0874      1.770  255.34190  255.64375    -0.9226    10.1525 -9.990e-29
 143.579887      1.782    15.8297  35.928345    28.1132      1.766  255.30619  255.60778    -0.9381    10.2010 -9.990e-29
 143.579890      1.757    15.8222  35.919813    28.1111      1.741  255.34804  255.64929    -0.9537    10.1969 -9.990e-29
 143.579893      1.716    15.8193  35.908014    28.1029      1.701  255.37687  255.67805    -0.7669    10.2374 -9.990e-29
 143.579896      1.685    15.8217  35.898817    28.0932      1.670  255.38166  255.68301    -0.8448     9.8451 -9.990e-29
 143.579899      1.669    15.8284  35.901902    28.0912      1.654  255.35138  255.65306    -0.8136     9.8411 -9.990e-29
 143.579902      1.678    15.8324  35.910614    28.0959      1.663  255.32264  255.62448    -0.9848     9.8290 -9.990e-29
 143.579905      1.723    15.8334  35.905290    28.0823      1.708  255.34121  255.64319    -1.4206     9.8735 -9.990e-29
 143.579907      1.794    15.8347  35.895791    28.0835      1.778  255.33240  255.63444    -1.3973     9.8816 0.0000e+00
 143.579910      1.887    15.8360  35.900813    28.0823      1.870  255.32627  255.62848    -1.4206     9.8775 0.0000e+00
 143.579913      1.984    15.8379  35.894461    28.0847      1.966  255.32360  255.62568    -1.4518     9.8896 0.0000e+00
 143.579916      2.070    15.8379  35.903838    28.0848      2.051  255.30540  255.60765    -1.4518     9.8937 0.0000e+00
 143.579919      2.135    15.8386  35.920720    28.0928      2.116  255.29674  255.59889     0.7973    10.5488 0.0000e+00
 143.579922      2.175    15.8375  35.931433    28.1009      2.156  255.28809  255.59013     3.0619    11.2038 -9.990e-29
 143.579925      2.184    15.8173  35.922659    28.1169      2.165  255.36284  255.66383     3.0463    11.1836 -9.990e-29
 143.579928      2.161    15.8146  35.927924    28.1234      2.141  255.36520  255.66601     3.1241    11.1512 -9.990e-29
 143.579931      2.128    15.8135  35.922659    28.1196      2.109  255.37743  255.67822     3.1708    11.1674 -9.990e-29
 143.579933      2.082    15.8123  35.915035    28.1138      2.064  255.39353  255.69431     2.6261    11.0825 -9.990e-29
 143.579936      2.047    15.8146  35.927440    28.1230      2.029  255.36587  255.66669     2.6572    11.1068 -9.990e-29
 143.579939      2.024    15.8123  35.938394    28.1342      2.006  255.35807  255.65870     2.5949    11.0946 -9.990e-29
 143.579942      2.040    15.8031  35.937548    28.1400      2.022  255.39498  255.69514     2.6261    11.0987 -9.990e-29
 143.579945      2.093    15.7887  35.947173    28.1680      2.074  255.41919  255.71848     0.0580    10.6175 -9.990e-29
 143.579948      2.175    15.7832  35.958131    28.1794      2.156  255.42710  255.72606     0.0502    10.6135 0.0000e+00
 143.579951      2.268    15.7778  35.975388    28.1908      2.248  255.43501  255.73363     0.0580    10.6094 0.0000e+00
 143.579954      2.357    15.7629  35.986108    28.2082      2.336  255.47592  255.77370     0.1513    10.6094 0.0000e+00
 143.579957      2.427    15.7561  35.972122    28.2094      2.405  255.51287  255.81034     0.7739    10.7591 0.0000e+00
 143.579959      2.474    15.7492  35.960982    28.2082      2.452  255.54981  255.84697     1.3965    10.9208 -9.990e-29
 143.579962      2.487    15.7515  35.960195    28.1962      2.465  255.55948  255.85683     1.1941    10.9491 -9.990e-29
 143.579965      2.478    15.7570  35.966006    28.1973      2.456  255.52935  255.82695     1.1475    10.9127 -9.990e-29
 143.579968      2.454    15.7575  35.962676    28.1941      2.433  255.53258  255.83022     3.4821    10.9733 -9.990e-29
 143.579971      2.429    15.7579  35.962676    28.1938      2.407  255.53074  255.82841     3.6222    10.9935 -9.990e-29
 143.579974      2.409    15.7589  35.966429    28.1964      2.387  255.52137  255.81907     3.6377    10.9531 -9.990e-29
 143.579977      2.409    15.7439  35.987441    28.2301      2.388  255.53880  255.83555     3.5910    10.9935 -9.990e-29
 143.579980      2.440    15.7381  35.992953    28.2353      2.418  255.55935  255.85579     3.6222    11.6385 0.0000e+00
 143.579983      2.491    15.7323  35.995317    28.2404      2.469  255.57989  255.87602     3.6533    12.2390 0.0000e+00
 143.579986      2.561    15.7241  36.004524    28.2543      2.538  255.59750  255.89314     3.7311    12.2673 0.0000e+00
 143.579988      2.641    15.7131  36.020457    28.2760      2.617  255.61548  255.91045     3.8089    12.2592 0.0000e+00
 143.579991      2.718    15.6972  36.044028    28.3079      2.694  255.64089  255.93489     3.8868    12.2592 0.0000e+00
 143.579994      2.785    15.6877  36.050878    28.3177      2.760  255.67224  255.96571     4.4393    11.6466 0.0000e+00
 143.579997      2.829    15.6782  36.049123    28.3274      2.804  255.70358  255.99654     5.0696    11.0340 -9.990e-29
 143.580000      2.851    15.6510  36.051488    28.3474      2.826  255.80759  256.09912     5.0852    11.0461 -9.990e-29
 143.580003      2.857    15.6454  36.052640    28.3524      2.831  255.82736  256.11858     5.0229    11.0380 -9.990e-29
 143.580006      2.840    15.6387  36.058519    28.3624      2.815  255.84412  256.13496     4.9296    11.8629 -9.990e-29
 143.580009      2.811    15.6333  36.052399    28.3609      2.786  255.87438  256.16496     4.8829    11.8670 -9.990e-29
 143.580012      2.783    15.6336  36.044763    28.3540      2.759  255.88482  256.17548     4.7739    11.8548 -9.990e-29
 143.580014      2.774    15.6367  36.056580    28.3621      2.750  255.85463  256.14537     4.7117    11.8589 -9.990e-29
 143.580017      2.778    15.6278  36.064035    28.3747      2.753  255.87844  256.16867     5.5210    11.2362 -9.990e-29
 143.580020      2.816    15.6243  36.063611    28.3768      2.791  255.89264  256.18268     5.4509    11.2564 0.0000e+00
 143.580023      2.875    15.6208  36.062703    28.3789      2.849  255.90683  256.19669     5.3809    11.2362 0.0000e+00
 143.580026      2.944    15.6157  36.070644    28.3894      2.918  255.91410  256.20365     5.3031    11.2321 0.0000e+00
 143.580029      3.013    15.6111  36.071312    28.3933      2.986  255.93099  256.22029     5.1941    11.2321 0.0000e+00
 143.580032      3.080    15.6067  36.070343    28.3956      3.053  255.94947  256.23855     5.0696    11.9842 0.0000e+00
 143.580035      3.135    15.6044  36.080285    28.4016      3.107  255.95065  256.23958     5.0229    12.0125 0.0000e+00
 143.580038      3.170    15.6021  36.075011    28.4075      3.141  255.95184  256.24061     5.0696    11.9842 -9.990e-29
 143.580041      3.186    15.5973  36.077012    28.4081      3.157  255.97566  256.26419     5.1630    11.9883 -9.990e-29
 143.580043      3.193    15.5960  36.077679    28.4096      3.165  255.97949  256.26795     6.7973    12.0530 -9.990e-29
 143.580046      3.188    15.5941  36.075254    28.4089      3.159  255.99077  256.27914     6.7194    12.0772 -9.990e-29
 143.580049      3.173    15.5930  36.078103    28.4121      3.145  255.99033  256.27863     6.6416    12.0692 -9.990e-29
 143.580052      3.162    15.5939  36.075921    28.4096      3.134  255.99034  256.27870     6.8440    12.0732 -9.990e-29
 143.580055      3.172    15.5952  36.073072    28.4077      3.143  255.98688  256.27532     6.7506    12.5018 -9.990e-29
 143.580058      3.201    15.5942  36.074830    28.4100      3.172  255.98785  256.27623     6.8206    12.5079 0.0000e+00
 143.580061      3.255    15.5933  36.078528    28.4123      3.226  255.98774  256.27592     6.8595    12.5140 0.0000e+00
 143.580064      3.319    15.5915  36.083803    28.4182      3.290  255.98882  256.27713     6.8906    12.5140 0.0000e+00
 143.580067      3.387    15.5874  36.087744    28.4246      3.357  255.99748  256.28542     8.0113    12.4978 0.0000e+00
 143.580069      3.447    15.5826  36.086653    28.4270      3.416  256.01765  256.30534     9.4432    11.7578 0.0000e+00
 143.580072      3.496    15.5800  36.097022    28.4334      3.465  256.01970  256.30723     9.4899    11.7456 0.0000e+00
 143.580075      3.524    15.5774  36.087746    28.4398      3.492  256.02175  256.30911     9.4432    11.7578 -9.990e-29
 143.580078      3.536    15.5689  36.088656    28.4386      3.505  256.06729  256.35424     9.4899    11.7537 -9.990e-29
 143.580081      3.529    15.5701  36.090656    28.4395      3.498  256.05968  256.34668    13.8945    12.0772 -9.990e-29
 143.580084      3.511    15.5694  36.091930    28.4411      3.479  256.06044  256.34740    13.8945    12.0772 -9.990e-29
 143.580087      3.483    15.5678  36.088656    28.4394      3.452  256.07149  256.35839    14.0191    12.0692 -9.990e-29
 143.580090      3.462    15.5666  36.094355    28.4453      3.431  256.06758  256.35438    13.9257    12.0894 -9.990e-29
 143.580093      3.454    15.5649  36.089080    28.4419      3.423  256.08202  256.36876    16.8206    14.3821 -9.990e-29
 143.580095      3.467    15.5607  36.097811    28.4557      3.436  256.07951  256.36595    16.7584    14.3336 -9.990e-29
 143.580098      3.513    15.5586  36.101389    28.4577      3.481  256.08715  256.37347    16.8362    14.3397 0.0000e+00
 143.580101      3.578    15.5564  36.102300    28.4596      3.546  256.09479  256.38099    16.9140    14.3336 0.0000e+00
 143.580104      3.659    15.5513  36.103392    28.4642      3.626  256.11218  256.39778    21.2253    13.1448 0.0000e+00
 143.580107      3.745    15.5467  36.115460    28.4780      3.711  256.11282  256.39874    21.2253    13.1448 0.0000e+00
 143.580110      3.816    15.5384  36.124740    28.4921      3.782  256.13002  256.41512    21.2408    13.1245 0.0000e+00
 143.580113      3.874    15.5318  36.120800    28.4950      3.840  256.15815  256.44291    21.2330    13.1386 0.0000e+00
 143.580116      3.911    15.5253  36.122378    28.4980      3.876  256.18628  256.47071    21.2408    13.1245 -9.990e-29
 143.580119      3.929    15.5112  36.117466    28.5054      3.894  256.24615  256.52984    29.0852    13.3469 -9.990e-29
 143.580122      3.931    15.5129  36.117466    28.5041      3.896  256.23950  256.52329    29.0229    13.3227 -9.990e-29
 143.580124      3.918    15.5146  36.115464    28.5011      3.883  256.23592  256.51981    29.0541    13.3065 -9.990e-29
 143.580127      3.902    15.5167  36.117223    28.5012      3.867  256.22535  256.50934    29.0229    13.3348 -9.990e-29
 143.580130      3.889    15.5178  36.119891    28.5027      3.854  256.21671  256.50074    26.6572    17.1924 -9.990e-29
 143.580133      3.900    15.5137  36.116617    28.5130      3.865  256.21988  256.50364    26.6261    17.1884 -9.990e-29
 143.580136      3.933    15.5107  36.128262    28.5172      3.898  256.22813  256.51171    26.6961    17.1945 0.0000e+00
 143.580139      3.993    15.5076  36.132872    28.5214      3.957  256.23639  256.51979    26.7661    17.1884 0.0000e+00
 143.580142      4.070    15.5001  36.135724    28.5293      4.033  256.26105  256.54403    30.5327    15.2515 0.0000e+00
 143.580145      4.141    15.4911  36.137970    28.5378      4.104  256.29237  256.57485    30.5482    15.2475 0.0000e+00
 143.580148      4.194    15.4869  36.139488    28.5415      4.157  256.30753  256.58978    30.5482    15.2333 0.0000e+00
 143.580150      4.232    15.4826  36.132634    28.5452      4.195  256.32268  256.60470    30.5638    15.2191 -9.990e-29
 143.580153      4.249    15.4771  36.129359    28.5403      4.211  256.35945  256.64125    25.0229    14.7339 -9.990e-29
 143.580156      4.243    15.4799  36.133119    28.5416      4.205  256.34309  256.62500    25.1630    14.7380 -9.990e-29
 143.580159      4.221    15.4829  36.132451    28.5388      4.184  256.33232  256.61441    25.2875    14.7299 -9.990e-29
 143.580162      4.189    15.4842  36.128690    28.5346      4.151  256.33326  256.61544    25.2097    14.7380 -9.990e-29
