seaocn-cb/data/ctd_cnv/SBE19plus_01907321_2024_05_27_Cast81.cnv
* Sea-Bird SBE19plus  Data File:
* FileName = E:\Prandtl_Daten\2024\27052024\raw\SBE19plus_01907321_2024_05_27_Cast81.hex
* Software version 2.6.1.12
* Temperature SN = 7321
* Conductivity SN = 7321
* System UpLoad Time = May 27 2024 11:23:44
* <ApplicationData>
* <Seaterm232>
** 20240527
** Sea Practical 2024
** MCat 27.05 CTD_SP5
** NMEA Latitude = 54 7.781N
** NMEA Longitude = 008 25.579E
** waterdepth = 10.4m
** Merle
# nquan = 11
# nvalues = 344                         
# units = specified
# name 0 = timeJ: Julian Days
# name 1 = prdM: Pressure, Strain Gauge [db]
# name 2 = tv290C: Temperature [ITS-90, deg C]
# name 3 = c0mS/cm: Conductivity [mS/cm]
# name 4 = sal00: Salinity, Practical [PSU]
# name 5 = depSM: Depth [salt water, m], lat = 54.00
# name 6 = oxsatMm/Kg: Oxygen Saturation, Weiss [umol/kg]
# name 7 = oxsolMm/Kg: Oxygen Saturation, Garcia & Gordon [umol/kg]
# name 8 = turbWETntu0: Turbidity, WET Labs ECO [NTU]
# name 9 = flECO-AFL: Fluorescence, WET Labs ECO-AFL/FL [mg/m^3]
# name 10 = flag:  0.000e+00
# span 0 = 148.470223, 148.471215       
# span 1 =      0.432,      9.413       
# span 2 =    15.9792,    16.0563       
# span 3 =  37.060450,  37.141218       
# span 4 =    28.9864,    29.0167       
# span 5 =      0.428,      9.328       
# span 6 =  252.62472,  253.03349       
# span 7 =  252.93052,  253.33589       
# span 8 =    -1.4518,    60.7895       
# span 9 =     2.1824,     5.5872       
# span 10 = 0.0000e+00, 0.0000e+00      
# interval = seconds: 0.25
# start_time = May 27 2024 11:15:42 [Instrument's time stamp, header]
# bad_flag = -9.990e-29
*END*
[from data line 263]
 148.470984      7.717    15.9824  37.073435    28.9957      7.648  253.00197  253.30445    14.4548     4.5358 -9.990e-29
 148.470987      7.712    15.9819  37.075335    28.9977      7.643  253.00091  253.30335    14.5327     4.5358 -9.990e-29
 148.470990      7.715    15.9817  37.073681    28.9964      7.646  253.00429  253.30673    14.7506     4.4873 -9.990e-29
 148.470992      7.728    15.9814  37.075090    28.9979      7.659  253.00338  253.30579    14.4548     3.9859 -9.990e-29
 148.470995      7.750    15.9811  37.072823    28.9979      7.681  253.00449  253.30690    14.5638     3.9778 -9.990e-29
 148.470998      7.792    15.9812  37.074968    28.9979      7.723  253.00396  253.30638    14.5171     3.9778 0.0000e+00
 148.471001      7.847    15.9813  37.075091    28.9979      7.777  253.00360  253.30600    14.4704     3.9778 0.0000e+00
 148.471004      7.911    15.9813  37.075214    28.9978      7.840  253.00360  253.30600    14.4704     3.9778 0.0000e+00
 148.471007      7.974    15.9811  37.073253    28.9968      7.903  253.00677  253.30918    16.1980     3.9819 0.0000e+00
 148.471010      8.035    15.9811  37.073743    28.9968      7.963  253.00677  253.30918    16.1980     4.0102 0.0000e+00
 148.471013      8.088    15.9811  37.074540    28.9972      8.015  253.00633  253.30874    16.1358     4.0102 0.0000e+00
 148.471016      8.121    15.9810  37.077605    28.9976      8.048  253.00590  253.30830    16.0735     4.0102 -9.990e-29
 148.471019      8.139    15.9813  37.074663    28.9974      8.066  253.00455  253.30697    16.8206     3.8484 -9.990e-29
 148.471021      8.155    15.9812  37.077789    29.0002      8.082  253.00017  253.30256    16.8517     3.8161 -9.990e-29
 148.471024      8.163    15.9812  37.073253    28.9962      8.090  253.00698  253.30940    16.7272     3.8444 -9.990e-29
 148.471027      8.165    15.9812  37.073437    28.9964      8.091  253.00671  253.30912    16.6650     3.8444 -9.990e-29
 148.471030      8.165    15.9812  37.074663    28.9975      8.091  253.00487  253.30728    21.3809     3.9050 -9.990e-29
 148.471033      8.170    15.9811  37.075092    28.9980      8.097  253.00482  253.30722    21.4276     3.9050 -9.990e-29
 148.471036      8.187    15.9809  37.074540    28.9976      8.113  253.00626  253.30865    21.7078     3.8727 -9.990e-29
 148.471039      8.210    15.9809  37.072395    28.9976      8.137  253.00629  253.30869    21.1941     4.2285 -9.990e-29
 148.471042      8.249    15.9809  37.074541    28.9973      8.175  253.00671  253.30912    21.2019     4.2427 0.0000e+00
 148.471045      8.291    15.9809  37.073989    28.9971      8.216  253.00714  253.30954    21.2097     4.2285 0.0000e+00
 148.471047      8.334    15.9809  37.073989    28.9971      8.260  253.00747  253.30986    21.2253     4.2285 0.0000e+00
 148.471050      8.371    15.9808  37.071538    28.9957      8.296  253.01087  253.31328    21.2253     4.2285 0.0000e+00
 148.471053      8.407    15.9807  37.072151    28.9952      8.332  253.01117  253.31356    21.3031     4.2285 0.0000e+00
 148.471056      8.436    15.9807  37.071722    28.9954      8.361  253.01120  253.31359    21.2175     4.2488 0.0000e+00
 148.471059      8.464    15.9807  37.071048    28.9952      8.388  253.01123  253.31363    21.3031     4.2164 -9.990e-29
 148.471062      8.486    15.9807  37.073255    28.9965      8.410  253.00926  253.31165    21.2564     4.1517 -9.990e-29
 148.471065      8.511    15.9804  37.072580    28.9952      8.435  253.01285  253.31524    20.9762     4.3418 -9.990e-29
 148.471068      8.546    15.9804  37.071477    28.9952      8.469  253.01253  253.31492    20.9840     4.3256 0.0000e+00
 148.471071      8.582    15.9805  37.071723    28.9953      8.506  253.01221  253.31460    20.9918     4.3094 0.0000e+00
 148.471073      8.613    15.9805  37.071968    28.9954      8.536  253.01156  253.31395    20.9918     4.3013 0.0000e+00
 148.471076      8.650    15.9805  37.072397    28.9956      8.572  253.01155  253.31394    21.0151     4.2872 0.0000e+00
 148.471079      8.684    15.9804  37.070620    28.9959      8.607  253.01153  253.31392    20.8673     4.2730 -9.990e-29
 148.471082      8.704    15.9803  37.067862    28.9921      8.627  253.01897  253.32137    22.9685     4.4024 -9.990e-29
 148.471085      8.721    15.9803  37.071907    28.9955      8.643  253.01261  253.31499    22.8284     4.4105 -9.990e-29
 148.471088      8.734    15.9801  37.069578    28.9937      8.656  253.01701  253.31939    23.1397     4.3337 -9.990e-29
 148.471091      8.748    15.9803  37.066024    28.9905      8.670  253.02176  253.32417    25.6144     4.2407 -9.990e-29
 148.471094      8.758    15.9800  37.070559    28.9946      8.679  253.01585  253.31822    25.6922     4.2285 -9.990e-29
 148.471097      8.778    15.9800  37.071540    28.9908      8.699  253.02232  253.32472    25.7545     4.2043 -9.990e-29
 148.471100      8.809    15.9802  37.066269    28.9926      8.730  253.01862  253.32101    25.6767     4.2265 0.0000e+00
 148.471102      8.843    15.9801  37.070621    28.9943      8.764  253.01599  253.31837    25.7545     4.2488 0.0000e+00
 148.471105      8.878    15.9801  37.070314    28.9943      8.798  253.01599  253.31837    30.7350     4.6976 0.0000e+00
 148.471108      8.914    15.9800  37.069640    28.9937      8.835  253.01732  253.31970    30.7350     4.6976 0.0000e+00
 148.471111      8.951    15.9799  37.069150    28.9937      8.871  253.01732  253.31970    30.6572     4.6895 0.0000e+00
 148.471114      8.980    15.9798  37.071234    28.9934      8.900  253.01867  253.32105    30.6416     4.6450 0.0000e+00
 148.471117      9.013    15.9795  37.065657    28.9931      8.932  253.02114  253.32350    27.0930     4.0587 0.0000e+00
 148.471120      9.051    15.9795  37.068538    28.9914      8.970  253.02489  253.32725    26.8595     4.0587 0.0000e+00
 148.471123      9.090    15.9793  37.066454    28.9931      9.008  253.02114  253.32350    27.0307     4.0708 0.0000e+00
 148.471126      9.128    15.9793  37.069580    28.9941      9.046  253.02022  253.32256    26.8284     4.0991 0.0000e+00
 148.471128      9.170    15.9793  37.070561    28.9941      9.088  253.02022  253.32256    24.9607     4.3701 0.0000e+00
 148.471131      9.208    15.9794  37.068293    28.9939      9.126  253.02033  253.32268    24.9295     4.3762 0.0000e+00
 148.471134      9.237    15.9794  37.069580    28.9929      9.155  253.02190  253.32425    24.9607     4.3701 -9.990e-29
 148.471137      9.261    15.9795  37.068722    28.9932      9.178  253.02099  253.32334    24.8984     4.3337 -9.990e-29
 148.471140      9.276    15.9795  37.070438    28.9946      9.193  253.01812  253.32047    44.2136     4.3458 -9.990e-29
 148.471143      9.287    15.9796  37.069887    28.9941      9.203  253.01865  253.32101    44.2292     4.2488 -9.990e-29
 148.471146      9.287    15.9797  37.071725    28.9956      9.203  253.01559  253.31795    44.3381     4.3337 -9.990e-29
 148.471149      9.294    15.9796  37.068722    28.9931      9.211  253.02041  253.32277    44.3381     4.3094 -9.990e-29
 148.471152      9.288    15.9797  37.068722    28.9930      9.205  253.02010  253.32248    44.4626     4.2771 -9.990e-29
 148.471155      9.285    15.9798  37.068293    28.9926      9.202  253.02045  253.32283    56.6183     4.7542 -9.990e-29
 148.471157      9.287    15.9797  37.066700    28.9913      9.203  253.02314  253.32552    56.6650     4.7704 -9.990e-29
 148.471160      9.301    15.9796  37.061246    28.9866      9.218  253.03164  253.33405    56.5249     4.7259 -9.990e-29
 148.471163      9.316    15.9796  37.065658    28.9904      9.232  253.02502  253.32741    56.5716     4.7502 -9.990e-29
 148.471166      9.338    15.9796  37.066700    28.9913      9.254  253.02347  253.32585    60.5405     5.1707 -9.990e-29
 148.471169      9.354    15.9796  37.064188    28.9891      9.270  253.02725  253.32964    60.7895     5.1667 -9.990e-29
 148.471172      9.369    15.9794  37.065475    28.9904      9.285  253.02622  253.32860    60.4782     5.1707 -9.990e-29
 148.471175      9.371    15.9795  37.061920    28.9872      9.287  253.03096  253.33337    60.7584     5.2030 -9.990e-29
 148.471178      9.374    15.9796  37.062411    28.9876      9.290  253.02993  253.33234    54.6727     5.0696 -9.990e-29
 148.471181      9.360    15.9795  37.063514    28.9886      9.276  253.02856  253.33096    54.4704     5.0777 -9.990e-29
 148.471183      9.336    15.9795  37.063759    28.9888      9.252  253.02818  253.33058    54.4860     5.0696 -9.990e-29
 148.471186      9.316    15.9796  37.064126    28.9891      9.232  253.02732  253.32971    54.4548     5.1303 -9.990e-29
 148.471189      9.290    15.9795  37.064004    28.9891      9.207  253.02779  253.33018    57.8167     4.9968 -9.990e-29
 148.471192      9.276    15.9797  37.064371    28.9893      9.193  253.02663  253.32903    57.7856     4.8351 -9.990e-29
 148.471195      9.265    15.9796  37.062165    28.9874      9.182  253.03024  253.33264    57.5988     4.8755 -9.990e-29
 148.471198      9.270    15.9795  37.061736    28.9871      9.187  253.03118  253.33359    57.5988     4.8917 -9.990e-29
 148.471201      9.283    15.9792  37.063268    28.9881      9.200  253.03111  253.33349    27.2642     4.0385 -9.990e-29
 148.471204      9.308    15.9793  37.062594    28.9873      9.225  253.03230  253.33469    27.2097     4.0244 0.0000e+00
 148.471207      9.334    15.9793  37.060817    28.9873      9.250  253.03230  253.33469    27.2097     4.0244 0.0000e+00
 148.471209      9.367    15.9793  37.060450    28.9864      9.283  253.03349  253.33589    27.1552     4.0102 -9.990e-29
 148.471212      9.392    15.9792  37.061063    28.9867      9.308  253.03346  253.33585    27.1241     3.9778 -9.990e-29
 148.471215      9.413    15.9792  37.065475    28.9905      9.328  253.02684  253.32921    45.2408     4.5722 -9.990e-29
