seaocn-cb/data/ctd_cnv/SBE19plus_01907321_2024_05_27_Cast74.cnv
* Sea-Bird SBE19plus  Data File:
* FileName = E:\Prandtl_Daten\2024\27052024\raw\SBE19plus_01907321_2024_05_27_Cast74.hex
* Software version 2.6.1.12
* Temperature SN = 7321
* Conductivity SN = 7321
* System UpLoad Time = May 27 2024 09:38:42
* <ApplicationData>
* <Seaterm232>
** 20240527
** Sea Practical 2024
** MCat 27.05 CTD_SP5
** NMEA Latitude = 54 7.781N
** NMEA Longitude = 008 25.579E
** waterdepth = 8.7m
** Merle
# nquan = 11
# nvalues = 348                         
# units = specified
# name 0 = timeJ: Julian Days
# name 1 = prdM: Pressure, Strain Gauge [db]
# name 2 = tv290C: Temperature [ITS-90, deg C]
# name 3 = c0mS/cm: Conductivity [mS/cm]
# name 4 = sal00: Salinity, Practical [PSU]
# name 5 = depSM: Depth [salt water, m], lat = 54.00
# name 6 = oxsatMm/Kg: Oxygen Saturation, Weiss [umol/kg]
# name 7 = oxsolMm/Kg: Oxygen Saturation, Garcia & Gordon [umol/kg]
# name 8 = turbWETntu0: Turbidity, WET Labs ECO [NTU]
# name 9 = flECO-AFL: Fluorescence, WET Labs ECO-AFL/FL [mg/m^3]
# name 10 = flag:  0.000e+00
# span 0 = 148.396878, 148.397882       
# span 1 =      0.687,      7.894       
# span 2 =    16.3486,    16.4840       
# span 3 =  36.848684,  36.989554       
# span 4 =    28.5487,    28.5831       
# span 5 =      0.681,      7.824       
# span 6 =  251.25054,  251.91683       
# span 7 =  251.57876,  252.23909       
# span 8 =    -2.0822,    95.2331       
# span 9 =     3.1691,     7.8355       
# span 10 = 0.0000e+00, 0.0000e+00      
# interval = seconds: 0.25
# start_time = May 27 2024 09:30:05 [Instrument's time stamp, header]
# bad_flag = -9.990e-29
*END*
 148.396878      0.687    16.4762  36.965672    28.5487      0.681  251.31164  251.63960    -1.0471     3.6139 0.0000e+00
 148.396881      0.718    16.4753  36.969835    28.5530      0.712  251.30916  251.63706    -1.0471     3.6139 0.0000e+00
 148.396884      0.793    16.4744  36.972590    28.5544      0.786  251.30916  251.63706    -1.0782     3.5613 0.0000e+00
 148.396887      0.868    16.4741  36.970632    28.5551      0.860  251.31146  251.63928    -1.5452     3.2459 0.0000e+00
 148.396889      0.928    16.4740  36.971428    28.5547      0.920  251.31187  251.63970    -1.5608     3.2358 0.0000e+00
 148.396892      0.957    16.4740  36.970326    28.5551      0.949  251.31146  251.63928    -1.5452     3.2257 -9.990e-29
 148.396895      0.975    16.4743  36.969347    28.5532      0.967  251.31364  251.64149    -1.7786     3.1691 -9.990e-29
 148.396898      0.984    16.4743  36.973509    28.5567      0.976  251.30753  251.63536    -1.3895     3.3551 -9.990e-29
 148.396901      0.983    16.4744  36.971734    28.5551      0.974  251.30954  251.63738    -1.4829     3.3470 -9.990e-29
 148.396904      0.988    16.4747  36.973020    28.5560      0.979  251.30675  251.63459    -1.4829     3.3713 -9.990e-29
 148.396907      1.012    16.4757  36.975775    28.5544      1.003  251.30479  251.63269    -2.0588     3.2459 -9.990e-29
 148.396910      1.067    16.4760  36.971918    28.5564      1.057  251.29979  251.62769    -2.0822     3.2257 0.0000e+00
 148.396913      1.140    16.4763  36.977122    28.5573      1.129  251.29479  251.62269    -2.0588     3.2459 0.0000e+00
 148.396916      1.214    16.4766  36.976449    28.5578      1.203  251.29410  251.62202    -2.0121     3.2277 0.0000e+00
 148.396918      1.255    16.4769  36.973204    28.5573      1.243  251.29341  251.62135    -1.9187     3.2500 -9.990e-29
 148.396921      1.267    16.4780  36.974857    28.5552      1.256  251.29186  251.61986    -1.9031     3.2742 -9.990e-29
 148.396924      1.260    16.4784  36.977551    28.5572      1.249  251.28639  251.61440    -1.5607     3.3834 -9.990e-29
 148.396927      1.244    16.4782  36.974734    28.5549      1.233  251.29112  251.61913    -1.4829     3.3996 -9.990e-29
 148.396930      1.227    16.4782  36.977122    28.5569      1.216  251.28761  251.61561    -1.3117     3.4158 -9.990e-29
 148.396933      1.224    16.4780  36.971734    28.5546      1.213  251.29284  251.62084    -1.6852     3.6584 -9.990e-29
 148.396936      1.253    16.4777  36.974183    28.5549      1.242  251.29377  251.62176    -1.7631     3.6705 0.0000e+00
 148.396939      1.304    16.4774  36.974367    28.5550      1.292  251.29470  251.62268    -1.6852     3.6624 0.0000e+00
 148.396942      1.375    16.4773  36.974061    28.5550      1.363  251.29579  251.62376    -1.7786     3.6624 0.0000e+00
 148.396944      1.435    16.4773  36.973021    28.5550      1.423  251.29579  251.62376    -1.4985     3.6624 0.0000e+00
 148.396947      1.479    16.4772  36.975960    28.5553      1.466  251.29536  251.62332    -1.5607     3.6098 0.0000e+00
 148.396950      1.510    16.4772  36.976021    28.5566      1.497  251.29337  251.62132    -1.3428     3.5573 -9.990e-29
 148.396953      1.527    16.4765  36.977123    28.5580      1.513  251.29410  251.62201    -1.5296     3.5815 -9.990e-29
 148.396956      1.532    16.4766  36.973511    28.5549      1.518  251.29910  251.62704    -1.5452     3.5169 -9.990e-29
 148.396959      1.543    16.4769  36.975838    28.5567      1.529  251.29479  251.62273    -1.1872     3.9212 -9.990e-29
 148.396962      1.561    16.4769  36.979388    28.5597      1.547  251.28929  251.61721    -1.1560     3.9212 -9.990e-29
 148.396965      1.572    16.4774  36.976205    28.5567      1.558  251.29246  251.62042    -1.0160     3.9576 -9.990e-29
 148.396968      1.590    16.4776  36.975164    28.5556      1.576  251.29309  251.62107    -1.0938     3.9091 -9.990e-29
 148.396970      1.608    16.4778  36.977307    28.5592      1.594  251.28614  251.61410    -1.7008     4.0061 -9.990e-29
 148.396973      1.639    16.4778  36.979511    28.5587      1.625  251.28709  251.61506    -1.6774     3.9960 0.0000e+00
 148.396976      1.681    16.4778  36.978226    28.5581      1.666  251.28805  251.61602    -1.7008     3.9980 0.0000e+00
 148.396979      1.736    16.4774  36.977307    28.5581      1.720  251.29093  251.61888    -1.6541     3.9980 0.0000e+00
 148.396982      1.787    16.4770  36.977981    28.5576      1.771  251.29117  251.61911    -1.7631     3.9980 0.0000e+00
 148.396985      1.840    16.4770  36.976206    28.5584      1.823  251.29117  251.61911    -1.5918     3.5815 0.0000e+00
 148.396988      1.878    16.4772  36.983247    28.5596      1.861  251.28775  251.61568    -1.6463     3.5775 0.0000e+00
 148.396991      1.906    16.4776  36.980981    28.5624      1.889  251.28139  251.60932    -1.5140     3.5735 -9.990e-29
 148.396994      1.924    16.4792  36.980492    28.5589      1.907  251.27943  251.60746    -1.6230     3.6018 -9.990e-29
 148.396997      1.935    16.4799  36.981410    28.5592      1.918  251.27568  251.60374    -1.6385     3.6341 -9.990e-29
 148.396999      1.940    16.4801  36.984043    28.5613      1.923  251.27092  251.59897    -1.6074     3.6584 -9.990e-29
 148.397002      1.942    16.4806  36.982083    28.5593      1.925  251.27199  251.60007    -1.7475     3.6948 -9.990e-29
 148.397005      1.940    16.4810  36.981655    28.5586      1.923  251.27111  251.59922    -1.7164     3.6746 -9.990e-29
 148.397008      1.950    16.4815  36.985267    28.5614      1.932  251.26401  251.59212    -1.7164     3.7514 -9.990e-29
 148.397011      1.968    16.4823  36.981410    28.5625      1.950  251.25806  251.58620    -1.9343     3.7109 -9.990e-29
 148.397014      1.999    16.4824  36.987288    28.5611      1.981  251.25977  251.58793    -1.9343     3.6826 0.0000e+00
 148.397017      2.048    16.4825  36.984349    28.5598      2.030  251.26149  251.58966    -1.9343     3.7109 0.0000e+00
 148.397020      2.105    16.4830  36.982757    28.5598      2.086  251.26149  251.58966    -1.7942     3.7554 0.0000e+00
 148.397023      2.160    16.4832  36.985329    28.5591      2.141  251.25973  251.58794    -1.7397     3.7595 0.0000e+00
 148.397025      2.202    16.4833  36.988452    28.5601      2.182  251.25741  251.58561    -1.6852     3.7635 -9.990e-29
 148.397028      2.226    16.4836  36.987288    28.5615      2.206  251.25337  251.58157    -1.5763     3.7797 -9.990e-29
 148.397031      2.238    16.4836  36.986370    28.5607      2.218  251.25472  251.58293    -1.7164     3.8646 -9.990e-29
 148.397034      2.249    16.4838  36.987533    28.5615      2.229  251.25212  251.58033    -1.0782     3.6139 -9.990e-29
 148.397037      2.258    16.4839  36.986860    28.5609      2.238  251.25281  251.58103    -0.7825     3.5977 -9.990e-29
 148.397040      2.273    16.4840  36.988207    28.5620      2.252  251.25054  251.57876    -1.0004     3.6543 -9.990e-29
 148.397043      2.293    16.4839  36.985268    28.5610      2.272  251.25258  251.58080    -1.6074     3.8161 -9.990e-29
 148.397046      2.329    16.4838  36.987044    28.5607      2.309  251.25367  251.58189    -1.6386     3.8343 0.0000e+00
 148.397049      2.366    16.4837  36.986187    28.5610      2.345  251.25258  251.58080    -1.6697     3.8525 0.0000e+00
 148.397052      2.413    16.4835  36.989554    28.5615      2.392  251.25476  251.58297    -1.6697     3.8606 0.0000e+00
 148.397054      2.455    16.4834  36.987044    28.5625      2.433  251.25291  251.58109    -1.6852     3.8767 0.0000e+00
 148.397057      2.490    16.4832  36.986616    28.5615      2.467  251.25536  251.58354    -1.6074     3.8929 -9.990e-29
 148.397060      2.508    16.4820  36.983248    28.5591      2.486  251.26517  251.59332    -2.0276     4.1153 -9.990e-29
 148.397063      2.519    16.4816  36.984657    28.5605      2.496  251.26462  251.59274    -1.9809     4.0749 -9.990e-29
 148.397066      2.526    16.4812  36.982759    28.5592      2.504  251.26891  251.59703    -1.9965     4.0951 -9.990e-29
 148.397069      2.544    16.4808  36.981840    28.5587      2.522  251.27177  251.59987    -1.8876     4.1194 -9.990e-29
 148.397072      2.566    16.4795  36.979575    28.5608      2.543  251.27456  251.60258    -1.3428     3.7676 -9.990e-29
 148.397075      2.597    16.4793  36.983249    28.5599      2.574  251.27727  251.60529    -1.3428     3.7756 0.0000e+00
 148.397078      2.636    16.4791  36.980800    28.5590      2.612  251.27998  251.60800    -1.3428     3.7837 0.0000e+00
 148.397080      2.668    16.4789  36.976882    28.5575      2.645  251.28362  251.61164    -1.4129     3.7858 0.0000e+00
 148.397083      2.701    16.4786  36.983923    28.5560      2.677  251.28725  251.61527    -1.4829     3.7878 -9.990e-29
 148.397086      2.723    16.4777  36.979699    28.5591      2.699  251.28676  251.61472    -1.0471     4.3498 -9.990e-29
 148.397089      2.751    16.4771  36.977127    28.5572      2.726  251.29266  251.62060    -1.3739     4.4024 -9.990e-29
 148.397092      2.776    16.4764  36.980740    28.5596      2.751  251.29226  251.62015    -1.7786     4.1315 -9.990e-29
 148.397095      2.809    16.4764  36.979271    28.5602      2.784  251.29152  251.61941    -1.9031     4.1335 0.0000e+00
 148.397098      2.842    16.4763  36.980495    28.5601      2.816  251.29226  251.62015    -1.8876     4.1315 0.0000e+00
 148.397101      2.889    16.4760  36.979516    28.5601      2.863  251.29345  251.62132    -1.9343     4.1355 0.0000e+00
 148.397104      2.928    16.4755  36.976210    28.5589      2.901  251.29754  251.62540    -1.9109     4.1153 0.0000e+00
 148.397106      2.964    16.4751  36.974618    28.5578      2.938  251.30163  251.62948    -1.9343     4.1517 -9.990e-29
 148.397109      2.986    16.4730  36.977312    28.5603      2.959  251.30788  251.63562    -0.8603     4.3256 -9.990e-29
 148.397112      3.002    16.4719  36.972843    28.5572      2.976  251.31866  251.64637    -0.7514     4.3054 -9.990e-29
 148.397115      3.010    16.4709  36.973701    28.5587      2.983  251.32102  251.64868    -0.9381     4.3377 -9.990e-29
 148.397118      3.021    16.4698  36.972170    28.5581      2.994  251.32719  251.65481    -1.0004     4.2568 -9.990e-29
 148.397121      3.037    16.4690  36.974864    28.5610      3.010  251.32626  251.65382    -0.9070     3.9091 -9.990e-29
 148.397124      3.053    16.4658  36.968498    28.5611      3.026  251.34201  251.66943    -0.6424     3.9617 -9.990e-29
 148.397127      3.079    16.4658  36.972355    28.5611      3.051  251.34201  251.66943    -0.6424     3.9617 0.0000e+00
 148.397130      3.105    16.4658  36.969172    28.5611      3.077  251.34201  251.66943    -0.6424     3.9617 -9.990e-29
 148.397133      3.130    16.4610  36.968743    28.5593      3.102  251.36873  251.69594    -1.8253     3.8120 -9.990e-29
 148.397135      3.163    16.4600  36.966295    28.5563      3.135  251.37869  251.70588    -1.7319     3.8181 0.0000e+00
 148.397138      3.190    16.4600  36.957665    28.5563      3.162  251.37869  251.70588    -1.7319     3.8181 0.0000e+00
 148.397141      3.220    16.4591  36.964827    28.5533      3.191  251.38864  251.71582    -1.6385     3.8242 -9.990e-29
 148.397144      3.244    16.4552  36.962868    28.5605      3.215  251.39549  251.72244    -1.3428     4.0789 -9.990e-29
 148.397147      3.267    16.4528  36.963542    28.5604      3.238  251.40770  251.73455    -1.3739     4.1355 -9.990e-29
 148.397150      3.300    16.4522  36.960726    28.5617      3.271  251.40825  251.73506    -1.4440     4.1153 0.0000e+00
 148.397153      3.335    16.4516  36.962869    28.5626      3.305  251.40879  251.73557    -1.3739     4.1355 0.0000e+00
 148.397156      3.377    16.4505  36.961522    28.5626      3.346  251.41501  251.74174    -0.9848     4.2164 0.0000e+00
 148.397159      3.420    16.4489  36.958523    28.5613      3.390  251.42546  251.75213    -0.9848     4.2730 0.0000e+00
 148.397161      3.460    16.4469  36.956994    28.5612      3.430  251.43526  251.76184    -0.9226     4.2730 0.0000e+00
 148.397164      3.495    16.4460  36.954301    28.5608      3.464  251.44072  251.76726    -0.9537     4.2669 0.0000e+00
 148.397167      3.521    16.4450  36.952710    28.5603      3.489  251.44617  251.77267    -0.9226     4.2609 -9.990e-29
 148.397170      3.535    16.4402  36.955832    28.5650      3.504  251.46171  251.78797    -0.9848     4.5399 -9.990e-29
 148.397173      3.550    16.4382  36.959505    28.5696      3.518  251.46385  251.78999    -1.3117     4.5844 -9.990e-29
 148.397176      3.568    16.4369  36.956383    28.5679      3.536  251.47327  251.79936    -1.2494     4.5197 -9.990e-29
 148.397179      3.592    16.4352  36.958097    28.5687      3.560  251.48025  251.80626    -0.0666     4.7987 -9.990e-29
 148.397182      3.623    16.4346  36.955955    28.5691      3.590  251.48305  251.80903    -0.1288     4.8270 0.0000e+00
 148.397185      3.661    16.4339  36.955649    28.5694      3.628  251.48584  251.81179    -0.1288     4.8553 0.0000e+00
 148.397188      3.690    16.4333  36.956506    28.5702      3.657  251.48733  251.81324    -0.1599     4.8594 0.0000e+00
 148.397190      3.719    16.4327  36.953569    28.5709      3.686  251.48881  251.81470    -0.1288     4.8634 -9.990e-29
 148.397193      3.736    16.4309  36.949285    28.5660      3.702  251.50638  251.83222     0.0113     4.6895 -9.990e-29
 148.397196      3.748    16.4301  36.956997    28.5732      3.715  251.49806  251.82381    -0.0666     4.7016 -9.990e-29
 148.397199      3.756    16.4296  36.949468    28.5671      3.722  251.51094  251.83671    -0.0199     4.7340 -9.990e-29
 148.397202      3.759    16.4292  36.952467    28.5700      3.726  251.50804  251.83377    -0.2689     4.6976 -9.990e-29
 148.397205      3.770    16.4278  36.952712    28.5725      3.737  251.51057  251.83623    -1.0782     4.1315 -9.990e-29
 148.397208      3.796    16.4274  36.954243    28.5711      3.762  251.51520  251.84086    -1.1794     4.1356 0.0000e+00
 148.397211      3.830    16.4269  36.950203    28.5696      3.796  251.51984  251.84548    -1.2806     4.1315 0.0000e+00
 148.397214      3.874    16.4258  36.948429    28.5689      3.839  251.52669  251.85228    -1.2806     4.0830 0.0000e+00
 148.397216      3.929    16.4239  36.946042    28.5682      3.894  251.53716  251.86267    -1.0315     4.0830 0.0000e+00
 148.397219      3.976    16.4218  36.944329    28.5682      3.941  251.54754  251.87296    -0.8759     5.1020 0.0000e+00
 148.397222      4.020    16.4194  36.943228    28.5689      3.984  251.55822  251.88352    -0.8603     5.1181 0.0000e+00
 148.397225      4.049    16.4181  36.946594    28.5713      4.013  251.56072  251.88594    -0.8292     5.1101 0.0000e+00
 148.397228      4.078    16.4167  36.942066    28.5737      4.042  251.56322  251.88837    -0.7981     5.1181 -9.990e-29
 148.397231      4.097    16.4116  36.941699    28.5732      4.060  251.58972  251.91465    -0.9537     5.0737 -9.990e-29
 148.397234      4.111    16.4092  36.939374    28.5729      4.074  251.60188  251.92671    -0.9848     5.0373 -9.990e-29
 148.397237      4.129    16.4062  36.939803    28.5748      4.092  251.61371  251.93839    -0.8292     5.0898 -9.990e-29
 148.397240      4.157    16.4053  36.939130    28.5765      4.119  251.61490  251.93953    -0.6113     4.6227 0.0000e+00
 148.397242      4.189    16.4045  36.941823    28.5777      4.152  251.61609  251.94067    -0.3934     4.1557 0.0000e+00
 148.397245      4.224    16.4037  36.940477    28.5777      4.186  251.62080  251.94535    -0.2222     4.1355 0.0000e+00
 148.397248      4.261    16.4035  36.935459    28.5760      4.222  251.62655  251.95109    -0.2222     4.1355 0.0000e+00
 148.397251      4.293    16.4032  36.938029    28.5738      4.255  251.62911  251.95368    -0.2066     4.1517 0.0000e+00
 148.397254      4.332    16.4026  36.934602    28.5749      4.293  251.63119  251.95572     0.9840     4.6490 0.0000e+00
