seaocn-cb/data/ctd_cnv/SBE19plus_01907321_2024_05_24_Cast44.cnv
* Sea-Bird SBE19plus  Data File:
* FileName = E:\Prandtl_Daten\2024\CTD\raw\SBE19plus_01907321_2024_05_24_Cast44.hex
* Software version 2.6.1.12
* Temperature SN = 7321
* Conductivity SN = 7321
* System UpLoad Time = May 24 2024 12:00:26
* <ApplicationData>
* <Seaterm232>
** 20240524
** Sea Practical 2024
** MCat 24.05 CTD_SP2
** NMEA Latitude = 054 06.04N
** NMEA Longitude = 008 34.80E
** waterdepth = 15.0m
** Emelie
# nquan = 11
# nvalues = 512                         
# units = specified
# name 0 = timeJ: Julian Days
# name 1 = prdM: Pressure, Strain Gauge [db]
# name 2 = tv290C: Temperature [ITS-90, deg C]
# name 3 = c0mS/cm: Conductivity [mS/cm]
# name 4 = sal00: Salinity, Practical [PSU]
# name 5 = depSM: Depth [salt water, m], lat = 54.00
# name 6 = oxsatMm/Kg: Oxygen Saturation, Weiss [umol/kg]
# name 7 = oxsolMm/Kg: Oxygen Saturation, Garcia & Gordon [umol/kg]
# name 8 = turbWETntu0: Turbidity, WET Labs ECO [NTU]
# name 9 = flECO-AFL: Fluorescence, WET Labs ECO-AFL/FL [mg/m^3]
# name 10 = flag:  0.000e+00
# span 0 = 145.495524, 145.497002       
# span 1 =      0.439,     14.336       
# span 2 =    15.6201,    16.4219       
# span 3 =  36.017770,  36.257881       
# span 4 =    27.9382,    28.3585       
# span 5 =      0.435,     14.207       
# span 6 =  252.62733,  255.95078       
# span 7 =  252.95690,  256.24080       
# span 8 =    -2.0276,    19.7622       
# span 9 =     4.6369,    11.4707       
# span 10 = 0.0000e+00, 0.0000e+00      
# interval = seconds: 0.25
# start_time = May 24 2024 11:52:18 [Instrument's time stamp, header]
# bad_flag = -9.990e-29
*END*
[from data line 263]
 145.496285      7.887    16.0017  36.139864    28.1725      7.816  254.33137  254.64048     7.7467     8.4946 -9.990e-29
 145.496288      7.883    16.0025  36.139864    28.1720      7.813  254.32832  254.63748     7.5132     8.9960 -9.990e-29
 145.496291      7.871    16.0025  36.140349    28.1724      7.800  254.32759  254.63674     7.4354     9.0081 -9.990e-29
 145.496293      7.867    16.0020  36.135678    28.1687      7.796  254.33643  254.64559     7.5599     8.9839 -9.990e-29
 145.496296      7.865    16.0011  36.138530    28.1718      7.795  254.33549  254.64459     7.5288     8.9717 -9.990e-29
 145.496299      7.874    16.0003  36.138348    28.1722      7.804  254.33881  254.64786     6.6883     8.8342 -9.990e-29
 145.496302      7.896    16.0026  36.138530    28.1761      7.825  254.32045  254.62959     6.7039     8.8262 -9.990e-29
 145.496305      7.934    16.0041  36.144717    28.1739      7.863  254.31665  254.62588     6.7817     8.8120 0.0000e+00
 145.496308      7.989    16.0056  36.142108    28.1716      7.918  254.31285  254.62216     6.8440     8.8181 0.0000e+00
 145.496311      8.051    16.0069  36.140774    28.1714      7.979  254.31003  254.61940     6.8595     8.7978 0.0000e+00
 145.496314      8.124    16.0072  36.143201    28.1714      8.051  254.30520  254.61459     7.6066     8.4946 0.0000e+00
 145.496317      8.200    16.0083  36.145142    28.1723      8.127  254.29838  254.60780     7.7622     8.4784 0.0000e+00
 145.496319      8.270    16.0103  36.149025    28.1742      8.196  254.28499  254.59449     7.7622     8.4784 0.0000e+00
 145.496322      8.337    16.0131  36.151755    28.1742      8.263  254.27028  254.57991     7.7622     8.4784 0.0000e+00
 145.496325      8.385    16.0158  36.148236    28.1705      8.310  254.26526  254.57504     4.3070     7.9042 0.0000e+00
 145.496328      8.427    16.0165  36.150480    28.1701      8.351  254.26070  254.57051     4.2992     7.9042 0.0000e+00
 145.496331      8.460    16.0173  36.147387    28.1705      8.384  254.25613  254.56598     4.3070     7.9042 -9.990e-29
 145.496334      8.480    16.0170  36.148479    28.1689      8.404  254.26008  254.56993     4.1980     7.8799 -9.990e-29
 145.496337      8.492    16.0172  36.146295    28.1669      8.416  254.26276  254.57263     4.6494     8.7453 -9.990e-29
 145.496340      8.496    16.0174  36.148903    28.1690      8.420  254.25824  254.56810     4.6183     8.7210 -9.990e-29
 145.496343      8.498    16.0176  36.143868    28.1645      8.422  254.26489  254.57479     4.6338     8.7615 -9.990e-29
 145.496345      8.494    16.0170  36.149146    28.1695      8.418  254.25939  254.56923     4.4159     8.7574 -9.990e-29
 145.496348      8.501    16.0172  36.148903    28.1692      8.425  254.25885  254.56870     3.9957     9.1941 -9.990e-29
 145.496351      8.507    16.0179  36.149328    28.1690      8.431  254.25548  254.56536     4.0735     9.1820 -9.990e-29
 145.496354      8.511    16.0189  36.149328    28.1683      8.434  254.25153  254.56147     4.1047     9.1820 -9.990e-29
 145.496357      8.520    16.0195  36.150298    28.1687      8.444  254.24795  254.55791     4.0891     9.1739 -9.990e-29
 145.496360      8.531    16.0201  36.147568    28.1660      8.454  254.24992  254.55993     3.9023     9.2103 -9.990e-29
 145.496363      8.547    16.0206  36.153089    28.1703      8.471  254.23952  254.54952     6.0035     9.4408 -9.990e-29
 145.496366      8.571    16.0230  36.152846    28.1643      8.494  254.23798  254.54814     6.0813     9.4408 -9.990e-29
 145.496369      8.602    16.0239  36.148054    28.1667      8.525  254.22893  254.53911     6.0891     9.4448 0.0000e+00
 145.496372      8.640    16.0249  36.155273    28.1691      8.563  254.21987  254.53008     6.0813     9.4408 0.0000e+00
 145.496374      8.688    16.0256  36.156851    28.1691      8.610  254.21783  254.52807     4.7895     8.7453 0.0000e+00
 145.496377      8.739    16.0256  36.154849    28.1682      8.660  254.21783  254.52807     4.7895     8.7453 0.0000e+00
 145.496380      8.792    16.0247  36.152847    28.1672      8.713  254.22451  254.53472     4.8050     8.7493 0.0000e+00
 145.496383      8.846    16.0236  36.148236    28.1672      8.767  254.23572  254.54590     4.8517     8.7493 0.0000e+00
 145.496386      8.901    16.0212  36.150906    28.1679      8.821  254.24086  254.55091     5.2875     8.4986 0.0000e+00
 145.496389      8.947    16.0209  36.151756    28.1681      8.867  254.24204  254.55205     5.2875     8.4946 0.0000e+00
 145.496392      8.989    16.0209  36.150907    28.1681      8.908  254.24204  254.55205     5.2875     8.4905 0.0000e+00
 145.496395      9.020    16.0209  36.150967    28.1681      8.939  254.24194  254.55197     5.2954     8.4825 0.0000e+00
 145.496398      9.047    16.0209  36.153516    28.1681      8.966  254.24175  254.55178     5.2253     8.4703 -9.990e-29
 145.496400      9.067    16.0215  36.152848    28.1693      8.986  254.23682  254.54687     4.8050     8.6806 -9.990e-29
 145.496403      9.087    16.0221  36.155518    28.1712      9.006  254.23070  254.54076     4.7895     8.7048 -9.990e-29
 145.496406      9.109    16.0228  36.155760    28.1709      9.027  254.22761  254.53771     4.7117     8.6523 -9.990e-29
 145.496409      9.134    16.0244  36.156428    28.1703      9.053  254.22024  254.53042     4.7895     8.6846 -9.990e-29
 145.496412      9.156    16.0263  36.156003    28.1686      9.074  254.21390  254.52417     3.9490     9.0769 -9.990e-29
 145.496415      9.184    16.0272  36.156852    28.1688      9.101  254.20929  254.51960     4.1513     9.0526 -9.990e-29
 145.496418      9.207    16.0293  36.160796    28.1706      9.125  254.19518  254.50558     4.1202     9.0324 -9.990e-29
 145.496421      9.233    16.0324  36.161888    28.1694      9.150  254.18170  254.49225     4.0424     9.0526 -9.990e-29
 145.496424      9.256    16.0344  36.161888    28.1679      9.174  254.17411  254.48476     1.2875     7.8557 -9.990e-29
 145.496427      9.273    16.0347  36.159036    28.1653      9.190  254.17718  254.48786     1.2408     7.8314 -9.990e-29
 145.496429      9.282    16.0337  36.161038    28.1677      9.199  254.17814  254.48875     1.3187     7.8152 -9.990e-29
 145.496432      9.287    16.0331  36.162131    28.1690      9.204  254.17863  254.48921     1.3654     7.8395 -9.990e-29
 145.496435      9.291    16.0332  36.162798    28.1696      9.208  254.17733  254.48791     1.7389     9.0364 -9.990e-29
 145.496438      9.289    16.0347  36.163890    28.1694      9.206  254.16991  254.48056     1.8634     9.0405 -9.990e-29
 145.496441      9.295    16.0363  36.164982    28.1693      9.211  254.16219  254.47292     1.8634     9.0324 -9.990e-29
 145.496444      9.307    16.0366  36.161038    28.1656      9.224  254.16690  254.47767     1.7856     9.0566 -9.990e-29
 145.496447      9.326    16.0389  36.164557    28.1671      9.242  254.15305  254.46391     6.0035     9.8371 -9.990e-29
 145.496450      9.368    16.0398  36.164618    28.1688      9.284  254.14547  254.45636     6.0113     9.8391 0.0000e+00
 145.496453      9.411    16.0407  36.170079    28.1680      9.327  254.13789  254.44881     6.0191     9.8371 0.0000e+00
 145.496455      9.470    16.0429  36.168987    28.1705      9.385  254.13105  254.44209     6.0191     9.8330 0.0000e+00
 145.496458      9.537    16.0457  36.176451    28.1686      9.452  254.10926  254.42039     5.9568     9.7805 0.0000e+00
 145.496461      9.616    16.0497  36.175358    28.1691      9.530  254.09574  254.40708     4.4159     8.0498 0.0000e+00
 145.496464      9.698    16.0542  36.179545    28.1686      9.611  254.07248  254.38403     4.3226     8.0376 0.0000e+00
 145.496467      9.769    16.0563  36.174508    28.1658      9.681  254.07125  254.38295     4.3226     8.0376 0.0000e+00
 145.496470      9.831    16.0565  36.177543    28.1630      9.743  254.07125  254.38295     4.3226     8.0336 0.0000e+00
 145.496473      9.878    16.0566  36.171838    28.1631      9.790  254.07058  254.38227     3.1708     7.9790 0.0000e+00
 145.496476      9.904    16.0569  36.174448    28.1604      9.815  254.07380  254.38552     1.9879     7.9244 -9.990e-29
 145.496479      9.917    16.0535  36.170079    28.1613      9.828  254.08953  254.40109     2.1903     7.9123 -9.990e-29
 145.496481      9.913    16.0495  36.163890    28.1588      9.824  254.11401  254.42541     1.9568     7.9123 -9.990e-29
 145.496484      9.904    16.0453  36.168806    28.1660      9.815  254.12244  254.43361     3.8245     8.9636 -9.990e-29
 145.496487      9.886    16.0425  36.159947    28.1604      9.797  254.14666  254.45773     3.7778     8.9677 -9.990e-29
 145.496490      9.860    16.0384  36.163042    28.1659      9.772  254.15752  254.46836     3.8712     8.9717 -9.990e-29
 145.496493      9.842    16.0358  36.161465    28.1664      9.754  254.16990  254.48063     3.7934     8.9798 -9.990e-29
 145.496496      9.829    16.0350  36.163467    28.1687      9.741  254.16963  254.48030     8.6027     9.4044 -9.990e-29
 145.496499      9.825    16.0343  36.158613    28.1650      9.738  254.17965  254.49031     8.5871     9.4448 -9.990e-29
 145.496502      9.838    16.0330  36.159281    28.1665      9.750  254.18352  254.49411     8.5249     9.4408 -9.990e-29
 145.496505      9.867    16.0303  36.158492    28.1661      9.779  254.19820  254.50867     8.6027     9.4327 -9.990e-29
 145.496508      9.902    16.0292  36.156612    28.1645      9.813  254.20646  254.51689    10.6806     9.4529 0.0000e+00
 145.496510      9.951    16.0281  36.151091    28.1628      9.862  254.21472  254.52512    12.6961     9.4327 0.0000e+00
 145.496513     10.015    16.0230  36.127131    28.1558      9.925  254.27018  254.58046    12.6961     9.4327 0.0000e+00
 145.496516     10.075    16.0066  36.125374    28.1468      9.985  254.33551  254.64497    12.6961     9.4327 0.0000e+00
 145.496519     10.139    15.9865  36.098512    28.1468     10.048  254.45257  254.76117    12.7428     9.4125 0.0000e+00
 145.496522     10.205    15.9581  36.072023    28.1468     10.113  254.60138  254.90869    13.3654     9.0000 0.0000e+00
 145.496525     10.267    15.9238  36.061845    28.1594     10.175  254.74787  255.05350    13.3654     9.0000 0.0000e+00
 145.496528     10.323    15.8939  36.063606    28.1822     10.231  254.85989  255.16397    13.3654     8.9758 0.0000e+00
 145.496531     10.371    15.8775  36.070397    28.1971     10.278  254.91258  255.21578    13.4276     9.0000 0.0000e+00
 145.496534     10.404    15.8752  36.063791    28.1984     10.311  254.92609  255.22920    13.6066     9.5520 0.0000e+00
 145.496536     10.433    15.8730  36.059185    28.1971     10.340  254.93961  255.24262    13.7856    10.1282 -9.990e-29
 145.496539     10.457    15.8596  36.052823    28.1971     10.363  255.00790  255.31029    13.8323    10.1444 -9.990e-29
 145.496542     10.473    15.8520  36.053248    28.2029     10.379  255.03645  255.33844    13.9101    10.1565 -9.990e-29
 145.496545     10.490    15.8482  36.056278    28.2082     10.396  255.04615  255.34794    14.0502     9.9988 -9.990e-29
 145.496548     10.510    15.8482  36.058763    28.2104     10.415  255.04271  255.34447    14.1903    10.0069 -9.990e-29
 145.496551     10.515    15.8482  36.054582    28.2067     10.421  255.04874  255.35053    14.3148    10.0029 -9.990e-29
 145.496554     10.526    15.8471  36.051491    28.2048     10.432  255.05768  255.35943    14.0969     9.9867 -9.990e-29
 145.496557     10.530    15.8451  36.052643    28.2073     10.436  255.06384  255.36548    14.1124     9.9907 -9.990e-29
 145.496560     10.533    15.8433  36.047977    28.2045     10.439  255.07789  255.37947    13.3965     9.9705 -9.990e-29
 145.496563     10.539    15.8417  36.047977    28.2056     10.445  255.08397  255.38547    13.3342     9.9705 -9.990e-29
 145.496565     10.541    15.8418  36.050643    28.2078     10.446  255.07933  255.38082    13.3965     9.9098 -9.990e-29
 145.496568     10.544    15.8433  36.050643    28.2068     10.450  255.07386  255.37542    13.4587     9.9462 -9.990e-29
 145.496571     10.548    15.8436  36.052825    28.2085     10.453  255.06935  255.37091    19.6066     9.8896 -9.990e-29
 145.496574     10.561    15.8433  36.053249    28.2090     10.466  255.06962  255.37117    19.5755     9.8775 -9.990e-29
 145.496577     10.575    15.8458  36.051067    28.2029     10.481  255.06784  255.36955    19.5599     9.8856 -9.990e-29
 145.496580     10.606    15.8465  36.048219    28.2026     10.511  255.06462  255.36636    15.6299     9.6834 0.0000e+00
 145.496583     10.650    15.8472  36.048886    28.2029     10.555  255.06139  255.36316    11.7000     9.5055 0.0000e+00
 145.496586     10.705    15.8495  36.052825    28.2024     10.609  255.04664  255.34851    11.6689     9.5014 0.0000e+00
 145.496589     10.772    15.8517  36.047916    28.1984     10.676  255.04590  255.34791    11.6689     9.5055 0.0000e+00
 145.496591     10.843    15.8517  36.048643    28.1978     10.746  255.04590  255.34791    11.6689     9.5014 0.0000e+00
 145.496594     10.920    15.8467  36.042282    28.1978     10.822  255.07366  255.37545    11.5132     9.1820 0.0000e+00
 145.496597     10.995    15.8359  36.044283    28.2064     10.897  255.11201  255.41324    11.5132     9.1658 0.0000e+00
 145.496600     11.062    15.8278  36.044284    28.2121     10.963  255.14305  255.44385    11.4354     9.1658 0.0000e+00
 145.496603     11.123    15.8249  36.044285    28.2142     11.023  255.15431  255.45496    11.4743     9.1861 0.0000e+00
 145.496606     11.165    15.8220  36.041861    28.2163     11.065  255.16557  255.46607    11.4198     9.2063 -9.990e-29
 145.496609     11.188    15.8233  36.047133    28.2178     11.088  255.15612  255.45668    13.6611     9.7683 -9.990e-29
 145.496612     11.197    15.8272  36.043315    28.2117     11.097  255.14703  255.44780    13.6611     9.7602 -9.990e-29
 145.496615     11.196    15.8298  36.045799    28.2120     11.095  255.13323  255.43413    13.5677     9.7602 -9.990e-29
 145.496617     11.186    15.8317  36.047799    28.2124     11.086  255.12290  255.42389    13.6611     9.7764 -9.990e-29
 145.496620     11.177    15.8334  36.049313    28.2124     11.077  255.11392  255.41498    14.6572    11.4100 -9.990e-29
 145.496623     11.168    15.8349  36.051495    28.2133     11.068  255.10514  255.40626    14.5638    11.4707 -9.990e-29
 145.496626     11.161    15.8363  36.047798    28.2091     11.061  255.10526  255.40648    14.6416    11.4262 -9.990e-29
 145.496629     11.166    15.8364  36.046041    28.2075     11.066  255.10732  255.40856    14.7661    11.4181 -9.990e-29
 145.496632     11.174    15.8319  36.040345    28.2058     11.073  255.13358  255.43462    14.3615     9.5176 -9.990e-29
 145.496635     11.184    15.8247  36.040164    28.2107     11.084  255.16121  255.46188    14.3926     9.5014 -9.990e-29
 145.496638     11.205    15.8149  36.041619    28.2178     11.104  255.19864  255.49881    14.3615     9.4934 -9.990e-29
 145.496641     11.230    15.8126  36.040347    28.2180     11.130  255.21029  255.51035    14.7273     9.8877 0.0000e+00
 145.496644     11.256    15.8102  36.037015    28.2183     11.155  255.22194  255.52188    15.0619    10.2576 0.0000e+00
 145.496646     11.287    15.8054  36.037258    28.2213     11.186  255.23982  255.53952    15.0930    10.2657 0.0000e+00
 145.496649     11.321    15.8019  36.033745    28.2219     11.220  255.25854  255.55808    15.0619    10.2657 0.0000e+00
 145.496652     11.361    15.7983  36.036169    28.2254     11.260  255.26887  255.56819    15.1241    10.2899 0.0000e+00
 145.496655     11.412    15.7966  36.034170    28.2260     11.310  255.27683  255.57607    15.0307    10.2899 0.0000e+00
 145.496658     11.469    15.7966  36.035563    28.2254     11.366  255.27831  255.57756    13.4276     9.1254 0.0000e+00
