seaocn-cb/data/ctd_cnv/SBE19plus_01907321_2024_05_25_Cast47.cnv
* Sea-Bird SBE19plus  Data File:
* FileName = E:\Prandtl_Daten\2024\25052024\raw\SBE19plus_01907321_2024_05_25_Cast47.hex
* Software version 2.6.1.12
* Temperature SN = 7321
* Conductivity SN = 7321
* System UpLoad Time = May 25 2024 07:00:25
* <ApplicationData>
* <Seaterm232>
** 20240525
** Sea Practical 2024
** MCat 25.05 CTD_SP2
** NMEA Latitude = 054 06.12N
** NMEA Longitude = 008 35.04E
** waterdepth = 12,5m
** Maja
# nquan = 11
# nvalues = 391                         
# units = specified
# name 0 = timeJ: Julian Days
# name 1 = prdM: Pressure, Strain Gauge [db]
# name 2 = tv290C: Temperature [ITS-90, deg C]
# name 3 = c0mS/cm: Conductivity [mS/cm]
# name 4 = sal00: Salinity, Practical [PSU]
# name 5 = depSM: Depth [salt water, m], lat = 54.00
# name 6 = oxsatMm/Kg: Oxygen Saturation, Weiss [umol/kg]
# name 7 = oxsolMm/Kg: Oxygen Saturation, Garcia & Gordon [umol/kg]
# name 8 = turbWETntu0: Turbidity, WET Labs ECO [NTU]
# name 9 = flECO-AFL: Fluorescence, WET Labs ECO-AFL/FL [mg/m^3]
# name 10 = flag:  0.000e+00
# span 0 = 146.286409, 146.287538       
# span 1 =      0.614,     11.355       
# span 2 =    16.6138,    17.1650       
# span 3 =  35.783805,  35.818501       
# span 4 =    27.0802,    27.4665       
# span 5 =      0.609,     11.254       
# span 6 =  250.42570,  252.48870       
# span 7 =  250.79205,  252.82972       
# span 8 =    -1.8720,     5.7545       
# span 9 =     4.0466,     6.3272       
# span 10 = 0.0000e+00, 0.0000e+00      
# interval = seconds: 0.25
# start_time = May 25 2024 06:51:12 [Instrument's time stamp, header]
# bad_flag = -9.990e-29
*END*
 146.286409      0.614    17.1604  35.796172    27.0842      0.609  250.44550  250.81165    -1.0782     4.4792 -9.990e-29
 146.286412      0.618    17.1615  35.796172    27.0834      0.613  250.44146  250.80766    -1.2027     4.4388 -9.990e-29
 146.286415      0.642    17.1617  35.796172    27.0844      0.636  250.43867  250.80487    -1.3428     4.3094 -9.990e-29
 146.286418      0.677    17.1619  35.797501    27.0836      0.670  250.43870  250.80491    -1.4284     4.3175 0.0000e+00
 146.286421      0.726    17.1622  35.796172    27.0842      0.719  250.43867  250.80487    -1.5140     4.3094 0.0000e+00
 146.286424      0.788    17.1624  35.797925    27.0842      0.781  250.43564  250.80187    -1.5140     4.3256 0.0000e+00
 146.286427      0.863    17.1625  35.799012    27.0842      0.855  250.43564  250.80187    -1.4362     4.4226 0.0000e+00
 146.286429      0.928    17.1626  35.795931    27.0837      0.920  250.43557  250.80180    -1.3506     4.4429 0.0000e+00
 146.286432      0.968    17.1625  35.795931    27.0825      0.960  250.43824  250.80448    -1.4362     4.4226 -9.990e-29
 146.286435      0.986    17.1621  35.794843    27.0818      0.978  250.44106  250.80729    -0.9693     4.4348 -9.990e-29
 146.286438      0.997    17.1619  35.797925    27.0845      0.989  250.43761  250.80382    -1.3117     4.4752 -9.990e-29
 146.286441      0.997    17.1623  35.797261    27.0837      0.989  250.43700  250.80323    -1.4206     4.2649 -9.990e-29
 146.286444      1.001    17.1629  35.798590    27.0844      0.992  250.43294  250.79919    -1.3739     4.3498 -9.990e-29
 146.286447      1.005    17.1632  35.798529    27.0841      0.996  250.43179  250.79805    -1.1560     4.3337 -9.990e-29
 146.286450      1.010    17.1634  35.793997    27.0802      1.001  250.43762  250.80391    -1.5140     4.3013 -9.990e-29
 146.286453      1.021    17.1629  35.795931    27.0820      1.012  250.43701  250.80327    -1.0160     4.3175 -9.990e-29
 146.286455      1.052    17.1631  35.795750    27.0828      1.043  250.43470  250.80097    -1.2183     4.2993 0.0000e+00
 146.286458      1.114    17.1633  35.797926    27.0835      1.104  250.43239  250.79866    -1.1405     4.3175 0.0000e+00
 146.286461      1.194    17.1645  35.800101    27.0835      1.184  250.42570  250.79205    -1.2806     4.3175 0.0000e+00
 146.286464      1.293    17.1650  35.798107    27.0825      1.282  250.42570  250.79205    -1.2806     4.6733 0.0000e+00
 146.286467      1.382    17.1650  35.797685    27.0822      1.370  250.42666  250.79301    -1.4206     4.6976 0.0000e+00
 146.286470      1.443    17.1638  35.795933    27.0821      1.430  250.43227  250.79857    -1.4362     4.6956 0.0000e+00
 146.286473      1.477    17.1626  35.790736    27.0822      1.464  250.43788  250.80413    -1.4206     4.7178 -9.990e-29
 146.286476      1.484    17.1573  35.797021    27.0866      1.471  250.45622  250.82223    -1.6385     4.0708 -9.990e-29
 146.286479      1.463    17.1564  35.798351    27.0884      1.450  250.45773  250.82369    -1.6074     4.0466 -9.990e-29
 146.286481      1.430    17.1568  35.795329    27.0856      1.417  250.46047  250.82646    -1.6852     4.0749 -9.990e-29
 146.286484      1.406    17.1572  35.797504    27.0872      1.393  250.45611  250.82211    -1.8720     4.0547 -9.990e-29
 146.286487      1.381    17.1582  35.800344    27.0889      1.368  250.44802  250.81405    -1.4829     4.0991 -9.990e-29
 146.286490      1.381    17.1596  35.797081    27.0852      1.368  250.44770  250.81381    -1.4362     4.2083 -9.990e-29
 146.286493      1.401    17.1604  35.795510    27.0834      1.388  250.44684  250.81300    -1.4673     4.2690 -9.990e-29
 146.286496      1.441    17.1605  35.795752    27.0849      1.428  250.44374  250.80989    -1.3117     4.3054 -9.990e-29
 146.286499      1.499    17.1606  35.797504    27.0853      1.486  250.44283  250.80898    -1.2106     4.3357 0.0000e+00
 146.286502      1.574    17.1606  35.798592    27.0855      1.560  250.44192  250.80807    -1.1716     4.3660 0.0000e+00
 146.286505      1.661    17.1606  35.798592    27.0855      1.647  250.44192  250.80807    -1.1094     4.3862 0.0000e+00
 146.286508      1.733    17.1599  35.794423    27.0855      1.717  250.45042  250.81656    -1.1716     4.3903 0.0000e+00
 146.286510      1.784    17.1570  35.793578    27.0843      1.768  250.46206  250.82807    -1.2261     4.3964 0.0000e+00
 146.286513      1.818    17.1540  35.795331    27.0859      1.802  250.47370  250.83957    -1.3428     4.4024 -9.990e-29
 146.286516      1.837    17.1496  35.794848    27.0899      1.820  250.48837  250.85404    -1.0782     4.0708 -9.990e-29
 146.286519      1.833    17.1485  35.792491    27.0887      1.817  250.49607  250.86171    -1.0471     4.0951 -9.990e-29
 146.286522      1.828    17.1469  35.795513    27.0923      1.811  250.49766  250.86321    -1.2183     4.0991 -9.990e-29
 146.286525      1.826    17.1456  35.790739    27.0891      1.809  250.50943  250.87494    -1.0627     4.3134 -9.990e-29
 146.286528      1.833    17.1460  35.795090    27.0925      1.817  250.50168  250.86719    -1.2183     4.3296 -9.990e-29
 146.286531      1.844    17.1460  35.795090    27.0916      1.828  250.50325  250.86877    -1.0160     4.3296 -9.990e-29
 146.286534      1.871    17.1448  35.794002    27.0923      1.855  250.50778  250.87325    -1.1172     4.3034 0.0000e+00
 146.286536      1.921    17.1437  35.793761    27.0929      1.904  250.51231  250.87773    -1.0160     4.3296 0.0000e+00
 146.286539      1.976    17.1412  35.794849    27.0941      1.958  250.52010  250.88540    -0.6736     4.6127 0.0000e+00
 146.286542      2.041    17.1402  35.792493    27.0941      2.023  250.52722  250.89248    -0.6736     4.6774 0.0000e+00
 146.286545      2.109    17.1397  35.790982    27.0941      2.090  250.53127  250.89652    -0.6736     4.6531 0.0000e+00
 146.286548      2.171    17.1372  35.792494    27.0961      2.151  250.53846  250.90359    -0.7825     4.7259 0.0000e+00
 146.286551      2.215    17.1332  35.787902    27.0969      2.195  250.55679  250.92176    -0.8681     4.6936 0.0000e+00
 146.286554      2.245    17.1292  35.785547    27.0976      2.225  250.57513  250.93993    -0.9537     4.7340 -9.990e-29
 146.286557      2.249    17.1201  35.790321    27.1057      2.229  250.60584  250.97022    -0.8448     4.8108 -9.990e-29
 146.286560      2.249    17.1145  35.790080    27.1093      2.229  250.62729  250.99142    -1.0160     4.7825 -9.990e-29
 146.286563      2.245    17.1109  35.790322    27.1119      2.225  250.64029  251.00425    -1.1249     4.6733 -9.990e-29
 146.286565      2.231    17.1091  35.790080    27.1129      2.211  250.64745  251.01134    -1.0004     4.6693 -9.990e-29
 146.286568      2.222    17.1041  35.791410    27.1173      2.202  250.66416  251.02782    -1.2494     4.6410 -9.990e-29
 146.286571      2.227    17.0923  35.789417    27.1214      2.207  250.71510  251.07826    -0.2533     5.7287 -9.990e-29
 146.286574      2.255    17.0888  35.786819    27.1242      2.234  250.72752  251.09051    -0.2922     5.7327 0.0000e+00
 146.286577      2.304    17.0853  35.787908    27.1270      2.283  250.73994  251.10277    -0.3311     5.7287 0.0000e+00
 146.286580      2.369    17.0732  35.785311    27.1329      2.348  250.78898  251.15128    -0.4090     5.7125 0.0000e+00
 146.286583      2.439    17.0611  35.783984    27.1399      2.417  250.83651  251.19827    -0.4090     5.7125 0.0000e+00
 146.286586      2.508    17.0515  35.786160    27.1482      2.486  250.86971  251.23103    -0.4090     5.7125 0.0000e+00
 146.286589      2.563    17.0454  35.785738    27.1519      2.540  250.89298  251.25403    -0.4090     4.6127 0.0000e+00
 146.286591      2.610    17.0437  35.785557    27.1530      2.587  250.89963  251.26061    -0.5413     4.5823 0.0000e+00
 146.286594      2.641    17.0420  35.784470    27.1540      2.618  250.90629  251.26718    -0.6736     4.6127 -9.990e-29
 146.286597      2.650    17.0416  35.783805    27.1528      2.627  250.91037  251.27125    -0.7669     4.5642 -9.990e-29
 146.286600      2.656    17.0451  35.786826    27.1530      2.632  250.89271  251.25374    -0.9848     4.5075 -9.990e-29
 146.286603      2.658    17.0482  35.785557    27.1498      2.634  250.88275  251.24392    -0.9070     4.5358 -9.990e-29
 146.286606      2.656    17.0488  35.787913    27.1514      2.632  250.87720  251.23839    -1.0160     4.5358 -9.990e-29
 146.286609      2.661    17.0487  35.784651    27.1487      2.638  250.88219  251.24339    -0.9848     4.5601 -9.990e-29
 146.286612      2.680    17.0433  35.786826    27.1562      2.656  250.89610  251.25704    -1.4985     4.7542 -9.990e-29
 146.286615      2.714    17.0404  35.789243    27.1568      2.690  250.90961  251.27042    -1.3895     4.7562 0.0000e+00
 146.286617      2.769    17.0374  35.785981    27.1574      2.744  250.92313  251.28381    -1.3117     4.7582 0.0000e+00
 146.286620      2.831    17.0324  35.785318    27.1602      2.806  250.94271  251.30317    -1.2806     4.7582 0.0000e+00
 146.286623      2.898    17.0284  35.788823    27.1658      2.872  250.95292  251.31318    -1.2183     4.5763 0.0000e+00
 146.286626      2.953    17.0237  35.786165    27.1667      2.927  250.97411  251.33418    -1.2027     4.5763 0.0000e+00
 146.286629      3.001    17.0211  35.790637    27.1703      2.974  250.98053  251.34047    -1.1871     4.5621 0.0000e+00
 146.286632      3.033    17.0186  35.786650    27.1739      3.006  250.98694  251.34676    -1.1716     4.5763 -9.990e-29
 146.286635      3.050    17.0103  35.791605    27.1803      3.023  251.01689  251.37631    -1.2650     4.5601 -9.990e-29
 146.286638      3.050    17.0080  35.786167    27.1772      3.023  251.03336  251.39271    -1.2806     4.7946 -9.990e-29
 146.286641      3.044    17.0071  35.791424    27.1823      3.017  251.02923  251.38851    -1.0471     4.8432 -9.990e-29
 146.286644      3.039    17.0063  35.792270    27.1836      3.012  251.03111  251.39035    -1.1560     4.7866 -9.990e-29
 146.286646      3.039    17.0067  35.786409    27.1783      3.012  251.03797  251.39726    -1.1560     4.7906 -9.990e-29
 146.286649      3.050    17.0078  35.785080    27.1778      3.023  251.03330  251.39264    -1.1094     5.1343 -9.990e-29
 146.286652      3.077    17.0078  35.786651    27.1791      3.050  251.03082  251.39015    -1.0705     5.1464 0.0000e+00
 146.286655      3.121    17.0079  35.789914    27.1785      3.093  251.03118  251.39052    -1.1094     5.1343 0.0000e+00
 146.286658      3.183    17.0080  35.787739    27.1804      3.155  251.02833  251.38767    -1.1716     5.1141 0.0000e+00
 146.286661      3.245    17.0080  35.791002    27.1811      3.216  251.03118  251.39052    -1.1716     4.4267 0.0000e+00
 146.286664      3.309    17.0064  35.791002    27.1823      3.280  251.03276  251.39201    -1.0938     4.4267 0.0000e+00
 146.286667      3.364    17.0006  35.793783    27.1886      3.334  251.05049  251.40947    -1.0315     4.4348 0.0000e+00
 146.286670      3.404    16.9971  35.792696    27.1904      3.374  251.06445  251.42327    -1.0238     4.4631 0.0000e+00
 146.286672      3.430    16.9936  35.792334    27.1923      3.399  251.07841  251.43707    -1.0160     4.4348 -9.990e-29
 146.286675      3.444    16.9888  35.791609    27.1946      3.413  251.09796  251.45641    -1.0782     4.4024 -9.990e-29
 146.286678      3.450    16.9857  35.796202    27.2006      3.419  251.10314  251.46143    -1.1249     4.3781 -9.990e-29
 146.286681      3.444    16.9821  35.796202    27.2030      3.413  251.11677  251.47489    -1.1094     4.3579 -9.990e-29
 146.286684      3.446    16.9798  35.793181    27.2020      3.415  251.12978  251.48782    -1.2494     4.3094 -9.990e-29
 146.286687      3.450    16.9796  35.793181    27.2022      3.419  251.13040  251.48843    -0.9848     4.9402 -9.990e-29
 146.286690      3.472    16.9796  35.792093    27.2043      3.441  251.12670  251.48472    -0.8448     4.9483 -9.990e-29
 146.286693      3.506    16.9785  35.795780    27.2075      3.475  251.12669  251.48464    -0.8759     4.9281 0.0000e+00
 146.286696      3.566    16.9774  35.801642    27.2108      3.535  251.12670  251.48472    -0.8448     4.9079 0.0000e+00
 146.286698      3.628    16.9719  35.801643    27.2144      3.596  251.14715  251.50479    -0.8448     4.6167 0.0000e+00
 146.286701      3.696    16.9638  35.800556    27.2189      3.663  251.17940  251.53668    -0.7825     4.5884 0.0000e+00
 146.286704      3.756    16.9552  35.805150    27.2286      3.722  251.20534  251.56220    -0.4712     4.5884 0.0000e+00
 146.286707      3.809    16.9518  35.799712    27.2287      3.775  251.22227  251.57898    -0.4401     4.5924 0.0000e+00
 146.286710      3.844    16.9483  35.803641    27.2287      3.809  251.23920  251.59577    -0.4090     4.5965 -9.990e-29
 146.286713      3.853    16.9398  35.806905    27.2405      3.818  251.26076  251.61691    -1.2494     4.6652 -9.990e-29
 146.286716      3.860    16.9356  35.805153    27.2418      3.825  251.27908  251.63504    -1.3895     4.5763 -9.990e-29
 146.286719      3.853    16.9323  35.800621    27.2402      3.818  251.29798  251.65381    -1.3117     4.6612 -9.990e-29
 146.286722      3.844    16.9299  35.803643    27.2444      3.809  251.30260  251.65831    -1.5140     4.6652 -9.990e-29
 146.286725      3.836    16.9289  35.804489    27.2458      3.802  251.30540  251.66106    -1.3739     4.8432 -9.990e-29
 146.286727      3.844    16.9269  35.805154    27.2482      3.809  251.31093  251.66649    -1.2494     4.8229 -9.990e-29
 146.286730      3.869    16.9263  35.805819    27.2501      3.835  251.31078  251.66631    -1.3117     4.8350 0.0000e+00
 146.286733      3.906    16.9257  35.809264    27.2485      3.871  251.31093  251.66649    -1.2650     4.8229 0.0000e+00
 146.286736      3.964    16.9243  35.804067    27.2520      3.929  251.32341  251.67886    -1.3739     4.5237 0.0000e+00
 146.286739      4.030    16.9227  35.807995    27.2485      3.994  251.32367  251.67902    -1.3739     4.4995 0.0000e+00
 146.286742      4.093    16.9211  35.801227    27.2529      4.057  251.33432  251.68957    -1.3739     4.5156 0.0000e+00
 146.286745      4.150    16.9202  35.807090    27.2507      4.113  251.33932  251.69465    -1.3273     4.5156 0.0000e+00
 146.286748      4.192    16.9202  35.803403    27.2522      4.155  251.33714  251.69240    -1.3039     4.6208 0.0000e+00
 146.286751      4.221    16.9202  35.804733    27.2507      4.184  251.33996  251.69522    -1.2806     4.7259 -9.990e-29
 146.286753      4.238    16.9223  35.802557    27.2485      4.200  251.33315  251.68852    -1.1716     4.7057 -9.990e-29
 146.286756      4.245    16.9248  35.801892    27.2462      4.207  251.32452  251.68001    -0.9537     4.7219 -9.990e-29
 146.286759      4.247    16.9278  35.801892    27.2442      4.209  251.31338  251.66900    -1.2494     4.9928 -9.990e-29
 146.286762      4.249    16.9299  35.800622    27.2417      4.211  251.30716  251.66288    -1.2494     4.9847 -9.990e-29
 146.286765      4.258    16.9311  35.800804    27.2411      4.220  251.30257  251.65835    -1.1716     4.9766 -9.990e-29
 146.286768      4.274    16.9326  35.798809    27.2398      4.236  251.29737  251.65322    -1.2650     4.9483 -9.990e-29
 146.286771      4.313    16.9324  35.800562    27.2421      4.274  251.29470  251.65053    -1.2338     4.8148 0.0000e+00
 146.286774      4.367    16.9321  35.805578    27.2444      4.328  251.29737  251.65322    -1.2027     4.7057 0.0000e+00
 146.286777      4.435    16.9280  35.806667    27.2480      4.395  251.30567  251.66128    -1.2027     4.6814 0.0000e+00
 146.286780      4.495    16.9223  35.805157    27.2506      4.455  251.32954  251.68490    -1.2027     4.6491 0.0000e+00
 146.286782      4.555    16.9169  35.808421    27.2570      4.514  251.34530  251.70039    -1.2027     4.6450 0.0000e+00
 146.286785      4.604    16.9144  35.809933    27.2593      4.563  251.35335  251.70833    -1.1327     4.4368 0.0000e+00
