seaocn-cb/data/ctd_cnv/SBE19plus_01907321_2024_05_27_Cast85.cnv
* Sea-Bird SBE19plus  Data File:
* FileName = E:\Prandtl_Daten\2024\27052024\raw\SBE19plus_01907321_2024_05_27_Cast85.hex
* Software version 2.6.1.12
* Temperature SN = 7321
* Conductivity SN = 7321
* System UpLoad Time = May 27 2024 12:20:01
* <ApplicationData>
* <Seaterm232>
** 20240527
** Sea Practical 2024
** MCat 27.05 CTD_SP5
** NMEA Latitude = 54 7.781N
** NMEA Longitude = 008 25.579E
** waterdepth = 10.6m
** Merle
# nquan = 11
# nvalues = 353                         
# units = specified
# name 0 = timeJ: Julian Days
# name 1 = prdM: Pressure, Strain Gauge [db]
# name 2 = tv290C: Temperature [ITS-90, deg C]
# name 3 = c0mS/cm: Conductivity [mS/cm]
# name 4 = sal00: Salinity, Practical [PSU]
# name 5 = depSM: Depth [salt water, m], lat = 54.00
# name 6 = oxsatMm/Kg: Oxygen Saturation, Weiss [umol/kg]
# name 7 = oxsolMm/Kg: Oxygen Saturation, Garcia & Gordon [umol/kg]
# name 8 = turbWETntu0: Turbidity, WET Labs ECO [NTU]
# name 9 = flECO-AFL: Fluorescence, WET Labs ECO-AFL/FL [mg/m^3]
# name 10 = flag:  0.000e+00
# span 0 = 148.511270, 148.512289       
# span 1 =      0.393,      9.859       
# span 2 =    15.7984,    16.0544       
# span 3 =  37.191087,  37.439155       
# span 4 =    29.2270,    29.2695       
# span 5 =      0.389,      9.771       
# span 6 =  252.18438,  253.51371       
# span 7 =  252.48833,  253.80587       
# span 8 =    -3.7086,    20.0580       
# span 9 =     1.6285,     6.6305       
# span 10 = 0.0000e+00, 0.0000e+00      
# interval = seconds: 0.25
# start_time = May 27 2024 12:14:48 [Instrument's time stamp, header]
# bad_flag = -9.990e-29
*END*
[from data line 132]
 148.511652      4.153    15.8852  37.263375    29.2365      4.116  253.07354  253.36974     0.0268     3.8363 -9.990e-29
 148.511655      4.171    15.8710  37.263867    29.2444      4.134  253.13129  253.42677     0.3848     3.8767 -9.990e-29
 148.511658      4.184    15.8673  37.259507    29.2432      4.146  253.15155  253.44686     0.2914     3.8808 -9.990e-29
 148.511661      4.195    15.8642  37.252200    29.2391      4.157  253.17417  253.46937     0.4159     3.8242 -9.990e-29
 148.511664      4.206    15.8600  37.249438    29.2399      4.168  253.19440  253.48938     0.3848     3.8323 -9.990e-29
 148.511667      4.226    15.8547  37.249438    29.2437      4.188  253.21402  253.50873     1.2253     3.6746 -9.990e-29
 148.511670      4.248    15.8524  37.256193    29.2499      4.210  253.21536  253.50992     1.0229     3.6503 -9.990e-29
 148.511672      4.279    15.8532  37.254474    29.2492      4.240  253.21244  253.50704     0.9918     3.6726 0.0000e+00
 148.511675      4.313    15.8540  37.254228    29.2484      4.275  253.21131  253.50601     0.9607     3.6503 0.0000e+00
 148.511678      4.350    15.8540  37.251281    29.2453      4.311  253.21131  253.50601     0.6650     3.0963 0.0000e+00
 148.511681      4.392    15.8537  37.247167    29.2425      4.352  253.22141  253.51608     0.6338     3.0963 0.0000e+00
 148.511684      4.437    15.8510  37.239431    29.2407      4.398  253.24322  253.53780     0.6338     3.0963 0.0000e+00
 148.511687      4.478    15.8467  37.239186    29.2407      4.438  253.25996  253.55432     0.5249     3.1206 0.0000e+00
 148.511690      4.516    15.8421  37.237038    29.2419      4.475  253.28047  253.57459     0.4626     3.8848 0.0000e+00
 148.511693      4.547    15.8406  37.234153    29.2420      4.506  253.28831  253.58236     0.4237     3.8969 0.0000e+00
 148.511696      4.574    15.8391  37.229365    29.2419      4.533  253.29614  253.59012     0.4626     3.9091 -9.990e-29
 148.511698      4.594    15.8346  37.231391    29.2427      4.553  253.31698  253.61075     0.2447     3.8970 -9.990e-29
 148.511701      4.612    15.8332  37.227585    29.2404      4.571  253.32810  253.62181     1.1008     3.5209 -9.990e-29
 148.511704      4.625    15.8318  37.227708    29.2416      4.584  253.33327  253.62691     1.0385     3.4926 -9.990e-29
 148.511707      4.640    15.8311  37.230962    29.2449      4.598  253.33073  253.62432     1.0852     3.4319 -9.990e-29
 148.511710      4.658    15.8313  37.231821    29.2455      4.617  253.32885  253.62244     0.9607     3.4724 -9.990e-29
 148.511713      4.680    15.8320  37.235321    29.2480      4.638  253.32090  253.61450     1.1163     3.5330 -9.990e-29
 148.511716      4.702    15.8324  37.235751    29.2458      4.660  253.32279  253.61643     1.7856     3.4036 -9.990e-29
 148.511719      4.735    15.8324  37.233111    29.2442      4.692  253.32577  253.61943     1.7233     3.4036 0.0000e+00
 148.511722      4.768    15.8323  37.229366    29.2426      4.725  253.32876  253.62242     1.6611     3.4036 0.0000e+00
 148.511725      4.793    15.8319  37.227033    29.2409      4.750  253.33409  253.62774     1.6611     3.4036 0.0000e+00
 148.511727      4.819    15.8313  37.224394    29.2402      4.776  253.33817  253.63180     1.9646     3.7433 0.0000e+00
 148.511730      4.846    15.8307  37.225745    29.2394      4.803  253.34225  253.63586     2.4548     4.0830 -9.990e-29
 148.511733      4.870    15.8273  37.227771    29.2411      4.826  253.35677  253.65020     2.6727     4.1274 -9.990e-29
 148.511736      4.901    15.8264  37.223474    29.2412      4.857  253.36083  253.65422     2.4315     3.6664 0.0000e+00
 148.511739      4.935    15.8256  37.222246    29.2413      4.891  253.36489  253.65824     2.1903     3.2176 0.0000e+00
 148.511742      4.981    15.8240  37.223720    29.2428      4.936  253.36863  253.66189     2.0657     3.2176 0.0000e+00
 148.511745      5.028    15.8231  37.222001    29.2428      4.983  253.37452  253.66775     2.0657     3.2419 0.0000e+00
 148.511748      5.072    15.8230  37.218012    29.2412      5.027  253.37814  253.67138     2.1280     3.2500 0.0000e+00
 148.511751      5.107    15.8228  37.217214    29.2396      5.061  253.38177  253.67500     2.1903     3.2419 -9.990e-29
 148.511753      5.131    15.8205  37.212979    29.2369      5.085  253.39833  253.69147     2.0191     3.6746 -9.990e-29
 148.511756      5.149    15.8189  37.217276    29.2418      5.103  253.39779  253.69082     1.6766     3.6988 -9.990e-29
 148.511759      5.156    15.8180  37.216171    29.2415      5.110  253.40274  253.69572     1.8167     3.6746 -9.990e-29
 148.511762      5.160    15.8175  37.215680    29.2414      5.114  253.40526  253.69823     1.7700     3.6341 -9.990e-29
 148.511765      5.167    15.8171  37.214637    29.2408      5.121  253.40833  253.70128     0.7895     3.5330 -9.990e-29
 148.511768      5.176    15.8167  37.212059    29.2388      5.130  253.41372  253.70667     0.8050     3.5411 -9.990e-29
 148.511771      5.193    15.8163  37.212734    29.2398      5.146  253.41449  253.70741     0.9918     3.5492 -9.990e-29
 148.511774      5.213    15.8149  37.211138    29.2386      5.166  253.42339  253.71625     1.5054     4.1679 -9.990e-29
 148.511777      5.247    15.8149  37.210218    29.2402      5.201  253.42057  253.71342     1.5521     4.1841 0.0000e+00
 148.511780      5.284    15.8149  37.213962    29.2418      5.237  253.41774  253.71058     1.5054     4.1679 0.0000e+00
 148.511782      5.330    15.8151  37.214331    29.2420      5.282  253.41662  253.70946     1.5521     4.2002 0.0000e+00
 148.511785      5.377    15.8152  37.214638    29.2421      5.329  253.41559  253.70844     1.4276     4.1355 0.0000e+00
 148.511788      5.430    15.8154  37.216602    29.2423      5.381  253.41449  253.70735     0.7739     3.7595 0.0000e+00
 148.511791      5.477    15.8154  37.215006    29.2423      5.428  253.41449  253.70735     0.7272     3.7433 0.0000e+00
 148.511794      5.516    15.8153  37.214393    29.2421      5.466  253.41527  253.70812     0.7117     3.7413 0.0000e+00
 148.511797      5.548    15.8152  37.214331    29.2419      5.499  253.41604  253.70889     0.6961     3.7433 -9.990e-29
 148.511800      5.567    15.8163  37.218076    29.2443      5.517  253.40663  253.69952     0.5871     3.7837 -9.990e-29
 148.511803      5.583    15.8176  37.219365    29.2444      5.533  253.39964  253.69259     0.7272     4.1153 -9.990e-29
 148.511806      5.596    15.8186  37.218321    29.2428      5.546  253.39736  253.69037     0.4938     4.1032 -9.990e-29
 148.511808      5.603    15.8197  37.222127    29.2453      5.553  253.38745  253.68049     0.6494     4.1072 -9.990e-29
 148.511811      5.609    15.8204  37.217093    29.2404      5.558  253.39269  253.68580     0.6183     4.1153 -9.990e-29
 148.511814      5.623    15.8209  37.220531    29.2430      5.573  253.38542  253.67853     1.5054     4.1274 -9.990e-29
 148.511817      5.639    15.8221  37.224152    29.2447      5.589  253.37644  253.66960     1.4587     4.0991 -9.990e-29
 148.511820      5.670    15.8224  37.223539    29.2444      5.620  253.37564  253.66882     1.5521     4.1173 0.0000e+00
 148.511823      5.707    15.8227  37.223232    29.2443      5.656  253.37484  253.66803     1.6455     4.0991 0.0000e+00
 148.511826      5.747    15.8229  37.223723    29.2440      5.695  253.37484  253.66803     1.9257     4.0466 0.0000e+00
 148.511829      5.789    15.8231  37.220961    29.2425      5.737  253.37547  253.66869     1.9257     4.0466 0.0000e+00
 148.511832      5.831    15.8231  37.221882    29.2417      5.779  253.37684  253.67006     1.9568     4.0466 0.0000e+00
 148.511834      5.877    15.8224  37.219611    29.2410      5.824  253.38160  253.67480     1.7856     4.0344 0.0000e+00
 148.511837      5.922    15.8211  37.217524    29.2410      5.869  253.38954  253.68269    -0.7825     3.3511 0.0000e+00
 148.511840      5.958    15.8207  37.219427    29.2413      5.905  253.38975  253.68286    -0.8681     3.3289 0.0000e+00
 148.511843      5.991    15.8202  37.217524    29.2424      5.938  253.38995  253.68304    -0.9537     3.3066 -9.990e-29
 148.511846      6.015    15.8204  37.223233    29.2456      5.961  253.38364  253.67671    -0.9848     3.3187 -9.990e-29
 148.511849      6.031    15.8219  37.229617    29.2501      5.978  253.36834  253.66145    -1.0938     3.3551 -9.990e-29
 148.511852      6.031    15.8256  37.241036    29.2573      5.977  253.33711  253.63035    -1.2650     3.9859 -9.990e-29
 148.511855      6.040    15.8325  37.242263    29.2533      5.986  253.30941  253.60300    -1.2494     3.9859 -9.990e-29
 148.511858      6.046    15.8382  37.241710    29.2486      5.992  253.28886  253.58275    -1.2494     3.9778 -9.990e-29
 148.511861      6.053    15.8404  37.247297    29.2518      5.999  253.27210  253.56608    -1.1872     3.9495 -9.990e-29
 148.511863      6.073    15.8433  37.250859    29.2528      6.019  253.25603  253.55014    -0.1755     4.0021 -9.990e-29
 148.511866      6.097    15.8517  37.255157    29.2526      6.042  253.21419  253.50869    -0.1444     4.0183 -9.990e-29
 148.511869      6.133    15.8532  37.257735    29.2519      6.079  253.20742  253.50201    -0.0977     4.0061 0.0000e+00
 148.511872      6.170    15.8548  37.258841    29.2524      6.115  253.20065  253.49532    -0.0510     3.9940 0.0000e+00
 148.511875      6.204    15.8569  37.261911    29.2512      6.149  253.19059  253.48548     0.2914     3.6826 0.0000e+00
 148.511878      6.250    15.8587  37.255893    29.2498      6.194  253.18831  253.48307     0.3070     3.6705 0.0000e+00
 148.511881      6.296    15.8587  37.260560    29.2490      6.239  253.18703  253.48187     0.2914     3.6705 0.0000e+00
 148.511884      6.336    15.8583  37.259271    29.2490      6.279  253.18703  253.48187     0.3070     3.6907 0.0000e+00
 148.511887      6.369    15.8583  37.256753    29.2479      6.312  253.18894  253.48379     0.6028     3.7453 0.0000e+00
 148.511889      6.396    15.8583  37.249016    29.2468      6.339  253.19085  253.48571     0.9296     3.7999 -9.990e-29
 148.511892      6.414    15.8541  37.241280    29.2363      6.357  253.22999  253.52472     1.1163     3.7676 -9.990e-29
 148.511895      6.431    15.8500  37.242079    29.2401      6.373  253.24425  253.53876     1.0852     3.8363 -9.990e-29
 148.511898      6.449    15.8461  37.234404    29.2362      6.391  253.27041  253.56477     0.5249     3.7837 -9.990e-29
 148.511901      6.471    15.8422  37.236370    29.2408      6.413  253.28202  253.57616    -0.8759     5.0534 -9.990e-29
 148.511904      6.491    15.8394  37.242387    29.2486      6.433  253.28291  253.57686    -0.7669     5.0090 -9.990e-29
 148.511907      6.520    15.8398  37.242878    29.2477      6.462  253.28206  253.57605    -0.8058     5.0110 0.0000e+00
 148.511910      6.553    15.8403  37.241650    29.2483      6.494  253.28122  253.57523    -0.7669     5.0090 0.0000e+00
 148.511913      6.591    15.8413  37.244229    29.2468      6.533  253.27723  253.57137     1.8634     4.5803 0.0000e+00
 148.511916      6.628    15.8421  37.239010    29.2429      6.569  253.27723  253.57137     1.9257     4.5763 0.0000e+00
 148.511918      6.673    15.8421  37.238765    29.2429      6.614  253.27911  253.57323     1.8634     4.5480 0.0000e+00
 148.511921      6.706    15.8411  37.234652    29.2418      6.646  253.28580  253.57988     1.8868     4.5298 0.0000e+00
 148.511924      6.733    15.8402  37.226917    29.2407      6.673  253.29248  253.58652     1.8478     4.5480 -9.990e-29
 148.511927      6.752    15.8349  37.221638    29.2332      6.691  253.33179  253.62564     2.0191     4.5682 -9.990e-29
 148.511930      6.770    15.8308  37.222928    29.2374      6.710  253.34531  253.63893     1.9257     4.5439 -9.990e-29
 148.511933      6.781    15.8281  37.220288    29.2371      6.721  253.35941  253.65291     2.2058     4.5925 -9.990e-29
 148.511936      6.799    15.8254  37.215255    29.2347      6.739  253.37714  253.67053    -0.8136     3.7554 -9.990e-29
 148.511939      6.814    15.8187  37.212064    29.2421      6.753  253.39815  253.69117    -0.6424     3.8039 -9.990e-29
 148.511942      6.840    15.8187  37.218080    29.2420      6.779  253.39854  253.69155    -0.7125     3.7878 0.0000e+00
 148.511944      6.867    15.8187  37.217773    29.2421      6.806  253.39815  253.69117    -0.7825     3.8039 0.0000e+00
 148.511947      6.904    15.8199  37.219369    29.2423      6.842  253.39178  253.68485    -0.7825     3.8120 0.0000e+00
 148.511950      6.947    15.8212  37.222254    29.2438      6.885  253.38239  253.67552     0.8206     4.1072 0.0000e+00
 148.511953      6.989    15.8229  37.230112    29.2489      6.927  253.36429  253.65745     0.8206     4.1072 0.0000e+00
 148.511956      7.035    15.8253  37.231585    29.2489      6.972  253.35317  253.64645     0.8206     4.1072 0.0000e+00
 148.511959      7.073    15.8267  37.230541    29.2474      7.010  253.34863  253.64198     0.7894     4.1092 0.0000e+00
 148.511962      7.112    15.8281  37.233365    29.2459      7.048  253.34408  253.63751     0.7272     4.1194 -9.990e-29
 148.511965      7.137    15.8326  37.234163    29.2457      7.073  253.32170  253.61535     2.3926     3.7393 -9.990e-29
 148.511968      7.154    15.8340  37.236496    29.2468      7.090  253.31313  253.60684     2.2836     3.7433 -9.990e-29
 148.511970      7.168    15.8346  37.231584    29.2420      7.104  253.31819  253.61196     2.3303     3.7393 -9.990e-29
 148.511973      7.179    15.8344  37.230111    29.2409      7.115  253.32131  253.61508     3.7155     5.6398 -9.990e-29
 148.511976      7.193    15.8336  37.229190    29.2407      7.129  253.32568  253.61942     3.7622     5.6842 -9.990e-29
 148.511979      7.217    15.8324  37.228945    29.2413      7.153  253.33052  253.62420     3.8089     5.6357 -9.990e-29
 148.511982      7.232    15.8312  37.225998    29.2396      7.167  253.33945  253.63307     3.8712     5.7125 -9.990e-29
 148.511985      7.250    15.8296  37.224403    29.2394      7.185  253.34781  253.64137    -0.0199     3.6948 -9.990e-29
 148.511988      7.263    15.8285  37.226183    29.2418      7.198  253.34929  253.64278    -0.1132     3.6462 -9.990e-29
 148.511991      7.277    15.8272  37.221150    29.2384      7.212  253.36196  253.65541    -0.1444     3.6746 -9.990e-29
 148.511994      7.297    15.8250  37.225508    29.2452      7.232  253.36083  253.65412    -0.3000     3.6746 -9.990e-29
 148.511997      7.328    15.8259  37.227227    29.2468      7.263  253.35367  253.64700    -0.9070     3.5978 0.0000e+00
 148.511999      7.365    15.8268  37.232384    29.2484      7.299  253.34651  253.63987    -1.5140     3.5330 0.0000e+00
 148.512002      7.405    15.8287  37.235577    29.2498      7.339  253.33458  253.62801    -1.6385     3.5209 0.0000e+00
 148.512005      7.450    15.8318  37.253383    29.2630      7.384  253.29610  253.58958    -1.7008     3.5330 0.0000e+00
 148.512008      7.502    15.8397  37.263392    29.2630      7.435  253.25130  253.54514    -1.7008     3.5169 0.0000e+00
 148.512011      7.553    15.8489  37.264066    29.2597      7.485  253.21585  253.51017    -0.0821     3.4926 0.0000e+00
 148.512014      7.604    15.8550  37.262960    29.2542      7.536  253.19467  253.48932    -0.0821     3.4845 0.0000e+00
 148.512017      7.646    15.8565  37.259705    29.2517      7.577  253.19164  253.48638    -0.0977     3.4724 0.0000e+00
 148.512020      7.684    15.8579  37.261793    29.2492      7.615  253.18862  253.48344    -0.1132     3.4602 -9.990e-29
 148.512023      7.706    15.8592  37.266399    29.2541      7.637  253.17379  253.46864    -1.1094     4.0668 -9.990e-29
 148.512025      7.720    15.8607  37.264741    29.2515      7.651  253.17066  253.46560    -1.1560     4.0547 -9.990e-29
