seaocn-cb/data/ctd_cnv/SBE19plus_01907321_2024_05_23_Cast27.cnv
* Sea-Bird SBE19plus  Data File:
* FileName = E:\Prandtl_Daten\2024\CTD\raw\SBE19plus_01907321_2024_05_23_Cast27.hex
* Software version 2.6.1.12
* Temperature SN = 7321
* Conductivity SN = 7321
* System UpLoad Time = May 23 2024 09:52:19
* <ApplicationData>
* <Seaterm232>
** 20240522
** Sea Practical 2024
** MCat 23.05 CTD_NP7
** NMEA Latitude = 054 12.04N
** NMEA Longitude = 008 22.05E
** waterdepth = 14.3m
** Arved
# nquan = 11
# nvalues = 460                         
# units = specified
# name 0 = timeJ: Julian Days
# name 1 = prdM: Pressure, Strain Gauge [db]
# name 2 = tv290C: Temperature [ITS-90, deg C]
# name 3 = c0mS/cm: Conductivity [mS/cm]
# name 4 = sal00: Salinity, Practical [PSU]
# name 5 = depSM: Depth [salt water, m], lat = 54.00
# name 6 = oxsatMm/Kg: Oxygen Saturation, Weiss [umol/kg]
# name 7 = oxsolMm/Kg: Oxygen Saturation, Garcia & Gordon [umol/kg]
# name 8 = turbWETntu0: Turbidity, WET Labs ECO [NTU]
# name 9 = flECO-AFL: Fluorescence, WET Labs ECO-AFL/FL [mg/m^3]
# name 10 = flag:  0.000e+00
# span 0 = 144.406736, 144.408064       
# span 1 =      0.576,     13.442       
# span 2 =    13.7529,    14.0239       
# span 3 =  36.878261,  36.941239       
# span 4 =    30.3649,    30.5501       
# span 5 =      0.571,     13.321       
# span 6 =  260.71331,  261.83794       
# span 7 =  260.90412,  262.01160       
# span 8 =    -4.8136,    -2.4167       
# span 9 =     3.0599,     6.6830       
# span 10 = 0.0000e+00, 0.0000e+00      
# interval = seconds: 0.25
# start_time = May 23 2024 09:44:17 [Instrument's time stamp, header]
# bad_flag = -9.990e-29
*END*
[from data line 132]
 144.407118      4.360    13.8501  36.884070    30.4498      4.321  261.49206  261.67222    -4.2689     5.7651 0.0000e+00
 144.407121      4.395    13.8473  36.889331    30.4544      4.355  261.49441  261.67433    -4.3778     5.7772 0.0000e+00
 144.407124      4.440    13.8448  36.884560    30.4568      4.400  261.51227  261.69207    -4.2222     5.7813 0.0000e+00
 144.407127      4.482    13.8435  36.886824    30.4575      4.442  261.51352  261.69322    -4.1755     5.7813 0.0000e+00
 144.407130      4.535    13.8435  36.886824    30.4575      4.494  261.51352  261.69322    -4.1755     5.8622 0.0000e+00
 144.407133      4.584    13.8446  36.887497    30.4572      4.543  261.50892  261.68871    -4.1755     5.8622 0.0000e+00
 144.407135      4.634    13.8447  36.886824    30.4572      4.592  261.50806  261.68784    -4.2845     5.8622 0.0000e+00
 144.407138      4.679    13.8449  36.888170    30.4574      4.637  261.50584  261.68563    -4.3156     5.8622 0.0000e+00
 144.407141      4.719    13.8458  36.888843    30.4574      4.677  261.50126  261.68109    -4.3156     5.8662 0.0000e+00
 144.407144      4.760    13.8468  36.887681    30.4555      4.717  261.49980  261.67977    -4.4090     5.9026 0.0000e+00
 144.407147      4.796    13.8471  36.885723    30.4543      4.753  261.49947  261.67941    -4.4401     5.8945 0.0000e+00
 144.407150      4.827    13.8475  36.884133    30.4532      4.784  261.49980  261.67977    -4.4712     5.9228 -9.990e-29
 144.407153      4.847    13.8507  36.881442    30.4467      4.804  261.49443  261.67464    -4.1444     5.6479 -9.990e-29
 144.407156      4.863    13.8534  36.880035    30.4433      4.820  261.48600  261.66641    -4.0043     5.7206 -9.990e-29
 144.407159      4.869    13.8558  36.883215    30.4443      4.825  261.47140  261.65193    -4.1599     5.7206 -9.990e-29
 144.407161      4.876    13.8575  36.880402    30.4404      4.832  261.46938  261.65005    -4.0666     5.6883 -9.990e-29
 144.407164      4.885    13.8585  36.884316    30.4431      4.841  261.45880  261.63950    -4.0666     6.1493 -9.990e-29
 144.407167      4.892    13.8594  36.881441    30.4398      4.849  261.46038  261.64116    -4.0510     6.1857 -9.990e-29
 144.407170      4.902    13.8604  36.884071    30.4414      4.858  261.45194  261.63276    -4.1288     6.1371 -9.990e-29
 144.407173      4.912    13.8616  36.882114    30.4387      4.868  261.45054  261.63145    -4.1132     6.1493 -9.990e-29
 144.407176      4.929    13.8624  36.878261    30.4345      4.885  261.45374  261.63475    -3.8798     6.1169 -9.990e-29
 144.407179      4.949    13.8631  36.882542    30.4408      4.905  261.43876  261.61974    -3.8798     5.9713 -9.990e-29
 144.407182      4.976    13.8630  36.885722    30.4393      4.932  261.44234  261.62334    -3.8175     5.9551 0.0000e+00
 144.407185      5.002    13.8628  36.882114    30.4386      4.957  261.44512  261.62609    -3.7553     5.9390 0.0000e+00
 144.407187      5.035    13.8628  36.882970    30.4386      4.990  261.44512  261.62609    -3.7553     5.9390 0.0000e+00
 144.407190      5.066    13.8630  36.889331    30.4424      5.020  261.43311  261.61406    -4.3311     5.7530 0.0000e+00
 144.407193      5.102    13.8637  36.887986    30.4424      5.056  261.43311  261.61406    -4.3311     5.7530 0.0000e+00
 144.407196      5.138    13.8637  36.886824    30.4411      5.093  261.43383  261.61486    -4.3311     5.7287 0.0000e+00
 144.407199      5.180    13.8636  36.885906    30.4405      5.134  261.43655  261.61756    -4.1599     5.7772 0.0000e+00
 144.407202      5.226    13.8632  36.883644    30.4401      5.179  261.44179  261.62280    -3.9420     5.9916 0.0000e+00
 144.407205      5.273    13.8626  36.884684    30.4401      5.226  261.44243  261.62339    -3.9420     6.0077 0.0000e+00
 144.407208      5.321    13.8618  36.884317    30.4404      5.273  261.44627  261.62719    -3.9420     6.0239 0.0000e+00
 144.407211      5.363    13.8612  36.885051    30.4415      5.315  261.44741  261.62828    -3.9420     6.0482 0.0000e+00
 144.407214      5.403    13.8601  36.884256    30.4416      5.355  261.45289  261.63357    -4.0354     6.0482 0.0000e+00
 144.407216      5.430    13.8587  36.887743    30.4456      5.382  261.45313  261.63393    -4.1911     6.0239 0.0000e+00
 144.407219      5.460    13.8578  36.885908    30.4458      5.411  261.45777  261.63841    -4.2611     6.0118 0.0000e+00
 144.407222      5.491    13.8570  36.885113    30.4456      5.442  261.46265  261.64324    -4.3311     5.9996 -9.990e-29
 144.407225      5.512    13.8545  36.884135    30.4460      5.463  261.47554  261.65598    -3.9420     5.9875 -9.990e-29
 144.407228      5.534    13.8525  36.886826    30.4499      5.485  261.47865  261.65895    -4.3311     5.7489 -9.990e-29
 144.407231      5.560    13.8497  36.883830    30.4494      5.510  261.49472  261.67485    -4.3467     5.6883 -9.990e-29
 144.407234      5.583    13.8457  36.885726    30.4543      5.533  261.50731  261.68717    -4.2378     5.6721 -9.990e-29
 144.407237      5.604    13.8415  36.884565    30.4566      5.553  261.52585  261.70545    -4.1288     5.6802 -9.990e-29
 144.407240      5.623    13.8381  36.886217    30.4608      5.573  261.53651  261.71587    -3.9265     5.9713 -9.990e-29
 144.407242      5.647    13.8355  36.888664    30.4651      5.597  261.54265  261.72182    -4.1132     5.9309 -9.990e-29
 144.407245      5.665    13.8337  36.885484    30.4636      5.615  261.55494  261.73402    -4.1911     5.9188 -9.990e-29
 144.407248      5.676    13.8331  36.887930    30.4664      5.626  261.55349  261.73252    -4.0043     5.9835 -9.990e-29
 144.407251      5.691    13.8331  36.886401    30.4649      5.640  261.55576  261.73480    -4.2378     5.8258 -9.990e-29
 144.407254      5.707    13.8331  36.881875    30.4608      5.656  261.56359  261.74266    -4.0666     5.7934 -9.990e-29
 144.407257      5.718    13.8331  36.886401    30.4649      5.667  261.55607  261.73510    -4.1132     5.8096 -9.990e-29
 144.407260      5.740    13.8352  36.888175    30.4659      5.689  261.54277  261.72192    -3.1794     5.8662 -9.990e-29
 144.407263      5.766    13.8361  36.889337    30.4654      5.714  261.53903  261.71824    -3.2805     5.8784 0.0000e+00
 144.407266      5.795    13.8370  36.889643    30.4648      5.743  261.53529  261.71456    -3.3195     5.8824 0.0000e+00
 144.407269      5.828    13.8391  36.887746    30.4613      5.776  261.53003  261.70944    -3.3195     5.8824 0.0000e+00
 144.407271      5.861    13.8407  36.887991    30.4606      5.808  261.52353  261.70304    -3.2105     5.8581 0.0000e+00
 144.407274      5.899    13.8410  36.888603    30.4603      5.846  261.52334  261.70289    -3.2105     5.8339 0.0000e+00
 144.407277      5.937    13.8410  36.887257    30.4603      5.884  261.52184  261.70137    -4.0510     5.5670 0.0000e+00
 144.407280      5.990    13.8410  36.888358    30.4598      5.937  261.52334  261.70289    -4.0510     5.5670 0.0000e+00
 144.407283      6.036    13.8399  36.886830    30.4603      5.982  261.52878  261.70825    -4.0043     5.5629 0.0000e+00
 144.407286      6.087    13.8391  36.888420    30.4616      6.032  261.52937  261.70878    -4.0043     5.5670 0.0000e+00
 144.407289      6.141    13.8379  36.887075    30.4619      6.087  261.53630  261.71565    -4.0510     5.8986 0.0000e+00
 144.407292      6.193    13.8351  36.888849    30.4626      6.137  261.54416  261.72331    -4.0666     5.8986 0.0000e+00
 144.407295      6.233    13.8334  36.882978    30.4640      6.177  261.55561  261.73468    -4.1211     5.9026 0.0000e+00
 144.407297      6.262    13.8318  36.890073    30.4626      6.206  261.56706  261.74604    -4.1755     5.8703 -9.990e-29
 144.407300      6.282    13.8269  36.885242    30.4685      6.226  261.58254  261.76119    -4.0510     5.5953 -9.990e-29
 144.407303      6.293    13.8257  36.885059    30.4693      6.237  261.58751  261.76608    -3.7553     5.5832 -9.990e-29
 144.407306      6.298    13.8252  36.885793    30.4704      6.242  261.58833  261.76686    -3.6463     5.5670 -9.990e-29
 144.407309      6.295    13.8251  36.886404    30.4711      6.239  261.58789  261.76641    -3.8798     5.5589 -9.990e-29
 144.407312      6.288    13.8248  36.886832    30.4716      6.231  261.58805  261.76655    -3.6619     6.0037 -9.990e-29
 144.407315      6.295    13.8250  36.886221    30.4710      6.238  261.58849  261.76700    -3.4129     6.0239 -9.990e-29
 144.407318      6.309    13.8255  36.884325    30.4688      6.253  261.58961  261.76818    -3.5841     6.0118 -9.990e-29
 144.407321      6.329    13.8268  36.880716    30.4699      6.273  261.58083  261.75946    -3.5841     6.0158 -9.990e-29
 144.407323      6.359    13.8267  36.886649    30.4686      6.302  261.58363  261.76226    -3.7319     6.0502 0.0000e+00
 144.407326      6.399    13.8266  36.883652    30.4699      6.341  261.58176  261.76029    -3.8798     6.0482 0.0000e+00
 144.407329      6.441    13.8255  36.889096    30.4721      6.383  261.58643  261.76507    -4.2378     6.0482 0.0000e+00
 144.407332      6.483    13.8242  36.886833    30.4724      6.425  261.59080  261.76925    -4.2378     6.0280 0.0000e+00
 144.407335      6.517    13.8242  36.887078    30.4721      6.459  261.59099  261.76944    -4.0043     6.0280 0.0000e+00
 144.407338      6.556    13.8242  36.885488    30.4716      6.497  261.59160  261.77006    -3.9032     6.2463 0.0000e+00
 144.407341      6.590    13.8244  36.883837    30.4707      6.531  261.59221  261.77069    -3.8020     6.4647 -9.990e-29
 144.407344      6.612    13.8250  36.886589    30.4712      6.553  261.58809  261.76660    -3.8487     6.3878 -9.990e-29
 144.407347      6.634    13.8254  36.886405    30.4707      6.575  261.58695  261.76549    -3.8175     6.4768 -9.990e-29
 144.407350      6.649    13.8258  36.886405    30.4703      6.589  261.58521  261.76378    -4.1755     6.0765 -9.990e-29
 144.407352      6.661    13.8270  36.884142    30.4661      6.602  261.58659  261.76526    -3.8798     6.0765 -9.990e-29
 144.407355      6.689    13.8273  36.882797    30.4669      6.629  261.58366  261.76234    -4.0432     6.1028 0.0000e+00
 144.407358      6.723    13.8276  36.884938    30.4661      6.663  261.58167  261.76043    -4.1444     6.1290 0.0000e+00
 144.407361      6.765    13.8282  36.882981    30.4672      6.705  261.58072  261.75941    -4.1444     6.1290 0.0000e+00
 144.407364      6.809    13.8287  36.885488    30.4671      6.748  261.57549  261.75426    -4.0821     6.1290 0.0000e+00
 144.407367      6.858    13.8291  36.885794    30.4672      6.797  261.57356  261.75235    -4.0821     6.1776 0.0000e+00
 144.407370      6.902    13.8297  36.886834    30.4676      6.840  261.56953  261.74834    -3.9732     6.1776 0.0000e+00
 144.407373      6.942    13.8297  36.887507    30.4676      6.880  261.56953  261.74834    -3.9732     6.1129 0.0000e+00
 144.407376      6.975    13.8299  36.886223    30.4674      6.913  261.56879  261.74762    -3.8098     5.9734 0.0000e+00
 144.407378      7.002    13.8297  36.886406    30.4670      6.940  261.57060  261.74942    -3.6463     5.8339 -9.990e-29
 144.407381      7.024    13.8256  36.888425    30.4722      6.961  261.58297  261.76151    -3.9732     5.9026 -9.990e-29
 144.407384      7.039    13.8230  36.889465    30.4752      6.976  261.59144  261.76980    -3.7086     5.9066 -9.990e-29
 144.407387      7.048    13.8214  36.889099    30.4762      6.985  261.59846  261.77672    -3.5529     5.9107 -9.990e-29
 144.407390      7.053    13.8196  36.889343    30.4778      6.990  261.60505  261.78319    -3.4907     5.8662 -9.990e-29
 144.407393      7.068    13.8180  36.889221    30.4790      7.005  261.61166  261.78970    -3.5529     5.8622 -9.990e-29
 144.407396      7.083    13.8165  36.886592    30.4777      7.019  261.62158  261.79955    -3.5996     5.8824 -9.990e-29
 144.407399      7.108    13.8163  36.890445    30.4792      7.045  261.62054  261.79848    -3.5062     6.0360 -9.990e-29
 144.407402      7.141    13.8166  36.887937    30.4799      7.077  261.61736  261.79531    -3.5529     6.0360 0.0000e+00
 144.407405      7.176    13.8169  36.890200    30.4792      7.112  261.61418  261.79214    -3.5062     6.0360 0.0000e+00
 144.407407      7.218    13.8179  36.889344    30.4792      7.153  261.61185  261.78988    -3.5996     6.0077 0.0000e+00
 144.407410      7.258    13.8191  36.890506    30.4791      7.193  261.60528  261.78338    -3.7397     5.7287 0.0000e+00
 144.407413      7.294    13.8204  36.889528    30.4773      7.229  261.60170  261.77989    -4.0043     5.6802 0.0000e+00
 144.407416      7.331    13.8212  36.887998    30.4759      7.265  261.59978  261.77804    -3.9576     5.7044 0.0000e+00
 144.407419      7.358    13.8220  36.888610    30.4746      7.292  261.59786  261.77618    -4.1755     5.6802 -9.990e-29
 144.407422      7.373    13.8247  36.888426    30.4728      7.307  261.58670  261.76518    -4.1444     5.6883 -9.990e-29
 144.407425      7.384    13.8264  36.883656    30.4671      7.318  261.58795  261.76658    -3.4907     6.1169 -9.990e-29
 144.407428      7.398    13.8282  36.888610    30.4702      7.332  261.57244  261.75115    -3.5841     6.1452 -9.990e-29
 144.407431      7.417    13.8297  36.887080    30.4676      7.350  261.56946  261.74828    -3.6152     6.1048 -9.990e-29
 144.407433      7.440    13.8291  36.886408    30.4699      7.374  261.56857  261.74733    -3.6774     6.2180 -9.990e-29
 144.407436      7.469    13.8286  36.889038    30.4682      7.403  261.57420  261.75294    -3.6852     6.1958 0.0000e+00
 144.407439      7.519    13.8281  36.884573    30.4699      7.451  261.57808  261.75670    -3.6930     6.1816 0.0000e+00
 144.407442      7.566    13.8268  36.888610    30.4712      7.498  261.57982  261.75855    -3.7708     6.1816 0.0000e+00
 144.407445      7.615    13.8251  36.890690    30.4730      7.547  261.58135  261.75984    -3.9420     6.1816 0.0000e+00
 144.407448      7.656    13.8238  36.887999    30.4736      7.587  261.59109  261.76952    -4.0666     6.0239 0.0000e+00
 144.407451      7.696    13.8228  36.887694    30.4736      7.627  261.59570  261.77407    -4.0821     6.0118 0.0000e+00
 144.407454      7.723    13.8223  36.889529    30.4748      7.654  261.59622  261.77454    -4.1522     6.0017 0.0000e+00
 144.407457      7.754    13.8217  36.888857    30.4760      7.685  261.59674  261.77502    -4.2378     6.0118 -9.990e-29
 144.407459      7.776    13.8200  36.886227    30.4744      7.706  261.60926  261.78746    -3.6619     6.2948 -9.990e-29
 144.407462      7.789    13.8200  36.885921    30.4741      7.719  261.60949  261.78769    -3.5996     6.2746 -9.990e-29
 144.407465      7.798    13.8203  36.887511    30.4753      7.728  261.60568  261.78389    -3.2728     6.3191 -9.990e-29
 144.407468      7.814    13.8196  36.886410    30.4749      7.744  261.61044  261.78861    -3.5529     6.3110 -9.990e-29
 144.407471      7.831    13.8160  36.890875    30.4807      7.760  261.61884  261.79675    -3.5218     6.0280 -9.990e-29
 144.407474      7.862    13.8155  36.889775    30.4819      7.791  261.61971  261.79757    -3.5140     6.0280 0.0000e+00
 144.407477      7.894    13.8155  36.891365    30.4819      7.824  261.61971  261.79757    -3.5140     6.0280 0.0000e+00
 144.407480      7.925    13.8149  36.890876    30.4831      7.854  261.62058  261.79840    -3.5062     6.0280 -9.990e-29
 144.407483      7.949    13.8132  36.892467    30.4854      7.878  261.62548  261.80318    -3.4129     6.0037 -9.990e-29
 144.407486      7.976    13.8131  36.889653    30.4829      7.905  261.63076  261.80848    -4.0043     6.5011 -9.990e-29
 144.407488      7.997    13.8128  36.890877    30.4843      7.925  261.62990  261.80759    -3.5218     6.5375 -9.990e-29
 144.407491      8.015    13.8124  36.892039    30.4856      7.943  261.62943  261.80709    -3.9109     6.4525 -9.990e-29
