seaocn-cb/data/ctd_cnv/SBE19plus_01907321_2024_05_21_Cast05.cnv
* Sea-Bird SBE19plus  Data File:
* FileName = E:\Prandtl_Daten\2024\CTD\raw\SBE19plus_01907321_2024_05_21_Cast05.hex
* Software version 2.6.1.12
* Temperature SN = 7321
* Conductivity SN = 7321
* System UpLoad Time = May 21 2024 13:00:48
* <ApplicationData>
* <Seaterm232>
** 20240521
** Sea Practical 2024
** MCat 21.05 CTD_SP2
** NMEA Latitude = 54 06.053N
** NMEA Longitude = 008 34.25E
** waterdepth = 13.5m
** Merle
# nquan = 11
# nvalues = 431                         
# units = specified
# name 0 = timeJ: Julian Days
# name 1 = prdM: Pressure, Strain Gauge [db]
# name 2 = tv290C: Temperature [ITS-90, deg C]
# name 3 = c0mS/cm: Conductivity [mS/cm]
# name 4 = sal00: Salinity, Practical [PSU]
# name 5 = depSM: Depth [salt water, m], lat = 54.00
# name 6 = oxsatMm/Kg: Oxygen Saturation, Weiss [umol/kg]
# name 7 = oxsolMm/Kg: Oxygen Saturation, Garcia & Gordon [umol/kg]
# name 8 = turbWETntu0: Turbidity, WET Labs ECO [NTU]
# name 9 = flECO-AFL: Fluorescence, WET Labs ECO-AFL/FL [mg/m^3]
# name 10 = flag:  0.000e+00
# span 0 = 142.538244, 142.539488       
# span 1 =      0.659,     11.638       
# span 2 =    15.4830,    16.9352       
# span 3 =  35.627397,  35.841533       
# span 4 =    27.2622,    28.2060       
# span 5 =      0.653,     11.534       
# span 6 =  251.23400,  256.91837       
# span 7 =  251.58978,  257.20293       
# span 8 =    -3.4907,     3.0930       
# span 9 =     4.6875,    12.5423       
# span 10 = 0.0000e+00, 0.0000e+00      
# interval = seconds: 0.25
# start_time = May 21 2024 12:53:41 [Instrument's time stamp, header]
# bad_flag = -9.990e-29
*END*
[from data line 132]
 142.538626      4.061    16.3359  35.665062    27.5340      4.025  253.75630  254.08474    -2.4634     7.9163 -9.990e-29
 142.538628      4.087    16.3236  35.667658    27.5423      4.050  253.80340  254.13125    -2.7203     7.8880 0.0000e+00
 142.538631      4.118    16.3113  35.667480    27.5507      4.081  253.85050  254.17775    -2.9771     7.8597 0.0000e+00
 142.538634      4.158    16.2865  35.669836    27.5698      4.121  253.94184  254.26786    -3.1016     7.7910 0.0000e+00
 142.538637      4.209    16.2706  35.668752    27.5799      4.171  254.00441  254.32966    -3.1794     7.7910 0.0000e+00
 142.538640      4.266    16.2555  35.668332    27.5899      4.227  254.06291  254.38743    -3.1794     7.7910 0.0000e+00
 142.538643      4.320    16.2396  35.668093    27.6007      4.282  254.12421  254.44795    -3.1327     7.7910 0.0000e+00
 142.538646      4.364    16.2307  35.661819    27.6042      4.325  254.16303  254.48635    -3.0705     7.8982 0.0000e+00
 142.538649      4.392    16.2218  35.663993    27.6076      4.353  254.20185  254.52475    -3.0082     8.0538 -9.990e-29
 142.538652      4.412    16.2075  35.661157    27.6169      4.372  254.25760  254.57980    -2.8525     8.0619 -9.990e-29
 142.538655      4.417    16.1944  35.661762    27.6265      4.378  254.30713  254.62868    -2.9771     8.0457 -9.990e-29
 142.538657      4.419    16.1813  35.656877    27.6314      4.380  254.36453  254.68546    -2.5413     8.9960 -9.990e-29
 142.538660      4.419    16.1668  35.649940    27.6355      4.380  254.43052  254.75078    -2.3078     9.0283 -9.990e-29
 142.538663      4.427    16.1525  35.654225    27.6491      4.387  254.47915  254.79867    -2.4167     8.9919 -9.990e-29
 142.538666      4.434    16.1424  35.652296    27.6545      4.394  254.52107  254.84010    -2.4634     8.9798 -9.990e-29
 142.538669      4.452    16.1329  35.655555    27.6593      4.412  254.56024  254.87881    -2.6813     8.7655 -9.990e-29
 142.538672      4.478    16.1314  35.650367    27.6607      4.438  254.56559  254.88409    -2.7825     8.7554 0.0000e+00
 142.538675      4.518    16.1299  35.651031    27.6620      4.477  254.57094  254.88936    -2.6813     8.7453 0.0000e+00
 142.538678      4.561    16.1241  35.650549    27.6656      4.521  254.59381  254.91195    -2.8837     8.7291 0.0000e+00
 142.538681      4.609    16.1192  35.652299    27.6705      4.567  254.61027  254.92815    -3.0860     8.2317 0.0000e+00
 142.538683      4.651    16.1184  35.652541    27.6716      4.609  254.61239  254.93023    -3.0860     8.2317 0.0000e+00
 142.538686      4.693    16.1181  35.652963    27.6717      4.651  254.61392  254.93175    -3.1016     8.2357 0.0000e+00
 142.538689      4.724    16.1184  35.652963    27.6716      4.681  254.61239  254.93023    -3.0860     8.2398 -9.990e-29
 142.538692      4.746    16.1134  35.643854    27.6672      4.703  254.64509  254.96274    -2.9926     8.2560 -9.990e-29
 142.538695      4.760    16.1069  35.644277    27.6721      4.718  254.66966  254.98698    -3.0238     8.5310 -9.990e-29
 142.538698      4.773    16.1002  35.640417    27.6734      4.730  254.70125  255.01826    -3.2261     8.5188 -9.990e-29
 142.538701      4.788    16.0950  35.642771    27.6790      4.745  254.71740  255.03414    -2.9459     8.4744 -9.990e-29
 142.538704      4.797    16.0914  35.641022    27.6800      4.754  254.73385  255.05041    -3.0393     8.4541 -9.990e-29
 142.538707      4.817    16.0875  35.637343    27.6795      4.774  254.75442  255.07081    -2.7125     8.3167 -9.990e-29
 142.538709      4.840    16.0761  35.635413    27.6875      4.797  254.79837  255.11420    -2.6191     8.3814 -9.990e-29
 142.538712      4.868    16.0735  35.637344    27.6884      4.824  254.81015  255.12585    -2.5724     8.3915 0.0000e+00
 142.538715      4.904    16.0709  35.635173    27.6893      4.860  254.82192  255.13749    -2.6191     8.3814 0.0000e+00
 142.538718      4.948    16.0666  35.632580    27.6899      4.904  254.84211  255.15749    -3.2728     8.1306 0.0000e+00
 142.538721      4.986    16.0623  35.636260    27.6961      4.942  254.85319  255.16834    -3.2728     8.0943 0.0000e+00
 142.538724      5.032    16.0590  35.634572    27.6969      4.987  254.86834  255.18333    -3.2728     8.0943 0.0000e+00
 142.538727      5.067    16.0583  35.634994    27.6976      5.021  254.87079  255.18575    -3.2650     8.1024 0.0000e+00
 142.538730      5.094    16.0576  35.633064    27.6983      5.048  254.87325  255.18817    -3.2728     8.1104 -9.990e-29
 142.538733      5.110    16.0509  35.633246    27.7014      5.065  254.90170  255.21629    -3.0549     7.6858 -9.990e-29
 142.538736      5.127    16.0436  35.628723    27.7026      5.081  254.93674  255.25099    -2.9615     7.7222 -9.990e-29
 142.538738      5.132    16.0385  35.630895    27.7080      5.086  254.95314  255.26712    -3.1171     7.7222 -9.990e-29
 142.538741      5.139    16.0334  35.627397    27.7086      5.093  254.97804  255.29179    -3.2728     7.6939 -9.990e-29
 142.538744      5.147    16.0269  35.633068    27.7179      5.101  254.99440  255.30779    -3.0082     7.9244 -9.990e-29
 142.538747      5.159    16.0204  35.628062    27.7182      5.113  255.02710  255.34019    -3.1171     7.9244 -9.990e-29
 142.538750      5.176    16.0113  35.636086    27.7314      5.130  255.05004  255.36263    -2.9926     7.9163 -9.990e-29
 142.538753      5.196    16.0013  35.630658    27.7394      5.150  255.08652  255.39860    -3.2416     8.4541 -9.990e-29
 142.538756      5.231    15.9998  35.637354    27.7391      5.184  255.09512  255.40713    -3.2572     8.4784 0.0000e+00
 142.538759      5.263    15.9982  35.634097    27.7394      5.216  255.10372  255.41565    -3.2416     8.4541 0.0000e+00
 142.538762      5.307    15.9939  35.637596    27.7448      5.260  255.11474  255.42644    -3.2728     8.4137 0.0000e+00
 142.538764      5.347    15.9896  35.640613    27.7504      5.299  255.12679  255.43826    -3.2572     8.4137 0.0000e+00
 142.538767      5.387    15.9839  35.638684    27.7527      5.339  255.15180  255.46300    -3.2572     8.6199 0.0000e+00
 142.538770      5.420    15.9792  35.638684    27.7560      5.372  255.16992  255.48088    -3.1794     8.6361 0.0000e+00
 142.538773      5.449    15.9756  35.638262    27.7582      5.401  255.18468  255.49546    -3.1794     8.6442 0.0000e+00
 142.538776      5.475    15.9746  35.638021    27.7587      5.426  255.18871  255.49944    -3.1950     8.6402 0.0000e+00
 142.538779      5.506    15.9736  35.634101    27.7593      5.457  255.19273  255.50341    -3.2105     8.6442 -9.990e-29
 142.538782      5.526    15.9714  35.634584    27.7578      5.477  255.20622  255.51681    -3.4284     8.5552 -9.990e-29
 142.538785      5.548    15.9698  35.638867    27.7626      5.498  255.20591  255.51640    -3.4129     8.5754 -9.990e-29
 142.538788      5.570    15.9689  35.639772    27.7641      5.520  255.20824  255.51867    -3.4129     8.5552 -9.990e-29
 142.538791      5.592    15.9668  35.635187    27.7672      5.542  255.21334  255.52366    -2.9926     7.9770 -9.990e-29
 142.538793      5.626    15.9663  35.641703    27.7685      5.576  255.21321  255.52351    -2.9537     7.9891 0.0000e+00
 142.538796      5.654    15.9663  35.644116    27.7685      5.603  255.21321  255.52351    -2.9537     7.9891 0.0000e+00
 142.538799      5.687    15.9659  35.647132    27.7699      5.636  255.21309  255.52335    -2.9148     8.0012 -9.990e-29
 142.538802      5.712    15.9647  35.645805    27.7721      5.661  255.21518  255.52537    -2.9148     7.9325 -9.990e-29
 142.538805      5.734    15.9640  35.649968    27.7762      5.683  255.21168  255.52181    -3.0238     8.2358 -9.990e-29
 142.538808      5.752    15.9630  35.649968    27.7770      5.701  255.21568  255.52575    -3.0393     8.2075 -9.990e-29
 142.538811      5.772    15.9626  35.652563    27.7795      5.721  255.21331  255.52335    -2.9304     8.2196 -9.990e-29
 142.538814      5.791    15.9615  35.648400    27.7766      5.739  255.22389  255.53389    -3.0860     8.2520 -9.990e-29
 142.538817      5.805    15.9594  35.652563    27.7817      5.753  255.22560  255.53547    -3.4129     7.9042 -9.990e-29
 142.538819      5.824    15.9574  35.648220    27.7793      5.772  255.23982  255.54962    -3.3817     7.8597 -9.990e-29
 142.538822      5.838    15.9560  35.655339    27.7865      5.786  255.23461  255.54430    -3.4907     7.8880 -9.990e-29
 142.538825      5.858    15.9553  35.655339    27.7870      5.806  255.23738  255.54704    -3.2105     7.9163 -9.990e-29
 142.538828      5.878    15.9543  35.658175    27.7901      5.826  255.23712  255.54670    -3.1171     8.0781 -9.990e-29
 142.538831      5.906    15.9545  35.658175    27.7895      5.853  255.23734  255.54692    -3.0938     8.0902 0.0000e+00
 142.538834      5.933    15.9546  35.657089    27.7896      5.880  255.23712  255.54670    -3.1171     8.1023 0.0000e+00
 142.538837      5.973    15.9550  35.658175    27.7896      5.920  255.23440  255.54402    -3.0704     8.1023 0.0000e+00
 142.538840      6.012    15.9550  35.664028    27.7916      5.958  255.23440  255.54402    -3.2572     8.1064 0.0000e+00
 142.538843      6.059    15.9542  35.659925    27.7942      6.005  255.23488  255.54444    -3.2728     8.8059 0.0000e+00
 142.538845      6.094    15.9517  35.665356    27.7964      6.039  255.23621  255.54562    -3.3195     8.8545 0.0000e+00
 142.538848      6.134    15.9505  35.662521    27.7964      6.079  255.24511  255.55447    -3.2728     8.8545 0.0000e+00
 142.538851      6.168    15.9493  35.661435    27.7964      6.113  255.24966  255.55885    -3.2883     8.8100 0.0000e+00
 142.538854      6.198    15.9484  35.667047    27.7993      6.142  255.25051  255.55976    -3.2805     8.6422 0.0000e+00
 142.538857      6.227    15.9476  35.673383    27.8024      6.171  255.24966  255.55885    -3.2883     8.4744 -9.990e-29
 142.538860      6.250    15.9398  35.673565    27.8134      6.194  255.26989  255.57865    -3.2883     8.4501 -9.990e-29
 142.538863      6.270    15.9355  35.674652    27.8174      6.214  255.28481  255.59334    -3.3817     8.5027 -9.990e-29
 142.538866      6.290    15.9321  35.680747    27.8250      6.234  255.28880  255.59712    -2.9926     8.7291 -9.990e-29
 142.538869      6.314    15.9250  35.680869    27.8301      6.258  255.31589  255.62386    -2.9771     8.6806 -9.990e-29
 142.538872      6.327    15.9142  35.678336    27.8354      6.270  255.36138  255.66881    -2.8837     8.6523 -9.990e-29
 142.538874      6.349    15.9032  35.691796    27.8548      6.292  255.38363  255.69042    -3.1483     8.7048 -9.990e-29
 142.538877      6.372    15.8922  35.691556    27.8623      6.315  255.42656  255.73279    -3.0082     8.2156 -9.990e-29
 142.538880      6.400    15.8776  35.702423    27.8819      6.343  255.46615  255.77158    -3.0860     8.1994 -9.990e-29
 142.538883      6.425    15.8602  35.696992    27.8895      6.368  255.54171  255.84628    -3.0549     8.2196 -9.990e-29
 142.538886      6.447    15.8442  35.703091    27.9060      6.390  255.59428  255.89800    -3.1327     8.2277 -9.990e-29
 142.538889      6.478    15.8318  35.704179    27.9157      6.420  255.64067  255.94374    -3.0238     8.1913 -9.990e-29
 142.538892      6.500    15.8223  35.711968    27.9291      6.442  255.66557  255.96810    -3.0860     9.5864 -9.990e-29
 142.538895      6.522    15.8113  35.711547    27.9365      6.464  255.70871  256.01069    -3.0393     9.6470 -9.990e-29
 142.538898      6.537    15.8033  35.712453    27.9429      6.478  255.73822  256.03978    -3.1483     9.6349 -9.990e-29
 142.538900      6.550    15.7974  35.710703    27.9456      6.491  255.76381  256.06507    -3.1794     9.6713 -9.990e-29
 142.538903      6.561    15.7930  35.710462    27.9484      6.502  255.78099  256.08203    -2.9771     8.4622 -9.990e-29
 142.538906      6.579    15.7831  35.710885    27.9586      6.520  255.81393  256.11444    -2.7747     8.4420 -9.990e-29
 142.538909      6.604    15.7795  35.714146    27.9605      6.545  255.82914  256.12946    -2.9148     8.4259 0.0000e+00
 142.538912      6.639    15.7758  35.712638    27.9624      6.580  255.84435  256.14449    -3.0549     8.4420 0.0000e+00
 142.538915      6.679    15.7707  35.712457    27.9656      6.619  255.86421  256.16409    -3.0549     8.5310 0.0000e+00
 142.538918      6.721    15.7706  35.711371    27.9656      6.661  255.86652  256.16640    -3.0860     8.5310 0.0000e+00
 142.538921      6.763    15.7706  35.711371    27.9656      6.703  255.86652  256.16640    -3.0082     8.5633 0.0000e+00
 142.538924      6.807    15.7718  35.715054    27.9650      6.746  255.86332  256.16328    -3.0082     8.5754 0.0000e+00
 142.538927      6.843    15.7718  35.710284    27.9652      6.782  255.85984  256.15978    -3.0004     8.7695 0.0000e+00
 142.538929      6.878    15.7718  35.711975    27.9631      6.816  255.86332  256.16328    -2.9926     8.9636 -9.990e-29
 142.538932      6.902    15.7669  35.712881    27.9688      6.840  255.87835  256.17804    -3.1794     8.9636 -9.990e-29
 142.538935      6.922    15.7631  35.707207    27.9666      6.860  255.90166  256.20118    -3.1794     9.0041 -9.990e-29
 142.538938      6.936    15.7606  35.710286    27.9710      6.874  255.90676  256.20614    -3.1327     8.9636 -9.990e-29
 142.538941      6.951    15.7597  35.710286    27.9717      6.889  255.91044  256.20976    -3.2105     7.8880 -9.990e-29
 142.538944      6.960    15.7595  35.707630    27.9695      6.898  255.91509  256.21443    -3.1171     7.9325 -9.990e-29
 142.538947      6.980    15.7589  35.707630    27.9699      6.917  255.91755  256.21685    -3.0704     7.8799 -9.990e-29
 142.538950      6.998    15.7586  35.710890    27.9706      6.935  255.91748  256.21676    -3.2416     9.3720 -9.990e-29
 142.538953      7.025    15.7588  35.708294    27.9708      6.962  255.91588  256.21518    -3.1405     9.3720 0.0000e+00
 142.538955      7.051    15.7591  35.709200    27.9711      6.988  255.91428  256.21359    -3.0393     9.3720 0.0000e+00
 142.538958      7.082    15.7594  35.710890    27.9711      7.018  255.91362  256.21298    -3.0238     9.3720 0.0000e+00
 142.538961      7.115    15.7598  35.707449    27.9698      7.051  255.91296  256.21231    -3.0238     9.3720 0.0000e+00
 142.538964      7.144    15.7598  35.708295    27.9697      7.080  255.91362  256.21298    -3.0393     9.1294 0.0000e+00
 142.538967      7.175    15.7583  35.707027    27.9698      7.111  255.91919  256.21841    -3.1171     9.0890 0.0000e+00
 142.538970      7.206    15.7579  35.710046    27.9713      7.142  255.91995  256.21920    -3.1171     9.0869 0.0000e+00
 142.538973      7.235    15.7575  35.705518    27.9729      7.170  255.91919  256.21841    -3.1171     9.0890 -9.990e-29
 142.538976      7.253    15.7556  35.710710    27.9748      7.188  255.92585  256.22496    -2.6813     8.5876 -9.990e-29
 142.538979      7.266    15.7534  35.709624    27.9755      7.201  255.93606  256.23507    -2.7592     8.6684 -9.990e-29
 142.538981      7.281    15.7511  35.711133    27.9783      7.216  255.94233  256.24121    -2.6191     8.5835 -9.990e-29
 142.538984      7.299    15.7481  35.714817    27.9837      7.234  255.94865  256.24734    -2.5724     8.5876 -9.990e-29
 142.538987      7.323    15.7421  35.712885    27.9862      7.257  255.97481  256.27321    -2.6035     8.6482 -9.990e-29
 142.538990      7.348    15.7273  35.709808    27.9997      7.283  256.02671  256.32433    -2.4167     8.5027 -9.990e-29
 142.538993      7.381    15.7249  35.716329    28.0001      7.315  256.03833  256.33583    -2.4012     8.4865 0.0000e+00
 142.538996      7.417    15.7225  35.713311    28.0004      7.351  256.04996  256.34734    -2.4167     8.5027 0.0000e+00
 142.538999      7.459    15.7194  35.717900    28.0066      7.393  256.05490  256.35209    -2.4479     8.4703 0.0000e+00
