seaocn-cb/data/ctd_cnv/SBE19plus_01907321_2024_05_22_Cast08.cnv
* Sea-Bird SBE19plus  Data File:
* FileName = E:\Prandtl_Daten\2024\CTD\raw\SBE19plus_01907321_2024_05_21_Cast08.hex
* Software version 2.6.1.12
* Temperature SN = 7321
* Conductivity SN = 7321
* System UpLoad Time = May 22 2024 09:01:01
* <ApplicationData>
* <Seaterm232>
** 20240522
** Sea Practical 2024
** MCat 22.05 CTD_SP1
** NMEA Latitude = 54 07.702N
** NMEA Longitude = 008 46.52E
** waterdepth = 13.5m
** Isabelle
# nquan = 11
# nvalues = 414                         
# units = specified
# name 0 = timeJ: Julian Days
# name 1 = prdM: Pressure, Strain Gauge [db]
# name 2 = tv290C: Temperature [ITS-90, deg C]
# name 3 = c0mS/cm: Conductivity [mS/cm]
# name 4 = sal00: Salinity, Practical [PSU]
# name 5 = depSM: Depth [salt water, m], lat = 54.00
# name 6 = oxsatMm/Kg: Oxygen Saturation, Weiss [umol/kg]
# name 7 = oxsolMm/Kg: Oxygen Saturation, Garcia & Gordon [umol/kg]
# name 8 = turbWETntu0: Turbidity, WET Labs ECO [NTU]
# name 9 = flECO-AFL: Fluorescence, WET Labs ECO-AFL/FL [mg/m^3]
# name 10 = flag:  0.000e+00
# span 0 = 143.366913, 143.368108       
# span 1 =      0.690,     12.202       
# span 2 =    17.0341,    17.4692       
# span 3 =  35.473334,  35.564943       
# span 4 =    26.6412,    26.9000       
# span 5 =      0.684,     12.092       
# span 6 =  249.62417,  251.38543       
# span 7 =  250.00488,  251.74755       
# span 8 =    -2.0432,    53.2720       
# span 9 =     4.9362,    11.8225       
# span 10 = 0.0000e+00, 0.0000e+00      
# interval = seconds: 0.25
# start_time = May 22 2024 08:46:59 [Instrument's time stamp, header]
# bad_flag = -9.990e-29
*END*
[from data line 263]
 143.367674      8.197    17.3465  35.515744    26.7238      8.124  250.14899  250.52471    18.0813     7.9082 0.0000e+00
 143.367677      8.223    17.3443  35.514660    26.7248      8.149  250.15790  250.53353    18.1202     7.9002 0.0000e+00
 143.367679      8.252    17.3421  35.507131    26.7258      8.178  250.16680  250.54234    18.0813     7.9123 -9.990e-29
 143.367682      8.276    17.3267  35.511469    26.7332      8.202  250.22919  250.60407    19.4976     8.2883 -9.990e-29
 143.367685      8.296    17.3094  35.507976    26.7423      8.222  250.29825  250.67239    19.5132     8.2964 -9.990e-29
 143.367688      8.325    17.3058  35.508640    26.7441      8.251  250.31308  250.68706    19.4977     8.2964 0.0000e+00
 143.367691      8.351    17.3021  35.507135    26.7458      8.276  250.32791  250.70173    19.5132     8.2964 0.0000e+00
 143.367694      8.382    17.2991  35.507798    26.7483      8.307  250.33824  250.71193    22.0191     9.8573 0.0000e+00
 143.367697      8.416    17.2944  35.504546    26.7487      8.341  250.36068  250.73418    22.0191     9.8896 0.0000e+00
 143.367700      8.455    17.2864  35.500873    26.7509      8.379  250.39591  250.76908    22.0191     9.8937 0.0000e+00
 143.367703      8.491    17.2780  35.502380    26.7577      8.415  250.42536  250.79816    22.0191     9.8896 0.0000e+00
 143.367705      8.528    17.2683  35.498949    26.7612      8.451  250.46650  250.83889    22.7661     8.2883 0.0000e+00
 143.367708      8.561    17.2579  35.500034    26.7690      8.484  250.50404  250.87597    22.7661     8.2722 0.0000e+00
 143.367711      8.588    17.2525  35.498710    26.7720      8.511  250.52530  250.89700    22.7272     8.2681 0.0000e+00
 143.367714      8.614    17.2471  35.501301    26.7750      8.536  250.54656  250.91802    22.6883     8.2722 -9.990e-29
 143.367717      8.633    17.2299  35.497869    26.7857      8.556  250.61276  250.98346    22.6261     8.2924 -9.990e-29
 143.367720      8.643    17.2250  35.496364    26.7876      8.565  250.63334  251.00383    21.1319     8.2317 -9.990e-29
 143.367723      8.659    17.2205  35.499798    26.7935      8.582  250.64533  251.01562    21.0541     8.2317 -9.990e-29
 143.367726      8.679    17.2173  35.492270    26.7892      8.602  250.66791  251.03809    20.9918     8.2358 -9.990e-29
 143.367729      8.703    17.2042  35.495161    26.8024      8.625  250.70967  251.07924    19.3420     7.9770 -9.990e-29
 143.367731      8.732    17.2019  35.497632    26.8027      8.654  250.72056  251.09004    19.3186     7.9810 0.0000e+00
 143.367734      8.774    17.1996  35.494621    26.8029      8.695  250.73146  251.10084    19.2953     7.9810 0.0000e+00
 143.367737      8.821    17.1943  35.495104    26.8068      8.742  250.75078  251.11993    19.2175     7.9810 0.0000e+00
 143.367740      8.867    17.1888  35.493358    26.8090      8.788  250.77390  251.14281    19.1241     7.9810 0.0000e+00
 143.367743      8.913    17.1842  35.492034    26.8104      8.833  250.79329  251.16201    17.6299     8.3086 0.0000e+00
 143.367746      8.953    17.1806  35.488602    26.8109      8.873  250.81162  251.18020    17.5521     8.3086 0.0000e+00
 143.367749      8.984    17.1788  35.490770    26.8126      8.904  250.81711  251.18560    17.5910     8.3126 0.0000e+00
 143.367752      9.013    17.1769  35.490770    26.8147      8.933  250.82260  251.19100    17.5521     8.2883 -9.990e-29
 143.367755      9.026    17.1744  35.494203    26.8192      8.945  250.82711  251.19538    22.1591    10.6579 -9.990e-29
 143.367758      9.041    17.1740  35.493119    26.8185      8.960  250.83022  251.19848    22.2214    10.6620 -9.990e-29
 143.367760      9.051    17.1741  35.492517    26.8180      8.970  250.83077  251.19903    22.1280    10.6579 -9.990e-29
 143.367763      9.057    17.1734  35.487940    26.8146      8.976  250.83978  251.20804    22.2525    10.6377 -9.990e-29
 143.367766      9.075    17.1712  35.487940    26.8184      8.994  250.84421  251.21235    21.9879     8.6806 -9.990e-29
 143.367769      9.103    17.1702  35.490771    26.8188      9.021  250.84859  251.21669    22.0035     8.6967 0.0000e+00
 143.367772      9.135    17.1691  35.490109    26.8192      9.054  250.85297  251.22103    22.0191     8.6806 0.0000e+00
 143.367775      9.178    17.1661  35.488423    26.8198      9.095  250.86663  251.23457    22.0191     8.6806 0.0000e+00
 143.367778      9.219    17.1613  35.489026    26.8234      9.137  250.88390  251.25162    22.0191     8.6806 0.0000e+00
 143.367781      9.260    17.1555  35.492279    26.8295      9.177  250.90114  251.26859    31.0463     8.7453 0.0000e+00
 143.367784      9.294    17.1507  35.487944    26.8300      9.211  250.92544  251.29269    31.1397     8.7453 0.0000e+00
 143.367786      9.325    17.1494  35.487523    26.8302      9.242  250.93075  251.29794    31.1474     8.7473 0.0000e+00
 143.367789      9.354    17.1481  35.487944    26.8309      9.271  250.93605  251.30318    31.1552     8.7493 -9.990e-29
 143.367792      9.376    17.1432  35.485837    26.8327      9.292  250.95689  251.32382    25.9257     8.2479 -9.990e-29
 143.367795      9.405    17.1385  35.488427    26.8380      9.321  250.97100  251.33771    25.9879     8.2358 -9.990e-29
 143.367798      9.422    17.1342  35.486922    26.8396      9.338  250.98907  251.35560    26.0035     8.2358 -9.990e-29
 143.367801      9.442    17.1292  35.485357    26.8416      9.358  251.01035  251.37666    25.9257     8.2196 -9.990e-29
 143.367804      9.466    17.1242  35.484756    26.8444      9.381  251.02995  251.39604    25.9568     8.6361 -9.990e-29
 143.367807      9.490    17.1112  35.489273    26.8569      9.405  251.07226  251.43775    25.9101     8.6321 -9.990e-29
 143.367810      9.526    17.1095  35.489455    26.8567      9.441  251.08143  251.44685    25.9179     8.6159 0.0000e+00
 143.367813      9.557    17.1077  35.486023    26.8569      9.472  251.09059  251.45594    25.9257     8.6078 0.0000e+00
 143.367815      9.599    17.1056  35.485601    26.8574      9.513  251.09902  251.46427    25.9568     8.6078 0.0000e+00
 143.367818      9.636    17.1023  35.483856    26.8581      9.549  251.11401  251.47913    29.0541     9.1537 0.0000e+00
 143.367821      9.672    17.0983  35.483435    26.8604      9.585  251.12991  251.49486    29.0696     9.1860 0.0000e+00
 143.367824      9.705    17.0960  35.485362    26.8627      9.618  251.13713  251.50196    29.0619     9.1941 0.0000e+00
 143.367827      9.736    17.0937  35.483857    26.8651      9.649  251.14434  251.50906    29.0696     9.2022 -9.990e-29
 143.367830      9.761    17.0875  35.483015    26.8672      9.674  251.17143  251.53589    27.6066     8.4865 -9.990e-29
 143.367833      9.781    17.0839  35.483678    26.8702      9.694  251.18390  251.54820    27.6222     8.4865 -9.990e-29
 143.367836      9.803    17.0809  35.485183    26.8734      9.715  251.19299  251.55715    27.7000     8.5027 -9.990e-29
 143.367839      9.821    17.0794  35.481751    26.8715      9.734  251.20383  251.56794    27.5755     8.5229 -9.990e-29
 143.367841      9.838    17.0792  35.482835    26.8726      9.750  251.20291  251.56701    25.0541     8.5391 -9.990e-29
 143.367844      9.858    17.0808  35.485846    26.8721      9.770  251.19550  251.55966    25.2875     8.5471 -9.990e-29
 143.367847      9.889    17.0813  35.483678    26.8715      9.800  251.19442  251.55860    25.1708     8.5431 0.0000e+00
 143.367850      9.922    17.0817  35.483016    26.8710      9.833  251.19334  251.55754    25.0541     8.5471 0.0000e+00
 143.367853      9.958    17.0824  35.483257    26.8710      9.869  251.19021  251.55444    24.1202     8.5471 0.0000e+00
 143.367856      9.993    17.0831  35.487352    26.8724      9.903  251.18285  251.54711    24.1202     8.8262 0.0000e+00
 143.367859     10.026    17.0831  35.486027    26.8724      9.936  251.18285  251.54711    24.1202     8.8262 0.0000e+00
 143.367862     10.057    17.0830  35.484762    26.8724      9.967  251.18592  251.55017    24.2447     8.8059 0.0000e+00
 143.367865     10.092    17.0824  35.486268    26.8718     10.001  251.18597  251.55019    24.1980     8.8059 0.0000e+00
 143.367867     10.123    17.0814  35.483860    26.8731     10.032  251.19317  251.55736    24.1980    10.0231 0.0000e+00
 143.367870     10.154    17.0804  35.484522    26.8731     10.063  251.19598  251.56012    24.1980    10.0231 0.0000e+00
 143.367873     10.186    17.0803  35.484763    26.8733     10.095  251.19629  251.56042    24.1513    10.0231 0.0000e+00
 143.367876     10.214    17.0802  35.484763    26.8734     10.123  251.19644  251.56057    24.1747    10.0231 0.0000e+00
 143.367879     10.241    17.0803  35.484342    26.8733     10.150  251.19629  251.56042    24.1513    10.0312 -9.990e-29
 143.367882     10.261    17.0798  35.478742    26.8686     10.170  251.20680  251.57094    25.7078     8.6482 -9.990e-29
 143.367885     10.289    17.0792  35.486450    26.8755     10.197  251.19798  251.56205    25.6611     8.6078 -9.990e-29
 143.367888     10.307    17.0783  35.484523    26.8744     10.215  251.20417  251.56821    25.7233     8.6361 -9.990e-29
 143.367891     10.331    17.0766  35.481512    26.8759     10.238  251.20983  251.57380    30.5949     9.0243 -9.990e-29
 143.367894     10.358    17.0758  35.484945    26.8769     10.265  251.21187  251.57580    30.6260     9.0324 0.0000e+00
 143.367896     10.386    17.0751  35.486029    26.8759     10.293  251.21391  251.57780    30.5949     9.0405 0.0000e+00
 143.367899     10.417    17.0745  35.482356    26.8752     10.323  251.22230  251.58617    30.5327     9.0486 0.0000e+00
 143.367902     10.453    17.0745  35.481513    26.8752     10.360  251.22230  251.58617    30.5171     9.0728 0.0000e+00
 143.367905     10.495    17.0746  35.483259    26.8744     10.401  251.22290  251.58679    27.9646     9.4408 0.0000e+00
 143.367908     10.535    17.0746  35.479767    26.8752     10.441  251.22078  251.58467    27.9646     9.4408 0.0000e+00
 143.367911     10.572    17.0746  35.482597    26.8740     10.477  251.22264  251.58654    27.9646     9.4408 0.0000e+00
 143.367914     10.601    17.0746  35.485367    26.8752     10.506  251.22078  251.58467    27.9646     9.4246 -9.990e-29
 143.367917     10.625    17.0750  35.481333    26.8739     10.530  251.22137  251.58528    33.0852     9.3235 -9.990e-29
 143.367920     10.643    17.0753  35.483260    26.8752     10.548  251.21738  251.58129    32.9762     9.2710 -9.990e-29
 143.367922     10.656    17.0756  35.484946    26.8764     10.560  251.21372  251.57765    32.8984     9.3073 -9.990e-29
 143.367925     10.670    17.0758  35.484946    26.8763     10.575  251.21311  251.57704    33.0074     9.2710 -9.990e-29
 143.367928     10.689    17.0760  35.482598    26.8742     10.593  251.21585  251.57980    41.4899     8.9313 -9.990e-29
 143.367931     10.712    17.0748  35.481755    26.8746     10.617  251.22085  251.58475    41.8945     8.9151 -9.990e-29
 143.367934     10.742    17.0745  35.482176    26.8729     10.645  251.22551  251.58941    41.8634     8.9151 0.0000e+00
 143.367937     10.785    17.0742  35.477420    26.8746     10.689  251.22784  251.59162    41.8945     8.9151 0.0000e+00
 143.367940     10.829    17.0723  35.483863    26.8777     10.732  251.23017  251.59406    45.7856    10.2980 0.0000e+00
 143.367943     10.878    17.0688  35.481154    26.8777     10.781  251.24515  251.60878    45.7856    10.3668 0.0000e+00
 143.367946     10.920    17.0647  35.478927    26.8786     10.823  251.26395  251.62741    45.7700    10.3668 0.0000e+00
 143.367948     10.953    17.0626  35.483263    26.8817     10.855  251.26850  251.63186    45.7389    10.3446 0.0000e+00
 143.367951     10.979    17.0606  35.482360    26.8849     10.880  251.27304  251.63630    45.7700    10.3223 -9.990e-29
 143.367954     10.993    17.0549  35.481939    26.8876     10.895  251.29647  251.65949    43.4354     9.2750 -9.990e-29
 143.367957     11.006    17.0527  35.479771    26.8872     10.908  251.30800  251.67092    43.4665     9.2710 -9.990e-29
 143.367960     11.017    17.0505  35.477845    26.8871     10.918  251.31919  251.68202    43.2331     9.2507 -9.990e-29
 143.367963     11.037    17.0471  35.481759    26.8899     10.938  251.33105  251.69372    39.7311     8.7574 -9.990e-29
 143.367966     11.063    17.0465  35.478508    26.8922     10.964  251.33045  251.69308    39.7544     8.7534 0.0000e+00
 143.367969     11.094    17.0462  35.482843    26.8899     10.995  251.33105  251.69372    39.7311     8.7493 0.0000e+00
 143.367972     11.129    17.0459  35.477846    26.8899     11.029  251.33546  251.69810    39.7155     8.7493 0.0000e+00
 143.367975     11.169    17.0459  35.477244    26.8899     11.069  251.33727  251.69991    39.7155     8.7776 0.0000e+00
 143.367977     11.211    17.0444  35.478268    26.8914     11.110  251.34144  251.70400    49.2564     9.0000 0.0000e+00
 143.367980     11.251    17.0432  35.480014    26.8937     11.150  251.34364  251.70613    49.2720     9.0283 0.0000e+00
 143.367983     11.282    17.0425  35.481520    26.8937     11.181  251.34399  251.70645    49.2720     9.0283 0.0000e+00
 143.367986     11.311    17.0423  35.478509    26.8943     11.210  251.34694  251.70939    49.2720     9.0304 0.0000e+00
 143.367989     11.340    17.0421  35.480677    26.8931     11.239  251.34988  251.71233    49.2720     9.0324 -9.990e-29
 143.367992     11.359    17.0415  35.479172    26.8941     11.257  251.35145  251.71387    52.0268     9.2265 -9.990e-29
 143.367995     11.375    17.0415  35.478088    26.8932     11.273  251.35301  251.71544    52.0268     9.2426 -9.990e-29
 143.367998     11.399    17.0410  35.479593    26.8948     11.297  251.35273  251.71513    52.1358     9.2629 -9.990e-29
 143.368001     11.417    17.0386  35.477847    26.8994     11.315  251.35654  251.71881    53.1630    10.0716 -9.990e-29
 143.368003     11.452    17.0381  35.483267    26.8992     11.349  251.35937  251.72162    53.2564    10.0656 0.0000e+00
 143.368006     11.481    17.0376  35.481942    26.8990     11.378  251.36219  251.72443    53.2720    10.0716 0.0000e+00
 143.368009     11.516    17.0371  35.481099    26.8986     11.412  251.36529  251.72751    53.2720    10.0837 0.0000e+00
 143.368012     11.550    17.0367  35.478510    26.8967     11.447  251.37058  251.73279    53.2720    10.0959 0.0000e+00
 143.368015     11.583    17.0360  35.474838    26.8945     11.479  251.37866  251.74086    48.3692    11.8184 0.0000e+00
 143.368018     11.616    17.0350  35.474657    26.8945     11.512  251.37875  251.74086    48.3381    11.8225 0.0000e+00
 143.368021     11.651    17.0344  35.478933    26.8949     11.546  251.38237  251.74452    48.2914    11.8184 0.0000e+00
 143.368024     11.680    17.0341  35.474417    26.8959     11.575  251.38438  251.74649    48.2914    11.8144 0.0000e+00
 143.368027     11.713    17.0341  35.475681    26.8954     11.608  251.38543  251.74755    49.0852    10.5346 0.0000e+00
 143.368030     11.744    17.0341  35.479174    26.8959     11.639  251.38438  251.74649    50.0035     9.2548 -9.990e-29
 143.368032     11.765    17.0350  35.480679    26.8995     11.660  251.37381  251.73594    50.0191     9.2386 -9.990e-29
 143.368035     11.788    17.0354  35.480679    26.8993     11.682  251.37258  251.73472    49.9724     9.2143 -9.990e-29
 143.368038     11.806    17.0360  35.481944    26.9000     11.700  251.36859  251.73075    45.1941     9.4367 -9.990e-29
 143.368041     11.829    17.0361  35.477247    26.8959     11.724  251.37471  251.73690    45.3965     9.4610 -9.990e-29
 143.368044     11.850    17.0357  35.476344    26.8981     11.743  251.37293  251.73509    45.1630     9.4448 -9.990e-29
 143.368047     11.875    17.0356  35.479595    26.8991     11.769  251.37169  251.73385    45.1708     9.4428 0.0000e+00
