seaocn-cb/data/ctd_cnv/SBE19plus_01907321_2024_05_25_Cast53.cnv
* Sea-Bird SBE19plus  Data File:
* FileName = E:\Prandtl_Daten\2024\25052024\raw\SBE19plus_01907321_2024_05_25_Cast53.hex
* Software version 2.6.1.12
* Temperature SN = 7321
* Conductivity SN = 7321
* System UpLoad Time = May 25 2024 08:51:40
* <ApplicationData>
* <Seaterm232>
** 20240525
** Sea Practical 2024
** MCat 25.05 CTD_SP8
** NMEA Latitude = 054 8.48N
** NMEA Longitude = 008 7.98E
** waterdepth =14m
** Till
# nquan = 11
# nvalues = 464                         
# units = specified
# name 0 = timeJ: Julian Days
# name 1 = prdM: Pressure, Strain Gauge [db]
# name 2 = tv290C: Temperature [ITS-90, deg C]
# name 3 = c0mS/cm: Conductivity [mS/cm]
# name 4 = sal00: Salinity, Practical [PSU]
# name 5 = depSM: Depth [salt water, m], lat = 54.00
# name 6 = oxsatMm/Kg: Oxygen Saturation, Weiss [umol/kg]
# name 7 = oxsolMm/Kg: Oxygen Saturation, Garcia & Gordon [umol/kg]
# name 8 = turbWETntu0: Turbidity, WET Labs ECO [NTU]
# name 9 = flECO-AFL: Fluorescence, WET Labs ECO-AFL/FL [mg/m^3]
# name 10 = flag:  0.000e+00
# span 0 = 146.365315, 146.366655       
# span 1 =      0.966,     13.422       
# span 2 =    13.7126,    15.3089       
# span 3 =  36.732273,  37.609081       
# span 4 =    29.1968,    31.2219       
# span 5 =      0.958,     13.301       
# span 6 =  256.06329,  260.83601       
# span 7 =  256.33186,  261.00094       
# span 8 =    -4.5490,     4.8517       
# span 9 =     3.8848,    10.8358       
# span 10 = 0.0000e+00, 0.0000e+00      
# interval = seconds: 0.25
# start_time = May 25 2024 08:44:39 [Instrument's time stamp, header]
# bad_flag = -9.990e-29
*END*
[from data line 132]
 146.365697      4.739    15.1674  36.752514    29.3188      4.697  256.58581  256.84644    -4.4401     5.5629 0.0000e+00
 146.365700      4.776    15.1649  36.755873    29.3220      4.733  256.59040  256.85086    -4.3311     5.5629 0.0000e+00
 146.365703      4.811    15.1633  36.757767    29.3240      4.768  256.59488  256.85524    -4.1911     5.6378 0.0000e+00
 146.365706      4.838    15.1618  36.761493    29.3259      4.795  256.59935  256.85962    -3.9420     5.7166 -9.990e-29
 146.365709      4.856    15.1557  36.760150    29.3325      4.813  256.61883  256.87875    -4.0977     6.0077 -9.990e-29
 146.365712      4.867    15.1555  36.762593    29.3349      4.824  256.61591  256.87580    -4.1132     6.0320 -9.990e-29
 146.365715      4.871    15.1551  36.760944    29.3337      4.827  256.61998  256.87985    -4.0043     6.0077 -9.990e-29
 146.365718      4.871    15.1536  36.763082    29.3368      4.827  256.62258  256.88235    -4.0199     6.0280 -9.990e-29
 146.365720      4.876    15.1519  36.758990    29.3344      4.833  256.63551  256.89522    -4.0666     6.0077 -9.990e-29
 146.365723      4.896    15.1480  36.766991    29.3446      4.852  256.63742  256.89685    -4.1755     6.0158 -9.990e-29
 146.365726      4.925    15.1454  36.767297    29.3475      4.881  256.64625  256.90552    -4.2533     5.5326 0.0000e+00
 146.365729      4.958    15.1427  36.769131    29.3503      4.914  256.65507  256.91419    -4.1755     5.0656 0.0000e+00
 146.365732      4.995    15.1365  36.772552    29.3579      4.950  256.67350  256.93225    -4.1755     5.0494 0.0000e+00
 146.365735      5.027    15.1300  36.776768    29.3665      4.983  256.69188  256.95023    -4.1755     5.0656 0.0000e+00
 146.365738      5.057    15.1238  36.779029    29.3731      5.011  256.71211  256.97010    -4.1288     5.0817 0.0000e+00
 146.365741      5.090    15.1172  36.782207    29.3809      5.044  256.73239  256.98999    -3.8175     5.4174 0.0000e+00
 146.365744      5.121    15.1101  36.784896    29.3886      5.075  256.75551  257.01269    -3.7397     5.4295 0.0000e+00
 146.365747      5.150    15.1035  36.781720    29.3907      5.104  256.78603  257.04285    -3.7086     5.4376 0.0000e+00
 146.365749      5.182    15.1016  36.781476    29.3919      5.136  256.79249  257.04917    -3.7086     5.4376 0.0000e+00
 146.365752      5.213    15.1011  36.783492    29.3941      5.167  256.79249  257.04917    -3.9576     5.4416 0.0000e+00
 146.365755      5.261    15.0982  36.794735    29.4062      5.214  256.79249  257.04917    -3.9576     5.5468 0.0000e+00
 146.365758      5.306    15.0895  36.793636    29.4117      5.259  256.82117  257.07712    -4.0510     5.5468 0.0000e+00
 146.365761      5.356    15.0820  36.793576    29.4173      5.308  256.85007  257.10560    -4.0510     5.5670 0.0000e+00
 146.365764      5.401    15.0795  36.792294    29.4186      5.353  256.86073  257.11612    -4.0977     5.5549 0.0000e+00
 146.365767      5.434    15.0770  36.795471    29.4199      5.386  256.87139  257.12664    -4.1444     5.5710 -9.990e-29
 146.365770      5.458    15.0719  36.787162    29.4191      5.409  256.89905  257.15405    -4.1755     5.5427 -9.990e-29
 146.365773      5.467    15.0778  36.786917    29.4145      5.418  256.87660  257.13193    -4.1599     5.5710 -9.990e-29
 146.365775      5.461    15.0817  36.789116    29.4135      5.412  256.85831  257.11385    -4.0043     5.5629 -9.990e-29
 146.365778      5.461    15.0811  36.791010    29.4157      5.412  256.85772  257.11321    -3.5841     5.8743 -9.990e-29
 146.365781      5.461    15.0796  36.786917    29.4131      5.412  256.86977  257.12521    -3.5062     5.8783 -9.990e-29
 146.365784      5.476    15.0827  36.786917    29.4099      5.427  256.85956  257.11517    -3.7553     5.9147 -9.990e-29
 146.365787      5.501    15.0828  36.785878    29.4118      5.452  256.85597  257.11158    -3.7553     5.6700 0.0000e+00
 146.365790      5.534    15.0827  36.790277    29.4137      5.484  256.85238  257.10798    -3.7553     5.4416 0.0000e+00
 146.365793      5.570    15.0810  36.795899    29.4200      5.521  256.85238  257.10798    -3.8331     5.4416 0.0000e+00
 146.365796      5.616    15.0773  36.794005    29.4211      5.566  256.86765  257.12291    -3.8487     5.4457 0.0000e+00
 146.365799      5.649    15.0760  36.792967    29.4216      5.598  256.87352  257.12870    -3.8409     5.4518 0.0000e+00
 146.365802      5.684    15.0747  36.795900    29.4221      5.633  256.87939  257.13450    -3.8487     5.4578 -9.990e-29
 146.365804      5.709    15.0726  36.791623    29.4225      5.658  256.88954  257.14454    -3.7241     5.7206 -9.990e-29
 146.365807      5.724    15.0736  36.792967    29.4229      5.673  256.88358  257.13864    -3.7397     5.6762 -9.990e-29
 146.365810      5.736    15.0759  36.791195    29.4196      5.685  256.87747  257.13267    -3.8331     5.6842 -9.990e-29
 146.365813      5.740    15.0768  36.793883    29.4214      5.689  256.87000  257.12522    -3.9420     5.6964 -9.990e-29
 146.365816      5.749    15.0761  36.791440    29.4197      5.698  256.87650  257.13171    -3.6463     7.7222 -9.990e-29
 146.365819      5.771    15.0737  36.797489    29.4224      5.720  256.88371  257.13877    -3.5218     7.6899 -9.990e-29
 146.365822      5.797    15.0732  36.792540    29.4229      5.745  256.88565  257.14068    -3.5685     7.7020 0.0000e+00
 146.365825      5.826    15.0727  36.792723    29.4234      5.774  256.88371  257.13877    -3.6152     7.6899 0.0000e+00
 146.365828      5.863    15.0696  36.803111    29.4349      5.810  256.88759  257.14259    -3.9420     6.1735 0.0000e+00
 146.365830      5.906    15.0620  36.807573    29.4445      5.854  256.90527  257.15956    -4.0199     6.1493 0.0000e+00
 146.365833      5.947    15.0530  36.815274    29.4582      5.893  256.92789  257.18162    -4.0199     6.1735 0.0000e+00
 146.365836      5.990    15.0414  36.824688    29.4753      5.937  256.95789  257.21089    -4.0199     6.1493 0.0000e+00
 146.365839      6.045    15.0219  36.835999    29.5000      5.991  257.01510  257.26691    -3.7864     5.9673 0.0000e+00
 146.365842      6.094    15.0006  36.836552    29.5165      6.040  257.09600  257.34659    -3.7864     5.9673 0.0000e+00
 146.365845      6.142    14.9866  36.840038    29.5302      6.087  257.14442  257.39418    -3.7864     5.9673 0.0000e+00
 146.365848      6.178    14.9826  36.837777    29.5322      6.123  257.16161  257.41115    -3.8175     5.9592 0.0000e+00
 146.365851      6.209    14.9786  36.839184    29.5342      6.154  257.17879  257.42811    -3.8487     5.9471 -9.990e-29
 146.365854      6.224    14.9740  36.834416    29.5347      6.168  257.20187  257.45095    -3.9732     5.3527 -9.990e-29
 146.365856      6.240    14.9743  36.831237    29.5316      6.184  257.20571  257.45482    -4.0510     5.4133 -9.990e-29
 146.365859      6.247    14.9777  36.830564    29.5284      6.192  257.19345  257.44277    -3.9420     5.3688 -9.990e-29
 146.365862      6.253    14.9830  36.830992    29.5248      6.197  257.17265  257.42227    -4.1599     5.3163 -9.990e-29
 146.365865      6.260    14.9848  36.829463    29.5220      6.204  257.16795  257.41769    -4.0510     5.8581 -9.990e-29
 146.365868      6.276    14.9866  36.825429    29.5171      6.220  257.16751  257.41737    -4.0510     5.8824 -9.990e-29
 146.365871      6.298    14.9929  36.828118    29.5155      6.242  257.13768  257.38788    -4.0199     5.8905 -9.990e-29
 146.365874      6.324    14.9937  36.828974    29.5136      6.267  257.13733  257.38758    -4.0665     5.9754 0.0000e+00
 146.365877      6.358    14.9929  36.825856    29.5155      6.301  257.13698  257.38728    -4.0821     6.0522 0.0000e+00
 146.365880      6.388    14.9937  36.831174    29.5145      6.331  257.13562  257.38586    -4.0976     6.0563 0.0000e+00
 146.365883      6.419    14.9929  36.832397    29.5174      6.361  257.13425  257.38444    -4.0821     6.0522 -9.990e-29
 146.365885      6.440    14.9872  36.834415    29.5246      6.383  257.15109  257.40093    -4.1444     6.0320 -9.990e-29
 146.365888      6.455    14.9851  36.831665    29.5237      6.397  257.16342  257.41316    -3.8020     5.7045 -9.990e-29
 146.365891      6.462    14.9831  36.834843    29.5280      6.405  257.16612  257.41572    -4.0510     5.7045 -9.990e-29
 146.365894      6.468    14.9809  36.836433    29.5311      6.410  257.17220  257.42166    -3.8953     5.7125 -9.990e-29
 146.365897      6.479    14.9794  36.834416    29.5305      6.421  257.18131  257.43070    -3.8487     5.6802 -9.990e-29
 146.365900      6.497    14.9764  36.834844    29.5442      6.439  257.17266  257.42178    -4.4401     5.4174 -9.990e-29
 146.365903      6.524    14.9735  36.847254    29.5512      6.466  257.17509  257.42401    -4.4868     5.4214 0.0000e+00
 146.365906      6.563    14.9707  36.858077    29.5581      6.504  257.17752  257.42624    -4.4401     5.4254 0.0000e+00
 146.365909      6.618    14.9534  36.886025    29.5961      6.558  257.20004  257.44757    -4.3778     5.4295 0.0000e+00
 146.365911      6.678    14.9198  36.915576    29.6479      6.618  257.28256  257.52794    -4.2689     5.4497 0.0000e+00
 146.365914      6.742    14.8744  36.933509    29.6983      6.681  257.42899  257.67161    -3.8487     5.5589 0.0000e+00
 146.365917      6.802    14.8303  36.943857    29.7411      6.741  257.58221  257.82218    -3.8487     5.5589 0.0000e+00
 146.365920      6.857    14.8113  36.963999    29.7647      6.795  257.63961  257.87840    -3.8487     5.5529 0.0000e+00
 146.365923      6.891    14.7923  36.941907    29.7882      6.830  257.69701  257.93461    -3.8642     5.5468 -9.990e-29
 146.365926      6.915    14.7521  36.928752    29.7872      6.853  257.90775  258.14325    -3.9420     5.6195 -9.990e-29
 146.365929      6.924    14.7644  36.911496    29.7624      6.862  257.88778  258.12413    -4.1288     5.6195 -9.990e-29
 146.365932      6.924    14.7890  36.899381    29.7328      6.862  257.81241  258.05029    -4.0354     5.6074 -9.990e-29
 146.365935      6.926    14.8143  36.894851    29.7095      6.864  257.72198  257.96137    -4.0510     5.6357 -9.990e-29
 146.365938      6.931    14.8336  36.889772    29.6902      6.869  257.65539  257.89595    -4.1444     5.3203 -9.990e-29
 146.365940      6.935    14.8487  36.900046    29.6879      6.873  257.58096  257.82233    -4.2066     5.3163 -9.990e-29
 146.365943      6.944    14.8515  36.904328    29.6896      6.882  257.56356  257.80505    -3.9109     5.3324 -9.990e-29
 146.365946      6.964    14.8431  36.939144    29.7271      6.902  257.54055  257.78130    -4.2378     5.3041 -9.990e-29
 146.365949      6.984    14.7714  36.966445    29.7956      6.922  257.79259  258.02903    -3.8798     6.2746 -9.990e-29
 146.365952      7.013    14.7592  36.954514    29.8024      6.951  257.84439  258.08013    -3.9032     6.2726 0.0000e+00
 146.365955      7.050    14.7469  36.948825    29.8092      6.987  257.89619  258.13123    -3.8798     6.2706 0.0000e+00
 146.365958      7.084    14.7407  36.957456    29.8217      7.021  257.90631  258.14093    -3.8953     6.2706 0.0000e+00
 146.365961      7.124    14.7339  36.967618    29.8360      7.061  257.91634  258.15048    -3.8953     6.2665 0.0000e+00
 146.365964      7.163    14.7194  36.979313    29.8575      7.099  257.95363  258.18682    -3.8953     5.1464 0.0000e+00
 146.365966      7.196    14.6993  36.983908    29.8771      7.131  258.02396  258.25593    -3.8487     5.1222 0.0000e+00
 146.365969      7.227    14.6815  36.987278    29.8938      7.162  258.08740  258.31828    -3.6930     5.1303 0.0000e+00
 146.365972      7.258    14.6695  36.986422    29.9022      7.193  258.13493  258.36511    -3.8487     5.1303 0.0000e+00
 146.365975      7.285    14.6606  36.994751    29.9165      7.220  258.15602  258.38561    -3.7086     5.9592 0.0000e+00
 146.365978      7.314    14.6564  37.000692    29.9224      7.249  258.16759  258.39690    -3.8175     5.9612 0.0000e+00
 146.365981      7.340    14.6522  37.004735    29.9283      7.274  258.17915  258.40819    -3.7086     5.9592 -9.990e-29
 146.365984      7.356    14.6326  37.010860    29.9525      7.290  258.23838  258.46618    -3.6774     5.9552 -9.990e-29
 146.365987      7.375    14.6219  37.020171    29.9691      7.309  258.26488  258.49197    -4.1288     6.1573 -9.990e-29
 146.365990      7.387    14.6124  37.023541    29.9795      7.321  258.29617  258.52267    -4.0043     6.1573 -9.990e-29
 146.365992      7.409    14.5945  37.020848    29.9974      7.343  258.35808  258.58347    -4.0666     6.1371 -9.990e-29
 146.365995      7.437    14.5906  37.028138    30.0001      7.370  258.37364  258.59880    -4.1366     6.1411 0.0000e+00
 146.365998      7.468    14.5867  37.027404    30.0027      7.401  258.38629  258.61089    -4.0666     6.1371 0.0000e+00
 146.366001      7.501    14.5828  37.038738    30.0160      7.434  258.38920  258.61413    -3.8798     5.9794 0.0000e+00
 146.366004      7.539    14.5763  37.044865    30.0265      7.472  258.40140  258.62557    -3.7241     5.9552 0.0000e+00
 146.366007      7.572    14.5668  37.053689    30.0417      7.504  258.42390  258.64744    -3.8798     5.9471 0.0000e+00
 146.366010      7.610    14.5547  37.057796    30.0548      7.542  258.46422  258.68699    -3.7241     5.9390 0.0000e+00
 146.366013      7.649    14.5490  37.061903    30.0611      7.580  258.48291  258.70532    -3.7942     5.5710 0.0000e+00
 146.366016      7.683    14.5433  37.063927    30.0673      7.615  258.50160  258.72365    -3.6774     5.2030 -9.990e-29
 146.366019      7.705    14.5302  37.062579    30.0780      7.636  258.55122  258.77248    -3.8798     5.2435 -9.990e-29
 146.366021      7.729    14.5272  37.059393    30.0775      7.660  258.56779  258.78889    -3.7086     5.1464 -9.990e-29
 146.366024      7.743    14.5272  37.062151    30.0799      7.674  258.56336  258.78444    -4.0043     5.4780 -9.990e-29
 146.366027      7.754    14.5284  37.067115    30.0835      7.685  258.55099  258.77210    -4.0666     5.5265 -9.990e-29
 146.366030      7.769    14.5234  37.074347    30.0939      7.699  258.55869  258.77944    -4.1599     5.5023 -9.990e-29
 146.366033      7.783    14.5143  37.071222    30.0981      7.714  258.59886  258.81909    -4.0043     5.5063 -9.990e-29
 146.366036      7.800    14.5108  37.069813    30.0996      7.730  258.61461  258.83464    -3.6308     5.7247 -9.990e-29
 146.366039      7.825    14.5085  37.081458    30.1119      7.755  258.60495  258.82475    -3.7553     5.6640 -9.990e-29
 146.366042      7.849    14.4867  37.095006    30.1488      7.779  258.65351  258.87181    -3.8331     5.6762 -9.990e-29
 146.366045      7.882    14.4793  37.103652    30.1545      7.811  258.68214  258.89999    -3.9187     5.6863 0.0000e+00
 146.366047      7.915    14.4719  37.103531    30.1602      7.844  258.71076  258.92816    -3.9887     5.6762 0.0000e+00
 146.366050      7.944    14.4620  37.103471    30.1678      7.873  258.74918  258.96598    -4.0043     5.2637 0.0000e+00
 146.366053      7.984    14.4555  37.105740    30.1749      7.913  258.77069  258.98708    -4.0043     5.2597 0.0000e+00
 146.366056      8.024    14.4504  37.109604    30.1824      7.952  258.78435  259.00040    -4.0510     5.2435 0.0000e+00
 146.366059      8.059    14.4459  37.112547    30.1885      7.987  258.79547  259.01080    -4.0043     5.2597 0.0000e+00
 146.366062      8.095    14.4433  37.125915    30.1966      8.023  258.79617  259.01171    -3.5763     5.8763 0.0000e+00
 146.366065      8.128    14.4407  37.142107    30.2046      8.055  258.79547  259.01080    -3.1016     6.5415 -9.990e-29
 146.366068      8.150    14.4084  37.151126    30.2526      8.077  258.87946  259.09261    -3.0082     6.5253 -9.990e-29
 146.366071      8.172    14.3900  37.171250    30.2852      8.099  258.91840  259.13026    -3.1794     6.5415 -9.990e-29
