seaocn-cb/data/ctd_cnv/SBE19plus_01907321_2024_05_24_Cast37.cnv
* Sea-Bird SBE19plus  Data File:
* FileName = E:\Prandtl_Daten\2024\CTD\raw\SBE19plus_01907321_2024_05_24_Cast37.hex
* Software version 2.6.1.12
* Temperature SN = 7321
* Conductivity SN = 7321
* System UpLoad Time = May 24 2024 08:56:13
* <ApplicationData>
* <Seaterm232>
** 20240524
** Sea Practical 2024
** MCat 23.05 CTD_Z1
** NMEA Latitude = 054 1.69N
** NMEA Longitude = 008 32.78E
** waterdepth = 12m
** Andreas
# nquan = 11
# nvalues = 449                         
# units = specified
# name 0 = timeJ: Julian Days
# name 1 = prdM: Pressure, Strain Gauge [db]
# name 2 = tv290C: Temperature [ITS-90, deg C]
# name 3 = c0mS/cm: Conductivity [mS/cm]
# name 4 = sal00: Salinity, Practical [PSU]
# name 5 = depSM: Depth [salt water, m], lat = 54.00
# name 6 = oxsatMm/Kg: Oxygen Saturation, Weiss [umol/kg]
# name 7 = oxsolMm/Kg: Oxygen Saturation, Garcia & Gordon [umol/kg]
# name 8 = turbWETntu0: Turbidity, WET Labs ECO [NTU]
# name 9 = flECO-AFL: Fluorescence, WET Labs ECO-AFL/FL [mg/m^3]
# name 10 = flag:  0.000e+00
# span 0 = 145.365605, 145.366901       
# span 1 =      0.407,     11.389       
# span 2 =    15.4285,    16.0380       
# span 3 =  34.842262,  35.265550       
# span 4 =    27.0483,    27.8155       
# span 5 =      0.404,     11.287       
# span 6 =  256.06271,  257.94418       
# span 7 =  256.38095,  258.22964       
# span 8 =    -3.6774,    25.9412       
# span 9 =     3.0963,    10.0918       
# span 10 = 0.0000e+00, 0.0000e+00      
# interval = seconds: 0.25
# start_time = May 24 2024 08:45:05 [Instrument's time stamp, header]
# bad_flag = -9.990e-29
*END*
[from data line 132]
 145.365987      4.000    15.7262  35.090984    27.4585      3.964  256.98232  257.28370    -0.8603     6.8165 -9.990e-29
 145.365990      4.017    15.7174  35.093743    27.4670      3.981  257.01272  257.31363    -0.8759     6.7801 -9.990e-29
 145.365992      4.040    15.7100  35.088468    27.4723      4.004  257.04101  257.34154     1.2720     7.2491 -9.990e-29
 145.365995      4.066    15.7095  35.094044    27.4723      4.029  257.04386  257.34438     1.2797     7.2552 0.0000e+00
 145.365998      4.095    15.7089  35.093144    27.4723      4.059  257.04672  257.34721     1.2875     7.2491 0.0000e+00
 145.366001      4.128    15.7078  35.090807    27.4710      4.091  257.05463  257.35507     1.2875     7.2613 0.0000e+00
 145.366004      4.166    15.7078  35.090567    27.4710      4.129  257.05491  257.35532     1.0696     7.2491 0.0000e+00
 145.366007      4.203    15.7073  35.092066    27.4725      4.165  257.05502  257.35546     1.0696     7.2451 0.0000e+00
 145.366010      4.245    15.7043  35.096983    27.4788      4.207  257.05917  257.35939     1.0541     7.2249 0.0000e+00
 145.366013      4.279    15.7003  35.096084    27.4800      4.241  257.07631  257.37633     0.9762     7.2451 0.0000e+00
 145.366016      4.318    15.7003  35.094405    27.4800      4.279  257.07631  257.37633     1.0541     7.2249 0.0000e+00
 145.366019      4.358    15.7007  35.095664    27.4800      4.319  257.06958  257.36970     1.9568     6.9337 0.0000e+00
 145.366021      4.393    15.7007  35.101420    27.4851      4.353  257.06637  257.36638     2.0657     6.9337 0.0000e+00
 145.366024      4.427    15.6953  35.118031    27.5033      4.388  257.06637  257.36638     2.0657     6.9378 0.0000e+00
 145.366027      4.460    15.6821  35.125289    27.5187      4.420  257.10278  257.40170     2.0969     6.9742 0.0000e+00
 145.366030      4.491    15.6753  35.129549    27.5254      4.451  257.12653  257.42507     2.2526     7.0267 0.0000e+00
 145.366033      4.518    15.6684  35.129070    27.5320      4.478  257.15028  257.44845     2.4860     7.0793 -9.990e-29
 145.366036      4.537    15.6520  35.129731    27.5435      4.496  257.21418  257.51151     2.5638     7.0631 -9.990e-29
 145.366039      4.560    15.6485  35.125713    27.5425      4.519  257.23423  257.53140     2.5638     7.0631 -9.990e-29
 145.366042      4.575    15.6466  35.134650    27.5515      4.534  257.22765  257.52467     5.8167     7.8719 -9.990e-29
 145.366045      4.597    15.6425  35.146167    27.5644      4.556  257.22637  257.52310     5.8945     7.8395 -9.990e-29
 145.366047      4.612    15.6282  35.153488    27.5807      4.570  257.27095  257.56691     5.7233     7.8435 -9.990e-29
 145.366050      4.628    15.6179  35.149530    27.5845      4.587  257.31771  257.61315     5.8167     7.8355 -9.990e-29
 145.366053      4.646    15.6182  35.142751    27.5784      4.605  257.32688  257.62238     4.1358     8.4177 -9.990e-29
 145.366056      4.665    15.6204  35.144431    27.5783      4.623  257.31568  257.61129     4.0268     8.4501 -9.990e-29
 145.366059      4.687    15.6210  35.148090    27.5869      4.645  257.29725  257.59282     4.1047     8.4056 -9.990e-29
 145.366062      4.714    15.6175  35.154869    27.5923      4.672  257.30622  257.60158     4.1124     8.4116 0.0000e+00
 145.366065      4.743    15.6139  35.161470    27.5976      4.701  257.31519  257.61034     4.1202     8.4056 0.0000e+00
 145.366068      4.778    15.5991  35.167051    27.6128      4.735  257.36456  257.65891     4.7584     7.7344 0.0000e+00
 145.366071      4.816    15.5806  35.170474    27.6287      4.773  257.43170  257.72507     4.8673     7.7303 0.0000e+00
 145.366073      4.854    15.5660  35.170896    27.6392      4.811  257.48834  257.78095     4.7739     7.7222 0.0000e+00
 145.366076      4.896    15.5557  35.171317    27.6468      4.853  257.52835  257.82042     4.8673     7.7303 0.0000e+00
 145.366079      4.935    15.5475  35.174078    27.6550      4.890  257.55644  257.84806     6.2836     7.7425 0.0000e+00
 145.366082      4.975    15.5408  35.176180    27.6615      4.930  257.57939  257.87065     6.3303     7.7748 0.0000e+00
 145.366085      5.010    15.5390  35.174740    27.6621      4.965  257.58758  257.87876     6.3225     7.7849 0.0000e+00
 145.366088      5.044    15.5372  35.176181    27.6627      4.999  257.59578  257.88686     6.3615     7.7950 -9.990e-29
 145.366091      5.066    15.5416  35.177921    27.6615      5.021  257.57536  257.86666     6.0657     7.5928 -9.990e-29
 145.366094      5.091    15.5416  35.176840    27.6615      5.046  257.57536  257.86666     6.0657     7.5928 0.0000e+00
 145.366097      5.120    15.5416  35.177080    27.6615      5.075  257.57536  257.86666     6.0657     7.5928 -9.990e-29
 145.366100      5.142    15.5443  35.180500    27.6661      5.096  257.55310  257.84449     7.6844     7.5969 -9.990e-29
 145.366102      5.173    15.5443  35.184341    27.6661      5.127  257.55310  257.84449     7.6844     7.5969 0.0000e+00
 145.366105      5.200    15.5443  35.184762    27.6661      5.154  257.55310  257.84449     7.6844     7.5969 -9.990e-29
 145.366108      5.224    15.5351  35.186863    27.6747      5.177  257.58525  257.87614     7.5132     8.0538 -9.990e-29
 145.366111      5.249    15.5306  35.184883    27.6761      5.202  257.60615  257.89682     7.5443     8.0296 -9.990e-29
 145.366114      5.269    15.5286  35.189445    27.6815      5.222  257.60714  257.89768     7.5132     8.0457 -9.990e-29
 145.366117      5.293    15.5268  35.185784    27.6796      5.246  257.61986  257.91033     5.5677     8.7817 -9.990e-29
 145.366120      5.313    15.5253  35.187285    27.6819      5.266  257.62310  257.91348     5.6299     8.7574 -9.990e-29
 145.366123      5.333    15.5243  35.185785    27.6813      5.286  257.62973  257.92006     5.5521     8.7453 -9.990e-29
 145.366126      5.355    15.5231  35.184945    27.6814      5.307  257.63565  257.92593     5.5521     8.7615 -9.990e-29
 145.366128      5.375    15.5206  35.186685    27.6846      5.327  257.64252  257.93266     7.2331     8.4824 -9.990e-29
 145.366131      5.397    15.5188  35.188606    27.6876      5.348  257.64695  257.93698     7.3264     8.4784 -9.990e-29
 145.366134      5.420    15.5175  35.187526    27.6866      5.372  257.65523  257.94521     7.3420     8.4622 -9.990e-29
 145.366137      5.448    15.5167  35.186446    27.6891      5.399  257.65534  257.94526     7.0852     8.0841 0.0000e+00
 145.366140      5.484    15.5158  35.190708    27.6915      5.435  257.65545  257.94531     6.8595     7.7061 0.0000e+00
 145.366143      5.517    15.5095  35.189808    27.6951      5.468  257.68146  257.97100     6.8595     7.6939 0.0000e+00
 145.366146      5.561    15.5022  35.194551    27.7044      5.511  257.70309  257.99221     6.8595     7.6939 0.0000e+00
 145.366149      5.607    15.4958  35.199713    27.7133      5.557  257.72006  258.00881     6.8595     7.6939 0.0000e+00
 145.366152      5.654    15.4903  35.200134    27.7175      5.604  257.74095  258.02942     6.8595     7.6818 0.0000e+00
 145.366155      5.696    15.4859  35.204397    27.7218      5.645  257.75193  258.04013     8.0268     7.4715 0.0000e+00
 145.366157      5.736    15.4849  35.198635    27.7228      5.685  257.75994  258.04811     8.0580     7.4554 0.0000e+00
 145.366160      5.769    15.4837  35.201816    27.7223      5.717  257.76730  258.05542     8.0579     7.4573 0.0000e+00
 145.366163      5.796    15.4849  35.198634    27.7228      5.745  257.75994  258.04811     8.0891     7.4432 -9.990e-29
 145.366166      5.817    15.4968  35.203076    27.7156      5.765  257.71130  258.00009     7.9957     8.5795 -9.990e-29
 145.366169      5.827    15.4983  35.201395    27.7130      5.775  257.70806  257.99693     7.9957     8.6523 -9.990e-29
 145.366172      5.835    15.4964  35.204576    27.7171      5.783  257.71054  257.99929     7.9490     8.6280 -9.990e-29
 145.366175      5.844    15.4914  35.202896    27.7191      5.792  257.73250  258.02100     7.9801     8.6078 -9.990e-29
 145.366178      5.857    15.4893  35.204577    27.7221      5.805  257.73821  258.02660     6.7506     9.9786 -9.990e-29
 145.366181      5.875    15.4892  35.206078    27.7235      5.823  257.73653  258.02489     6.8284     9.9301 -9.990e-29
 145.366183      5.899    15.4831  35.207579    27.7296      5.846  257.75720  258.04523     6.8751     9.9422 -9.990e-29
 145.366186      5.930    15.4819  35.208240    27.7311      5.877  257.76066  258.04863     7.2331     9.0829 0.0000e+00
 145.366189      5.967    15.4807  35.209741    27.7326      5.913  257.76412  258.05202     7.4821     8.2641 0.0000e+00
 145.366192      6.000    15.4791  35.208841    27.7330      5.946  257.76741  258.05514     7.5755     8.2236 0.0000e+00
 145.366195      6.038    15.4780  35.214604    27.7387      5.984  257.77198  258.05980     7.5755     8.2520 0.0000e+00
 145.366198      6.082    15.4750  35.212924    27.7393      6.027  257.78171  258.06928     7.5755     8.2196 0.0000e+00
 145.366201      6.118    15.4716  35.210343    27.7395      6.064  257.79923  258.08664     7.5910     8.2156 0.0000e+00
 145.366204      6.155    15.4695  35.210343    27.7410      6.100  257.80724  258.09446     8.3226     7.8314 0.0000e+00
 145.366207      6.189    15.4690  35.213345    27.7427      6.134  257.80739  258.09465     8.3771     7.8274 0.0000e+00
 145.366209      6.215    15.4684  35.208603    27.7444      6.159  257.80724  258.09446     8.4315     7.8233 -9.990e-29
 145.366212      6.237    15.4698  35.212925    27.7430      6.181  257.80238  258.08968     8.2759     7.8112 -9.990e-29
 145.366215      6.262    15.4737  35.206321    27.7404      6.206  257.78668  258.07418     8.0891     8.2883 -9.990e-29
 145.366218      6.292    15.4737  35.213165    27.7404      6.235  257.78668  258.07418     8.0891     8.2883 0.0000e+00
 145.366221      6.319    15.4737  35.212505    27.7404      6.262  257.78668  258.07418     8.0891     8.2883 -9.990e-29
 145.366224      6.342    15.4723  35.210163    27.7399      6.286  257.79494  258.08238     7.5599     8.7534 -9.990e-29
 145.366227      6.368    15.4723  35.211424    27.7399      6.311  257.79494  258.08238     7.5599     8.7534 0.0000e+00
 145.366230      6.401    15.4723  35.205481    27.7399      6.343  257.79494  258.08238     7.5599     8.7534 -9.990e-29
 145.366233      6.424    15.4745  35.207823    27.7402      6.367  257.78305  258.07059     7.6066     8.7493 -9.990e-29
 145.366236      6.455    15.4753  35.213586    27.7411      6.398  257.77769  258.06525     7.4510     8.5795 0.0000e+00
 145.366238      6.481    15.4753  35.216767    27.7411      6.423  257.77769  258.06525     7.4510     8.5795 0.0000e+00
 145.366241      6.507    15.4760  35.217188    27.7419      6.448  257.77232  258.05992     7.2953     8.4097 -9.990e-29
 145.366244      6.528    15.4779  35.216767    27.7405      6.470  257.76466  258.05237     7.3420     8.4177 -9.990e-29
 145.366247      6.547    15.4787  35.213766    27.7373      6.488  257.76623  258.05400     7.2642     8.4137 -9.990e-29
 145.366250      6.570    15.4781  35.215687    27.7394      6.512  257.76543  258.05316     7.2953     8.4420 -9.990e-29
 145.366253      6.592    15.4776  35.217008    27.7409      6.533  257.76556  258.05324     7.8089     8.2964 -9.990e-29
 145.366256      6.625    15.4758  35.217428    27.7426      6.566  257.77199  258.05958     7.7934     8.2964 -9.990e-29
 145.366259      6.649    15.4653  35.226195    27.7628      6.589  257.79048  258.07743     7.9023     8.2762 -9.990e-29
 145.366262      6.683    15.4615  35.232140    27.7660      6.624  257.80436  258.09111     8.6961     8.0356 0.0000e+00
 145.366264      6.718    15.4577  35.233462    27.7692      6.658  257.81825  258.10479     9.4899     7.8112 0.0000e+00
 145.366267      6.753    15.4520  35.230881    27.7710      6.692  257.84468  258.13093     9.5210     7.8112 0.0000e+00
 145.366270      6.786    15.4507  35.230221    27.7718      6.725  257.84966  258.13584     9.5677     7.8112 0.0000e+00
 145.366273      6.819    15.4507  35.231061    27.7721      6.758  257.84966  258.13584     9.5988     7.8031 0.0000e+00
 145.366276      6.853    15.4515  35.232803    27.7723      6.792  257.84510  258.13131    10.0580     7.5868 0.0000e+00
 145.366279      6.882    15.4523  35.231962    27.7724      6.821  257.84054  258.12679    10.5171     7.3704 -9.990e-29
 145.366282      6.906    15.4537  35.234904    27.7732      6.844  257.83179  258.11811    10.5949     7.3664 -9.990e-29
 145.366285      6.930    15.4540  35.231061    27.7697      6.868  257.83682  258.12318    10.5327     7.3704 -9.990e-29
 145.366288      6.950    15.4539  35.225537    27.7649      6.888  257.84567  258.13206     9.6922     8.3571 -9.990e-29
 145.366291      6.975    15.4567  35.229800    27.7661      6.913  257.82908  258.11559     9.8012     8.3328 -9.990e-29
 145.366293      7.003    15.4562  35.229140    27.7679      6.940  257.82844  258.11492     9.7779     8.3328 0.0000e+00
 145.366296      7.039    15.4557  35.232563    27.7698      6.976  257.82908  258.11559     9.7856     8.3328 0.0000e+00
 145.366299      7.074    15.4527  35.235986    27.7749      7.011  257.83421  258.12047     9.7856     8.3328 0.0000e+00
 145.366302      7.112    15.4505  35.237487    27.7776      7.048  257.84082  258.12694    11.4976     7.9042 0.0000e+00
 145.366305      7.154    15.4501  35.237067    27.7776      7.090  257.84303  258.12914    11.4976     7.9042 0.0000e+00
 145.366308      7.189    15.4495  35.235146    27.7776      7.124  257.84664  258.13267    11.5443     7.9244 0.0000e+00
 145.366311      7.219    15.4491  35.238329    27.7780      7.155  257.84740  258.13347    11.5209     7.9244 0.0000e+00
 145.366314      7.245    15.4487  35.235987    27.7797      7.180  257.84664  258.13267    11.5443     7.9244 -9.990e-29
 145.366317      7.265    15.4473  35.233885    27.7768      7.200  257.85875  258.14474    13.5521     7.8799 -9.990e-29
 145.366319      7.276    15.4487  35.228601    27.7712      7.211  257.86170  258.14779    13.7856     7.8840 -9.990e-29
 145.366322      7.282    15.4508  35.232384    27.7730      7.217  257.84757  258.13375    13.5366     7.9406 -9.990e-29
 145.366325      7.287    15.4512  35.233465    27.7737      7.222  257.84437  258.13056     9.8012     9.4246 -9.990e-29
 145.366328      7.305    15.4510  35.236227    27.7762      7.240  257.84073  258.12689     9.8478     9.4084 -9.990e-29
 145.366331      7.322    15.4473  35.235567    27.7812      7.256  257.85122  258.13717     9.7545     9.4165 -9.990e-29
 145.366334      7.351    15.4449  35.238990    27.7832      7.285  257.85995  258.14576    10.5094     8.8807 0.0000e+00
 145.366337      7.387    15.4425  35.239831    27.7853      7.321  257.86867  258.15436    11.2642     8.3530 0.0000e+00
 145.366340      7.429    15.4381  35.236409    27.7854      7.363  257.89118  258.17666    11.2642     8.3450 0.0000e+00
 145.366343      7.475    15.4348  35.241994    27.7926      7.408  257.89577  258.18104    11.2953     8.3530 0.0000e+00
 145.366345      7.520    15.4316  35.241995    27.7949      7.453  257.90838  258.19348    11.2953     8.3490 0.0000e+00
 145.366348      7.564    15.4297  35.246259    27.7992      7.497  257.90979  258.19475    11.3887     8.3490 0.0000e+00
 145.366351      7.608    15.4297  35.245418    27.7992      7.540  257.91050  258.19548    11.9646     7.7101 0.0000e+00
 145.366354      7.641    15.4302  35.242836    27.7977      7.573  257.91051  258.19552    11.9957     7.7081 0.0000e+00
 145.366357      7.670    15.4307  35.241995    27.7962      7.602  257.91052  258.19557    11.9646     7.7061 -9.990e-29
 145.366360      7.694    15.4329  35.244998    27.7965      7.625  257.89862  258.18377    11.9646     7.7222 -9.990e-29
