seaocn-cb/data/ctd_cnv/SBE19plus_01907321_2024_05_27_Cast72.cnv
* Sea-Bird SBE19plus  Data File:
* FileName = E:\Prandtl_Daten\2024\27052024\raw\SBE19plus_01907321_2024_05_27_Cast72.hex
* Software version 2.6.1.12
* Temperature SN = 7321
* Conductivity SN = 7321
* System UpLoad Time = May 27 2024 09:06:32
* <ApplicationData>
* <Seaterm232>
** 20240527
** Sea Practical 2024
** MCat 27.05 CTD_SP5
** NMEA Latitude = 54 7.781N
** NMEA Longitude = 008 25.579E
** waterdepth = 8.4m
** Maja
# nquan = 11
# nvalues = 248                         
# units = specified
# name 0 = timeJ: Julian Days
# name 1 = prdM: Pressure, Strain Gauge [db]
# name 2 = tv290C: Temperature [ITS-90, deg C]
# name 3 = c0mS/cm: Conductivity [mS/cm]
# name 4 = sal00: Salinity, Practical [PSU]
# name 5 = depSM: Depth [salt water, m], lat = 54.00
# name 6 = oxsatMm/Kg: Oxygen Saturation, Weiss [umol/kg]
# name 7 = oxsolMm/Kg: Oxygen Saturation, Garcia & Gordon [umol/kg]
# name 8 = turbWETntu0: Turbidity, WET Labs ECO [NTU]
# name 9 = flECO-AFL: Fluorescence, WET Labs ECO-AFL/FL [mg/m^3]
# name 10 = flag:  0.000e+00
# span 0 = 148.376615, 148.377329       
# span 1 =      0.830,      7.335       
# span 2 =    16.3977,    16.6017       
# span 3 =  36.855630,  36.904144       
# span 4 =    28.3985,    28.5498       
# span 5 =      0.823,      7.270       
# span 6 =  250.94372,  251.69862       
# span 7 =  251.27817,  252.02309       
# span 8 =    -3.1638,     6.8906       
# span 9 =     3.1489,     6.3029       
# span 10 = 0.0000e+00, 0.0000e+00      
# interval = seconds: 0.25
# start_time = May 27 2024 09:00:48 [Instrument's time stamp, header]
# bad_flag = -9.990e-29
*END*
 148.376615      0.830    16.6017  36.897979    28.4016      0.823  250.94372  251.27817    -2.4634     3.6543 0.0000e+00
 148.376617      0.874    16.6016  36.895043    28.3996      0.866  250.94825  251.28270    -2.4634     3.6543 0.0000e+00
 148.376620      0.938    16.6015  36.895533    28.3991      0.930  250.94863  251.28309    -2.3856     3.6746 0.0000e+00
 148.376623      1.000    16.6012  36.893943    28.3996      0.991  250.94825  251.28270    -2.3856     4.3620 0.0000e+00
 148.376626      1.042    16.6010  36.897919    28.4003      1.033  250.94954  251.28395    -2.4323     4.3701 0.0000e+00
 148.376629      1.071    16.6008  36.897063    28.4021      1.062  250.94725  251.28165    -2.4790     4.3781 -9.990e-29
 148.376632      1.089    16.6010  36.895044    28.3990      1.080  250.95168  251.28611    -2.4479     4.4065 -9.990e-29
 148.376635      1.122    16.6010  36.894494    28.3990      1.112  250.95168  251.28611    -2.4479     4.4065 0.0000e+00
 148.376638      1.157    16.6010  36.897063    28.3990      1.147  250.95168  251.28611    -2.4479     4.4065 -9.990e-29
 148.376641      1.181    16.6011  36.898654    28.4025      1.170  250.94535  251.27976    -2.1833     3.3713 -9.990e-29
 148.376644      1.191    16.6008  36.897247    28.4014      1.181  250.94831  251.28272    -2.1677     3.3591 -9.990e-29
 148.376646      1.201    16.6007  36.894617    28.3993      1.190  250.95276  251.28717    -2.2611     3.3470 -9.990e-29
 148.376649      1.226    16.6002  36.895718    28.4032      1.215  250.94854  251.28291    -2.6813     3.1651 -9.990e-29
 148.376652      1.270    16.6002  36.898776    28.4004      1.259  250.95324  251.28762    -2.6269     3.1509 0.0000e+00
 148.376655      1.330    16.6002  36.892354    28.4003      1.318  250.95304  251.28742    -2.6813     3.1489 0.0000e+00
 148.376658      1.398    16.6002  36.895535    28.4003      1.385  250.95397  251.28835    -2.6813     3.1489 0.0000e+00
 148.376661      1.454    16.6001  36.895535    28.4004      1.441  250.95351  251.28789    -2.7358     3.1772 0.0000e+00
 148.376664      1.481    16.6000  36.896392    28.4005      1.468  250.95397  251.28835    -2.7903     3.2055 -9.990e-29
 148.376667      1.472    16.5995  36.892783    28.3985      1.459  250.96011  251.29448    -2.8214     3.2217 -9.990e-29
 148.376670      1.445    16.5994  36.899633    28.4044      1.432  250.95040  251.28473    -2.6969     3.2378 -9.990e-29
 148.376672      1.419    16.5994  36.896881    28.4021      1.407  250.95441  251.28875    -3.1638     3.6422 -9.990e-29
 148.376675      1.412    16.5994  36.899144    28.4040      1.399  250.95110  251.28543    -3.1327     3.6058 -9.990e-29
 148.376678      1.428    16.5995  36.896391    28.4003      1.416  250.95708  251.29143    -2.9615     3.6139 -9.990e-29
 148.376681      1.468    16.5993  36.894862    28.3998      1.455  250.95873  251.29307    -3.0471     3.6079 0.0000e+00
 148.376684      1.519    16.5991  36.893456    28.4003      1.506  250.95708  251.29143    -2.9615     3.6139 0.0000e+00
 148.376687      1.571    16.5991  36.895964    28.4014      1.557  250.95673  251.29107    -2.6969     3.7271 0.0000e+00
 148.376690      1.622    16.5991  36.898655    28.4014      1.607  250.95673  251.29107    -2.6658     3.7271 0.0000e+00
 148.376693      1.677    16.5993  36.893946    28.4003      1.662  250.95712  251.29148    -2.6658     3.7271 0.0000e+00
 148.376696      1.719    16.5994  36.894924    28.4003      1.703  250.95712  251.29148    -2.6191     3.7069 0.0000e+00
 148.376698      1.755    16.5994  36.897983    28.4016      1.739  250.95505  251.28940    -2.5257     3.4744 0.0000e+00
 148.376701      1.786    16.5994  36.897066    28.4029      1.770  250.95298  251.28732    -2.4323     3.2419 -9.990e-29
 148.376704      1.811    16.5989  36.895353    28.4002      1.795  250.96011  251.29444    -2.3701     3.2095 -9.990e-29
 148.376707      1.846    16.5988  36.894374    28.4010      1.830  250.95908  251.29340    -2.4712     3.4703 0.0000e+00
 148.376710      1.872    16.5988  36.896210    28.4010      1.855  250.95908  251.29340    -2.4712     3.4703 0.0000e+00
 148.376713      1.901    16.5987  36.895965    28.4018      1.884  250.95805  251.29236    -2.5724     3.7312 -9.990e-29
 148.376716      1.926    16.5984  36.894619    28.4007      1.909  250.96161  251.29591    -2.5880     3.7271 -9.990e-29
 148.376719      1.943    16.5982  36.894191    28.4004      1.925  250.96285  251.29715    -2.8059     3.7190 -9.990e-29
 148.376722      1.948    16.5978  36.896638    28.4028      1.930  250.96079  251.29506    -2.5880     4.5075 -9.990e-29
 148.376725      1.942    16.5977  36.897556    28.4037      1.925  250.96005  251.29431    -2.7280     4.4954 -9.990e-29
 148.376727      1.933    16.5973  36.895721    28.4024      1.916  250.96393  251.29818    -2.6502     4.5075 -9.990e-29
 148.376730      1.939    16.5970  36.893824    28.4010      1.922  250.96791  251.30216    -2.6813     4.5075 -9.990e-29
 148.376733      1.957    16.5959  36.895537    28.4003      1.940  250.97467  251.30887    -2.4790     3.9253 -9.990e-29
 148.376736      1.988    16.5955  36.892112    28.4013      1.970  250.97464  251.30882    -2.4246     3.9314 0.0000e+00
 148.376739      2.036    16.5952  36.893825    28.4016      2.017  250.97467  251.30887    -2.4012     3.9253 0.0000e+00
 148.376742      2.077    16.5949  36.892602    28.4019      2.059  250.97672  251.31087    -2.3857     3.9253 0.0000e+00
 148.376745      2.114    16.5946  36.891440    28.4016      2.095  250.97884  251.31297    -2.4012     3.9131 -9.990e-29
 148.376748      2.136    16.5938  36.896211    28.4053      2.117  250.97662  251.31070    -2.3078     4.1881 -9.990e-29
 148.376751      2.143    16.5937  36.893030    28.4026      2.124  250.98157  251.31566    -2.2144     4.2043 -9.990e-29
 148.376753      2.147    16.5934  36.892969    28.4028      2.128  250.98287  251.31694    -2.4479     4.1517 -9.990e-29
 148.376756      2.156    16.5928  36.891930    28.4011      2.137  250.98858  251.32264    -2.6658     3.6948 -9.990e-29
 148.376759      2.185    16.5926  36.890523    28.4020      2.166  250.98772  251.32177    -2.6891     3.6948 0.0000e+00
 148.376762      2.231    16.5925  36.892542    28.4027      2.211  250.98858  251.32264    -2.6969     3.6948 0.0000e+00
 148.376765      2.306    16.5918  36.891686    28.4028      2.285  250.99057  251.32458    -2.7125     3.6624 0.0000e+00
 148.376768      2.391    16.5914  36.891441    28.4027      2.370  250.99249  251.32647    -2.6969     3.6624 0.0000e+00
 148.376771      2.475    16.5908  36.890157    28.4024      2.453  250.99682  251.33079    -2.7436     3.9536 0.0000e+00
 148.376774      2.537    16.5903  36.889668    28.4023      2.515  250.99916  251.33310    -2.6814     3.9758 0.0000e+00
 148.376777      2.566    16.5897  36.886916    28.4024      2.543  251.00150  251.33541    -2.7903     3.9536 -9.990e-29
 148.376780      2.566    16.5872  36.888445    28.4031      2.543  251.01267  251.34647    -2.7125     4.0183 -9.990e-29
 148.376782      2.544    16.5862  36.887161    28.4027      2.522  251.01816  251.35192    -2.5568     3.9778 -9.990e-29
 148.376785      2.506    16.5849  36.884714    28.4016      2.484  251.02654  251.36025    -2.4323     4.2083 -9.990e-29
 148.376788      2.470    16.5839  36.886733    28.4041      2.448  251.02750  251.36115    -2.4012     4.2043 -9.990e-29
 148.376791      2.452    16.5838  36.884898    28.4026      2.430  251.03047  251.36413    -2.4790     4.1598 -9.990e-29
 148.376794      2.463    16.5838  36.884714    28.4024      2.441  251.03075  251.36440    -2.5257     4.2164 -9.990e-29
 148.376797      2.515    16.5824  36.883491    28.4012      2.493  251.03962  251.37322    -2.3856     4.1679 -9.990e-29
 148.376800      2.594    16.5818  36.882208    28.4017      2.571  251.04206  251.37563    -2.3856     4.1780 0.0000e+00
 148.376803      2.669    16.5811  36.882208    28.4017      2.645  251.04449  251.37803    -2.3856     4.1881 0.0000e+00
 148.376806      2.722    16.5801  36.880068    28.4019      2.697  251.05000  251.38349    -2.4168     4.1901 0.0000e+00
 148.376808      2.749    16.5790  36.878356    28.4017      2.725  251.05550  251.38895    -2.4479     4.1921 -9.990e-29
 148.376811      2.764    16.5747  36.878601    28.4035      2.739  251.07368  251.40693    -2.2767     4.6289 -9.990e-29
 148.376814      2.767    16.5732  36.877684    28.4038      2.743  251.08046  251.41365    -2.4167     4.6167 -9.990e-29
 148.376817      2.769    16.5722  36.878173    28.4049      2.744  251.08368  251.41681    -2.4479     4.6208 -9.990e-29
 148.376820      2.787    16.5703  36.877500    28.4036      2.763  251.09512  251.42818    -2.6191     4.1072 -9.990e-29
 148.376823      2.818    16.5697  36.875116    28.4044      2.793  251.09682  251.42985    -2.6425     4.1254 0.0000e+00
 148.376826      2.877    16.5691  36.875911    28.4051      2.851  251.09846  251.43143    -2.6658     4.1234 0.0000e+00
 148.376829      2.937    16.5687  36.877012    28.4064      2.911  251.09852  251.43152    -2.6658     4.1355 0.0000e+00
 148.376832      3.006    16.5683  36.877685    28.4072      2.980  251.09902  251.43197    -2.6191     4.1234 0.0000e+00
 148.376834      3.059    16.5682  36.877685    28.4072      3.032  251.09918  251.43214    -2.5646     4.0708 0.0000e+00
 148.376837      3.098    16.5682  36.875423    28.4072      3.070  251.09935  251.43230    -2.5101     4.0061 -9.990e-29
 148.376840      3.120    16.5676  36.876157    28.4063      3.092  251.10374  251.43666    -2.4790     4.0061 -9.990e-29
 148.376843      3.118    16.5673  36.872487    28.4034      3.090  251.11030  251.44323    -2.4323     4.0061 -9.990e-29
 148.376846      3.103    16.5667  36.870469    28.4021      3.075  251.11536  251.44827    -1.9965     4.1881 -9.990e-29
 148.376849      3.079    16.5661  36.873588    28.4052      3.052  251.11321  251.44607    -1.8564     4.1881 -9.990e-29
 148.376852      3.050    16.5653  36.875912    28.4078      3.023  251.11282  251.44563    -2.1055     4.1841 -9.990e-29
 148.376855      3.030    16.5646  36.874750    28.4073      3.003  251.11692  251.44971    -2.0432     4.2124 -9.990e-29
 148.376858      3.023    16.5639  36.871631    28.4051      2.996  251.12419  251.45696    -2.4323     4.2609 -9.990e-29
 148.376861      3.028    16.5620  36.872732    28.4072      3.001  251.12992  251.46259    -2.4323     4.2649 -9.990e-29
 148.376863      3.074    16.5618  36.872488    28.4074      3.046  251.13095  251.46361    -2.3856     4.2569 0.0000e+00
 148.376866      3.145    16.5615  36.872549    28.4072      3.117  251.13198  251.46463    -2.3389     4.2528 0.0000e+00
 148.376869      3.226    16.5613  36.871143    28.4076      3.197  251.13198  251.46463    -2.3389     4.2528 0.0000e+00
 148.376872      3.311    16.5613  36.875241    28.4101      3.282  251.12965  251.46226    -2.4790     4.2528 0.0000e+00
 148.376875      3.386    16.5617  36.877014    28.4101      3.355  251.12468  251.45731    -2.4946     4.2568 0.0000e+00
 148.376878      3.448    16.5621  36.876097    28.4105      3.417  251.12386  251.45651    -2.4868     4.2548 0.0000e+00
 148.376881      3.486    16.5625  36.874079    28.4098      3.455  251.12304  251.45571    -2.4946     4.2568 -9.990e-29
 148.376884      3.510    16.5632  36.872979    28.4066      3.478  251.12521  251.45794    -2.1833     4.2124 -9.990e-29
 148.376887      3.519    16.5635  36.874079    28.4073      3.487  251.12240  251.45513    -2.1522     4.2568 -9.990e-29
 148.376889      3.519    16.5632  36.869799    28.4038      3.487  251.12956  251.46231    -2.1833     4.2609 -9.990e-29
 148.376892      3.519    16.5628  36.875547    28.4091      3.487  251.12297  251.45566    -2.2144     4.2609 -9.990e-29
 148.376895      3.524    16.5621  36.872061    28.4066      3.493  251.13049  251.46317    -2.8059     4.6814 -9.990e-29
 148.376898      3.537    16.5611  36.873407    28.4085      3.505  251.13246  251.46508    -2.7125     4.6976 -9.990e-29
 148.376901      3.557    16.5602  36.872551    28.4083      3.525  251.13674  251.46933    -2.5257     4.6814 -9.990e-29
 148.376904      3.582    16.5586  36.867353    28.4096      3.550  251.14255  251.47505    -1.8564     4.5035 -9.990e-29
 148.376907      3.617    16.5581  36.872735    28.4095      3.585  251.14561  251.47809    -1.9031     4.5015 0.0000e+00
 148.376910      3.655    16.5575  36.871451    28.4093      3.623  251.14867  251.48113    -1.9498     4.5035 0.0000e+00
 148.376913      3.690    16.5570  36.866437    28.4075      3.657  251.15416  251.48661    -1.9732     4.5116 0.0000e+00
 148.376916      3.719    16.5565  36.865764    28.4057      3.686  251.15965  251.49209    -1.9965     4.5237 -9.990e-29
 148.376918      3.741    16.5542  36.869495    28.4099      3.708  251.16367  251.49598    -2.6346     4.5035 -9.990e-29
 148.376921      3.759    16.5535  36.870718    28.4115      3.726  251.16461  251.49688    -2.7436     4.5116 -9.990e-29
 148.376924      3.778    16.5530  36.872492    28.4133      3.744  251.16384  251.49607    -2.7747     4.4792 -9.990e-29
 148.376927      3.803    16.5525  36.869312    28.4110      3.769  251.17061  251.50284    -2.6346     4.4995 -9.990e-29
 148.376930      3.822    16.5502  36.868211    28.4134      3.788  251.17767  251.50978    -2.4790     4.4995 -9.990e-29
 148.376933      3.849    16.5496  36.870291    28.4126      3.815  251.18194  251.51403    -2.4401     4.5076 0.0000e+00
 148.376936      3.877    16.5490  36.867356    28.4117      3.842  251.18620  251.51828    -2.4479     4.4995 0.0000e+00
 148.376939      3.910    16.5478  36.865521    28.4117      3.875  251.19344  251.52546    -2.4012     4.5156 0.0000e+00
 148.376942      3.942    16.5460  36.865094    28.4119      3.907  251.20073  251.53267    -2.3389     4.4833 0.0000e+00
 148.376944      3.975    16.5443  36.864116    28.4123      3.940  251.20882  251.54068    -1.9343     4.4550 0.0000e+00
 148.376947      4.012    16.5427  36.864177    28.4134      3.976  251.21449  251.54628    -1.8876     4.4550 0.0000e+00
 148.376950      4.047    16.5409  36.863505    28.4141      4.011  251.22214  251.55384    -1.8876     4.4550 0.0000e+00
 148.376953      4.081    16.5395  36.866501    28.4177      4.045  251.22321  251.55483    -1.8876     4.4226 0.0000e+00
 148.376956      4.116    16.5391  36.865768    28.4177      4.079  251.22542  251.55702    -1.9732     4.3923 0.0000e+00
 148.376959      4.143    16.5386  36.865768    28.4177      4.106  251.22763  251.55920    -2.1055     4.3620 -9.990e-29
 148.376962      4.161    16.5359  36.864545    28.4185      4.124  251.23941  251.57086    -2.2767     4.4065 -9.990e-29
 148.376965      4.176    16.5349  36.864423    28.4191      4.139  251.24322  251.57463    -2.0276     4.3701 -9.990e-29
 148.376968      4.194    16.5342  36.863262    28.4186      4.157  251.24765  251.57903    -2.0276     4.8796 -9.990e-29
 148.376970      4.207    16.5338  36.863078    28.4187      4.170  251.24944  251.58079    -2.1210     4.8432 -9.990e-29
 148.376973      4.225    16.5332  36.866870    28.4224      4.188  251.24631  251.57762    -2.1833     4.8674 -9.990e-29
 148.376976      4.232    16.5322  36.864607    28.4212      4.195  251.25325  251.58453    -2.1210     4.8513 -9.990e-29
 148.376979      4.247    16.5310  36.861978    28.4197      4.209  251.26134  251.59257    -2.1055     4.8634 -9.990e-29
 148.376982      4.269    16.5301  36.863507    28.4211      4.231  251.26374  251.59492    -1.8720     4.6814 -9.990e-29
 148.376985      4.298    16.5301  36.862835    28.4213      4.260  251.26329  251.59447    -1.8954     4.6875 0.0000e+00
 148.376988      4.336    16.5301  36.863263    28.4214      4.298  251.26374  251.59492    -1.8720     4.6936 0.0000e+00
 148.376991      4.382    16.5297  36.862835    28.4214      4.343  251.26529  251.59645    -1.7942     4.6936 0.0000e+00
