seaocn-cb/data/ctd_cnv/SBE19plus_01907321_2024_05_28_Cast89.cnv
* Sea-Bird SBE19plus  Data File:
* FileName = E:\Prandtl_Daten\2024\28052024\raw\SBE19plus_01907321_2024_05_28_Cast89.hex
* Software version 2.6.1.12
* Temperature SN = 7321
* Conductivity SN = 7321
* System UpLoad Time = May 28 2024 10:44:15
* <ApplicationData>
* <Seaterm232>
** 20240527
** Sea Practical 2024
** MCat 27.05 CTD_SP5
** NMEA Latitude = 54 7.73N
** NMEA Longitude = 008 25.52E
** waterdepth = 9.2m
** Isabelle
# nquan = 11
# nvalues = 383                         
# units = specified
# name 0 = timeJ: Julian Days
# name 1 = prdM: Pressure, Strain Gauge [db]
# name 2 = tv290C: Temperature [ITS-90, deg C]
# name 3 = c0mS/cm: Conductivity [mS/cm]
# name 4 = sal00: Salinity, Practical [PSU]
# name 5 = depSM: Depth [salt water, m], lat = 54.00
# name 6 = oxsatMm/Kg: Oxygen Saturation, Weiss [umol/kg]
# name 7 = oxsolMm/Kg: Oxygen Saturation, Garcia & Gordon [umol/kg]
# name 8 = turbWETntu0: Turbidity, WET Labs ECO [NTU]
# name 9 = flECO-AFL: Fluorescence, WET Labs ECO-AFL/FL [mg/m^3]
# name 10 = flag:  0.000e+00
# span 0 = 149.443828, 149.444933       
# span 1 =      0.324,      8.524       
# span 2 =    16.2875,    16.7391       
# span 3 =  36.981652,  37.058183       
# span 4 =    28.4312,    28.7324       
# span 5 =      0.321,      8.448       
# span 6 =  250.20494,  251.93761       
# span 7 =  250.54505,  252.25593       
# span 8 =    -2.7436,   162.1747       
# span 9 =     2.7486,    10.8075       
# span 10 = 0.0000e+00, 0.0000e+00      
# interval = seconds: 0.25
# start_time = May 28 2024 10:37:02 [Instrument's time stamp, header]
# bad_flag = -9.990e-29
*END*
 149.443828      0.324    16.7199  37.042743    28.4417      0.321  250.29467  250.63399    -2.3234     3.0074 -9.990e-29
 149.443831      0.344    16.7230  37.047767    28.4437      0.341  250.27562  250.61506    -2.5724     3.0195 -9.990e-29
 149.443834      0.364    16.7276  37.045868    28.4429      0.360  250.25449  250.59413    -2.3389     2.7486 -9.990e-29
 149.443837      0.400    16.7284  37.050708    28.4423      0.397  250.25142  250.59111    -2.3389     2.7648 0.0000e+00
 149.443840      0.457    16.7293  37.050585    28.4416      0.453  250.24836  250.58808    -2.3389     2.7688 0.0000e+00
 149.443843      0.521    16.7307  37.047277    28.4407      0.516  250.24806  250.58787    -2.3856     2.7809 0.0000e+00
 149.443845      0.592    16.7314  37.051382    28.4394      0.587  250.23943  250.57925    -2.4479     2.7809 0.0000e+00
 149.443848      0.661    16.7323  37.050586    28.4407      0.655  250.23730  250.57717    -2.4167     2.7809 0.0000e+00
 149.443851      0.719    16.7337  37.055671    28.4415      0.713  250.22483  250.56474    -2.4167     2.7647 0.0000e+00
 149.443854      0.772    16.7344  37.055487    28.4421      0.765  250.22226  250.56221    -2.3544     2.7647 0.0000e+00
 149.443857      0.811    16.7352  37.057938    28.4415      0.803  250.21969  250.55967    -2.2922     2.7647 -9.990e-29
 149.443860      0.822    16.7381  37.058183    28.4417      0.814  250.20494  250.54505    -2.4634     3.0801 -9.990e-29
 149.443863      0.818    16.7391  37.051688    28.4355      0.811  250.21073  250.55092    -2.4167     3.0599 -9.990e-29
 149.443866      0.815    16.7390  37.054078    28.4376      0.807  250.20787  250.54804    -2.3701     3.0680 -9.990e-29
 149.443869      0.833    16.7377  37.045500    28.4312      0.825  250.22484  250.56500    -2.4167     3.0842 -9.990e-29
 149.443872      0.851    16.7354  37.047767    28.4347      0.843  250.23002  250.57005    -2.3078     3.4158 -9.990e-29
 149.443874      0.849    16.7328  37.048197    28.4370      0.842  250.23905  250.57896    -2.3389     3.4198 -9.990e-29
 149.443877      0.840    16.7301  37.044521    28.4358      0.833  250.25464  250.59444    -2.4012     3.4522 -9.990e-29
 149.443880      0.833    16.7272  37.042561    28.4361      0.825  250.26804  250.60771    -2.4790     3.4077 -9.990e-29
 149.443883      0.811    16.7243  37.039130    28.4353      0.803  250.28387  250.62342    -2.2455     3.2459 -9.990e-29
 149.443886      0.789    16.7205  37.036129    28.4354      0.782  250.30210  250.64149    -2.0588     3.2338 -9.990e-29
 149.443889      0.793    16.7142  37.033924    28.4395      0.786  250.32591  250.66500    -2.1833     3.1974 -9.990e-29
 149.443892      0.858    16.7136  37.035762    28.4388      0.851  250.33031  250.66938    -2.2066     3.3430 0.0000e+00
 149.443895      0.972    16.7129  37.033067    28.4389      0.963  250.33472  250.67376    -2.1833     3.4885 0.0000e+00
 149.443898      1.067    16.7123  37.033006    28.4385      1.057  250.33705  250.67606    -2.1677     3.4905 0.0000e+00
 149.443900      1.111    16.7117  37.031965    28.4389      1.101  250.33938  250.67836    -2.1055     3.4926 -9.990e-29
 149.443903      1.105    16.7106  37.038459    28.4443      1.095  250.33572  250.67461    -1.9809     3.4602 -9.990e-29
 149.443906      1.091    16.7128  37.042992    28.4466      1.081  250.32098  250.65996    -1.7008     3.5977 -9.990e-29
 149.443909      1.063    16.7164  37.040663    28.4421      1.054  250.31076  250.64993    -1.6385     3.5977 -9.990e-29
 149.443912      1.036    16.7194  37.043665    28.4426      1.026  250.29553  250.63482    -1.6697     3.6139 -9.990e-29
 149.443915      1.036    16.7212  37.041398    28.4394      1.027  250.29173  250.63112    -1.5918     3.6341 -9.990e-29
 149.443918      1.098    16.7210  37.041521    28.4406      1.088  250.29075  250.63013    -2.0354     3.5047 0.0000e+00
 149.443921      1.207    16.7208  37.044156    28.4394      1.196  250.29173  250.63112    -2.3701     3.3753 0.0000e+00
 149.443924      1.337    16.7208  37.037417    28.4395      1.325  250.29390  250.63327    -2.3701     3.3591 0.0000e+00
 149.443927      1.435    16.7206  37.041399    28.4379      1.422  250.29721  250.63659    -2.3623     3.3531 0.0000e+00
 149.443929      1.477    16.7208  37.038704    28.4395      1.464  250.29390  250.63327    -2.3545     3.3591 -9.990e-29
 149.443932      1.483    16.7195  37.039807    28.4390      1.469  250.30076  250.64008    -2.4012     3.8323 -9.990e-29
 149.443935      1.473    16.7186  37.038704    28.4388      1.460  250.30598  250.64526    -2.3234     3.8767 -9.990e-29
 149.443938      1.453    16.7177  37.038214    28.4389      1.440  250.30970  250.64894    -2.4479     3.8403 -9.990e-29
 149.443941      1.415    16.7167  37.036315    28.4381      1.402  250.31636  250.65556    -2.4167     3.8646 -9.990e-29
 149.443944      1.367    16.7148  37.029822    28.4339      1.355  250.33270  250.67184    -2.0743     3.7109 -9.990e-29
 149.443947      1.329    16.7120  37.028290    28.4345      1.317  250.34516  250.68419    -2.2144     3.6826 -9.990e-29
 149.443950      1.323    16.7090  37.030067    28.4382      1.311  250.35375  250.69262    -2.0743     3.6584 -9.990e-29
 149.443953      1.345    16.7075  37.030557    28.4397      1.333  250.35878  250.69758    -2.1366     3.6503 -9.990e-29
 149.443955      1.384    16.7066  37.032395    28.4418      1.371  250.35916  250.69790    -2.1366     3.5128 -9.990e-29
 149.443958      1.433    16.7084  37.034172    28.4383      1.420  250.35631  250.69515    -1.9809     3.5532 -9.990e-29
 149.443961      1.492    16.7084  37.029823    28.4388      1.478  250.35553  250.69437    -2.0899     3.5370 0.0000e+00
 149.443964      1.565    16.7084  37.030926    28.4383      1.551  250.35631  250.69515    -2.1988     3.5532 0.0000e+00
 149.443967      1.645    16.7078  37.027802    28.4393      1.630  250.36151  250.70028    -2.1988     3.5977 0.0000e+00
 149.443970      1.725    16.7070  37.030069    28.4389      1.710  250.36174  250.70056    -1.7631     3.9212 0.0000e+00
 149.443973      1.807    16.7053  37.028048    28.4391      1.791  250.37053  250.70923    -1.6852     3.9293 0.0000e+00
 149.443976      1.878    16.7036  37.026884    28.4389      1.862  250.37859  250.71722    -1.6852     3.9293 0.0000e+00
 149.443979      1.928    16.7025  37.024863    28.4390      1.911  250.38414  250.72273    -1.7164     3.9253 0.0000e+00
 149.443981      1.954    16.7014  37.019229    28.4389      1.936  250.38970  250.72824    -1.7475     3.9212 -9.990e-29
 149.443984      1.948    16.6970  37.023026    28.4405      1.931  250.40868  250.74702    -1.6230     3.7393 -9.990e-29
 149.443987      1.926    16.6960  37.021801    28.4402      1.909  250.41437  250.75266    -1.7475     3.7514 -9.990e-29
 149.443990      1.888    16.6949  37.023026    28.4420      1.871  250.41650  250.75473    -1.7942     3.7190 -9.990e-29
 149.443993      1.833    16.6939  37.019658    28.4398      1.817  250.42498  250.76319    -2.1522     3.9253 -9.990e-29
 149.443996      1.784    16.6929  37.020760    28.4415      1.768  250.42728  250.76543    -2.1055     3.9091 -9.990e-29
 149.443999      1.755    16.6925  37.018494    28.4399      1.739  250.43206  250.77021    -2.1522     3.9455 -9.990e-29
 149.444002      1.756    16.6922  37.019474    28.4409      1.741  250.43155  250.76967    -2.2144     3.9091 -9.990e-29
 149.444005      1.807    16.6921  37.021005    28.4423      1.791  250.42995  250.76806    -2.1055     4.0021 -9.990e-29
 149.444008      1.886    16.6918  37.020760    28.4422      1.869  250.43130  250.76940    -2.1677     3.9697 -9.990e-29
 149.444010      1.970    16.6917  37.020761    28.4422      1.952  250.43176  250.76985    -2.1755     3.9718 0.0000e+00
 149.444013      2.032    16.6916  37.020577    28.4422      2.014  250.43221  250.77030    -2.1677     3.9738 0.0000e+00
 149.444016      2.098    16.6912  37.019659    28.4417      2.079  250.43539  250.77346    -2.1833     3.9738 0.0000e+00
 149.444019      2.168    16.6903  37.018312    28.4411      2.149  250.44040  250.77844    -2.0899     3.9010 0.0000e+00
 149.444022      2.229    16.6899  37.011697    28.4392      2.209  250.44931  250.78732    -2.1522     3.9010 0.0000e+00
 149.444025      2.276    16.6896  37.015127    28.4375      2.256  250.45058  250.78861    -2.1055     3.9010 0.0000e+00
 149.444028      2.311    16.6892  37.014699    28.4392      2.290  250.44931  250.78732    -2.1522     3.9010 -9.990e-29
 149.444031      2.329    16.6873  37.011024    28.4370      2.309  250.46224  250.80018    -1.9187     3.9050 -9.990e-29
 149.444034      2.346    16.6852  37.009065    28.4368      2.325  250.47295  250.81080    -1.9654     3.9131 -9.990e-29
 149.444036      2.349    16.6829  37.008575    28.4380      2.328  250.48211  250.81986    -1.9187     3.9253 -9.990e-29
 149.444039      2.351    16.6811  37.011944    28.4421      2.330  250.48386  250.82150    -1.9498     3.9374 -9.990e-29
 149.444042      2.346    16.6803  37.012740    28.4434      2.325  250.48572  250.82331    -2.0743     3.7473 -9.990e-29
 149.444045      2.351    16.6802  37.013107    28.4402      2.330  250.49195  250.82956    -2.2455     3.7433 -9.990e-29
 149.444048      2.386    16.6801  37.008882    28.4405      2.365  250.49187  250.82947    -2.2455     3.7413 0.0000e+00
 149.444051      2.430    16.6801  37.009433    28.4405      2.408  250.49187  250.82947    -2.2455     3.7413 0.0000e+00
 149.444054      2.464    16.6800  37.010352    28.4408      2.442  250.49178  250.82937    -2.2455     3.7393 -9.990e-29
 149.444057      2.486    16.6793  37.010352    28.4421      2.464  250.49319  250.83075    -1.5452     4.3701 -9.990e-29
 149.444060      2.497    16.6784  37.007167    28.4399      2.475  250.50084  250.83838    -1.5763     4.3701 -9.990e-29
 149.444063      2.499    16.6777  37.007657    28.4409      2.476  250.50285  250.84034    -1.7631     4.3741 -9.990e-29
 149.444065      2.484    16.6767  37.008637    28.4425      2.462  250.50534  250.84278    -1.6385     4.3701 -9.990e-29
 149.444068      2.464    16.6762  37.008576    28.4428      2.442  250.50723  250.84465    -1.9809     3.8646 -9.990e-29
 149.444071      2.444    16.6755  37.009311    28.4438      2.422  250.50856  250.84595    -1.9498     3.8565 -9.990e-29
 149.444074      2.435    16.6749  37.006984    28.4423      2.413  250.51405  250.85142    -1.8253     3.8646 -9.990e-29
 149.444077      2.452    16.6734  37.004718    28.4446      2.430  250.51769  250.85498    -2.1210     3.8161 -9.990e-29
 149.444080      2.506    16.6731  37.008454    28.4440      2.484  250.52064  250.85791    -2.1755     3.8161 0.0000e+00
 149.444083      2.603    16.6727  37.006311    28.4445      2.580  250.52354  250.86078    -2.1988     3.8161 0.0000e+00
 149.444086      2.712    16.6723  37.007414    28.4433      2.688  250.52358  250.86084    -2.1988     3.8161 0.0000e+00
 149.444089      2.826    16.6717  37.004536    28.4424      2.800  250.52990  250.86713    -2.1366     3.8080 0.0000e+00
 149.444091      2.931    16.6707  36.995412    28.4402      2.905  250.54685  250.88407    -1.1716     3.6826 0.0000e+00
 149.444094      3.006    16.6684  36.999332    28.4390      2.980  250.54964  250.88674    -1.1094     3.6826 0.0000e+00
 149.444097      3.061    16.6662  36.994311    28.4396      3.034  250.56146  250.89846    -1.1094     3.6705 0.0000e+00
 149.444100      3.089    16.6640  36.999027    28.4390      3.061  250.57327  250.91019    -1.1094     3.6584 -9.990e-29
 149.444103      3.083    16.6535  36.996762    28.4485      3.056  250.60866  250.94505    -1.8097     3.7595 -9.990e-29
 149.444106      3.050    16.6435  36.995906    28.4549      3.023  250.64701  250.98293    -1.5763     3.7959 -9.990e-29
 149.444109      3.007    16.6288  36.995417    28.4649      2.980  250.70231  251.03753    -1.6697     3.8039 -9.990e-29
 149.444112      2.950    16.6146  36.994378    28.4741      2.924  250.75659  251.09113    -1.7319     3.7756 -9.990e-29
 149.444115      2.892    16.6047  36.991379    28.4786      2.866  250.79774  251.13181    -1.5607     3.8039 -9.990e-29
 149.444117      2.855    16.5972  36.987950    28.4810      2.830  250.83047  251.16420    -1.5763     3.4683 -9.990e-29
 149.444120      2.842    16.5915  36.990951    28.4876      2.817  250.84720  251.18063    -1.6852     3.5128 -9.990e-29
 149.444123      2.853    16.5880  36.992727    28.4916      2.828  250.85758  251.19084    -1.6385     3.5007 -9.990e-29
 149.444126      2.886    16.5854  36.993953    28.4945      2.860  250.86546  251.19858    -1.5140     3.5007 -9.990e-29
 149.444129      2.937    16.5845  36.988626    28.4906      2.911  250.87658  251.20969    -1.8409     3.8323 -9.990e-29
 149.444132      3.003    16.5859  36.989789    28.4904      2.976  250.87010  251.20327    -1.6230     3.8242 -9.990e-29
 149.444135      3.072    16.5868  36.989606    28.4903      3.044  250.86586  251.19907    -1.6464     3.8181 0.0000e+00
 149.444138      3.138    16.5877  36.990892    28.4902      3.110  250.86162  251.19487    -1.6697     3.8120 0.0000e+00
 149.444141      3.201    16.5895  36.986605    28.4852      3.173  250.86162  251.19487    -1.6852     3.6948 0.0000e+00
 149.444144      3.261    16.5908  36.982503    28.4831      3.232  250.86128  251.19464    -1.6852     3.6826 0.0000e+00
 149.444146      3.318    16.5908  36.985687    28.4831      3.288  250.85574  251.18920    -1.6852     3.6705 0.0000e+00
 149.444149      3.371    16.5902  36.991566    28.4840      3.340  250.85574  251.18920    -1.6541     3.6705 0.0000e+00
 149.444152      3.426    16.5867  36.982933    28.4889      3.395  250.87701  251.21026    -1.7008     3.6907 0.0000e+00
 149.444155      3.469    16.5838  36.988444    28.4884      3.438  250.88371  251.21681    -1.6541     3.7433 0.0000e+00
 149.444158      3.508    16.5809  36.984649    28.4928      3.477  250.89041  251.22335    -1.7008     3.7959 -9.990e-29
 149.444161      3.528    16.5689  36.985262    28.4986      3.496  250.93972  251.27209    -1.6852     3.7918 -9.990e-29
 149.444164      3.543    16.5636  36.985691    28.5028      3.511  250.95900  251.29111    -1.5763     3.7837 -9.990e-29
 149.444167      3.552    16.5586  36.988570    28.5087      3.520  250.97319  251.30505    -1.8097     4.1355 -9.990e-29
 149.444170      3.555    16.5542  36.987958    28.5113      3.524  250.99036  251.32201    -1.9031     4.1113 -9.990e-29
 149.444172      3.557    16.5512  36.983672    28.5098      3.526  251.00809  251.33961    -1.9498     4.1194 -9.990e-29
 149.444175      3.554    16.5491  36.981652    28.5096      3.522  251.01857  251.35001    -1.9187     4.1194 -9.990e-29
 149.444178      3.552    16.5473  36.985510    28.5142      3.520  251.01987  251.35119    -1.8409     3.6099 -9.990e-29
 149.444181      3.547    16.5452  36.985694    28.5159      3.515  251.02743  251.35865    -1.9343     3.6139 -9.990e-29
 149.444184      3.551    16.5433  36.983367    28.5152      3.519  251.03777  251.36891    -1.8097     3.6543 -9.990e-29
 149.444187      3.569    16.5409  36.985939    28.5191      3.537  251.04276  251.37377    -1.9965     3.6341 -9.990e-29
 149.444190      3.585    16.5387  36.986184    28.5208      3.553  251.05055  251.38145    -1.9187     3.3591 -9.990e-29
 149.444193      3.607    16.5352  36.984348    28.5229      3.575  251.06455  251.39529    -1.9498     3.3470 -9.990e-29
 149.444196      3.634    16.5344  36.985695    28.5237      3.602  251.06707  251.39776    -1.9810     3.3430 0.0000e+00
 149.444198      3.662    16.5336  36.986185    28.5241      3.629  251.06958  251.40023    -1.9498     3.3470 0.0000e+00
 149.444201      3.700    16.5322  36.984594    28.5244      3.667  251.07735  251.40795    -1.9031     3.3389 0.0000e+00
 149.444204      3.739    16.5307  36.987533    28.5276      3.706  251.07850  251.40901    -1.9031     3.2257 0.0000e+00
