seaocn-cb/data/ctd_cnv/SBE19plus_01907321_2024_05_28_Cast100.cnv
* Sea-Bird SBE19plus  Data File:
* FileName = E:\Prandtl_Daten\2024\28052024\raw\SBE19plus_01907321_2024_05_28_Cast100.hex
* Software version 2.6.1.12
* Temperature SN = 7321
* Conductivity SN = 7321
* System UpLoad Time = May 28 2024 13:47:15
* <ApplicationData>
* <Seaterm232>
** 20240527
** Sea Practical 2024
** MCat 27.05 CTD_SP7
** NMEA Latitude = 54 8.36N
** NMEA Longitude = 008 20.85E
** waterdepth = 14.7m
** Isabelle
# nquan = 11
# nvalues = 538                         
# units = specified
# name 0 = timeJ: Julian Days
# name 1 = prdM: Pressure, Strain Gauge [db]
# name 2 = tv290C: Temperature [ITS-90, deg C]
# name 3 = c0mS/cm: Conductivity [mS/cm]
# name 4 = sal00: Salinity, Practical [PSU]
# name 5 = depSM: Depth [salt water, m], lat = 54.00
# name 6 = oxsatMm/Kg: Oxygen Saturation, Weiss [umol/kg]
# name 7 = oxsolMm/Kg: Oxygen Saturation, Garcia & Gordon [umol/kg]
# name 8 = turbWETntu0: Turbidity, WET Labs ECO [NTU]
# name 9 = flECO-AFL: Fluorescence, WET Labs ECO-AFL/FL [mg/m^3]
# name 10 = flag:  0.000e+00
# span 0 = 149.570949, 149.572503       
# span 1 =      0.004,     14.195       
# span 2 =    14.7365,    16.9614       
# span 3 =  37.407597,  38.025489       
# span 4 =    28.9347,    30.7828       
# span 5 =      0.004,     14.068       
# span 6 =  248.26018,  256.23112       
# span 7 =  248.60662,  256.45750       
# span 8 =   -12.0821,     2.3926       
# span 9 =    -2.8155,   257.5060       
# span 10 = 0.0000e+00, 0.0000e+00      
# interval = seconds: 0.25
# start_time = May 28 2024 13:40:15 [Instrument's time stamp, header]
# bad_flag = -9.990e-29
*END*
[from data line 263]
 149.571710      6.937    14.7838  37.999339    30.7238      6.875  256.08821  256.31761    -2.6813     7.2694 0.0000e+00
 149.571713      6.974    14.7825  37.999711    30.7251      6.912  256.08990  256.31919    -2.6191     7.2653 0.0000e+00
 149.571716      7.018    14.7810  37.999340    30.7260      6.955  256.09629  256.32549    -2.6191     7.2572 0.0000e+00
 149.571719      7.074    14.7789  37.998226    30.7266      7.011  256.10617  256.33525    -2.8837     6.7518 0.0000e+00
 149.571722      7.129    14.7780  37.998103    30.7266      7.065  256.10986  256.33889    -2.9148     6.7396 0.0000e+00
 149.571725      7.177    14.7771  37.996679    30.7272      7.112  256.11235  256.34127    -2.8837     6.7396 0.0000e+00
 149.571727      7.222    14.7764  38.000208    30.7281      7.158  256.11532  256.34431    -2.8214     6.7518 0.0000e+00
 149.571730      7.257    14.7763  37.997546    30.7292      7.192  256.11491  256.34383    -2.8137     6.7619 0.0000e+00
 149.571733      7.284    14.7762  37.997113    30.7281      7.219  256.11746  256.34639    -2.8214     6.7518 -9.990e-29
 149.571736      7.299    14.7758  37.999713    30.7303      7.234  256.11549  256.34438    -2.6813     6.5738 -9.990e-29
 149.571739      7.297    14.7752  37.997547    30.7288      7.232  256.12123  256.35011    -2.6502     6.5455 -9.990e-29
 149.571742      7.293    14.7750  37.998537    30.7299      7.228  256.12053  256.34938    -2.6969     6.5172 -9.990e-29
 149.571745      7.286    14.7755  37.999094    30.7300      7.221  256.11762  256.34650    -2.4167     7.1966 -9.990e-29
 149.571748      7.277    14.7754  37.999342    30.7303      7.212  256.11751  256.34638    -2.4167     7.1925 -9.990e-29
 149.571751      7.266    14.7750  38.002065    30.7331      7.201  256.11491  256.34373    -2.3856     7.2127 -9.990e-29
 149.571753      7.268    14.7748  37.998475    30.7300      7.203  256.12118  256.35003    -2.3701     7.2047 -9.990e-29
 149.571756      7.270    14.7749  38.000704    30.7319      7.205  256.11736  256.34619    -2.9615     6.4849 -9.990e-29
 149.571759      7.290    14.7755  38.003242    30.7318      7.225  256.11440  256.34326    -3.1171     6.5051 -9.990e-29
 149.571762      7.323    14.7751  38.001137    30.7316      7.257  256.11693  256.34577    -3.0393     6.4970 0.0000e+00
 149.571765      7.363    14.7747  37.999961    30.7318      7.297  256.11946  256.34828    -2.9615     6.5051 0.0000e+00
 149.571768      7.412    14.7730  38.001138    30.7338      7.346  256.12329  256.35196    -2.7592     6.8609 0.0000e+00
 149.571771      7.472    14.7725  38.002685    30.7355      7.405  256.12329  256.35196    -2.7592     6.8690 0.0000e+00
 149.571774      7.536    14.7725  38.002995    30.7355      7.469  256.12329  256.35196    -2.7592     6.8690 0.0000e+00
 149.571777      7.598    14.7718  37.999343    30.7358      7.530  256.13109  256.35964    -2.7125     6.8852 0.0000e+00
 149.571780      7.651    14.7705  38.002748    30.7371      7.582  256.13156  256.36021    -2.6191     6.8852 0.0000e+00
 149.571782      7.702    14.7697  38.002439    30.7377      7.633  256.13453  256.36302    -2.6113     6.8185 0.0000e+00
 149.571785      7.748    14.7688  38.000892    30.7382      7.678  256.13796  256.36641    -2.6191     6.7356 -9.990e-29
 149.571788      7.773    14.7679  37.998106    30.7350      7.704  256.14834  256.37677    -2.5724     6.7477 -9.990e-29
 149.571791      7.793    14.7680  37.999592    30.7362      7.723  256.14571  256.37413    -2.6346     6.7275 -9.990e-29
 149.571794      7.802    14.7677  38.002440    30.7390      7.732  256.14206  256.37045    -2.5413     7.3340 -9.990e-29
 149.571797      7.815    14.7673  38.002997    30.7398      7.745  256.14263  256.37098    -2.4012     7.3462 -9.990e-29
 149.571800      7.824    14.7674  38.002440    30.7392      7.754  256.14323  256.37160    -2.4479     7.3340 -9.990e-29
 149.571803      7.835    14.7675  38.005349    30.7418      7.765  256.13833  256.36668    -2.3545     7.3057 -9.990e-29
 149.571806      7.855    14.7676  38.006030    30.7422      7.785  256.13668  256.36504    -2.5568     7.7061 -9.990e-29
 149.571808      7.879    14.7677  38.003121    30.7396      7.808  256.14103  256.36941    -2.5724     7.7101 -9.990e-29
 149.571811      7.901    14.7670  38.004854    30.7417      7.830  256.14089  256.36921    -2.7747     7.7182 -9.990e-29
 149.571814      7.915    14.7663  38.004050    30.7415      7.844  256.14506  256.37334    -2.6969     7.6616 -9.990e-29
 149.571817      7.928    14.7658  38.005102    30.7428      7.857  256.14512  256.37338    -2.4479     7.9285 -9.990e-29
 149.571820      7.941    14.7657  38.007579    30.7451      7.870  256.14149  256.36972    -2.3701     7.9689 -9.990e-29
 149.571823      7.955    14.7656  38.002440    30.7406      7.884  256.15023  256.37849    -2.3856     7.9325 -9.990e-29
 149.571826      7.963    14.7655  38.006960    30.7447      7.891  256.14335  256.37157    -2.4634     7.9406 -9.990e-29
 149.571829      7.975    14.7658  38.003802    30.7416      7.904  256.14722  256.37548    -2.4790     7.9770 -9.990e-29
 149.571832      7.993    14.7644  38.006960    30.7451      7.922  256.14821  256.37637    -2.6813     8.3652 -9.990e-29
 149.571834      8.023    14.7644  38.006465    30.7458      7.951  256.14743  256.37558    -2.6502     8.3652 0.0000e+00
 149.571837      8.065    14.7643  38.007827    30.7457      7.993  256.14821  256.37637    -2.6191     8.3652 0.0000e+00
 149.571840      8.112    14.7634  38.006279    30.7464      8.040  256.14999  256.37800    -2.5413     8.3652 0.0000e+00
 149.571843      8.165    14.7624  38.010304    30.7501      8.092  256.15020  256.37818    -2.5413     6.6709 0.0000e+00
 149.571846      8.218    14.7621  38.010923    30.7501      8.144  256.15020  256.37818    -2.4479     6.6709 0.0000e+00
 149.571849      8.267    14.7607  38.008138    30.7509      8.193  256.15984  256.38777    -2.4479     6.6911 0.0000e+00
 149.571852      8.318    14.7588  38.010738    30.7533      8.244  256.16296  256.39074    -2.3545     6.6992 0.0000e+00
 149.571855      8.362    14.7573  38.010491    30.7543      8.287  256.16914  256.39684    -2.2922     6.9014 0.0000e+00
 149.571858      8.399    14.7570  38.010491    30.7544      8.324  256.16914  256.39684    -2.2300     6.9256 0.0000e+00
 149.571861      8.428    14.7566  38.014330    30.7565      8.352  256.16858  256.39622    -2.2066     6.9398 0.0000e+00
 149.571863      8.459    14.7562  38.013030    30.7585      8.383  256.16713  256.39473    -2.2300     6.9539 -9.990e-29
 149.571866      8.472    14.7531  38.011854    30.7587      8.396  256.18262  256.41006    -2.4167     7.0227 -9.990e-29
 149.571869      8.493    14.7531  38.014330    30.7609      8.417  256.17870  256.40612    -2.4323     7.1440 -9.990e-29
 149.571872      8.504    14.7534  38.012783    30.7593      8.428  256.18001  256.40746    -2.4167     7.1440 -9.990e-29
 149.571875      8.515    14.7538  38.014330    30.7604      8.439  256.17612  256.40358    -2.3701     7.1116 -9.990e-29
 149.571878      8.528    14.7544  38.015630    30.7611      8.452  256.17175  256.39925    -2.4323     7.1521 -9.990e-29
 149.571881      8.541    14.7550  38.012535    30.7579      8.465  256.17466  256.40221    -2.5413     7.3421 -9.990e-29
 149.571884      8.552    14.7547  38.013402    30.7588      8.475  256.17416  256.40168    -2.4946     7.3340 -9.990e-29
 149.571887      8.559    14.7546  38.010492    30.7563      8.483  256.17936  256.40690    -2.4479     7.3138 -9.990e-29
 149.571889      8.565    14.7547  38.013402    30.7588      8.488  256.17416  256.40169    -2.4479     7.3421 -9.990e-29
 149.571892      8.587    14.7549  38.014764    30.7599      8.510  256.17144  256.39896    -1.7164     8.1953 -9.990e-29
 149.571895      8.611    14.7550  38.010492    30.7594      8.534  256.17158  256.39912    -1.6541     8.2520 -9.990e-29
 149.571898      8.641    14.7549  38.014331    30.7597      8.564  256.17202  256.39954    -1.6774     8.2500 0.0000e+00
 149.571901      8.673    14.7547  38.014702    30.7596      8.595  256.17246  256.39997    -1.7008     8.2479 0.0000e+00
 149.571904      8.705    14.7547  38.014331    30.7596      8.627  256.17278  256.40030    -2.4012     7.9325 0.0000e+00
 149.571907      8.733    14.7547  38.010926    30.7596      8.655  256.17384  256.40132    -2.4012     7.9244 0.0000e+00
 149.571910      8.762    14.7541  38.015136    30.7604      8.683  256.17792  256.40547    -2.4323     7.9163 0.0000e+00
 149.571913      8.796    14.7531  38.013836    30.7608      8.718  256.17902  256.40636    -2.4012     7.9082 0.0000e+00
 149.571916      8.836    14.7521  38.016808    30.7639      8.757  256.17968  256.40710    -2.4634     7.8678 0.0000e+00
 149.571918      8.882    14.7512  38.016994    30.7640      8.803  256.18192  256.40921    -2.4323     7.1763 0.0000e+00
 149.571921      8.933    14.7503  38.015447    30.7647      8.853  256.18618  256.41337    -2.4479     7.1763 0.0000e+00
 149.571924      8.984    14.7499  38.017985    30.7665      8.904  256.18618  256.41337    -2.4323     7.1885 0.0000e+00
 149.571927      9.024    14.7499  38.017862    30.7665      8.944  256.18618  256.41337    -2.3078     7.1885 0.0000e+00
 149.571930      9.068    14.7500  38.015633    30.7654      8.987  256.18718  256.41439    -2.1755     6.8629 0.0000e+00
 149.571933      9.097    14.7501  38.018171    30.7643      9.016  256.18853  256.41576    -2.0432     6.5132 -9.990e-29
 149.571936      9.117    14.7500  38.014085    30.7630      9.036  256.19131  256.41854    -1.7475     6.4606 -9.990e-29
 149.571939      9.125    14.7499  38.017243    30.7659      9.043  256.18658  256.41379    -1.8720     6.5011 -9.990e-29
 149.571942      9.123    14.7499  38.015447    30.7642      9.041  256.18943  256.41666    -2.4323     7.3745 -9.990e-29
 149.571944      9.108    14.7501  38.014333    30.7631      9.027  256.19062  256.41786    -2.4479     7.4028 -9.990e-29
 149.571947      9.102    14.7505  38.016066    30.7644      9.021  256.18642  256.41367    -2.3856     7.4028 -9.990e-29
 149.571950      9.106    14.7505  38.016066    30.7644      9.025  256.18642  256.41367    -2.4167     7.4028 -9.990e-29
 149.571953      9.130    14.7499  38.015385    30.7648      9.048  256.18877  256.41598    -2.2144     8.4865 -9.990e-29
 149.571956      9.166    14.7497  38.016067    30.7651      9.084  256.18930  256.41651    -2.1833     8.4986 0.0000e+00
 149.571959      9.210    14.7496  38.016315    30.7648      9.128  256.18984  256.41703    -2.2144     8.5027 0.0000e+00
 149.571962      9.259    14.7496  38.015881    30.7653      9.176  256.18984  256.41703    -2.1522     8.5027 0.0000e+00
 149.571965      9.309    14.7502  38.016996    30.7648      9.225  256.18594  256.41317    -2.2144     8.4784 0.0000e+00
 149.571968      9.351    14.7507  38.016563    30.7646      9.267  256.18545  256.41273    -2.1522     6.4970 0.0000e+00
 149.571970      9.384    14.7508  38.015882    30.7642      9.300  256.18519  256.41246    -2.1600     6.4849 0.0000e+00
 149.571973      9.415    14.7508  38.016315    30.7638      9.331  256.18545  256.41273    -2.1055     6.4970 -9.990e-29
 149.571976      9.433    14.7502  38.014891    30.7634      9.349  256.18965  256.41689    -2.2611     6.4728 -9.990e-29
 149.571979      9.448    14.7501  38.015201    30.7638      9.363  256.18946  256.41669    -2.1522     7.3260 -9.990e-29
 149.571982      9.470    14.7500  38.014953    30.7636      9.385  256.19015  256.41738    -2.2300     7.3340 -9.990e-29
 149.571985      9.490    14.7497  38.016068    30.7622      9.405  256.19419  256.42142    -2.1522     7.3179 -9.990e-29
 149.571988      9.517    14.7495  38.013158    30.7634      9.432  256.19295  256.42017    -2.1055     7.4149 0.0000e+00
 149.571991      9.552    14.7494  38.015449    30.7645      9.466  256.19358  256.42074    -2.0588     7.5039 0.0000e+00
 149.571994      9.594    14.7489  38.015387    30.7648      9.508  256.19350  256.42067    -2.0121     7.5079 0.0000e+00
 149.571997      9.630    14.7489  38.015449    30.7648      9.544  256.19358  256.42074    -1.9343     7.5079 0.0000e+00
 149.571999      9.665    14.7489  38.014892    30.7646      9.578  256.19395  256.42112    -1.8954     7.5140 0.0000e+00
 149.572002      9.694    14.7489  38.015635    30.7643      9.607  256.19441  256.42158    -1.8564     7.5201 -9.990e-29
 149.572005      9.712    14.7488  38.018112    30.7673      9.625  256.18990  256.41704    -1.9343     6.6062 -9.990e-29
 149.572008      9.718    14.7486  38.016812    30.7663      9.631  256.19255  256.41968    -1.9187     6.6102 -9.990e-29
 149.572011      9.727    14.7483  38.014335    30.7643      9.640  256.19764  256.42478    -1.9965     6.6062 -9.990e-29
 149.572014      9.734    14.7483  38.016317    30.7661      9.647  256.19479  256.42190    -1.9187     6.5900 -9.990e-29
 149.572017      9.741    14.7483  38.016750    30.7665      9.654  256.19410  256.42122    -2.0121     8.3773 -9.990e-29
 149.572020      9.761    14.7482  38.014769    30.7648      9.674  256.19755  256.42467    -2.0121     8.3652 -9.990e-29
 149.572023      9.785    14.7480  38.016564    30.7665      9.698  256.19531  256.42241    -1.9498     8.3733 -9.990e-29
 149.572025      9.811    14.7481  38.016565    30.7679      9.723  256.19257  256.41967    -1.6618     8.0235 0.0000e+00
 149.572028      9.844    14.7480  38.019660    30.7690      9.755  256.19247  256.41953    -1.4362     7.6939 0.0000e+00
 149.572031      9.878    14.7477  38.019103    30.7692      9.790  256.19247  256.41953    -1.3739     7.6737 0.0000e+00
 149.572034      9.918    14.7463  38.019909    30.7709      9.830  256.19669  256.42366    -1.4362     7.6656 0.0000e+00
 149.572037      9.953    14.7452  38.022385    30.7739      9.864  256.19681  256.42370    -1.3428     7.6211 0.0000e+00
 149.572040      9.986    14.7437  38.021457    30.7741      9.896  256.20379  256.43059    -1.4829     7.5645 0.0000e+00
 149.572043     10.012    14.7424  38.020095    30.7742      9.922  256.20527  256.43198    -1.4206     7.5645 0.0000e+00
 149.572046     10.044    14.7424  38.023810    30.7759      9.954  256.20679  256.43352    -1.4518     7.5767 0.0000e+00
 149.572049     10.072    14.7424  38.022324    30.7765      9.982  256.20679  256.43352    -1.4518     7.5767 0.0000e+00
 149.572052     10.108    14.7424  38.022820    30.7765     10.018  256.20689  256.43360    -1.5918     7.3340 0.0000e+00
 149.572054     10.147    14.7414  38.021953    30.7765     10.056  256.21161  256.43822    -1.5918     7.3300 0.0000e+00
 149.572057     10.185    14.7408  38.023687    30.7775     10.094  256.21204  256.43870    -1.5918     7.3300 0.0000e+00
 149.572060     10.221    14.7408  38.022635    30.7775     10.130  256.21331  256.43993    -1.6074     7.3260 0.0000e+00
 149.572063     10.254    14.7405  38.022325    30.7774     10.162  256.21468  256.44129    -1.6385     7.3260 0.0000e+00
 149.572066     10.291    14.7395  38.020778    30.7774     10.199  256.22120  256.44776    -1.8253     6.8690 0.0000e+00
 149.572069     10.322    14.7390  38.021025    30.7773     10.229  256.22275  256.44928    -1.8642     6.8670 0.0000e+00
 149.572072     10.351    14.7386  38.022821    30.7778     10.258  256.22429  256.45079    -1.8253     6.8650 -9.990e-29
 149.572075     10.369    14.7373  38.021026    30.7788     10.276  256.22893  256.45535    -2.0121     6.8650 -9.990e-29
 149.572078     10.375    14.7367  38.023007    30.7810     10.282  256.22809  256.45446    -1.8720     7.6454 -9.990e-29
 149.572080     10.380    14.7365  38.021707    30.7800     10.287  256.23102  256.45739    -1.9187     7.6292 -9.990e-29
 149.572083     10.380    14.7367  38.022636    30.7807     10.287  256.22868  256.45506    -1.8564     7.6211 -9.990e-29
