seaocn-cb/data/ctd_cnv/SBE19plus_01907321_2024_05_28_Cast94.cnv
* Sea-Bird SBE19plus  Data File:
* FileName = E:\Prandtl_Daten\2024\28052024\raw\SBE19plus_01907321_2024_05_28_Cast94.hex
* Software version 2.6.1.12
* Temperature SN = 7321
* Conductivity SN = 7321
* System UpLoad Time = May 28 2024 12:17:41
* <ApplicationData>
* <Seaterm232>
** 20240527
** Sea Practical 2024
** MCat 27.05 CTD_SP7
** NMEA Latitude = 54 8.36N
** NMEA Longitude = 008 20.85E
** waterdepth = 14.3m
** Isabelle
# nquan = 11
# nvalues = 504                         
# units = specified
# name 0 = timeJ: Julian Days
# name 1 = prdM: Pressure, Strain Gauge [db]
# name 2 = tv290C: Temperature [ITS-90, deg C]
# name 3 = c0mS/cm: Conductivity [mS/cm]
# name 4 = sal00: Salinity, Practical [PSU]
# name 5 = depSM: Depth [salt water, m], lat = 54.00
# name 6 = oxsatMm/Kg: Oxygen Saturation, Weiss [umol/kg]
# name 7 = oxsolMm/Kg: Oxygen Saturation, Garcia & Gordon [umol/kg]
# name 8 = turbWETntu0: Turbidity, WET Labs ECO [NTU]
# name 9 = flECO-AFL: Fluorescence, WET Labs ECO-AFL/FL [mg/m^3]
# name 10 = flag:  0.000e+00
# span 0 = 149.508545, 149.510000       
# span 1 =      0.674,     13.913       
# span 2 =    14.9558,    16.9810       
# span 3 =  37.145872,  37.906227       
# span 4 =    28.4643,    30.5025       
# span 5 =      0.668,     13.788       
# span 6 =  248.98192,  255.59296       
# span 7 =  249.33225,  255.83326       
# span 8 =    -4.5335,    11.0930       
# span 9 =     1.5516,     7.2127       
# span 10 = 0.0000e+00, 0.0000e+00      
# interval = seconds: 0.25
# start_time = May 28 2024 12:11:01 [Instrument's time stamp, header]
# bad_flag = -9.990e-29
*END*
[from data line 263]
 149.509306      7.715    15.3305  37.580276    29.9261      7.646  254.68099  254.94506    -4.0510     4.2002 -9.990e-29
 149.509308      7.728    15.3306  37.576332    29.9225      7.658  254.68680  254.95091    -3.9420     4.1921 -9.990e-29
 149.509311      7.747    15.3310  37.580522    29.9289      7.678  254.67364  254.93771    -3.6930     4.1598 -9.990e-29
 149.509314      7.775    15.3309  37.583912    29.9292      7.705  254.67381  254.93786    -3.7553     4.1639 0.0000e+00
 149.509317      7.807    15.3307  37.584282    29.9290      7.738  254.67397  254.93802    -3.7864     4.1679 0.0000e+00
 149.509320      7.853    15.3300  37.583234    29.9290      7.783  254.67825  254.94228    -3.8175     4.1881 0.0000e+00
 149.509323      7.899    15.3283  37.580954    29.9290      7.828  254.68826  254.95220    -3.8798     4.4348 0.0000e+00
 149.509326      7.952    15.3269  37.580893    29.9293      7.881  254.69395  254.95782    -4.0199     4.4388 0.0000e+00
 149.509329      8.001    15.3258  37.582742    29.9310      7.929  254.69493  254.95873    -3.9265     4.4388 0.0000e+00
 149.509332      8.043    15.3257  37.581633    29.9314      7.971  254.69653  254.96033    -3.9732     4.4388 0.0000e+00
 149.509334      8.074    15.3255  37.583605    29.9310      8.002  254.69814  254.96192    -3.9265     4.4145 -9.990e-29
 149.509337      8.098    15.3250  37.583914    29.9334      8.025  254.69640  254.96014    -4.0821     4.5358 -9.990e-29
 149.509340      8.107    15.3241  37.582743    29.9330      8.034  254.70144  254.96514    -4.0043     4.5763 -9.990e-29
 149.509343      8.107    15.3233  37.586440    29.9369      8.034  254.69895  254.96257    -4.0977     4.5358 -9.990e-29
 149.509346      8.112    15.3226  37.586441    29.9374      8.040  254.70130  254.96489    -3.6308     4.5480 -9.990e-29
 149.509349      8.118    15.3206  37.590632    29.9426      8.045  254.70243  254.96588    -3.5062     4.5561 -9.990e-29
 149.509352      8.132    15.3170  37.595439    29.9497      8.060  254.70877  254.97199    -3.5062     4.5763 -9.990e-29
 149.509355      8.154    15.3097  37.594392    29.9557      8.081  254.73558  254.99838    -3.3195     4.7785 -9.990e-29
 149.509358      8.180    15.3087  37.595934    29.9597      8.107  254.73377  254.99649    -3.3195     4.7583 0.0000e+00
 149.509361      8.213    15.3076  37.603207    29.9636      8.139  254.73196  254.99459    -3.3195     4.7704 0.0000e+00
 149.509363      8.251    15.3037  37.616708    29.9785      8.177  254.73196  254.99459    -3.3195     4.7502 0.0000e+00
 149.509366      8.295    15.2962  37.623305    29.9901      8.221  254.74393  255.00578    -3.3039     4.7502 0.0000e+00
 149.509369      8.335    15.2858  37.626636    30.0010      8.260  254.77802  255.03926    -3.3039     4.7502 0.0000e+00
 149.509372      8.371    15.2785  37.627932    30.0077      8.297  254.80210  255.06267    -2.4634     5.4942 0.0000e+00
 149.509375      8.408    15.2752  37.636811    30.0181      8.333  254.80227  255.06267    -2.4479     5.4942 0.0000e+00
 149.509378      8.442    15.2705  37.648220    30.0318      8.367  254.80227  255.06267    -2.4167     5.4942 0.0000e+00
 149.509381      8.470    15.2612  37.651367    30.0417      8.394  254.83221  255.09190    -2.4167     5.4780 0.0000e+00
 149.509384      8.497    15.2522  37.651306    30.0485      8.421  254.86625  255.12543    -2.8992     4.8796 0.0000e+00
 149.509387      8.530    15.2478  37.657412    30.0573      8.454  254.87346  255.13234    -2.8992     4.8472 0.0000e+00
 149.509389      8.558    15.2458  37.662532    30.0611      8.481  254.87710  255.13585    -2.8914     4.8472 0.0000e+00
 149.509392      8.587    15.2438  37.665000    30.0649      8.510  254.88073  255.13935    -2.8837     4.8472 -9.990e-29
 149.509395      8.605    15.2338  37.666543    30.0761      8.528  254.91194  255.16997    -2.9771     5.9390 -9.990e-29
 149.509398      8.614    15.2306  37.662966    30.0754      8.537  254.92978  255.18765    -3.0393     5.9835 -9.990e-29
 149.509401      8.627    15.2289  37.658834    30.0730      8.550  254.94264  255.20044    -3.2572     5.9511 -9.990e-29
 149.509404      8.631    15.2300  37.660807    30.0739      8.553  254.93519  255.19305    -2.9615     5.9228 -9.990e-29
 149.509407      8.636    15.2322  37.658093    30.0698      8.559  254.93123  255.18923    -2.7747     4.9847 -9.990e-29
 149.509410      8.645    15.2342  37.657476    30.0677      8.568  254.92459  255.18271    -2.8992     5.0090 -9.990e-29
 149.509413      8.663    15.2314  37.660622    30.0758      8.586  254.92509  255.18299    -2.9771     4.9887 -9.990e-29
 149.509416      8.691    15.2307  37.664138    30.0806      8.613  254.92006  255.17789    -2.9070     4.9847 0.0000e+00
 149.509418      8.726    15.2300  37.673822    30.0854      8.647  254.91896  255.17653    -2.8837     4.9806 0.0000e+00
 149.509421      8.766    15.2272  37.678264    30.0915      8.687  254.91896  255.17653    -2.8525     4.8755 0.0000e+00
 149.509424      8.815    15.2234  37.684434    30.0999      8.736  254.92372  255.18103    -2.8837     4.8755 0.0000e+00
 149.509427      8.866    15.2173  37.688877    30.1085      8.787  254.93963  255.19656    -2.9148     4.8796 0.0000e+00
 149.509430      8.916    15.2131  37.698565    30.1159      8.836  254.94773  255.20440    -2.9848     4.8897 0.0000e+00
 149.509433      8.954    15.2090  37.695913    30.1234      8.874  254.95584  255.21224    -3.0549     4.8998 -9.990e-29
 149.509436      8.976    15.1984  37.694433    30.1279      8.896  255.00231  255.25813    -2.4634     4.8593 -9.990e-29
 149.509439      8.989    15.1970  37.696777    30.1310      8.908  255.00392  255.25965    -2.6191     4.8189 -9.990e-29
 149.509442      8.988    15.1947  37.700418    30.1361      8.908  255.00702  255.26258    -2.7125     4.8472 -9.990e-29
 149.509444      8.990    15.1907  37.697272    30.1364      8.910  255.02710  255.28246    -2.5413     5.0373 -9.990e-29
 149.509447      9.001    15.1895  37.690177    30.1309      8.921  255.04253  255.29787    -2.6502     5.0696 -9.990e-29
 149.509450      9.016    15.1906  37.693015    30.1326      8.935  255.03403  255.28942    -2.7436     5.0817 -9.990e-29
 149.509453      9.034    15.1935  37.695236    30.1353      8.953  255.01432  255.26984    -2.4946     5.4780 -9.990e-29
 149.509456      9.067    15.1926  37.698567    30.1388      8.986  255.01318  255.26862    -2.4557     5.4477 0.0000e+00
 149.509459      9.116    15.1916  37.704738    30.1422      9.035  255.01262  255.26775    -2.4167     5.4780 0.0000e+00
 149.509462      9.180    15.1883  37.712267    30.1514      9.098  255.01262  255.26775    -2.4167     5.4174 0.0000e+00
 149.509465      9.255    15.1831  37.714490    30.1574      9.172  255.02905  255.28386    -2.4167     5.4093 0.0000e+00
 149.509468      9.315    15.1782  37.719428    30.1655      9.232  255.03978  255.29427    -2.3856     5.4052 0.0000e+00
 149.509470      9.366    15.1757  37.726465    30.1705      9.282  255.04379  255.29812    -2.2845     5.3345 0.0000e+00
 149.509473      9.394    15.1732  37.727330    30.1756      9.310  255.04781  255.30197    -2.1210     5.2597 -9.990e-29
 149.509476      9.406    15.1632  37.728688    30.1853      9.322  255.08200  255.33557    -2.2767     5.2556 -9.990e-29
 149.509479      9.403    15.1601  37.732207    30.1908      9.318  255.08818  255.34154    -2.1833     5.2677 -9.990e-29
 149.509482      9.392    15.1542  37.737269    30.1998      9.308  255.10244  255.35543    -2.5257     5.7570 -9.990e-29
 149.509485      9.374    15.1475  37.739924    30.2073      9.290  255.12336  255.37595    -2.6191     5.7045 -9.990e-29
 149.509488      9.357    15.1427  37.743999    30.2147      9.273  255.13536  255.38764    -2.2611     5.6762 -9.990e-29
 149.509491      9.341    15.1398  37.749926    30.2222      9.257  255.13688  255.38896    -2.3545     5.7328 -9.990e-29
 149.509494      9.337    15.1370  37.756100    30.2298      9.253  255.13774  255.38961    -2.5257     5.3122 -9.990e-29
 149.509497      9.353    15.1288  37.758076    30.2392      9.270  255.16325  255.41463    -2.4167     5.3041 -9.990e-29
 149.509499      9.388    15.1269  37.759559    30.2433      9.304  255.16597  255.41722    -2.5490     5.3163 0.0000e+00
 149.509502      9.447    15.1250  37.765425    30.2474      9.362  255.16869  255.41981    -2.4167     5.3041 0.0000e+00
 149.509505      9.516    15.1193  37.772280    30.2579      9.431  255.17929  255.43004    -1.8720     5.1747 0.0000e+00
 149.509508      9.587    15.1122  37.778827    30.2692      9.501  255.19590  255.44619    -1.8720     5.1747 0.0000e+00
 149.509511      9.658    15.1048  37.781175    30.2770      9.572  255.22022  255.47007    -1.9187     5.1667 0.0000e+00
 149.509514      9.718    15.0991  37.781608    30.2817      9.631  255.24112  255.49064    -1.9809     5.1667 0.0000e+00
 149.509517      9.773    15.0978  37.782474    30.2831      9.685  255.24556  255.49499    -2.0198     5.1546 0.0000e+00
 149.509520      9.813    15.0964  37.790688    30.2846      9.725  255.24999  255.49934    -1.9809     5.1667 -9.990e-29
 149.509523      9.833    15.0900  37.791800    30.2978      9.745  255.25931  255.50823    -1.9498     5.2556 -9.990e-29
 149.509525      9.840    15.0859  37.788342    30.2979      9.752  255.28044  255.52914    -1.8097     5.2718 -9.990e-29
 149.509528      9.835    15.0835  37.793592    30.3044      9.747  255.28095  255.52948    -1.9654     5.2475 -9.990e-29
 149.509531      9.826    15.0810  37.797361    30.3097      9.738  255.28465  255.53300    -1.3428     6.1371 -9.990e-29
 149.509534      9.815    15.0798  37.801129    30.3140      9.727  255.28311  255.53137    -1.3584     6.1452 -9.990e-29
 149.509537      9.817    15.0801  37.805514    30.3177      9.729  255.27538  255.52362    -1.4206     6.1493 -9.990e-29
 149.509540      9.831    15.0727  37.810395    30.3282      9.743  255.29491  255.54269    -1.4518     6.0320 -9.990e-29
 149.509543      9.860    15.0705  37.810890    30.3321      9.772  255.29905  255.54669    -1.4829     6.0320 0.0000e+00
 149.509546      9.897    15.0683  37.816018    30.3361      9.808  255.30319  255.55068    -1.4518     6.0320 0.0000e+00
 149.509549      9.937    15.0653  37.819293    30.3414      9.848  255.30972  255.55701    -1.4518     6.0320 0.0000e+00
 149.509552      9.975    15.0616  37.820838    30.3456      9.886  255.32099  255.56805    -1.4518     6.0199 0.0000e+00
 149.509554     10.014    15.0575  37.825535    30.3530      9.924  255.32906  255.57586    -1.4206     5.8743 0.0000e+00
 149.509557     10.049    15.0545  37.824176    30.3541      9.959  255.34284  255.58947    -1.4206     5.8743 0.0000e+00
 149.509560     10.079    15.0526  37.825288    30.3562      9.989  255.34809  255.59460    -1.4206     5.8905 0.0000e+00
 149.509563     10.109    15.0505  37.823064    30.3562     10.018  255.35973  255.60613    -1.5140     5.9228 0.0000e+00
 149.509566     10.140    15.0492  37.813674    30.3493     10.049  255.38144  255.62780    -1.5296     5.9269 0.0000e+00
 149.509569     10.167    15.0492  37.811759    30.3471     10.076  255.38144  255.62780    -1.6385     5.9956 0.0000e+00
 149.509572     10.202    15.0519  37.811326    30.3446     10.111  255.37265  255.61923    -1.6541     6.0037 0.0000e+00
 149.509575     10.233    15.0553  37.811140    30.3418     10.141  255.36017  255.60694    -1.6541     5.9996 0.0000e+00
 149.509578     10.260    15.0575  37.807125    30.3401     10.168  255.35805  255.60498    -1.7786     6.0037 0.0000e+00
 149.509580     10.291    15.0590  37.812499    30.3376     10.199  255.34413  255.59110    -1.8253     6.6588 0.0000e+00
 149.509583     10.320    15.0597  37.810893    30.3389     10.228  255.34293  255.58994    -1.8720     6.6749 0.0000e+00
 149.509586     10.348    15.0603  37.811140    30.3376     10.255  255.34172  255.58878    -1.9187     6.6588 -9.990e-29
 149.509589     10.366    15.0626  37.806630    30.3321     10.273  255.33999  255.58721    -1.9498     6.6466 -9.990e-29
 149.509592     10.388    15.0626  37.808669    30.3339     10.295  255.33681  255.58402    -0.8759     5.9228 -9.990e-29
 149.509595     10.404    15.0623  37.809966    30.3353     10.311  255.33595  255.58313    -1.0471     5.9713 -9.990e-29
 149.509598     10.424    15.0626  37.807310    30.3326     10.331  255.33867  255.58589    -0.9070     5.9471 -9.990e-29
 149.509601     10.435    15.0626  37.810646    30.3356     10.342  255.33374  255.58094    -0.9848     5.9754 -9.990e-29
 149.509604     10.454    15.0625  37.810646    30.3357     10.360  255.33404  255.58124    -1.1405     5.8258 -9.990e-29
 149.509606     10.463    15.0616  37.812500    30.3380     10.369  255.33435  255.58148    -1.1872     5.8945 -9.990e-29
 149.509609     10.483    15.0612  37.811079    30.3370     10.389  255.33804  255.58515    -1.1094     5.8096 -9.990e-29
 149.509612     10.501    15.0613  37.809287    30.3375     10.407  255.33671  255.58383    -1.1249     5.8258 -9.990e-29
 149.509615     10.528    15.0611  37.811759    30.3396     10.434  255.33397  255.58105    -0.8603     6.1250 0.0000e+00
 149.509618     10.557    15.0609  37.816207    30.3418     10.463  255.33347  255.58046    -0.6736     6.3878 0.0000e+00
 149.509621     10.598    15.0599  37.817381    30.3437     10.503  255.33122  255.57828    -0.6736     6.3878 0.0000e+00
 149.509624     10.645    15.0565  37.828812    30.3565     10.550  255.33347  255.58046    -0.6736     6.3838 0.0000e+00
 149.509627     10.687    15.0506  37.835301    30.3668     10.591  255.34034  255.58666    -0.6736     6.3797 0.0000e+00
 149.509630     10.727    15.0447  37.836414    30.3723     10.631  255.36070  255.60668    -0.7514     6.1937 0.0000e+00
 149.509633     10.764    15.0431  37.838577    30.3746     10.667  255.36541  255.61128    -0.6813     6.1876 0.0000e+00
 149.509635     10.793    15.0414  37.843521    30.3769     10.696  255.37012  255.61588    -0.7514     6.1937 -9.990e-29
 149.509638     10.815    15.0353  37.849517    30.3914     10.718  255.37595  255.62128    -0.6891     6.1129 -9.990e-29
 149.509641     10.830    15.0285  37.855512    30.4020     10.733  255.39211  255.63701    -0.2066     6.3555 -9.990e-29
 149.509644     10.852    15.0213  37.858604    30.4103     10.754  255.41428  255.65873    -0.1755     6.3434 -9.990e-29
 149.509647     10.860    15.0151  37.859037    30.4155     10.763  255.43712  255.68121    -0.3156     6.3474 -9.990e-29
 149.509650     10.879    15.0091  37.861696    30.4237     10.781  255.45319  255.69691     2.0657     6.7518 -9.990e-29
 149.509653     10.908    15.0081  37.863056    30.4242     10.810  255.45771  255.70137     2.1280     6.7416 0.0000e+00
 149.509656     10.950    15.0071  37.862314    30.4247     10.852  255.46222  255.70577     2.0657     6.7437 0.0000e+00
 149.509659     10.994    15.0062  37.864355    30.4271     10.895  255.46222  255.70577     2.0191     6.7315 0.0000e+00
 149.509661     11.041    15.0061  37.866456    30.4291     10.942  255.46224  255.70577     2.0191     6.7437 0.0000e+00
 149.509664     11.092    15.0056  37.865962    30.4293     10.993  255.46184  255.70532     1.9879     6.7558 0.0000e+00
 149.509667     11.129    15.0051  37.870660    30.4294     11.029  255.46413  255.70758     2.1124     6.7801 -9.990e-29
 149.509670     11.153    15.0006  37.870599    30.4370     11.053  255.47371  255.71688     0.3226     6.2463 -9.990e-29
 149.509673     11.160    14.9992  37.870847    30.4383     11.060  255.47855  255.72163     0.2603     6.2584 -9.990e-29
 149.509676     11.154    14.9991  37.869487    30.4372     11.054  255.48098  255.72406     0.4004     6.2787 -9.990e-29
 149.509679     11.143    14.9998  37.872392    30.4392     11.043  255.47380  255.71690     0.5871     6.7760 -9.990e-29
