seaocn-cb/data/ctd_cnv/SBE19plus_01907321_2024_05_30_Cast112.cnv
* Sea-Bird SBE19plus  Data File:
* FileName = E:\Prandtl_Daten\2024\29052024\raw\SBE19plus_01907321_2024_05_29_Cast112.hex
* Software version 2.6.1.12
* Temperature SN = 7321
* Conductivity SN = 7321
* System UpLoad Time = May 30 2024 08:17:08
* <ApplicationData>
* <Seaterm232>
** 20240529
** Sea Practical 2024
** MCat 30.05 CTD_SP5
** NMEA Latitude = 54 07.75N
** NMEA Longitude = 008 25.55E
** waterdepth = 8.6m
** clemens
# nquan = 11
# nvalues = 259                         
# units = specified
# name 0 = timeJ: Julian Days
# name 1 = prdM: Pressure, Strain Gauge [db]
# name 2 = tv290C: Temperature [ITS-90, deg C]
# name 3 = c0mS/cm: Conductivity [mS/cm]
# name 4 = sal00: Salinity, Practical [PSU]
# name 5 = depSM: Depth [salt water, m], lat = 54.00
# name 6 = oxsatMm/Kg: Oxygen Saturation, Weiss [umol/kg]
# name 7 = oxsolMm/Kg: Oxygen Saturation, Garcia & Gordon [umol/kg]
# name 8 = turbWETntu0: Turbidity, WET Labs ECO [NTU]
# name 9 = flECO-AFL: Fluorescence, WET Labs ECO-AFL/FL [mg/m^3]
# name 10 = flag:  0.000e+00
# span 0 = 151.340778, 151.341525       
# span 1 =      0.895,      7.914       
# span 2 =    16.0117,    16.0637       
# span 3 =  37.066321,  37.100926       
# span 4 =    28.9571,    28.9744       
# span 5 =      0.887,      7.843       
# span 6 =  252.65562,  252.89583       
# span 7 =  252.96206,  253.19989       
# span 8 =     0.5093,    37.7545       
# span 9 =     2.2674,     6.2504       
# span 10 = 0.0000e+00, 0.0000e+00      
# interval = seconds: 0.25
# start_time = May 30 2024 08:09:21 [Instrument's time stamp, header]
# bad_flag = -9.990e-29
*END*
[from data line 132]
 151.341160      4.259    16.0296  37.079179    28.9674      4.221  252.81422  253.11909     7.8245     3.4724 -9.990e-29
 151.341163      4.244    16.0293  37.076482    28.9653      4.206  252.81944  253.12432     7.6377     3.4764 -9.990e-29
 151.341166      4.244    16.0290  37.073479    28.9629      4.206  252.82514  253.13001     5.3498     3.4238 -9.990e-29
 151.341169      4.270    16.0287  37.074337    28.9638      4.232  252.82476  253.12962     5.3498     3.4522 -9.990e-29
 151.341172      4.310    16.0287  37.078934    28.9679      4.272  252.81820  253.12302     5.2720     3.4279 -9.990e-29
 151.341175      4.374    16.0285  37.077586    28.9654      4.335  252.82319  253.12803     5.8323     3.2176 -9.990e-29
 151.341178      4.451    16.0285  37.076054    28.9645      4.411  252.82477  253.12962     5.8089     3.2358 0.0000e+00
 151.341181      4.536    16.0285  37.073970    28.9654      4.496  252.82319  253.12803     5.8323     3.2176 0.0000e+00
 151.341183      4.622    16.0283  37.077770    28.9663      4.581  252.82451  253.12932     5.8634     3.2217 0.0000e+00
 151.341186      4.713    16.0279  37.076668    28.9670      4.671  252.82371  253.12850     5.8945     3.2217 0.0000e+00
 151.341189      4.797    16.0278  37.077832    28.9663      4.754  252.82451  253.12932     5.9412     4.1274 0.0000e+00
 151.341192      4.872    16.0278  37.075381    28.9665      4.829  252.82371  253.12850     6.0969     4.1274 0.0000e+00
 151.341195      4.932    16.0279  37.077097    28.9659      4.888  252.82527  253.13007     6.1280     4.1173 0.0000e+00
 151.341198      4.974    16.0281  37.075565    28.9665      4.930  252.82340  253.12821     6.1591     4.1072 -9.990e-29
 151.341201      4.994    16.0279  37.075810    28.9655      4.950  252.82626  253.13106     6.0502     4.0910 -9.990e-29
 151.341204      4.994    16.0280  37.073482    28.9634      4.950  252.82915  253.13398     7.5599     3.4522 -9.990e-29
 151.341207      4.974    16.0281  37.075810    28.9653      4.930  252.82535  253.13017     7.7155     3.4764 -9.990e-29
 151.341209      4.940    16.0282  37.075565    28.9651      4.895  252.82540  253.13022     7.3887     3.4643 -9.990e-29
 151.341212      4.909    16.0279  37.076668    28.9662      4.865  252.82462  253.12943     7.6066     3.4764 -9.990e-29
 151.341215      4.876    16.0276  37.077771    28.9674      4.832  252.82415  253.12893    11.4821     3.6705 -9.990e-29
 151.341218      4.854    16.0272  37.077097    28.9671      4.810  252.82664  253.13140    11.3109     3.6503 -9.990e-29
 151.341221      4.847    16.0271  37.074339    28.9649      4.803  252.83137  253.13614    11.2798     3.6584 -9.990e-29
 151.341224      4.856    16.0271  37.076913    28.9671      4.812  252.82751  253.13227    11.2019     3.6624 -9.990e-29
 151.341227      4.874    16.0270  37.077588    28.9677      4.830  252.82681  253.13156     8.9607     3.5977 -9.990e-29
 151.341230      4.901    16.0256  37.076914    28.9657      4.857  252.83707  253.14177     8.8829     3.5977 -9.990e-29
 151.341233      4.941    16.0252  37.074156    28.9662      4.897  252.83821  253.14289     8.9529     3.5876 0.0000e+00
 151.341236      4.985    16.0248  37.074646    28.9667      4.941  252.83707  253.14177     9.0229     3.5775 0.0000e+00
 151.341238      5.038    16.0245  37.078201    28.9667      4.993  252.83935  253.14401     9.7856     3.4238 0.0000e+00
 151.341241      5.085    16.0242  37.072134    28.9673      5.040  252.84468  253.14927     9.7856     3.4238 0.0000e+00
 151.341244      5.135    16.0236  37.074341    28.9673      5.089  252.84557  253.15020     9.8167     3.4481 0.0000e+00
 151.341247      5.186    16.0227  37.074402    28.9680      5.139  252.84768  253.15220     9.7389     3.4481 0.0000e+00
 151.341250      5.240    16.0223  37.075567    28.9680      5.193  252.84790  253.15245     9.6611     3.4481 0.0000e+00
 151.341253      5.306    16.0223  37.072809    28.9674      5.259  252.85058  253.15511     8.4626     3.8323 0.0000e+00
 151.341256      5.370    16.0224  37.073484    28.9674      5.322  252.85058  253.15511     8.4626     3.8808 0.0000e+00
 151.341259      5.428    16.0226  37.074097    28.9677      5.380  252.84880  253.15334     8.5560     3.8808 0.0000e+00
 151.341262      5.485    16.0226  37.077590    28.9695      5.436  252.84564  253.15017     8.5560     3.8808 0.0000e+00
 151.341264      5.528    16.0227  37.076242    28.9701      5.479  252.84432  253.14885     7.3420     3.5614 0.0000e+00
 151.341267      5.558    16.0226  37.072136    28.9695      5.508  252.84564  253.15017     6.0969     3.2419 -9.990e-29
 151.341270      5.570    16.0232  37.076916    28.9696      5.521  252.84226  253.14682     6.0969     3.2298 -9.990e-29
 151.341273      5.572    16.0237  37.079613    28.9716      5.522  252.83643  253.14100     6.0191     3.2176 -9.990e-29
 151.341276      5.565    16.0245  37.075629    28.9676      5.515  252.83941  253.14404    10.1280     3.5169 -9.990e-29
 151.341279      5.547    16.0252  37.077590    28.9688      5.497  252.83407  253.13872     9.9879     3.5735 -9.990e-29
 151.341282      5.521    16.0260  37.076916    28.9677      5.472  252.83207  253.13677    10.1903     3.5735 -9.990e-29
 151.341285      5.497    16.0263  37.074648    28.9655      5.448  252.83426  253.13899    10.0657     3.5896 -9.990e-29
 151.341288      5.483    16.0267  37.074648    28.9652      5.434  252.83276  253.13751     9.1163     3.3106 -9.990e-29
 151.341291      5.481    16.0269  37.076057    28.9663      5.432  252.82975  253.13451     9.0229     3.3025 -9.990e-29
 151.341293      5.494    16.0268  37.076670    28.9668      5.445  252.82914  253.13389     8.9607     3.2904 -9.990e-29
 151.341296      5.519    16.0264  37.073851    28.9666      5.470  252.83197  253.13670     8.9762     3.2864 -9.990e-29
 151.341299      5.550    16.0264  37.075997    28.9670      5.501  252.83130  253.13602     9.8789     3.6503 0.0000e+00
 151.341302      5.598    16.0264  37.076916    28.9674      5.548  252.83062  253.13534    10.7817     4.0102 0.0000e+00
 151.341305      5.638    16.0265  37.078203    28.9674      5.587  252.83021  253.13495    10.9062     4.0102 0.0000e+00
 151.341308      5.674    16.0265  37.076426    28.9668      5.623  252.83021  253.13495    10.9529     4.0102 0.0000e+00
 151.341311      5.720    16.0265  37.076426    28.9667      5.669  252.83083  253.13556    10.9062     4.0142 0.0000e+00
 151.341314      5.773    16.0256  37.074526    28.9658      5.721  252.83729  253.14199    10.9529     4.0142 0.0000e+00
 151.341317      5.822    16.0245  37.072811    28.9658      5.770  252.84108  253.14569    11.0307     4.0142 0.0000e+00
 151.341319      5.880    16.0241  37.075630    28.9669      5.828  252.84378  253.14843    11.0307     3.9900 0.0000e+00
 151.341322      5.944    16.0233  37.073976    28.9678      5.891  252.84348  253.14803    11.0307     3.9900 0.0000e+00
 151.341325      6.014    16.0231  37.076673    28.9694      5.960  252.84453  253.14905    12.8829     3.8606 0.0000e+00
 151.341328      6.085    16.0225  37.077592    28.9694      6.030  252.84453  253.14905    12.8829     3.8565 0.0000e+00
 151.341331      6.145    16.0219  37.075570    28.9706      6.090  252.84969  253.15419    12.8517     3.8565 0.0000e+00
 151.341334      6.196    16.0216  37.076919    28.9701      6.141  252.84974  253.15422    12.8051     3.8302 0.0000e+00
 151.341337      6.225    16.0213  37.075571    28.9708      6.170  252.84979  253.15425    12.7584     3.8039 -9.990e-29
 151.341340      6.234    16.0206  37.076245    28.9707      6.179  252.85351  253.15794    20.0891     3.7878 -9.990e-29
 151.341343      6.224    16.0201  37.071955    28.9674      6.168  252.86173  253.16616    19.9957     3.8039 -9.990e-29
 151.341345      6.194    16.0195  37.070974    28.9670      6.139  252.86557  253.16997    19.8556     3.7554 -9.990e-29
 151.341348      6.154    16.0188  37.073732    28.9699      6.099  252.86410  253.16845    20.1047     3.7959 -9.990e-29
 151.341351      6.110    16.0182  37.073425    28.9701      6.056  252.86663  253.17095    20.1980     3.9414 -9.990e-29
 151.341354      6.069    16.0173  37.073058    28.9705      6.014  252.87074  253.17502    20.1047     3.9253 -9.990e-29
 151.341357      6.043    16.0166  37.071280    28.9694      5.989  252.87578  253.18004    20.4159     3.9212 -9.990e-29
 151.341360      6.028    16.0157  37.071464    28.9703      5.975  252.87908  253.18329    20.0891     3.8767 -9.990e-29
 151.341363      6.036    16.0150  37.071893    28.9712      5.982  252.88113  253.18530    12.9296     4.0385 -9.990e-29
 151.341366      6.068    16.0146  37.074774    28.9739      6.014  252.87803  253.18216    12.7272     4.0587 -9.990e-29
 151.341369      6.123    16.0144  37.071710    28.9714      6.068  252.88355  253.18769    12.6650     4.0506 -9.990e-29
 151.341372      6.193    16.0142  37.073855    28.9744      6.137  252.87918  253.18329    11.4510     3.8525 -9.990e-29
 151.341374      6.273    16.0142  37.075081    28.9735      6.217  252.88087  253.18498    11.5210     3.8384 0.0000e+00
 151.341377      6.360    16.0142  37.073059    28.9729      6.303  252.88256  253.18668    11.4976     3.8525 0.0000e+00
 151.341380      6.448    16.0142  37.073243    28.9726      6.390  252.88293  253.18704    11.5132     3.8525 0.0000e+00
 151.341383      6.533    16.0142  37.070547    28.9729      6.475  252.88293  253.18704    11.5132     3.8525 0.0000e+00
 151.341386      6.616    16.0145  37.074531    28.9728      6.556  252.87930  253.18343    13.9568     3.5532 0.0000e+00
 151.341389      6.683    16.0147  37.073979    28.9732      6.623  252.87899  253.18312    13.9880     3.5290 0.0000e+00
 151.341392      6.730    16.0149  37.075573    28.9728      6.670  252.87868  253.18282    13.9568     3.5047 -9.990e-29
 151.341395      6.754    16.0159  37.073673    28.9718      6.694  252.87529  253.17950    13.8945     3.5613 -9.990e-29
 151.341398      6.761    16.0162  37.071222    28.9694      6.701  252.87777  253.18201    13.8945     3.5169 -9.990e-29
 151.341400      6.750    16.0162  37.073980    28.9719      6.690  252.87393  253.17815    14.6105     4.8108 -9.990e-29
 151.341403      6.725    16.0164  37.074102    28.9718      6.665  252.87284  253.17707    14.5949     4.7946 -9.990e-29
 151.341406      6.701    16.0164  37.070547    28.9687      6.641  252.87815  253.18240    14.6261     4.7987 -9.990e-29
 151.341409      6.681    16.0165  37.072999    28.9708      6.621  252.87417  253.17841    14.7661     4.8189 -9.990e-29
 151.341412      6.665    16.0166  37.073734    28.9714      6.605  252.87276  253.17699    17.4432     3.8242 -9.990e-29
 151.341415      6.665    16.0168  37.068709    28.9669      6.605  252.87939  253.18367    17.5677     3.7918 -9.990e-29
 151.341418      6.674    16.0170  37.070179    28.9680      6.614  252.87660  253.18088    17.7389     3.8242 -9.990e-29
 151.341421      6.688    16.0171  37.075082    28.9721      6.629  252.86866  253.17292    17.4743     3.7999 -9.990e-29
 151.341424      6.707    16.0170  37.071038    28.9688      6.647  252.87477  253.17905    16.1202     4.1477 -9.990e-29
 151.341427      6.736    16.0170  37.071221    28.9700      6.676  252.87304  253.17731    16.0579     4.1679 0.0000e+00
 151.341429      6.765    16.0170  37.073734    28.9696      6.705  252.87460  253.17886    16.1202     4.1881 0.0000e+00
 151.341432      6.796    16.0168  37.071957    28.9696      6.735  252.87460  253.17886    16.2603     4.1881 0.0000e+00
 151.341435      6.833    16.0167  37.071467    28.9692      6.771  252.87565  253.17991    17.6299     4.5763 0.0000e+00
 151.341438      6.873    16.0163  37.069874    28.9692      6.811  252.87578  253.18000    17.8323     4.5763 0.0000e+00
 151.341441      6.926    16.0163  37.072816    28.9708      6.864  252.87578  253.18000    17.9101     4.5844 0.0000e+00
 151.341444      6.988    16.0162  37.075083    28.9708      6.925  252.87578  253.18000    17.9101     4.5682 0.0000e+00
 151.341447      7.057    16.0160  37.071713    28.9699      6.994  252.87810  253.18232    17.7389     4.5439 0.0000e+00
 151.341450      7.132    16.0158  37.070549    28.9693      7.068  252.88079  253.18500    16.1980     3.9050 0.0000e+00
 151.341453      7.210    16.0156  37.070794    28.9690      7.146  252.88106  253.18527    16.1047     3.9050 0.0000e+00
 151.341455      7.270    16.0156  37.070427    28.9693      7.205  252.88106  253.18527    16.0891     3.9091 0.0000e+00
 151.341458      7.327    16.0157  37.074411    28.9707      7.261  252.87853  253.18273    16.0658     3.9314 0.0000e+00
 151.341461      7.356    16.0157  37.074778    28.9724      7.290  252.87541  253.17960    16.0424     3.9091 -9.990e-29
 151.341464      7.372    16.0162  37.074656    28.9722      7.306  252.87298  253.17719    22.6883     3.8929 -9.990e-29
 151.341467      7.376    16.0166  37.074656    28.9719      7.310  252.87148  253.17572    22.6883     3.8929 -9.990e-29
 151.341470      7.361    16.0163  37.070182    28.9682      7.295  252.87938  253.18362    22.6572     3.9859 -9.990e-29
 151.341473      7.341    16.0158  37.072572    28.9707      7.275  252.87758  253.18178    21.1786     6.2504 -9.990e-29
 151.341476      7.310    16.0154  37.073491    28.9718      7.245  252.87797  253.18215    21.0541     6.2099 -9.990e-29
 151.341479      7.290    16.0147  37.072817    28.9717      7.225  252.88136  253.18551    21.1163     6.2140 -9.990e-29
 151.341481      7.270    16.0144  37.072143    28.9714      7.205  252.88356  253.18769    21.0385     6.1897 -9.990e-29
 151.341484      7.261    16.0144  37.071530    28.9708      7.196  252.88447  253.18861    18.8284     4.4833 -9.990e-29
 151.341487      7.259    16.0146  37.072572    28.9716      7.194  252.88231  253.18645    18.8906     4.4469 -9.990e-29
 151.341490      7.275    16.0145  37.070304    28.9697      7.210  252.88602  253.19017    18.7973     4.4186 -9.990e-29
 151.341493      7.292    16.0144  37.072143    28.9714      7.227  252.88357  253.18771    18.7350     4.4226 -9.990e-29
 151.341496      7.319    16.0142  37.071224    28.9665      7.254  252.89323  253.19739    23.4976     4.0668 -9.990e-29
 151.341499      7.357    16.0142  37.066321    28.9690      7.292  252.88903  253.19317    23.4431     4.0627 0.0000e+00
 151.341502      7.401    16.0141  37.072143    28.9703      7.335  252.88941  253.19352    23.3887     4.0668 0.0000e+00
 151.341505      7.460    16.0136  37.070305    28.9703      7.393  252.88941  253.19352    23.3887     4.0587 0.0000e+00
 151.341508      7.527    16.0131  37.069141    28.9703      7.460  252.89299  253.19708    23.5599     4.0749 0.0000e+00
 151.341510      7.604    16.0127  37.069632    28.9696      7.536  252.89379  253.19786    29.1630     4.1800 0.0000e+00
 151.341513      7.682    16.0127  37.067610    28.9703      7.614  252.89379  253.19786    29.1630     4.1800 0.0000e+00
 151.341516      7.763    16.0126  37.070000    28.9698      7.693  252.89583  253.19989    29.1008     4.1881 0.0000e+00
 151.341519      7.837    16.0125  37.068958    28.9705      7.767  252.89314  253.19716    29.1008     4.1881 0.0000e+00
 151.341522      7.885    16.0120  37.071962    28.9727      7.814  252.89445  253.19845    37.6144     4.2730 0.0000e+00
 151.341525      7.914    16.0117  37.071900    28.9729      7.843  252.89445  253.19845    37.7545     4.3418 0.0000e+00
