seaocn-cb/data/ctd_cnv/SBE19plus_01907321_2024_05_22_Cast08.cnv
* Sea-Bird SBE19plus  Data File:
* FileName = E:\Prandtl_Daten\2024\CTD\raw\SBE19plus_01907321_2024_05_21_Cast08.hex
* Software version 2.6.1.12
* Temperature SN = 7321
* Conductivity SN = 7321
* System UpLoad Time = May 22 2024 09:01:01
* <ApplicationData>
* <Seaterm232>
** 20240522
** Sea Practical 2024
** MCat 22.05 CTD_SP1
** NMEA Latitude = 54 07.702N
** NMEA Longitude = 008 46.52E
** waterdepth = 13.5m
** Isabelle
# nquan = 11
# nvalues = 414                         
# units = specified
# name 0 = timeJ: Julian Days
# name 1 = prdM: Pressure, Strain Gauge [db]
# name 2 = tv290C: Temperature [ITS-90, deg C]
# name 3 = c0mS/cm: Conductivity [mS/cm]
# name 4 = sal00: Salinity, Practical [PSU]
# name 5 = depSM: Depth [salt water, m], lat = 54.00
# name 6 = oxsatMm/Kg: Oxygen Saturation, Weiss [umol/kg]
# name 7 = oxsolMm/Kg: Oxygen Saturation, Garcia & Gordon [umol/kg]
# name 8 = turbWETntu0: Turbidity, WET Labs ECO [NTU]
# name 9 = flECO-AFL: Fluorescence, WET Labs ECO-AFL/FL [mg/m^3]
# name 10 = flag:  0.000e+00
# span 0 = 143.366913, 143.368108       
# span 1 =      0.690,     12.202       
# span 2 =    17.0341,    17.4692       
# span 3 =  35.473334,  35.564943       
# span 4 =    26.6412,    26.9000       
# span 5 =      0.684,     12.092       
# span 6 =  249.62417,  251.38543       
# span 7 =  250.00488,  251.74755       
# span 8 =    -2.0432,    53.2720       
# span 9 =     4.9362,    11.8225       
# span 10 = 0.0000e+00, 0.0000e+00      
# interval = seconds: 0.25
# start_time = May 22 2024 08:46:59 [Instrument's time stamp, header]
# bad_flag = -9.990e-29
*END*
 143.366913      0.690    17.4671  35.555893    26.6803      0.684  249.63692  250.01764    -0.1132     5.1950 -9.990e-29
 143.366916      0.701    17.4673  35.557821    26.6817      0.695  249.63327  250.01400    -0.1444     5.1909 -9.990e-29
 143.366918      0.719    17.4677  35.558243    26.6803      0.713  249.63360  250.01436    -0.4090     5.3729 -9.990e-29
 143.366921      0.765    17.4680  35.556495    26.6801      0.758  249.63296  250.01373    -0.4401     5.3749 0.0000e+00
 143.366924      0.827    17.4682  35.556315    26.6799      0.820  249.63360  250.01436    -0.4090     5.3729 0.0000e+00
 143.366927      0.866    17.4682  35.509922    26.6606      0.858  249.66459  250.04548    -0.4323     5.3668 0.0000e+00
 143.366930      0.891    17.4683  35.559750    26.6412      0.883  249.69686  250.07786    -0.3934     5.3567 -9.990e-29
 143.366933      0.904    17.4691  35.556737    26.6796      0.896  249.62832  250.00913    -1.2494     5.8864 -9.990e-29
 143.366936      0.915    17.4692  35.555893    26.6788      0.907  249.62920  250.01002    -1.3117     5.9026 -9.990e-29
 143.366939      0.926    17.4686  35.554326    26.6779      0.917  249.63360  250.01440    -1.2339     5.9026 -9.990e-29
 143.366942      0.931    17.4685  35.555411    26.6789      0.923  249.63239  250.01318    -1.1872     5.8905 -9.990e-29
 143.366944      0.951    17.4677  35.555652    26.6796      0.943  249.63488  250.01564    -0.0510     5.4093 -9.990e-29
 143.366947      0.973    17.4670  35.555652    26.6804      0.964  249.63713  250.01786     0.1358     5.4376 -9.990e-29
 143.366950      1.013    17.4671  35.556075    26.6811      1.004  249.63576  250.01648     0.0969     5.4356 0.0000e+00
 143.366953      1.063    17.4671  35.557822    26.6818      1.053  249.63439  250.01511     0.1358     5.4335 0.0000e+00
 143.366956      1.112    17.4672  35.558003    26.6818      1.102  249.63381  250.01454     1.1475     5.2556 0.0000e+00
 143.366959      1.157    17.4672  35.557823    26.6816      1.147  249.63381  250.01454     1.1475     5.2556 0.0000e+00
 143.366962      1.196    17.4673  35.556497    26.6810      1.185  249.63459  250.01533     1.1242     5.2576 0.0000e+00
 143.366965      1.221    17.4673  35.559510    26.6805      1.210  249.63538  250.01612     1.1008     5.2597 -9.990e-29
 143.366968      1.239    17.4678  35.558667    26.6819      1.228  249.63048  250.01122    -0.0821     6.1533 -9.990e-29
 143.366970      1.252    17.4677  35.559510    26.6827      1.241  249.62992  250.01066    -0.0821     6.1614 -9.990e-29
 143.366973      1.261    17.4677  35.556316    26.6801      1.250  249.63441  250.01517    -0.2222     6.1735 -9.990e-29
 143.366976      1.280    17.4676  35.556738    26.6805      1.268  249.63414  250.01489    -0.2378     6.1654 -9.990e-29
 143.366979      1.302    17.4673  35.558004    26.6788      1.290  249.63816  250.01890    -0.9070     5.0656 -9.990e-29
 143.366982      1.334    17.4673  35.554569    26.6805      1.322  249.63558  250.01630    -0.9148     5.0474 0.0000e+00
 143.366985      1.376    17.4672  35.558486    26.6814      1.364  249.63459  250.01532    -0.9226     5.0373 0.0000e+00
 143.366988      1.424    17.4672  35.557583    26.6821      1.411  249.63459  250.01532    -0.9226     5.0373 0.0000e+00
 143.366991      1.460    17.4666  35.558909    26.6828      1.447  249.63459  250.01532    -0.8915     5.0575 0.0000e+00
 143.366994      1.497    17.4664  35.560174    26.6835      1.483  249.63453  250.01522    -0.7825     5.2152 0.0000e+00
 143.366997      1.526    17.4662  35.558487    26.6841      1.512  249.63443  250.01511    -0.6736     5.3729 -9.990e-29
 143.366999      1.546    17.4659  35.558668    26.6831      1.532  249.63783  250.01849    -0.6113     5.3729 -9.990e-29
 143.367002      1.561    17.4659  35.557583    26.6822      1.547  249.63936  250.02003    -0.7358     5.3931 -9.990e-29
 143.367005      1.573    17.4656  35.556318    26.6813      1.559  249.64208  250.02274    -0.9693     5.2516 -9.990e-29
 143.367008      1.583    17.4659  35.555414    26.6804      1.568  249.64241  250.02310    -0.8759     5.2597 -9.990e-29
 143.367011      1.601    17.4662  35.556499    26.6818      1.586  249.63839  250.01908    -0.9226     5.2273 -9.990e-29
 143.367014      1.628    17.4663  35.557403    26.6829      1.614  249.63629  250.01698    -1.1172     5.1485 0.0000e+00
 143.367017      1.665    17.4663  35.560175    26.6825      1.650  249.63565  250.01635    -1.3117     5.0696 0.0000e+00
 143.367020      1.703    17.4663  35.558488    26.6825      1.688  249.63565  250.01635    -1.4051     5.0575 0.0000e+00
 143.367023      1.748    17.4663  35.555896    26.6821      1.733  249.63757  250.01826    -1.4051     5.0211 0.0000e+00
 143.367025      1.792    17.4663  35.557825    26.6805      1.776  249.64057  250.02126    -1.4051     5.0211 0.0000e+00
 143.367028      1.836    17.4666  35.553908    26.6816      1.820  249.63757  250.01826    -1.9187     5.0009 0.0000e+00
 143.367031      1.867    17.4667  35.557584    26.6801      1.850  249.63911  250.01983    -1.9576     4.9686 0.0000e+00
 143.367034      1.898    17.4667  35.558669    26.6816      1.881  249.63638  250.01709    -1.9965     4.9362 -9.990e-29
 143.367037      1.922    17.4670  35.557584    26.6814      1.905  249.63547  250.01618    -1.9343     4.9887 -9.990e-29
 143.367040      1.937    17.4670  35.554149    26.6785      1.919  249.64030  250.02103    -2.0432     4.9928 -9.990e-29
 143.367043      1.947    17.4668  35.555656    26.6799      1.930  249.63881  250.01953    -1.6074     5.1303 -9.990e-29
 143.367046      1.958    17.4668  35.553727    26.6783      1.941  249.64153  250.02226    -1.7319     5.1262 -9.990e-29
 143.367049      1.973    17.4669  35.558247    26.6820      1.955  249.63487  250.01558    -1.6230     5.1100 -9.990e-29
 143.367052      1.997    17.4673  35.557163    26.6797      1.979  249.63664  250.01738    -1.1716     5.1060 -9.990e-29
 143.367054      2.033    17.4673  35.555897    26.6804      2.015  249.63560  250.01633    -1.1871     5.1121 0.0000e+00
 143.367057      2.082    17.4673  35.557404    26.6810      2.064  249.63455  250.01528    -1.2027     5.1060 0.0000e+00
 143.367060      2.132    17.4673  35.559092    26.6810      2.113  249.63455  250.01528    -1.2027     5.1141 0.0000e+00
 143.367063      2.183    17.4672  35.553065    26.6780      2.163  249.64069  250.02144    -1.2494     5.1141 0.0000e+00
 143.367066      2.217    17.4672  35.553728    26.6777      2.198  249.64071  250.02145    -1.3817     5.2859 0.0000e+00
 143.367069      2.243    17.4671  35.558007    26.6780      2.223  249.64072  250.02146    -1.5140     5.4578 -9.990e-29
 143.367072      2.257    17.4670  35.555898    26.6799      2.237  249.63800  250.01873    -1.4829     5.4254 -9.990e-29
 143.367075      2.270    17.4672  35.557164    26.6808      2.250  249.63560  250.01633    -1.4673     5.4295 -9.990e-29
 143.367078      2.278    17.4675  35.560599    26.6834      2.257  249.62953  250.01026    -1.6385     5.4052 -9.990e-29
 143.367080      2.283    17.4679  35.556742    26.6800      2.263  249.63339  250.01415    -1.6230     5.4093 -9.990e-29
 143.367083      2.300    17.4678  35.559092    26.6776      2.279  249.63770  250.01847    -1.5607     5.3931 -9.990e-29
 143.367086      2.332    17.4678  35.553909    26.6794      2.312  249.63514  250.01591    -1.5685     5.3850 0.0000e+00
 143.367089      2.371    17.4677  35.558008    26.6812      2.350  249.63259  250.01334    -1.5607     5.3931 0.0000e+00
 143.367092      2.426    17.4676  35.558671    26.6817      2.404  249.63200  250.01274    -1.0315     5.4538 0.0000e+00
 143.367095      2.479    17.4674  35.560841    26.6821      2.456  249.63200  250.01274    -1.0160     5.4538 0.0000e+00
 143.367098      2.526    17.4670  35.558671    26.6821      2.504  249.63424  250.01495    -1.0315     5.4618 0.0000e+00
 143.367101      2.565    17.4669  35.555417    26.6808      2.542  249.63685  250.01756    -0.9537     5.4639 0.0000e+00
 143.367104      2.592    17.4668  35.558491    26.6795      2.569  249.63946  250.02018    -1.0315     5.4740 -9.990e-29
 143.367106      2.603    17.4668  35.559515    26.6829      2.580  249.63372  250.01442     2.5638     5.8460 -9.990e-29
 143.367109      2.612    17.4671  35.558913    26.6822      2.589  249.63363  250.01435     2.5327     5.8096 -9.990e-29
 143.367112      2.614    17.4673  35.559093    26.6822      2.591  249.63244  250.01317     2.5949     5.8419 -9.990e-29
 143.367115      2.627    17.4676  35.560841    26.6835      2.603  249.62905  250.00978     4.5093     5.6883 -9.990e-29
 143.367118      2.640    17.4684  35.562348    26.6833      2.616  249.62535  250.00611     4.4938     5.6681 -9.990e-29
 143.367121      2.667    17.4686  35.561263    26.6818      2.643  249.62730  250.00808     4.5249     5.6782 0.0000e+00
 143.367124      2.709    17.4687  35.557828    26.6825      2.685  249.62535  250.00611     4.4938     5.6883 0.0000e+00
 143.367127      2.753    17.4687  35.560600    26.6825      2.728  249.62507  250.00585     2.8595     5.7570 0.0000e+00
 143.367130      2.802    17.4688  35.562770    26.6825      2.777  249.62507  250.00585     2.7973     5.7570 0.0000e+00
 143.367133      2.853    17.4688  35.559757    26.6817      2.827  249.62599  250.00678     2.7661     5.7570 0.0000e+00
 143.367135      2.895    17.4687  35.558913    26.6814      2.869  249.62722  250.00801     2.7817     5.7631 0.0000e+00
 143.367138      2.928    17.4685  35.558913    26.6812      2.901  249.62845  250.00923     2.7661     5.7732 -9.990e-29
 143.367141      2.953    17.4683  35.556744    26.6795      2.927  249.63215  250.01293    -0.3934     5.1181 -9.990e-29
 143.367144      2.968    17.4682  35.555900    26.6788      2.941  249.63366  250.01444    -0.5024     5.1100 -9.990e-29
 143.367147      2.978    17.4681  35.561686    26.6838      2.952  249.62616  250.00691    -0.4090     5.1343 -9.990e-29
 143.367150      2.985    17.4680  35.560601    26.6829      2.959  249.62800  250.00875    -0.4401     5.1384 -9.990e-29
 143.367153      2.991    17.4680  35.554996    26.6782      2.964  249.63588  250.01665    -1.5140     5.1100 -9.990e-29
 143.367156      3.011    17.4678  35.558251    26.6811      2.984  249.63194  250.01270    -1.3739     5.1141 -9.990e-29
 143.367159      3.035    17.4677  35.557166    26.6818      3.008  249.63110  250.01184    -1.3428     5.1141 -9.990e-29
 143.367161      3.068    17.4676  35.559095    26.6818      3.040  249.63143  250.01217    -1.2338     5.1242 0.0000e+00
 143.367164      3.113    17.4676  35.559095    26.6818      3.085  249.63175  250.01249    -1.1249     5.1343 0.0000e+00
 143.367167      3.162    17.4675  35.557408    26.6805      3.134  249.63445  250.01520    -1.1094     5.1384 0.0000e+00
 143.367170      3.215    17.4674  35.556323    26.6802      3.186  249.63580  250.01654    -1.1094     5.1384 0.0000e+00
 143.367173      3.257    17.4674  35.556926    26.6802      3.228  249.63580  250.01654    -1.1094     5.1424 0.0000e+00
 143.367176      3.297    17.4674  35.560602    26.6816      3.268  249.63292  250.01365    -0.7825     5.1282 0.0000e+00
 143.367179      3.328    17.4675  35.560602    26.6831      3.299  249.63004  250.01076    -0.3778     5.1505 -9.990e-29
 143.367182      3.350    17.4672  35.558674    26.6817      3.320  249.63371  250.01443    -0.3778     5.1747 -9.990e-29
 143.367185      3.361    17.4672  35.558252    26.6813      3.331  249.63431  250.01503    -0.4712     5.1747 -9.990e-29
 143.367188      3.372    17.4671  35.560181    26.6830      3.342  249.63223  250.01294    -0.4401     5.1667 -9.990e-29
 143.367190      3.381    17.4671  35.558252    26.6814      3.351  249.63494  250.01566     1.0696     5.4740 -9.990e-29
 143.367193      3.394    17.4674  35.558011    26.6810      3.364  249.63403  250.01477     1.1163     5.4012 -9.990e-29
 143.367196      3.420    17.4672  35.557167    26.6804      3.389  249.63586  250.01659     1.1008     5.4538 -9.990e-29
 143.367199      3.443    17.4664  35.560603    26.6838      3.413  249.63419  250.01488     1.2408     6.3393 -9.990e-29
 143.367202      3.482    17.4663  35.560603    26.6841      3.451  249.63433  250.01502     1.2875     6.3332 0.0000e+00
 143.367205      3.524    17.4664  35.561085    26.6844      3.492  249.63419  250.01488     1.3342     6.3353 0.0000e+00
 143.367208      3.575    17.4664  35.562773    26.6844      3.543  249.63302  250.01370     1.3342     6.3353 0.0000e+00
 143.367211      3.620    17.4665  35.561267    26.6845      3.588  249.63214  250.01282     1.3654     6.3353 0.0000e+00
 143.367214      3.670    17.4666  35.561689    26.6845      3.637  249.63214  250.01282     2.0657     6.0886 0.0000e+00
 143.367216      3.706    17.4667  35.563678    26.6853      3.673  249.63028  250.01097     2.0813     6.0825 0.0000e+00
 143.367219      3.736    17.4668  35.560182    26.6860      3.702  249.62842  250.00911     2.0657     6.0765 -9.990e-29
 143.367222      3.756    17.4672  35.560182    26.6829      3.722  249.63211  250.01282     1.8945     6.1088 -9.990e-29
 143.367225      3.763    17.4675  35.564943    26.6866      3.730  249.62417  250.00488     2.1591     6.0846 -9.990e-29
 143.367228      3.771    17.4676  35.561689    26.6838      3.737  249.62843  250.00916     2.0502     5.8703 -9.990e-29
 143.367231      3.778    17.4677  35.563437    26.6852      3.744  249.62567  250.00639     2.0191     5.8945 -9.990e-29
 143.367234      3.794    17.4676  35.560182    26.6826      3.761  249.63056  250.01129     2.0813     5.8945 -9.990e-29
 143.367237      3.816    17.4670  35.558254    26.6860      3.782  249.62762  250.00831     3.5599     5.6883 -9.990e-29
 143.367240      3.851    17.4668  35.563859    26.6844      3.817  249.63129  250.01198     3.5988     5.7004 0.0000e+00
 143.367242      3.893    17.4666  35.559761    26.6843      3.858  249.63496  250.01565     3.5599     5.6883 0.0000e+00
 143.367245      3.944    17.4661  35.561087    26.6843      3.909  249.63496  250.01565     3.5755     5.7045 0.0000e+00
 143.367248      4.001    17.4661  35.561509    26.6843      3.965  249.63500  250.01566     3.5755     5.7045 0.0000e+00
 143.367251      4.052    17.4662  35.559761    26.6846      4.016  249.63412  250.01479     3.5755     6.5294 0.0000e+00
 143.367254      4.094    17.4664  35.563016    26.6842      4.057  249.63339  250.01406     3.5832     6.5415 0.0000e+00
 143.367257      4.128    17.4666  35.556929    26.6855      4.092  249.63049  250.01116     3.5443     6.5294 -9.990e-29
 143.367260      4.147    17.4664  35.560183    26.6833      4.109  249.63511  250.01580     3.4198     6.5375 -9.990e-29
 143.367263      4.159    17.4662  35.562112    26.6850      4.122  249.63304  250.01371     6.7506     6.4323 -9.990e-29
 143.367266      4.167    17.4661  35.561690    26.6847      4.129  249.63395  250.01461     6.8284     6.3838 -9.990e-29
 143.367269      4.174    17.4660  35.558496    26.6821      4.137  249.63906  250.01974     6.9685     6.3878 -9.990e-29
 143.367271      4.189    17.4660  35.558677    26.6823      4.151  249.63882  250.01949     6.6883     6.3757 -9.990e-29
 143.367274      4.207    17.4646  35.559340    26.6808      4.169  249.64774  250.02837     7.3109     5.9066 -9.990e-29
 143.367277      4.232    17.4646  35.555905    26.6818      4.194  249.64658  250.02720     7.2642     5.9168 0.0000e+00
 143.367280      4.265    17.4645  35.558014    26.6827      4.227  249.64542  250.02603     7.2175     5.9188 0.0000e+00
 143.367283      4.298    17.4644  35.562113    26.6837      4.260  249.64456  250.02516     7.2175     5.9188 0.0000e+00
 143.367286      4.338    17.4643  35.559100    26.6837      4.299  249.64456  250.02516     7.4043     5.9188 0.0000e+00
 143.367289      4.387    17.4643  35.558015    26.6837      4.348  249.64456  250.02516     9.2097     6.5900 0.0000e+00
