seaocn-cb/data/ctd_cnv/SBE19plus_01907321_2024_05_24_Cast34.cnv
* Sea-Bird SBE19plus  Data File:
* FileName = E:\Prandtl_Daten\2024\CTD\raw\SBE19plus_01907321_2024_05_24_Cast34.hex
* Software version 2.6.1.12
* Temperature SN = 7321
* Conductivity SN = 7321
* System UpLoad Time = May 24 2024 06:47:59
* <ApplicationData>
* <Seaterm232>
** 20240524
** Sea Practical 2024
** MCat 23.05 CTD_SP1
** NMEA Latitude = 054 7.74N
** NMEA Longitude = 008 46.85E
** waterdepth = 11m
** Andreas
# nquan = 11
# nvalues = 334                         
# units = specified
# name 0 = timeJ: Julian Days
# name 1 = prdM: Pressure, Strain Gauge [db]
# name 2 = tv290C: Temperature [ITS-90, deg C]
# name 3 = c0mS/cm: Conductivity [mS/cm]
# name 4 = sal00: Salinity, Practical [PSU]
# name 5 = depSM: Depth [salt water, m], lat = 54.00
# name 6 = oxsatMm/Kg: Oxygen Saturation, Weiss [umol/kg]
# name 7 = oxsolMm/Kg: Oxygen Saturation, Garcia & Gordon [umol/kg]
# name 8 = turbWETntu0: Turbidity, WET Labs ECO [NTU]
# name 9 = flECO-AFL: Fluorescence, WET Labs ECO-AFL/FL [mg/m^3]
# name 10 = flag:  0.000e+00
# span 0 = 145.279427, 145.280391       
# span 1 =      0.590,     10.167       
# span 2 =    17.3979,    17.7378       
# span 3 =  35.016879,  35.067653       
# span 4 =    26.0835,    26.2817       
# span 5 =      0.585,     10.076       
# span 6 =  249.32963,  250.65155       
# span 7 =  249.72408,  251.03181       
# span 8 =    -1.0004,     4.8206       
# span 9 =     2.1137,     4.2811       
# span 10 = 0.0000e+00, 0.0000e+00      
# interval = seconds: 0.25
# start_time = May 24 2024 06:41:09 [Instrument's time stamp, header]
# bad_flag = -9.990e-29
*END*
[from data line 263]
 145.280188      8.562    17.4984  35.061906    26.2484      8.486  250.21489  250.59925     2.2525     2.5787 -9.990e-29
 145.280191      8.595    17.4976  35.063164    26.2486      8.518  250.21832  250.60265     2.2447     2.5868 0.0000e+00
 145.280194      8.632    17.4968  35.062565    26.2489      8.554  250.22175  250.60605     2.2369     2.5949 0.0000e+00
 145.280197      8.668    17.4960  35.064483    26.2500      8.591  250.22223  250.60649     1.6611     3.0963 0.0000e+00
 145.280200      8.705    17.4954  35.062746    26.2502      8.627  250.22690  250.61114     1.5210     3.1125 0.0000e+00
 145.280203      8.743    17.4942  35.062147    26.2502      8.665  250.23218  250.61637     1.5210     3.1004 0.0000e+00
 145.280205      8.772    17.4929  35.062566    26.2514      8.694  250.23634  250.62048     1.6144     3.1004 0.0000e+00
 145.280208      8.807    17.4923  35.064005    26.2529      8.728  250.23687  250.62097     1.6455     3.0842 0.0000e+00
 145.280211      8.836    17.4920  35.063586    26.2529      8.757  250.23811  250.62221     1.9646     2.8880 0.0000e+00
 145.280214      8.865    17.4918  35.063046    26.2529      8.786  250.23936  250.62345     2.2836     2.6919 -9.990e-29
 145.280217      8.889    17.4908  35.062987    26.2530      8.809  250.24370  250.62775     2.3148     2.7122 -9.990e-29
 145.280220      8.906    17.4901  35.061668    26.2524      8.826  250.24840  250.63243     2.4860     2.7122 -9.990e-29
 145.280223      8.928    17.4888  35.062747    26.2531      8.848  250.25342  250.63739     2.1747     2.7203 -9.990e-29
 145.280226      8.955    17.4885  35.061489    26.2522      8.875  250.25650  250.64046     2.1047     2.7466 0.0000e+00
 145.280229      8.984    17.4882  35.058912    26.2531      8.904  250.25760  250.64151     2.0346     2.7203 0.0000e+00
 145.280231      9.019    17.4876  35.061909    26.2542      8.938  250.25890  250.64280     1.9724     2.7405 0.0000e+00
 145.280234      9.052    17.4873  35.061669    26.2542      8.971  250.25890  250.64280     1.6611     2.7203 0.0000e+00
 145.280237      9.090    17.4870  35.060830    26.2539      9.009  250.26136  250.64525     1.5988     2.7324 0.0000e+00
 145.280240      9.126    17.4861  35.060411    26.2539      9.045  250.26544  250.64930     1.5988     2.7324 0.0000e+00
 145.280243      9.161    17.4853  35.061670    26.2554      9.079  250.26653  250.65035     1.6455     2.7324 0.0000e+00
 145.280246      9.198    17.4850  35.061490    26.2554      9.115  250.26806  250.65187     2.5638     2.6798 0.0000e+00
 145.280249      9.227    17.4846  35.057475    26.2554      9.144  250.27186  250.65564     2.5949     2.6596 0.0000e+00
 145.280252      9.256    17.4842  35.060831    26.2524      9.173  250.27529  250.65910     2.5949     2.6798 0.0000e+00
 145.280255      9.285    17.4841  35.056996    26.2539      9.202  250.27504  250.65882     2.6416     2.6738 0.0000e+00
 145.280258      9.311    17.4840  35.057655    26.2524      9.227  250.27821  250.66199     2.5949     2.7041 -9.990e-29
 145.280260      9.331    17.4819  35.056996    26.2537      9.247  250.28612  250.66982     2.5015     3.0680 -9.990e-29
 145.280263      9.355    17.4775  35.056157    26.2539      9.271  250.30703  250.69056     2.5171     3.0761 -9.990e-29
 145.280266      9.384    17.4764  35.053821    26.2542      9.300  250.31189  250.69537     2.3070     3.0761 0.0000e+00
 145.280269      9.411    17.4753  35.052982    26.2539      9.327  250.31675  250.70018     2.4237     3.0761 0.0000e+00
 145.280272      9.447    17.4728  35.046391    26.2546      9.363  250.33518  250.71854     2.4237     3.2621 0.0000e+00
 145.280275      9.478    17.4692  35.051904    26.2557      9.394  250.34103  250.72421     2.4704     3.2742 0.0000e+00
 145.280278      9.515    17.4659  35.047051    26.2576      9.430  250.36050  250.74356     2.5638     3.2742 0.0000e+00
 145.280281      9.548    17.4640  35.048549    26.2582      9.462  250.36567  250.74865     2.5482     3.2459 0.0000e+00
 145.280284      9.579    17.4623  35.048550    26.2591      9.493  250.37200  250.75491     2.5482     2.6515 0.0000e+00
 145.280286      9.610    17.4617  35.047471    26.2592      9.524  250.37498  250.75786     2.5327     2.6495 0.0000e+00
 145.280289      9.643    17.4611  35.046213    26.2591      9.556  250.37796  250.76081     2.5171     2.6475 -9.990e-29
 145.280292      9.668    17.4594  35.044895    26.2581      9.582  250.38824  250.77103     2.4548     2.6111 -9.990e-29
 145.280295      9.692    17.4574  35.045974    26.2602      9.605  250.39400  250.77670     2.6261     2.5909 -9.990e-29
 145.280298      9.714    17.4544  35.044716    26.2613      9.627  250.40690  250.78949     2.4860     2.5989 -9.990e-29
 145.280301      9.741    17.4538  35.044896    26.2607      9.654  250.41076  250.79333     2.5872     2.5929 0.0000e+00
 145.280304      9.771    17.4533  35.042559    26.2613      9.683  250.41462  250.79717     2.6883     2.5989 0.0000e+00
 145.280307      9.805    17.4524  35.044537    26.2619      9.718  250.41502  250.79752     2.7350     2.5868 0.0000e+00
 145.280310      9.844    17.4518  35.043638    26.2622      9.755  250.41705  250.79952     3.0307     2.5302 0.0000e+00
 145.280313      9.882    17.4517  35.045137    26.2619      9.793  250.41883  250.80130     3.0307     2.4898 0.0000e+00
 145.280315      9.920    17.4511  35.041122    26.2624      9.832  250.42493  250.80739     3.1552     2.5262 0.0000e+00
 145.280318      9.955    17.4499  35.042800    26.2621      9.866  250.42701  250.80941     3.0152     2.5262 0.0000e+00
 145.280321      9.990    17.4484  35.041302    26.2624      9.900  250.43481  250.81716     2.2525     2.6273 0.0000e+00
 145.280324     10.023    17.4468  35.043220    26.2638      9.933  250.43813  250.82040     2.2525     2.6717 0.0000e+00
 145.280327     10.055    17.4461  35.041123    26.2643      9.965  250.44214  250.82439     2.3070     2.6536 0.0000e+00
 145.280330     10.086    17.4455  35.041423    26.2638      9.996  250.44615  250.82837     2.3615     2.6798 -9.990e-29
 145.280333     10.105    17.4422  35.036450    26.2620     10.014  250.46506  250.84717     2.6261     3.6220 -9.990e-29
 145.280336     10.127    17.4401  35.036451    26.2634     10.036  250.47328  250.85529     2.6105     3.5735 -9.990e-29
 145.280339     10.149    17.4371  35.040705    26.2688     10.058  250.47836  250.86022     2.5949     3.6382 -9.990e-29
 145.280341     10.156    17.4352  35.031119    26.2621     10.065  250.49911  250.88094     2.5794     3.6422 -9.990e-29
 145.280344     10.154    17.4336  35.036212    26.2674     10.063  250.49795  250.87968     4.7584     2.5909 -9.990e-29
 145.280347     10.156    17.4302  35.034715    26.2683     10.065  250.51300  250.89460     4.8206     2.5747 -9.990e-29
 145.280350     10.154    17.4263  35.033696    26.2700     10.063  250.52927  250.91070     4.7895     2.5626 -9.990e-29
 145.280353     10.152    17.4224  35.033817    26.2726     10.061  250.54362  250.92489     4.7895     2.5666 -9.990e-29
 145.280356     10.152    17.4201  35.032798    26.2733     10.061  250.55390  250.93507     4.8206     2.5949 -9.990e-29
 145.280359     10.154    17.4192  35.033697    26.2746     10.063  250.55610  250.93723     3.8089     2.4412 -9.990e-29
 145.280362     10.154    17.4172  35.028366    26.2714     10.063  250.57087  250.95195     3.6533     2.4817 -9.990e-29
 145.280365     10.152    17.4136  35.029025    26.2744     10.061  250.58384  250.96475     3.8089     2.4736 -9.990e-29
 145.280367     10.154    17.4107  35.027947    26.2753     10.063  250.59609  250.97688     3.7934     2.4615 -9.990e-29
 145.280370     10.152    17.4076  35.029625    26.2787     10.061  250.60540  250.98606     3.1552     4.2285 -9.990e-29
 145.280373     10.156    17.4055  35.029206    26.2797     10.065  250.61420  250.99477     3.2019     4.2407 -9.990e-29
 145.280376     10.158    17.4046  35.028726    26.2799     10.067  250.61804  250.99857     2.9529     4.2407 -9.990e-29
 145.280379     10.158    17.4040  35.027528    26.2793     10.067  250.62194  251.00245     3.1864     4.2811 -9.990e-29
 145.280382     10.159    17.4031  35.024952    26.2777     10.068  250.62904  251.00952     2.6261     2.6232 -9.990e-29
 145.280385     10.161    17.4016  35.027289    26.2806     10.070  250.63143  251.01184     2.8440     2.5989 -9.990e-29
 145.280388     10.163    17.4000  35.027289    26.2817     10.072  250.63743  251.01777     2.7506     2.6070 -9.990e-29
 145.280391     10.167    17.3979  35.023096    26.2796     10.076  250.65155  251.03181     2.7661     2.5747 -9.990e-29
