seaocn-cb/data/ctd_cnv/SBE19plus_01907321_2024_05_22_Cast09.cnv
* Sea-Bird SBE19plus  Data File:
* FileName = E:\Prandtl_Daten\2024\CTD\raw\SBE19plus_01907321_2024_05_21_Cast09.hex
* Software version 2.6.1.12
* Temperature SN = 7321
* Conductivity SN = 7321
* System UpLoad Time = May 22 2024 09:59:36
* <ApplicationData>
* <Seaterm232>
** 20240522
** Sea Practical 2024
** MCat 22.05 CTD_SP2
** NMEA Latitude = 54 06.063N
** NMEA Longitude = 008 34.378E
** waterdepth = 14.5m
** Isabelle
# nquan = 11
# nvalues = 455                         
# units = specified
# name 0 = timeJ: Julian Days
# name 1 = prdM: Pressure, Strain Gauge [db]
# name 2 = tv290C: Temperature [ITS-90, deg C]
# name 3 = c0mS/cm: Conductivity [mS/cm]
# name 4 = sal00: Salinity, Practical [PSU]
# name 5 = depSM: Depth [salt water, m], lat = 54.00
# name 6 = oxsatMm/Kg: Oxygen Saturation, Weiss [umol/kg]
# name 7 = oxsolMm/Kg: Oxygen Saturation, Garcia & Gordon [umol/kg]
# name 8 = turbWETntu0: Turbidity, WET Labs ECO [NTU]
# name 9 = flECO-AFL: Fluorescence, WET Labs ECO-AFL/FL [mg/m^3]
# name 10 = flag:  0.000e+00
# span 0 = 143.412705, 143.414019       
# span 1 =      0.621,     12.969       
# span 2 =    15.3377,    16.3661       
# span 3 =  35.650086,  36.210046       
# span 4 =    27.4997,    28.7074       
# span 5 =      0.615,     12.853       
# span 6 =  253.65812,  256.78348       
# span 7 =  253.98809,  257.05725       
# span 8 =    -1.4206,     4.4159       
# span 9 =     7.8314,    11.0744       
# span 10 = 0.0000e+00, 0.0000e+00      
# interval = seconds: 0.25
# start_time = May 22 2024 09:52:56 [Instrument's time stamp, header]
# bad_flag = -9.990e-29
*END*
[from data line 394]
 143.413845     11.404    15.3774  36.185821    28.6598     11.302  256.66170  256.93777     1.8634     9.8209 0.0000e+00
 143.413848     11.457    15.3745  36.192862    28.6681     11.354  256.66199  256.93785     3.3887     9.0930 0.0000e+00
 143.413851     11.497    15.3733  36.192256    28.6687     11.394  256.66714  256.94294     3.4043     9.0587 0.0000e+00
 143.413854     11.524    15.3721  36.192438    28.6693     11.421  256.67229  256.94802     3.4198     9.0930 -9.990e-29
 143.413857     11.534    15.3683  36.194198    28.6738     11.430  256.68406  256.95958     3.2019     9.0162 -9.990e-29
 143.413860     11.534    15.3666  36.193531    28.6744     11.430  256.69142  256.96685     3.3109     9.0405 -9.990e-29
 143.413863     11.541    15.3641  36.196627    28.6790     11.437  256.69658  256.97184     3.4976     8.5633 -9.990e-29
 143.413866     11.550    15.3609  36.200391    28.6846     11.446  256.70310  256.97817     3.3109     8.5835 -9.990e-29
 143.413869     11.564    15.3541  36.204094    28.6934     11.461  256.72256  256.99723     3.3887     8.6321 -9.990e-29
 143.413872     11.590    15.3530  36.204762    28.6941     11.486  256.72692  257.00153     3.5054     8.6928 0.0000e+00
 143.413874     11.625    15.3519  36.204581    28.6948     11.520  256.73129  257.00584     3.4976     8.7534 0.0000e+00
 143.413877     11.674    15.3508  36.204338    28.6954     11.569  256.73621  257.01070     3.5599     8.7817 0.0000e+00
 143.413880     11.730    15.3497  36.205006    28.6967     11.625  256.73912  257.01356     3.5599     8.7817 0.0000e+00
 143.413883     11.794    15.3484  36.207010    28.6995     11.689  256.74118  257.01552     3.5599     8.7938 0.0000e+00
 143.413886     11.849    15.3468  36.206403    28.7001     11.743  256.74847  257.02273     2.7973     8.9879 0.0000e+00
 143.413889     11.897    15.3460  36.206100    28.7006     11.790  256.75188  257.02610     2.7428     9.0061 0.0000e+00
 143.413892     11.929    15.3451  36.205857    28.7010     11.822  256.75529  257.02947     2.6883     9.0243 -9.990e-29
 143.413895     11.947    15.3442  36.205857    28.7015     11.840  256.75931  257.03344     2.7350     8.9839 -9.990e-29
 143.413898     11.964    15.3442  36.208286    28.7036     11.857  256.75556  257.02967     4.2136     8.8262 -9.990e-29
 143.413900     11.964    15.3444  36.206100    28.7015     11.857  256.75834  257.03248     4.3226     8.8423 -9.990e-29
 143.413903     11.955    15.3437  36.207618    28.7033     11.848  256.75839  257.03248     4.3537     8.8504 -9.990e-29
 143.413906     11.946    15.3430  36.210046    28.7060     11.839  256.75763  257.03167     4.1980     8.8059 -9.990e-29
 143.413909     11.942    15.3421  36.210046    28.7067     11.835  256.76094  257.03493     4.3537     8.7776 -9.990e-29
 143.413912     11.959    15.3403  36.209440    28.7074     11.852  256.76882  257.04271     3.2486     8.8625 -9.990e-29
 143.413915     11.982    15.3399  36.205676    28.7066     11.875  256.77273  257.04661     3.1552     8.9596 -9.990e-29
 143.413918     12.026    15.3405  36.208104    28.7052     11.918  256.77199  257.04591     3.2408     8.9091 0.0000e+00
 143.413921     12.086    15.3411  36.205980    28.7046     11.978  256.77125  257.04520     3.1552     8.9394 0.0000e+00
 143.413924     12.152    15.3420  36.207619    28.7038     12.043  256.77125  257.04520     2.8906     8.9394 0.0000e+00
 143.413927     12.218    15.3423  36.180487    28.7032     12.108  256.76543  257.03943     2.7506     8.9394 0.0000e+00
 143.413929     12.282    15.3424  36.206527    28.7014     12.172  256.76814  257.04219     2.7506     8.9798 0.0000e+00
 143.413932     12.345    15.3425  36.204584    28.7028     12.235  256.76540  257.03942     2.7817     8.8989 0.0000e+00
 143.413935     12.391    15.3426  36.206345    28.7021     12.280  256.76634  257.04039     2.8361     8.7877 0.0000e+00
 143.413938     12.422    15.3427  36.205131    28.7028     12.311  256.76454  257.03858     2.8906     8.5957 -9.990e-29
 143.413941     12.433    15.3418  36.208288    28.7052     12.322  256.76516  257.03914     3.0619     8.5916 -9.990e-29
 143.413944     12.426    15.3414  36.207620    28.7049     12.315  256.76770  257.04166     3.0463     8.6725 -9.990e-29
 143.413947     12.413    15.3422  36.205859    28.7028     12.302  256.76741  257.04143     1.5833     9.3235 -9.990e-29
 143.413950     12.395    15.3441  36.199242    28.6956     12.284  256.77043  257.04459     1.4899     9.3276 -9.990e-29
 143.413953     12.377    15.3472  36.199727    28.6938     12.266  256.75762  257.03195     1.6455     9.3437 -9.990e-29
 143.413955     12.373    15.3509  36.198149    28.6896     12.262  256.74561  257.02015     1.5366     9.2790 -9.990e-29
 143.413958     12.377    15.3539  36.196631    28.6861     12.266  256.73652  257.01123     1.5210     9.3195 -9.990e-29
 143.413961     12.402    15.3583  36.193292    28.6813     12.291  256.72212  256.99709     2.7194     9.3235 -9.990e-29
 143.413964     12.446    15.3591  36.194870    28.6799     12.334  256.72068  256.99570     2.7817     9.3336 0.0000e+00
 143.413967     12.510    15.3599  36.192867    28.6813     12.398  256.71923  256.99430     2.7817     9.3235 0.0000e+00
 143.413970     12.581    15.3599  36.198573    28.6834     12.468  256.71094  256.98587     2.8440     9.3195 0.0000e+00
 143.413973     12.660    15.3584  36.201973    28.6874     12.546  256.71094  256.98587     3.0930     8.9192 0.0000e+00
 143.413976     12.729    15.3557  36.199728    28.6875     12.615  256.72500  256.99979     3.0930     8.8504 0.0000e+00
 143.413979     12.778    15.3548  36.202156    28.6891     12.663  256.72630  257.00104     3.0229     8.8848 0.0000e+00
 143.413981     12.814    15.3540  36.205252    28.6908     12.699  256.72759  257.00228     2.9529     8.8504 -9.990e-29
 143.413984     12.831    15.3508  36.204585    28.6952     12.716  256.73621  257.01071     4.4159     9.4570 -9.990e-29
 143.413987     12.827    15.3499  36.200821    28.6926     12.712  256.74565  257.02012     4.1825     9.4125 -9.990e-29
 143.413990     12.814    15.3491  36.206163    28.6978     12.699  256.74038  257.01477     4.3537     9.4448 -9.990e-29
 143.413993     12.796    15.3473  36.203675    28.6970     12.681  256.75115  257.02546     4.3070     9.4853 -9.990e-29
 143.413996     12.785    15.3461  36.202582    28.6969     12.670  256.75765  257.03191     3.8089     8.3409 -9.990e-29
 143.413999     12.765    15.3454  36.205860    28.7003     12.651  256.75527  257.02946     3.8556     8.3207 -9.990e-29
 143.414002     12.767    15.3445  36.203250    28.6987     12.652  256.76263  257.03679     3.9646     8.3935 -9.990e-29
 143.414005     12.787    15.3419  36.207439    28.7035     12.672  256.76772  257.04172     3.7000     8.3247 -9.990e-29
 143.414008     12.823    15.3413  36.206589    28.7042     12.708  256.76982  257.04378     3.4977     8.5633 0.0000e+00
 143.414010     12.872    15.3406  36.207197    28.7050     12.757  256.77193  257.04585     3.3420     8.8019 0.0000e+00
 143.414013     12.916    15.3401  36.208107    28.7058     12.801  256.77335  257.04723     3.3186     8.8039 0.0000e+00
 143.414016     12.955    15.3395  36.207622    28.7066     12.839  256.77476  257.04861     3.3420     8.8059 -9.990e-29
 143.414019     12.969    15.3377  36.206772    28.7066     12.853  256.78348  257.05725     3.2798     8.7817 -9.990e-29
