seaocn-cb/data/ctd_cnv/SBE19plus_01907321_2024_05_27_Cast75.cnv
* Sea-Bird SBE19plus  Data File:
* FileName = E:\Prandtl_Daten\2024\27052024\raw\SBE19plus_01907321_2024_05_27_Cast75.hex
* Software version 2.6.1.12
* Temperature SN = 7321
* Conductivity SN = 7321
* System UpLoad Time = May 27 2024 09:50:14
* <ApplicationData>
* <Seaterm232>
** 20240527
** Sea Practical 2024
** MCat 27.05 CTD_SP5
** NMEA Latitude = 54 7.781N
** NMEA Longitude = 008 25.579E
** waterdepth = 9.2m
** Merle
# nquan = 11
# nvalues = 339                         
# units = specified
# name 0 = timeJ: Julian Days
# name 1 = prdM: Pressure, Strain Gauge [db]
# name 2 = tv290C: Temperature [ITS-90, deg C]
# name 3 = c0mS/cm: Conductivity [mS/cm]
# name 4 = sal00: Salinity, Practical [PSU]
# name 5 = depSM: Depth [salt water, m], lat = 54.00
# name 6 = oxsatMm/Kg: Oxygen Saturation, Weiss [umol/kg]
# name 7 = oxsolMm/Kg: Oxygen Saturation, Garcia & Gordon [umol/kg]
# name 8 = turbWETntu0: Turbidity, WET Labs ECO [NTU]
# name 9 = flECO-AFL: Fluorescence, WET Labs ECO-AFL/FL [mg/m^3]
# name 10 = flag:  0.000e+00
# span 0 = 148.407046, 148.408024       
# span 1 =      0.305,      8.294       
# span 2 =    16.3602,    16.4423       
# span 3 =  36.909107,  36.978596       
# span 4 =    28.5765,    28.5973       
# span 5 =      0.303,      8.219       
# span 6 =  251.42584,  251.83070       
# span 7 =  251.75209,  252.15330       
# span 8 =    -1.8564,   104.2292       
# span 9 =     2.8941,     7.9891       
# span 10 = 0.0000e+00, 0.0000e+00      
# interval = seconds: 0.25
# start_time = May 27 2024 09:45:07 [Instrument's time stamp, header]
# bad_flag = -9.990e-29
*END*
[from data line 132]
 148.407428      3.755    16.4060  36.961039    28.5939      3.722  251.58184  251.90638    -1.0315     4.6410 -9.990e-29
 148.407431      3.772    16.4037  36.958775    28.5917      3.738  251.59726  251.92172    -1.2806     4.6046 -9.990e-29
 148.407433      3.808    16.4031  36.956510    28.5919      3.774  251.59985  251.92427    -1.1639     4.3518 0.0000e+00
 148.407436      3.850    16.4024  36.956082    28.5921      3.816  251.60243  251.92683    -1.2806     4.0991 0.0000e+00
 148.407439      3.892    16.4017  36.957490    28.5939      3.857  251.60243  251.92683    -1.1716     4.0910 0.0000e+00
 148.407442      3.938    16.4016  36.959021    28.5945      3.902  251.60284  251.92718    -1.2806     4.0910 0.0000e+00
 148.407445      3.978    16.4016  36.958103    28.5949      3.942  251.60200  251.92635    -1.2416     4.1213 0.0000e+00
 148.407448      4.007    16.4016  36.959449    28.5945      3.971  251.60284  251.92718    -1.3117     4.1557 -9.990e-29
 148.407451      4.031    16.4020  36.959021    28.5949      3.995  251.59971  251.92407    -0.0510     4.0223 -9.990e-29
 148.407454      4.034    16.4024  36.961531    28.5968      3.998  251.59481  251.91918    -0.2845     4.0789 -9.990e-29
 148.407457      4.036    16.4023  36.957246    28.5932      4.000  251.60143  251.92581    -0.2222     4.0587 -9.990e-29
 148.407459      4.031    16.4023  36.957001    28.5930      3.995  251.60178  251.92617    -0.1755     4.0385 -9.990e-29
 148.407462      4.031    16.4019  36.957919    28.5941      3.995  251.60194  251.92629     1.1786     4.3256 -9.990e-29
 148.407465      4.029    16.4018  36.954675    28.5913      3.993  251.60701  251.93139     1.0696     4.3458 -9.990e-29
 148.407468      4.038    16.4016  36.958593    28.5949      4.002  251.60215  251.92649     1.1786     4.3094 -9.990e-29
 148.407471      4.060    16.4014  36.959205    28.5920      4.024  251.60783  251.93218     0.7584     4.2407 -9.990e-29
 148.407474      4.095    16.4012  36.955165    28.5921      4.058  251.60888  251.93322     0.8128     4.2225 0.0000e+00
 148.407477      4.128    16.4009  36.954982    28.5920      4.091  251.60993  251.93426     0.8673     4.2245 0.0000e+00
 148.407480      4.173    16.4005  36.953574    28.5922      4.136  251.60993  251.93426     0.8673     4.2245 0.0000e+00
 148.407483      4.222    16.4005  36.957430    28.5945      4.184  251.60788  251.93217     0.7584     4.2285 0.0000e+00
 148.407486      4.273    16.4007  36.957675    28.5945      4.235  251.60788  251.93217     0.0735     4.3418 0.0000e+00
 148.407488      4.304    16.4008  36.955533    28.5937      4.266  251.60823  251.93254     0.0190     4.3499 0.0000e+00
 148.407491      4.337    16.4007  36.950882    28.5928      4.298  251.61012  251.93443    -0.0354     4.3418 -9.990e-29
 148.407494      4.357    16.3989  36.950209    28.5895      4.318  251.62461  251.94887     0.0268     4.3296 -9.990e-29
 148.407497      4.372    16.3976  36.954677    28.5942      4.333  251.62285  251.94702     3.3887     4.8796 -9.990e-29
 148.407500      4.390    16.3971  36.954983    28.5948      4.351  251.62422  251.94836     3.1864     4.8270 -9.990e-29
 148.407503      4.412    16.3968  36.954493    28.5946      4.372  251.62616  251.95028     3.3264     4.8472 -9.990e-29
 148.407506      4.430    16.3970  36.956636    28.5953      4.390  251.62423  251.94836     3.2953     4.8391 -9.990e-29
 148.407509      4.456    16.3972  36.955412    28.5939      4.416  251.62593  251.95008     2.4937     4.4914 0.0000e+00
 148.407512      4.483    16.3972  36.952290    28.5939      4.443  251.62593  251.95008     2.4937     4.4914 0.0000e+00
 148.407514      4.514    16.3973  36.956514    28.5924      4.473  251.62763  251.95180     1.6922     4.1436 -9.990e-29
 148.407517      4.537    16.3978  36.954983    28.5943      4.497  251.62159  251.94577     1.7389     4.1113 -9.990e-29
 148.407520      4.567    16.3979  36.957922    28.5967      4.526  251.61698  251.94114     1.6766     4.1760 -9.990e-29
 148.407523      4.585    16.3975  36.952474    28.5923      4.544  251.62652  251.95069     3.4354     4.2568 -9.990e-29
 148.407526      4.605    16.3971  36.954494    28.5943      4.564  251.62506  251.94920     3.7622     4.2771 -9.990e-29
 148.407529      4.612    16.3966  36.955535    28.5956      4.571  251.62564  251.94975     3.7934     4.2204 -9.990e-29
 148.407532      4.621    16.3962  36.956514    28.5968      4.580  251.62570  251.94979     3.4043     4.2973 -9.990e-29
 148.407535      4.627    16.3961  36.956086    28.5965      4.586  251.62664  251.95072     4.8984     4.5318 -9.990e-29
 148.407538      4.645    16.3961  36.955963    28.5963      4.604  251.62683  251.95091     5.0541     4.6127 -9.990e-29
 148.407541      4.663    16.3962  36.954311    28.5948      4.622  251.62867  251.95277     5.0541     4.5965 -9.990e-29
 148.407543      4.691    16.3962  36.951801    28.5927      4.649  251.63268  251.95680     5.0852     4.5601 -9.990e-29
 148.407546      4.713    16.3959  36.957249    28.5946      4.671  251.63064  251.95473     6.0035     4.6976 -9.990e-29
 148.407549      4.742    16.3958  36.953821    28.5955      4.699  251.62981  251.95389     5.9957     4.7057 0.0000e+00
 148.407552      4.771    16.3956  36.955780    28.5954      4.728  251.63064  251.95473     6.0035     4.6976 0.0000e+00
 148.407555      4.804    16.3953  36.954311    28.5958      4.761  251.63236  251.95642     5.9879     4.7138 0.0000e+00
 148.407558      4.848    16.3950  36.954495    28.5954      4.804  251.63302  251.95706     6.0035     4.7178 0.0000e+00
 148.407561      4.895    16.3949  36.952720    28.5958      4.851  251.63302  251.95706     8.4626     5.5468 0.0000e+00
 148.407564      4.928    16.3949  36.955658    28.5956      4.884  251.63410  251.95814     8.4782     5.5831 0.0000e+00
 148.407567      4.959    16.3949  36.956332    28.5969      4.915  251.63195  251.95598     8.4938     5.5468 -9.990e-29
 148.407569      4.973    16.3950  36.955965    28.5970      4.929  251.63092  251.95496     8.5871     5.5912 -9.990e-29
 148.407572      4.983    16.3953  36.955659    28.5965      4.938  251.63048  251.95452     7.2331     4.5197 -9.990e-29
 148.407575      4.986    16.3954  36.956087    28.5968      4.942  251.62924  251.95330     7.2642     4.4914 -9.990e-29
 148.407578      4.996    16.3957  36.953822    28.5947      4.951  251.63168  251.95576     7.2642     4.5075 -9.990e-29
 148.407581      5.012    16.3957  36.956760    28.5971      4.967  251.62706  251.95113     7.3420     4.4712 -9.990e-29
 148.407584      5.032    16.3960  36.954496    28.5963      4.987  251.62736  251.95144     8.6338     4.6572 -9.990e-29
 148.407587      5.065    16.3961  36.955965    28.5964      5.019  251.62695  251.95103     8.5949     4.6733 0.0000e+00
 148.407590      5.101    16.3961  36.956332    28.5963      5.056  251.62725  251.95134     8.5560     4.6572 0.0000e+00
 148.407593      5.143    16.3962  36.955659    28.5959      5.097  251.62725  251.95134     8.4938     4.6086 0.0000e+00
 148.407595      5.180    16.3962  36.953395    28.5949      5.133  251.62893  251.95303     7.9646     4.6045 0.0000e+00
 148.407598      5.217    16.3962  36.958108    28.5939      5.170  251.63061  251.95471     7.4354     4.6086 -9.990e-29
 148.407601      5.240    16.3962  36.954435    28.5947      5.193  251.62881  251.95291     7.3887     4.7380 -9.990e-29
 148.407604      5.257    16.3964  36.953823    28.5941      5.210  251.62912  251.95323     7.2642     4.6733 -9.990e-29
 148.407607      5.268    16.3963  36.954497    28.5947      5.221  251.62843  251.95254     7.4198     4.6572 -9.990e-29
 148.407610      5.273    16.3961  36.954680    28.5950      5.226  251.62907  251.95316    13.3187     4.7987 -9.990e-29
 148.407613      5.279    16.3961  36.953150    28.5937      5.231  251.63132  251.95543    13.1630     4.8391 -9.990e-29
 148.407616      5.295    16.3956  36.949968    28.5913      5.248  251.63783  251.96192    13.3187     4.8310 -9.990e-29
 148.407619      5.311    16.3949  36.948866    28.5908      5.264  251.64187  251.96594    13.2564     4.7906 -9.990e-29
 148.407622      5.333    16.3941  36.954987    28.5926      5.286  251.64323  251.96725    14.9529     4.7421 -9.990e-29
 148.407624      5.366    16.3938  36.950213    28.5932      5.318  251.64385  251.96786    14.8985     4.7542 0.0000e+00
 148.407627      5.406    16.3934  36.951009    28.5926      5.358  251.64448  251.96847    14.8595     4.7663 0.0000e+00
 148.407630      5.454    16.3930  36.947949    28.5933      5.405  251.64878  251.97273    14.8440     4.7663 0.0000e+00
 148.407633      5.501    16.3927  36.949969    28.5914      5.452  251.65052  251.97450    13.8012     4.6167 0.0000e+00
 148.407636      5.548    16.3926  36.945195    28.5913      5.499  251.65291  251.97687    13.6611     4.5945 0.0000e+00
 148.407639      5.587    16.3924  36.949112    28.5894      5.537  251.65704  251.98101    13.5210     4.5722 -9.990e-29
 148.407642      5.610    16.3916  36.946481    28.5911      5.560  251.65819  251.98211    13.4587     4.6450 -9.990e-29
 148.407645      5.620    16.3910  36.947031    28.5920      5.569  251.65949  251.98338    16.0268     4.8836 -9.990e-29
 148.407648      5.621    16.3907  36.949112    28.5940      5.571  251.65763  251.98149    16.1047     4.8876 -9.990e-29
 148.407650      5.614    16.3906  36.943482    28.5892      5.564  251.66622  251.99011    16.0268     4.9119 -9.990e-29
 148.407653      5.607    16.3907  36.945440    28.5908      5.557  251.66303  251.98691    15.9334     4.9443 -9.990e-29
 148.407656      5.611    16.3903  36.946848    28.5923      5.560  251.66247  251.98632    16.2292     4.9321 -9.990e-29
 148.407659      5.623    16.3899  36.944951    28.5909      5.573  251.66647  251.99032     8.6027     4.4388 -9.990e-29
 148.407662      5.647    16.3891  36.943421    28.5902      5.597  251.67177  251.99559     8.6805     4.4024 -9.990e-29
 148.407665      5.685    16.3890  36.943421    28.5898      5.635  251.67315  251.99696     8.7973     4.4307 0.0000e+00
 148.407668      5.725    16.3888  36.942381    28.5902      5.674  251.67177  251.99559     8.9140     4.4550 0.0000e+00
 148.407671      5.773    16.3885  36.945686    28.5915      5.721  251.67453  251.99834     9.1163     4.4550 0.0000e+00
 148.407674      5.822    16.3881  36.944095    28.5915      5.770  251.67477  251.99853     9.1941     4.4388 0.0000e+00
 148.407677      5.862    16.3878  36.943483    28.5914      5.810  251.67629  252.00004     9.2252     4.4064 0.0000e+00
 148.407679      5.899    16.3875  36.944585    28.5913      5.846  251.67780  252.00154     9.1941     4.3741 -9.990e-29
 148.407682      5.917    16.3866  36.941158    28.5900      5.864  251.68487  252.00857     6.2992     4.5278 -9.990e-29
 148.407685      5.931    16.3858  36.944340    28.5933      5.878  251.68290  252.00654     6.2525     4.5075 -9.990e-29
 148.407688      5.937    16.3853  36.944769    28.5940      5.884  251.68438  252.00799     6.3459     4.5399 -9.990e-29
 148.407691      5.939    16.3846  36.945197    28.5949      5.886  251.68615  252.00974     6.2525     4.4873 -9.990e-29
 148.407694      5.946    16.3845  36.940975    28.5913      5.893  251.69298  252.01658     8.2914     4.5197 -9.990e-29
 148.407697      5.955    16.3839  36.945932    28.5960      5.902  251.68779  252.01133     8.3070     4.5035 -9.990e-29
 148.407700      5.973    16.3836  36.938955    28.5952      5.920  251.69073  252.01427     8.1202     4.5197 -9.990e-29
 148.407703      6.006    16.3836  36.944769    28.5942      5.953  251.69241  252.01596     8.1280     4.4894 0.0000e+00
 148.407705      6.046    16.3836  36.942505    28.5933      5.992  251.69409  252.01764     8.1358     4.5197 0.0000e+00
 148.407708      6.086    16.3833  36.941710    28.5932      6.032  251.69531  252.01885    15.2331     4.8472 0.0000e+00
 148.407711      6.130    16.3833  36.942322    28.5927      6.075  251.69619  252.01973    15.2953     4.8553 0.0000e+00
 148.407714      6.176    16.3833  36.940058    28.5928      6.121  251.69560  252.01914    15.2953     4.8836 0.0000e+00
 148.407717      6.212    16.3834  36.941955    28.5928      6.157  251.69560  252.01914    15.4510     4.8998 0.0000e+00
 148.407720      6.241    16.3836  36.944097    28.5938      6.186  251.69283  252.01638    21.2253     5.0251 0.0000e+00
 148.407723      6.267    16.3836  36.943240    28.5942      6.211  251.69234  252.01589    21.2953     5.0636 0.0000e+00
 148.407726      6.294    16.3836  36.944097    28.5938      6.238  251.69283  252.01638    21.2253     5.0251 -9.990e-29
 148.407729      6.318    16.3844  36.942077    28.5922      6.262  251.69186  252.01545    21.3965     5.0898 -9.990e-29
 148.407731      6.342    16.3845  36.939813    28.5902      6.285  251.69461  252.01822    22.0191     5.1909 -9.990e-29
 148.407734      6.360    16.3845  36.940425    28.5907      6.303  251.69372  252.01733    21.8945     5.1505 -9.990e-29
 148.407737      6.376    16.3844  36.942322    28.5924      6.319  251.69154  252.01512    21.7545     5.1626 -9.990e-29
 148.407740      6.388    16.3843  36.942384    28.5925      6.330  251.69175  252.01534    22.0969     5.1747 -9.990e-29
 148.407743      6.389    16.3841  36.937794    28.5887      6.332  251.69912  252.02272    30.3303     5.2718 -9.990e-29
 148.407746      6.397    16.3841  36.936448    28.5876      6.339  251.70141  252.02502    30.2681     5.2758 -9.990e-29
 148.407749      6.409    16.3837  36.939140    28.5901      6.352  251.69865  252.02223    30.1903     5.2273 -9.990e-29
 148.407752      6.431    16.3832  36.939814    28.5909      6.374  251.70015  252.02370    30.1903     5.2394 -9.990e-29
 148.407755      6.457    16.3830  36.939569    28.5904      6.399  251.70204  252.02558    30.5950     5.3728 0.0000e+00
 148.407758      6.492    16.3828  36.938039    28.5901      6.434  251.70393  252.02747    30.9685     5.5063 0.0000e+00
 148.407760      6.523    16.3826  36.938223    28.5901      6.464  251.70428  252.02781    30.9685     5.5063 0.0000e+00
 148.407763      6.556    16.3823  36.938223    28.5903      6.497  251.70501  252.02850    30.7973     5.5063 0.0000e+00
 148.407766      6.585    16.3820  36.939386    28.5907      6.526  251.70550  252.02901    30.7039     5.5225 0.0000e+00
 148.407769      6.612    16.3819  36.938223    28.5911      6.553  251.70632  252.02981    28.0814     5.7126 0.0000e+00
 148.407772      6.638    16.3817  36.939141    28.5907      6.578  251.70764  252.03112    25.3654     5.9026 -9.990e-29
 148.407775      6.659    16.3811  36.934858    28.5882      6.600  251.71474  252.03821    25.3342     5.8824 -9.990e-29
 148.407778      6.678    16.3810  36.938468    28.5914      6.618  251.71003  252.03347    25.3965     5.9107 -9.990e-29
 148.407781      6.692    16.3808  36.936449    28.5898      6.632  251.71361  252.03706    17.3187     4.8917 -9.990e-29
 148.407784      6.709    16.3809  36.937183    28.5904      6.649  251.71224  252.03569    17.4276     4.8472 -9.990e-29
 148.407786      6.730    16.3812  36.938897    28.5896      6.670  251.71188  252.03534    17.2875     4.8472 -9.990e-29
 148.407789      6.763    16.3814  36.936633    28.5894      6.703  251.71118  252.03465    20.8517     4.9968 0.0000e+00
 148.407792      6.803    16.3816  36.936572    28.5896      6.743  251.71048  252.03397    24.1980     5.1464 0.0000e+00
 148.407795      6.849    16.3819  36.941835    28.5907      6.788  251.70527  252.02877    24.4159     5.1586 0.0000e+00
 148.407798      6.898    16.3822  36.938714    28.5907      6.836  251.70442  252.02793    24.4159     5.1667 0.0000e+00
 148.407801      6.936    16.3824  36.938898    28.5907      6.874  251.70442  252.02793    24.4159     5.1667 0.0000e+00
