seaocn-cb/data/ctd_cnv/SBE19plus_01907321_2024_05_27_Cast74.cnv
* Sea-Bird SBE19plus  Data File:
* FileName = E:\Prandtl_Daten\2024\27052024\raw\SBE19plus_01907321_2024_05_27_Cast74.hex
* Software version 2.6.1.12
* Temperature SN = 7321
* Conductivity SN = 7321
* System UpLoad Time = May 27 2024 09:38:42
* <ApplicationData>
* <Seaterm232>
** 20240527
** Sea Practical 2024
** MCat 27.05 CTD_SP5
** NMEA Latitude = 54 7.781N
** NMEA Longitude = 008 25.579E
** waterdepth = 8.7m
** Merle
# nquan = 11
# nvalues = 348                         
# units = specified
# name 0 = timeJ: Julian Days
# name 1 = prdM: Pressure, Strain Gauge [db]
# name 2 = tv290C: Temperature [ITS-90, deg C]
# name 3 = c0mS/cm: Conductivity [mS/cm]
# name 4 = sal00: Salinity, Practical [PSU]
# name 5 = depSM: Depth [salt water, m], lat = 54.00
# name 6 = oxsatMm/Kg: Oxygen Saturation, Weiss [umol/kg]
# name 7 = oxsolMm/Kg: Oxygen Saturation, Garcia & Gordon [umol/kg]
# name 8 = turbWETntu0: Turbidity, WET Labs ECO [NTU]
# name 9 = flECO-AFL: Fluorescence, WET Labs ECO-AFL/FL [mg/m^3]
# name 10 = flag:  0.000e+00
# span 0 = 148.396878, 148.397882       
# span 1 =      0.687,      7.894       
# span 2 =    16.3486,    16.4840       
# span 3 =  36.848684,  36.989554       
# span 4 =    28.5487,    28.5831       
# span 5 =      0.681,      7.824       
# span 6 =  251.25054,  251.91683       
# span 7 =  251.57876,  252.23909       
# span 8 =    -2.0822,    95.2331       
# span 9 =     3.1691,     7.8355       
# span 10 = 0.0000e+00, 0.0000e+00      
# interval = seconds: 0.25
# start_time = May 27 2024 09:30:05 [Instrument's time stamp, header]
# bad_flag = -9.990e-29
*END*
[from data line 263]
 148.397639      7.807    16.3496  36.893324    28.5747      7.737  251.89438  252.21653    62.3303     7.1116 -9.990e-29
 148.397642      7.789    16.3500  36.894548    28.5755      7.719  251.89136  252.21352    62.2992     7.1723 -9.990e-29
 148.397645      7.783    16.3503  36.892651    28.5736      7.714  251.89295  252.21514    62.4237     7.1400 -9.990e-29
 148.397648      7.780    16.3504  36.889899    28.5712      7.710  251.89641  252.21862    78.5794     7.1925 -9.990e-29
 148.397650      7.789    16.3506  36.893691    28.5743      7.719  251.89021  252.21241    78.2992     7.8355 -9.990e-29
 148.397653      7.803    16.3507  36.890816    28.5718      7.733  251.89416  252.21638    78.3770     7.8355 -9.990e-29
 148.397656      7.823    16.3510  36.893080    28.5735      7.753  251.88963  252.21185    78.3770     7.8274 -9.990e-29
 148.397659      7.849    16.3512  36.891306    28.5718      7.779  251.89166  252.21390    78.3770     7.8233 -9.990e-29
 148.397662      7.873    16.3512  36.892835    28.5731      7.802  251.88941  252.21165    75.9801     7.0672 -9.990e-29
 148.397665      7.889    16.3517  36.891306    28.5714      7.819  251.88957  252.21184    76.0424     7.0550 -9.990e-29
 148.397668      7.893    16.3521  36.893263    28.5729      7.822  251.88548  252.20775    75.9023     7.0146 -9.990e-29
 148.397671      7.882    16.3524  36.888798    28.5688      7.811  251.89086  252.21318    75.9801     7.0550 -9.990e-29
 148.397674      7.864    16.3525  36.889471    28.5693      7.793  251.88925  252.21157    50.5638     6.3838 -9.990e-29
 148.397677      7.836    16.3526  36.891489    28.5709      7.766  251.88596  252.20827    50.7350     6.3797 -9.990e-29
 148.397679      7.803    16.3526  36.892835    28.5721      7.733  251.88395  252.20626    50.8440     6.3353 -9.990e-29
 148.397682      7.776    16.3525  36.889899    28.5697      7.706  251.88888  252.21119    50.5482     6.2948 -9.990e-29
 148.397685      7.758    16.3525  36.892590    28.5720      7.688  251.88489  252.20719    46.4704     6.1210 -9.990e-29
 148.397688      7.752    16.3522  36.891978    28.5717      7.683  251.88670  252.20899    46.4860     6.1129 -9.990e-29
 148.397691      7.756    16.3521  36.890816    28.5708      7.687  251.88902  252.21130    46.5015     6.1735 -9.990e-29
 148.397694      7.776    16.3516  36.887208    28.5680      7.707  251.89586  252.21815    46.5015     6.1533 -9.990e-29
 148.397697      7.800    16.3518  36.888370    28.5689      7.730  251.89355  252.21585    46.4393     6.1290 -9.990e-29
 148.397700      7.833    16.3518  36.891734    28.5717      7.763  251.88861  252.21088    64.0113     6.2423 -9.990e-29
 148.397703      7.856    16.3517  36.888492    28.5690      7.786  251.89371  252.21599    63.9334     6.2544 -9.990e-29
 148.397705      7.875    16.3518  36.891061    28.5711      7.804  251.88962  252.21190    63.9023     6.2140 -9.990e-29
 148.397708      7.876    16.3518  36.881336    28.5628      7.806  251.90398  252.22631    64.0268     6.2544 -9.990e-29
 148.397711      7.867    16.3520  36.892590    28.5723      7.797  251.88676  252.20903    57.5521     6.0118 -9.990e-29
 148.397714      7.853    16.3519  36.891979    28.5719      7.782  251.88796  252.21023    57.3965     6.0401 -9.990e-29
 148.397717      7.825    16.3518  36.894670    28.5743      7.755  251.88427  252.20652    57.3809     5.9996 -9.990e-29
 148.397720      7.796    16.3516  36.892162    28.5723      7.726  251.88886  252.21112    57.4743     6.0239 -9.990e-29
 148.397723      7.767    16.3512  36.892406    28.5727      7.697  251.88969  252.21193    48.1825     5.7328 -9.990e-29
 148.397726      7.747    16.3508  36.893079    28.5736      7.678  251.89019  252.21240    48.2292     5.7611 -9.990e-29
 148.397729      7.740    16.3508  36.894119    28.5746      7.670  251.88895  252.21116    48.3226     5.7570 -9.990e-29
 148.397731      7.747    16.3508  36.892651    28.5732      7.678  251.89082  252.21304    48.4938     5.7651 -9.990e-29
 148.397734      7.769    16.3509  36.893079    28.5729      7.699  251.89100  252.21322    55.7311     6.2867 -9.990e-29
 148.397737      7.800    16.3508  36.892345    28.5729      7.730  251.89160  252.21381    55.6144     6.3070 0.0000e+00
 148.397740      7.833    16.3508  36.892162    28.5729      7.763  251.89160  252.21381    55.6144     6.3070 0.0000e+00
 148.397743      7.865    16.3507  36.848684    28.5729      7.795  251.89219  252.21440    55.4976     6.3272 -9.990e-29
 148.397746      7.884    16.3509  36.891734    28.5724      7.813  251.89195  252.21418    55.8401     6.2584 -9.990e-29
 148.397749      7.889    16.3510  36.893508    28.5738      7.819  251.88903  252.21125    63.3264     6.6466 -9.990e-29
 148.397752      7.869    16.3512  36.891734    28.5722      7.799  251.89104  252.21328    63.4821     6.5658 -9.990e-29
 148.397755      7.844    16.3512  36.892835    28.5731      7.773  251.88940  252.21163    63.4976     6.6224 -9.990e-29
 148.397758      7.809    16.3512  36.893324    28.5736      7.739  251.88866  252.21089    63.4043     6.5617 -9.990e-29
 148.397760      7.776    16.3510  36.891306    28.5720      7.706  251.89222  252.21445    65.0541     6.1857 -9.990e-29
 148.397763      7.747    16.3508  36.893018    28.5736      7.678  251.89058  252.21279    64.9451     6.2544 -9.990e-29
 148.397766      7.738    16.3505  36.892406    28.5733      7.669  251.89238  252.21458    64.7895     6.2504 -9.990e-29
 148.397769      7.745    16.3501  36.893997    28.5749      7.676  251.89154  252.21372    64.8050     6.2504 -9.990e-29
 148.397772      7.763    16.3500  36.895159    28.5760      7.694  251.89044  252.21260    92.3070     6.6385 -9.990e-29
 148.397775      7.794    16.3499  36.892835    28.5741      7.725  251.89419  252.21636    92.3537     6.6345 -9.990e-29
 148.397778      7.833    16.3501  36.893324    28.5743      7.763  251.89258  252.21476    92.4004     6.6102 -9.990e-29
 148.397781      7.862    16.3500  36.893447    28.5745      7.791  251.89272  252.21489    92.3692     6.6345 -9.990e-29
 148.397784      7.882    16.3504  36.893324    28.5741      7.811  251.89171  252.21390    95.1085     6.1371 -9.990e-29
 148.397786      7.887    16.3509  36.891979    28.5726      7.817  251.89159  252.21382    95.1397     6.1290 -9.990e-29
 148.397789      7.884    16.3509  36.890633    28.5714      7.813  251.89357  252.21581    95.1397     6.1816 -9.990e-29
 148.397792      7.865    16.3512  36.889899    28.5706      7.795  251.89344  252.21570    95.2331     6.1857 -9.990e-29
 148.397795      7.847    16.3513  36.890878    28.5713      7.777  251.89169  252.21394    95.0930     6.1371 -9.990e-29
 148.397798      7.818    16.3515  36.890572    28.5710      7.748  251.89152  252.21378    41.4899     5.9633 -9.990e-29
 148.397801      7.800    16.3515  36.889715    28.5702      7.730  251.89277  252.21504    41.3031     5.9633 -9.990e-29
 148.397804      7.785    16.3512  36.893018    28.5733      7.715  251.88909  252.21133    41.3187     5.9390 -9.990e-29
 148.397807      7.785    16.3508  36.891489    28.5723      7.715  251.89286  252.21508    41.3342     5.9471 -9.990e-29
 148.397810      7.789    16.3503  36.891734    28.5728      7.719  251.89431  252.21650    53.6455     6.7437 -9.990e-29
 148.397812      7.803    16.3500  36.877300    28.5607      7.734  251.91683  252.23909    53.8634     6.7801 -9.990e-29
 148.397815      7.816    16.3496  36.893753    28.5750      7.746  251.89375  252.21590    53.7545     6.7599 -9.990e-29
 148.397818      7.834    16.3493  36.893997    28.5755      7.764  251.89460  252.21674    53.5833     6.7275 -9.990e-29
 148.397821      7.838    16.3493  36.894548    28.5759      7.768  251.89379  252.21592    53.0696     6.2787 -9.990e-29
 148.397824      7.827    16.3493  36.892652    28.5743      7.757  251.89659  252.21873    53.1163     6.2746 -9.990e-29
 148.397827      7.816    16.3492  36.892835    28.5745      7.746  251.89661  252.21875    53.0852     6.2948 -9.990e-29
 148.397830      7.802    16.3492  36.892835    28.5745      7.732  251.89660  252.21874    52.9451     6.3029 -9.990e-29
 148.397833      7.792    16.3492  36.892835    28.5746      7.723  251.89690  252.21903    69.9101     6.6992 -9.990e-29
 148.397836      7.789    16.3492  36.894425    28.5760      7.719  251.89455  252.21667    70.0346     6.6102 -9.990e-29
 148.397839      7.796    16.3493  36.893263    28.5749      7.726  251.89567  252.21780    69.8634     6.6224 -9.990e-29
 148.397841      7.809    16.3494  36.892652    28.5743      7.739  251.89628  252.21842    69.9101     6.6830 -9.990e-29
 148.397844      7.818    16.3496  36.892407    28.5739      7.748  251.89604  252.21819    69.6766     6.6749 -9.990e-29
 148.397847      7.827    16.3498  36.891734    28.5732      7.757  251.89613  252.21830    56.8206     6.9782 -9.990e-29
 148.397850      7.831    16.3499  36.893324    28.5745      7.761  251.89349  252.21565    56.5560     6.9782 -9.990e-29
 148.397853      7.829    16.3500  36.892652    28.5739      7.759  251.89418  252.21635    56.8984     7.0389 -9.990e-29
 148.397856      7.823    16.3500  36.893018    28.5742      7.753  251.89363  252.21580    56.8984     6.9944 -9.990e-29
 148.397859      7.809    16.3499  36.891061    28.5725      7.739  251.89682  252.21899    45.1319     5.7692 -9.990e-29
 148.397862      7.792    16.3498  36.892651    28.5740      7.723  251.89476  252.21693    44.8984     5.7611 -9.990e-29
 148.397865      7.789    16.3499  36.892835    28.5741      7.719  251.89419  252.21635    45.1786     5.8056 -9.990e-29
 148.397867      7.787    16.3497  36.893080    28.5744      7.717  251.89443  252.21659    45.1008     5.7732 -9.990e-29
 148.397870      7.792    16.3495  36.893508    28.5749      7.722  251.89470  252.21685    44.1980     5.9066 -9.990e-29
 148.397873      7.812    16.3490  36.892346    28.5753      7.742  251.89653  252.21865    44.4159     5.9390 -9.990e-29
 148.397876      7.840    16.3490  36.893508    28.5757      7.769  251.89602  252.21813    44.2370     5.9551 0.0000e+00
 148.397879      7.867    16.3490  36.894426    28.5753      7.797  251.89653  252.21865    44.4159     5.9713 0.0000e+00
 148.397882      7.894    16.3490  36.893019    28.5748      7.824  251.89729  252.21941    52.4315     6.3474 0.0000e+00
