seaocn-cb/data/ctd_cnv/SBE19plus_01907321_2024_05_30_Cast114.cnv
* Sea-Bird SBE19plus  Data File:
* FileName = E:\Prandtl_Daten\2024\30052024\raw\SBE19plus_01907321_2024_05_30_Cast114.hex
* Software version 2.6.1.12
* Temperature SN = 7321
* Conductivity SN = 7321
* System UpLoad Time = May 30 2024 08:56:26
* <ApplicationData>
* <Seaterm232>
** 20240529
** Sea Practical 2024
** MCat 30.05 CTD_SP8
** NMEA Latitude = 54 08.509N
** NMEA Longitude = 008 17.957E
** waterdepth = 14.7m
** Isabelle
# nquan = 11
# nvalues = 442                         
# units = specified
# name 0 = timeJ: Julian Days
# name 1 = prdM: Pressure, Strain Gauge [db]
# name 2 = tv290C: Temperature [ITS-90, deg C]
# name 3 = c0mS/cm: Conductivity [mS/cm]
# name 4 = sal00: Salinity, Practical [PSU]
# name 5 = depSM: Depth [salt water, m], lat = 54.00
# name 6 = oxsatMm/Kg: Oxygen Saturation, Weiss [umol/kg]
# name 7 = oxsolMm/Kg: Oxygen Saturation, Garcia & Gordon [umol/kg]
# name 8 = turbWETntu0: Turbidity, WET Labs ECO [NTU]
# name 9 = flECO-AFL: Fluorescence, WET Labs ECO-AFL/FL [mg/m^3]
# name 10 = flag:  0.000e+00
# span 0 = 151.368906, 151.370182       
# span 1 =      0.620,     13.838       
# span 2 =    15.1461,    15.3507       
# span 3 =  38.055147,  38.155867       
# span 4 =    30.4036,    30.5247       
# span 5 =      0.614,     13.714       
# span 6 =  253.71489,  254.57944       
# span 7 =  253.97612,  254.82944       
# span 8 =    -3.5218,     6.5794       
# span 9 =     1.3616,     6.1007       
# span 10 = 0.0000e+00, 0.0000e+00      
# interval = seconds: 0.25
# start_time = May 30 2024 08:49:52 [Instrument's time stamp, header]
# bad_flag = -9.990e-29
*END*
[from data line 263]
 151.369667      8.597    15.1950  38.060473    30.4553      8.520  254.44652  254.69957    -1.1716     5.0939 0.0000e+00
 151.369670      8.643    15.1950  38.059606    30.4558      8.565  254.44612  254.69916    -1.1950     4.6410 0.0000e+00
 151.369673      8.676    15.1951  38.058368    30.4553      8.598  254.44652  254.69957    -1.2494     4.1881 -9.990e-29
 151.369676      8.697    15.1958  38.058925    30.4542      8.620  254.44500  254.69810    -1.1560     4.2326 -9.990e-29
 151.369679      8.703    15.1963  38.062146    30.4566      8.625  254.43797  254.69107    -1.1872     4.2407 -9.990e-29
 151.369682      8.705    15.1962  38.059359    30.4543      8.627  254.44288  254.69600    -1.1716     4.2488 -9.990e-29
 151.369685      8.705    15.1958  38.060288    30.4553      8.627  254.44260  254.69569    -0.4401     4.5844 -9.990e-29
 151.369688      8.699    15.1956  38.059545    30.4548      8.622  254.44462  254.69770    -0.2066     4.5358 -9.990e-29
 151.369690      8.707    15.1951  38.055147    30.4513      8.629  254.45349  254.70658    -0.3467     4.5642 -9.990e-29
 151.369693      8.718    15.1945  38.058058    30.4544      8.640  254.45129  254.70432    -0.5335     4.5722 -9.990e-29
 151.369696      8.741    15.1937  38.061217    30.4554      8.663  254.45355  254.70653    -0.6424     4.5439 -9.990e-29
 151.369699      8.781    15.1933  38.058492    30.4563      8.703  254.45386  254.70682    -0.7591     4.5297 0.0000e+00
 151.369702      8.833    15.1930  38.059793    30.4554      8.754  254.45417  254.70710    -0.6424     4.5399 0.0000e+00
 151.369705      8.896    15.1928  38.057564    30.4571      8.817  254.45435  254.70723    -0.8759     4.5399 0.0000e+00
 151.369708      8.955    15.1923  38.061404    30.4590      8.874  254.45826  254.71120    -1.0471     4.6572 0.0000e+00
 151.369711      9.015    15.1909  38.061900    30.4603      8.934  254.45883  254.71163    -1.0471     4.6572 0.0000e+00
 151.369714      9.062    15.1893  38.060290    30.4605      8.981  254.46745  254.72017    -1.0471     4.6208 0.0000e+00
 151.369716      9.111    15.1876  38.062954    30.4640      9.030  254.46889  254.72138    -1.0315     4.6208 0.0000e+00
 151.369719      9.153    15.1862  38.066857    30.4660      9.071  254.46972  254.72231    -0.5802     4.4914 0.0000e+00
 151.369722      9.190    15.1858  38.063636    30.4685      9.108  254.47414  254.72658    -0.5024     4.4348 0.0000e+00
 151.369725      9.221    15.1855  38.065928    30.4673      9.138  254.47476  254.72722    -0.4479     4.4246 0.0000e+00
 151.369728      9.246    15.1852  38.066548    30.4685      9.164  254.47414  254.72658    -0.3156     4.4145 -9.990e-29
 151.369731      9.268    15.1841  38.064751    30.4682      9.185  254.48006  254.73244    -0.5024     4.4631 -9.990e-29
 151.369734      9.286    15.1837  38.062831    30.4668      9.203  254.48451  254.73688    -0.7825     5.5185 -9.990e-29
 151.369737      9.305    15.1831  38.065185    30.4694      9.221  254.48317  254.73550    -0.8759     5.5225 -9.990e-29
 151.369740      9.330    15.1828  38.063389    30.4680      9.247  254.48714  254.73946    -0.9381     5.5387 -9.990e-29
 151.369742      9.352    15.1821  38.067539    30.4715      9.268  254.48458  254.73683    -0.3778     4.8715 -9.990e-29
 151.369745      9.379    15.1821  38.066734    30.4715      9.295  254.48458  254.73683    -0.3778     4.8715 0.0000e+00
 151.369748      9.405    15.1821  38.066734    30.4715      9.321  254.48458  254.73683    -0.3778     4.8715 -9.990e-29
 151.369751      9.427    15.1811  38.066858    30.4724      9.343  254.48818  254.74038    -0.4401     4.8432 -9.990e-29
 151.369754      9.445    15.1811  38.065867    30.4715      9.361  254.48973  254.74194    -0.3778     4.8432 -9.990e-29
 151.369757      9.458    15.1808  38.066859    30.4726      9.373  254.48907  254.74125     0.3848     5.3001 -9.990e-29
 151.369760      9.473    15.1804  38.067664    30.4736      9.388  254.48927  254.74143     0.3070     5.3244 -9.990e-29
 151.369763      9.485    15.1800  38.070142    30.4761      9.401  254.48687  254.73899     0.5093     5.3729 -9.990e-29
 151.369766      9.495    15.1800  38.068717    30.4749      9.410  254.48939  254.74151     0.4626     5.3082 -9.990e-29
 151.369769      9.502    15.1800  38.071009    30.4769      9.417  254.48553  254.73764     1.9879     5.4052 -9.990e-29
 151.369771      9.518    15.1800  38.071257    30.4771      9.433  254.48516  254.73727     2.2214     5.3769 -9.990e-29
 151.369774      9.540    15.1784  38.070576    30.4767      9.455  254.49407  254.74610     2.0502     5.3729 -9.990e-29
 151.369777      9.577    15.1774  38.069461    30.4786      9.491  254.49588  254.74784     2.0113     5.3628 0.0000e+00
 151.369780      9.635    15.1764  38.072002    30.4805      9.549  254.49769  254.74958     1.9724     5.3527 0.0000e+00
 151.369783      9.706    15.1738  38.070763    30.4814      9.619  254.50922  254.76098    -0.0354     4.8796 0.0000e+00
 151.369786      9.786    15.1719  38.071879    30.4839      9.699  254.51478  254.76642    -0.1132     4.8796 0.0000e+00
 151.369789      9.868    15.1705  38.071507    30.4846      9.780  254.52062  254.77218    -0.1132     4.8957 0.0000e+00
 151.369792      9.940    15.1694  38.072375    30.4862      9.851  254.52235  254.77380    -0.1132     4.8957 0.0000e+00
 151.369795     10.005    15.1689  38.074358    30.4877      9.916  254.52337  254.77486     0.3537     4.3620 0.0000e+00
 151.369797     10.053    15.1688  38.073615    30.4880      9.963  254.52309  254.77454     0.3614     4.3519 0.0000e+00
 151.369800     10.084    15.1688  38.073677    30.4877      9.994  254.52383  254.77528     0.3537     4.3620 -9.990e-29
 151.369803     10.098    15.1673  38.072810    30.4881     10.008  254.53061  254.78198     0.4004     4.3498 -9.990e-29
 151.369806     10.091    15.1666  38.073863    30.4897     10.001  254.53187  254.78318     0.9607     5.2435 -9.990e-29
 151.369809     10.075    15.1662  38.076403    30.4922      9.984  254.52935  254.78063     0.8517     5.2030 -9.990e-29
 151.369812     10.051    15.1660  38.074792    30.4910      9.961  254.53271  254.78399     0.7272     5.1909 -9.990e-29
 151.369815     10.040    15.1659  38.075288    30.4915      9.950  254.53222  254.78349     0.7895     5.2435 -9.990e-29
 151.369818     10.035    15.1660  38.074792    30.4910      9.945  254.53270  254.78398     0.9296     4.9928 -9.990e-29
 151.369821     10.047    15.1659  38.074111    30.4904      9.958  254.53406  254.78534     0.7272     4.8917 -9.990e-29
 151.369823     10.066    15.1651  38.074606    30.4926      9.976  254.53419  254.78541     0.9296     4.9321 -9.990e-29
 151.369826     10.093    15.1649  38.075907    30.4925     10.003  254.53555  254.78676     0.9063     4.9059 0.0000e+00
 151.369829     10.135    15.1646  38.075288    30.4926     10.044  254.53692  254.78811     0.8829     4.8796 0.0000e+00
 151.369832     10.190    15.1639  38.075722    30.4924     10.099  254.53888  254.79003     0.7739     4.8513 0.0000e+00
 151.369835     10.241    15.1636  38.073864    30.4931     10.149  254.54326  254.79440     0.7739     4.8472 0.0000e+00
 151.369838     10.303    15.1629  38.074608    30.4931     10.211  254.54326  254.79440     0.7895     4.8270 0.0000e+00
 151.369841     10.350    15.1625  38.076838    30.4953     10.257  254.54248  254.79353     0.7895     4.8270 0.0000e+00
 151.369844     10.390    15.1624  38.077396    30.4956     10.297  254.54247  254.79352     0.2914     4.7704 0.0000e+00
 151.369847     10.429    15.1623  38.075042    30.4960     10.335  254.54248  254.79353    -0.2066     4.7138 -9.990e-29
 151.369850     10.445    15.1627  38.074608    30.4932     10.351  254.54541  254.79650    -0.2378     4.7461 -9.990e-29
 151.369852     10.458    15.1631  38.075042    30.4933     10.364  254.54329  254.79440     0.0424     4.7866 -9.990e-29
 151.369855     10.472    15.1631  38.074794    30.4931     10.379  254.54369  254.79480     0.1825     5.2880 -9.990e-29
 151.369858     10.489    15.1636  38.075042    30.4929     10.395  254.54157  254.79271     0.0891     5.3405 -9.990e-29
 151.369861     10.509    15.1638  38.071263    30.4935     10.415  254.53938  254.79053     0.0580     5.3405 -9.990e-29
 151.369864     10.538    15.1638  38.075909    30.4926     10.444  254.54099  254.79214     0.8051     5.3628 0.0000e+00
 151.369867     10.582    15.1638  38.073865    30.4935     10.487  254.53973  254.79087     1.4587     5.3608 0.0000e+00
 151.369870     10.629    15.1637  38.075910    30.4935     10.534  254.54131  254.79241     1.5521     5.3850 0.0000e+00
 151.369873     10.686    15.1630  38.076591    30.4946     10.590  254.54131  254.79241     1.5210     5.3931 0.0000e+00
 151.369876     10.744    15.1625  38.077831    30.4959     10.648  254.54144  254.79250     1.5521     5.3931 0.0000e+00
 151.369878     10.797    15.1622  38.077273    30.4962     10.700  254.54218  254.79322     1.5210     5.3324 0.0000e+00
 151.369881     10.842    15.1622  38.077955    30.4962     10.745  254.54284  254.79388     0.4782     4.8634 0.0000e+00
 151.369884     10.874    15.1622  38.075043    30.4964     10.776  254.54218  254.79322    -0.5957     4.3943 -9.990e-29
 151.369887     10.894    15.1625  38.071884    30.4907     10.796  254.55051  254.80161    -0.5179     4.3660 -9.990e-29
 151.369890     10.903    15.1627  38.074176    30.4927     10.805  254.54637  254.79746    -0.3467     4.3498 -9.990e-29
 151.369893     10.897    15.1631  38.075725    30.4937     10.800  254.54250  254.79361    -0.1911     4.7219 -9.990e-29
 151.369896     10.901    15.1633  38.073928    30.4920     10.803  254.54443  254.79557    -0.3467     4.6976 -9.990e-29
 151.369899     10.903    15.1636  38.074795    30.4925     10.805  254.54221  254.79335    -0.2845     4.7340 -9.990e-29
 151.369902     10.910    15.1640  38.073494    30.4910     10.812  254.54251  254.79368    -0.0977     4.6855 -9.990e-29
 151.369905     10.921    15.1642  38.073061    30.4905     10.823  254.54261  254.79380     1.1941     5.1424 -9.990e-29
 151.369907     10.941    15.1644  38.074114    30.4917     10.843  254.53936  254.79055     0.9607     5.1950 -9.990e-29
 151.369910     10.972    15.1644  38.074610    30.4908     10.874  254.54097  254.79216     1.0230     5.2051 0.0000e+00
 151.369913     11.007    15.1644  38.072566    30.4917     10.908  254.54124  254.79241     0.9607     5.1950 0.0000e+00
 151.369916     11.047    15.1640  38.074362    30.4918     10.948  254.54127  254.79241     0.6961     5.0777 0.0000e+00
 151.369919     11.092    15.1636  38.075292    30.4929     10.993  254.54127  254.79241     0.6650     5.0090 0.0000e+00
 151.369922     11.147    15.1632  38.075726    30.4936     11.047  254.54230  254.79336     0.6338     5.0090 0.0000e+00
 151.369925     11.191    15.1625  38.077275    30.4954     11.091  254.54237  254.79348     0.6338     5.0090 0.0000e+00
 151.369928     11.238    15.1623  38.077089    30.4954     11.138  254.54348  254.79454     0.6494     5.0090 0.0000e+00
 151.369931     11.287    15.1622  38.074549    30.4954     11.186  254.54403  254.79505     2.1124     4.8472 0.0000e+00
 151.369933     11.333    15.1619  38.077709    30.4963     11.232  254.54415  254.79515     2.1124     4.8351 0.0000e+00
 151.369936     11.377    15.1616  38.078391    30.4971     11.275  254.54415  254.79515     2.1124     4.8108 0.0000e+00
 151.369939     11.410    15.1613  38.078329    30.4973     11.308  254.54522  254.79621     2.0968     4.7886 0.0000e+00
 151.369942     11.441    15.1611  38.077710    30.4974     11.338  254.54629  254.79727     2.2058     4.7663 -9.990e-29
 151.369945     11.459    15.1603  38.078391    30.4981     11.356  254.54912  254.80005     1.8167     5.0211 -9.990e-29
 151.369948     11.477    15.1596  38.080684    30.5007     11.374  254.54817  254.79904     1.8012     4.9928 -9.990e-29
 151.369951     11.492    15.1595  38.081117    30.5012     11.389  254.54808  254.79894     1.9257     4.9806 -9.990e-29
 151.369954     11.503    15.1594  38.082542    30.5025     11.400  254.54616  254.79701     1.6922     5.6600 -9.990e-29
 151.369957     11.517    15.1591  38.083100    30.5032     11.414  254.54617  254.79700     1.5988     5.6034 -9.990e-29
 151.369959     11.537    15.1588  38.081551    30.5020     11.434  254.54975  254.80057     1.4120     5.6883 -9.990e-29
 151.369962     11.555    15.1585  38.083472    30.5040     11.452  254.54793  254.79872     1.5210     5.6883 -9.990e-29
 151.369965     11.585    15.1581  38.082853    30.5038     11.481  254.55065  254.80142     1.7545     5.2920 -9.990e-29
 151.369968     11.609    15.1579  38.083968    30.5000     11.505  254.55793  254.80871     1.4899     5.2718 -9.990e-29
 151.369971     11.641    15.1579  38.078578    30.5022     11.537  254.55437  254.80513     1.4588     5.2880 0.0000e+00
 151.369974     11.676    15.1579  38.083349    30.5022     11.571  254.55437  254.80513     1.4588     5.2880 0.0000e+00
 151.369977     11.705    15.1578  38.082853    30.5043     11.600  254.55080  254.80155     1.4276     5.3041 -9.990e-29
 151.369980     11.729    15.1579  38.083473    30.5044     11.624  254.55035  254.80111     1.2097     5.1505 -9.990e-29
 151.369983     11.758    15.1579  38.081986    30.5030     11.653  254.55269  254.80345     0.8050     5.0696 -9.990e-29
 151.369986     11.780    15.1576  38.083721    30.5045     11.675  254.55176  254.80249     1.1319     5.1707 -9.990e-29
 151.369988     11.811    15.1575  38.083349    30.5048     11.705  254.55158  254.80230     1.2876     5.2435 0.0000e+00
 151.369991     11.844    15.1574  38.083969    30.5045     11.738  254.55176  254.80249     1.4432     5.3163 0.0000e+00
 151.369994     11.882    15.1574  38.082296    30.5036     11.776  254.55402  254.80476     1.4432     5.3324 0.0000e+00
 151.369997     11.926    15.1574  38.081987    30.5034     11.819  254.55482  254.80555     1.4587     5.3567 0.0000e+00
 151.370000     11.981    15.1574  38.079756    30.5016     11.873  254.55920  254.80993     1.2720     5.3324 0.0000e+00
 151.370003     12.028    15.1576  38.078332    30.5012     11.920  254.55920  254.80993     1.0696     4.8513 0.0000e+00
 151.370006     12.068    15.1577  38.079943    30.5012     11.960  254.55664  254.80741     1.0229     4.8513 0.0000e+00
 151.370009     12.108    15.1581  38.080438    30.5014     12.000  254.55474  254.80552     1.0541     4.8593 0.0000e+00
 151.370012     12.143    15.1582  38.082297    30.5022     12.034  254.55287  254.80365     0.9685     4.8674 0.0000e+00
 151.370014     12.174    15.1583  38.079943    30.5029     12.065  254.55099  254.80178     1.0541     4.8755 -9.990e-29
 151.370017     12.194    15.1578  38.083475    30.5043     12.085  254.55093  254.80168     3.9957     5.3527 -9.990e-29
 151.370020     12.211    15.1573  38.081306    30.5028     12.101  254.55634  254.80708     3.9646     5.3527 -9.990e-29
 151.370023     12.227    15.1567  38.082669    30.5044     12.117  254.55626  254.80695     3.9957     5.2799 -9.990e-29
 151.370026     12.249    15.1566  38.083971    30.5057     12.139  254.55482  254.80550     3.7000     5.3729 -9.990e-29
 151.370029     12.265    15.1565  38.084900    30.5065     12.155  254.55368  254.80434     3.5288     5.2273 -9.990e-29
 151.370032     12.287    15.1560  38.086015    30.5079     12.177  254.55369  254.80432     3.6066     5.2030 -9.990e-29
 151.370035     12.307    15.1555  38.084652    30.5071     12.197  254.55785  254.80846     3.4198     5.2516 -9.990e-29
 151.370038     12.318    15.1550  38.086697    30.5093     12.208  254.55641  254.80698     3.5910     5.2152 -9.990e-29
 151.370041     12.334    15.1549  38.086016    30.5088     12.224  254.55806  254.80863     2.7973     6.1007 -9.990e-29
