seaocn-cb/data/ctd_cnv/SBE19plus_01907321_2024_05_28_Cast100.cnv
* Sea-Bird SBE19plus  Data File:
* FileName = E:\Prandtl_Daten\2024\28052024\raw\SBE19plus_01907321_2024_05_28_Cast100.hex
* Software version 2.6.1.12
* Temperature SN = 7321
* Conductivity SN = 7321
* System UpLoad Time = May 28 2024 13:47:15
* <ApplicationData>
* <Seaterm232>
** 20240527
** Sea Practical 2024
** MCat 27.05 CTD_SP7
** NMEA Latitude = 54 8.36N
** NMEA Longitude = 008 20.85E
** waterdepth = 14.7m
** Isabelle
# nquan = 11
# nvalues = 538                         
# units = specified
# name 0 = timeJ: Julian Days
# name 1 = prdM: Pressure, Strain Gauge [db]
# name 2 = tv290C: Temperature [ITS-90, deg C]
# name 3 = c0mS/cm: Conductivity [mS/cm]
# name 4 = sal00: Salinity, Practical [PSU]
# name 5 = depSM: Depth [salt water, m], lat = 54.00
# name 6 = oxsatMm/Kg: Oxygen Saturation, Weiss [umol/kg]
# name 7 = oxsolMm/Kg: Oxygen Saturation, Garcia & Gordon [umol/kg]
# name 8 = turbWETntu0: Turbidity, WET Labs ECO [NTU]
# name 9 = flECO-AFL: Fluorescence, WET Labs ECO-AFL/FL [mg/m^3]
# name 10 = flag:  0.000e+00
# span 0 = 149.570949, 149.572503       
# span 1 =      0.004,     14.195       
# span 2 =    14.7365,    16.9614       
# span 3 =  37.407597,  38.025489       
# span 4 =    28.9347,    30.7828       
# span 5 =      0.004,     14.068       
# span 6 =  248.26018,  256.23112       
# span 7 =  248.60662,  256.45750       
# span 8 =   -12.0821,     2.3926       
# span 9 =    -2.8155,   257.5060       
# span 10 = 0.0000e+00, 0.0000e+00      
# interval = seconds: 0.25
# start_time = May 28 2024 13:40:15 [Instrument's time stamp, header]
# bad_flag = -9.990e-29
*END*
 149.570949      0.004    16.9310  37.826874    28.9590      0.004  248.38948  248.73456    -1.9654   257.5060 0.0000e+00
 149.570952      0.075    16.9357  37.828790    28.9572      0.074  248.36976  248.71505    -1.9654   257.4615 0.0000e+00
 149.570955      0.148    16.9379  37.827677    28.9552      0.147  248.36282  248.70822    -1.9653   257.4534 0.0000e+00
 149.570958      0.196    16.9400  37.833176    28.9532      0.194  248.35588  248.70138    -2.0276   257.4615 -9.990e-29
 149.570961      0.210    16.9466  37.835030    28.9546      0.208  248.32120  248.66697   -12.0510    -2.8034 -9.990e-29
 149.570964      0.207    16.9491  37.835276    28.9531      0.205  248.31190  248.65778   -11.9420    -2.8074 -9.990e-29
 149.570966      0.205    16.9516  37.837871    28.9534      0.203  248.29893  248.64492   -12.0821    -2.8155 -9.990e-29
 149.570969      0.216    16.9566  37.840590    28.9538      0.214  248.27402  248.62022    -4.5335     1.4142 -9.990e-29
 149.570972      0.245    16.9566  37.842568    28.9538      0.243  248.27402  248.62022    -4.5335     1.4142 0.0000e+00
 149.570975      0.281    16.9566  37.838118    28.9538      0.279  248.27402  248.62022    -4.5335     1.4142 -9.990e-29
 149.570978      0.298    16.9604  37.840590    28.9494      0.295  248.26345  248.60984    -4.6891     1.4384 -9.990e-29
 149.570981      0.300    16.9605  37.840775    28.9495      0.297  248.26259  248.60898    -4.6113     1.4101 -9.990e-29
 149.570984      0.287    16.9614  37.840157    28.9483      0.284  248.26018  248.60662    -4.5957     1.3454 -9.990e-29
 149.570987      0.274    16.9608  37.838365    28.9473      0.272  248.26513  248.61155    -4.4712     1.3899 -9.990e-29
 149.570990      0.243    16.9589  37.836326    28.9469      0.241  248.27490  248.62124    -4.4712     1.3575 -9.990e-29
 149.570992      0.228    16.9561  37.834349    28.9501      0.226  248.28311  248.62931    -5.0471     1.4546 -9.990e-29
 149.570995      0.261    16.9564  37.837686    28.9515      0.259  248.27963  248.62583    -5.0393     1.4566 0.0000e+00
 149.570998      0.349    16.9566  37.841332    28.9510      0.345  248.27614  248.62235    -5.0471     1.4546 0.0000e+00
 149.571001      0.474    16.9573  37.839911    28.9510      0.470  248.27614  248.62235    -5.1872     1.4344 0.0000e+00
 149.571004      0.609    16.9573  37.835957    28.9475      0.604  248.28100  248.62727    -5.1872     1.4344 0.0000e+00
 149.571007      0.704    16.9568  37.833918    28.9471      0.698  248.28488  248.63112    -4.8370     1.4364 0.0000e+00
 149.571010      0.732    16.9561  37.834536    28.9467      0.725  248.28875  248.63497    -4.4868     1.4425 -9.990e-29
 149.571013      0.717    16.9525  37.832003    28.9477      0.711  248.30463  248.65069    -4.5802     1.4020 -9.990e-29
 149.571016      0.670    16.9513  37.833918    28.9501      0.664  248.30604  248.65203    -4.5179     1.4303 -9.990e-29
 149.571019      0.602    16.9507  37.830829    28.9480      0.597  248.31252  248.65850    -4.3000     1.5840 -9.990e-29
 149.571021      0.522    16.9501  37.833424    28.9507      0.517  248.31114  248.65708    -4.3000     1.5759 -9.990e-29
 149.571024      0.480    16.9490  37.829902    28.9484      0.476  248.32005  248.66596    -4.3156     1.5274 -9.990e-29
 149.571027      0.513    16.9474  37.829902    28.9496      0.508  248.32603  248.67187    -4.3467     1.6042 -9.990e-29
 149.571030      0.613    16.9416  37.822797    28.9418      0.608  248.36706  248.71270    -4.5179     1.5719 -9.990e-29
 149.571033      0.737    16.9389  37.815940    28.9429      0.731  248.37855  248.72407    -4.5101     1.5578 0.0000e+00
 149.571036      0.849    16.9361  37.813902    28.9424      0.841  248.39004  248.73543    -4.5179     1.5638 0.0000e+00
 149.571039      0.931    16.9331  37.807108    28.9432      0.923  248.40568  248.75095    -4.5413     1.5537 0.0000e+00
 149.571042      0.971    16.9302  37.808592    28.9424      0.963  248.42132  248.76647    -4.5802     1.5638 -9.990e-29
 149.571045      0.977    16.9197  37.809025    28.9516      0.968  248.45680  248.80144    -4.4868     1.5678 -9.990e-29
 149.571047      0.962    16.9178  37.808592    28.9526      0.954  248.46428  248.80883    -4.5179     1.5557 -9.990e-29
 149.571050      0.931    16.9165  37.805071    28.9505      0.923  248.47379  248.81830    -4.6113     1.5476 -9.990e-29
 149.571053      0.891    16.9157  37.804577    28.9507      0.883  248.47746  248.82194    -4.5179     1.5638 -9.990e-29
 149.571056      0.866    16.9147  37.803712    28.9507      0.858  248.48257  248.82700    -4.5179     1.5961 -9.990e-29
 149.571059      0.869    16.9122  37.797844    28.9475      0.862  248.49995  248.84429    -4.5179     1.5516 -9.990e-29
 149.571062      0.911    16.9041  37.794201    28.9481      0.903  248.53794  248.88194    -4.5802     1.5476 -9.990e-29
 149.571065      0.972    16.9020  37.791793    28.9486      0.963  248.54735  248.89125    -4.6814     1.5496 0.0000e+00
 149.571068      1.041    16.9000  37.789323    28.9488      1.032  248.55675  248.90056    -4.7825     1.5516 0.0000e+00
 149.571071      1.107    16.8958  37.785556    28.9490      1.097  248.57742  248.92105    -4.7825     1.5759 0.0000e+00
 149.571073      1.167    16.8918  37.784445    28.9507      1.156  248.59367  248.93712    -4.7981     1.5880 0.0000e+00
 149.571076      1.210    16.8892  37.784199    28.9523      1.200  248.60330  248.94663    -4.7825     1.6002 0.0000e+00
 149.571079      1.245    16.8883  37.783705    28.9527      1.234  248.60680  248.95009    -4.8214     1.6446 0.0000e+00
 149.571082      1.274    16.8875  37.785743    28.9531      1.263  248.61030  248.95355    -4.7825     1.6891 -9.990e-29
 149.571085      1.294    16.8861  37.786237    28.9562      1.283  248.61176  248.95493    -4.9070     1.7053 -9.990e-29
 149.571088      1.314    16.8863  37.785990    28.9559      1.303  248.61153  248.95471    -4.8136     1.7093 -9.990e-29
 149.571091      1.331    16.8863  37.786485    28.9563      1.319  248.61053  248.95371    -4.7358     1.6608 -9.990e-29
 149.571094      1.340    16.8862  37.785991    28.9559      1.328  248.61184  248.95502    -4.4712     1.8994 -9.990e-29
 149.571097      1.345    16.8857  37.782903    28.9537      1.333  248.61807  248.96124    -4.4868     1.8954 -9.990e-29
 149.571100      1.356    16.8844  37.780433    28.9525      1.344  248.62640  248.96952    -4.5802     1.8509 -9.990e-29
 149.571102      1.371    16.8826  37.779321    28.9529      1.358  248.63458  248.97762    -4.5646     1.8873 -9.990e-29
 149.571105      1.391    16.8787  37.778086    28.9545      1.378  248.65049  248.99336    -4.3467     1.9439 -9.990e-29
 149.571108      1.423    16.8787  37.778025    28.9545      1.411  248.65049  248.99336    -4.3467     1.9439 0.0000e+00
 149.571111      1.453    16.8787  37.775555    28.9545      1.440  248.65049  248.99336    -4.3467     1.9439 -9.990e-29
 149.571114      1.476    16.8753  37.773579    28.9532      1.463  248.66945  249.01218    -4.2689     1.9681 -9.990e-29
 149.571117      1.484    16.8733  37.773024    28.9541      1.470  248.67742  249.02005    -4.6736     2.0814 -9.990e-29
 149.571120      1.502    16.8704  37.770060    28.9538      1.488  248.69189  249.03440    -4.6424     2.0975 -9.990e-29
 149.571123      1.537    16.8694  37.770246    28.9502      1.523  248.70315  249.04565    -4.6424     2.0934 0.0000e+00
 149.571126      1.597    16.8683  37.759996    28.9466      1.582  248.71442  249.05689    -4.6424     2.0894 0.0000e+00
 149.571128      1.657    16.8627  37.754996    28.9466      1.642  248.74195  249.08418    -4.6424     2.0288 0.0000e+00
 149.571131      1.702    16.8597  37.753762    28.9479      1.687  248.75360  249.09569    -4.6580     2.0106 0.0000e+00
 149.571134      1.731    16.8568  37.749874    28.9495      1.716  248.76524  249.10720    -4.6424     1.9924 -9.990e-29
 149.571137      1.753    16.8455  37.750986    28.9552      1.738  248.81046  249.15189    -4.4712     2.0490 -9.990e-29
 149.571140      1.766    16.8434  37.753208    28.9587      1.750  248.81502  249.15634    -4.5335     1.9762 -9.990e-29
 149.571143      1.772    16.8422  37.751171    28.9577      1.756  248.82214  249.16341    -4.5179     1.9762 -9.990e-29
 149.571146      1.784    16.8375  37.746788    28.9482      1.768  248.86143  249.20257    -4.6269     1.9479 -9.990e-29
 149.571149      1.810    16.8332  37.735924    28.9415      1.794  248.89366  249.23466    -4.6036     1.9499 0.0000e+00
 149.571152      1.857    16.8289  37.712966    28.9347      1.841  248.92589  249.26674    -4.5802     1.9520 0.0000e+00
 149.571155      1.916    16.8105  37.688410    28.9347      1.899  249.02823  249.36833    -4.5490     2.3240 0.0000e+00
 149.571157      1.965    16.7975  37.688413    28.9364      1.947  249.07601  249.41549    -4.5179     2.3301 0.0000e+00
 149.571160      1.996    16.7844  37.687984    28.9458      1.978  249.12380  249.46265    -4.5490     2.3361 -9.990e-29
 149.571163      2.009    16.7586  37.688663    28.9645      1.991  249.21748  249.55510    -4.6580     2.2876 -9.990e-29
 149.571166      2.003    16.7546  37.683358    28.9629      1.985  249.23977  249.57723    -4.5490     2.4615 -9.990e-29
 149.571169      1.991    16.7501  37.670836    28.9554      1.973  249.27430  249.61161    -4.5335     2.4372 -9.990e-29
 149.571172      1.967    16.7410  37.662325    28.9548      1.949  249.32003  249.65695    -4.5957     2.4695 -9.990e-29
 149.571175      1.939    16.7299  37.657392    28.9586      1.922  249.36776  249.70416    -4.5179     2.4695 -9.990e-29
 149.571178      1.928    16.7044  37.644689    28.9576      1.911  249.49369  249.82900    -4.2845     2.3927 -9.990e-29
 149.571181      1.967    16.6972  37.634763    28.9559      1.949  249.53180  249.86680    -4.2689     2.3907 0.0000e+00
 149.571183      2.034    16.6900  37.618674    28.9575      2.016  249.56991  249.90460    -4.2845     2.3927 0.0000e+00
 149.571186      2.120    16.6735  37.608689    28.9575      2.101  249.64505  249.97900    -4.2845     2.4008 0.0000e+00
 149.571189      2.200    16.6569  37.602158    28.9639      2.181  249.71547  250.04866    -4.3000     2.4170 0.0000e+00
 149.571192      2.268    16.6436  37.599447    28.9711      2.248  249.76810  250.10066    -4.3000     2.5464 0.0000e+00
 149.571195      2.323    16.6346  37.600620    28.9753      2.302  249.79955  250.13166    -4.3000     2.5464 0.0000e+00
 149.571198      2.366    16.6324  37.593101    28.9770      2.345  249.81294  250.14497    -4.2923     2.5323 0.0000e+00
 149.571201      2.395    16.6303  37.585583    28.9753      2.374  249.82633  250.15827    -4.2845     2.5181 -9.990e-29
 149.571204      2.408    16.6177  37.580099    28.9733      2.387  249.89154  250.22294    -4.4557     3.2945 -9.990e-29
 149.571207      2.412    16.6088  37.572644    28.9733      2.390  249.93493  250.26594    -4.4712     3.2864 -9.990e-29
 149.571209      2.408    16.5994  37.566915    28.9752      2.387  249.97789  250.30848    -4.3311     3.2985 -9.990e-29
 149.571212      2.410    16.5909  37.558845    28.9744      2.388  250.02070  250.35091    -4.3311     3.2945 -9.990e-29
 149.571215      2.417    16.5795  37.548681    28.9739      2.396  250.07760  250.40732    -4.3156     2.7647 -9.990e-29
 149.571218      2.426    16.5629  37.530266    28.9701      2.405  250.16537  250.49438    -4.4401     2.7890 -9.990e-29
 149.571221      2.439    16.5362  37.523618    28.9837      2.417  250.27328  250.60102    -4.2845     2.7728 -9.990e-29
 149.571224      2.456    16.5117  37.510935    28.9906      2.434  250.38226  250.70886    -4.4090     2.8092 -9.990e-29
 149.571227      2.468    16.4553  37.499670    29.0118      2.446  250.62360  250.94754    -4.3467     3.0923 -9.990e-29
 149.571230      2.498    16.4375  37.488161    29.0196      2.475  250.69804  251.02113    -4.3156     3.0882 0.0000e+00
 149.571233      2.532    16.4197  37.476161    29.0273      2.509  250.77247  251.09472    -4.3467     3.0882 0.0000e+00
 149.571236      2.572    16.3787  37.468165    29.0502      2.549  250.93571  251.25596    -4.3934     3.0882 0.0000e+00
 149.571238      2.621    16.3452  37.463430    29.0705      2.598  251.06669  251.38530    -4.3934     3.0882 0.0000e+00
 149.571241      2.672    16.3149  37.450448    29.0813      2.648  251.19791  251.51507    -4.3623     2.9224 0.0000e+00
 149.571244      2.722    16.2771  37.439931    29.0997      2.697  251.35349  251.66881    -4.3156     2.9224 0.0000e+00
 149.571247      2.769    16.2319  37.436491    29.1298      2.744  251.52653  251.83958    -4.3467     2.9224 0.0000e+00
 149.571250      2.808    16.2125  37.433481    29.1427      2.783  251.60094  251.91301    -4.3233     2.9224 0.0000e+00
 149.571253      2.838    16.1930  37.428377    29.1556      2.813  251.67535  251.98644    -4.3467     2.9224 -9.990e-29
 149.571256      2.859    16.1541  37.426410    29.1779      2.833  251.83016  252.13931    -4.2845     3.7959 -9.990e-29
 149.571259      2.869    16.1447  37.422228    29.1812      2.844  251.87148  252.18018    -4.2845     3.8161 -9.990e-29
 149.571262      2.875    16.1372  37.419522    29.1844      2.849  251.90347  252.21179    -4.3934     3.8403 -9.990e-29
 149.571264      2.881    16.1297  37.417185    29.1878      2.855  251.93461  252.24257    -4.0821     3.9980 -9.990e-29
 149.571267      2.890    16.1213  37.411035    29.1886      2.864  251.97500  252.28257    -4.0821     3.9819 -9.990e-29
 149.571270      2.904    16.1110  37.410852    29.1960      2.878  252.01363  252.32067    -4.1288     4.0223 -9.990e-29
 149.571273      2.924    16.1030  37.412391    29.2032      2.898  252.04108  252.34770    -4.0354     3.9778 -9.990e-29
 149.571276      2.939    16.0994  37.410853    29.2045      2.913  252.05676  252.36320    -4.3000     4.5520 -9.990e-29
 149.571279      2.957    16.0896  37.409193    29.2123      2.931  252.09233  252.39827    -4.3467     4.5925 -9.990e-29
 149.571282      2.984    16.0887  37.411531    29.2131      2.958  252.09577  252.40166    -4.4089     4.5965 0.0000e+00
 149.571285      3.021    16.0890  37.411716    29.2139      2.994  252.09233  252.39827    -4.3467     4.5925 0.0000e+00
 149.571288      3.052    16.0877  37.413500    29.2139      3.025  252.09921  252.40504    -4.3000     4.5520 0.0000e+00
 149.571291      3.085    16.0875  37.410548    29.2145      3.057  252.10158  252.40742    -4.2689     4.3337 0.0000e+00
 149.571293      3.116    16.0791  37.407597    29.2166      3.088  252.13751  252.44293    -4.3000     4.3175 0.0000e+00
 149.571296      3.158    16.0600  37.415042    29.2370      3.129  252.19743  252.50181    -4.3623     4.3175 0.0000e+00
 149.571299      3.212    16.0257  37.417876    29.2647      3.184  252.32092  252.62352    -4.3623     4.3175 0.0000e+00
 149.571302      3.269    15.9990  37.416588    29.2832      3.240  252.42234  252.72355    -4.3156     4.4509 0.0000e+00
 149.571305      3.324    15.9911  37.426433    29.2934      3.294  252.44464  252.74541    -4.3001     4.4529 0.0000e+00
 149.571308      3.356    15.9831  37.443294    29.3035      3.326  252.46695  252.76728    -4.3156     4.4509 -9.990e-29
 149.571311      3.373    15.9257  37.462006    29.3769      3.343  252.62759  252.92470    -4.2689     4.4631 -9.990e-29
 149.571314      3.382    15.8830  37.444657    29.3934      3.352  252.81338  253.10835    -4.2378     4.7946 -9.990e-29
 149.571317      3.384    15.8664  37.466137    29.4245      3.354  252.84287  253.13684    -4.3623     4.8189 -9.990e-29
 149.571319      3.378    15.8438  37.502337    29.4728      3.348  252.87255  253.16509    -4.3311     4.7946 -9.990e-29
 149.571322      3.357    15.8023  37.554817    29.5496      3.327  252.94804  253.23804    -4.2845     4.8027 -9.990e-29
 149.571325      3.336    15.7398  37.584832    29.6226      3.306  253.13621  253.42267    -4.3778     4.8391 -9.990e-29
