seaocn-cb/data/ctd_cnv/SBE19plus_01907321_2024_05_21_Cast03.cnv
* Sea-Bird SBE19plus  Data File:
* FileName = E:\Prandtl_Daten\2024\CTD\raw\SBE19plus_01907321_2024_05_21_Cast03.hex
* Software version 2.6.1.12
* Temperature SN = 7321
* Conductivity SN = 7321
* System UpLoad Time = May 21 2024 11:05:26
* <ApplicationData>
* <Seaterm232>
** 20240521
** Sea Practical 2024
** MCat 21.05 M3
** NMEA Latitude = 54 08.5N
** NMEA Longitude = 008 18.0E
** waterdepth = 15.0m
** Isabelle
# nquan = 11
# nvalues = 547                         
# units = specified
# name 0 = timeJ: Julian Days
# name 1 = prdM: Pressure, Strain Gauge [db]
# name 2 = tv290C: Temperature [ITS-90, deg C]
# name 3 = c0mS/cm: Conductivity [mS/cm]
# name 4 = sal00: Salinity, Practical [PSU]
# name 5 = depSM: Depth [salt water, m], lat = 54.00
# name 6 = oxsatMm/Kg: Oxygen Saturation, Weiss [umol/kg]
# name 7 = oxsolMm/Kg: Oxygen Saturation, Garcia & Gordon [umol/kg]
# name 8 = turbWETntu0: Turbidity, WET Labs ECO [NTU]
# name 9 = flECO-AFL: Fluorescence, WET Labs ECO-AFL/FL [mg/m^3]
# name 10 = flag:  0.000e+00
# span 0 = 142.457318, 142.458898       
# span 1 =      0.920,     14.005       
# span 2 =    12.4275,    13.9802       
# span 3 =  36.809170,  37.208406       
# span 4 =    30.6218,    31.7023       
# span 5 =      0.912,     13.880       
# span 6 =  260.44853,  266.99333       
# span 7 =  260.63432,  267.07297       
# span 8 =    -4.9693,    -2.8837       
# span 9 =     1.6851,     4.8472       
# span 10 = 0.0000e+00, 0.0000e+00      
# interval = seconds: 0.25
# start_time = May 21 2024 10:57:03 [Instrument's time stamp, header]
# bad_flag = -9.990e-29
*END*
[from data line 394]
 142.458458     10.948    12.5387  36.980324    31.6073     10.850  266.54693  266.63493    -4.3000     3.4966 -9.990e-29
 142.458461     10.963    12.5357  36.977202    31.6069     10.865  266.56474  266.65256    -4.2845     3.5249 -9.990e-29
 142.458464     10.976    12.5326  36.977814    31.6101     10.877  266.57623  266.66380    -4.3467     3.5613 -9.990e-29
 142.458466     10.990    12.5297  36.974203    31.6091     10.892  266.59406  266.68146    -4.3156     3.5249 -9.990e-29
 142.458469     11.008    12.5272  36.978060    31.6149     10.910  266.59751  266.68468    -4.3623     3.5613 -9.990e-29
 142.458472     11.030    12.5278  36.978060    31.6143     10.931  266.59498  266.68219    -4.4557     3.8039 -9.990e-29
 142.458475     11.056    12.5278  36.978060    31.6143     10.957  266.59498  266.68219    -4.4557     3.8039 0.0000e+00
 142.458478     11.085    12.5278  36.977631    31.6143     10.985  266.59498  266.68219    -4.4557     3.8039 -9.990e-29
 142.458481     11.110    12.5281  36.980081    31.6150     11.011  266.59205  266.67928    -4.3934     3.6867 -9.990e-29
 142.458484     11.138    12.5281  36.979101    31.6150     11.038  266.59205  266.67928    -4.3934     3.6867 0.0000e+00
 142.458487     11.167    12.5281  36.983020    31.6150     11.067  266.59205  266.67928    -4.3934     3.6867 -9.990e-29
 142.458490     11.187    12.5258  36.980571    31.6184     11.087  266.59890  266.68594    -4.3934     3.6584 -9.990e-29
 142.458492     11.203    12.5253  36.980449    31.6186     11.103  266.60084  266.68785    -4.2689     3.6665 -9.990e-29
 142.458495     11.209    12.5243  36.983755    31.6226     11.108  266.59898  266.68588    -4.3467     3.6584 -9.990e-29
 142.458498     11.216    12.5231  36.982163    31.6221     11.115  266.60694  266.69376    -4.0043     4.5035 -9.990e-29
 142.458501     11.231    12.5211  36.982776    31.6243     11.130  266.61358  266.70024    -3.9265     4.5237 -9.990e-29
 142.458504     11.254    12.5162  36.982837    31.6283     11.153  266.63392  266.72022    -4.0354     4.5035 -9.990e-29
 142.458507     11.291    12.5153  36.982593    31.6294     11.190  266.63705  266.72328    -4.1989     4.0162 0.0000e+00
 142.458510     11.333    12.5143  36.983267    31.6305     11.231  266.63770  266.72377    -4.2845     3.5290 0.0000e+00
 142.458513     11.382    12.5143  36.986451    31.6313     11.280  266.63873  266.72487    -4.3156     3.5290 0.0000e+00
 142.458516     11.429    12.5136  36.984124    31.6333     11.327  266.63873  266.72487    -4.3156     3.5452 0.0000e+00
 142.458519     11.479    12.5134  36.985533    31.6327     11.376  266.63997  266.72604    -4.3156     3.5452 0.0000e+00
 142.458521     11.517    12.5111  36.982839    31.6333     11.414  266.65389  266.73961    -3.8642     3.4845 0.0000e+00
 142.458524     11.551    12.5101  36.987370    31.6356     11.448  266.65405  266.73986    -3.8487     3.4764 0.0000e+00
 142.458527     11.579    12.5092  36.988044    31.6386     11.475  266.65389  266.73961    -3.8331     3.4845 -9.990e-29
 142.458530     11.601    12.5129  36.982166    31.6305     11.497  266.64803  266.73409    -3.9109     3.4602 -9.990e-29
 142.458533     11.626    12.5124  36.985839    31.6331     11.522  266.64634  266.73233    -4.0043     3.9414 -9.990e-29
 142.458536     11.654    12.5112  36.984431    31.6341     11.549  266.65094  266.73685    -4.0743     3.9212 0.0000e+00
 142.458539     11.679    12.5100  36.984554    31.6352     11.575  266.65555  266.74137    -4.0043     3.9333 0.0000e+00
 142.458542     11.710    12.5083  36.984861    31.6367     11.605  266.66214  266.74783    -4.0432     3.9171 0.0000e+00
 142.458545     11.736    12.5066  36.984861    31.6383     11.631  266.66873  266.75429    -3.9420     3.9333 -9.990e-29
 142.458547     11.756    12.5038  36.982167    31.6381     11.650  266.68467  266.77005    -4.0510     3.7393 -9.990e-29
 142.458550     11.765    12.5039  36.981923    31.6378     11.659  266.68482  266.77021    -4.0510     3.7473 -9.990e-29
 142.458553     11.777    12.5033  36.980086    31.6366     11.672  266.69066  266.77602    -4.0666     3.7716 -9.990e-29
 142.458556     11.785    12.5026  36.984127    31.6410     11.679  266.68635  266.77161    -4.0977     3.7109 -9.990e-29
 142.458559     11.788    12.5021  36.985535    31.6428     11.683  266.68585  266.77106    -2.9304     4.3620 -9.990e-29
 142.458562     11.799    12.5009  36.982841    31.6412     11.694  266.69549  266.78064    -2.8837     4.3539 -9.990e-29
 142.458565     11.816    12.4981  36.981740    31.6425     11.710  266.70858  266.79354    -2.9304     4.3781 -9.990e-29
 142.458568     11.839    12.4944  36.983761    31.6478     11.733  266.71922  266.80387    -4.0354     4.4550 -9.990e-29
 142.458571     11.870    12.4944  36.984128    31.6487     11.764  266.71790  266.80255    -4.0276     4.4529 0.0000e+00
 142.458573     11.898    12.4944  36.985781    31.6487     11.791  266.71790  266.80255    -4.0276     4.4529 0.0000e+00
 142.458576     11.931    12.4943  36.984190    31.6495     11.824  266.71659  266.80122    -4.0199     4.4509 -9.990e-29
 142.458579     11.952    12.4933  36.985169    31.6498     11.845  266.72199  266.80655    -4.2378     4.4226 -9.990e-29
 142.458582     11.976    12.4919  36.982598    31.6484     11.869  266.73200  266.81648    -4.0199     3.6058 -9.990e-29
 142.458585     11.998    12.4901  36.985109    31.6524     11.890  266.73497  266.81929    -4.0821     3.5896 -9.990e-29
 142.458588     12.020    12.4891  36.982170    31.6529     11.912  266.73944  266.82368    -3.9732     3.6260 -9.990e-29
 142.458591     12.047    12.4891  36.984864    31.6534     11.939  266.73863  266.82288    -4.0355     3.6200 0.0000e+00
 142.458594     12.080    12.4891  36.985783    31.6529     11.972  266.73944  266.82368    -3.9732     3.6260 0.0000e+00
 142.458597     12.116    12.4888  36.984313    31.6538     12.008  266.74048  266.82460    -3.6774     3.7352 0.0000e+00
 142.458600     12.162    12.4878  36.987375    31.6545     12.053  266.74161  266.82584    -3.6463     3.7352 0.0000e+00
 142.458602     12.209    12.4870  36.984743    31.6546     12.100  266.74804  266.83214    -3.4907     3.7271 0.0000e+00
 142.458605     12.253    12.4860  36.983947    31.6546     12.143  266.75377  266.83779    -3.4907     3.7109 0.0000e+00
 142.458608     12.293    12.4844  36.983519    31.6556     12.183  266.76112  266.84502    -4.1132     3.4158 0.0000e+00
 142.458611     12.324    12.4818  36.981743    31.6560     12.214  266.77456  266.85830    -4.1132     3.4158 0.0000e+00
 142.458614     12.350    12.4802  36.982356    31.6560     12.239  266.77977  266.86338    -4.0043     3.4158 0.0000e+00
 142.458617     12.377    12.4791  36.977397    31.6565     12.266  266.79316  266.87674    -4.0043     3.4158 0.0000e+00
 142.458620     12.408    12.4782  36.979112    31.6565     12.297  266.79385  266.87734    -4.0199     3.6907 0.0000e+00
 142.458623     12.444    12.4767  36.979908    31.6585     12.333  266.79845  266.88182    -4.0821     3.7393 0.0000e+00
 142.458626     12.483    12.4758  36.981010    31.6598     12.371  266.80119  266.88449    -4.0510     3.7393 0.0000e+00
 142.458628     12.525    12.4749  36.983704    31.6611     12.412  266.80393  266.88715    -4.0821     3.7393 -9.990e-29
 142.458631     12.548    12.4745  36.984439    31.6646     12.436  266.79932  266.88247    -3.5218     3.6988 -9.990e-29
 142.458634     12.568    12.4754  36.984194    31.6636     12.456  266.79606  266.87929    -3.6152     3.6503 -9.990e-29
 142.458637     12.574    12.4763  36.980643    31.6595     12.461  266.79895  266.88228    -3.4751     3.6543 -9.990e-29
 142.458640     12.565    12.4755  36.983031    31.6624     12.452  266.79784  266.88108    -3.5529     3.6988 -9.990e-29
 142.458643     12.547    12.4750  36.981929    31.6618     12.434  266.80178  266.88500    -3.5529     3.6584 -9.990e-29
 142.458646     12.532    12.4746  36.983949    31.6641     12.420  266.79989  266.88306    -4.0510     3.7433 -9.990e-29
 142.458649     12.514    12.4744  36.984623    31.6649     12.401  266.79925  266.88240    -4.0043     3.7109 -9.990e-29
 142.458652     12.512    12.4744  36.982602    31.6630     12.400  266.80312  266.88629    -4.0354     3.7109 -9.990e-29
 142.458655     12.526    12.4722  36.983031    31.6583     12.414  266.82380  266.90687    -3.9109     3.6462 -9.990e-29
 142.458657     12.567    12.4701  36.975807    31.6613     12.454  266.83034  266.91323    -3.8175     3.6644 0.0000e+00
 142.458660     12.616    12.4679  36.978256    31.6643     12.503  266.83688  266.91960    -3.8331     3.6826 0.0000e+00
 142.458663     12.680    12.4648  36.979237    31.6678     12.566  266.84773  266.93021    -3.8331     3.6826 0.0000e+00
 142.458666     12.736    12.4626  36.981931    31.6722     12.622  266.85182  266.93411    -3.8331     3.6543 0.0000e+00
 142.458669     12.796    12.4626  36.982605    31.6731     12.682  266.85182  266.93411    -3.8331     3.3632 0.0000e+00
 142.458672     12.849    12.4626  36.983952    31.6731     12.734  266.84831  266.93058    -3.8020     3.3632 0.0000e+00
 142.458675     12.882    12.4629  36.982789    31.6732     12.767  266.84793  266.93024    -3.8020     3.3632 0.0000e+00
 142.458678     12.909    12.4633  36.982360    31.6723     12.794  266.84755  266.92989    -3.8020     3.3632 -9.990e-29
 142.458681     12.922    12.4621  36.981013    31.6717     12.806  266.85559  266.93785    -3.7086     3.7554 -9.990e-29
 142.458683     12.926    12.4611  36.981503    31.6730     12.810  266.85871  266.94089    -3.7397     3.7514 -9.990e-29
 142.458686     12.918    12.4604  36.981013    31.6731     12.803  266.86243  266.94456    -3.7864     3.7433 -9.990e-29
 142.458689     12.909    12.4589  36.982361    31.6756     12.794  266.86602  266.94802    -3.7708     3.7231 -9.990e-29
 142.458692     12.911    12.4575  36.981320    31.6758     12.795  266.87357  266.95548    -3.8487     3.7352 -9.990e-29
 142.458695     12.928    12.4541  36.979912    31.6780     12.812  266.88889  266.97055    -3.8487     4.1113 -9.990e-29
 142.458698     12.966    12.4528  36.980586    31.6787     12.850  266.89475  266.97632    -3.8098     4.1052 0.0000e+00
 142.458701     13.020    12.4515  36.979790    31.6794     12.904  266.90061  266.98208    -3.8487     4.1113 0.0000e+00
 142.458704     13.084    12.4499  36.980097    31.6810     12.967  266.90535  266.98661    -3.7708     4.0991 0.0000e+00
 142.458707     13.153    12.4490  36.982791    31.6825     13.036  266.90667  266.98802    -3.6619     3.6746 0.0000e+00
 142.458709     13.217    12.4490  36.980832    31.6829     13.099  266.90917  266.99044    -3.5841     3.6624 0.0000e+00
 142.458712     13.268    12.4488  36.981016    31.6827     13.150  266.90974  266.99100    -3.5841     3.6523 0.0000e+00
 142.458715     13.301    12.4486  36.983220    31.6829     13.182  266.91030  266.99155    -3.5062     3.6624 -9.990e-29
 142.458718     13.314    12.4481  36.982363    31.6846     13.195  266.90993  266.99113    -3.7708     3.6826 -9.990e-29
 142.458721     13.309    12.4471  36.981935    31.6850     13.189  266.91468  266.99581    -3.7553     3.6826 -9.990e-29
 142.458724     13.296    12.4449  36.982792    31.6877     13.177  266.92199  267.00294    -3.6930     3.6907 -9.990e-29
 142.458727     13.276    12.4431  36.982364    31.6889     13.157  266.93015  267.01096    -3.8487     3.6503 -9.990e-29
 142.458730     13.263    12.4420  36.982609    31.6900     13.144  266.93398  267.01471    -3.8175     3.2864 -9.990e-29
 142.458733     13.256    12.4422  36.983466    31.6907     13.137  266.93188  267.01261    -3.8175     3.2864 -9.990e-29
 142.458736     13.265    12.4420  36.984874    31.6922     13.146  266.93023  267.01093    -3.8487     3.2783 -9.990e-29
 142.458738     13.290    12.4389  36.985609    31.6935     13.171  266.94493  267.02542    -3.7397     3.2985 -9.990e-29
 142.458741     13.327    12.4384  36.983528    31.6938     13.207  266.94717  267.02761    -3.5919     3.6220 0.0000e+00
 142.458744     13.381    12.4379  36.983283    31.6940     13.261  266.94940  267.02981    -3.4751     3.9253 0.0000e+00
 142.458747     13.438    12.4364  36.982794    31.6949     13.317  266.95658  267.03689    -3.4751     3.9253 0.0000e+00
 142.458750     13.496    12.4352  36.984447    31.6974     13.375  266.95658  267.03689    -3.4751     3.9212 0.0000e+00
 142.458753     13.553    12.4352  36.985794    31.6974     13.431  266.95646  267.03663    -3.5996     3.8929 0.0000e+00
 142.458756     13.606    12.4359  36.984754    31.6971     13.484  266.95521  267.03546    -3.7708     3.6665 0.0000e+00
 142.458759     13.653    12.4359  36.984876    31.6971     13.531  266.95498  267.03523    -3.8098     3.6624 0.0000e+00
 142.458762     13.691    12.4359  36.984632    31.6971     13.569  266.95475  267.03500    -3.8487     3.6584 -9.990e-29
 142.458764     13.713    12.4352  36.983040    31.6960     13.590  266.96120  267.04141    -3.7397     3.6503 -9.990e-29
 142.458767     13.724    12.4355  36.980346    31.6931     13.601  266.96457  267.04484    -3.6774     4.2447 -9.990e-29
 142.458770     13.717    12.4356  36.981938    31.6946     13.594  266.96145  267.04170    -3.7397     4.2528 -9.990e-29
 142.458773     13.704    12.4352  36.982856    31.6958     13.581  266.96152  267.04173    -3.7086     4.2488 -9.990e-29
 142.458776     13.682    12.4347  36.984632    31.6979     13.560  266.96005  267.04021    -3.9576     4.2568 -9.990e-29
 142.458779     13.658    12.4346  36.984999    31.6984     13.536  266.95995  267.04009    -3.8642     3.8484 -9.990e-29
 142.458782     13.647    12.4350  36.984876    31.6980     13.525  266.95873  267.03891    -3.7397     3.8889 -9.990e-29
 142.458785     13.644    12.4352  36.983774    31.6967     13.522  266.95955  267.03976    -3.7553     3.8686 -9.990e-29
 142.458788     13.656    12.4349  36.982795    31.6960     13.534  266.96273  267.04292    -3.7864     3.8767 -9.990e-29
 142.458791     13.671    12.4342  36.983958    31.6979     13.549  266.96282  267.04295    -3.2105     4.5682 -9.990e-29
 142.458793     13.696    12.4350  36.984203    31.6962     13.574  266.96200  267.04220    -3.2961     4.5682 0.0000e+00
 142.458796     13.748    12.4357  36.981938    31.6945     13.624  266.96119  267.04145    -3.3817     4.5682 0.0000e+00
 142.458799     13.808    12.4365  36.981019    31.6937     13.684  266.95945  267.03978    -3.3817     4.5520 0.0000e+00
 142.458802     13.868    12.4373  36.982611    31.6936     13.744  266.95352  267.03390    -3.3817     4.5520 0.0000e+00
 142.458805     13.919    12.4379  36.983530    31.6936     13.794  266.95044  267.03085    -3.5529     4.0526 0.0000e+00
 142.458808     13.961    12.4384  36.983959    31.6936     13.836  266.94736  267.02781    -3.8953     3.5532 -9.990e-29
 142.458811     13.979    12.4386  36.983897    31.6939     13.854  266.94618  267.02664    -3.8331     3.5371 -9.990e-29
 142.458814     13.977    12.4381  36.982857    31.6932     13.852  266.94974  267.03018    -3.8487     3.5532 -9.990e-29
 142.458817     13.950    12.4374  36.981020    31.6921     13.825  266.95584  267.03625    -3.5218     3.6705 -9.990e-29
 142.458819     13.906    12.4358  36.980653    31.6931     13.781  266.96302  267.04331    -3.6463     3.6503 -9.990e-29
 142.458822     13.842    12.4346  36.980101    31.6936     13.718  266.96880  267.04900    -3.5529     3.6665 -9.990e-29
 142.458825     13.782    12.4339  36.980101    31.6943     13.658  266.97161  267.05175    -3.5841     3.6746 -9.990e-29
 142.458828     13.723    12.4333  36.980652    31.6953     13.600  266.97286  267.05296    -3.6308     3.3632 -9.990e-29
 142.458831     13.685    12.4333  36.981938    31.6966     13.562  266.97083  267.05091    -3.5685     3.3470 -9.990e-29
