seaocn-cb/data/ctd_cnv/SBE19plus_01907321_2024_05_24_Cast40.cnv
* Sea-Bird SBE19plus  Data File:
* FileName = E:\Prandtl_Daten\2024\CTD\raw\SBE19plus_01907321_2024_05_24_Cast40.hex
* Software version 2.6.1.12
* Temperature SN = 7321
* Conductivity SN = 7321
* System UpLoad Time = May 24 2024 10:00:08
* <ApplicationData>
* <Seaterm232>
** 20240524
** Sea Practical 2024
** MCat 24.05 CTD_Z4
** NMEA Latitude = 054 03.026N
** NMEA Longitude = 008 24.465E
** waterdepth = 15.5m
** Isabelle
# nquan = 11
# nvalues = 510                         
# units = specified
# name 0 = timeJ: Julian Days
# name 1 = prdM: Pressure, Strain Gauge [db]
# name 2 = tv290C: Temperature [ITS-90, deg C]
# name 3 = c0mS/cm: Conductivity [mS/cm]
# name 4 = sal00: Salinity, Practical [PSU]
# name 5 = depSM: Depth [salt water, m], lat = 54.00
# name 6 = oxsatMm/Kg: Oxygen Saturation, Weiss [umol/kg]
# name 7 = oxsolMm/Kg: Oxygen Saturation, Garcia & Gordon [umol/kg]
# name 8 = turbWETntu0: Turbidity, WET Labs ECO [NTU]
# name 9 = flECO-AFL: Fluorescence, WET Labs ECO-AFL/FL [mg/m^3]
# name 10 = flag:  0.000e+00
# span 0 = 145.412821, 145.414294       
# span 1 =      0.524,     14.387       
# span 2 =    14.3632,    14.9894       
# span 3 =  36.756002,  36.858583       
# span 4 =    29.4554,    30.0141       
# span 5 =      0.519,     14.258       
# span 6 =  257.25428,  259.54922       
# span 7 =  257.50475,  259.76214       
# span 8 =    -3.9888,    76.2759       
# span 9 =     3.5068,     8.1064       
# span 10 = 0.0000e+00, 0.0000e+00      
# interval = seconds: 0.25
# start_time = May 24 2024 09:53:14 [Instrument's time stamp, header]
# bad_flag = -9.990e-29
*END*
 145.412821      0.524    14.9735  36.760156    29.4709      0.519  257.31717  257.56674    -3.9420     4.2124 -9.990e-29
 145.412824      0.547    14.9719  36.762416    29.4749      0.543  257.31843  257.56788    -3.9420     3.5371 -9.990e-29
 145.412827      0.586    14.9712  36.763333    29.4744      0.581  257.32294  257.57236    -3.8798     3.5068 0.0000e+00
 145.412830      0.624    14.9705  36.761012    29.4742      0.619  257.32744  257.57683    -3.8798     3.5128 0.0000e+00
 145.412833      0.664    14.9705  36.761012    29.4742      0.658  257.32744  257.57683    -3.8487     3.5128 0.0000e+00
 145.412836      0.701    14.9705  36.762478    29.4744      0.695  257.32618  257.57556    -3.8643     3.5128 0.0000e+00
 145.412839      0.728    14.9711  36.756798    29.4747      0.722  257.32281  257.57222    -3.8487     3.5128 -9.990e-29
 145.412841      0.752    14.9763  36.758813    29.4675      0.745  257.30876  257.55849    -3.7708     3.9010 -9.990e-29
 145.412844      0.766    14.9796  36.759668    29.4658      0.760  257.29467  257.54459    -3.8331     3.8606 -9.990e-29
 145.412847      0.790    14.9819  36.758813    29.4633      0.783  257.28714  257.53720    -3.8487     3.8606 -9.990e-29
 145.412850      0.812    14.9847  36.761500    29.4636      0.805  257.27225  257.52244    -3.6774     3.9050 -9.990e-29
 145.412853      0.830    14.9870  36.760156    29.4606      0.823  257.26548  257.51582    -3.7553     4.5358 -9.990e-29
 145.412856      0.843    14.9890  36.756002    29.4554      0.836  257.26432  257.51480    -3.6774     4.5884 -9.990e-29
 145.412859      0.852    14.9894  36.761255    29.4597      0.845  257.25428  257.50475    -3.9732     4.6127 -9.990e-29
 145.412862      0.872    14.9864  36.757896    29.4648      0.865  257.26126  257.51153    -3.8331     4.8634 -9.990e-29
 145.412865      0.898    14.9855  36.764371    29.4654      0.890  257.26482  257.51505    -3.7709     4.8634 0.0000e+00
 145.412867      0.947    14.9846  36.764188    29.4660      0.939  257.26839  257.51857    -3.8331     4.8634 0.0000e+00
 145.412870      0.998    14.9772  36.765288    29.4725      0.989  257.29515  257.54489    -3.8487     4.8634 0.0000e+00
 145.412873      1.050    14.9673  36.767427    29.4819      1.040  257.33004  257.57920    -3.9109     4.8472 0.0000e+00
 145.412876      1.101    14.9581  36.767795    29.4891      1.091  257.36505  257.61368    -3.8487     4.4226 0.0000e+00
 145.412879      1.153    14.9522  36.768468    29.4941      1.143  257.38654  257.63482    -3.7864     4.4226 0.0000e+00
 145.412882      1.201    14.9510  36.767858    29.4948      1.190  257.39178  257.63999    -3.7709     4.4348 0.0000e+00
 145.412885      1.243    14.9498  36.759001    29.4954      1.232  257.39701  257.64516    -3.7864     4.4469 -9.990e-29
 145.412888      1.268    14.9621  36.757473    29.4769      1.257  257.36602  257.61495    -3.6152     4.6895 -9.990e-29
 145.412891      1.283    14.9718  36.760342    29.4720      1.272  257.32386  257.57333    -3.6152     4.6774 -9.990e-29
 145.412894      1.290    14.9747  36.762052    29.4714      1.279  257.31021  257.55983    -3.5062     4.7138 -9.990e-29
 145.412896      1.290    14.9710  36.760587    29.4729      1.279  257.32674  257.57616    -3.4129     4.7421 -9.990e-29
 145.412899      1.288    14.9678  36.764191    29.4785      1.277  257.33351  257.58272    -3.5841     4.7259 -9.990e-29
 145.412902      1.296    14.9676  36.759244    29.4742      1.284  257.34190  257.59114    -3.9109     5.2961 -9.990e-29
 145.412905      1.312    14.9714  36.760832    29.4734      1.300  257.32385  257.57329    -3.6152     5.2637 -9.990e-29
 145.412908      1.350    14.9714  36.761503    29.4755      1.338  257.32006  257.56948    -3.6852     5.2718 0.0000e+00
 145.412911      1.392    14.9714  36.766329    29.4777      1.380  257.32385  257.57329    -3.7553     5.2799 0.0000e+00
 145.412914      1.445    14.9677  36.765780    29.4800      1.432  257.33140  257.58059    -3.7708     5.5993 0.0000e+00
 145.412917      1.495    14.9636  36.767552    29.4846      1.481  257.34434  257.59329    -3.8175     5.6398 0.0000e+00
 145.412920      1.542    14.9584  36.769996    29.4907      1.528  257.36066  257.60929    -3.9265     5.6681 0.0000e+00
 145.412922      1.579    14.9559  36.767981    29.4917      1.564  257.37189  257.62039    -3.9888     5.6701 0.0000e+00
 145.412925      1.608    14.9534  36.768470    29.4927      1.593  257.38312  257.63148    -3.9265     5.6681 -9.990e-29
 145.412928      1.633    14.9391  36.767799    29.5033      1.619  257.43855  257.68608    -3.3506     6.3191 -9.990e-29
 145.412931      1.652    14.9302  36.769144    29.5111      1.637  257.47050  257.71752    -3.1483     6.3191 -9.990e-29
 145.412934      1.668    14.9216  36.770734    29.5190      1.653  257.50117  257.74768    -3.3662     6.3757 -9.990e-29
 145.412937      1.685    14.9141  36.771407    29.5253      1.669  257.52914  257.77521    -3.0393     6.1250 -9.990e-29
 145.412940      1.699    14.9078  36.772996    29.5315      1.684  257.55091  257.79661    -3.5062     6.1371 -9.990e-29
 145.412943      1.723    14.9016  36.770064    29.5365      1.707  257.57425  257.81959    -3.1950     6.1493 -9.990e-29
 145.412946      1.752    14.9016  36.773424    29.5369      1.736  257.57388  257.81921    -3.1561     6.1654 0.0000e+00
 145.412948      1.781    14.9016  36.774096    29.5365      1.765  257.57350  257.81883    -3.1950     6.1493 0.0000e+00
 145.412951      1.816    14.9034  36.774340    29.5360      1.799  257.56603  257.81146    -3.2728     5.8541 0.0000e+00
 145.412954      1.856    14.9051  36.772752    29.5342      1.839  257.56205  257.80760    -3.2728     5.8339 0.0000e+00
 145.412957      1.900    14.9058  36.774524    29.5333      1.883  257.55914  257.80473    -3.3350     5.8339 0.0000e+00
 145.412960      1.938    14.9058  36.772752    29.5342      1.921  257.55914  257.80473    -3.1794     5.9066 0.0000e+00
 145.412963      1.980    14.9050  36.774524    29.5341      1.962  257.56086  257.80640    -3.0938     6.1654 0.0000e+00
 145.412966      2.015    14.9042  36.776663    29.5355      1.997  257.56258  257.80807    -2.7747     6.4242 -9.990e-29
 145.412969      2.037    14.9004  36.776541    29.5401      2.018  257.57423  257.81948    -3.2105     6.3959 -9.990e-29
 145.412972      2.051    14.9001  36.777457    29.5412      2.033  257.57398  257.81920    -2.9771     6.4000 -9.990e-29
 145.412975      2.064    14.8993  36.773609    29.5383      2.046  257.58303  257.82824    -2.6658     6.7275 -9.990e-29
 145.412977      2.071    14.8989  36.772998    29.5381      2.053  257.58578  257.83096    -2.5101     6.7073 -9.990e-29
 145.412980      2.086    14.8982  36.775442    29.5408      2.067  257.58429  257.82942    -2.5413     6.6507 -9.990e-29
 145.412983      2.108    14.8978  36.773181    29.5403      2.089  257.58755  257.83266    -3.0393     6.5172 -9.990e-29
 145.412986      2.137    14.8973  36.774525    29.5409      2.118  257.58880  257.83389    -3.0626     6.5071 0.0000e+00
 145.412989      2.179    14.8969  36.775198    29.5413      2.160  257.59006  257.83511    -3.0860     6.4970 0.0000e+00
 145.412992      2.225    14.8962  36.774343    29.5416      2.205  257.59381  257.83883    -3.0860     6.4970 0.0000e+00
 145.412995      2.278    14.8952  36.776848    29.5443      2.257  257.59403  257.83897    -3.0238     6.5011 0.0000e+00
 145.412998      2.325    14.8940  36.777214    29.5443      2.304  257.59791  257.84279    -3.0238     6.5415 0.0000e+00
 145.413001      2.369    14.8937  36.775015    29.5442      2.348  257.60260  257.84748    -3.0238     6.6790 0.0000e+00
 145.413003      2.407    14.8934  36.774955    29.5440      2.386  257.60400  257.84885    -3.0316     6.7052 0.0000e+00
 145.413006      2.436    14.8930  36.774527    29.5442      2.415  257.60539  257.85022    -3.0238     6.6790 -9.990e-29
 145.413009      2.447    14.8899  36.776543    29.5480      2.425  257.61503  257.85967    -2.8837     6.7760 -9.990e-29
 145.413012      2.456    14.8872  36.776360    29.5498      2.434  257.62569  257.87017    -2.8525     6.9418 -9.990e-29
 145.413015      2.458    14.8847  36.776666    29.5520      2.436  257.63497  257.87931    -3.1483     6.9014 -9.990e-29
 145.413018      2.469    14.8834  36.776789    29.5531      2.447  257.63982  257.88408    -2.9148     6.9782 -9.990e-29
 145.413021      2.484    14.8825  36.778805    29.5555      2.462  257.63989  257.88409    -2.7436     6.9539 -9.990e-29
 145.413024      2.502    14.8810  36.776850    29.5563      2.480  257.64652  257.89063    -3.1794     6.3919 -9.990e-29
 145.413027      2.531    14.8811  36.778377    29.5559      2.509  257.64662  257.89074    -3.2650     6.3797 0.0000e+00
 145.413030      2.564    14.8812  36.777706    29.5555      2.541  257.64652  257.89063    -3.3506     6.3676 0.0000e+00
 145.413032      2.602    14.8823  36.776667    29.5538      2.579  257.64424  257.88844    -3.3973     6.3676 0.0000e+00
 145.413035      2.646    14.8849  36.776789    29.5519      2.622  257.63401  257.87836    -3.4129     6.4404 0.0000e+00
 145.413038      2.690    14.8866  36.777033    29.5508      2.666  257.62714  257.87158    -3.5685     6.4444 0.0000e+00
 145.413041      2.728    14.8883  36.776850    29.5493      2.704  257.62064  257.86519    -3.5685     6.4444 0.0000e+00
 145.413044      2.768    14.8901  36.775445    29.5467      2.744  257.61608  257.86074    -3.5685     6.4849 0.0000e+00
 145.413047      2.799    14.8916  36.775017    29.5452      2.774  257.61115  257.85590    -3.4595     6.5253 0.0000e+00
 145.413050      2.834    14.8926  36.775384    29.5447      2.809  257.60808  257.85293    -3.2416     6.7962 0.0000e+00
 145.413053      2.865    14.8927  36.773429    29.5445      2.839  257.60648  257.85130    -3.0704     6.8124 0.0000e+00
 145.413056      2.894    14.8927  36.775201    29.5445      2.868  257.60808  257.85293    -2.9615     6.8124 0.0000e+00
 145.413058      2.920    14.8913  36.777461    29.5475      2.894  257.60825  257.85297    -3.0704     6.8124 0.0000e+00
 145.413061      2.954    14.8896  36.778134    29.5494      2.928  257.61402  257.85863    -3.0860     6.5779 0.0000e+00
 145.413064      2.984    14.8882  36.776546    29.5497      2.957  257.62046  257.86500    -3.1171     6.5395 0.0000e+00
 145.413067      3.013    14.8869  36.778562    29.5500      2.986  257.62690  257.87137    -3.1483     6.5779 -9.990e-29
 145.413070      3.038    14.8805  36.779845    29.5578      3.011  257.64628  257.89036    -3.1483     6.5172 -9.990e-29
 145.413073      3.064    14.8789  36.778135    29.5575      3.037  257.65522  257.89921    -2.9771     6.2867 -9.990e-29
 145.413076      3.077    14.8788  36.780151    29.5594      3.049  257.65263  257.89660    -2.8214     6.4040 -9.990e-29
 145.413079      3.090    14.8800  36.778807    29.5572      3.062  257.65003  257.89408    -3.0860     6.3878 -9.990e-29
 145.413082      3.102    14.8814  36.780823    29.5580      3.075  257.64152  257.88564    -3.0704     6.3959 -9.990e-29
 145.413084      3.109    14.8824  36.779479    29.5560      3.082  257.63951  257.88370    -2.3856     6.6224 -9.990e-29
 145.413087      3.119    14.8838  36.779234    29.5547      3.091  257.63457  257.87884    -2.4323     6.5981 -9.990e-29
 145.413090      3.139    14.8844  36.780151    29.5551      3.111  257.63108  257.87537    -2.3856     6.5860 -9.990e-29
 145.413093      3.164    14.8836  36.780151    29.5558      3.136  257.63361  257.87786    -2.3078     6.6224 0.0000e+00
 145.413096      3.197    14.8829  36.780518    29.5565      3.169  257.63614  257.88035    -2.3856     6.5900 0.0000e+00
 145.413099      3.246    14.8791  36.781985    29.5607      3.217  257.64865  257.89262    -2.5413     6.5900 0.0000e+00
 145.413102      3.296    14.8744  36.783757    29.5658      3.266  257.66392  257.90761    -2.5413     6.5415 0.0000e+00
 145.413105      3.354    14.8688  36.783758    29.5700      3.324  257.68555  257.92892    -2.3545     6.5294 0.0000e+00
 145.413108      3.409    14.8632  36.781987    29.5727      3.378  257.70999  257.95305    -2.3078     6.5132 0.0000e+00
 145.413111      3.458    14.8595  36.784431    29.5776      3.427  257.72035  257.96318    -2.0899     6.3959 0.0000e+00
 145.413113      3.507    14.8585  36.783515    29.5776      3.476  257.72582  257.96857    -2.0121     6.3878 0.0000e+00
 145.413116      3.545    14.8584  36.784187    29.5780      3.514  257.72590  257.96866    -2.0043     6.3595 0.0000e+00
 145.413119      3.576    14.8582  36.786937    29.5784      3.544  257.72582  257.96857    -2.0121     6.3878 -9.990e-29
 145.413122      3.596    14.8536  36.785105    29.5826      3.564  257.74214  257.98462    -2.4790     6.5011 -9.990e-29
 145.413125      3.606    14.8506  36.782661    29.5827      3.573  257.75756  257.99988    -2.5413     6.5617 -9.990e-29
 145.413128      3.605    14.8488  36.781989    29.5835      3.573  257.76572  258.00794    -2.3701     6.5011 -9.990e-29
 145.413131      3.602    14.8486  36.783517    29.5850      3.570  257.76389  258.00609    -2.4167     6.5455 -9.990e-29
 145.413134      3.609    14.8482  36.783089    29.5850      3.577  257.76635  258.00853    -0.9848     6.9782 -9.990e-29
 145.413137      3.618    14.8476  36.783517    29.5858      3.586  257.76804  258.01018    -0.9848     7.0995 -9.990e-29
 145.413139      3.642    14.8476  36.785350    29.5856      3.609  257.76836  258.01051    -0.8759     7.0227 -9.990e-29
 145.413142      3.671    14.8475  36.783334    29.5873      3.638  257.76596  258.00808    -0.7980     7.0206 0.0000e+00
 145.413145      3.702    14.8473  36.786939    29.5890      3.669  257.76500  258.00704    -0.8759     7.0186 0.0000e+00
 145.413148      3.746    14.8464  36.788283    29.5905      3.712  257.76500  258.00704    -1.9187     6.6588 0.0000e+00
 145.413151      3.782    14.8453  36.786939    29.5909      3.749  257.77159  258.01357    -1.9187     6.6588 0.0000e+00
 145.413154      3.824    14.8436  36.788894    29.5933      3.790  257.77502  258.01689    -1.8253     6.5698 0.0000e+00
 145.413157      3.868    14.8421  36.787367    29.5936      3.833  257.78339  258.02518    -1.8253     6.6588 0.0000e+00
 145.413160      3.906    14.8400  36.787795    29.5947      3.871  257.79072  258.03238    -1.8409     6.6830 0.0000e+00
 145.413163      3.945    14.8393  36.785902    29.5950      3.910  257.79519  258.03681    -1.8798     6.6870 0.0000e+00
 145.413166      3.976    14.8385  36.787613    29.5947      3.940  257.79966  258.04125    -1.8409     6.6911 -9.990e-29
 145.413168      3.996    14.8385  36.787368    29.5960      3.960  257.79707  258.03866    -1.9498     6.6385 -9.990e-29
 145.413171      4.021    14.8387  36.787185    29.5957      3.985  257.79678  258.03838    -1.9187     6.5698 -9.990e-29
 145.413174      4.043    14.8374  36.785108    29.5970      4.007  257.80116  258.04268    -1.8097     6.5536 -9.990e-29
 145.413177      4.069    14.8373  36.787613    29.5964      4.033  257.80311  258.04463    -1.8253     6.5516 0.0000e+00
 145.413180      4.096    14.8371  36.785903    29.5957      4.060  257.80507  258.04659    -1.8409     6.5536 0.0000e+00
 145.413183      4.122    14.8366  36.784192    29.5957      4.085  257.80819  258.04963    -2.0743     6.6668 0.0000e+00
 145.413186      4.157    14.8359  36.786941    29.5969      4.120  257.80958  258.05108    -2.1522     7.0348 0.0000e+00
 145.413189      4.190    14.8350  36.785475    29.5974      4.152  257.81379  258.05519    -2.2455     7.0348 0.0000e+00
 145.413192      4.224    14.8342  36.785353    29.5974      4.186  257.81726  258.05861    -2.2455     7.0469 0.0000e+00
 145.413194      4.257    14.8340  36.785109    29.5975      4.219  257.81820  258.05954    -2.1833     7.0408 0.0000e+00
 145.413197      4.288    14.8338  36.785354    29.5975      4.250  257.81915  258.06048    -2.1210     7.0469 -9.990e-29
