seaocn-cb/data/ctd_cnv/SBE19plus_01907321_2024_05_27_Cast83.cnv
* Sea-Bird SBE19plus  Data File:
* FileName = E:\Prandtl_Daten\2024\27052024\raw\SBE19plus_01907321_2024_05_27_Cast83.hex
* Software version 2.6.1.12
* Temperature SN = 7321
* Conductivity SN = 7321
* System UpLoad Time = May 27 2024 11:51:09
* <ApplicationData>
* <Seaterm232>
** 20240527
** Sea Practical 2024
** MCat 27.05 CTD_SP5
** NMEA Latitude = 54 7.781N
** NMEA Longitude = 008 25.579E
** waterdepth = 10.5m
** Merle
# nquan = 11
# nvalues = 334                         
# units = specified
# name 0 = timeJ: Julian Days
# name 1 = prdM: Pressure, Strain Gauge [db]
# name 2 = tv290C: Temperature [ITS-90, deg C]
# name 3 = c0mS/cm: Conductivity [mS/cm]
# name 4 = sal00: Salinity, Practical [PSU]
# name 5 = depSM: Depth [salt water, m], lat = 54.00
# name 6 = oxsatMm/Kg: Oxygen Saturation, Weiss [umol/kg]
# name 7 = oxsolMm/Kg: Oxygen Saturation, Garcia & Gordon [umol/kg]
# name 8 = turbWETntu0: Turbidity, WET Labs ECO [NTU]
# name 9 = flECO-AFL: Fluorescence, WET Labs ECO-AFL/FL [mg/m^3]
# name 10 = flag:  0.000e+00
# span 0 = 148.490579, 148.491542       
# span 1 =      0.385,      9.414       
# span 2 =    15.8224,    16.3166       
# span 3 =  37.120354,  37.440842       
# span 4 =    29.0665,    29.1581       
# span 5 =      0.382,      9.330       
# span 6 =  251.20944,  253.53266       
# span 7 =  251.52673,  253.82650       
# span 8 =    -3.9420,    18.3615       
# span 9 =     1.5759,     4.8998       
# span 10 = 0.0000e+00, 0.0000e+00      
# interval = seconds: 0.25
# start_time = May 27 2024 11:45:06 [Instrument's time stamp, header]
# bad_flag = -9.990e-29
*END*
 148.490579      0.385    16.3153  37.436472    29.0698      0.382  251.21608  251.53333    -3.2728     2.0975 -9.990e-29
 148.490582      0.387    16.3138  37.435303    29.0698      0.384  251.22317  251.54036    -3.4129     2.0531 -9.990e-29
 148.490584      0.403    16.3120  37.432965    29.0707      0.400  251.23039  251.54750    -3.4284     1.6163 -9.990e-29
 148.490587      0.451    16.3119  37.434873    29.0713      0.447  251.22987  251.54696    -3.4596     1.6244 0.0000e+00
 148.490590      0.540    16.3120  37.436227    29.0720      0.535  251.22934  251.54642    -3.4907     1.6163 0.0000e+00
 148.490593      0.619    16.3119  37.438442    29.0728      0.613  251.22728  251.54436    -3.4907     1.6042 0.0000e+00
 148.490596      0.666    16.3120  37.439919    29.0737      0.660  251.22522  251.54230    -3.4907     1.5759 -9.990e-29
 148.490599      0.686    16.3152  37.440842    29.0735      0.680  251.21009  251.52732    -3.7086     1.9843 -9.990e-29
 148.490602      0.699    16.3166  37.435058    29.0674      0.693  251.21328  251.53061    -3.7708     1.9924 -9.990e-29
 148.490605      0.717    16.3161  37.438873    29.0711      0.711  251.20944  251.52673    -3.5529     1.9964 -9.990e-29
 148.490608      0.730    16.3147  37.432351    29.0665      0.724  251.22444  251.54170    -3.6463     1.9034 -9.990e-29
 148.490611      0.745    16.3121  37.433828    29.0697      0.738  251.23181  251.54892    -3.5529     1.9075 -9.990e-29
 148.490613      0.761    16.3098  37.433951    29.0715      0.754  251.24027  251.55727    -3.7553     1.8913 -9.990e-29
 148.490616      0.785    16.3088  37.434259    29.0724      0.778  251.24341  251.56036    -3.3662     1.8711 -9.990e-29
 148.490619      0.809    16.3051  37.429091    29.0736      0.801  251.25969  251.57646    -3.5529     1.9156 -9.990e-29
 148.490622      0.836    16.3032  37.432537    29.0744      0.829  251.26785  251.58453    -3.5685     1.9116 0.0000e+00
 148.490625      0.872    16.3013  37.431184    29.0736      0.865  251.27601  251.59260    -3.5685     1.9075 0.0000e+00
 148.490628      0.927    16.2993  37.425278    29.0741      0.919  251.28769  251.60420    -3.5763     1.9015 0.0000e+00
 148.490631      0.975    16.2973  37.426571    29.0730      0.966  251.29937  251.61579    -3.5685     1.8954 -9.990e-29
 148.490634      0.997    16.2862  37.423311    29.0794      0.988  251.34344  251.65931    -3.7086     2.1541 -9.990e-29
 148.490637      0.993    16.2815  37.423804    29.0832      0.984  251.36029  251.67592    -3.8175     2.2512 -9.990e-29
 148.490639      0.971    16.2767  37.418514    29.0822      0.963  251.38598  251.70140    -3.8175     2.2188 -9.990e-29
 148.490642      0.939    16.2704  37.414639    29.0834      0.930  251.41493  251.73006    -3.9420     2.2633 -9.990e-29
 148.490645      0.913    16.2634  37.413533    29.0876      0.905  251.44248  251.75726    -3.5841     2.2310 -9.990e-29
 148.490648      0.929    16.2487  37.412611    29.0998      0.921  251.49439  251.80842    -3.4440     2.0005 -9.990e-29
 148.490651      1.006    16.2472  37.415319    29.1024      0.997  251.49739  251.81133    -3.3584     2.0005 0.0000e+00
 148.490654      1.117    16.2460  37.418949    29.1051      1.107  251.49680  251.81066    -3.4440     2.0005 0.0000e+00
 148.490657      1.218    16.2460  37.420610    29.1063      1.207  251.49680  251.81066    -3.5996     1.9884 0.0000e+00
 148.490660      1.291    16.2472  37.426147    29.1078      1.279  251.48825  251.80216    -3.6930     1.9783 0.0000e+00
 148.490663      1.325    16.2484  37.425655    29.1093      1.313  251.47970  251.79365    -3.5996     1.9681 -9.990e-29
 148.490666      1.336    16.2542  37.425962    29.1049      1.324  251.45856  251.77280    -3.4129     1.9237 -9.990e-29
 148.490668      1.336    16.2550  37.419687    29.0989      1.324  251.46488  251.77920    -3.3973     1.9237 -9.990e-29
 148.490671      1.336    16.2529  37.418949    29.0998      1.324  251.47372  251.78793    -3.6930     2.4898 -9.990e-29
 148.490674      1.331    16.2494  37.415320    29.0992      1.319  251.49190  251.80596    -3.5529     2.5342 -9.990e-29
 148.490677      1.322    16.2443  37.403633    29.0928      1.310  251.52827  251.84215    -3.6463     2.5302 -9.990e-29
 148.490680      1.327    16.2361  37.400682    29.0962      1.315  251.56303  251.87651    -3.4907     2.5666 -9.990e-29
 148.490683      1.340    16.2177  37.394841    29.1015      1.328  251.64522  251.95782    -3.6619     2.5059 -9.990e-29
 148.490686      1.369    16.2143  37.391275    29.1035      1.357  251.65862  251.97105    -3.6775     2.5099 0.0000e+00
 148.490689      1.407    16.2109  37.390292    29.1034      1.395  251.67202  251.98428    -3.6930     2.5140 0.0000e+00
 148.490692      1.453    16.2054  37.383036    29.1048      1.440  251.70337  252.01539    -3.7086     2.5302 0.0000e+00
 148.490694      1.506    16.2002  37.380270    29.1048      1.492  251.72687  252.03864    -3.8487     2.5585 0.0000e+00
 148.490697      1.566    16.1946  37.377996    29.1068      1.552  251.75083  252.06234    -3.8487     3.0114 0.0000e+00
 148.490700      1.626    16.1890  37.373631    29.1068      1.612  251.77820  252.08945    -3.4751     3.0842 0.0000e+00
 148.490703      1.681    16.1859  37.366438    29.1063      1.666  251.79532  252.10644    -3.4751     3.0923 0.0000e+00
 148.490706      1.708    16.1827  37.368099    29.1055      1.693  251.81245  252.12342    -3.4751     3.0842 -9.990e-29
 148.490709      1.716    16.1713  37.369022    29.1161      1.700  251.85121  252.16158    -3.5529     2.5302 -9.990e-29
 148.490712      1.717    16.1683  37.366748    29.1163      1.702  251.86561  252.17585    -3.6152     2.5302 -9.990e-29
 148.490715      1.706    16.1653  37.361399    29.1138      1.691  251.88458  252.19470    -3.7397     2.5059 -9.990e-29
 148.490718      1.697    16.1622  37.363551    29.1180      1.682  251.89299  252.20293    -3.5685     2.5585 -9.990e-29
 148.490720      1.697    16.1602  37.355498    29.1125      1.682  251.91242  252.22231    -3.5218     2.9063 -9.990e-29
 148.490723      1.710    16.1565  37.349351    29.1098      1.695  251.93527  252.24501    -3.5841     2.8416 -9.990e-29
 148.490726      1.734    16.1437  37.346832    29.1080      1.718  252.00218  252.31134    -3.4751     2.7890 -9.990e-29
 148.490729      1.774    16.1394  37.336445    29.1097      1.758  252.02094  252.32989    -3.6074     2.7405 0.0000e+00
 148.490732      1.819    16.1350  37.333066    29.1114      1.803  252.03970  252.34844    -3.7397     2.7405 0.0000e+00
 148.490735      1.870    16.1282  37.333866    29.1171      1.854  252.06386  252.37224    -3.8020     2.7081 0.0000e+00
 148.490738      1.923    16.1240  37.330794    29.1174      1.906  252.08395  252.39214    -3.8020     2.7081 0.0000e+00
 148.490741      1.974    16.1209  37.333621    29.1174      1.957  252.09138  252.39939    -3.7086     2.6879 0.0000e+00
 148.490744      2.020    16.1181  37.323481    29.1200      2.002  252.11695  252.42488    -3.7086     2.6879 0.0000e+00
 148.490747      2.062    16.1161  37.325326    29.1177      2.043  252.12333  252.43115    -3.7086     2.8719 0.0000e+00
 148.490749      2.087    16.1140  37.328030    29.1200      2.069  252.12971  252.43741    -3.7086     3.0842 -9.990e-29
 148.490752      2.109    16.1090  37.329936    29.1276      2.090  252.14132  252.44874    -3.6774     3.0357 -9.990e-29
 148.490755      2.122    16.1101  37.330550    29.1273      2.103  252.13624  252.44372    -3.8175     3.0437 -9.990e-29
 148.490758      2.133    16.1121  37.334914    29.1297      2.114  252.12259  252.43014    -3.0704     3.0882 -9.990e-29
 148.490761      2.144    16.1161  37.337802    29.1292      2.125  252.10311  252.41085    -3.1794     3.1246 -9.990e-29
 148.490764      2.158    16.1213  37.340629    29.1279      2.139  252.07955  252.38754    -3.1171     3.1367 -9.990e-29
 148.490767      2.173    16.1246  37.334974    29.1206      2.154  252.07578  252.38397    -3.0082     3.1287 -9.990e-29
 148.490770      2.191    16.1239  37.335158    29.1182      2.172  252.08343  252.39161    -3.1171     3.2864 -9.990e-29
 148.490773      2.219    16.1229  37.331655    29.1175      2.199  252.08968  252.39782    -3.2494     3.2925 0.0000e+00
 148.490775      2.252    16.1219  37.328275    29.1182      2.231  252.09593  252.40403    -3.1794     3.2864 0.0000e+00
 148.490778      2.288    16.1193  37.327968    29.1167      2.268  252.10594  252.41391    -3.3817     3.2540 0.0000e+00
 148.490781      2.325    16.1149  37.314327    29.1097      2.304  252.14269  252.45051    -3.8798     2.9427 0.0000e+00
 148.490784      2.354    16.1111  37.304927    29.1084      2.333  252.16371  252.47136    -3.9109     2.9366 0.0000e+00
 148.490787      2.381    16.1074  37.304621    29.1070      2.360  252.18473  252.49222    -3.9420     2.9427 -9.990e-29
 148.490790      2.405    16.0849  37.301734    29.1185      2.383  252.27738  252.58375    -3.9265     2.8820 -9.990e-29
 148.490793      2.432    16.0834  37.299155    29.1204      2.411  252.28195  252.58825    -3.7864     2.9528 0.0000e+00
 148.490796      2.462    16.0834  37.300814    29.1204      2.440  252.28195  252.58825    -3.7864     2.9528 0.0000e+00
 148.490799      2.493    16.0818  37.297865    29.1222      2.470  252.28653  252.59274    -3.6463     3.0235 -9.990e-29
 148.490802      2.514    16.0798  37.301306    29.1288      2.492  252.28512  252.59119    -3.6463     2.9588 -9.990e-29
 148.490804      2.543    16.0806  37.306774    29.1289      2.521  252.28066  252.58677    -3.6230     2.9669 0.0000e+00
 148.490807      2.576    16.0815  37.308372    29.1288      2.553  252.27620  252.58235    -3.6152     2.9588 0.0000e+00
 148.490810      2.606    16.0839  37.310215    29.1288      2.582  252.26483  252.57108    -3.5996     2.9750 0.0000e+00
 148.490813      2.637    16.0867  37.310706    29.1277      2.613  252.25340  252.55979    -3.6152     2.9467 0.0000e+00
 148.490816      2.666    16.0881  37.313901    29.1274      2.642  252.24566  252.55212    -3.6074     2.9690 0.0000e+00
 148.490819      2.695    16.0896  37.315314    29.1277      2.671  252.23792  252.54445    -3.7086     2.9386 -9.990e-29
 148.490822      2.719    16.0923  37.304500    29.1176      2.694  252.24186  252.54859    -3.2883     3.1812 -9.990e-29
 148.490825      2.742    16.0897  37.297374    29.1133      2.718  252.26235  252.56898    -3.2416     3.2257 -9.990e-29
 148.490828      2.766    16.0717  37.279130    29.1100      2.741  252.35775  252.66358    -3.2105     3.3632 -9.990e-29
 148.490830      2.797    16.0665  37.278394    29.1114      2.772  252.38150  252.68707    -3.2961     3.3773 0.0000e+00
 148.490833      2.825    16.0665  37.272745    29.1114      2.799  252.38150  252.68707    -3.2961     3.3773 0.0000e+00
 148.490836      2.858    16.0613  37.274097    29.1127      2.832  252.40524  252.71056    -3.3817     3.3915 -9.990e-29
 148.490839      2.883    16.0460  37.273177    29.1242      2.857  252.46151  252.76604    -3.3662     3.4319 -9.990e-29
 148.490842      2.905    16.0433  37.269553    29.1231      2.879  252.47707  252.78149    -3.1483     3.4602 -9.990e-29
 148.490845      2.930    16.0417  37.266667    29.1217      2.904  252.48736  252.79171    -2.2767     3.3996 -9.990e-29
 148.490848      2.947    16.0401  37.263842    29.1204      2.921  252.49756  252.80184    -2.4790     3.3875 -9.990e-29
 148.490851      2.965    16.0369  37.258991    29.1186      2.939  252.51704  252.82119    -2.3856     3.3187 -9.990e-29
 148.490854      2.989    16.0319  37.255123    29.1189      2.962  252.54161  252.84552    -2.5413     3.3915 -9.990e-29
 148.490856      3.020    16.0265  37.237133    29.1072      2.993  252.58853  252.89227    -2.0743     3.7352 -9.990e-29
 148.490859      3.040    16.0149  37.224795    29.1050      3.013  252.65053  252.95375    -2.1677     3.7595 -9.990e-29
 148.490862      3.062    15.9987  37.210679    29.1046      3.034  252.73219  253.03466    -2.2300     3.7716 -9.990e-29
 148.490865      3.080    15.9811  37.210006    29.1169      3.053  252.79905  253.10062    -2.2922     3.7190 -9.990e-29
 148.490868      3.100    15.9597  37.204975    29.1322      3.072  252.87985  253.18030    -2.8992     3.3672 -9.990e-29
 148.490871      3.127    15.9572  37.209579    29.1330      3.100  252.89099  253.19132    -2.9615     3.3450 0.0000e+00
 148.490874      3.159    15.9547  37.207247    29.1331      3.130  252.90213  253.20234    -3.0238     3.3268 0.0000e+00
 148.490877      3.199    15.9527  37.204731    29.1331      3.170  252.91368  253.21379    -3.0238     3.3268 0.0000e+00
 148.490880      3.248    15.9521  37.196999    29.1290      3.219  252.92742  253.22755    -2.7747     3.3308 0.0000e+00
 148.490883      3.303    15.9495  37.197429    29.1288      3.273  252.93663  253.23662    -2.7125     3.3308 0.0000e+00
 148.490885      3.356    15.9462  37.194361    29.1288      3.326  252.95348  253.25333    -2.7592     3.3228 0.0000e+00
 148.490888      3.399    15.9446  37.190618    29.1283      3.369  252.96212  253.26190    -2.7359     3.2884 0.0000e+00
 148.490891      3.441    15.9431  37.189453    29.1278      3.410  252.97075  253.27046    -2.7592     3.2540 -9.990e-29
 148.490894      3.463    15.9379  37.190681    29.1316      3.432  252.99036  253.28979    -3.0082     3.4805 -9.990e-29
 148.490897      3.476    15.9347  37.189945    29.1333      3.445  253.00338  253.30265    -3.0704     3.5088 -9.990e-29
 148.490900      3.480    15.9340  37.192399    29.1360      3.449  253.00237  253.30159    -3.1171     3.4845 -9.990e-29
 148.490903      3.482    15.9345  37.195652    29.1384      3.450  252.99540  253.29462    -2.8837     3.4926 -9.990e-29
 148.490906      3.482    15.9371  37.197861    29.1385      3.450  252.98254  253.28189    -2.6813     3.2136 -9.990e-29
 148.490909      3.494    15.9422  37.200622    29.1371      3.463  252.95934  253.25893    -2.6813     3.1448 -9.990e-29
 148.490911      3.516    15.9502  37.204733    29.1352      3.485  252.92237  253.22235    -2.4790     3.1610 -9.990e-29
 148.490914      3.542    15.9515  37.205224    29.1343      3.510  252.91733  253.21738    -2.8370     3.2378 0.0000e+00
 148.490917      3.575    15.9515  37.205408    29.1343      3.543  252.91733  253.21738    -2.8370     3.2378 0.0000e+00
 148.490920      3.604    15.9528  37.206758    29.1334      3.572  252.91228  253.21240    -3.1950     3.3147 -9.990e-29
 148.490923      3.627    15.9541  37.204978    29.1321      3.595  252.90819  253.20838    -3.0082     3.3106 -9.990e-29
 148.490926      3.647    15.9542  37.198350    29.1263      3.615  252.91787  253.21810    -3.1794     3.3389 -9.990e-29
 148.490929      3.666    15.9543  37.207863    29.1344      3.633  252.90299  253.20317    -2.5724     3.3308 -9.990e-29
 148.490932      3.688    15.9570  37.212712    29.1367      3.655  252.88559  253.18588    -2.5257     3.9859 -9.990e-29
 148.490935      3.709    15.9661  37.216333    29.1328      3.676  252.84687  253.14762    -2.7125     3.9657 -9.990e-29
 148.490938      3.735    15.9679  37.215903    29.1333      3.702  252.83724  253.13807    -2.7359     4.0122 0.0000e+00
 148.490940      3.777    15.9696  37.220015    29.1328      3.743  252.82761  253.12852    -2.7125     3.9657 0.0000e+00
 148.490943      3.824    15.9706  37.218849    29.1316      3.790  252.82761  253.12852    -2.4946     3.5735 0.0000e+00
 148.490946      3.877    15.9706  37.210685    29.1249      3.843  252.83811  253.13912    -2.4167     3.5735 0.0000e+00
 148.490949      3.926    15.9682  37.202830    29.1198      3.891  252.85858  253.15951    -2.4167     3.5735 0.0000e+00
 148.490952      3.979    15.9637  37.198350    29.1198      3.944  252.88232  253.18305    -2.4323     3.5937 0.0000e+00
 148.490955      4.021    15.9604  37.198044    29.1214      3.986  252.89492  253.19548    -2.4634     3.7089 0.0000e+00
