seaocn-cb/data/ctd_cnv/SBE19plus_01907321_2024_05_26_Cast61.cnv
* Sea-Bird SBE19plus  Data File:
* FileName = E:\Prandtl_Daten\2024\26052024\raw\SBE19plus_01907321_2024_05_26_Cast61.hex
* Software version 2.6.1.12
* Temperature SN = 7321
* Conductivity SN = 7321
* System UpLoad Time = May 26 2024 11:36:07
* <ApplicationData>
* <Seaterm232>
** 20240526
** Sea Practical 2024
** MCat 26.05 CTD_SP1
** NMEA Latitude = 054 07.868N
** NMEA Longitude = 008 46.513E
** waterdepth =14.8m
** Merle
# nquan = 11
# nvalues = 657                         
# units = specified
# name 0 = timeJ: Julian Days
# name 1 = prdM: Pressure, Strain Gauge [db]
# name 2 = tv290C: Temperature [ITS-90, deg C]
# name 3 = c0mS/cm: Conductivity [mS/cm]
# name 4 = sal00: Salinity, Practical [PSU]
# name 5 = depSM: Depth [salt water, m], lat = 54.00
# name 6 = oxsatMm/Kg: Oxygen Saturation, Weiss [umol/kg]
# name 7 = oxsolMm/Kg: Oxygen Saturation, Garcia & Gordon [umol/kg]
# name 8 = turbWETntu0: Turbidity, WET Labs ECO [NTU]
# name 9 = flECO-AFL: Fluorescence, WET Labs ECO-AFL/FL [mg/m^3]
# name 10 = flag:  0.000e+00
# span 0 = 147.479184, 147.481082       
# span 1 =      0.138,     15.812       
# span 2 =    16.2030,    17.3492       
# span 3 =  36.388056,  36.582802       
# span 4 =    27.5468,    28.4087       
# span 5 =      0.136,     15.670       
# span 6 =  248.73229,  252.91717       
# span 7 =  249.10328,  253.23390       
# span 8 =    -2.1522,    14.1591       
# span 9 =     2.1218,     8.8342       
# span 10 = 0.0000e+00, 0.0000e+00      
# interval = seconds: 0.25
# start_time = May 26 2024 11:28:57 [Instrument's time stamp, header]
# bad_flag = -9.990e-29
*END*
[from data line 263]
 147.479945      7.386    16.4671  36.447214    28.1089      7.320  252.11077  252.44123     0.8517     5.5710 0.0000e+00
 147.479948      7.412    16.4671  36.448310    28.1089      7.346  252.11077  252.44123     0.8517     5.5710 -9.990e-29
 147.479951      7.434    16.4645  36.446545    28.1101      7.367  252.12151  252.45185     0.9296     5.4821 -9.990e-29
 147.479954      7.452    16.4613  36.446545    28.1124      7.385  252.13369  252.46386     0.7895     5.4659 -9.990e-29
 147.479957      7.466    16.4591  36.445815    28.1133      7.400  252.14298  252.47305     0.7895     5.5225 -9.990e-29
 147.479959      7.474    16.4524  36.449651    28.1213      7.407  252.16259  252.49231     0.8673     5.5104 -9.990e-29
 147.479962      7.487    16.4420  36.450808    28.1295      7.420  252.19981  252.52902     1.1008     5.1141 -9.990e-29
 147.479965      7.499    16.4318  36.449470    28.1355      7.432  252.24009  252.56881     0.9607     5.1303 -9.990e-29
 147.479968      7.521    16.4055  36.453489    28.1561      7.454  252.33560  252.66303     1.0541     5.1343 -9.990e-29
 147.479971      7.549    16.3994  36.451909    28.1610      7.481  252.35756  252.68469     2.1981     5.6033 0.0000e+00
 147.479974      7.583    16.3933  36.453249    28.1658      7.515  252.37953  252.70635     3.2953     6.0603 0.0000e+00
 147.479977      7.625    16.3887  36.453676    28.1692      7.557  252.39654  252.72313     3.3420     6.0724 0.0000e+00
 147.479980      7.669    16.3879  36.452824    28.1695      7.600  252.39932  252.72588     3.2953     6.0603 0.0000e+00
 147.479983      7.715    16.3879  36.453676    28.1700      7.646  252.39932  252.72588     3.2953     6.0563 0.0000e+00
 147.479986      7.767    16.3879  36.457694    28.1705      7.698  252.39932  252.72588     1.1163     5.6195 0.0000e+00
 147.479988      7.815    16.3880  36.454103    28.1733      7.745  252.39312  252.71966     1.1163     5.6195 0.0000e+00
 147.479991      7.855    16.3881  36.458364    28.1720      7.785  252.39501  252.72156     1.1241     5.6256 0.0000e+00
 147.479994      7.888    16.3885  36.459034    28.1735      7.817  252.39036  252.71692     1.1319     5.6317 -9.990e-29
 147.479997      7.911    16.3899  36.458121    28.1723      7.841  252.38559  252.71221     1.1941     5.0251 -9.990e-29
 147.480000      7.937    16.3903  36.456112    28.1703      7.866  252.38704  252.71370     1.0541     5.0453 -9.990e-29
 147.480003      7.949    16.3885  36.458791    28.1739      7.878  252.38978  252.71634     1.1163     5.0453 -9.990e-29
 147.480006      7.966    16.3846  36.461348    28.1788      7.895  252.40060  252.72695     0.9607     5.0494 -9.990e-29
 147.480009      7.986    16.3814  36.463236    28.1827      7.914  252.40998  252.73616     1.0696     5.0453 -9.990e-29
 147.480012      8.004    16.3779  36.465915    28.1874      7.932  252.41909  252.74509     1.6455     6.0886 -9.990e-29
 147.480014      8.022    16.3767  36.464149    28.1842      7.951  252.43059  252.75655     1.6455     6.0805 -9.990e-29
 147.480017      8.051    16.3773  36.461227    28.1855      7.979  252.42555  252.75153     1.6377     6.0926 0.0000e+00
 147.480020      8.077    16.3770  36.465184    28.1848      8.005  252.42836  252.75433     1.6299     6.0805 0.0000e+00
 147.480023      8.103    16.3770  36.462141    28.1868      8.030  252.42836  252.75433     0.8050     5.3891 0.0000e+00
 147.480026      8.132    16.3732  36.462811    28.1881      8.059  252.44166  252.76744     0.8050     5.3891 0.0000e+00
 147.480029      8.159    16.3700  36.466830    28.1921      8.086  252.45070  252.77631     0.8128     5.3891 0.0000e+00
 147.480032      8.185    16.3668  36.465370    28.1960      8.111  252.45973  252.78518     0.8206     5.3891 -9.990e-29
 147.480035      8.205    16.3558  36.464579    28.2018      8.131  252.50468  252.82959     2.0502     6.9014 -9.990e-29
 147.480038      8.223    16.3528  36.463727    28.2032      8.149  252.51718  252.84195     2.0502     6.9539 -9.990e-29
 147.480041      8.245    16.3428  36.464580    28.2091      8.171  252.55673  252.88103     2.0969     6.9095 -9.990e-29
 147.480043      8.272    16.3401  36.462450    28.2111      8.198  252.56682  252.89098     1.9724     6.4627 0.0000e+00
 147.480046      8.299    16.3374  36.462572    28.2130      8.225  252.57691  252.90093     1.9257     6.0603 0.0000e+00
 147.480049      8.329    16.3339  36.463060    28.2159      8.254  252.58925  252.91310     1.8478     6.0522 0.0000e+00
 147.480052      8.365    16.3322  36.467504    28.2184      8.290  252.58999  252.91372     1.8167     6.0522 0.0000e+00
 147.480055      8.405    16.3322  36.464521    28.2185      8.330  252.58999  252.91372     1.8012     6.0441 0.0000e+00
 147.480058      8.444    16.3334  36.465739    28.2184      8.368  252.59381  252.91757     1.7233     6.0320 0.0000e+00
 147.480061      8.484    16.3334  36.458799    28.2155      8.408  252.59776  252.92161     0.7584     5.0777 0.0000e+00
 147.480064      8.520    16.3320  36.461052    28.2155      8.444  252.59961  252.92338     0.7272     5.0534 0.0000e+00
 147.480067      8.557    16.3302  36.461478    28.2171      8.480  252.60419  252.92779     0.7584     5.0453 0.0000e+00
 147.480069      8.593    16.3291  36.465375    28.2212      8.516  252.60568  252.92936     0.8050     5.0534 0.0000e+00
 147.480072      8.622    16.3288  36.465070    28.2212      8.545  252.60548  252.92907     0.9218     5.2859 0.0000e+00
 147.480075      8.648    16.3285  36.467019    28.2213      8.570  252.60678  252.93035     1.0385     5.5265 -9.990e-29
 147.480078      8.671    16.3294  36.466349    28.2218      8.594  252.60158  252.92519     1.1163     5.5144 -9.990e-29
 147.480081      8.697    16.3306  36.471341    28.2252      8.619  252.58966  252.91330     1.0852     5.5144 -9.990e-29
 147.480084      8.721    16.3327  36.469028    28.2217      8.643  252.58520  252.90896     1.0696     5.7570 -9.990e-29
 147.480087      8.748    16.3342  36.471037    28.2224      8.670  252.57678  252.90060     1.0541     5.7489 -9.990e-29
 147.480090      8.772    16.3344  36.473046    28.2240      8.693  252.57291  252.89673     0.9607     5.7489 -9.990e-29
 147.480093      8.799    16.3344  36.470732    28.2220      8.720  252.57635  252.90018     1.0541     5.7813 -9.990e-29
 147.480095      8.819    16.3347  36.465253    28.2171      8.740  252.58325  252.90713     2.7817     5.7732 -9.990e-29
 147.480098      8.837    16.3330  36.470185    28.2225      8.758  252.58234  252.90611     2.8128     5.7530 -9.990e-29
 147.480101      8.857    16.3314  36.468358    28.2220      8.778  252.59112  252.91482     2.8284     5.7975 -9.990e-29
 147.480104      8.878    16.3297  36.475787    28.2296      8.798  252.58652  252.91009     2.8440     5.8056 -9.990e-29
 147.480107      8.894    16.3263  36.480658    28.2362      8.814  252.59237  252.91575     2.9062     5.7651 -9.990e-29
 147.480110      8.909    16.3217  36.479319    28.2383      8.829  252.61165  252.93481     3.5288     6.2059 -9.990e-29
 147.480113      8.927    16.3180  36.486627    28.2472      8.847  252.61481  252.93774     3.5288     6.1897 -9.990e-29
 147.480116      8.947    16.3066  36.496432    28.2723      8.867  252.62860  252.95086     3.5132     6.2261 -9.990e-29
 147.480119      8.974    16.3017  36.506421    28.2745      8.894  252.64892  252.97095     2.9062     5.9289 0.0000e+00
 147.480122      9.007    16.2969  36.503560    28.2767      8.926  252.66924  252.99103     2.2992     5.6317 0.0000e+00
 147.480124      9.047    16.2914  36.504900    28.2817      8.966  252.68819  253.00970     2.2992     5.6195 0.0000e+00
 147.480127      9.093    16.2889  36.508494    28.2866      9.011  252.69229  253.01365     2.2992     5.6195 0.0000e+00
 147.480130      9.138    16.2877  36.510261    28.2889      9.056  252.69394  253.01524     2.3303     5.6195 0.0000e+00
 147.480133      9.182    16.2854  36.510505    28.2907      9.100  252.70239  253.02357     2.5171     5.3931 0.0000e+00
 147.480136      9.224    16.2834  36.509165    28.2910      9.142  252.71102  253.03199     2.5949     5.3729 0.0000e+00
 147.480139      9.262    16.2816  36.514526    28.2969      9.179  252.71102  253.03199     2.5171     5.3729 0.0000e+00
 147.480142      9.297    16.2807  36.519217    28.2996      9.214  252.71089  253.03180     2.5404     5.3689 0.0000e+00
 147.480145      9.330    16.2798  36.523664    28.3022      9.246  252.71076  253.03161     2.4548     5.3648 -9.990e-29
 147.480148      9.354    16.2798  36.520313    28.3031      9.270  252.70916  253.03001     3.8712     4.9119 -9.990e-29
 147.480150      9.370    16.2801  36.524090    28.3061      9.286  252.70236  253.02320     3.8712     4.9079 -9.990e-29
 147.480153      9.392    16.2791  36.524761    28.3073      9.308  252.70502  253.02581     3.8556     4.8998 -9.990e-29
 147.480156      9.414    16.2759  36.525858    28.3144      9.330  252.70925  253.02984     2.3615     5.4942 -9.990e-29
 147.480159      9.439    16.2760  36.530305    28.3147      9.355  252.70798  253.02857     2.3459     5.4942 0.0000e+00
 147.480162      9.468    16.2759  36.531219    28.3150      9.384  252.70925  253.02984     2.3303     5.4942 0.0000e+00
 147.480165      9.499    16.2751  36.530915    28.3155      9.414  252.71110  253.03166     2.3303     5.4942 0.0000e+00
 147.480168      9.529    16.2739  36.534814    28.3180      9.443  252.71261  253.03310     2.2836     5.4942 0.0000e+00
 147.480171      9.554    16.2728  36.531890    28.3205      9.469  252.71412  253.03454     2.2369     5.5104 -9.990e-29
 147.480174      9.576    16.2687  36.533657    28.3224      9.490  252.73131  253.05153     2.8284     5.7489 -9.990e-29
 147.480177      9.596    16.2663  36.532195    28.3228      9.510  252.74258  253.06268     2.7817     5.7692 -9.990e-29
 147.480179      9.613    16.2643  36.532805    28.3247      9.527  252.74925  253.06926     2.7194     5.7934 -9.990e-29
 147.480182      9.623    16.2619  36.529881    28.3239      9.537  252.76268  253.08258     2.0191     5.5751 -9.990e-29
 147.480185      9.640    16.2594  36.532318    28.3278      9.554  252.76846  253.08823     2.1280     5.5670 -9.990e-29
 147.480188      9.649    16.2586  36.537497    28.3328      9.563  252.76381  253.08351     2.1903     5.5751 -9.990e-29
 147.480191      9.664    16.2571  36.536583    28.3329      9.577  252.77131  253.09093     3.0930     6.0846 -9.990e-29
 147.480194      9.689    16.2565  36.536340    28.3333      9.602  252.77374  253.09333     3.1631     6.0866 0.0000e+00
 147.480197      9.722    16.2558  36.536340    28.3338      9.635  252.77617  253.09573     3.1241     6.0886 0.0000e+00
 147.480200      9.764    16.2547  36.537071    28.3351      9.677  252.77847  253.09797     3.1241     6.0886 0.0000e+00
 147.480203      9.813    16.2547  36.537681    28.3351      9.725  252.77904  253.09855     3.1085     6.0886 0.0000e+00
 147.480205      9.866    16.2550  36.534147    28.3321      9.778  252.78071  253.10027     3.1085     6.0846 0.0000e+00
 147.480208      9.917    16.2550  36.533477    28.3321      9.828  252.78157  253.10106     3.5132     5.1141 0.0000e+00
 147.480211      9.968    16.2543  36.536463    28.3339      9.879  252.78325  253.10279     3.5132     5.1141 0.0000e+00
 147.480214     10.010    16.2537  36.534818    28.3348      9.920  252.78157  253.10106     3.5288     5.1141 0.0000e+00
 147.480217     10.045    16.2534  36.542373    28.3406      9.955  252.77648  253.09589     3.4821     5.1222 0.0000e+00
 147.480220     10.074    16.2532  36.543714    28.3413      9.984  252.77610  253.09550     2.9996     5.2233 0.0000e+00
 147.480223     10.101    16.2530  36.541764    28.3420     10.011  252.77572  253.09510     2.4548     5.3365 -9.990e-29
 147.480226     10.117    16.2508  36.542130    28.3422     10.027  252.78657  253.10585     2.3303     5.3203 -9.990e-29
 147.480229     10.132    16.2492  36.545969    28.3466     10.041  252.78694  253.10611     2.2525     5.3284 -9.990e-29
 147.480231     10.148    16.2471  36.545299    28.3475     10.058  252.79581  253.11489     1.6455     8.8342 -9.990e-29
 147.480234     10.170    16.2460  36.545604    28.3481     10.079  252.80044  253.11946     1.5521     8.7776 -9.990e-29
 147.480237     10.201    16.2449  36.545056    28.3489     10.110  252.80469  253.12365     1.5677     8.7958 0.0000e+00
 147.480240     10.228    16.2437  36.545056    28.3490     10.137  252.80893  253.12784     1.5833     8.7776 0.0000e+00
 147.480243     10.259    16.2436  36.543472    28.3494     10.168  252.81029  253.12920     2.7194     7.2451 0.0000e+00
 147.480246     10.292    16.2432  36.544569    28.3492     10.200  252.81261  253.13150     2.7505     7.2370 0.0000e+00
 147.480249     10.318    16.2436  36.545300    28.3494     10.225  252.81029  253.12920     2.7194     7.2289 -9.990e-29
 147.480252     10.340    16.2473  36.540608    28.3433     10.247  252.80227  253.12139     2.7817     7.2572 -9.990e-29
 147.480255     10.356    16.2480  36.540182    28.3424     10.263  252.80019  253.11934     2.7661     7.2491 -9.990e-29
 147.480258     10.371    16.2490  36.538354    28.3401     10.278  252.79898  253.11819     3.8712     5.3810 -9.990e-29
 147.480260     10.380    16.2497  36.539024    28.3402     10.287  252.79556  253.11481     3.8712     5.3608 -9.990e-29
 147.480263     10.385    16.2499  36.538171    28.3393     10.292  252.79592  253.11518     3.8089     5.3850 -9.990e-29
 147.480266     10.398    16.2499  36.532992    28.3348     10.305  252.80362  253.12291     3.7622     5.3688 -9.990e-29
 147.480269     10.416    16.2502  36.538354    28.3393     10.323  252.79476  253.11403     3.5443     6.6588 -9.990e-29
 147.480272     10.438    16.2507  36.535917    28.3389     10.345  252.79267  253.11197     3.4821     6.5941 -9.990e-29
 147.480275     10.469    16.2510  36.538354    28.3402     10.375  252.78881  253.10811     3.5288     6.6103 0.0000e+00
 147.480278     10.517    16.2514  36.541949    28.3396     10.422  252.78656  253.10590     3.4821     6.5941 0.0000e+00
 147.480281     10.564    16.2514  36.540060    28.3396     10.470  252.78656  253.10590     2.1591     5.7651 0.0000e+00
 147.480284     10.615    16.2504  36.537684    28.3396     10.520  252.79496  253.11425     2.0969     5.7651 0.0000e+00
 147.480286     10.668    16.2485  36.539512    28.3407     10.573  252.79924  253.11842     2.0969     5.7651 0.0000e+00
 147.480289     10.717    16.2462  36.536832    28.3413     10.621  252.80957  253.12856     2.1747     5.7651 0.0000e+00
 147.480292     10.761    16.2457  36.541768    28.3446     10.665  252.80957  253.12856     3.6066     5.3041 0.0000e+00
 147.480295     10.800    16.2457  36.541036    28.3458     10.703  252.80765  253.12668     3.6222     5.3041 0.0000e+00
 147.480298     10.832    16.2465  36.546642    28.3464     10.735  252.80047  253.11953     3.6378     5.3182 0.0000e+00
 147.480301     10.860    16.2473  36.546886    28.3483     10.763  252.79329  253.11237     3.6533     5.3324 -9.990e-29
 147.480304     10.878    16.2475  36.549994    28.3510     10.781  252.78773  253.10681     3.5288     5.3041 -9.990e-29
 147.480307     10.894    16.2455  36.547069    28.3499     10.797  252.79965  253.11864     4.4004     5.7125 -9.990e-29
 147.480310     10.911    16.2436  36.548410    28.3525     10.813  252.80494  253.12382     4.4159     5.7045 -9.990e-29
 147.480313     10.933    16.2416  36.552006    28.3570     10.835  252.80718  253.12594     4.2292     5.6842 -9.990e-29
 147.480315     10.953    16.2385  36.555358    28.3620     10.855  252.81371  253.13231     4.1980     5.7045 -9.990e-29
 147.480318     10.982    16.2351  36.554200    28.3634     10.884  252.82816  253.14659     7.7311     5.4578 -9.990e-29
