seaocn-cb/data/ctd_cnv/SBE19plus_01907321_2024_05_24_Cast41.cnv
* Sea-Bird SBE19plus  Data File:
* FileName = E:\Prandtl_Daten\2024\CTD\raw\SBE19plus_01907321_2024_05_24_Cast41.hex
* Software version 2.6.1.12
* Temperature SN = 7321
* Conductivity SN = 7321
* System UpLoad Time = May 24 2024 10:25:22
* <ApplicationData>
* <Seaterm232>
** 20240524
** Sea Practical 2024
** MCat 24.05 CTD_Z5
** NMEA Latitude = 054 03.55N
** NMEA Longitude = 008 21.58E
** waterdepth = 14.5m
** Isabelle
# nquan = 11
# nvalues = 539                         
# units = specified
# name 0 = timeJ: Julian Days
# name 1 = prdM: Pressure, Strain Gauge [db]
# name 2 = tv290C: Temperature [ITS-90, deg C]
# name 3 = c0mS/cm: Conductivity [mS/cm]
# name 4 = sal00: Salinity, Practical [PSU]
# name 5 = depSM: Depth [salt water, m], lat = 54.00
# name 6 = oxsatMm/Kg: Oxygen Saturation, Weiss [umol/kg]
# name 7 = oxsolMm/Kg: Oxygen Saturation, Garcia & Gordon [umol/kg]
# name 8 = turbWETntu0: Turbidity, WET Labs ECO [NTU]
# name 9 = flECO-AFL: Fluorescence, WET Labs ECO-AFL/FL [mg/m^3]
# name 10 = flag:  0.000e+00
# span 0 = 145.430535, 145.432092       
# span 1 =      0.398,     13.588       
# span 2 =    14.2277,    14.8747       
# span 3 =  37.023026,  37.135658       
# span 4 =    29.8658,    30.3007       
# span 5 =      0.395,     13.466       
# span 6 =  257.11335,  259.75431       
# span 7 =  257.35449,  259.95714       
# span 8 =    -3.8798,     9.8634       
# span 9 =     3.3591,     8.0376       
# span 10 = 0.0000e+00, 0.0000e+00      
# interval = seconds: 0.25
# start_time = May 24 2024 10:18:43 [Instrument's time stamp, header]
# bad_flag = -9.990e-29
*END*
[from data line 263]
 145.431296      7.382    14.3992  37.039188    30.1587      7.316  259.09574  259.30922    -1.1716     6.7032 0.0000e+00
 145.431299      7.464    14.3851  37.040109    30.1705      7.398  259.14900  259.36160    -0.7047     6.4404 0.0000e+00
 145.431302      7.543    14.3721  37.040111    30.1806      7.475  259.19964  259.41144    -0.6891     6.4404 0.0000e+00
 145.431305      7.616    14.3655  37.039010    30.1827      7.548  259.23092  259.44234    -0.7047     6.4485 0.0000e+00
 145.431308      7.683    14.3655  37.036743    30.1827      7.614  259.23092  259.44234    -0.6891     6.4485 0.0000e+00
 145.431311      7.742    14.3674  37.038580    30.1821      7.672  259.22199  259.43353    -0.4712     6.2787 0.0000e+00
 145.431314      7.776    14.3693  37.038519    30.1814      7.706  259.21307  259.42471    -0.2222     6.0967 -9.990e-29
 145.431317      7.800    14.3661  37.034476    30.1801      7.730  259.23204  259.44352    -0.0666     6.0482 -9.990e-29
 145.431319      7.805    14.3693  37.035334    30.1784      7.735  259.21837  259.43004    -0.0821     6.1210 -9.990e-29
 145.431322      7.783    14.3765  37.035578    30.1730      7.714  259.18989  259.40200    -0.2533     6.0927 -9.990e-29
 145.431325      7.758    14.3772  37.035088    30.1720      7.688  259.18803  259.40019     1.0074     6.3272 -9.990e-29
 145.431328      7.727    14.3760  37.038518    30.1761      7.658  259.18713  259.39919     1.1941     6.3312 -9.990e-29
 145.431331      7.694    14.3765  37.036741    30.1741      7.625  259.18824  259.40033     1.1630     6.3474 -9.990e-29
 145.431334      7.664    14.3764  37.035945    30.1735      7.596  259.18980  259.40190     0.9140     6.3757 -9.990e-29
 145.431337      7.643    14.3744  37.040356    30.1790      7.574  259.19024  259.40218     0.3848     6.0765 -9.990e-29
 145.431340      7.637    14.3692  37.042440    30.1849      7.569  259.20704  259.41864     0.4159     6.0967 -9.990e-29
 145.431343      7.643    14.3634  37.042195    30.1892      7.574  259.22995  259.44120     0.3226     6.1290 -9.990e-29
 145.431345      7.661    14.3576  37.040787    30.1925      7.592  259.25476  259.46566     0.3848     6.1210 -9.990e-29
 145.431348      7.694    14.3472  37.038582    30.1996      7.625  259.29694  259.50721     1.6922     7.1763 -9.990e-29
 145.431351      7.743    14.3468  37.039686    30.2006      7.674  259.29762  259.50786     1.6378     7.2188 0.0000e+00
 145.431354      7.803    14.3463  37.041034    30.2015      7.733  259.29830  259.50850     1.6922     7.1763 0.0000e+00
 145.431357      7.867    14.3423  37.042444    30.2058      7.797  259.31154  259.52149     1.5833     7.1642 0.0000e+00
 145.431360      7.940    14.3321  37.043977    30.2152      7.869  259.34885  259.55815     0.1047     6.1978 0.0000e+00
 145.431363      8.020    14.3203  37.043550    30.2239      7.949  259.39517  259.60376     0.0735     6.1735 0.0000e+00
 145.431366      8.101    14.3112  37.042877    30.2262      8.028  259.43196  259.63999     0.0735     6.1735 0.0000e+00
 145.431369      8.183    14.3112  37.036751    30.2262      8.110  259.43196  259.63999     0.0735     6.1735 0.0000e+00
 145.431372      8.263    14.3191  37.035770    30.2177      8.189  259.41265  259.62122     0.0735     6.1978 0.0000e+00
 145.431374      8.333    14.3304  37.032400    30.2059      8.258  259.37462  259.58392    -0.8759     6.3029 0.0000e+00
 145.431377      8.385    14.3347  37.032215    30.2024      8.310  259.35812  259.56769    -0.9070     6.3151 0.0000e+00
 145.431380      8.420    14.3389  37.032950    30.1990      8.345  259.34163  259.55146    -0.9381     6.3272 -9.990e-29
 145.431383      8.431    14.3490  37.032888    30.1918      8.356  259.30169  259.51212    -0.8448     6.2867 -9.990e-29
 145.431386      8.420    14.3509  37.034480    30.1917      8.345  259.29150  259.50204    -0.4557     6.1088 -9.990e-29
 145.431389      8.395    14.3517  37.035154    30.1918      8.319  259.28746  259.49805    -0.5490     6.1371 -9.990e-29
 145.431392      8.351    14.3526  37.032642    30.1888      8.276  259.28800  259.49866    -0.2689     6.1129 -9.990e-29
 145.431395      8.305    14.3536  37.034051    30.1893      8.231  259.28159  259.49231    -0.4401     6.0765 -9.990e-29
 145.431398      8.256    14.3557  37.031968    30.1858      8.182  259.27705  259.48790    -0.2222     6.3797 -9.990e-29
 145.431400      8.221    14.3578  37.033315    30.1854      8.148  259.26665  259.47763    -0.3467     6.3434 -9.990e-29
 145.431403      8.207    14.3591  37.032518    30.1836      8.133  259.26267  259.47374    -0.5335     6.3757 -9.990e-29
 145.431406      8.218    14.3603  37.030619    30.1810      8.144  259.26137  259.47252    -0.4712     6.3878 -9.990e-29
 145.431409      8.256    14.3607  37.032518    30.1824      8.182  259.25656  259.46772    -0.7825     7.1197 -9.990e-29
 145.431412      8.309    14.3612  37.033131    30.1825      8.234  259.25356  259.46475    -0.8136     7.0874 -9.990e-29
 145.431415      8.375    14.3624  37.031722    30.1807      8.300  259.25035  259.46163    -0.7825     7.1157 -9.990e-29
 145.431418      8.444    14.3627  37.032274    30.1791      8.368  259.25164  259.46294    -0.8136     7.1218 0.0000e+00
 145.431421      8.521    14.3630  37.029272    30.1775      8.444  259.25035  259.46163    -0.8448     7.1157 0.0000e+00
 145.431424      8.590    14.3645  37.030130    30.1771      8.513  259.24603  259.45744    -1.1249     6.3878 0.0000e+00
 145.431427      8.652    14.3664  37.030375    30.1758      8.574  259.23807  259.44960    -1.1249     6.3676 0.0000e+00
 145.431429      8.701    14.3690  37.028353    30.1720      8.623  259.23143  259.44314    -1.1249     6.3878 0.0000e+00
 145.431432      8.738    14.3701  37.028169    30.1711      8.659  259.22735  259.43912    -1.1405     6.3777 0.0000e+00
 145.431435      8.763    14.3712  37.027189    30.1701      8.685  259.22327  259.43511    -1.1560     6.3878 -9.990e-29
 145.431438      8.776    14.3745  37.024494    30.1642      8.697  259.21639  259.42846     0.3848     6.5536 -9.990e-29
 145.431441      8.787    14.3753  37.028843    30.1675      8.708  259.20613  259.41822     0.2292     6.5577 -9.990e-29
 145.431444      8.803    14.3758  37.030374    30.1685      8.725  259.20190  259.41401     0.3848     6.5375 -9.990e-29
 145.431447      8.825    14.3762  37.029027    30.1670      8.746  259.20264  259.41478    -0.1599     6.9984 -9.990e-29
 145.431450      8.849    14.3776  37.029455    30.1664      8.770  259.19602  259.40824    -0.1755     7.0065 -9.990e-29
 145.431453      8.878    14.3763  37.029701    30.1674      8.799  259.20085  259.41301    -0.1522     7.0146 0.0000e+00
 145.431455      8.913    14.3751  37.029701    30.1684      8.833  259.20569  259.41777    -0.1288     7.0227 0.0000e+00
 145.431458      8.944    14.3731  37.033806    30.1717      8.864  259.20998  259.42192     0.0657     7.2875 0.0000e+00
 145.431461      8.973    14.3712  37.032888    30.1751      8.893  259.21427  259.42607     0.2603     7.5524 -9.990e-29
 145.431464      8.995    14.3650  37.034236    30.1803      8.914  259.23759  259.44900     0.2759     7.5322 -9.990e-29
 145.431467      9.011    14.3639  37.031295    30.1785      8.931  259.24675  259.45812     0.4159     7.4918 -9.990e-29
 145.431470      9.026    14.3643  37.033133    30.1798      8.945  259.24202  259.45341     0.3537     7.4796 -9.990e-29
 145.431473      9.033    14.3654  37.034910    30.1806      8.952  259.23505  259.44649    -0.1599     7.1157 -9.990e-29
 145.431476      9.038    14.3661  37.033562    30.1789      8.958  259.23461  259.44610    -0.1132     7.1278 -9.990e-29
 145.431479      9.046    14.3660  37.034236    30.1795      8.965  259.23382  259.44529    -0.2066     7.1440 -9.990e-29
 145.431481      9.057    14.3658  37.034236    30.1797      8.976  259.23470  259.44616    -0.0821     7.1480 -9.990e-29
 145.431484      9.079    14.3630  37.033133    30.1811      8.997  259.24694  259.45824     1.2875     7.1036 -9.990e-29
 145.431487      9.108    14.3628  37.033379    30.1829      9.026  259.24460  259.45587     1.3498     7.1056 0.0000e+00
 145.431490      9.142    14.3626  37.037177    30.1848      9.061  259.24285  259.45405     1.4120     7.1076 0.0000e+00
 145.431493      9.177    14.3621  37.038096    30.1860      9.095  259.24285  259.45405     1.4120     7.1076 0.0000e+00
 145.431496      9.212    14.3600  37.037729    30.1873      9.129  259.25136  259.46244     1.2408     7.2896 0.0000e+00
 145.431499      9.250    14.3572  37.036933    30.1887      9.167  259.26349  259.47441     1.2253     7.3057 0.0000e+00
 145.431502      9.292    14.3533  37.038159    30.1929      9.209  259.27673  259.48740     1.1008     7.3300 0.0000e+00
 145.431505      9.343    14.3474  37.038527    30.1978      9.259  259.29897  259.50927     1.0229     7.3057 0.0000e+00
 145.431508      9.383    14.3404  37.036752    30.2017      9.299  259.32936  259.53924    -0.3778     6.6224 0.0000e+00
 145.431510      9.427    14.3346  37.037917    30.2072      9.342  259.35000  259.55951    -0.4245     6.6224 0.0000e+00
 145.431513      9.465    14.3307  37.038101    30.2104      9.380  259.36463  259.57391    -0.3934     6.6224 0.0000e+00
 145.431516      9.500    14.3298  37.038775    30.2113      9.415  259.36807  259.57729    -0.3934     6.6224 0.0000e+00
 145.431519      9.531    14.3296  37.038346    30.2117      9.445  259.36859  259.57779    -0.3467     6.6143 0.0000e+00
 145.431522      9.560    14.3298  37.037182    30.2113      9.475  259.36807  259.57729    -0.3000     6.6062 -9.990e-29
 145.431525      9.578    14.3298  37.040307    30.2130      9.493  259.36463  259.57383     0.6494     6.1371 -9.990e-29
 145.431528      9.589    14.3288  37.040368    30.2138      9.503  259.36833  259.57748     0.6494     6.1735 -9.990e-29
 145.431531      9.600    14.3277  37.040614    30.2149      9.514  259.37233  259.58140     0.4626     6.1614 -9.990e-29
 145.431534      9.604    14.3266  37.040981    30.2162      9.518  259.37612  259.58511    -1.0160     7.4028 -9.990e-29
 145.431536      9.607    14.3259  37.039695    30.2155      9.521  259.38084  259.58980    -0.7825     7.3704 -9.990e-29
 145.431539      9.611    14.3263  37.040798    30.2162      9.525  259.37759  259.58657    -0.8759     7.3826 -9.990e-29
 145.431542      9.616    14.3265  37.040124    30.2154      9.530  259.37781  259.58681    -0.9070     7.4190 -9.990e-29
 145.431545      9.633    14.3258  37.040798    30.2166      9.546  259.37965  259.58859    -1.7008     7.1278 -9.990e-29
 145.431548      9.655    14.3257  37.038347    30.2126      9.568  259.38733  259.59631    -1.6230     7.1602 -9.990e-29
 145.431551      9.682    14.3275  37.036265    30.2094      9.595  259.38297  259.59209    -1.6464     7.1440 0.0000e+00
 145.431554      9.720    14.3294  37.032650    30.2063      9.633  259.37862  259.58786    -1.6385     7.1602 0.0000e+00
 145.431557      9.764    14.3389  37.029953    30.1965      9.677  259.34648  259.55633    -1.6697     7.4675 0.0000e+00
 145.431560      9.819    14.3508  37.027869    30.1853      9.731  259.30341  259.51401    -1.7008     7.5322 0.0000e+00
 145.431563      9.872    14.3622  37.023825    30.1727      9.783  259.26585  259.47718    -1.7008     7.5322 0.0000e+00
 145.431565      9.921    14.3730  37.025784    30.1661      9.832  259.22088  259.43285    -1.6697     7.5322 0.0000e+00
 145.431568      9.964    14.3763  37.026519    30.1638      9.875  259.20728  259.41946    -1.6541     7.5180 0.0000e+00
 145.431571      9.997    14.3797  37.026457    30.1615      9.908  259.19368  259.40607    -1.6385     7.5039 -9.990e-29
 145.431574     10.017    14.3846  37.027192    30.1583      9.928  259.17361  259.38629    -1.5140     6.7518 -9.990e-29
 145.431577     10.032    14.3865  37.027437    30.1570      9.942  259.16591  259.37870    -1.4362     6.7841 -9.990e-29
 145.431580     10.039    14.3881  37.027988    30.1563      9.949  259.15888  259.37176    -1.3273     6.7518 -9.990e-29
 145.431583     10.048    14.3897  37.027437    30.1546      9.958  259.15363  259.36662    -1.6697     7.1561 -9.990e-29
 145.431586     10.056    14.3911  37.027192    30.1532      9.966  259.14848  259.36155    -1.6385     7.0914 -9.990e-29
 145.431589     10.068    14.3924  37.027130    30.1522      9.978  259.14361  259.35677    -1.5763     7.1440 -9.990e-29
 145.431591     10.085    14.3938  37.026518    30.1514      9.994  259.13739  259.35062    -1.0938     7.2774 -9.990e-29
 145.431594     10.112    14.3940  37.027559    30.1519     10.022  259.13582  259.34906    -1.1016     7.2795 0.0000e+00
 145.431597     10.149    14.3941  37.028784    30.1514     10.058  259.13426  259.34750    -1.1094     7.2774 0.0000e+00
 145.431600     10.191    14.3948  37.028356    30.1514     10.099  259.13426  259.34750    -1.1716     7.2653 0.0000e+00
 145.431603     10.236    14.3957  37.024313    30.1470     10.145  259.13234  259.34564    -1.1872     7.2653 0.0000e+00
 145.431606     10.278    14.3967  37.024251    30.1461     10.186  259.13144  259.34488    -1.1716     7.2977 0.0000e+00
 145.431609     10.313    14.3973  37.024251    30.1457     10.221  259.12940  259.34287    -1.1794     7.3098 0.0000e+00
 145.431612     10.340    14.3978  37.025354    30.1453     10.248  259.12736  259.34087    -1.1405     7.2977 -9.990e-29
 145.431615     10.362    14.3996  37.024741    30.1443     10.270  259.11958  259.33320    -1.1716     7.3219 -9.990e-29
 145.431617     10.384    14.4010  37.026273    30.1445     10.291  259.11155  259.32525    -1.1249     7.2896 -9.990e-29
 145.431620     10.404    14.4022  37.025599    30.1430     10.311  259.10827  259.32204    -1.3117     7.5726 -9.990e-29
 145.431623     10.423    14.4029  37.027008    30.1438     10.329  259.10337  259.31716    -1.4673     7.5928 -9.990e-29
 145.431626     10.441    14.4033  37.026028    30.1425     10.347  259.10321  259.31704    -1.4051     7.5403 -9.990e-29
 145.431629     10.463    14.4039  37.025599    30.1417     10.369  259.10158  259.31545    -1.5140     7.6131 -9.990e-29
 145.431632     10.486    14.4041  37.025844    30.1395     10.393  259.10420  259.31811    -0.8759     7.5888 -9.990e-29
 145.431635     10.517    14.4044  37.023455    30.1397     10.423  259.10269  259.31660    -0.8603     7.6252 0.0000e+00
 145.431638     10.543    14.4046  37.024251    30.1395     10.449  259.10117  259.31510    -0.8759     7.5888 0.0000e+00
 145.431641     10.574    14.4051  37.023823    30.1393     10.479  259.09934  259.31330    -0.9304     7.6130 0.0000e+00
 145.431644     10.603    14.4057  37.024313    30.1386     10.508  259.09750  259.31150    -1.0160     7.5645 -9.990e-29
 145.431646     10.621    14.4087  37.023577    30.1360     10.526  259.08622  259.30040    -0.8448     6.9499 -9.990e-29
 145.431649     10.641    14.4104  37.023026    30.1342     10.546  259.08068  259.29498    -0.8603     6.9903 -9.990e-29
 145.431652     10.660    14.4113  37.024496    30.1348     10.564  259.07481  259.28914    -1.0160     6.9701 -9.990e-29
 145.431655     10.682    14.4094  37.024496    30.1373     10.586  259.08037  259.29458     0.7584     6.5455 -9.990e-29
 145.431658     10.707    14.4080  37.025599    30.1388     10.611  259.08490  259.29903     0.8051     6.5415 0.0000e+00
 145.431661     10.735    14.4067  37.026518    30.1402     10.638  259.08943  259.30347     0.7584     6.5375 0.0000e+00
 145.431664     10.764    14.4022  37.029704    30.1466     10.667  259.10185  259.31559     0.8517     6.5172 0.0000e+00
 145.431667     10.795    14.3970  37.030808    30.1516     10.698  259.11998  259.33340     0.7584     6.5172 0.0000e+00
 145.431670     10.829    14.3909  37.029461    30.1552     10.732  259.14618  259.35922     0.2447     6.5900 0.0000e+00
