seaocn-cb/data/ctd_cnv/SBE19plus_01907321_2024_05_22_Cast13.cnv
* Sea-Bird SBE19plus  Data File:
* FileName = E:\Prandtl_Daten\2024\CTD\raw\SBE19plus_01907321_2024_05_21_Cast13.hex
* Software version 2.6.1.12
* Temperature SN = 7321
* Conductivity SN = 7321
* System UpLoad Time = May 22 2024 11:31:09
* <ApplicationData>
* <Seaterm232>
** 20240522
** Sea Practical 2024
** MCat 22.05 CTD_M2
** NMEA Latitude = 54 04.15N
** NMEA Longitude = 008 24.804E
** waterdepth = 9m
** Merle
# nquan = 11
# nvalues = 297                         
# units = specified
# name 0 = timeJ: Julian Days
# name 1 = prdM: Pressure, Strain Gauge [db]
# name 2 = tv290C: Temperature [ITS-90, deg C]
# name 3 = c0mS/cm: Conductivity [mS/cm]
# name 4 = sal00: Salinity, Practical [PSU]
# name 5 = depSM: Depth [salt water, m], lat = 54.00
# name 6 = oxsatMm/Kg: Oxygen Saturation, Weiss [umol/kg]
# name 7 = oxsolMm/Kg: Oxygen Saturation, Garcia & Gordon [umol/kg]
# name 8 = turbWETntu0: Turbidity, WET Labs ECO [NTU]
# name 9 = flECO-AFL: Fluorescence, WET Labs ECO-AFL/FL [mg/m^3]
# name 10 = flag:  0.000e+00
# span 0 = 143.476554, 143.477410       
# span 1 =      0.638,      7.809       
# span 2 =    13.6199,    13.8522       
# span 3 =  36.742284,  36.846076       
# span 4 =    30.3209,    30.5968       
# span 5 =      0.632,      7.739       
# span 6 =  261.71009,  262.46562       
# span 7 =  261.89154,  262.63118       
# span 8 =    -4.3778,    -1.5918       
# span 9 =     4.9766,     6.9499       
# span 10 = 0.0000e+00, 0.0000e+00      
# interval = seconds: 0.25
# start_time = May 22 2024 11:24:52 [Instrument's time stamp, header]
# bad_flag = -9.990e-29
*END*
[from data line 132]
 143.476936      3.908    13.7306  36.802592    30.4699      3.873  262.09827  262.27135    -3.9109     5.8622 -9.990e-29
 143.476939      3.924    13.7302  36.805281    30.4729      3.889  262.09485  262.26788    -3.9732     6.0927 -9.990e-29
 143.476942      3.955    13.7297  36.805526    30.4746      3.920  262.09456  262.26754    -3.8331     6.0886 0.0000e+00
 143.476944      4.001    13.7292  36.808337    30.4763      3.965  262.09485  262.26788    -3.7708     6.0846 0.0000e+00
 143.476947      4.061    13.7275  36.808643    30.4779      4.025  262.10049  262.27331    -3.7708     6.0846 0.0000e+00
 143.476950      4.117    13.7267  36.809315    30.4791      4.080  262.10064  262.27334    -3.8175     6.0846 0.0000e+00
 143.476953      4.174    13.7260  36.812249    30.4820      4.136  262.10260  262.27537    -3.8175     5.5104 0.0000e+00
 143.476956      4.223    13.7256  36.811149    30.4822      4.185  262.10318  262.27585    -3.7942     5.5043 0.0000e+00
 143.476959      4.256    13.7251  36.809072    30.4820      4.218  262.10572  262.27837    -3.7553     5.5104 -9.990e-29
 143.476962      4.281    13.7237  36.810050    30.4822      4.243  262.11342  262.28598    -3.9109     5.4982 -9.990e-29
 143.476965      4.287    13.7237  36.807300    30.4796      4.249  262.11773  262.29033    -3.7708     5.4821 -9.990e-29
 143.476968      4.283    13.7243  36.808644    30.4804      4.245  262.11344  262.28606    -4.1132     6.1654 -9.990e-29
 143.476970      4.274    13.7250  36.807300    30.4786      4.236  262.11278  262.28545    -4.0043     6.1654 -9.990e-29
 143.476973      4.276    13.7250  36.807055    30.4784      4.238  262.11319  262.28586    -4.2066     6.1290 -9.990e-29
 143.476976      4.287    13.7227  36.809316    30.4845      4.248  262.11437  262.28685    -4.1132     5.5629 -9.990e-29
 143.476979      4.316    13.7221  36.811761    30.4854      4.278  262.11579  262.28824    -4.1132     5.5670 0.0000e+00
 143.476982      4.349    13.7216  36.812678    30.4862      4.310  262.11722  262.28963    -4.1132     5.5629 0.0000e+00
 143.476985      4.396    13.7203  36.813351    30.4878      4.357  262.12108  262.29339    -4.1132     5.5629 0.0000e+00
 143.476988      4.444    13.7178  36.817385    30.4929      4.404  262.12426  262.29637    -4.0510     5.5629 0.0000e+00
 143.476991      4.489    13.7144  36.813841    30.4935      4.449  262.14361  262.31554    -3.8953     5.5629 0.0000e+00
 143.476994      4.531    13.7105  36.820381    30.5020      4.491  262.14812  262.31973    -3.8175     5.5670 0.0000e+00
 143.476997      4.571    13.7081  36.819770    30.5037      4.531  262.15810  262.32956    -3.8564     5.5569 0.0000e+00
 143.476999      4.604    13.7057  36.820382    30.5053      4.563  262.16809  262.33939    -3.8175     5.5670 -9.990e-29
 143.477002      4.626    13.7012  36.819037    30.5082      4.585  262.18740  262.35841    -4.0977     5.5063 -9.990e-29
 143.477005      4.639    13.7025  36.820199    30.5082      4.598  262.18022  262.35131    -4.0354     5.4861 -9.990e-29
 143.477008      4.648    13.7043  36.819037    30.5057      4.607  262.17519  262.34640    -4.0666     5.4861 -9.990e-29
 143.477011      4.663    13.7049  36.821237    30.5073      4.621  262.16919  262.34042    -4.0043     5.4861 -9.990e-29
 143.477014      4.681    13.7035  36.826861    30.5136      4.639  262.16531  262.33640    -3.9887     5.4901 -9.990e-29
 143.477017      4.698    13.6982  36.826861    30.5178      4.656  262.18627  262.35701    -3.5841     5.5670 -9.990e-29
 143.477020      4.721    13.6850  36.827107    30.5252      4.679  262.24402  262.41392    -3.5529     5.5387 -9.990e-29
 143.477023      4.751    13.6833  36.823501    30.5291      4.708  262.24611  262.41588    -3.5685     5.5427 0.0000e+00
 143.477025      4.782    13.6816  36.829003    30.5305      4.739  262.24820  262.41783    -3.5841     5.5468 0.0000e+00
 143.477028      4.809    13.6800  36.824847    30.5329      4.766  262.25373  262.42326    -3.7708     5.5508 0.0000e+00
 143.477031      4.842    13.6799  36.829370    30.5339      4.798  262.25842  262.42792    -3.9265     5.5791 0.0000e+00
 143.477034      4.873    13.6795  36.828148    30.5339      4.829  262.25842  262.42792    -3.9265     5.5791 0.0000e+00
 143.477037      4.907    13.6795  36.825520    30.5313      4.864  262.25842  262.42792    -3.7864     5.5791 0.0000e+00
 143.477040      4.940    13.6803  36.826009    30.5309      4.896  262.25882  262.42840    -3.7008     5.5994 0.0000e+00
 143.477043      4.975    13.6811  36.822952    30.5305      4.930  262.25536  262.42499    -3.6152     5.6317 -9.990e-29
 143.477046      4.998    13.6822  36.826009    30.5296      4.954  262.25104  262.42074    -3.4907     5.6276 -9.990e-29
 143.477049      5.015    13.6816  36.828454    30.5323      4.970  262.24928  262.41892    -3.6774     5.6276 -9.990e-29
 143.477052      5.033    13.6806  36.827904    30.5326      4.988  262.25399  262.42357    -3.8487     5.7813 -9.990e-29
 143.477054      5.050    13.6799  36.830471    30.5355      5.004  262.25261  262.42212    -3.8331     5.7449 -9.990e-29
 143.477057      5.072    13.6795  36.827109    30.5327      5.026  262.25972  262.42923    -3.7086     5.7570 -9.990e-29
 143.477060      5.097    13.6794  36.826437    30.5322      5.052  262.26144  262.43095    -3.8175     5.7813 -9.990e-29
 143.477063      5.121    13.6817  36.821914    30.5278      5.075  262.25668  262.42637    -4.0510     5.3729 -9.990e-29
 143.477066      5.157    13.6836  36.823748    30.5245      5.111  262.25245  262.42228    -4.1133     5.3708 0.0000e+00
 143.477069      5.190    13.6855  36.819958    30.5213      5.144  262.24822  262.41819    -4.1132     5.3729 0.0000e+00
 143.477072      5.230    13.6903  36.817207    30.5149      5.183  262.23365  262.40396    -4.1132     5.3688 0.0000e+00
 143.477075      5.268    13.6921  36.818307    30.5140      5.221  262.22575  262.39618    -4.1132     5.3729 0.0000e+00
 143.477078      5.298    13.6939  36.822341    30.5131      5.250  262.21786  262.38840    -4.1132     5.3567 -9.990e-29
 143.477080      5.320    13.6960  36.820141    30.5131      5.272  262.20639  262.37705    -3.7708     5.5144 -9.990e-29
 143.477083      5.336    13.6973  36.814946    30.5072      5.288  262.20986  262.38066    -3.8953     5.4982 -9.990e-29
 143.477086      5.349    13.6997  36.815007    30.5054      5.301  262.20045  262.37140    -3.8331     5.4861 -9.990e-29
 143.477089      5.365    13.6991  36.818551    30.5091      5.317  262.19686  262.36774    -4.0510     5.7045 -9.990e-29
 143.477092      5.382    13.6976  36.814274    30.5064      5.333  262.21014  262.38096    -4.0821     5.7287 -9.990e-29
 143.477095      5.403    13.7015  36.810301    30.5058      5.355  262.19025  262.36130    -3.9887     5.7045 -9.990e-29
 143.477098      5.431    13.7017  36.816962    30.5065      5.382  262.18785  262.35891    -4.0277     5.4477 0.0000e+00
 143.477101      5.460    13.7017  36.818796    30.5065      5.411  262.18785  262.35891    -4.0277     5.4477 0.0000e+00
 143.477104      5.490    13.7019  36.817879    30.5071      5.441  262.18545  262.35651    -4.0666     5.1909 -9.990e-29
 143.477106      5.514    13.6998  36.821058    30.5108      5.465  262.18985  262.36076    -4.0510     5.2030 -9.990e-29
 143.477109      5.544    13.6989  36.823319    30.5136      5.494  262.18986  262.36069    -4.0354     5.2152 -9.990e-29
 143.477112      5.567    13.6927  36.822158    30.5182      5.517  262.21496  262.38538    -3.7708     5.4416 -9.990e-29
 143.477115      5.596    13.6927  36.822953    30.5182      5.546  262.21496  262.38538    -3.7708     5.4416 0.0000e+00
 143.477118      5.622    13.6927  36.824421    30.5182      5.572  262.21496  262.38538    -3.7708     5.4416 -9.990e-29
 143.477121      5.646    13.6834  36.824177    30.5252      5.595  262.25239  262.42220    -3.9109     5.4538 -9.990e-29
 143.477124      5.680    13.6830  36.822527    30.5269      5.629  262.25163  262.42140    -3.8408     5.6135 0.0000e+00
 143.477127      5.713    13.6825  36.825522    30.5286      5.662  262.25239  262.42220    -3.8331     5.7570 0.0000e+00
 143.477130      5.753    13.6815  36.826867    30.5286      5.702  262.25331  262.42295    -3.8331     5.7570 0.0000e+00
 143.477133      5.797    13.6815  36.822772    30.5271      5.745  262.25331  262.42295    -3.8331     5.7570 0.0000e+00
 143.477135      5.845    13.6828  36.824178    30.5269      5.792  262.25206  262.42182    -3.8175     5.7045 0.0000e+00
 143.477138      5.887    13.6839  36.823505    30.5260      5.834  262.24856  262.41840    -3.7630     5.5973 0.0000e+00
 143.477141      5.916    13.6849  36.823383    30.5248      5.863  262.24507  262.41497    -3.7086     5.4901 -9.990e-29
 143.477144      5.938    13.6872  36.820572    30.5203      5.885  262.24100  262.41108    -3.8953     5.4942 -9.990e-29
 143.477147      5.947    13.6875  36.824178    30.5234      5.894  262.23380  262.40387    -3.5996     5.4942 -9.990e-29
 143.477150      5.947    13.6880  36.819349    30.5185      5.894  262.23985  262.41000    -3.5529     5.8217 -9.990e-29
 143.477153      5.938    13.6882  36.822833    30.5215      5.885  262.23314  262.40326    -3.5685     5.8258 -9.990e-29
 143.477156      5.930    13.6889  36.823505    30.5216      5.877  262.22939  262.39955    -3.5374     5.7692 -9.990e-29
 143.477159      5.934    13.6894  36.822955    30.5207      5.881  262.22827  262.39848    -3.6152     5.8379 -9.990e-29
 143.477161      5.943    13.6895  36.822833    30.5208      5.890  262.22780  262.39801    -4.0977     6.1493 -9.990e-29
 143.477164      5.969    13.6889  36.823077    30.5215      5.915  262.22983  262.39999    -4.0977     6.1614 0.0000e+00
 143.477167      6.007    13.6882  36.823628    30.5222      5.953  262.23185  262.40197    -4.0977     6.1493 0.0000e+00
 143.477170      6.056    13.6870  36.825095    30.5245      6.002  262.23185  262.40197    -4.0354     6.1735 0.0000e+00
 143.477173      6.111    13.6864  36.828457    30.5268      6.056  262.23408  262.40411    -3.9420     6.1452 0.0000e+00
 143.477176      6.166    13.6858  36.826624    30.5272      6.110  262.23625  262.40619    -3.5218     5.6519 0.0000e+00
 143.477179      6.222    13.6851  36.826440    30.5272      6.167  262.23950  262.40940    -3.5218     5.6357 0.0000e+00
 143.477182      6.266    13.6849  36.826441    30.5274      6.210  262.24039  262.41027    -3.5607     5.6236 0.0000e+00
 143.477185      6.297    13.6847  36.826624    30.5276      6.241  262.24128  262.41114    -3.5996     5.6115 -9.990e-29
 143.477188      6.317    13.6839  36.823752    30.5257      6.260  262.24873  262.41857    -3.8487     5.7732 -9.990e-29
 143.477190      6.332    13.6833  36.827358    30.5294      6.275  262.24502  262.41479    -3.8175     5.7409 -9.990e-29
 143.477193      6.337    13.6830  36.826441    30.5288      6.280  262.24772  262.41748    -3.8642     5.7732 -9.990e-29
 143.477196      6.348    13.6830  36.826686    30.5291      6.291  262.24761  262.41736    -3.8487     5.7409 -9.990e-29
 143.477199      6.359    13.6824  36.826441    30.5293      6.302  262.25036  262.42007    -3.7708     6.1088 -9.990e-29
 143.477202      6.379    13.6811  36.826014    30.5318      6.322  262.25268  262.42229    -3.8953     6.0886 -9.990e-29
 143.477205      6.415    13.6811  36.828031    30.5307      6.358  262.25473  262.42435    -3.8564     6.0846 0.0000e+00
 143.477208      6.459    13.6811  36.825769    30.5297      6.401  262.25679  262.42642    -3.8175     6.0886 0.0000e+00
 143.477211      6.510    13.6811  36.823997    30.5297      6.452  262.25679  262.42642    -3.8175     6.0805 0.0000e+00
 143.477214      6.561    13.6811  36.827053    30.5308      6.503  262.25441  262.42404    -3.8175     5.5144 0.0000e+00
 143.477216      6.600    13.6813  36.827359    30.5308      6.541  262.25344  262.42308    -3.8098     5.5104 0.0000e+00
 143.477219      6.629    13.6815  36.827115    30.5308      6.570  262.25247  262.42212    -3.8487     5.5063 -9.990e-29
 143.477222      6.642    13.6806  36.828337    30.5324      6.582  262.25435  262.42393    -3.8953     5.5225 -9.990e-29
 143.477225      6.651    13.6797  36.828949    30.5337      6.591  262.25711  262.42663    -3.1171     5.9430 -9.990e-29
 143.477228      6.653    13.6800  36.828276    30.5328      6.593  262.25679  262.42633    -3.1483     5.9592 -9.990e-29
 143.477231      6.653    13.6808  36.829010    30.5329      6.593  262.25265  262.42224    -3.0549     5.9390 -9.990e-29
 143.477234      6.651    13.6812  36.828276    30.5319      6.591  262.25213  262.42175    -3.0549     5.9390 -9.990e-29
 143.477237      6.656    13.6819  36.824425    30.5278      6.597  262.25597  262.42567    -2.8525     6.3272 -9.990e-29
 143.477240      6.669    13.6822  36.827054    30.5300      6.609  262.25041  262.42011    -2.9771     6.3717 -9.990e-29
 143.477242      6.687    13.6808  36.830966    30.5332      6.627  262.25208  262.42166    -2.8992     6.3474 -9.990e-29
 143.477245      6.722    13.6787  36.829377    30.5367      6.662  262.25676  262.42618    -3.3739     6.0502 0.0000e+00
 143.477248      6.766    13.6766  36.833534    30.5403      6.705  262.26143  262.43071    -3.8487     5.7894 0.0000e+00
 143.477251      6.818    13.6713  36.831395    30.5425      6.757  262.28599  262.45494    -3.8487     5.7530 0.0000e+00
 143.477254      6.880    13.6690  36.832740    30.5456      6.819  262.29309  262.46186    -3.7864     5.7692 0.0000e+00
 143.477257      6.941    13.6676  36.833291    30.5472      6.878  262.29744  262.46612    -3.7864     5.7570 0.0000e+00
 143.477260      6.997    13.6657  36.832069    30.5476      6.934  262.30738  262.47594    -3.7864     5.7570 0.0000e+00
 143.477263      7.044    13.6640  36.836593    30.5511      6.981  262.31029  262.47872    -3.7164     5.6620 0.0000e+00
 143.477266      7.079    13.6623  36.833109    30.5545      7.016  262.31320  262.48150    -3.5529     5.5670 -9.990e-29
 143.477269      7.101    13.6584  36.835249    30.5563      7.038  262.33090  262.49896    -3.6152     5.5670 -9.990e-29
 143.477271      7.110    13.6578  36.835249    30.5568      7.047  262.33323  262.50125    -3.5841     5.5670 -9.990e-29
 143.477274      7.114    13.6566  36.833537    30.5562      7.050  262.34076  262.50872    -3.5218     6.4081 -9.990e-29
 143.477277      7.114    13.6554  36.834332    30.5579      7.050  262.34437  262.51224    -3.4751     6.4081 -9.990e-29
 143.477280      7.114    13.6547  36.835249    30.5593      7.050  262.34545  262.51326    -3.6308     6.3959 -9.990e-29
 143.477283      7.125    13.6541  36.835249    30.5597      7.061  262.34778  262.51556    -3.5685     6.3919 -9.990e-29
 143.477286      7.145    13.6509  36.838367    30.5660      7.081  262.35355  262.52108    -1.6385     6.3474 -9.990e-29
 143.477289      7.179    13.6494  36.839284    30.5660      7.115  262.36182  262.52927    -1.6152     6.3616 0.0000e+00
 143.477292      7.223    13.6478  36.836717    30.5660      7.159  262.37010  262.53745    -1.5918     6.3474 0.0000e+00
 143.477295      7.267    13.6456  36.840202    30.5708      7.202  262.37329  262.54046    -1.5918     6.3393 0.0000e+00
 143.477297      7.311    13.6438  36.838369    30.5711      7.245  262.38337  262.55044    -3.2105     5.5185 0.0000e+00
 143.477300      7.349    13.6431  36.839347    30.5718      7.283  262.38562  262.55263    -3.2805     5.4983 0.0000e+00
 143.477303      7.382    13.6423  36.840203    30.5729      7.316  262.38786  262.55482    -3.3506     5.4780 -9.990e-29
 143.477306      7.404    13.6401  36.839042    30.5743      7.338  262.39684  262.56366    -3.3817     5.5144 -9.990e-29
 143.477309      7.413    13.6391  36.838492    30.5746      7.347  262.40184  262.56860    -3.3817     5.4942 -9.990e-29
