seaocn-cb/data/ctd_cnv/SBE19plus_01907321_2024_05_27_Cast67.cnv
* Sea-Bird SBE19plus  Data File:
* FileName = E:\Prandtl_Daten\2024\27052024\raw\SBE19plus_01907321_2024_05_26_Cast67.hex
* Software version 2.6.1.12
* Temperature SN = 7321
* Conductivity SN = 7321
* System UpLoad Time = May 27 2024 06:34:59
* <ApplicationData>
* <Seaterm232>
** 20240527
** Sea Practical 2024
** MCat 27.05 CTD_SP1
** NMEA Latitude = 054 07.814N
** NMEA Longitude = 008 46.850E
** waterdepth =13.2 m
** Merle
# nquan = 11
# nvalues = 484                         
# units = specified
# name 0 = timeJ: Julian Days
# name 1 = prdM: Pressure, Strain Gauge [db]
# name 2 = tv290C: Temperature [ITS-90, deg C]
# name 3 = c0mS/cm: Conductivity [mS/cm]
# name 4 = sal00: Salinity, Practical [PSU]
# name 5 = depSM: Depth [salt water, m], lat = 54.00
# name 6 = oxsatMm/Kg: Oxygen Saturation, Weiss [umol/kg]
# name 7 = oxsolMm/Kg: Oxygen Saturation, Garcia & Gordon [umol/kg]
# name 8 = turbWETntu0: Turbidity, WET Labs ECO [NTU]
# name 9 = flECO-AFL: Fluorescence, WET Labs ECO-AFL/FL [mg/m^3]
# name 10 = flag:  0.000e+00
# span 0 = 148.269184, 148.270582       
# span 1 =      0.437,     11.948       
# span 2 =    18.6715,    18.7262       
# span 3 =  36.310018,  36.324859       
# span 4 =    26.4896,    26.5242       
# span 5 =      0.433,     11.841       
# span 6 =  243.97661,  244.18172       
# span 7 =  244.40473,  244.60781       
# span 8 =     7.9957,    36.1358       
# span 9 =     2.5302,     4.5682       
# span 10 = 0.0000e+00, 0.0000e+00      
# interval = seconds: 0.25
# start_time = May 27 2024 06:26:17 [Instrument's time stamp, header]
# bad_flag = -9.990e-29
*END*
[from data line 394]
 148.270324     11.233    18.6764  36.318931    26.5197     11.133  244.16495  244.59123    22.0657     3.6301 -9.990e-29
 148.270327     11.253    18.6766  36.322213    26.5204     11.153  244.16297  244.58926    22.8906     3.8484 -9.990e-29
 148.270330     11.283    18.6765  36.319964    26.5208     11.181  244.16253  244.58882    22.9763     3.8525 0.0000e+00
 148.270333     11.317    18.6766  36.320876    26.5204     11.216  244.16297  244.58926    22.8906     3.8565 0.0000e+00
 148.270336     11.358    18.6767  36.318445    26.5212     11.256  244.16209  244.58837    22.9529     3.8565 0.0000e+00
 148.270339     11.396    18.6767  36.321363    26.5209     11.294  244.16058  244.58687    22.9529     3.8606 0.0000e+00
 148.270341     11.431    18.6769  36.320876    26.5214     11.328  244.16054  244.58683    22.9529     3.8444 0.0000e+00
 148.270344     11.461    18.6773  36.321849    26.5209     11.359  244.15805  244.58435    18.6105     3.0882 0.0000e+00
 148.270347     11.492    18.6779  36.321120    26.5204     11.390  244.15683  244.58316    18.5327     3.0882 0.0000e+00
 148.270350     11.524    18.6783  36.320694    26.5198     11.420  244.15612  244.58248    18.5327     3.0963 0.0000e+00
 148.270353     11.553    18.6786  36.319783    26.5189     11.449  244.15612  244.58248    18.5327     3.1044 0.0000e+00
 148.270356     11.580    18.6787  36.317594    26.5189     11.477  244.15612  244.58248    18.6261     3.6665 0.0000e+00
 148.270359     11.610    18.6787  36.320573    26.5182     11.506  244.15675  244.58313    18.6806     3.6746 0.0000e+00
 148.270362     11.637    18.6787  36.319600    26.5194     11.533  244.15479  244.58115    18.7350     3.6826 -9.990e-29
 148.270365     11.659    18.6796  36.317595    26.5164     11.554  244.15531  244.58172    18.7973     3.6543 -9.990e-29
 148.270367     11.679    18.6797  36.318932    26.5174     11.574  244.15323  244.57964    21.5366     3.4077 -9.990e-29
 148.270370     11.699    18.6801  36.319600    26.5177     11.594  244.15079  244.57721    21.5988     3.4238 -9.990e-29
 148.270373     11.717    18.6805  36.318446    26.5165     11.612  244.15107  244.57751    21.3654     3.4117 -9.990e-29
 148.270376     11.736    18.6806  36.313583    26.5125     11.631  244.15721  244.58367    21.4587     3.4441 -9.990e-29
 148.270379     11.756    18.6808  36.320026    26.5176     11.650  244.14774  244.57418    23.9490     3.4643 -9.990e-29
 148.270382     11.776    18.6812  36.315346    26.5135     11.670  244.15270  244.57917    23.7622     3.4764 -9.990e-29
 148.270385     11.796    18.6807  36.318020    26.5160     11.690  244.15104  244.57749    23.6844     3.4764 -9.990e-29
 148.270388     11.805    18.6803  36.318264    26.5165     11.699  244.15198  244.57841    23.7000     3.4683 -9.990e-29
 148.270391     11.812    18.6812  36.313340    26.5119     11.707  244.15537  244.58186    23.8556     3.4602 -9.990e-29
 148.270394     11.818    18.6820  36.314252    26.5121     11.712  244.15134  244.57785    23.0307     3.3106 -9.990e-29
 148.270396     11.823    18.6818  36.314678    26.5126     11.717  244.15141  244.57791    23.0774     3.2783 -9.990e-29
 148.270399     11.829    18.6822  36.318446    26.5154     11.723  244.14516  244.57166    23.0774     3.3308 -9.990e-29
 148.270402     11.830    18.6826  36.317413    26.5143     11.725  244.14496  244.57148    22.9062     3.2945 -9.990e-29
 148.270405     11.829    18.6828  36.317109    26.5139     11.723  244.14474  244.57127    25.8012     3.5371 -9.990e-29
 148.270408     11.827    18.6830  36.315589    26.5126     11.721  244.14581  244.57235    25.8790     3.5330 -9.990e-29
 148.270411     11.818    18.6829  36.317777    26.5144     11.712  244.14322  244.56975    26.1280     3.5573 -9.990e-29
 148.270414     11.810    18.6830  36.318446    26.5149     11.705  244.14201  244.56855    26.1124     3.5290 -9.990e-29
 148.270417     11.803    18.6831  36.318263    26.5147     11.697  244.14194  244.56848    26.1903     3.5896 -9.990e-29
 148.270420     11.799    18.6835  36.319114    26.5151     11.694  244.13924  244.56579    26.1591     3.6099 -9.990e-29
 148.270422     11.798    18.6835  36.319600    26.5155     11.692  244.13891  244.56545    26.1280     3.5937 -9.990e-29
 148.270425     11.798    18.6835  36.319783    26.5157     11.692  244.13867  244.56521    26.1903     3.6018 -9.990e-29
 148.270428     11.798    18.6835  36.319783    26.5157     11.692  244.13867  244.56521    23.7778     3.3470 -9.990e-29
 148.270431     11.798    18.6831  36.318263    26.5147     11.692  244.14194  244.56847    24.0891     3.3672 -9.990e-29
 148.270434     11.803    18.6828  36.317109    26.5139     11.698  244.14441  244.57094    23.7622     3.3430 -9.990e-29
 148.270437     11.811    18.6821  36.317352    26.5146     11.705  244.14692  244.57342    23.8712     3.3591 -9.990e-29
 148.270440     11.820    18.6812  36.318264    26.5159     11.714  244.14885  244.57531    23.9334     3.3308 -9.990e-29
 148.270443     11.827    18.6803  36.317595    26.5159     11.721  244.15288  244.57931    22.9996     3.5815 -9.990e-29
 148.270446     11.832    18.6801  36.317838    26.5163     11.726  244.15350  244.57992    23.0307     3.5452 -9.990e-29
 148.270448     11.834    18.6798  36.318446    26.5169     11.728  244.15363  244.58005    22.8284     3.5371 -9.990e-29
 148.270451     11.838    18.6798  36.318932    26.5173     11.732  244.15299  244.57940    22.9996     3.5613 -9.990e-29
 148.270454     11.840    18.6799  36.319601    26.5178     11.734  244.15179  244.57820    27.9334     3.7959 -9.990e-29
 148.270457     11.836    18.6799  36.319358    26.5176     11.730  244.15211  244.57852    27.9490     3.8120 -9.990e-29
 148.270460     11.834    18.6799  36.319783    26.5180     11.728  244.15155  244.57796    28.0113     3.7918 -9.990e-29
 148.270463     11.822    18.6801  36.318689    26.5170     11.716  244.15236  244.57879    27.7934     3.8201 -9.990e-29
 148.270466     11.807    18.6800  36.319358    26.5176     11.701  244.15179  244.57820    32.7272     4.5601 -9.990e-29
 148.270469     11.782    18.6798  36.320209    26.5184     11.676  244.15127  244.57768    32.8673     4.5682 -9.990e-29
 148.270472     11.765    18.6795  36.319358    26.5179     11.660  244.15333  244.57973    32.8673     4.5520 -9.990e-29
 148.270475     11.752    18.6795  36.316926    26.5159     11.647  244.15655  244.58296    32.8362     4.5601 -9.990e-29
 148.270477     11.745    18.6797  36.319297    26.5177     11.640  244.15278  244.57918    31.0463     3.7231 -9.990e-29
 148.270480     11.752    18.6799  36.319114    26.5174     11.647  244.15240  244.57881    30.9840     3.7433 -9.990e-29
 148.270483     11.767    18.6801  36.319114    26.5182     11.662  244.15034  244.57675    30.9996     3.6988 -9.990e-29
 148.270486     11.796    18.6799  36.320209    26.5182     11.691  244.15094  244.57735    30.9841     3.7069 0.0000e+00
 148.270489     11.824    18.6799  36.320026    26.5182     11.718  244.15094  244.57735    30.9841     3.7069 0.0000e+00
 148.270492     11.858    18.6798  36.319115    26.5182     11.752  244.15153  244.57794    30.9685     3.7150 -9.990e-29
 148.270495     11.880    18.6781  36.319358    26.5187     11.774  244.15841  244.58475    31.3887     3.6260 -9.990e-29
 148.270498     11.895    18.6775  36.321364    26.5207     11.788  244.15795  244.58426    31.2953     3.6058 -9.990e-29
 148.270501     11.891    18.6771  36.320027    26.5199     11.785  244.16129  244.58759    31.2642     3.6341 -9.990e-29
 148.270503     11.871    18.6764  36.319358    26.5198     11.765  244.16468  244.59096    32.2447     3.6058 -9.990e-29
 148.270506     11.840    18.6756  36.319723    26.5206     11.734  244.16700  244.59325    32.3070     3.5937 -9.990e-29
 148.270509     11.802    18.6748  36.317596    26.5194     11.696  244.17263  244.59886    32.3226     3.5735 -9.990e-29
 148.270512     11.765    18.6745  36.320452    26.5220     11.660  244.17008  244.59628    32.1980     3.6099 -9.990e-29
 148.270515     11.738    18.6740  36.317778    26.5201     11.633  244.17518  244.60138    33.1008     3.7635 -9.990e-29
 148.270518     11.723    18.6740  36.320695    26.5225     11.618  244.17162  244.59780    33.1008     3.7312 -9.990e-29
 148.270521     11.723    18.6738  36.319115    26.5214     11.618  244.17434  244.60053    33.3342     3.7393 -9.990e-29
 148.270524     11.736    18.6736  36.319358    26.5217     11.631  244.17466  244.60083    33.2408     3.7271 -9.990e-29
 148.270527     11.769    18.6734  36.321364    26.5234     11.664  244.17264  244.59880    32.1202     3.6543 -9.990e-29
 148.270530     11.806    18.6731  36.320878    26.5225     11.700  244.17570  244.60185    31.9179     3.6786 -9.990e-29
 148.270532     11.844    18.6732  36.320027    26.5224     11.738  244.17516  244.60132    31.9879     3.6705 0.0000e+00
 148.270535     11.880    18.6732  36.320149    26.5224     11.774  244.17516  244.60132    31.9879     3.6705 0.0000e+00
 148.270538     11.908    18.6733  36.321547    26.5224     11.801  244.17461  244.60078    32.0580     3.6624 -9.990e-29
 148.270541     11.919    18.6733  36.320028    26.5223     11.812  244.17479  244.60095    34.8284     3.7635 -9.990e-29
 148.270544     11.908    18.6733  36.321122    26.5233     11.801  244.17365  244.59980    34.8595     3.7554 -9.990e-29
 148.270547     11.881    18.6732  36.322033    26.5241     11.774  244.17274  244.59889    34.6883     3.7231 -9.990e-29
 148.270550     11.841    18.6729  36.321425    26.5237     11.735  244.17447  244.60061    34.9529     3.7393 -9.990e-29
 148.270553     11.788    18.6729  36.320878    26.5233     11.682  244.17517  244.60131    35.1241     3.6907 -9.990e-29
 148.270556     11.748    18.6726  36.321547    26.5241     11.642  244.17552  244.60165    34.9529     3.6624 -9.990e-29
 148.270558     11.709    18.6724  36.318447    26.5217     11.605  244.18024  244.60638    35.0774     3.6746 -9.990e-29
 148.270561     11.696    18.6724  36.321121    26.5239     11.592  244.17669  244.60281    34.9996     3.6705 -9.990e-29
 148.270564     11.697    18.6723  36.320999    26.5238     11.592  244.17717  244.60328    34.9373     3.7959 -9.990e-29
 148.270567     11.726    18.6723  36.320452    26.5234     11.621  244.17791  244.60402    34.7661     3.7756 -9.990e-29
 148.270570     11.770    18.6724  36.321547    26.5242     11.664  244.17616  244.60228    35.0930     3.8242 -9.990e-29
 148.270573     11.822    18.6725  36.320210    26.5221     11.717  244.17912  244.60526    35.8712     3.5815 -9.990e-29
 148.270576     11.885    18.6725  36.319116    26.5221     11.778  244.17912  244.60526    35.8712     3.5815 0.0000e+00
 148.270579     11.926    18.6725  36.318447    26.5221     11.820  244.17912  244.60526    35.8712     3.5815 -9.990e-29
 148.270582     11.948    18.6715  36.319785    26.5233     11.841  244.18172  244.60781    36.1358     3.6382 -9.990e-29
