seaocn-cb/data/ctd_cnv/SBE19plus_01907321_2024_05_30_Cast116.cnv
* Sea-Bird SBE19plus  Data File:
* FileName = E:\Prandtl_Daten\2024\30052024\raw\SBE19plus_01907321_2024_05_30_Cast116.hex
* Software version 2.6.1.12
* Temperature SN = 7321
* Conductivity SN = 7321
* System UpLoad Time = May 30 2024 10:40:10
* <ApplicationData>
* <Seaterm232>
** 20240530
** Sea Practical 2024
** MCat 30.05 CTD_Mooring 1
** NMEA Latitude = 54 07.562N
** NMEA Longitude = 008 27.957E
** waterdepth = 6.0m
** Isabelle
# nquan = 11
# nvalues = 197                         
# units = specified
# name 0 = timeJ: Julian Days
# name 1 = prdM: Pressure, Strain Gauge [db]
# name 2 = tv290C: Temperature [ITS-90, deg C]
# name 3 = c0mS/cm: Conductivity [mS/cm]
# name 4 = sal00: Salinity, Practical [PSU]
# name 5 = depSM: Depth [salt water, m], lat = 54.00
# name 6 = oxsatMm/Kg: Oxygen Saturation, Weiss [umol/kg]
# name 7 = oxsolMm/Kg: Oxygen Saturation, Garcia & Gordon [umol/kg]
# name 8 = turbWETntu0: Turbidity, WET Labs ECO [NTU]
# name 9 = flECO-AFL: Fluorescence, WET Labs ECO-AFL/FL [mg/m^3]
# name 10 = flag:  0.000e+00
# span 0 = 151.440778, 151.441345       
# span 1 =      0.146,      5.205       
# span 2 =    16.3506,    17.0143       
# span 3 =  36.148572,  36.395889       
# span 4 =    27.6620,    28.1214       
# span 5 =      0.145,      5.159       
# span 6 =  250.15258,  252.66882       
# span 7 =  250.50903,  252.99404       
# span 8 =    -2.5413,    11.8401       
# span 9 =     1.6568,     5.5144       
# span 10 = 0.0000e+00, 0.0000e+00      
# interval = seconds: 0.25
# start_time = May 30 2024 10:33:23 [Instrument's time stamp, header]
# bad_flag = -9.990e-29
*END*
 151.440778      0.277    17.0081  36.382020    27.6804      0.275  250.17749  250.53380    -2.3545     1.7174 -9.990e-29
 151.440781      0.234    17.0063  36.395889    27.6933      0.231  250.16434  250.52050    -2.4479     1.6568 -9.990e-29
 151.440784      0.193    17.0121  36.388893    27.6834      0.192  250.15258  250.50903    -2.5101     1.7174 -9.990e-29
 151.440787      0.157    17.0143  36.374720    27.6700      0.156  250.16489  250.52151    -2.4167     1.6891 -9.990e-29
 151.440790      0.146    17.0068  36.363410    27.6656      0.145  250.20900  250.56534    -2.5413     1.7093 -9.990e-29
 151.440793      0.162    16.9830  36.355202    27.6635      0.161  250.32888  250.68425    -2.2922     1.7093 -9.990e-29
 151.440796      0.212    16.9747  36.341645    27.6620      0.210  250.37210  250.72713    -2.2378     1.6972 0.0000e+00
 151.440799      0.272    16.9664  36.324626    27.6635      0.269  250.41531  250.77000    -2.2455     1.6851 0.0000e+00
 151.440802      0.328    16.9571  36.316179    27.6633      0.325  250.45590  250.81018    -2.2144     1.6791 0.0000e+00
 151.440804      0.372    16.9479  36.321713    27.6661      0.369  250.49649  250.85037    -2.2455     1.6730 -9.990e-29
 151.440807      0.392    16.9247  36.342139    27.7039      0.389  250.54568  250.89836    -2.5101     1.7093 -9.990e-29
 151.440810      0.407    16.9331  36.347671    27.7028      0.403  250.50646  250.85950    -2.4012     1.7457 -9.990e-29
 151.440813      0.414    16.9432  36.351439    27.6990      0.411  250.46304  250.81653    -2.4479     1.6730 -9.990e-29
 151.440816      0.422    16.9500  36.340130    27.6848      0.418  250.45415  250.80801    -2.3701     1.6851 -9.990e-29
 151.440819      0.442    16.9394  36.328579    27.6653      0.438  250.53926  250.89279    -1.9498     1.8307 -9.990e-29
 151.440822      0.476    16.9303  36.308462    27.6657      0.472  250.58276  250.93590    -1.9031     1.8205 0.0000e+00
 151.440825      0.515    16.9303  36.294913    27.6657      0.510  250.58276  250.93590    -1.9031     1.8205 0.0000e+00
 151.440828      0.547    16.9213  36.294733    27.6662      0.543  250.62625  250.97902    -1.8564     1.8104 -9.990e-29
 151.440830      0.568    16.8895  36.281428    27.6766      0.562  250.76441  251.11578    -1.6230     1.7781 -9.990e-29
 151.440833      0.580    16.8765  36.281247    27.6854      0.575  250.81344  251.16421    -1.6385     1.8226 -9.990e-29
 151.440836      0.580    16.8670  36.264178    27.6775      0.575  250.87363  251.22405    -1.7319     1.8387 -9.990e-29
 151.440839      0.580    16.8530  36.255736    27.6799      0.575  250.93795  251.28777    -1.6230     1.8064 -9.990e-29
 151.440842      0.597    16.8264  36.252458    27.6868      0.592  251.05704  251.40569    -1.9031     1.8266 -9.990e-29
 151.440845      0.633    16.8207  36.242317    27.6879      0.628  251.08364  251.43203    -1.9187     1.8448 0.0000e+00
 151.440848      0.686    16.8149  36.235456    27.6890      0.680  251.11023  251.45838    -1.9187     1.8468 0.0000e+00
 151.440851      0.755    16.8040  36.228171    27.6902      0.749  251.16159  251.50927    -1.9187     1.8468 0.0000e+00
 151.440854      0.830    16.7934  36.228112    27.6975      0.823  251.20158  251.54876    -1.8876     1.8468 0.0000e+00
 151.440856      0.891    16.7854  36.224227    27.6996      0.883  251.23698  251.58381    -1.8564     2.0207 0.0000e+00
 151.440859      0.943    16.7823  36.221132    27.7005      0.935  251.25088  251.59758    -1.8098     2.0288 0.0000e+00
 151.440862      0.972    16.7792  36.214940    27.7013      0.964  251.26479  251.61135    -1.7319     2.0207 -9.990e-29
 151.440865      0.972    16.7666  36.214515    27.7044      0.964  251.32192  251.66792    -1.8876     2.0086 -9.990e-29
 151.440868      0.963    16.7631  36.211662    27.7043      0.955  251.33893  251.68478    -1.9809     2.3685 -9.990e-29
 151.440871      0.936    16.7582  36.209356    27.7057      0.928  251.36065  251.70629    -1.8564     2.3402 -9.990e-29
 151.440874      0.910    16.7523  36.203225    27.7046      0.902  251.39161  251.73700    -1.8409     2.3321 -9.990e-29
 151.440877      0.896    16.7437  36.200373    27.7081      0.888  251.42824  251.77324    -2.0276     2.3078 -9.990e-29
 151.440880      0.896    16.7336  36.196429    27.7118      0.888  251.47198  251.81652    -1.8409     2.6070 -9.990e-29
 151.440883      0.917    16.7096  36.185141    27.7185      0.909  251.57879  251.92227    -1.9809     2.5868 -9.990e-29
 151.440885      0.952    16.7045  36.184961    27.7210      0.944  251.59981  251.94306    -1.9265     2.5848 0.0000e+00
 151.440888      1.005    16.6994  36.182413    27.7234      0.996  251.62084  251.96385    -1.9187     2.5828 0.0000e+00
 151.440891      1.052    16.6913  36.182718    27.7277      1.043  251.65076  251.99340    -1.8720     2.5666 0.0000e+00
 151.440894      1.094    16.6867  36.177256    27.7292      1.085  251.67620  252.01864    -1.7631     2.3402 0.0000e+00
 151.440897      1.135    16.6803  36.174587    27.7298      1.124  251.70401  252.04617    -1.6852     2.3402 0.0000e+00
 151.440900      1.167    16.6713  36.169066    27.7314      1.157  251.74609  252.08784    -1.7631     2.3159 0.0000e+00
 151.440903      1.196    16.6618  36.167732    27.7368      1.186  251.78390  252.12521    -1.7786     2.3159 0.0000e+00
 151.440906      1.231    16.6539  36.169372    27.7436      1.220  251.81095  252.15188    -1.7786     2.3685 0.0000e+00
 151.440909      1.278    16.6499  36.167127    27.7444      1.267  251.82926  252.17002    -1.7475     2.4049 0.0000e+00
 151.440911      1.335    16.6486  36.167977    27.7460      1.323  251.83295  252.17364    -1.7319     2.4049 0.0000e+00
 151.440914      1.384    16.6473  36.169494    27.7467      1.372  251.83597  252.17659    -1.6541     2.4089 0.0000e+00
 151.440917      1.428    16.6455  36.166218    27.7478      1.415  251.84751  252.18807    -1.3739     2.5868 0.0000e+00
 151.440920      1.477    16.6440  36.165126    27.7473      1.464  251.85399  252.19448    -1.2883     2.5888 0.0000e+00
 151.440923      1.505    16.6425  36.166219    27.7478      1.491  251.86047  252.20088    -1.2027     2.5909 -9.990e-29
 151.440926      1.525    16.6364  36.161547    27.7489      1.511  251.88838  252.22853    -1.4051     2.6273 -9.990e-29
 151.440929      1.530    16.6326  36.161123    27.7512      1.516  251.90341  252.24338    -1.6074     2.8133 -9.990e-29
 151.440932      1.523    16.6277  36.161124    27.7546      1.509  251.92178  252.26152    -1.6230     2.8497 -9.990e-29
 151.440935      1.521    16.6238  36.162277    27.7583      1.508  251.93511  252.27465    -1.7164     2.8537 -9.990e-29
 151.440937      1.508    16.6212  36.161124    27.7591      1.495  251.94628  252.28571    -1.5140     2.8375 -9.990e-29
 151.440940      1.506    16.6196  36.162035    27.7610      1.493  251.95108  252.29042    -1.6852     2.8577 -9.990e-29
 151.440943      1.508    16.6192  36.164280    27.7632      1.495  251.94933  252.28865    -1.4051     2.8416 -9.990e-29
 151.440946      1.516    16.6198  36.161125    27.7601      1.502  251.95180  252.29116    -1.3117     2.8497 -9.990e-29
 151.440949      1.532    16.6199  36.162945    27.7596      1.519  251.95183  252.29120    -1.3739     2.8780 -9.990e-29
 151.440952      1.563    16.6192  36.160700    27.7597      1.549  251.95540  252.29473    -1.3739     2.9164 0.0000e+00
 151.440955      1.598    16.6185  36.159608    27.7597      1.584  251.95896  252.29826    -1.3739     2.9386 0.0000e+00
 151.440958      1.642    16.6158  36.160701    27.7602      1.627  251.96749  252.30667    -1.3895     2.9548 0.0000e+00
 151.440961      1.688    16.6129  36.155665    27.7625      1.673  251.98590  252.32496    -1.4829     2.9750 0.0000e+00
 151.440964      1.735    16.6093  36.155909    27.7628      1.719  251.99904  252.33793    -1.4829     2.9750 0.0000e+00
 151.440966      1.784    16.6052  36.157851    27.7673      1.768  252.01155  252.35023    -1.3428     2.8416 0.0000e+00
 151.440969      1.833    16.6012  36.155667    27.7682      1.817  252.03008  252.36858    -1.3428     2.8416 0.0000e+00
 151.440972      1.885    16.5970  36.156517    27.7718      1.868  252.04448  252.38279    -1.3428     2.8416 0.0000e+00
 151.440975      1.932    16.5934  36.154334    27.7724      1.915  252.06118  252.39932    -1.2806     2.8497 0.0000e+00
 151.440978      1.977    16.5906  36.152757    27.7730      1.960  252.07422  252.41224    -1.2806     3.0478 0.0000e+00
 151.440981      2.014    16.5889  36.151908    27.7738      1.996  252.08128  252.41922    -1.2728     3.0498 0.0000e+00
 151.440984      2.050    16.5872  36.148572    27.7746      2.032  252.08835  252.42620    -1.2806     3.0478 -9.990e-29
 151.440987      2.072    16.5783  36.153001    27.7817      2.054  252.12016  252.45759    -1.3117     3.0276 -9.990e-29
 151.440990      2.091    16.5747  36.153912    27.7850      2.072  252.13261  252.46986    -1.3117     3.0316 -9.990e-29
 151.440992      2.096    16.5724  36.151243    27.7843      2.078  252.14509  252.48225    -0.8603     3.2702 -9.990e-29
 151.440995      2.105    16.5698  36.151486    27.7863      2.087  252.15454  252.49157    -0.8915     3.3066 -9.990e-29
 151.440998      2.107    16.5675  36.153791    27.7898      2.089  252.15974  252.49665    -0.9381     3.3025 -9.990e-29
 151.441001      2.113    16.5659  36.151486    27.7890      2.094  252.16924  252.50609    -0.8603     3.2864 -9.990e-29
 151.441004      2.109    16.5646  36.152154    27.7905      2.090  252.17316  252.50994    -0.8136     3.5815 -9.990e-29
 151.441007      2.114    16.5639  36.154338    27.7928      2.096  252.17272  252.50945    -0.9070     3.5371 -9.990e-29
 151.441010      2.122    16.5640  36.151911    27.7907      2.103  252.17597  252.51272    -0.8759     3.5411 -9.990e-29
 151.441013      2.140    16.5665  36.154762    27.7904      2.121  252.16393  252.50079    -0.8448     3.6826 -9.990e-29
 151.441016      2.166    16.5664  36.153670    27.7896      2.146  252.16615  252.50301    -0.8525     3.6887 0.0000e+00
 151.441019      2.200    16.5662  36.151486    27.7904      2.181  252.16837  252.50523    -0.8603     3.6867 0.0000e+00
 151.441021      2.237    16.5645  36.154096    27.7912      2.217  252.17100  252.50776    -0.8759     3.6867 0.0000e+00
 151.441024      2.277    16.5636  36.152336    27.7922      2.257  252.17666  252.51339    -1.0160     3.6867 0.0000e+00
 151.441027      2.317    16.5623  36.153429    27.7931      2.296  252.17998  252.51664    -1.3273     3.9172 0.0000e+00
 151.441030      2.355    16.5604  36.153429    27.7944      2.334  252.18735  252.52392    -1.3273     3.9293 0.0000e+00
 151.441033      2.394    16.5577  36.153247    27.7961      2.372  252.19773  252.53418    -1.4051     3.9293 0.0000e+00
 151.441036      2.434    16.5546  36.153369    27.7972      2.412  252.20952  252.54581    -1.4051     3.9333 0.0000e+00
 151.441039      2.466    16.5520  36.149912    27.7984      2.444  252.22439  252.56058    -1.4051     3.9293 0.0000e+00
 151.441042      2.497    16.5489  36.149245    27.7988      2.475  252.23702  252.57306    -0.6113     3.3996 0.0000e+00
 151.441045      2.525    16.5466  36.153007    27.8035      2.502  252.24009  252.57601    -0.5957     3.3996 0.0000e+00
 151.441047      2.556    16.5447  36.153007    27.8048      2.533  252.24715  252.58297    -0.5957     3.4077 0.0000e+00
 151.441050      2.585    16.5433  36.152582    27.8055      2.562  252.25330  252.58905    -0.5957     3.4077 0.0000e+00
 151.441053      2.619    16.5426  36.153432    27.8066      2.596  252.25482  252.59054    -0.7825     3.3349 0.0000e+00
 151.441056      2.647    16.5420  36.152340    27.8066      2.623  252.25808  252.59377    -0.7980     3.3289 0.0000e+00
 151.441059      2.674    16.5413  36.154100    27.8066      2.650  252.26134  252.59700    -0.7825     3.3349 -9.990e-29
 151.441062      2.696    16.5394  36.152583    27.8081      2.672  252.26805  252.60362    -0.8759     3.3551 -9.990e-29
 151.441065      2.715    16.5385  36.155860    27.8115      2.690  252.26662  252.60213    -0.9848     3.6665 -9.990e-29
 151.441068      2.733    16.5379  36.155435    27.8116      2.708  252.26970  252.60518    -0.8759     3.7029 -9.990e-29
 151.441071      2.751    16.5374  36.156103    27.8125      2.726  252.27057  252.60602    -0.9226     3.6705 -9.990e-29
 151.441073      2.764    16.5374  36.157195    27.8134      2.739  252.26867  252.60412    -0.8915     3.6705 -9.990e-29
 151.441076      2.780    16.5370  36.154586    27.8114      2.755  252.27403  252.60948    -1.0471     3.6584 -9.990e-29
 151.441079      2.797    16.5362  36.156346    27.8135      2.772  252.27452  252.60992    -0.9226     3.7029 -9.990e-29
 151.441082      2.811    16.5360  36.155678    27.8131      2.786  252.27643  252.61182    -1.1249     3.6543 -9.990e-29
 151.441085      2.822    16.5357  36.156346    27.8138      2.797  252.27637  252.61175    -1.1405     3.6665 -9.990e-29
 151.441088      2.846    16.5326  36.159622    27.8186      2.821  252.28389  252.61910    -1.2650     4.0749 -9.990e-29
 151.441091      2.877    16.5314  36.159380    27.8193      2.851  252.28904  252.62419    -1.2028     4.0526 0.0000e+00
 151.441094      2.914    16.5301  36.158834    27.8199      2.888  252.29419  252.62928    -1.1405     4.0749 0.0000e+00
 151.441097      2.957    16.5282  36.162050    27.8239      2.931  252.29654  252.63152    -1.1405     4.0870 0.0000e+00
 151.441100      3.001    16.5270  36.161808    27.8245      2.974  252.30151  252.63643    -1.1249     4.0870 0.0000e+00
 151.441102      3.045    16.5262  36.162476    27.8256      3.018  252.30361  252.63848    -0.9848     3.9980 0.0000e+00
 151.441105      3.089    16.5248  36.165995    27.8296      3.061  252.30368  252.63850    -0.8448     3.9980 0.0000e+00
 151.441108      3.131    16.5223  36.163387    27.8302      3.103  252.31478  252.64947    -0.9148     3.9940 0.0000e+00
 151.441111      3.167    16.5199  36.166846    27.8307      3.139  252.32588  252.66046    -0.8448     4.0021 -9.990e-29
 151.441114      3.191    16.5096  36.170184    27.8437      3.162  252.35510  252.68914    -0.3934     3.5856 -9.990e-29
 151.441117      3.213    16.5034  36.171095    27.8487      3.184  252.37701  252.71075    -0.3934     3.6503 -9.990e-29
 151.441120      3.224    16.4988  36.174616    27.8550      3.195  252.38928  252.72278    -0.4557     3.6220 -9.990e-29
 151.441123      3.227    16.4936  36.176376    27.8601      3.198  252.40627  252.73951    -0.3934     3.5735 -9.990e-29
 151.441126      3.229    16.4896  36.175284    27.8619      3.200  252.42316  252.75621    -0.6580     3.7150 -9.990e-29
 151.441128      3.238    16.4867  36.179897    27.8679      3.209  252.42740  252.76028    -0.5802     4.0506 -9.990e-29
 151.441131      3.251    16.4829  36.180140    27.8707      3.222  252.44111  252.77381    -0.7202     4.0668 -9.990e-29
 151.441134      3.276    16.4800  36.182993    27.8791      3.247  252.44118  252.77370    -0.5957     4.0587 -9.990e-29
 151.441137      3.307    16.4792  36.187605    27.8832      3.278  252.43838  252.77083    -0.2688     4.0526 0.0000e+00
 151.441140      3.349    16.4783  36.195800    27.8873      3.319  252.44118  252.77370     0.0580     4.0587 0.0000e+00
 151.441143      3.390    16.4735  36.199564    27.8939      3.359  252.44840  252.78054     0.1202     4.0587 0.0000e+00
 151.441146      3.430    16.4678  36.201811    27.8997      3.399  252.46651  252.79836     0.1358     4.0587 0.0000e+00
 151.441149      3.471    16.4634  36.204604    27.9023      3.440  252.47892  252.81055     0.1980     4.0587 0.0000e+00
 151.441152      3.512    16.4621  36.200233    27.9051      3.480  252.48233  252.81383     0.4159     4.2649 0.0000e+00
 151.441155      3.543    16.4616  36.208125    27.9060      3.511  252.48645  252.81798     0.5482     4.2649 0.0000e+00
