seaocn-cb/data/ctd_cnv/SBE19plus_01907321_2024_05_24_Cast42.cnv
* Sea-Bird SBE19plus  Data File:
* FileName = E:\Prandtl_Daten\2024\CTD\raw\SBE19plus_01907321_2024_05_24_Cast42.hex
* Software version 2.6.1.12
* Temperature SN = 7321
* Conductivity SN = 7321
* System UpLoad Time = May 24 2024 10:56:50
* <ApplicationData>
* <Seaterm232>
** 20240524
** Sea Practical 2024
** MCat 24.05 CTD_M1
** NMEA Latitude = 054 06.13N
** NMEA Longitude = 008 25.13E
** waterdepth = 15.5m
** Isabelle
# nquan = 11
# nvalues = 570                         
# units = specified
# name 0 = timeJ: Julian Days
# name 1 = prdM: Pressure, Strain Gauge [db]
# name 2 = tv290C: Temperature [ITS-90, deg C]
# name 3 = c0mS/cm: Conductivity [mS/cm]
# name 4 = sal00: Salinity, Practical [PSU]
# name 5 = depSM: Depth [salt water, m], lat = 54.00
# name 6 = oxsatMm/Kg: Oxygen Saturation, Weiss [umol/kg]
# name 7 = oxsolMm/Kg: Oxygen Saturation, Garcia & Gordon [umol/kg]
# name 8 = turbWETntu0: Turbidity, WET Labs ECO [NTU]
# name 9 = flECO-AFL: Fluorescence, WET Labs ECO-AFL/FL [mg/m^3]
# name 10 = flag:  0.000e+00
# span 0 = 145.450778, 145.452425       
# span 1 =      0.380,     14.687       
# span 2 =    14.3940,    14.5275       
# span 3 =  36.833322,  36.904664       
# span 4 =    29.9250,    30.0240       
# span 5 =      0.376,     14.555       
# span 6 =  258.81552,  259.37363       
# span 7 =  259.03783,  259.58917       
# span 8 =    -1.9343,    15.7155       
# span 9 =     4.1477,     9.4893       
# span 10 = 0.0000e+00, 0.0000e+00      
# interval = seconds: 0.25
# start_time = May 24 2024 10:47:14 [Instrument's time stamp, header]
# bad_flag = -9.990e-29
*END*
 145.450778      0.380    14.5009  36.883367    29.9417      0.376  258.94863  259.16947    -0.9226     5.4861 -9.990e-29
 145.450781      0.392    14.5013  36.879758    29.9381      0.389  258.95269  259.17359    -0.9070     5.1100 -9.990e-29
 145.450784      0.411    14.4982  36.879881    29.9388      0.407  258.96772  259.18845    -0.8448     5.1586 -9.990e-29
 145.450787      0.444    14.4976  36.877924    29.9392      0.440  258.97038  259.19107    -0.8448     5.1404 0.0000e+00
 145.450790      0.484    14.4970  36.877741    29.9388      0.480  258.97304  259.19369    -0.8448     5.1222 0.0000e+00
 145.450793      0.542    14.4970  36.874072    29.9396      0.537  258.97469  259.19532    -0.9693     5.1060 0.0000e+00
 145.450796      0.610    14.4966  36.877497    29.9379      0.604  258.97899  259.19967    -1.3739     4.7663 0.0000e+00
 145.450799      0.681    14.4966  36.875234    29.9396      0.675  258.97469  259.19532    -1.4829     4.7421 0.0000e+00
 145.450802      0.748    14.4966  36.878782    29.9392      0.742  258.97300  259.19362    -1.4829     4.7380 0.0000e+00
 145.450804      0.799    14.4973  36.878170    29.9400      0.792  258.97101  259.19168    -1.4207     4.7380 0.0000e+00
 145.450807      0.839    14.4979  36.874807    29.9392      0.832  258.96902  259.18973    -1.3584     4.7380 -9.990e-29
 145.450810      0.858    14.4941  36.875786    29.9400      0.850  258.98759  259.20809    -1.1094     4.2973 -9.990e-29
 145.450813      0.859    14.4926  36.877254    29.9424      0.852  258.99110  259.21150    -1.0160     4.3013 -9.990e-29
 145.450816      0.832    14.4920  36.876825    29.9425      0.825  258.99413  259.21449    -1.1249     4.3256 -9.990e-29
 145.450819      0.779    14.4914  36.872789    29.9394      0.772  259.00295  259.22330    -1.3739     5.6115 -9.990e-29
 145.450822      0.710    14.4889  36.866430    29.9356      0.703  259.02286  259.24311    -1.2494     5.6276 -9.990e-29
 145.450825      0.633    14.4851  36.868448    29.9403      0.628  259.03395  259.25396    -1.2650     5.6074 -9.990e-29
 145.450828      0.569    14.4817  36.860071    29.9354      0.564  259.06065  259.28052    -1.4518     5.6600 -9.990e-29
 145.450830      0.515    14.4758  36.854507    29.9350      0.510  259.09280  259.31236    -0.5646     5.1060 -9.990e-29
 145.450833      0.465    14.4695  36.850901    29.9366      0.461  259.12299  259.34218    -0.7202     5.1343 -9.990e-29
 145.450836      0.440    14.4647  36.856648    29.9455      0.436  259.13220  259.35107    -0.5490     5.1262 -9.990e-29
 145.450839      0.427    14.4631  36.857627    29.9477      0.423  259.13708  259.35584    -0.6736     5.1303 -9.990e-29
 145.450842      0.418    14.4659  36.865759    29.9528      0.414  259.11278  259.33165    -0.6424     5.1303 -9.990e-29
 145.450845      0.429    14.4736  36.874930    29.9551      0.425  259.06802  259.28729    -0.9537     5.3365 -9.990e-29
 145.450848      0.456    14.4811  36.870282    29.9452      0.452  259.04675  259.26650    -0.9070     5.2880 -9.990e-29
 145.450851      0.495    14.4851  36.870954    29.9427      0.490  259.03012  259.25010    -0.8292     5.2718 -9.990e-29
 145.450854      0.531    14.4882  36.872544    29.9416      0.526  259.01524  259.23540    -0.9381     5.3324 -9.990e-29
 145.450856      0.590    14.4892  36.875235    29.9433      0.584  259.00712  259.22732    -1.2961     5.2030 -9.990e-29
 145.450859      0.663    14.4898  36.869609    29.9378      0.657  259.01418  259.23446    -1.1716     5.1747 -9.990e-29
 145.450862      0.750    14.4848  36.866735    29.9324      0.744  259.05005  259.27010    -1.1094     5.1909 -9.990e-29
 145.450865      0.832    14.4838  36.859460    29.9378      0.825  259.04556  259.26551    -1.1327     4.7926 0.0000e+00
 145.450868      0.918    14.4828  36.869794    29.9419      0.910  259.04387  259.26374    -1.1560     4.3943 0.0000e+00
 145.450871      0.986    14.4827  36.868266    29.9426      0.977  259.04247  259.26234    -1.1716     4.3822 0.0000e+00
 145.450874      1.039    14.4827  36.865086    29.9419      1.029  259.04387  259.26374    -1.1872     4.3701 -9.990e-29
 145.450877      1.062    14.4796  36.861234    29.9379      1.053  259.06731  259.28705    -1.1716     4.3862 -9.990e-29
 145.450880      1.079    14.4753  36.860501    29.9406      1.069  259.08526  259.30473    -1.2183     4.6774 -9.990e-29
 145.450883      1.079    14.4708  36.855366    29.9394      1.069  259.11088  259.33013    -1.2494     4.7178 -9.990e-29
 145.450885      1.071    14.4668  36.854510    29.9418      1.062  259.12812  259.34713    -1.1094     4.6774 -9.990e-29
 145.450888      1.070    14.4650  36.852309    29.9411      1.060  259.13843  259.35735    -1.2183     4.6652 -9.990e-29
 145.450891      1.068    14.4645  36.853593    29.9427      1.058  259.13842  259.35729    -1.2027     4.6814 -9.990e-29
 145.450894      1.068    14.4643  36.856100    29.9451      1.058  259.13496  259.35381    -1.1405     5.2435 -9.990e-29
 145.450897      1.070    14.4637  36.858118    29.9474      1.060  259.13435  259.35314    -1.2183     5.2354 -9.990e-29
 145.450900      1.075    14.4630  36.856773    29.9467      1.065  259.13917  259.35793    -1.0782     5.2435 -9.990e-29
 145.450903      1.091    14.4625  36.853594    29.9442      1.081  259.14637  259.36512    -1.0315     5.2435 -9.990e-29
 145.450906      1.108    14.4603  36.851271    29.9438      1.098  259.15835  259.37700    -1.4051     4.2204 -9.990e-29
 145.450909      1.124    14.4591  36.852494    29.9458      1.114  259.16109  259.37965    -1.5452     4.1477 -9.990e-29
 145.450911      1.133    14.4594  36.852494    29.9456      1.123  259.16021  259.37879    -1.5296     4.2245 -9.990e-29
 145.450914      1.144    14.4598  36.856651    29.9490      1.134  259.15175  259.37032    -1.5452     4.1921 -9.990e-29
 145.450917      1.146    14.4603  36.853350    29.9456      1.136  259.15502  259.37365    -1.3739     4.4186 -9.990e-29
 145.450920      1.160    14.4603  36.853166    29.9455      1.150  259.15562  259.37424    -1.2494     4.4145 -9.990e-29
 145.450923      1.177    14.4619  36.853839    29.9485      1.166  259.14158  259.36027    -1.3739     4.4509 -9.990e-29
 145.450926      1.204    14.4628  36.857874    29.9476      1.193  259.13856  259.35730    -1.2883     4.3458 0.0000e+00
 145.450929      1.237    14.4637  36.857446    29.9467      1.226  259.13609  259.35495    -1.2027     4.2488 0.0000e+00
 145.450932      1.286    14.4645  36.855123    29.9440      1.275  259.13554  259.35433    -1.2027     4.2488 0.0000e+00
 145.450935      1.341    14.4646  36.855184    29.9440      1.329  259.13544  259.35431    -1.2027     4.2488 0.0000e+00
 145.450938      1.405    14.4653  36.860809    29.9485      1.393  259.12404  259.34291    -1.2027     4.2407 0.0000e+00
 145.450940      1.478    14.4681  36.870165    29.9511      1.465  259.09783  259.31680    -1.2027     4.2407 0.0000e+00
 145.450943      1.556    14.4739  36.871204    29.9511      1.543  259.07358  259.29289    -1.4829     4.5116 0.0000e+00
 145.450946      1.642    14.4802  36.870531    29.9456      1.628  259.05033  259.27003    -1.4829     4.5116 0.0000e+00
 145.450949      1.723    14.4837  36.872121    29.9443      1.707  259.03431  259.25420    -1.3895     4.4995 0.0000e+00
 145.450952      1.788    14.4851  36.871632    29.9428      1.772  259.02985  259.24983    -1.3739     4.4995 0.0000e+00
 145.450955      1.837    14.4860  36.872732    29.9425      1.821  259.02531  259.24534    -1.2572     4.6248 0.0000e+00
 145.450958      1.865    14.4870  36.869552    29.9423      1.848  259.02076  259.24085    -1.1249     4.7744 -9.990e-29
 145.450961      1.867    14.4867  36.870286    29.9403      1.850  259.02560  259.24570    -1.2183     4.7502 -9.990e-29
 145.450964      1.852    14.4856  36.870286    29.9412      1.836  259.03000  259.25003    -1.2027     4.7663 -9.990e-29
 145.450966      1.821    14.4859  36.874078    29.9444      1.805  259.02269  259.24271    -0.7514     5.0898 -9.990e-29
 145.450969      1.777    14.4862  36.868452    29.9391      1.762  259.03056  259.25064    -0.6580     5.1343 -9.990e-29
 145.450972      1.734    14.4851  36.863498    29.9355      1.718  259.04293  259.26298    -0.7514     5.1020 -9.990e-29
 145.450975      1.686    14.4826  36.862887    29.9369      1.671  259.05358  259.27348    -0.5802     5.1181 -9.990e-29
 145.450978      1.650    14.4808  36.866434    29.9415      1.635  259.05460  259.27437    -0.5802     5.0009 -9.990e-29
 145.450981      1.626    14.4809  36.865333    29.9404      1.611  259.05606  259.27585    -0.6424     4.9645 -9.990e-29
 145.450984      1.628    14.4824  36.872977    29.9461      1.613  259.03786  259.25767    -0.5957     5.0049 -9.990e-29
 145.450987      1.642    14.4848  36.865761    29.9378      1.628  259.04040  259.26041    -0.7047     4.9928 -9.990e-29
 145.450990      1.683    14.4842  36.860808    29.9337      1.668  259.05047  259.27049    -0.6424     4.9806 -9.990e-29
 145.450992      1.737    14.4802  36.862032    29.9380      1.722  259.06440  259.28416    -0.4557     4.9968 -9.990e-29
 145.450995      1.810    14.4767  36.864172    29.9481      1.794  259.06469  259.28418    -0.3778     4.9645 -9.990e-29
 145.450998      1.891    14.4780  36.870288    29.9475      1.874  259.05928  259.27884    -0.3778     4.9787 0.0000e+00
 145.451001      1.975    14.4792  36.871021    29.9468      1.957  259.05387  259.27350    -0.3778     4.9645 0.0000e+00
 145.451004      2.068    14.4821  36.869370    29.9430      2.049  259.04513  259.26496    -0.6736     4.9604 0.0000e+00
 145.451007      2.146    14.4821  36.868698    29.9419      2.127  259.04513  259.26496    -0.6891     4.9200 0.0000e+00
 145.451010      2.214    14.4816  36.866986    29.9419      2.194  259.04445  259.26420    -0.7202     4.9200 0.0000e+00
 145.451013      2.272    14.4816  36.871878    29.9441      2.252  259.04445  259.26420    -0.7514     4.9240 0.0000e+00
 145.451016      2.314    14.4818  36.870961    29.9449      2.293  259.04314  259.26293    -0.8215     5.0191 0.0000e+00
 145.451019      2.345    14.4823  36.870839    29.9441      2.324  259.04184  259.26167    -0.8915     5.1141 -9.990e-29
 145.451021      2.369    14.4838  36.870044    29.9422      2.348  259.03777  259.25769    -0.9848     5.1141 -9.990e-29
 145.451024      2.380    14.4834  36.867598    29.9403      2.359  259.04319  259.26311    -0.8603     5.1424 -9.990e-29
 145.451027      2.387    14.4819  36.864785    29.9389      2.366  259.05361  259.27346    -0.4868     5.9713 -9.990e-29
 145.451030      2.389    14.4810  36.866681    29.9413      2.368  259.05408  259.27386    -0.3623     5.9552 -9.990e-29
 145.451033      2.387    14.4811  36.869127    29.9434      2.366  259.04955  259.26932    -0.4401     5.9673 -9.990e-29
 145.451036      2.387    14.4809  36.864785    29.9396      2.366  259.05743  259.27722    -0.4090     5.9835 -9.990e-29
 145.451039      2.384    14.4803  36.864419    29.9398      2.362  259.06037  259.28013    -0.5490     5.9390 -9.990e-29
 145.451042      2.382    14.4802  36.872552    29.9472      2.361  259.04755  259.26723     0.1047     5.6276 -9.990e-29
 145.451045      2.374    14.4821  36.869738    29.9432      2.353  259.04473  259.26456     0.1358     5.6357 -9.990e-29
 145.451047      2.365    14.4834  36.868270    29.9409      2.344  259.04210  259.26201     0.1202     5.6357 -9.990e-29
 145.451050      2.360    14.4833  36.866681    29.9395      2.339  259.04495  259.26487     0.0580     5.6236 -9.990e-29
 145.451053      2.353    14.4817  36.862890    29.9373      2.332  259.05723  259.27709     0.3070     5.5063 -9.990e-29
 145.451056      2.358    14.4780  36.861728    29.9391      2.337  259.07351  259.29315     0.3226     5.5063 -9.990e-29
 145.451059      2.378    14.4744  36.859466    29.9399      2.357  259.09128  259.31071     0.2292     5.5225 -9.990e-29
 145.451062      2.402    14.4704  36.855798    29.9380      2.380  259.11567  259.33491    -0.1444     5.4578 -9.990e-29
 145.451065      2.442    14.4699  36.854025    29.9405      2.420  259.11424  259.33342    -0.2222     5.4558 0.0000e+00
 145.451068      2.488    14.4693  36.858550    29.9430      2.465  259.11281  259.33194    -0.1755     5.4538 0.0000e+00
 145.451071      2.537    14.4693  36.863075    29.9454      2.514  259.10671  259.32579    -0.1755     5.4538 0.0000e+00
 145.451073      2.593    14.4700  36.861914    29.9456      2.570  259.10451  259.32366    -0.1755     5.4335 0.0000e+00
 145.451076      2.652    14.4713  36.863320    29.9454      2.628  259.09728  259.31650    -0.5957     5.3729 0.0000e+00
 145.451079      2.716    14.4727  36.864359    29.9454      2.691  259.09006  259.30936    -0.6113     5.3729 0.0000e+00
 145.451082      2.777    14.4745  36.863748    29.9452      2.753  259.08433  259.30374    -0.6113     5.3648 0.0000e+00
 145.451085      2.845    14.4768  36.867600    29.9446      2.820  259.06905  259.28857    -0.6113     5.3648 0.0000e+00
 145.451088      2.905    14.4789  36.868701    29.9446      2.879  259.06233  259.28213    -0.7669     5.3608 0.0000e+00
 145.451091      2.957    14.4808  36.862158    29.9445      2.930  259.05938  259.27901    -1.3428     5.3284 0.0000e+00
 145.451094      3.009    14.4826  36.871881    29.9434      2.982  259.03962  259.25946    -1.4051     5.3203 0.0000e+00
 145.451097      3.053    14.4841  36.871881    29.9434      3.026  259.03407  259.25400    -1.4518     5.3284 0.0000e+00
 145.451100      3.090    14.4853  36.873899    29.9434      3.062  259.02790  259.24789    -1.4674     5.3263 0.0000e+00
 145.451102      3.117    14.4864  36.878179    29.9433      3.089  259.02173  259.24178    -1.4518     5.3324 -9.990e-29
 145.451105      3.124    14.4926  36.878790    29.9430      3.097  258.99007  259.21045    -1.7786     5.1262 -9.990e-29
 145.451108      3.121    14.4943  36.883561    29.9460      3.093  258.97562  259.19607    -1.7164     5.0898 -9.990e-29
 145.451111      3.110    14.4966  36.886985    29.9473      3.082  258.96098  259.18155    -1.7008     5.1222 -9.990e-29
 145.451114      3.086    14.4998  36.882704    29.9410      3.059  258.95553  259.17632    -1.5452     5.0413 -9.990e-29
 145.451117      3.062    14.5016  36.887168    29.9436      3.035  258.94156  259.16243    -1.5452     5.0656 -9.990e-29
 145.451120      3.037    14.5035  36.890348    29.9451      3.010  258.92908  259.15003    -1.3895     5.0373 -9.990e-29
 145.451123      3.009    14.5052  36.886739    29.9405      2.982  258.92812  259.14920    -1.4051     5.0575 -9.990e-29
 145.451126      2.986    14.5048  36.879950    29.9347      2.959  258.94051  259.16162    -1.5452     5.0009 -9.990e-29
 145.451128      2.970    14.5011  36.874569    29.9327      2.943  258.96357  259.18450    -1.4206     4.9847 -9.990e-29
 145.451131      2.966    14.4954  36.865886    29.9293      2.939  258.99989  259.22055    -1.4051     4.9645 -9.990e-29
 145.451134      2.982    14.4901  36.870045    29.9371      2.956  259.01377  259.23407    -1.4518     4.9766 -9.990e-29
 145.451137      3.019    14.4876  36.868700    29.9377      2.992  259.02537  259.24553    -1.4985     4.9806 -9.990e-29
 145.451140      3.072    14.4792  36.860263    29.9433      3.044  259.06013  259.27979    -1.2183     5.0534 -9.990e-29
 145.451143      3.139    14.4785  36.867601    29.9430      3.111  259.06408  259.28371    -1.1716     5.0555 0.0000e+00
 145.451146      3.216    14.4783  36.866012    29.9433      3.187  259.06013  259.27979    -1.2183     5.0534 0.0000e+00
 145.451149      3.301    14.4783  36.871699    29.9462      3.272  259.05714  259.27672    -1.2183     5.0575 0.0000e+00
 145.451152      3.391    14.4799  36.871638    29.9462      3.360  259.05084  259.27051    -1.2183     5.4254 0.0000e+00
 145.451155      3.484    14.4834  36.870170    29.9432      3.452  259.03975  259.25965    -1.2183     5.4497 0.0000e+00
