seaocn-cb/data/ctd_cnv/SBE19plus_01907321_2024_05_22_Cast09.cnv
* Sea-Bird SBE19plus  Data File:
* FileName = E:\Prandtl_Daten\2024\CTD\raw\SBE19plus_01907321_2024_05_21_Cast09.hex
* Software version 2.6.1.12
* Temperature SN = 7321
* Conductivity SN = 7321
* System UpLoad Time = May 22 2024 09:59:36
* <ApplicationData>
* <Seaterm232>
** 20240522
** Sea Practical 2024
** MCat 22.05 CTD_SP2
** NMEA Latitude = 54 06.063N
** NMEA Longitude = 008 34.378E
** waterdepth = 14.5m
** Isabelle
# nquan = 11
# nvalues = 455                         
# units = specified
# name 0 = timeJ: Julian Days
# name 1 = prdM: Pressure, Strain Gauge [db]
# name 2 = tv290C: Temperature [ITS-90, deg C]
# name 3 = c0mS/cm: Conductivity [mS/cm]
# name 4 = sal00: Salinity, Practical [PSU]
# name 5 = depSM: Depth [salt water, m], lat = 54.00
# name 6 = oxsatMm/Kg: Oxygen Saturation, Weiss [umol/kg]
# name 7 = oxsolMm/Kg: Oxygen Saturation, Garcia & Gordon [umol/kg]
# name 8 = turbWETntu0: Turbidity, WET Labs ECO [NTU]
# name 9 = flECO-AFL: Fluorescence, WET Labs ECO-AFL/FL [mg/m^3]
# name 10 = flag:  0.000e+00
# span 0 = 143.412705, 143.414019       
# span 1 =      0.621,     12.969       
# span 2 =    15.3377,    16.3661       
# span 3 =  35.650086,  36.210046       
# span 4 =    27.4997,    28.7074       
# span 5 =      0.615,     12.853       
# span 6 =  253.65812,  256.78348       
# span 7 =  253.98809,  257.05725       
# span 8 =    -1.4206,     4.4159       
# span 9 =     7.8314,    11.0744       
# span 10 = 0.0000e+00, 0.0000e+00      
# interval = seconds: 0.25
# start_time = May 22 2024 09:52:56 [Instrument's time stamp, header]
# bad_flag = -9.990e-29
*END*
[from data line 132]
 143.413087      4.295    15.9970  35.830106    27.9086      4.256  254.81440  255.12513     0.6183     8.9960 0.0000e+00
 143.413090      4.324    15.9962  35.828413    27.9088      4.286  254.81590  255.12653     0.5560     8.9960 0.0000e+00
 143.413093      4.350    15.9955  35.832041    27.9084      4.311  254.81859  255.12928     0.6961     8.9960 0.0000e+00
 143.413096      4.377    15.9953  35.823094    27.9082      4.338  254.82340  255.13405     0.6261     8.9879 0.0000e+00
 143.413099      4.408    15.9951  35.829200    27.9045      4.369  254.83090  255.14156     0.6961     9.0000 -9.990e-29
 143.413102      4.430    15.9966  35.824847    27.9023      4.391  254.82674  255.13749     0.8829     9.3195 -9.990e-29
 143.413105      4.459    15.9972  35.821825    27.9036      4.419  254.82166  255.13242     0.9140     9.3316 0.0000e+00
 143.413108      4.490    15.9972  35.825754    27.9036      4.450  254.82166  255.13242     0.9140     9.3316 0.0000e+00
 143.413111      4.516    15.9978  35.820918    27.9049      4.475  254.81657  255.12735     0.9451     9.3437 -9.990e-29
 143.413113      4.539    15.9994  35.824182    27.9026      4.499  254.81250  255.12337     0.7895     9.5864 -9.990e-29
 143.413116      4.569    15.9994  35.824424    27.9026      4.528  254.81250  255.12337     0.7895     9.5864 0.0000e+00
 143.413119      4.598    15.9994  35.823578    27.9026      4.557  254.81250  255.12337     0.7895     9.5864 -9.990e-29
 143.413122      4.607    15.9969  35.829442    27.9086      4.566  254.81445  255.12517     0.8517     9.5459 -9.990e-29
 143.413125      4.603    15.9955  35.829442    27.9097      4.562  254.81995  255.13060     1.3965     9.2831 -9.990e-29
 143.413128      4.602    15.9935  35.827931    27.9097      4.561  254.82956  255.14012     1.3809     9.3276 -9.990e-29
 143.413131      4.598    15.9924  35.830289    27.9125      4.557  254.83029  255.14078     1.2564     9.3599 -9.990e-29
 143.413134      4.598    15.9922  35.828354    27.9110      4.557  254.83412  255.14461     1.2097     9.3033 -9.990e-29
 143.413137      4.609    15.9927  35.826178    27.9061      4.568  254.84022  255.15076     0.6183     9.2346 -9.990e-29
 143.413139      4.636    15.9936  35.823095    27.9057      4.595  254.83621  255.14680     0.6494     9.2609 0.0000e+00
 143.413142      4.662    15.9945  35.823760    27.9057      4.620  254.83220  255.14283     0.6183     9.2548 0.0000e+00
 143.413145      4.687    15.9952  35.825271    27.9055      4.646  254.82847  255.13913     0.6105     9.2709 0.0000e+00
 143.413148      4.715    15.9959  35.824848    27.9057      4.673  254.82474  255.13543     0.5405     9.2548 -9.990e-29
 143.413151      4.731    15.9944  35.828113    27.9092      4.689  254.82600  255.13660     1.1163     9.2063 -9.990e-29
 143.413154      4.755    15.9931  35.830531    27.9122      4.712  254.82757  255.13809     1.0852     9.2346 -9.990e-29
 143.413157      4.768    15.9916  35.830108    27.9129      4.725  254.83372  255.14417     0.9918     9.2143 -9.990e-29
 143.413160      4.790    15.9855  35.836638    27.9254      4.747  254.84291  255.15299     0.8984    10.0959 -9.990e-29
 143.413163      4.819    15.9840  35.839661    27.9250      4.776  254.85134  255.16134     0.8750    10.0979 0.0000e+00
 143.413166      4.844    15.9824  35.836397    27.9254      4.801  254.85976  255.16970     0.8517    10.0959 0.0000e+00
 143.413168      4.877    15.9802  35.837485    27.9247      4.833  254.86670  255.17652     0.7895    10.0837 0.0000e+00
 143.413171      4.910    15.9801  35.831742    27.9241      4.866  254.87259  255.18244     0.6961    10.0756 0.0000e+00
 143.413174      4.948    15.9801  35.833798    27.9231      4.904  254.87259  255.18244     0.6961     9.9907 0.0000e+00
 143.413177      4.975    15.9820  35.830110    27.9196      4.931  254.87082  255.18078     0.5871     9.9826 0.0000e+00
 143.413180      5.006    15.9839  35.827269    27.9157      4.962  254.86778  255.17785     0.4626     9.9422 0.0000e+00
 143.413183      5.037    15.9852  35.826180    27.9144      4.992  254.86387  255.17401     0.4003     9.9382 0.0000e+00
 143.413186      5.070    15.9864  35.829203    27.9131      5.025  254.85995  255.17016     0.4626     9.9341 -9.990e-29
 143.413189      5.094    15.9894  35.827450    27.9120      5.048  254.84646  255.15681     0.6027     9.9098 -9.990e-29
 143.413192      5.112    15.9896  35.830956    27.9149      5.067  254.84058  255.15092     0.6494     9.8451 -9.990e-29
 143.413194      5.134    15.9888  35.833556    27.9177      5.088  254.83974  255.15002     0.6183     9.8573 -9.990e-29
 143.413197      5.156    15.9821  35.837969    27.9298      5.110  254.85262  255.16251     1.2875     9.8371 -9.990e-29
 143.413200      5.181    15.9799  35.842081    27.9339      5.135  254.85662  255.16638     1.2408     9.8290 0.0000e+00
 143.413203      5.214    15.9777  35.847946    27.9379      5.168  254.86062  255.17025     1.2875     9.8371 0.0000e+00
 143.413206      5.251    15.9719  35.847766    27.9418      5.204  254.88321  255.19256     1.3187     9.8492 0.0000e+00
 143.413209      5.282    15.9664  35.856111    27.9529      5.235  254.89175  255.20076     1.4587    10.0473 0.0000e+00
 143.413212      5.317    15.9634  35.864094    27.9584      5.269  254.89736  255.20619     1.5210    10.0756 0.0000e+00
 143.413215      5.344    15.9604  35.867845    27.9640      5.296  254.90296  255.21162     1.4587    10.0473 -9.990e-29
 143.413218      5.366    15.9451  35.874801    27.9840      5.318  254.94548  255.25330     1.6922    10.0918 -9.990e-29
 143.413220      5.388    15.9356  35.883330    27.9981      5.340  254.96926  255.27655     1.5054    10.0878 -9.990e-29
 143.413223      5.410    15.9260  35.886598    28.0077      5.362  255.00127  255.30805     1.7233    10.1282 -9.990e-29
 143.413226      5.426    15.9173  35.891620    28.0182      5.378  255.02696  255.33327     1.5677    10.1606 -9.990e-29
 143.413229      5.448    15.9090  35.894222    28.0263      5.399  255.05508  255.36095     1.6144    10.1363 -9.990e-29
 143.413232      5.468    15.9014  35.894889    28.0322      5.419  255.08306  255.38854     1.6922    10.1363 -9.990e-29
 143.413235      5.492    15.8937  35.899487    28.0385      5.443  255.11103  255.41611     1.3498    10.1969 -9.990e-29
 143.413238      5.525    15.8924  35.895979    28.0423      5.475  255.11153  255.41652     1.3887    10.2111 0.0000e+00
 143.413241      5.559    15.8910  35.902392    28.0461      5.510  255.11203  255.41693     1.3498    10.1969 0.0000e+00
 143.413244      5.594    15.8871  35.907354    28.0527      5.544  255.11949  255.42417     1.4276    10.1848 0.0000e+00
 143.413247      5.629    15.8823  35.902998    28.0531      5.578  255.14439  255.44885     1.3965     9.7279 0.0000e+00
 143.413249      5.658    15.8799  35.912619    28.0586      5.607  255.14657  255.45088     1.5132     9.6875 0.0000e+00
 143.413252      5.685    15.8774  35.910441    28.0645      5.634  255.14876  255.45291     1.3965     9.6470 -9.990e-29
 143.413255      5.705    15.8694  35.911713    28.0663      5.654  255.18618  255.48994     2.2836    10.4719 -9.990e-29
 143.413258      5.731    15.8696  35.908264    28.0681      5.679  255.18214  255.48590     2.2214    10.4719 0.0000e+00
 143.413261      5.758    15.8694  35.912802    28.0700      5.707  255.17811  255.48186     2.2836    10.4719 0.0000e+00
 143.413264      5.791    15.8683  35.919579    28.0769      5.739  255.17811  255.48186     2.2992    10.4719 0.0000e+00
 143.413267      5.826    15.8625  35.928355    28.0886      5.773  255.18235  255.48563     2.3926    10.4800 0.0000e+00
 143.413270      5.864    15.8523  35.935558    28.1021      5.811  255.21077  255.51348     2.3926    10.4800 0.0000e+00
 143.413273      5.902    15.8421  35.938283    28.1117      5.849  255.24595  255.54812     1.7389     9.3518 0.0000e+00
 143.413275      5.935    15.8338  35.947182    28.1252      5.882  255.26416  255.56585     1.7389     9.3518 0.0000e+00
 143.413278      5.966    15.8303  35.945609    28.1270      5.912  255.27860  255.58013     1.8089     9.3842 0.0000e+00
 143.413281      5.995    15.8269  35.948273    28.1287      5.941  255.29304  255.59440     1.8790     9.4165 -9.990e-29
 143.413284      6.008    15.8160  35.952208    28.1422      5.954  255.32507  255.62582     2.5949     9.8573 -9.990e-29
 143.413287      6.021    15.8116  35.953541    28.1465      5.967  255.34010  255.64061     2.6261     9.8128 -9.990e-29
 143.413290      6.031    15.8075  35.957234    28.1526      5.978  255.35033  255.65061     2.6572     9.8290 -9.990e-29
 143.413293      6.048    15.8037  35.958990    28.1568      5.994  255.36228  255.66235     2.6572     9.7724 -9.990e-29
 143.413296      6.064    15.7993  35.954813    28.1542      6.010  255.38896  255.68884     2.6727    10.1484 -9.990e-29
 143.413299      6.092    15.7996  35.952453    28.1549      6.037  255.38644  255.68633     2.7194    10.1363 0.0000e+00
 143.413302      6.123    15.7999  35.954390    28.1542      6.068  255.38546  255.68548     2.7661    10.1363 0.0000e+00
 143.413304      6.156    15.8015  35.949365    28.1500      6.100  255.38391  255.68381     2.7661    10.1242 0.0000e+00
 143.413307      6.190    15.8026  35.950213    28.1500      6.135  255.37994  255.68000     2.5171     9.7966 0.0000e+00
 143.413310      6.229    15.8036  35.949789    28.1500      6.173  255.37665  255.67677     2.5171     9.7885 0.0000e+00
 143.413313      6.263    15.8036  35.952634    28.1505      6.207  255.37463  255.67473     2.6261     9.7885 0.0000e+00
 143.413316      6.296    15.8034  35.951545    28.1511      6.240  255.37185  255.67185     2.7194     9.7885 0.0000e+00
 143.413319      6.324    15.8020  35.956993    28.1562      6.267  255.37185  255.67185     2.6261     9.7885 0.0000e+00
 143.413322      6.353    15.7998  35.973220    28.1648      6.296  255.36807  255.66790     2.5482     9.7723 0.0000e+00
 143.413325      6.378    15.7976  35.977156    28.1734      6.321  255.36428  255.66395     2.3770     9.7562 -9.990e-29
 143.413328      6.400    15.7773  35.983637    28.1969      6.343  255.42665  255.72520     2.3615     9.7966 -9.990e-29
 143.413330      6.413    15.7687  35.987029    28.2060      6.355  255.45464  255.75272     2.3926     9.8694 -9.990e-29
 143.413333      6.433    15.7628  35.986364    28.2096      6.375  255.47815  255.77594     2.5638     9.4610 -9.990e-29
 143.413336      6.455    15.7585  35.979158    28.2104      6.397  255.49886  255.79644     2.5794     9.4691 -9.990e-29
 143.413339      6.487    15.7585  35.983761    28.2102      6.429  255.49924  255.79681     2.4782     9.4933 0.0000e+00
 143.413342      6.517    15.7585  35.983276    28.2100      6.458  255.49961  255.79719     2.5794     9.4691 0.0000e+00
 143.413345      6.551    15.7585  35.977827    28.2052      6.493  255.50672  255.80435     2.7817     9.4206 0.0000e+00
 143.413348      6.588    15.7588  35.977827    28.2052      6.529  255.50672  255.80435     2.7817     9.3963 0.0000e+00
 143.413351      6.621    15.7590  35.980007    28.2050      6.561  255.50672  255.80435     2.7817     9.3761 0.0000e+00
 143.413354      6.652    15.7590  35.977161    28.2043      6.592  255.50716  255.80481     2.6416     9.3761 0.0000e+00
 143.413356      6.681    15.7595  35.974981    28.2043      6.621  255.50716  255.80481     1.5833    10.6620 0.0000e+00
 143.413359      6.714    15.7609  35.980249    28.2024      6.654  255.49490  255.79263     1.5521    10.6620 0.0000e+00
 143.413362      6.741    15.7615  35.977585    28.2039      6.681  255.49480  255.79257     1.5288    10.6579 0.0000e+00
 143.413365      6.768    15.7620  35.975223    28.2024      6.708  255.49471  255.79251     1.5054    10.6377 -9.990e-29
 143.413368      6.792    15.7629  35.976313    28.2007      6.731  255.49333  255.79119     1.4743    10.6539 -9.990e-29
 143.413371      6.814    15.7618  35.980249    28.2049      6.753  255.49162  255.78939     2.8906     9.2993 -9.990e-29
 143.413374      6.834    15.7593  35.984186    28.2101      6.773  255.49537  255.79299     2.8906     9.3397 -9.990e-29
 143.413377      6.856    15.7555  35.987698    28.2158      6.795  255.50463  255.80203     2.9062     9.3276 -9.990e-29
 143.413380      6.880    15.7510  35.994482    28.2249      6.819  255.51165  255.80877     2.7506     9.3195 -9.990e-29
 143.413383      6.900    15.7450  36.002174    28.2359      6.838  255.52305  255.81982     3.1552     9.4489 -9.990e-29
 143.413385      6.922    15.7374  36.009141    28.2473      6.860  255.54163  255.83795     3.0307     9.4206 -9.990e-29
 143.413388      6.948    15.7294  36.010293    28.2540      6.885  255.57056  255.86647     2.8906     9.5055 -9.990e-29
 143.413391      6.971    15.7170  36.012232    28.2659      6.909  255.61331  255.90854     2.8906     9.0081 -9.990e-29
 143.413394      7.002    15.7154  36.013747    28.2667      6.940  255.62019  255.91534     2.8906     8.9858 0.0000e+00
 143.413397      7.042    15.7137  36.012900    28.2675      6.979  255.62707  255.92214     2.8906     8.9919 0.0000e+00
 143.413400      7.081    15.7114  36.015990    28.2703      7.017  255.63150  255.92642     2.7506     8.9919 0.0000e+00
 143.413403      7.117    15.7085  36.011871    28.2718      7.054  255.64872  255.94353     2.7506     8.9919 0.0000e+00
 143.413406      7.152    15.7050  36.019504    28.2794      7.088  255.65077  255.94534     2.8284     8.6765 0.0000e+00
 143.413409      7.188    15.7015  36.019505    28.2819      7.124  255.66415  255.95853     2.8284     8.6765 0.0000e+00
 143.413411      7.221    15.6989  36.021686    28.2857      7.156  255.66507  255.95915     2.8595     8.6765 0.0000e+00
 143.413414      7.252    15.6979  36.030471    28.2902      7.187  255.66796  255.96212     2.7895     8.6826 0.0000e+00
 143.413417      7.280    15.6970  36.036834    28.2947      7.214  255.66507  255.95915     2.8595     8.6887 -9.990e-29
 143.413420      7.300    15.6858  36.037925    28.3092      7.234  255.69681  255.99026     3.5910     8.8747 -9.990e-29
 143.413423      7.314    15.6789  36.043198    28.3187      7.249  255.71516  256.00822     3.7155     8.9515 -9.990e-29
 143.413426      7.331    15.6724  36.046834    28.3265      7.265  255.73480  256.02749     3.7155     8.9030 -9.990e-29
 143.413429      7.345    15.6657  36.048471    28.3327      7.280  255.75808  256.05041     3.3576     8.9475 -9.990e-29
 143.413432      7.356    15.6606  36.050896    28.3385      7.290  255.77379  256.06584     2.7194     9.4650 -9.990e-29
 143.413435      7.382    15.6566  36.053502    28.3436      7.316  255.78529  256.07711     2.6572     9.4165 -9.990e-29
 143.413437      7.406    15.6488  36.057260    28.3494      7.339  255.81526  256.10667     2.8751     9.4489 -9.990e-29
 143.413440      7.440    15.6473  36.053746    28.3522      7.374  255.81771  256.10904     3.1008     9.4368 0.0000e+00
 143.413443      7.473    15.6459  36.057686    28.3549      7.406  255.82017  256.11141     3.3264     9.4246 0.0000e+00
 143.413446      7.515    15.6426  36.061868    28.3610      7.448  255.82684  256.11787     3.3420     9.3801 0.0000e+00
 143.413449      7.553    15.6382  36.066596    28.3682      7.486  255.83630  256.12707     3.3576     9.3761 0.0000e+00
 143.413452      7.591    15.6329  36.067143    28.3725      7.524  255.85609  256.14658     3.3576     9.3478 0.0000e+00
 143.413455      7.626    15.6307  36.064052    28.3727      7.558  255.86680  256.15718     3.1164     9.0101 0.0000e+00
 143.413458      7.657    15.6286  36.041448    28.3729      7.589  255.87750  256.16778     2.8751     8.6725 -9.990e-29
 143.413461      7.677    15.6295  36.059203    28.3679      7.609  255.88131  256.17167     2.9218     8.6968 -9.990e-29
