seaocn-cb/data/ctd_cnv/SBE19plus_01907321_2024_05_27_Cast70.cnv
* Sea-Bird SBE19plus  Data File:
* FileName = E:\Prandtl_Daten\2024\27052024\raw\SBE19plus_01907321_2024_05_27_Cast70.hex
* Software version 2.6.1.12
* Temperature SN = 7321
* Conductivity SN = 7321
* System UpLoad Time = May 27 2024 08:58:26
* <ApplicationData>
* <Seaterm232>
** 20240527
** Sea Practical 2024
** MCat 27.05 CTD_SP5
** NMEA Latitude = 54 7.781N
** NMEA Longitude = 008 25.579E
** waterdepth = 8m
** Maja
# nquan = 11
# nvalues = 231                         
# units = specified
# name 0 = timeJ: Julian Days
# name 1 = prdM: Pressure, Strain Gauge [db]
# name 2 = tv290C: Temperature [ITS-90, deg C]
# name 3 = c0mS/cm: Conductivity [mS/cm]
# name 4 = sal00: Salinity, Practical [PSU]
# name 5 = depSM: Depth [salt water, m], lat = 54.00
# name 6 = oxsatMm/Kg: Oxygen Saturation, Weiss [umol/kg]
# name 7 = oxsolMm/Kg: Oxygen Saturation, Garcia & Gordon [umol/kg]
# name 8 = turbWETntu0: Turbidity, WET Labs ECO [NTU]
# name 9 = flECO-AFL: Fluorescence, WET Labs ECO-AFL/FL [mg/m^3]
# name 10 = flag:  0.000e+00
# span 0 = 148.356155, 148.356820       
# span 1 =      0.887,      6.987       
# span 2 =    16.4116,    16.6864       
# span 3 =  36.798815,  36.914724       
# span 4 =    28.2606,    28.5484       
# span 5 =      0.880,      6.924       
# span 6 =  250.76644,  251.63219       
# span 7 =  251.10541,  251.95729       
# span 8 =    -2.5101,     5.7078       
# span 9 =     3.3268,     6.3878       
# span 10 = 0.0000e+00, 0.0000e+00      
# interval = seconds: 0.25
# start_time = May 27 2024 08:30:06 [Instrument's time stamp, header]
# bad_flag = -9.990e-29
*END*
[from data line 132]
 148.356536      5.165    16.4765  36.861254    28.4588      5.119  251.46429  251.79286    -0.3234     4.6855 0.0000e+00
 148.356539      5.196    16.4761  36.864189    28.4594      5.149  251.46492  251.79352    -0.2689     4.6774 0.0000e+00
 148.356542      5.228    16.4751  36.862233    28.4602      5.182  251.47016  251.79866    -0.2689     4.6733 0.0000e+00
 148.356545      5.265    16.4747  36.862845    28.4602      5.218  251.47016  251.79866    -0.4401     4.6774 0.0000e+00
 148.356548      5.298    16.4745  36.866208    28.4632      5.250  251.46748  251.79588    -0.5957     4.6572 0.0000e+00
 148.356551      5.332    16.4736  36.867798    28.4651      5.285  251.46748  251.79588    -0.5957     4.6895 0.0000e+00
 148.356554      5.378    16.4715  36.872996    28.4711      5.330  251.46773  251.79599    -0.8292     4.6895 0.0000e+00
 148.356557      5.424    16.4670  36.874098    28.4752      5.375  251.48303  251.81107    -0.5179     4.7340 0.0000e+00
 148.356560      5.478    16.4630  36.875321    28.4791      5.429  251.49405  251.82167    -0.0977     4.8674 0.0000e+00
 148.356563      5.531    16.4598  36.884924    28.4896      5.482  251.49635  251.82419    -0.0821     4.8674 0.0000e+00
 148.356565      5.580    16.4548  36.884924    28.4932      5.531  251.51278  251.84016     0.0580     4.8634 0.0000e+00
 148.356568      5.626    16.4505  36.883090    28.4946      5.576  251.53148  251.85866     0.1358     4.7825 0.0000e+00
 148.356571      5.657    16.4497  36.884253    28.4957      5.607  251.53365  251.86079     0.4160     4.8230 0.0000e+00
 148.356574      5.686    16.4489  36.884008    28.4968      5.635  251.53582  251.86292     0.7739     4.7825 -9.990e-29
 148.356577      5.703    16.4489  36.883947    28.4965      5.652  251.53630  251.86340     0.6338     4.7421 -9.990e-29
 148.356580      5.710    16.4486  36.884926    28.4975      5.659  251.53607  251.86315     0.7895     4.7866 -9.990e-29
 148.356583      5.713    16.4482  36.886944    28.4996      5.662  251.53462  251.86166     0.4938     5.5751 -9.990e-29
 148.356586      5.723    16.4471  36.887189    28.5005      5.671  251.53818  251.86517     0.5093     5.5387 -9.990e-29
 148.356589      5.741    16.4422  36.889697    28.5083      5.690  251.54933  251.87605     0.5249     5.5751 -9.990e-29
 148.356591      5.777    16.4406  36.892144    28.5103      5.726  251.55408  251.88072     0.5638     5.5670 0.0000e+00
 148.356594      5.821    16.4389  36.894102    28.5109      5.769  251.55883  251.88538     0.5249     5.5589 0.0000e+00
 148.356597      5.867    16.4368  36.890799    28.5118      5.814  251.57155  251.89802     0.2914     4.4631 0.0000e+00
 148.356600      5.910    16.4364  36.891472    28.5118      5.858  251.57155  251.89802     0.2447     4.4065 0.0000e+00
 148.356603      5.958    16.4363  36.894103    28.5140      5.905  251.56982  251.89621    -0.0199     4.4065 0.0000e+00
 148.356606      5.996    16.4356  36.894898    28.5140      5.943  251.56982  251.89621    -0.0199     4.4469 0.0000e+00
 148.356609      6.031    16.4344  36.890433    28.5152      5.977  251.57600  251.90226    -0.1444     4.5520 0.0000e+00
 148.356612      6.069    16.4333  36.896672    28.5157      6.015  251.58093  251.90728     0.0268     4.5965 0.0000e+00
 148.356615      6.095    16.4322  36.892636    28.5184      6.040  251.58119  251.90737     0.0891     4.5965 0.0000e+00
 148.356617      6.128    16.4318  36.896856    28.5196      6.073  251.58140  251.90753     0.1358     4.6005 0.0000e+00
 148.356620      6.162    16.4309  36.899181    28.5222      6.107  251.58140  251.90753     0.5871     4.6895 0.0000e+00
 148.356623      6.206    16.4288  36.901445    28.5256      6.151  251.58564  251.91165     0.8517     4.7299 0.0000e+00
 148.356626      6.255    16.4266  36.901812    28.5275      6.199  251.59356  251.91946     0.9296     4.7299 0.0000e+00
 148.356629      6.301    16.4250  36.901201    28.5281      6.245  251.60052  251.92634     0.9296     4.7663 0.0000e+00
 148.356632      6.341    16.4244  36.901201    28.5285      6.284  251.60279  251.92859     0.6417     4.7744 0.0000e+00
 148.356635      6.369    16.4238  36.902914    28.5290      6.312  251.60506  251.93083     0.3537     4.7825 -9.990e-29
 148.356638      6.385    16.4229  36.902547    28.5308      6.328  251.60642  251.93213     0.4471     4.7744 -9.990e-29
 148.356641      6.390    16.4232  36.901201    28.5294      6.333  251.60720  251.93293     0.2603     4.7946 -9.990e-29
 148.356644      6.394    16.4233  36.901629    28.5297      6.337  251.60627  251.93201     0.5093     4.6895 -9.990e-29
 148.356646      6.396    16.4233  36.902975    28.5308      6.339  251.60429  251.93002    -0.1911     5.1020 -9.990e-29
 148.356649      6.401    16.4230  36.896675    28.5256      6.344  251.61446  251.94022    -0.0977     5.1060 -9.990e-29
 148.356652      6.409    16.4226  36.903159    28.5314      6.351  251.60644  251.93214    -0.2845     5.0534 -9.990e-29
 148.356655      6.432    16.4214  36.902547    28.5308      6.375  251.61350  251.93915     0.0268     4.6733 -9.990e-29
 148.356658      6.460    16.4212  36.901446    28.5320      6.402  251.61256  251.93819     0.1669     4.6976 0.0000e+00
 148.356661      6.507    16.4210  36.903771    28.5314      6.449  251.61350  251.93915     0.1980     4.6733 0.0000e+00
 148.356664      6.556    16.4208  36.901630    28.5331      6.498  251.61162  251.93723     0.1980     4.6855 0.0000e+00
 148.356667      6.618    16.4205  36.906402    28.5357      6.559  251.61152  251.93708     0.1980     4.6733 0.0000e+00
 148.356670      6.680    16.4201  36.906158    28.5357      6.621  251.61152  251.93708     1.3498     4.5965 0.0000e+00
 148.356672      6.739    16.4196  36.907076    28.5368      6.678  251.61231  251.93784     1.4276     4.5358 0.0000e+00
 148.356675      6.790    16.4189  36.906403    28.5369      6.729  251.61574  251.94124     1.4276     4.5358 0.0000e+00
 148.356678      6.832    16.4185  36.906587    28.5372      6.770  251.61712  251.94260     1.4043     4.5560 0.0000e+00
 148.356681      6.868    16.4181  36.907321    28.5375      6.807  251.61850  251.94396     1.3498     4.5763 -9.990e-29
 148.356684      6.877    16.4178  36.904568    28.5360      6.816  251.62271  251.94816     1.9257     5.6640 -9.990e-29
 148.356687      6.872    16.4178  36.906770    28.5379      6.810  251.61946  251.94490     1.7078     5.7732 -9.990e-29
 148.356690      6.868    16.4180  36.908177    28.5389      6.807  251.61649  251.94193     1.6611     5.7085 -9.990e-29
 148.356693      6.855    16.4180  36.903467    28.5348      6.794  251.62341  251.94888     1.9879     5.6600 -9.990e-29
 148.356696      6.841    16.4182  36.906342    28.5372      6.780  251.61857  251.94403     1.6766     4.7178 -9.990e-29
 148.356698      6.824    16.4184  36.905241    28.5361      6.763  251.61928  251.94476     1.5366     4.7259 -9.990e-29
 148.356701      6.812    16.4186  36.905914    28.5366      6.751  251.61768  251.94316     1.5521     4.6976 -9.990e-29
 148.356704      6.803    16.4188  36.905485    28.5361      6.742  251.61770  251.94319     1.6922     4.6976 -9.990e-29
 148.356707      6.799    16.4192  36.905730    28.5360      6.738  251.61583  251.94134     3.7934     5.0575 -9.990e-29
 148.356710      6.804    16.4194  36.904874    28.5351      6.744  251.61619  251.94172     3.7155     5.0777 -9.990e-29
 148.356713      6.814    16.4195  36.905057    28.5352      6.753  251.61562  251.94116     3.3264     5.0170 -9.990e-29
 148.356716      6.823    16.4194  36.902977    28.5335      6.762  251.61899  251.94453     3.7311     5.0939 -9.990e-29
 148.356719      6.836    16.4194  36.904874    28.5351      6.775  251.61621  251.94174     3.3887     5.2839 -9.990e-29
 148.356722      6.848    16.4194  36.901448    28.5321      6.787  251.62125  251.94680     3.2953     5.3567 -9.990e-29
 148.356725      6.850    16.4194  36.906831    28.5368      6.789  251.61333  251.93885     3.1241     5.2880 -9.990e-29
 148.356727      6.848    16.4192  36.906770    28.5369      6.787  251.61433  251.93984     3.2953     5.3527 -9.990e-29
 148.356730      6.834    16.4189  36.910257    28.5401      6.773  251.61009  251.93557     3.0307     5.0211 -9.990e-29
 148.356733      6.821    16.4178  36.910686    28.5412      6.760  251.61367  251.93909     2.9373     4.9564 -9.990e-29
 148.356736      6.803    16.4167  36.908300    28.5399      6.742  251.62109  251.94647     2.7350     5.0009 -9.990e-29
 148.356739      6.775    16.4159  36.907749    28.5400      6.715  251.62490  251.95024     2.7506     4.9968 -9.990e-29
 148.356742      6.753    16.4158  36.911114    28.5431      6.693  251.62054  251.94586     2.7506     4.9766 -9.990e-29
 148.356745      6.735    16.4157  36.908728    28.5411      6.675  251.62434  251.94967     1.9568     5.0737 -9.990e-29
 148.356748      6.724    16.4152  36.910930    28.5433      6.664  251.62290  251.94819     2.2992     5.1141 -9.990e-29
 148.356751      6.730    16.4149  36.909523    28.5423      6.669  251.62618  251.95146     2.2214     5.0656 -9.990e-29
 148.356753      6.735    16.4144  36.909829    28.5429      6.675  251.62754  251.95280     2.1280     5.1141 -9.990e-29
 148.356756      6.749    16.4142  36.910930    28.5441      6.689  251.62683  251.95207     2.4237     6.3878 -9.990e-29
 148.356759      6.780    16.4142  36.912276    28.5452      6.720  251.62487  251.95010     2.6105     6.3191 -9.990e-29
 148.356762      6.813    16.4139  36.910686    28.5449      6.752  251.62653  251.95176     2.6261     6.3636 -9.990e-29
 148.356765      6.855    16.4138  36.911787    28.5445      6.794  251.62781  251.95303     3.3109     5.5609 0.0000e+00
 148.356768      6.891    16.4138  36.910686    28.5445      6.830  251.62781  251.95303     3.3109     5.5609 0.0000e+00
 148.356771      6.921    16.4137  36.912644    28.5441      6.859  251.62908  251.95430     3.9957     4.7582 -9.990e-29
 148.356774      6.933    16.4136  36.911359    28.5448      6.871  251.62841  251.95362     3.9957     4.7461 -9.990e-29
 148.356777      6.926    16.4139  36.910686    28.5440      6.864  251.62819  251.95342     3.7155     4.7663 -9.990e-29
 148.356780      6.899    16.4140  36.912216    28.5452      6.837  251.62563  251.95085     2.4082     4.5763 -9.990e-29
 148.356782      6.853    16.4145  36.913378    28.5459      6.792  251.62208  251.94732     2.1903     4.5318 -9.990e-29
 148.356785      6.798    16.4146  36.910258    28.5431      6.737  251.62604  251.95131     2.2525     4.5884 -9.990e-29
 148.356788      6.740    16.4147  36.912827    28.5453      6.680  251.62193  251.94718     2.3303     4.5803 -9.990e-29
 148.356791      6.685    16.4149  36.911787    28.5443      6.626  251.62283  251.94810     2.1280     4.6167 -9.990e-29
 148.356794      6.647    16.4152  36.910930    28.5433      6.588  251.62286  251.94815     2.3615     4.8391 -9.990e-29
 148.356797      6.629    16.4150  36.911786    28.5442      6.570  251.62219  251.94747     2.6416     4.8351 -9.990e-29
 148.356800      6.636    16.4150  36.913867    28.5460      6.577  251.61944  251.94470     2.6416     4.7866 -9.990e-29
 148.356803      6.671    16.4149  36.910869    28.5435      6.611  251.62417  251.94944     2.4860     4.7825 -9.990e-29
 148.356806      6.729    16.4150  36.913133    28.5454      6.669  251.62057  251.94583     3.1085     4.9119 -9.990e-29
 148.356808      6.793    16.4146  36.913622    28.5461      6.732  251.62139  251.94663     3.3109     4.9240 -9.990e-29
 148.356811      6.864    16.4132  36.913929    28.5479      6.803  251.62496  251.95013     3.0619     4.9321 -9.990e-29
 148.356814      6.925    16.4132  36.914724    28.5479      6.863  251.62496  251.95013     3.0619     4.9321 0.0000e+00
 148.356817      6.969    16.4132  36.910931    28.5479      6.906  251.62496  251.95013     3.0619     4.9321 -9.990e-29
 148.356820      6.987    16.4116  36.913929    28.5484      6.924  251.63219  251.95729     5.7078     4.9038 -9.990e-29
