seaocn-cb/data/ctd_cnv/SBE19plus_01907321_2024_05_26_Cast60.cnv
* Sea-Bird SBE19plus  Data File:
* FileName = E:\Prandtl_Daten\2024\25052024\raw\SBE19plus_01907321_2024_05_26_Cast60.hex
* Software version 2.6.1.12
* Temperature SN = 7321
* Conductivity SN = 7321
* System UpLoad Time = May 26 2024 10:29:54
* <ApplicationData>
* <Seaterm232>
** 20240526
** Sea Practical 2024
** MCat 26.05 CTD_SP1
** NMEA Latitude = 054 07.868N
** NMEA Longitude = 008 46.513E
** waterdepth =14.8m
** Merle
# nquan = 11
# nvalues = 525                         
# units = specified
# name 0 = timeJ: Julian Days
# name 1 = prdM: Pressure, Strain Gauge [db]
# name 2 = tv290C: Temperature [ITS-90, deg C]
# name 3 = c0mS/cm: Conductivity [mS/cm]
# name 4 = sal00: Salinity, Practical [PSU]
# name 5 = depSM: Depth [salt water, m], lat = 54.00
# name 6 = oxsatMm/Kg: Oxygen Saturation, Weiss [umol/kg]
# name 7 = oxsolMm/Kg: Oxygen Saturation, Garcia & Gordon [umol/kg]
# name 8 = turbWETntu0: Turbidity, WET Labs ECO [NTU]
# name 9 = flECO-AFL: Fluorescence, WET Labs ECO-AFL/FL [mg/m^3]
# name 10 = flag:  0.000e+00
# span 0 = 147.433070, 147.434586       
# span 1 =      0.481,     13.736       
# span 2 =    17.9709,    18.5823       
# span 3 =  35.859761,  36.256264       
# span 4 =    26.4794,    26.6071       
# span 5 =      0.476,     13.613       
# span 6 =  244.59401,  247.34302       
# span 7 =  245.01699,  247.74347       
# span 8 =    -3.1171,    54.6105       
# span 9 =     1.3292,     5.8864       
# span 10 = 0.0000e+00, 0.0000e+00      
# interval = seconds: 0.25
# start_time = May 26 2024 10:22:28 [Instrument's time stamp, header]
# bad_flag = -9.990e-29
*END*
[from data line 394]
 147.434210     10.527    17.9894  35.871314    26.5975     10.433  247.26697  247.66814    18.6261     3.2540 0.0000e+00
 147.434213     10.553    17.9888  35.870891    26.5974     10.458  247.26976  247.67090    18.7350     3.2864 0.0000e+00
 147.434216     10.580    17.9881  35.867625    26.5966     10.485  247.27451  247.67563    18.7506     3.2702 0.0000e+00
 147.434219     10.606    17.9874  35.867626    26.5957     10.511  247.27926  247.68036    18.7661     3.2864 -9.990e-29
 147.434222     10.628    17.9838  35.870227    26.6001     10.532  247.28888  247.68982    20.6650     3.7109 -9.990e-29
 147.434225     10.653    17.9831  35.870650    26.6010     10.558  247.29113  247.69204    20.4782     3.6543 -9.990e-29
 147.434227     10.677    17.9844  35.869985    26.5995     10.581  247.28704  247.68801    20.6650     3.6665 -9.990e-29
 147.434230     10.702    17.9865  35.869380    26.5977     10.606  247.28036  247.68142    20.5871     3.6746 -9.990e-29
 147.434233     10.726    17.9878  35.872222    26.5991     10.630  247.27147  247.67256    20.5249     3.6503 -9.990e-29
 147.434236     10.751    17.9885  35.869561    26.5965     10.655  247.27262  247.67375    29.7700     3.5977 -9.990e-29
 147.434239     10.772    17.9885  35.871073    26.5990     10.675  247.26841  247.66954    29.7545     3.5613 -9.990e-29
 147.434242     10.797    17.9885  35.872646    26.5973     10.700  247.27135  247.67248    29.7545     3.6078 0.0000e+00
 147.434245     10.826    17.9884  35.868594    26.5990     10.729  247.27034  247.67145    29.7545     3.6543 0.0000e+00
 147.434248     10.857    17.9883  35.872404    26.5974     10.760  247.27231  247.67344    29.4043     3.7433 0.0000e+00
 147.434251     10.885    17.9881  35.873311    26.5991     10.787  247.27034  247.67145    29.0541     3.8323 -9.990e-29
 147.434253     10.906    17.9886  35.869985    26.5967     10.809  247.27180  247.67294    28.9918     3.8848 -9.990e-29
 147.434256     10.934    17.9879  35.871316    26.5983     10.836  247.27249  247.67360    29.1941     3.9172 -9.990e-29
 147.434259     10.954    17.9863  35.870469    26.5986     10.856  247.27962  247.68066    29.1941     3.7554 -9.990e-29
 147.434262     10.978    17.9846  35.863878    26.5943     10.879  247.29493  247.69593    28.9762     3.7271 -9.990e-29
 147.434265     11.005    17.9815  35.868293    26.5999     10.906  247.30017  247.70103    29.1319     3.6786 -9.990e-29
 147.434268     11.029    17.9798  35.867809    26.6006     10.930  247.30711  247.70791    29.1630     3.7029 -9.990e-29
 147.434271     11.060    17.9800  35.868475    26.6010     10.961  247.30559  247.70639    29.1630     4.0466 -9.990e-29
 147.434274     11.080    17.9792  35.866540    26.5999     10.981  247.31107  247.71185    29.0541     4.1234 -9.990e-29
 147.434277     11.105    17.9774  35.865875    26.6006     11.006  247.31889  247.71959    29.0074     3.9900 -9.990e-29
 147.434280     11.127    17.9745  35.865875    26.6026     11.027  247.32900  247.72959    29.1319     4.0991 -9.990e-29
 147.434282     11.153    17.9745  35.866057    26.6026     11.053  247.32900  247.72959    29.1319     4.0991 0.0000e+00
 147.434285     11.178    17.9745  35.869988    26.6026     11.078  247.32900  247.72959    29.1319     4.0991 -9.990e-29
 147.434288     11.202    17.9752  35.868476    26.6041     11.102  247.32320  247.72381    34.0035     3.7797 -9.990e-29
 147.434291     11.227    17.9759  35.866540    26.6020     11.127  247.32336  247.72400    33.6611     3.7716 -9.990e-29
 147.434294     11.251    17.9759  35.868718    26.6038     11.150  247.32039  247.72102    33.6144     3.8080 -9.990e-29
 147.434297     11.277    17.9755  35.866722    26.6025     11.176  247.32470  247.72532    33.3809     3.6746 -9.990e-29
 147.434300     11.300    17.9757  35.868295    26.6036     11.199  247.32193  247.72255    33.2875     3.7109 -9.990e-29
 147.434303     11.322    17.9762  35.868476    26.6034     11.221  247.31983  247.72047    33.3187     3.6503 -9.990e-29
 147.434306     11.351    17.9762  35.868476    26.6034     11.250  247.31983  247.72047    33.3187     3.6503 0.0000e+00
 147.434308     11.379    17.9762  35.868900    26.6034     11.277  247.31983  247.72047    33.3187     3.6503 -9.990e-29
 147.434311     11.399    17.9760  35.866541    26.6040     11.297  247.31974  247.72038    32.5249     3.7069 -9.990e-29
 147.434314     11.424    17.9760  35.869021    26.6040     11.322  247.31974  247.72038    32.5249     3.7069 0.0000e+00
 147.434317     11.452    17.9760  35.866965    26.6040     11.349  247.31974  247.72038    32.5249     3.7069 -9.990e-29
 147.434320     11.475    17.9770  35.870896    26.6043     11.373  247.31436  247.71503    33.3342     4.5156 -9.990e-29
 147.434323     11.501    17.9770  35.870230    26.6043     11.398  247.31436  247.71503    33.3342     4.5156 0.0000e+00
 147.434326     11.530    17.9770  35.868900    26.6043     11.427  247.31436  247.71503    33.3342     4.5156 -9.990e-29
 147.434329     11.552    17.9779  35.871077    26.6044     11.448  247.31009  247.71079    33.4432     4.5156 -9.990e-29
 147.434332     11.579    17.9781  35.865876    26.6000     11.476  247.31630  247.71703    33.2720     4.5480 -9.990e-29
 147.434334     11.603    17.9782  35.871743    26.6047     11.499  247.30795  247.70866    33.4587     4.0627 -9.990e-29
 147.434337     11.627    17.9790  35.869989    26.6028     11.523  247.30755  247.70830    33.3965     4.0466 -9.990e-29
 147.434340     11.652    17.9795  35.871319    26.6035     11.548  247.30386  247.70462    33.4587     4.0425 -9.990e-29
 147.434343     11.681    17.9793  35.868477    26.6013     11.577  247.30839  247.70916    33.5833     4.0385 -9.990e-29
 147.434346     11.705    17.9777  35.866542    26.6000     11.600  247.31818  247.71890    31.1708     3.8201 -9.990e-29
 147.434349     11.731    17.9777  35.865695    26.6000     11.626  247.31818  247.71890    31.1708     3.8201 0.0000e+00
 147.434352     11.756    17.9777  35.867389    26.6000     11.651  247.31818  247.71890    31.1708     3.8201 -9.990e-29
 147.434355     11.776    17.9765  35.869808    26.6042     11.671  247.31696  247.71760    30.8906     3.8767 -9.990e-29
 147.434358     11.802    17.9767  35.869808    26.6041     11.696  247.31634  247.71700    32.0580     4.3741 -9.990e-29
 147.434361     11.825    17.9772  35.867631    26.6032     11.720  247.31540  247.71608    32.1513     4.3094 -9.990e-29
 147.434363     11.851    17.9772  35.869143    26.6032     11.745  247.31540  247.71608    32.1513     4.3094 0.0000e+00
 147.434366     11.877    17.9772  35.867208    26.6032     11.770  247.31540  247.71608    32.1513     4.3094 -9.990e-29
 147.434369     11.898    17.9785  35.867631    26.6025     11.792  247.31009  247.71082    31.5132     3.6503 -9.990e-29
 147.434372     11.926    17.9786  35.869385    26.6026     11.819  247.30937  247.71010    31.5288     3.6665 0.0000e+00
 147.434375     11.951    17.9787  35.869990    26.6028     11.844  247.30864  247.70938    31.5288     3.6503 0.0000e+00
 147.434378     11.979    17.9787  35.870232    26.6029     11.871  247.30849  247.70922    31.5365     3.6665 0.0000e+00
 147.434381     12.010    17.9787  35.869990    26.6030     11.902  247.30833  247.70906    31.5288     3.6503 -9.990e-29
 147.434384     12.033    17.9785  35.869627    26.6033     11.926  247.30866  247.70939    34.0657     3.9778 -9.990e-29
 147.434387     12.059    17.9785  35.870474    26.6033     11.951  247.30866  247.70939    34.0657     3.9778 0.0000e+00
 147.434389     12.084    17.9785  35.869567    26.6033     11.976  247.30866  247.70939    34.0657     3.9778 -9.990e-29
 147.434392     12.103    17.9791  35.871563    26.6039     11.994  247.30531  247.70605    34.0969     3.8970 -9.990e-29
 147.434395     12.125    17.9797  35.869386    26.6017     12.016  247.30611  247.70689    38.7350     4.1679 -9.990e-29
 147.434398     12.152    17.9798  35.870898    26.6028     12.043  247.30342  247.70420    38.5949     4.1962 -9.990e-29
 147.434401     12.174    17.9797  35.868902    26.6013     12.065  247.30680  247.70758    38.6416     4.2124 -9.990e-29
 147.434404     12.208    17.9789  35.869567    26.6023     12.099  247.30872  247.70947    38.5638     4.1962 -9.990e-29
 147.434407     12.232    17.9763  35.866544    26.6002     12.123  247.32444  247.72511    38.6727     4.1962 -9.990e-29
 147.434410     12.258    17.9758  35.864972    26.6011     12.148  247.32542  247.72606    38.7039     4.2003 0.0000e+00
 147.434413     12.283    17.9753  35.866302    26.6019     12.173  247.32639  247.72701    38.6727     4.2043 0.0000e+00
 147.434416     12.309    17.9745  35.868056    26.6039     12.199  247.32639  247.72701    38.7039     4.2043 0.0000e+00
 147.434418     12.338    17.9744  35.870052    26.6056     12.227  247.32545  247.72600    38.6572     4.1881 0.0000e+00
 147.434421     12.367    17.9743  35.869992    26.6056     12.256  247.32509  247.72564    35.9334     3.9859 0.0000e+00
 147.434424     12.394    17.9742  35.868480    26.6057     12.283  247.32545  247.72600    33.1630     3.7837 -9.990e-29
 147.434427     12.416    17.9746  35.869145    26.6047     12.305  247.32507  247.72564    33.1008     3.8161 -9.990e-29
 147.434430     12.435    17.9746  35.868057    26.6038     12.323  247.32657  247.72715    33.2253     3.8120 -9.990e-29
 147.434433     12.456    17.9750  35.866303    26.6021     12.345  247.32773  247.72833    35.6689     5.8864 -9.990e-29
 147.434436     12.480    17.9752  35.866303    26.6051     12.368  247.32142  247.72202    35.6689     5.8743 -9.990e-29
 147.434439     12.506    17.9752  35.870234    26.6051     12.394  247.32142  247.72202    35.6689     5.8743 0.0000e+00
 147.434442     12.531    17.9752  35.869569    26.6051     12.419  247.32142  247.72202    35.6689     5.8743 -9.990e-29
 147.434444     12.555    17.9764  35.868299    26.6028     12.442  247.31973  247.72038    44.5249     4.2245 -9.990e-29
 147.434447     12.584    17.9766  35.868299    26.6015     12.471  247.32106  247.72172    44.3926     4.1821 0.0000e+00
 147.434450     12.610    17.9768  35.865457    26.6026     12.497  247.31973  247.72038    44.5249     4.1517 0.0000e+00
 147.434453     12.641    17.9768  35.868420    26.6026     12.527  247.31834  247.71900    44.6961     4.1396 0.0000e+00
 147.434456     12.666    17.9769  35.870658    26.6042     12.553  247.31465  247.71532    48.0735     4.0789 0.0000e+00
 147.434459     12.693    17.9769  35.870658    26.6042     12.580  247.31465  247.71532    48.1047     4.0466 0.0000e+00
 147.434462     12.719    17.9770  35.870235    26.6041     12.605  247.31465  247.71532    48.2370     4.0627 0.0000e+00
 147.434465     12.746    17.9769  35.869146    26.6040     12.632  247.31526  247.71593    48.3692     4.0466 -9.990e-29
 147.434468     12.768    17.9757  35.868058    26.6029     12.654  247.32265  247.72328    48.2292     4.0749 -9.990e-29
 147.434470     12.786    17.9758  35.868723    26.6034     12.672  247.32144  247.72207    51.7311     4.5237 -9.990e-29
 147.434473     12.810    17.9760  35.870477    26.6048     12.695  247.31842  247.71904    51.9334     4.4631 -9.990e-29
 147.434476     12.836    17.9749  35.866969    26.6026     12.721  247.32731  247.72791    51.7934     4.4631 -9.990e-29
 147.434479     12.857    17.9732  35.868482    26.6044     12.742  247.33244  247.73296    54.3615     4.4105 -9.990e-29
 147.434482     12.883    17.9732  35.867816    26.6044     12.768  247.33244  247.73296    54.3615     4.4105 0.0000e+00
 147.434485     12.908    17.9732  35.869994    26.6044     12.793  247.33244  247.73296    54.3615     4.4105 -9.990e-29
 147.434488     12.932    17.9727  35.868421    26.6052     12.816  247.33351  247.73402    54.6105     4.3660 -9.990e-29
 147.434491     12.956    17.9721  35.867817    26.6062     12.840  247.33474  247.73521    53.5988     4.4388 -9.990e-29
 147.434494     12.983    17.9721  35.869147    26.6061     12.867  247.33476  247.73523    53.5365     4.4307 0.0000e+00
 147.434497     13.014    17.9721  35.868906    26.6059     12.898  247.33477  247.73525    53.4743     4.4388 0.0000e+00
 147.434499     13.040    17.9720  35.866971    26.6052     12.923  247.33689  247.73736    53.4587     4.4307 0.0000e+00
 147.434502     13.065    17.9717  35.869995    26.6046     12.948  247.33900  247.73947    53.4432     4.4388 -9.990e-29
 147.434505     13.085    17.9711  35.865882    26.6041     12.968  247.34302  247.74347    45.3498     4.1194 -9.990e-29
 147.434508     13.107    17.9709  35.869390    26.6071     12.990  247.33885  247.73927    45.1630     4.0547 -9.990e-29
 147.434511     13.127    17.9719  35.870660    26.6048     13.010  247.33785  247.73832    45.2408     4.0951 -9.990e-29
 147.434514     13.153    17.9721  35.867394    26.6060     13.035  247.33512  247.73559    45.2564     4.1254 0.0000e+00
 147.434517     13.178    17.9722  35.870479    26.6071     13.060  247.33238  247.73285    45.2408     4.1557 0.0000e+00
 147.434520     13.206    17.9723  35.870902    26.6071     13.087  247.33150  247.73198    42.8440     4.5722 0.0000e+00
 147.434523     13.233    17.9723  35.870297    26.6067     13.114  247.33150  247.73198    42.7506     4.5722 0.0000e+00
 147.434525     13.260    17.9725  35.869572    26.6065     13.142  247.33238  247.73286    42.7973     4.5580 0.0000e+00
 147.434528     13.290    17.9723  35.866729    26.6063     13.171  247.33335  247.73383    42.7506     4.5439 -9.990e-29
 147.434531     13.313    17.9722  35.868302    26.6060     13.194  247.33459  247.73507    43.0619     4.3175 -9.990e-29
 147.434534     13.341    17.9727  35.869149    26.6054     13.221  247.33333  247.73383    43.1086     4.2993 0.0000e+00
 147.434537     13.372    17.9727  35.868483    26.6054     13.252  247.33333  247.73383    43.1086     4.2993 0.0000e+00
 147.434540     13.399    17.9731  35.868907    26.6048     13.279  247.33208  247.73259    43.1552     4.2811 -9.990e-29
 147.434543     13.421    17.9745  35.870661    26.6057     13.301  247.32410  247.72467    42.0191     4.7623 -9.990e-29
 147.434546     13.443    17.9746  35.871749    26.6065     13.322  247.32199  247.72256    41.7233     4.8027 -9.990e-29
 147.434549     13.463    17.9756  35.870479    26.6048     13.342  247.32030  247.72091    41.9412     4.7825 -9.990e-29
 147.434552     13.483    17.9762  35.872838    26.6064     13.362  247.31488  247.71550    41.9568     4.7906 -9.990e-29
 147.434554     13.508    17.9765  35.869995    26.6038     13.387  247.31754  247.71819    48.4471     4.1962 -9.990e-29
 147.434557     13.534    17.9764  35.866548    26.6010     13.413  247.32259  247.72325    48.2603     4.1598 -9.990e-29
 147.434560     13.559    17.9766  35.871568    26.6065     13.438  247.31270  247.71334    48.0268     4.1679 -9.990e-29
 147.434563     13.585    17.9768  35.873322    26.6054     13.463  247.31374  247.71439    48.0424     4.1437 0.0000e+00
 147.434566     13.614    17.9768  35.870903    26.6043     13.492  247.31478  247.71544    48.0268     4.1436 0.0000e+00
 147.434569     13.643    17.9768  35.868484    26.6043     13.521  247.31490  247.71554    44.2447     4.1436 0.0000e+00
 147.434572     13.672    17.9767  35.871750    26.6037     13.550  247.31666  247.71731    44.0891     4.1517 0.0000e+00
 147.434575     13.705    17.9766  35.869573    26.6052     13.582  247.31490  247.71554    44.2447     4.1598 -9.990e-29
 147.434578     13.729    17.9760  35.871992    26.6057     13.606  247.31679  247.71741    44.1358     4.0789 -9.990e-29
 147.434580     13.727    17.9757  35.868726    26.6032     13.604  247.32220  247.72283    39.7000     3.9172 -9.990e-29
 147.434583     13.735    17.9752  35.869815    26.6044     13.611  247.32259  247.72319    39.4821     3.9657 -9.990e-29
 147.434586     13.736    17.9747  35.868908    26.6040     13.613  247.32572  247.72630    39.7000     3.9455 -9.990e-29
