seaocn-cb/data/ctd_cnv/SBE19plus_01907321_2024_05_29_Cast110.cnv
* Sea-Bird SBE19plus  Data File:
* FileName = E:\Prandtl_Daten\2024\29052024\raw\SBE19plus_01907321_2024_05_29_Cast110.hex
* Software version 2.6.1.12
* Temperature SN = 7321
* Conductivity SN = 7321
* System UpLoad Time = May 29 2024 13:34:29
* <ApplicationData>
* <Seaterm232>
** 20240529
** Sea Practical 2024
** MCat 27.05 CTD_M1
** NMEA Latitude = 54 06.03N
** NMEA Longitude = 008 25.25E
** waterdepth = 17m
** Till
# nquan = 11
# nvalues = 613                         
# units = specified
# name 0 = timeJ: Julian Days
# name 1 = prdM: Pressure, Strain Gauge [db]
# name 2 = tv290C: Temperature [ITS-90, deg C]
# name 3 = c0mS/cm: Conductivity [mS/cm]
# name 4 = sal00: Salinity, Practical [PSU]
# name 5 = depSM: Depth [salt water, m], lat = 54.00
# name 6 = oxsatMm/Kg: Oxygen Saturation, Weiss [umol/kg]
# name 7 = oxsolMm/Kg: Oxygen Saturation, Garcia & Gordon [umol/kg]
# name 8 = turbWETntu0: Turbidity, WET Labs ECO [NTU]
# name 9 = flECO-AFL: Fluorescence, WET Labs ECO-AFL/FL [mg/m^3]
# name 10 = flag:  0.000e+00
# span 0 = 150.559459, 150.561230       
# span 1 =      0.488,     16.390       
# span 2 =    15.2481,    15.3541       
# span 3 =  37.868360,  37.964588       
# span 4 =    30.2380,    30.2547       
# span 5 =      0.484,     16.244       
# span 6 =  253.99821,  254.54566       
# span 7 =  254.26095,  254.80309       
# span 8 =    -3.1950,     7.7000       
# span 9 =     3.1489,     7.1400       
# span 10 = 0.0000e+00, 0.0000e+00      
# interval = seconds: 0.25
# start_time = May 29 2024 13:24:08 [Instrument's time stamp, header]
# bad_flag = -9.990e-29
*END*
[from data line 263]
 150.560220      7.444    15.3069  37.920942    30.2461      7.378  254.24257  254.50296    -1.2494     5.9026 -9.990e-29
 150.560223      7.424    15.3048  37.920386    30.2473      7.358  254.25128  254.51155    -1.1872     5.8986 -9.990e-29
 150.560226      7.426    15.3030  37.920571    30.2488      7.359  254.25740  254.51758    -1.2650     5.9026 -9.990e-29
 150.560229      7.450    15.3020  37.920015    30.2490      7.383  254.26206  254.52218    -1.1094     5.8864 -9.990e-29
 150.560231      7.490    15.3009  37.918160    30.2477      7.423  254.26983  254.52991    -2.2144     5.7206 -9.990e-29
 150.560234      7.552    15.3003  37.917665    30.2466      7.484  254.27506  254.53512    -2.2299     5.7449 0.0000e+00
 150.560237      7.634    15.2996  37.914140    30.2464      7.566  254.28029  254.54032    -2.2300     5.7651 0.0000e+00
 150.560240      7.734    15.2978  37.913461    30.2456      7.665  254.28839  254.54832    -2.2300     5.7651 0.0000e+00
 150.560243      7.836    15.2961  37.910493    30.2460      7.766  254.29916  254.55902    -2.1833     5.7489 0.0000e+00
 150.560246      7.938    15.2951  37.910802    30.2460      7.867  254.30253  254.56233    -1.6852     5.5346 0.0000e+00
 150.560249      8.022    15.2943  37.912782    30.2484      7.950  254.30253  254.56233    -1.6074     5.5225 0.0000e+00
 150.560252      8.081    15.2939  37.914823    30.2496      8.008  254.30262  254.56232    -1.5685     5.5184 0.0000e+00
 150.560255      8.114    15.2935  37.912597    30.2508      8.041  254.30251  254.56218    -1.6074     5.5225 -9.990e-29
 150.560258      8.114    15.2931  37.915009    30.2512      8.041  254.30369  254.56335    -1.7008     5.9390 -9.990e-29
 150.560260      8.090    15.2932  37.913895    30.2501      8.017  254.30482  254.56449    -1.6385     5.9673 -9.990e-29
 150.560263      8.053    15.2936  37.914637    30.2506      7.981  254.30249  254.56217    -1.5763     5.9552 -9.990e-29
 150.560266      8.008    15.2939  37.915689    30.2513      7.936  254.29967  254.55936    -1.6074     5.9309 -9.990e-29
 150.560269      7.970    15.2942  37.915627    30.2510      7.898  254.29857  254.55828    -1.1716     6.0805 -9.990e-29
 150.560272      7.946    15.2941  37.915688    30.2511      7.875  254.29875  254.55846    -1.1716     6.0360 -9.990e-29
 150.560275      7.940    15.2941  37.915936    30.2513      7.869  254.29837  254.55807    -1.2339     6.0199 -9.990e-29
 150.560278      7.964    15.2937  37.913524    30.2495      7.893  254.30357  254.56327    -1.1094     6.0280 -9.990e-29
 150.560281      8.012    15.2934  37.913895    30.2500      7.940  254.30419  254.56387    -1.2183     6.0158 -9.990e-29
 150.560284      8.079    15.2926  37.913710    30.2483      8.007  254.31160  254.57125    -1.4829     5.9026 -9.990e-29
 150.560286      8.163    15.2922  37.911236    30.2485      8.090  254.31279  254.57243    -1.4129     5.9127 0.0000e+00
 150.560289      8.256    15.2919  37.911237    30.2487      8.182  254.31399  254.57360    -1.3739     5.9228 0.0000e+00
 150.560292      8.340    15.2913  37.910681    30.2487      8.265  254.31723  254.57681    -1.3739     5.9228 0.0000e+00
 150.560295      8.413    15.2910  37.911918    30.2495      8.338  254.31746  254.57702    -1.5062     5.9430 0.0000e+00
 150.560298      8.455    15.2907  37.910248    30.2502      8.379  254.31769  254.57723    -1.6385     5.9633 -9.990e-29
 150.560301      8.475    15.2898  37.909939    30.2492      8.399  254.32428  254.58378    -1.5452     5.9713 -9.990e-29
 150.560304      8.466    15.2891  37.910558    30.2502      8.390  254.32565  254.58511    -1.4518     5.9633 -9.990e-29
 150.560307      8.435    15.2887  37.910001    30.2500      8.359  254.32795  254.58739    -1.2339     6.2423 -9.990e-29
 150.560310      8.395    15.2885  37.910372    30.2506      8.320  254.32822  254.58765    -1.1249     6.2463 -9.990e-29
 150.560313      8.347    15.2884  37.910001    30.2504      8.273  254.32935  254.58877    -1.1094     6.1978 -9.990e-29
 150.560315      8.311    15.2887  37.908578    30.2489      8.237  254.33037  254.58982    -1.2650     6.2423 -9.990e-29
 150.560318      8.294    15.2886  37.909258    30.2495      8.220  254.32959  254.58903    -1.1872     5.8864 -9.990e-29
 150.560321      8.304    15.2884  37.906043    30.2468      8.229  254.33516  254.59462    -1.1249     5.9188 -9.990e-29
 150.560324      8.340    15.2884  37.907465    30.2481      8.265  254.33298  254.59242    -1.0627     5.8783 -9.990e-29
 150.560327      8.409    15.2882  37.909321    30.2492      8.334  254.33223  254.59165    -1.1405     5.8703 -9.990e-29
 150.560330      8.504    15.2881  37.908579    30.2498      8.428  254.33165  254.59105    -1.2183     5.6944 0.0000e+00
 150.560333      8.612    15.2881  37.909940    30.2505      8.535  254.33106  254.59046    -1.1872     5.5225 0.0000e+00
 150.560336      8.725    15.2881  37.911177    30.2505      8.647  254.33106  254.59046    -1.1872     5.5185 0.0000e+00
 150.560339      8.836    15.2881  37.907282    30.2480      8.757  254.33474  254.59416    -1.1405     5.5225 0.0000e+00
 150.560341      8.929    15.2878  37.906292    30.2480      8.849  254.33629  254.59569    -1.1405     5.5144 0.0000e+00
 150.560344      8.995    15.2877  37.907468    30.2479      8.914  254.33689  254.59630    -1.3662     5.4821 0.0000e+00
 150.560347      9.022    15.2877  37.909323    30.2484      8.942  254.33629  254.59569    -1.6230     5.4416 -9.990e-29
 150.560350      9.015    15.2870  37.907468    30.2489      8.934  254.33863  254.59800    -1.5452     5.4376 -9.990e-29
 150.560353      8.977    15.2870  37.908828    30.2502      8.896  254.33679  254.59614    -1.5918     5.4538 -9.990e-29
 150.560356      8.922    15.2870  37.906540    30.2481      8.842  254.34001  254.59938    -1.5296     5.7611 -9.990e-29
 150.560359      8.860    15.2873  37.909261    30.2504      8.781  254.33489  254.59425    -1.6541     5.7772 -9.990e-29
 150.560362      8.805    15.2872  37.907900    30.2492      8.727  254.33725  254.59662    -1.5607     5.7772 -9.990e-29
 150.560365      8.765    15.2869  37.908827    30.2503      8.687  254.33696  254.59630    -1.7786     5.7853 -9.990e-29
 150.560367      8.745    15.2866  37.904560    30.2468      8.667  254.34472  254.60408    -0.9848     5.6883 -9.990e-29
 150.560370      8.749    15.2862  37.906539    30.2488      8.671  254.34311  254.60243    -0.8448     5.6600 -9.990e-29
 150.560373      8.780    15.2858  37.907467    30.2499      8.701  254.34315  254.60244    -0.8915     5.7045 -9.990e-29
 150.560376      8.842    15.2854  37.905550    30.2485      8.763  254.34761  254.60690    -0.9226     5.7125 -9.990e-29
 150.560379      8.920    15.2842  37.907035    30.2478      8.841  254.35524  254.61447    -0.6113     5.2435 -9.990e-29
 150.560382      9.010    15.2835  37.903696    30.2469      8.929  254.36053  254.61973    -0.6502     5.2354 0.0000e+00
 150.560385      9.103    15.2827  37.900481    30.2467      9.021  254.36581  254.62498    -0.6891     5.2435 0.0000e+00
 150.560388      9.192    15.2803  37.899245    30.2467      9.110  254.37681  254.63585    -0.7047     5.2637 0.0000e+00
 150.560391      9.276    15.2789  37.901595    30.2496      9.193  254.37817  254.63712    -0.7358     5.2637 0.0000e+00
 150.560394      9.351    15.2783  37.900792    30.2497      9.267  254.38208  254.64099    -0.9070     5.8703 0.0000e+00
 150.560396      9.410    15.2779  37.900606    30.2496      9.325  254.38386  254.64275    -0.9070     5.8824 0.0000e+00
 150.560399      9.450    15.2779  37.897453    30.2483      9.365  254.38617  254.64508    -0.8915     5.8925 0.0000e+00
 150.560402      9.475    15.2779  37.902585    30.2469      9.390  254.38848  254.64740    -0.8759     5.9147 -9.990e-29
 150.560405      9.481    15.2783  37.902338    30.2509      9.396  254.37976  254.63867    -0.7202     6.0239 -9.990e-29
 150.560408      9.466    15.2786  37.902338    30.2506      9.381  254.37830  254.63722    -0.6424     6.0320 -9.990e-29
 150.560411      9.450    15.2792  37.903946    30.2517      9.365  254.37376  254.63270    -0.5957     6.0441 -9.990e-29
 150.560414      9.428    15.2795  37.903018    30.2506      9.343  254.37402  254.63299    -0.6736     6.0239 -9.990e-29
 150.560417      9.415    15.2800  37.902585    30.2498      9.331  254.37264  254.63165    -0.4557     5.6276 -9.990e-29
 150.560420      9.407    15.2800  37.902090    30.2494      9.323  254.37341  254.63241    -0.3778     5.6559 -9.990e-29
 150.560422      9.406    15.2795  37.901905    30.2496      9.321  254.37573  254.63471    -0.4712     5.6438 -9.990e-29
 150.560425      9.409    15.2791  37.902770    30.2507      9.325  254.37585  254.63480    -0.4090     5.6155 -9.990e-29
 150.560428      9.411    15.2786  37.899679    30.2484      9.327  254.38268  254.64162    -0.4712     5.6357 -9.990e-29
 150.560431      9.422    15.2781  37.900359    30.2493      9.338  254.38338  254.64228    -0.0821     6.8245 -9.990e-29
 150.560434      9.440    15.2776  37.902091    30.2512      9.356  254.38245  254.64132    -0.2222     6.8205 -9.990e-29
 150.560437      9.460    15.2774  37.898133    30.2499      9.376  254.38584  254.64471    -0.1132     6.8407 -9.990e-29
 150.560440      9.489    15.2771  37.900483    30.2496      9.405  254.38783  254.64669    -0.3934     6.4727 0.0000e+00
 150.560443      9.528    15.2769  37.899246    30.2499      9.443  254.38774  254.64658    -0.6269     6.1048 0.0000e+00
 150.560446      9.572    15.2768  37.900793    30.2497      9.486  254.38982  254.64867    -0.6736     6.1048 0.0000e+00
 150.560448      9.626    15.2765  37.899494    30.2497      9.540  254.39066  254.64949    -0.6269     6.0967 0.0000e+00
 150.560451      9.705    15.2763  37.897454    30.2481      9.618  254.39479  254.65362    -0.6269     6.0967 0.0000e+00
 150.560454      9.780    15.2763  37.897454    30.2481      9.692  254.39479  254.65362     0.1358     6.0320 0.0000e+00
 150.560457      9.867    15.2763  37.900794    30.2506      9.779  254.38991  254.64872     0.1358     6.0118 0.0000e+00
 150.560460      9.948    15.2764  37.900485    30.2506      9.859  254.38991  254.64872     0.1358     6.0118 0.0000e+00
 150.560463     10.013    15.2765  37.899681    30.2498      9.924  254.39090  254.64972     0.0580     6.0118 0.0000e+00
 150.560466     10.063    15.2765  37.898568    30.2493      9.973  254.39178  254.65060    -0.1522     5.9693 0.0000e+00
 150.560469     10.107    15.2765  37.898816    30.2488     10.016  254.39266  254.65149    -0.4401     5.8864 -9.990e-29
 150.560472     10.127    15.2766  37.899929    30.2498     10.036  254.39000  254.64884    -0.5646     5.9228 -9.990e-29
 150.560475     10.134    15.2766  37.897641    30.2478     10.043  254.39355  254.65240    -0.4712     5.8783 -9.990e-29
 150.560477     10.130    15.2769  37.899001    30.2488     10.040  254.39057  254.64942    -0.4712     5.9026 -9.990e-29
 150.560480     10.116    15.2769  37.896590    30.2467     10.025  254.39430  254.65317    -0.4712     6.0482 -9.990e-29
 150.560483     10.094    15.2768  37.901165    30.2508     10.003  254.38749  254.64632    -0.4712     6.0401 -9.990e-29
 150.560486     10.070    15.2767  37.899681    30.2496      9.980  254.39006  254.64890    -0.3623     6.0158 -9.990e-29
 150.560489     10.037    15.2765  37.899990    30.2500      9.947  254.39015  254.64897    -0.4090     6.0158 -9.990e-29
 150.560492     10.013    15.2765  37.901474    30.2513      9.924  254.38783  254.64665     0.0891     5.6681 -9.990e-29
 150.560495      9.995    15.2763  37.900794    30.2509      9.906  254.38975  254.64855     0.1202     5.6438 -9.990e-29
 150.560498      9.986    15.2764  37.897888    30.2482      9.897  254.39396  254.65279     0.0580     5.6195 -9.990e-29
 150.560501      9.981    15.2762  37.900114    30.2503      9.891  254.39108  254.64989     0.0268     5.6559 -9.990e-29
 150.560503     10.002    15.2762  37.899496    30.2498      9.913  254.39206  254.65087    -0.9848     6.7801 -9.990e-29
 150.560506     10.039    15.2765  37.897022    30.2507      9.949  254.38923  254.64804    -1.0160     6.7922 -9.990e-29
 150.560509     10.094    15.2765  37.900794    30.2492     10.003  254.39218  254.65100    -1.0004     6.8023 0.0000e+00
 150.560512     10.163    15.2764  37.897208    30.2482     10.072  254.39411  254.65295    -0.9848     6.7922 0.0000e+00
 150.560515     10.247    15.2764  37.897889    30.2476     10.155  254.39512  254.65395     0.1047     5.3527 0.0000e+00
 150.560518     10.344    15.2756  37.895354    30.2480     10.251  254.40101  254.65982     0.1669     5.3284 0.0000e+00
 150.560521     10.449    15.2747  37.896344    30.2465     10.356  254.40304  254.66178     0.1047     5.3284 0.0000e+00
 150.560524     10.548    15.2736  37.893005    30.2459     10.454  254.41235  254.67106     0.0735     5.3244 0.0000e+00
 150.560527     10.641    15.2715  37.890347    30.2459     10.546  254.42439  254.68299     0.0735     5.3122 0.0000e+00
 150.560530     10.712    15.2692  37.890595    30.2461     10.616  254.43278  254.69126     1.5210     5.3122 0.0000e+00
 150.560532     10.765    15.2682  37.887875    30.2466     10.669  254.43855  254.69698     1.5677     5.3203 0.0000e+00
 150.560535     10.791    15.2672  37.889483    30.2461     10.694  254.44431  254.70269     1.6144     5.3486 -9.990e-29
 150.560538     10.789    15.2658  37.883671    30.2435     10.692  254.45608  254.71442     1.4899     5.3041 -9.990e-29
 150.560541     10.762    15.2659  37.889235    30.2484     10.665  254.44715  254.70545     0.8206     6.0199 -9.990e-29
 150.560544     10.714    15.2661  37.889050    30.2480     10.618  254.44653  254.70485     0.7117     6.0320 -9.990e-29
 150.560547     10.659    15.2658  37.889730    30.2489     10.564  254.44661  254.70490     0.8517     6.0563 -9.990e-29
 150.560550     10.608    15.2657  37.889235    30.2485     10.513  254.44764  254.70593     0.8517     6.0158 -9.990e-29
 150.560553     10.566    15.2652  37.884845    30.2451     10.472  254.45646  254.71475    -0.5490     5.5832 -9.990e-29
 150.560556     10.548    15.2650  37.888555    30.2485     10.454  254.45128  254.70953    -0.4245     5.5589 -9.990e-29
 150.560558     10.544    15.2647  37.890162    30.2502     10.450  254.45024  254.70846    -0.3311     5.5751 -9.990e-29
 150.560561     10.566    15.2646  37.888122    30.2485     10.472  254.45370  254.71194    -0.4401     5.5832 -9.990e-29
 150.560564     10.612    15.2648  37.890781    30.2506     10.517  254.44874  254.70696    -0.7047     6.2827 -9.990e-29
 150.560567     10.676    15.2652  37.893440    30.2527     10.580  254.44320  254.70143    -0.6891     6.2989 -9.990e-29
 150.560570     10.749    15.2681  37.894367    30.2533     10.652  254.42744  254.68581    -0.6113     6.2989 -9.990e-29
 150.560573     10.836    15.2689  37.896717    30.2522     10.739  254.42537  254.68379    -0.6813     6.2928 0.0000e+00
 150.560576     10.911    15.2696  37.895666    30.2517     10.813  254.42329  254.68176    -0.7514     6.2867 0.0000e+00
 150.560579     10.981    15.2704  37.897026    30.2512     10.882  254.41832  254.67682    -0.9848     5.6236 0.0000e+00
 150.560582     11.039    15.2713  37.897212    30.2512     10.940  254.41486  254.67341    -0.9848     5.6236 0.0000e+00
 150.560584     11.086    15.2722  37.895666    30.2494     10.987  254.41379  254.67241    -0.9848     5.6236 0.0000e+00
 150.560587     11.125    15.2730  37.896718    30.2494     11.025  254.40928  254.66793    -0.9381     5.6236 0.0000e+00
 150.560590     11.156    15.2733  37.898387    30.2499     11.056  254.40683  254.66549    -0.8837     5.8217 0.0000e+00
 150.560593     11.189    15.2736  37.897027    30.2504     11.088  254.40438  254.66305    -0.9381     6.0239 -9.990e-29
