seaocn-cb/data/ctd_cnv/SBE19plus_01907321_2024_05_22_Cast19.cnv
* Sea-Bird SBE19plus  Data File:
* FileName = E:\Prandtl_Daten\2024\CTD\raw\SBE19plus_01907321_2024_05_22_Cast19.hex
* Software version 2.6.1.12
* Temperature SN = 7321
* Conductivity SN = 7321
* System UpLoad Time = May 22 2024 15:32:52
* <ApplicationData>
* <Seaterm232>
** 20240522
** Sea Practical 2024
** MCat 22.05 CTD_SP1
** NMEA Latitude = 054 7.81N
** NMEA Longitude = 008 46.42E
** waterdepth = 11.80m
** Clemens
# nquan = 11
# nvalues = 374                         
# units = specified
# name 0 = timeJ: Julian Days
# name 1 = prdM: Pressure, Strain Gauge [db]
# name 2 = tv290C: Temperature [ITS-90, deg C]
# name 3 = c0mS/cm: Conductivity [mS/cm]
# name 4 = sal00: Salinity, Practical [PSU]
# name 5 = depSM: Depth [salt water, m], lat = 54.00
# name 6 = oxsatMm/Kg: Oxygen Saturation, Weiss [umol/kg]
# name 7 = oxsolMm/Kg: Oxygen Saturation, Garcia & Gordon [umol/kg]
# name 8 = turbWETntu0: Turbidity, WET Labs ECO [NTU]
# name 9 = flECO-AFL: Fluorescence, WET Labs ECO-AFL/FL [mg/m^3]
# name 10 = flag:  0.000e+00
# span 0 = 143.643912, 143.644991       
# span 1 =      0.952,     10.761       
# span 2 =    17.6726,    17.6881       
# span 3 =  35.311469,  35.365786       
# span 4 =    26.3356,    26.3856       
# span 5 =      0.943,     10.665       
# span 6 =  249.12427,  249.16222       
# span 7 =  249.51499,  249.55321       
# span 8 =     0.7272,    37.2564       
# span 9 =     3.2095,     6.8852       
# span 10 = 0.0000e+00, 0.0000e+00      
# interval = seconds: 0.25
# start_time = May 22 2024 15:25:59 [Instrument's time stamp, header]
# bad_flag = -9.990e-29
*END*
 143.643912      0.952    17.6826  35.323064    26.3470      0.943  249.15658  249.54751     1.0229     3.3511 -9.990e-29
 143.643915      0.955    17.6824  35.331179    26.3538      0.947  249.14593  249.53682     1.0229     3.3308 -9.990e-29
 143.643918      0.968    17.6828  35.327572    26.3506      0.960  249.14969  249.54061     2.0657     3.6301 -9.990e-29
 143.643921      0.983    17.6830  35.330999    26.3532      0.974  249.14399  249.53490     2.0191     3.5896 -9.990e-29
 143.643924      1.001    17.6833  35.328414    26.3516      0.992  249.14549  249.53642     2.0502     3.6099 -9.990e-29
 143.643927      1.028    17.6833  35.329256    26.3503      1.019  249.14772  249.53865     1.5910     3.5431 0.0000e+00
 143.643929      1.070    17.6833  35.326070    26.3503      1.061  249.14772  249.53865     1.5910     3.5431 0.0000e+00
 143.643932      1.107    17.6833  35.326491    26.3490      1.097  249.14994  249.54088     1.1319     3.4764 -9.990e-29
 143.643935      1.127    17.6829  35.326912    26.3499      1.117  249.15005  249.54098     1.0852     3.4683 -9.990e-29
 143.643938      1.143    17.6829  35.324087    26.3475      1.133  249.15399  249.54493     1.0696     3.4805 -9.990e-29
 143.643941      1.160    17.6832  35.322824    26.3463      1.150  249.15481  249.54577     0.8206     3.5371 -9.990e-29
 143.643944      1.167    17.6830  35.321141    26.3450      1.157  249.15778  249.54874     0.7272     3.5532 -9.990e-29
 143.643947      1.186    17.6833  35.317054    26.3414      1.175  249.16222  249.55321     0.7584     3.5735 -9.990e-29
 143.643950      1.206    17.6833  35.317655    26.3419      1.195  249.16139  249.55238     0.8206     3.5452 -9.990e-29
 143.643953      1.231    17.6833  35.319158    26.3432      1.220  249.15963  249.55061     1.2564     3.5128 -9.990e-29
 143.643955      1.255    17.6832  35.317656    26.3441      1.244  249.15847  249.54944     1.2253     3.5411 -9.990e-29
 143.643958      1.291    17.6833  35.320240    26.3448      1.280  249.15711  249.54807     1.2720     3.5431 0.0000e+00
 143.643961      1.324    17.6833  35.321983    26.3442      1.312  249.15762  249.54860     1.2253     3.5452 0.0000e+00
 143.643964      1.362    17.6833  35.320421    26.3455      1.350  249.15574  249.54671     1.2097     3.5452 0.0000e+00
 143.643967      1.403    17.6833  35.324568    26.3457      1.390  249.15427  249.54525     1.0385     3.4805 0.0000e+00
 143.643970      1.450    17.6834  35.322405    26.3461      1.437  249.15402  249.54499     1.0385     3.4683 0.0000e+00
 143.643973      1.490    17.6835  35.322825    26.3459      1.477  249.15415  249.54512     1.0619     3.4642 0.0000e+00
 143.643976      1.519    17.6834  35.323246    26.3461      1.506  249.15402  249.54499     1.0852     3.4602 -9.990e-29
 143.643979      1.538    17.6832  35.323487    26.3467      1.524  249.15407  249.54503     1.8634     3.8039 -9.990e-29
 143.643981      1.550    17.6832  35.326673    26.3494      1.537  249.14965  249.54059     1.8945     3.7999 -9.990e-29
 143.643984      1.554    17.6829  35.328176    26.3508      1.540  249.14851  249.53943     1.8167     3.8242 -9.990e-29
 143.643987      1.565    17.6832  35.332924    26.3545      1.551  249.14096  249.53187     1.8167     3.7918 -9.990e-29
 143.643990      1.574    17.6830  35.331181    26.3532      1.560  249.14402  249.53493     1.8634     3.3511 -9.990e-29
 143.643993      1.594    17.6841  35.329498    26.3509      1.580  249.14262  249.53359     1.8167     3.3794 -9.990e-29
 143.643996      1.623    17.6843  35.329258    26.3497      1.609  249.14364  249.53463     1.8167     3.3673 0.0000e+00
 143.643999      1.662    17.6845  35.326673    26.3493      1.647  249.14286  249.53386     1.8167     3.3794 0.0000e+00
 143.644002      1.700    17.6846  35.327755    26.3485      1.685  249.14286  249.53386     1.5210     3.7797 0.0000e+00
 143.644005      1.744    17.6850  35.327094    26.3493      1.728  249.14222  249.53324     1.5210     3.8242 0.0000e+00
 143.644008      1.789    17.6852  35.328837    26.3491      1.774  249.13950  249.53053     1.5210     3.8242 0.0000e+00
 143.644010      1.833    17.6854  35.328176    26.3491      1.817  249.13950  249.53053     1.5521     3.7959 0.0000e+00
 143.644013      1.870    17.6855  35.325832    26.3481      1.853  249.14083  249.53186     1.5366     3.7919 0.0000e+00
 143.644016      1.897    17.6855  35.326253    26.3471      1.880  249.14215  249.53320     1.5521     3.7959 -9.990e-29
 143.644019      1.921    17.6867  35.324990    26.3456      1.904  249.13893  249.53003     1.2253     3.3106 -9.990e-29
 143.644022      1.939    17.6872  35.319641    26.3408      1.922  249.14449  249.53563     1.3809     3.3551 -9.990e-29
 143.644025      1.948    17.6876  35.319160    26.3402      1.931  249.14390  249.53506     1.4120     3.3470 -9.990e-29
 143.644028      1.970    17.6881  35.314712    26.3362      1.952  249.14821  249.53941     0.9918     3.7029 -9.990e-29
 143.644031      1.983    17.6878  35.317477    26.3387      1.965  249.14531  249.53649     0.9607     3.7231 -9.990e-29
 143.644034      2.003    17.6874  35.318319    26.3396      1.985  249.14573  249.53689     1.1319     3.7352 -9.990e-29
 143.644036      2.028    17.6871  35.317477    26.3391      2.010  249.14786  249.53901     1.0852     3.7554 -9.990e-29
 143.644039      2.052    17.6865  35.315734    26.3380      2.034  249.15251  249.54365     1.4276     3.2581 -9.990e-29
 143.644042      2.083    17.6865  35.315735    26.3387      2.065  249.15179  249.54292     1.4665     3.2338 0.0000e+00
 143.644045      2.116    17.6865  35.317237    26.3386      2.097  249.15194  249.54307     1.4276     3.2095 0.0000e+00
 143.644048      2.156    17.6865  35.316396    26.3386      2.137  249.15194  249.54307     1.3809     3.2095 0.0000e+00
 143.644051      2.195    17.6865  35.315735    26.3386      2.175  249.15194  249.54307     1.1630     3.4643 0.0000e+00
 143.644054      2.224    17.6865  35.317478    26.3379      2.204  249.15225  249.54339     1.1008     3.5209 0.0000e+00
 143.644057      2.257    17.6864  35.312129    26.3375      2.237  249.15536  249.54648     1.0385     3.4724 0.0000e+00
 143.644060      2.284    17.6863  35.314894    26.3363      2.264  249.15680  249.54793     1.0230     3.4966 0.0000e+00
 143.644062      2.309    17.6861  35.315315    26.3375      2.289  249.15536  249.54648     1.0074     3.4724 -9.990e-29
 143.644065      2.331    17.6856  35.312310    26.3357      2.310  249.16086  249.55197     1.1008     3.2985 -9.990e-29
 143.644068      2.355    17.6856  35.316397    26.3391      2.334  249.15519  249.54628     1.1319     3.2702 -9.990e-29
 143.644071      2.375    17.6856  35.313632    26.3366      2.354  249.15940  249.55050     1.0541     3.3066 -9.990e-29
 143.644074      2.406    17.6856  35.313392    26.3366      2.385  249.15940  249.55050     1.0541     3.3066 0.0000e+00
 143.644077      2.436    17.6856  35.313212    26.3366      2.414  249.15940  249.55050     1.0541     3.3066 -9.990e-29
 143.644080      2.458    17.6857  35.313813    26.3358      2.436  249.16029  249.55140     0.8050     3.6260 -9.990e-29
 143.644083      2.488    17.6857  35.312551    26.3358      2.466  249.16029  249.55140     0.8050     3.6260 0.0000e+00
 143.644086      2.516    17.6857  35.311469    26.3358      2.493  249.16029  249.55140     0.8050     3.6260 -9.990e-29
 143.644089      2.538    17.6852  35.312972    26.3380      2.515  249.15896  249.55004     1.0696     3.5047 -9.990e-29
 143.644091      2.565    17.6851  35.314895    26.3378      2.542  249.15974  249.55082     1.0152     3.4865 0.0000e+00
 143.644094      2.591    17.6852  35.314234    26.3376      2.568  249.16052  249.55160     0.9918     3.4926 0.0000e+00
 143.644097      2.622    17.6852  35.313212    26.3376      2.598  249.16052  249.55160     0.9918     3.4683 0.0000e+00
 143.644100      2.657    17.6855  35.316218    26.3366      2.633  249.16040  249.55152     1.0696     3.4158 0.0000e+00
 143.644103      2.684    17.6858  35.312311    26.3356      2.660  249.15945  249.55058     1.0696     3.4158 0.0000e+00
 143.644106      2.717    17.6858  35.312551    26.3356      2.693  249.15945  249.55058     1.0696     3.4158 0.0000e+00
 143.644109      2.748    17.6859  35.314715    26.3365      2.723  249.15827  249.54939     1.0774     3.4198 0.0000e+00
 143.644112      2.775    17.6858  35.312311    26.3375      2.751  249.15709  249.54820     1.0229     3.4077 -9.990e-29
 143.644115      2.797    17.6861  35.312972    26.3358      2.772  249.15828  249.54941     1.1941     3.4845 -9.990e-29
 143.644117      2.825    17.6861  35.315016    26.3375      2.799  249.15545  249.54657     0.9762     3.4764 -9.990e-29
 143.644120      2.850    17.6860  35.314054    26.3368      2.824  249.15743  249.54855     1.0229     3.4724 -9.990e-29
 143.644123      2.874    17.6855  35.317901    26.3402      2.848  249.15367  249.54475     1.0852     3.4966 -9.990e-29
 143.644126      2.895    17.6852  35.317901    26.3404      2.870  249.15494  249.54601     3.7467     3.8323 -9.990e-29
 143.644129      2.917    17.6847  35.330765    26.3514      2.891  249.13895  249.52994     3.8556     3.7959 -9.990e-29
 143.644132      2.937    17.6834  35.331186    26.3502      2.911  249.14696  249.53791     3.8401     3.8039 -9.990e-29
 143.644135      2.967    17.6831  35.328421    26.3527      2.940  249.14467  249.53559     3.8011     3.9555 0.0000e+00
 143.644138      2.998    17.6827  35.333771    26.3551      2.971  249.14313  249.53399     3.7778     4.1072 0.0000e+00
 143.644141      3.031    17.6819  35.335274    26.3569      3.003  249.14237  249.53326     3.7778     4.1194 0.0000e+00
 143.644144      3.067    17.6813  35.341887    26.3627      3.040  249.13616  249.52696     3.7778     4.1194 0.0000e+00
 143.644146      3.107    17.6809  35.345375    26.3638      3.079  249.13616  249.52696     3.7155     4.1194 0.0000e+00
 143.644149      3.140    17.6809  35.342970    26.3648      3.112  249.13458  249.52535     2.7428     3.8646 0.0000e+00
 143.644152      3.166    17.6809  35.342369    26.3638      3.137  249.13626  249.52704     1.7700     3.6058 -9.990e-29
 143.644155      3.189    17.6816  35.337198    26.3586      3.161  249.14180  249.53263     1.7856     3.5896 -9.990e-29
 143.644158      3.207    17.6821  35.333772    26.3555      3.179  249.14468  249.53555     1.6611     3.5856 -9.990e-29
 143.644161      3.235    17.6828  35.334854    26.3559      3.206  249.14035  249.53125     1.8167     3.6058 -9.990e-29
 143.644164      3.257    17.6834  35.329263    26.3509      3.228  249.14593  249.53688     1.0385     3.5735 -9.990e-29
 143.644167      3.282    17.6844  35.328422    26.3451      3.253  249.15079  249.54180     0.9762     3.5977 -9.990e-29
 143.644170      3.310    17.6846  35.323072    26.3443      3.280  249.15154  249.54255     1.0463     3.6058 0.0000e+00
 143.644172      3.339    17.6847  35.321329    26.3435      3.309  249.15228  249.54331     1.1163     3.5977 0.0000e+00
 143.644175      3.368    17.6847  35.321329    26.3434      3.338  249.15229  249.54333     1.2720     3.5128 0.0000e+00
 143.644178      3.399    17.6849  35.318564    26.3410      3.368  249.15521  249.54626     1.2875     3.5088 0.0000e+00
 143.644181      3.428    17.6851  35.317903    26.3409      3.397  249.15521  249.54626     1.2875     3.4764 0.0000e+00
 143.644184      3.455    17.6853  35.318745    26.3409      3.424  249.15372  249.54479     1.2875     3.5088 0.0000e+00
 143.644187      3.483    17.6853  35.319165    26.3412      3.452  249.15315  249.54421     2.0346     3.9253 0.0000e+00
 143.644190      3.512    17.6852  35.319406    26.3415      3.480  249.15284  249.54391     2.0502     3.9253 0.0000e+00
 143.644193      3.539    17.6852  35.320067    26.3420      3.508  249.15224  249.54330     2.0813     3.9172 0.0000e+00
 143.644196      3.572    17.6850  35.328182    26.3487      3.540  249.14218  249.53320     2.1280     3.9091 0.0000e+00
 143.644198      3.599    17.6850  35.328002    26.3488      3.567  249.14189  249.53291     2.1902     3.8161 0.0000e+00
 143.644201      3.632    17.6849  35.334615    26.3487      3.600  249.14218  249.53320     2.2992     3.7150 -9.990e-29
 143.644204      3.656    17.6844  35.338462    26.3577      3.623  249.12955  249.52050     2.2836     3.7231 -9.990e-29
 143.644207      3.683    17.6841  35.334434    26.3546      3.650  249.13643  249.52738     2.2992     3.7554 -9.990e-29
 143.644210      3.705    17.6838  35.336358    26.3564      3.672  249.13502  249.52595     2.3303     3.7554 -9.990e-29
 143.644213      3.731    17.6839  35.337621    26.3573      3.697  249.13297  249.52389     1.5054     3.6099 -9.990e-29
 143.644216      3.754    17.6840  35.333533    26.3540      3.721  249.13771  249.52866     1.5833     3.5815 -9.990e-29
 143.644219      3.782    17.6840  35.333773    26.3545      3.748  249.13681  249.52776     1.5677     3.5896 0.0000e+00
 143.644222      3.811    17.6840  35.334856    26.3545      3.777  249.13681  249.52776     1.5677     3.5896 0.0000e+00
 143.644225      3.838    17.6841  35.332932    26.3549      3.804  249.13591  249.52685     1.5521     3.5977 -9.990e-29
 143.644227      3.860    17.6844  35.328784    26.3532      3.826  249.13742  249.52839     2.5794     3.7190 -9.990e-29
 143.644230      3.891    17.6844  35.333113    26.3529      3.857  249.13817  249.52914     2.5015     3.7291 0.0000e+00
 143.644233      3.922    17.6843  35.332271    26.3532      3.887  249.13742  249.52839     2.5794     3.7393 0.0000e+00
 143.644236      3.955    17.6841  35.335938    26.3557      3.920  249.13447  249.52541     5.2253     4.2326 0.0000e+00
 143.644239      3.992    17.6840  35.337862    26.3574      3.956  249.13257  249.52348     5.2253     4.2488 0.0000e+00
 143.644242      4.025    17.6837  35.338463    26.3581      3.989  249.13257  249.52348     5.2253     4.2568 0.0000e+00
 143.644245      4.056    17.6835  35.338464    26.3582      4.019  249.13337  249.52427     5.2720     4.2569 0.0000e+00
 143.644248      4.081    17.6833  35.344476    26.3583      4.045  249.13416  249.52505     5.3187     4.2649 -9.990e-29
 143.644251      4.101    17.6820  35.348564    26.3675      4.064  249.12486  249.51566     9.3342     5.9511 -9.990e-29
 143.644253      4.121    17.6815  35.348805    26.3680      4.085  249.12642  249.51720     9.3498     5.9713 -9.990e-29
 143.644256      4.140    17.6805  35.353074    26.3722      4.103  249.12427  249.51499     9.4276     5.9916 -9.990e-29
 143.644259      4.155    17.6797  35.352834    26.3725      4.117  249.12745  249.51813     9.2253     5.9835 -9.990e-29
 143.644262      4.178    17.6789  35.354818    26.3746      4.141  249.12785  249.51849    10.7817     4.2447 -9.990e-29
 143.644265      4.202    17.6773  35.354999    26.3770      4.165  249.13152  249.52209    10.7973     4.2326 -9.990e-29
 143.644268      4.239    17.6771  35.356502    26.3776      4.201  249.13172  249.52227    10.7195     4.2386 0.0000e+00
 143.644271      4.273    17.6768  35.357585    26.3770      4.235  249.13192  249.52246    10.6416     4.2447 0.0000e+00
 143.644274      4.319    17.6765  35.352654    26.3783      4.280  249.13208  249.52259     8.5249     4.3175 0.0000e+00
 143.644277      4.364    17.6762  35.359089    26.3767      4.325  249.13745  249.52798     8.4938     4.3175 0.0000e+00
 143.644280      4.402    17.6762  35.355240    26.3783      4.363  249.13477  249.52529     8.4938     4.3034 0.0000e+00
 143.644282      4.433    17.6762  35.358848    26.3767      4.394  249.13745  249.52798     8.4938     4.2892 -9.990e-29
 143.644285      4.455    17.6759  35.359269    26.3801      4.416  249.13282  249.52331    10.5171     4.0304 -9.990e-29
 143.644288      4.466    17.6760  35.355120    26.3767      4.426  249.13828  249.52880    10.4548     4.0304 -9.990e-29
