seaocn-cb/data/ctd_cnv/SBE19plus_01907321_2024_05_23_Cast28.cnv
* Sea-Bird SBE19plus  Data File:
* FileName = E:\Prandtl_Daten\2024\CTD\raw\SBE19plus_01907321_2024_05_23_Cast28.hex
* Software version 2.6.1.12
* Temperature SN = 7321
* Conductivity SN = 7321
* System UpLoad Time = May 23 2024 10:12:29
* <ApplicationData>
* <Seaterm232>
** 20240522
** Sea Practical 2024
** MCat 23.05 CTD_NP8
** NMEA Latitude = 054 12.23N
** NMEA Longitude = 008 19.52E
** waterdepth = 16m
** Arved
# nquan = 11
# nvalues = 561                         
# units = specified
# name 0 = timeJ: Julian Days
# name 1 = prdM: Pressure, Strain Gauge [db]
# name 2 = tv290C: Temperature [ITS-90, deg C]
# name 3 = c0mS/cm: Conductivity [mS/cm]
# name 4 = sal00: Salinity, Practical [PSU]
# name 5 = depSM: Depth [salt water, m], lat = 54.00
# name 6 = oxsatMm/Kg: Oxygen Saturation, Weiss [umol/kg]
# name 7 = oxsolMm/Kg: Oxygen Saturation, Garcia & Gordon [umol/kg]
# name 8 = turbWETntu0: Turbidity, WET Labs ECO [NTU]
# name 9 = flECO-AFL: Fluorescence, WET Labs ECO-AFL/FL [mg/m^3]
# name 10 = flag:  0.000e+00
# span 0 = 144.420790, 144.422410       
# span 1 =      0.431,     14.933       
# span 2 =    13.5525,    14.2333       
# span 3 =  36.955153,  37.148856       
# span 4 =    30.3228,    30.9270       
# span 5 =      0.427,     14.799       
# span 6 =  259.66508,  262.24017       
# span 7 =  259.86791,  262.39853       
# span 8 =    -5.2494,    -1.5452       
# span 9 =     2.0531,     7.8557       
# span 10 = 0.0000e+00, 0.0000e+00      
# interval = seconds: 0.25
# start_time = May 23 2024 10:04:33 [Instrument's time stamp, header]
# bad_flag = -9.990e-29
*END*
[from data line 394]
 144.421930     11.346    13.5642  37.137500    30.9095     11.244  262.19669  262.35580    -4.1444     6.4889 -9.990e-29
 144.421933     11.357    13.5640  37.137194    30.9094     11.255  262.19808  262.35718    -4.0821     6.4647 -9.990e-29
 144.421936     11.371    13.5637  37.138543    30.9109     11.269  262.19698  262.35604    -3.8953     6.5132 -9.990e-29
 144.421939     11.388    13.5640  37.138850    30.9092     11.286  262.19843  262.35753    -3.6619     6.4040 -9.990e-29
 144.421942     11.415    13.5642  37.137010    30.9085     11.313  262.19890  262.35802    -3.5141     6.3959 0.0000e+00
 144.421944     11.446    13.5643  37.135784    30.9088     11.344  262.19843  262.35753    -3.5996     6.3878 0.0000e+00
 144.421947     11.488    13.5650  37.137440    30.9082     11.385  262.19372  262.35288    -3.4284     6.3878 0.0000e+00
 144.421950     11.534    13.5659  37.137685    30.9082     11.430  262.19282  262.35210    -3.5841     6.3717 0.0000e+00
 144.421953     11.579    13.5663  37.134925    30.9064     11.476  262.19089  262.35015    -3.4907     6.1129 0.0000e+00
 144.421956     11.621    13.5663  37.136091    30.9053     11.517  262.19282  262.35210    -3.5841     6.0765 0.0000e+00
 144.421959     11.658    13.5663  37.134680    30.9050     11.553  262.19300  262.35228    -3.4907     6.0765 0.0000e+00
 144.421962     11.696    13.5660  37.132657    30.9050     11.592  262.19525  262.35446    -3.5996     6.0522 0.0000e+00
 144.421965     11.729    13.5655  37.135600    30.9061     11.624  262.19788  262.35715    -3.5996     5.8622 0.0000e+00
 144.421968     11.760    13.5652  37.134681    30.9064     11.655  262.19690  262.35610    -3.7319     5.8480 0.0000e+00
 144.421970     11.787    13.5650  37.136521    30.9061     11.682  262.19855  262.35774    -3.8642     5.8622 -9.990e-29
 144.421973     11.809    13.5650  37.135601    30.9069     11.704  262.19704  262.35622    -4.0510     5.8339 -9.990e-29
 144.421976     11.826    13.5653  37.137195    30.9082     11.720  262.19321  262.35239    -3.8331     6.7437 -9.990e-29
 144.421979     11.842    13.5657  37.138361    30.9089     11.736  262.18981  262.34901    -3.8798     6.7113 -9.990e-29
 144.421982     11.858    13.5656  37.136030    30.9068     11.752  262.19404  262.35326    -3.8487     6.7194 -9.990e-29
 144.421985     11.877    13.5655  37.135601    30.9065     11.770  262.19535  262.35456    -3.8331     6.7558 -9.990e-29
 144.421988     11.895    13.5654  37.139465    30.9102     11.788  262.18914  262.34832    -3.6619     6.7235 -9.990e-29
 144.421991     11.915    13.5655  37.139281    30.9099     11.808  262.18918  262.34836    -3.1327     6.6426 -9.990e-29
 144.421994     11.942    13.5656  37.140385    30.9108     11.835  262.18676  262.34594    -2.9926     6.5981 -9.990e-29
 144.421997     11.966    13.5655  37.140998    30.9111     11.859  262.18667  262.34585    -2.9615     6.6143 -9.990e-29
 144.421999     11.999    13.5652  37.140630    30.9113     11.891  262.18804  262.34718    -3.0627     6.6932 0.0000e+00
 144.422002     12.032    13.5649  37.140569    30.9111     11.924  262.18940  262.34852    -3.1638     6.7315 0.0000e+00
 144.422005     12.068    13.5639  37.139282    30.9116     11.960  262.19534  262.35442    -3.2728     6.7639 0.0000e+00
 144.422008     12.097    13.5633  37.140140    30.9124     11.989  262.19622  262.35525    -3.2728     6.7477 0.0000e+00
 144.422011     12.135    13.5629  37.140570    30.9129     12.027  262.19746  262.35646    -3.2728     6.7558 0.0000e+00
 144.422014     12.163    13.5625  37.140877    30.9134     12.054  262.19870  262.35767    -3.2105     6.7477 -9.990e-29
 144.422017     12.186    13.5591  37.142104    30.9170     12.077  262.21038  262.36911    -3.2572     6.3636 -9.990e-29
 144.422020     12.216    13.5590  37.141552    30.9175     12.106  262.21040  262.36911    -3.2339     6.3737 0.0000e+00
 144.422023     12.245    13.5591  37.142227    30.9179     12.135  262.21038  262.36911    -3.2105     6.3636 0.0000e+00
 144.422025     12.281    13.5591  37.143638    30.9179     12.171  262.20783  262.36660    -3.0860     6.1048 0.0000e+00
 144.422028     12.321    13.5597  37.141736    30.9188     12.211  262.20720  262.36591    -3.0393     6.1007 0.0000e+00
 144.422031     12.362    13.5600  37.144251    30.9180     12.251  262.20433  262.36310    -3.0393     6.0563 0.0000e+00
 144.422034     12.396    13.5600  37.143331    30.9180     12.285  262.20433  262.36310    -3.0393     6.0563 0.0000e+00
 144.422037     12.436    13.5596  37.142657    30.9179     12.325  262.20693  262.36569    -3.1016     6.0482 0.0000e+00
 144.422040     12.466    13.5592  37.142289    30.9177     12.354  262.20870  262.36743    -3.3273     6.0259 0.0000e+00
 144.422043     12.493    13.5589  37.143148    30.9179     12.381  262.21046  262.36917    -3.5529     5.9592 -9.990e-29
 144.422046     12.507    13.5578  37.144497    30.9208     12.395  262.21110  262.36971    -3.5374     5.9835 -9.990e-29
 144.422049     12.515    13.5576  37.141983    30.9186     12.403  262.21592  262.37454    -3.5062     5.9633 -9.990e-29
 144.422052     12.515    13.5572  37.143148    30.9199     12.403  262.21539  262.37399    -3.6463     6.5172 -9.990e-29
 144.422054     12.511    13.5570  37.144681    30.9215     12.399  262.21367  262.37224    -3.6463     6.4849 -9.990e-29
 144.422057     12.515    13.5575  37.140879    30.9177     12.403  262.21835  262.37698    -3.4751     6.4364 -9.990e-29
 144.422060     12.520    13.5574  37.142105    30.9188     12.408  262.21658  262.37519    -3.6930     6.4970 -9.990e-29
 144.422063     12.533    13.5567  37.142228    30.9195     12.421  262.21898  262.37754    -3.5685     6.5819 -9.990e-29
 144.422066     12.557    13.5562  37.141308    30.9190     12.444  262.22269  262.38123    -3.7708     6.6224 -9.990e-29
 144.422069     12.588    13.5562  37.141247    30.9202     12.475  262.22068  262.37920    -3.5762     6.6183 0.0000e+00
 144.422072     12.622    13.5562  37.143823    30.9214     12.509  262.21866  262.37717    -3.7708     6.6224 0.0000e+00
 144.422075     12.666    13.5564  37.144069    30.9214     12.553  262.21741  262.37594    -3.5841     6.8690 0.0000e+00
 144.422078     12.714    13.5564  37.144498    30.9215     12.600  262.21574  262.37427    -3.6930     6.8731 0.0000e+00
 144.422080     12.770    13.5564  37.144928    30.9221     12.656  262.21574  262.37427    -3.6930     6.8731 0.0000e+00
 144.422083     12.823    13.5560  37.144928    30.9221     12.708  262.21751  262.37601    -3.8175     6.8731 0.0000e+00
 144.422086     12.876    13.5552  37.143579    30.9225     12.761  262.22147  262.37989    -3.8175     6.8529 0.0000e+00
 144.422089     12.925    13.5551  37.145358    30.9238     12.810  262.22147  262.37989    -3.0393     5.4497 0.0000e+00
 144.422092     12.969    13.5551  37.145849    30.9238     12.853  262.22147  262.37989    -3.0393     5.4497 0.0000e+00
 144.422095     13.011    13.5556  37.143334    30.9231     12.895  262.21952  262.37795    -3.0393     5.4538 0.0000e+00
 144.422098     13.040    13.5557  37.145542    30.9222     12.924  262.21963  262.37811    -3.0237     5.4700 0.0000e+00
 144.422101     13.066    13.5558  37.147198    30.9231     12.949  262.21720  262.37568    -3.0082     5.4861 -9.990e-29
 144.422104     13.082    13.5567  37.138857    30.9162     12.965  262.22532  262.38392    -3.1171     5.7732 -9.990e-29
 144.422106     13.097    13.5568  37.147689    30.9243     12.980  262.20987  262.36840    -3.1483     5.8662 -9.990e-29
 144.422109     13.108    13.5572  37.148180    30.9244     12.990  262.20732  262.36587    -3.0082     5.8339 -9.990e-29
 144.422112     13.111    13.5572  37.146339    30.9227     12.994  262.21071  262.36928    -3.7553     6.2584 -9.990e-29
 144.422115     13.124    13.5571  37.147934    30.9243     13.007  262.20832  262.36687    -3.7086     6.2018 -9.990e-29
 144.422118     13.139    13.5571  37.146462    30.9229     13.021  262.21081  262.36937    -3.8175     6.2423 -9.990e-29
 144.422121     13.161    13.5564  37.147014    30.9239     13.043  262.21249  262.37100    -3.7708     6.2584 -9.990e-29
 144.422124     13.183    13.5553  37.145113    30.9240     13.064  262.21869  262.37713    -2.3701     7.3260 -9.990e-29
 144.422127     13.208    13.5552  37.146095    30.9222     13.090  262.22245  262.38090    -2.4479     7.3199 0.0000e+00
 144.422130     13.237    13.5553  37.141985    30.9240     13.119  262.21869  262.37713    -2.4323     7.3260 0.0000e+00
 144.422133     13.266    13.5553  37.147322    30.9246     13.147  262.21762  262.37605    -2.4323     7.3260 0.0000e+00
 144.422135     13.295    13.5553  37.146770    30.9246     13.176  262.21762  262.37605    -2.4323     7.3260 0.0000e+00
 144.422138     13.326    13.5550  37.146034    30.9246     13.207  262.21854  262.37693    -3.8331     6.9337 0.0000e+00
 144.422141     13.357    13.5547  37.147445    30.9248     13.238  262.22003  262.37845    -3.8642     6.9176 0.0000e+00
 144.422144     13.385    13.5546  37.146341    30.9252     13.265  262.22006  262.37844    -3.9342     6.9055 0.0000e+00
 144.422147     13.416    13.5545  37.147752    30.9248     13.295  262.22157  262.37995    -4.0043     6.8933 -9.990e-29
 144.422150     13.437    13.5541  37.148120    30.9267     13.317  262.22005  262.37839    -3.7241     6.9499 -9.990e-29
 144.422153     13.461    13.5546  37.148856    30.9270     13.341  262.21681  262.37518    -3.9732     6.9216 -9.990e-29
 144.422156     13.481    13.5556  37.146770    30.9234     13.360  262.21816  262.37662    -3.7086     6.9459 -9.990e-29
 144.422159     13.509    13.5556  37.145850    30.9234     13.388  262.21816  262.37662    -3.7086     6.9459 0.0000e+00
 144.422161     13.534    13.5556  37.148365    30.9234     13.413  262.21816  262.37662    -3.7086     6.9459 -9.990e-29
 144.422164     13.556    13.5556  37.147936    30.9253     13.435  262.21439  262.37283    -3.3662     7.2774 -9.990e-29
 144.422167     13.578    13.5557  37.147507    30.9248     13.457  262.21484  262.37329    -3.4440     7.3421 -9.990e-29
 144.422170     13.602    13.5557  37.147445    30.9230     13.480  262.21807  262.37655    -1.5452     7.0389 -9.990e-29
 144.422173     13.627    13.5555  37.145605    30.9232     13.505  262.21886  262.37732    -1.6308     7.0632 0.0000e+00
 144.422176     13.660    13.5553  37.145544    30.9233     13.538  262.21834  262.37676    -1.5452     7.0874 0.0000e+00
 144.422179     13.698    13.5550  37.147017    30.9241     13.576  262.21964  262.37809    -1.6852     7.0874 0.0000e+00
 144.422182     13.739    13.5548  37.146035    30.9248     13.616  262.21912  262.37750    -1.6852     7.0550 0.0000e+00
 144.422185     13.783    13.5547  37.147446    30.9245     13.659  262.22089  262.37930    -1.7942     7.0550 0.0000e+00
 144.422188     13.824    13.5546  37.146342    30.9245     13.700  262.22129  262.37969    -2.7747     6.3474 0.0000e+00
 144.422190     13.866    13.5546  37.145545    30.9238     13.742  262.22295  262.38135    -2.8525     6.3474 0.0000e+00
 144.422193     13.908    13.5545  37.144748    30.9229     13.784  262.22346  262.38188    -2.8837     6.3757 0.0000e+00
 144.422196     13.945    13.5547  37.143828    30.9229     13.820  262.22346  262.38188    -2.9771     6.3797 0.0000e+00
 144.422199     13.983    13.5547  37.146098    30.9232     13.858  262.22357  262.38198    -3.1639     6.4727 0.0000e+00
 144.422202     14.014    13.5548  37.144932    30.9241     13.889  262.22095  262.37936    -3.4440     6.5698 -9.990e-29
 144.422205     14.034    13.5552  37.146036    30.9237     13.909  262.21964  262.37808    -3.4284     6.5091 -9.990e-29
 144.422208     14.060    13.5551  37.145423    30.9232     13.934  262.22098  262.37942    -3.4907     6.5698 -9.990e-29
 144.422211     14.072    13.5550  37.146466    30.9242     13.946  262.21952  262.37795    -2.6191     6.8892 -9.990e-29
 144.422214     14.087    13.5549  37.146343    30.9242     13.961  262.22032  262.37873    -2.8059     6.9459 -9.990e-29
 144.422216     14.091    13.5545  37.144749    30.9230     13.964  262.22445  262.38285    -2.6035     6.9459 -9.990e-29
 144.422219     14.094    13.5546  37.144503    30.9227     13.968  262.22458  262.38299    -2.7125     6.9176 -9.990e-29
 144.422222     14.096    13.5547  37.147018    30.9250     13.970  262.22005  262.37844    -2.4167     6.5294 -9.990e-29
 144.422225     14.100    13.5550  37.145117    30.9230     13.973  262.22211  262.38053    -2.2455     6.5617 -9.990e-29
 144.422228     14.105    13.5550  37.145607    30.9234     13.979  262.22099  262.37942    -2.2767     6.5334 -9.990e-29
 144.422231     14.123    13.5546  37.145178    30.9233     13.997  262.22346  262.38186    -2.3078     6.5698 -9.990e-29
 144.422234     14.147    13.5542  37.144687    30.9243     14.020  262.22409  262.38246    -3.3817     7.2410 -9.990e-29
 144.422237     14.178    13.5542  37.145853    30.9243     14.051  262.22416  262.38252    -3.3350     7.2431 0.0000e+00
 144.422240     14.222    13.5542  37.145792    30.9243     14.095  262.22409  262.38246    -3.3817     7.2410 0.0000e+00
 144.422242     14.264    13.5544  37.146344    30.9242     14.136  262.22422  262.38259    -3.3506     7.2451 0.0000e+00
 144.422245     14.315    13.5544  37.143339    30.9219     14.187  262.22756  262.38596    -3.3506     7.2127 0.0000e+00
 144.422248     14.375    13.5542  37.143400    30.9219     14.246  262.22770  262.38606    -3.0238     5.7651 0.0000e+00
 144.422251     14.437    13.5539  37.144505    30.9226     14.308  262.22807  262.38647    -2.9615     5.7530 0.0000e+00
 144.422254     14.494    13.5536  37.143646    30.9232     14.364  262.23034  262.38869    -3.0238     5.7651 0.0000e+00
 144.422257     14.543    13.5534  37.144014    30.9226     14.413  262.23177  262.39008    -3.0238     5.7530 0.0000e+00
 144.422260     14.585    13.5533  37.142481    30.9225     14.454  262.23235  262.39069    -3.0938     5.6014 0.0000e+00
 144.422263     14.612    13.5534  37.143830    30.9216     14.481  262.23294  262.39129    -3.1638     5.4335 -9.990e-29
 144.422266     14.629    13.5541  37.142481    30.9211     14.498  262.23037  262.38877    -3.0393     5.4254 -9.990e-29
 144.422269     14.636    13.5541  37.142727    30.9213     14.505  262.22996  262.38836    -3.2261     5.4174 -9.990e-29
 144.422271     14.640    13.5540  37.142665    30.9213     14.509  262.23036  262.38875    -2.3078     6.5860 -9.990e-29
 144.422274     14.638    13.5541  37.143156    30.9217     14.507  262.22924  262.38763    -2.1833     6.6305 -9.990e-29
 144.422277     14.645    13.5544  37.142543    30.9209     14.514  262.22912  262.38754    -2.4167     6.5900 -9.990e-29
 144.422280     14.651    13.5547  37.143585    30.9216     14.520  262.22622  262.38464    -2.5257     6.5617 -9.990e-29
 144.422283     14.665    13.5549  37.142727    30.9206     14.534  262.22681  262.38526    -2.3701     6.6385 -9.990e-29
 144.422286     14.689    13.5544  37.142236    30.9189     14.558  262.23279  262.39123    -3.2416     6.2948 -9.990e-29
 144.422289     14.720    13.5544  37.140396    30.9189     14.588  262.23279  262.39123    -3.2416     6.2948 0.0000e+00
 144.422292     14.749    13.5544  37.140826    30.9189     14.617  262.23279  262.39123    -3.2416     6.2948 -9.990e-29
 144.422295     14.766    13.5541  37.140642    30.9193     14.633  262.23356  262.39198    -3.2105     6.2665 -9.990e-29
 144.422297     14.775    13.5539  37.141255    30.9200     14.642  262.23311  262.39151    -3.2105     6.5091 -9.990e-29
 144.422300     14.780    13.5535  37.141316    30.9204     14.648  262.23475  262.39311    -3.2728     6.4768 -9.990e-29
 144.422303     14.788    13.5532  37.141071    30.9204     14.655  262.23632  262.39467    -3.2883     6.4687 -9.990e-29
