seaocn-cb/data/ctd_cnv/SBE19plus_01907321_2024_05_25_Cast54.cnv
* Sea-Bird SBE19plus  Data File:
* FileName = E:\Prandtl_Daten\2024\25052024\raw\SBE19plus_01907321_2024_05_25_Cast54.hex
* Software version 2.6.1.12
* Temperature SN = 7321
* Conductivity SN = 7321
* System UpLoad Time = May 25 2024 09:12:07
* <ApplicationData>
* <Seaterm232>
** 20240525
** Sea Practical 2024
** MCat 25.05 CTD_SP8
** NMEA Latitude = 054 8.79N
** NMEA Longitude = 008 15.53E
** waterdepth =16.2m
** Till
# nquan = 11
# nvalues = 558                         
# units = specified
# name 0 = timeJ: Julian Days
# name 1 = prdM: Pressure, Strain Gauge [db]
# name 2 = tv290C: Temperature [ITS-90, deg C]
# name 3 = c0mS/cm: Conductivity [mS/cm]
# name 4 = sal00: Salinity, Practical [PSU]
# name 5 = depSM: Depth [salt water, m], lat = 54.00
# name 6 = oxsatMm/Kg: Oxygen Saturation, Weiss [umol/kg]
# name 7 = oxsolMm/Kg: Oxygen Saturation, Garcia & Gordon [umol/kg]
# name 8 = turbWETntu0: Turbidity, WET Labs ECO [NTU]
# name 9 = flECO-AFL: Fluorescence, WET Labs ECO-AFL/FL [mg/m^3]
# name 10 = flag:  0.000e+00
# span 0 = 146.379427, 146.381039       
# span 1 =      0.821,     15.594       
# span 2 =    13.4533,    14.9757       
# span 3 =  36.975228,  37.666759       
# span 4 =    29.6674,    31.4872       
# span 5 =      0.814,     15.454       
# span 6 =  256.95192,  261.74743       
# span 7 =  257.20000,  261.89429       
# span 8 =    -4.6736,     8.8206       
# span 9 =     3.8565,     9.1213       
# span 10 = 0.0000e+00, 0.0000e+00      
# interval = seconds: 0.25
# start_time = May 25 2024 09:05:00 [Instrument's time stamp, header]
# bad_flag = -9.990e-29
*END*
[from data line 525]
 146.380946     15.484    13.4539  37.664565    31.4870     15.346  261.74181  261.88863     7.6533     8.1792 -9.990e-29
 146.380949     15.468    13.4542  37.664380    31.4866     15.329  261.74097  261.88781     7.4976     8.1468 -9.990e-29
 146.380952     15.455    13.4547  37.664133    31.4859     15.317  261.73939  261.88626     7.4510     8.1792 -9.990e-29
 146.380955     15.448    13.4547  37.664380    31.4862     15.310  261.73896  261.88584     8.6961     7.4513 -9.990e-29
 146.380958     15.448    13.4548  37.664318    31.4861     15.310  261.73878  261.88567     8.6650     7.4109 -9.990e-29
 146.380961     15.461    13.4546  37.663269    31.4852     15.322  261.74113  261.88802     8.8206     7.4432 -9.990e-29
 146.380964     15.483    13.4546  37.662961    31.4849     15.344  261.74167  261.88856     8.7895     7.4392 -9.990e-29
 146.380966     15.506    13.4546  37.663886    31.4858     15.367  261.74012  261.88700     8.6183     7.4554 -9.990e-29
 146.380969     15.528    13.4547  37.662776    31.4847     15.389  261.74173  261.88862     8.4626     8.5391 -9.990e-29
 146.380972     15.537    13.4548  37.663886    31.4856     15.398  261.73957  261.88646     8.6183     8.5835 -9.990e-29
 146.380975     15.538    13.4549  37.663701    31.4853     15.398  261.73932  261.88622     8.5560     8.5512 -9.990e-29
 146.380978     15.528    13.4548  37.663393    31.4851     15.389  261.74012  261.88701     8.5560     8.5714 -9.990e-29
 146.380981     15.503    13.4547  37.663455    31.4853     15.364  261.74057  261.88745     7.9646     7.9406 -9.990e-29
 146.380984     15.472    13.4545  37.662714    31.4847     15.333  261.74237  261.88925     7.7311     7.9770 -9.990e-29
 146.380987     15.441    13.4547  37.662776    31.4847     15.302  261.74167  261.88856     7.7155     7.9527 -9.990e-29
 146.380990     15.417    13.4546  37.661357    31.4834     15.279  261.74434  261.89124     7.8556     7.9487 -9.990e-29
 146.380992     15.397    13.4543  37.663023    31.4852     15.259  261.74265  261.88951     7.4665     7.1238 -9.990e-29
 146.380995     15.391    13.4544  37.664133    31.4862     15.253  261.74048  261.88734     7.5910     7.1359 -9.990e-29
 146.380998     15.397    13.4548  37.663269    31.4851     15.259  261.74052  261.88741     7.4198     7.1359 -9.990e-29
 146.381001     15.410    13.4549  37.664133    31.4858     15.272  261.73850  261.88539     7.6689     7.1197 -9.990e-29
 146.381004     15.430    13.4552  37.663023    31.4845     15.291  261.73925  261.88618     6.7194     8.5674 -9.990e-29
 146.381007     15.446    13.4555  37.664133    31.4853     15.308  261.73624  261.88318     6.5638     8.5674 -9.990e-29
 146.381010     15.457    13.4555  37.663701    31.4849     15.318  261.73698  261.88392     6.4548     8.5471 -9.990e-29
 146.381013     15.466    13.4553  37.662776    31.4841     15.327  261.73912  261.88606     6.5327     8.5269 -9.990e-29
 146.381016     15.470    13.4551  37.663639    31.4851     15.331  261.73852  261.88543     6.5638     8.5431 -9.990e-29
 146.381019     15.472    13.4550  37.663886    31.4855     15.333  261.73867  261.88558     6.3303     7.7950 -9.990e-29
 146.381021     15.483    13.4551  37.662961    31.4845     15.344  261.73996  261.88688     6.3303     7.7586 -9.990e-29
 146.381024     15.493    13.4552  37.664380    31.4857     15.355  261.73700  261.88391     6.3615     7.7869 -9.990e-29
 146.381027     15.512    13.4559  37.665243    31.4863     15.373  261.73199  261.87894     5.8167     8.2358 -9.990e-29
 146.381030     15.537    13.4559  37.665675    31.4863     15.398  261.73199  261.87894     5.8167     8.2358 0.0000e+00
 146.381033     15.565    13.4559  37.665058    31.4863     15.425  261.73199  261.87894     5.8167     8.2358 -9.990e-29
 146.381036     15.583    13.4560  37.663270    31.4840     15.443  261.73580  261.88278     5.8945     8.2236 -9.990e-29
 146.381039     15.594    13.4559  37.663640    31.4845     15.454  261.73575  261.88272     5.7389     8.2236 -9.990e-29
