seaocn-cb/data/ctd_cnv/SBE19plus_01907321_2024_05_23_Cast33.cnv
* Sea-Bird SBE19plus  Data File:
* FileName = E:\Prandtl_Daten\2024\CTD\raw\SBE19plus_01907321_2024_05_23_Cast33.hex
* Software version 2.6.1.12
* Temperature SN = 7321
* Conductivity SN = 7321
* System UpLoad Time = May 23 2024 12:33:31
* <ApplicationData>
* <Seaterm232>
** 20240523
** Sea Practical 2024
** MCat 23.05 CTD_SP1
** NMEA Latitude = 054 7.77N
** NMEA Longitude = 008 46.67E
** waterdepth = 14.4m
** Clemens
# nquan = 11
# nvalues = 445                         
# units = specified
# name 0 = timeJ: Julian Days
# name 1 = prdM: Pressure, Strain Gauge [db]
# name 2 = tv290C: Temperature [ITS-90, deg C]
# name 3 = c0mS/cm: Conductivity [mS/cm]
# name 4 = sal00: Salinity, Practical [PSU]
# name 5 = depSM: Depth [salt water, m], lat = 54.00
# name 6 = oxsatMm/Kg: Oxygen Saturation, Weiss [umol/kg]
# name 7 = oxsolMm/Kg: Oxygen Saturation, Garcia & Gordon [umol/kg]
# name 8 = turbWETntu0: Turbidity, WET Labs ECO [NTU]
# name 9 = flECO-AFL: Fluorescence, WET Labs ECO-AFL/FL [mg/m^3]
# name 10 = flag:  0.000e+00
# span 0 = 144.519010, 144.520295       
# span 1 =      0.645,     13.384       
# span 2 =    16.4347,    17.3607       
# span 3 =  35.300949,  35.543375       
# span 4 =    26.7081,    27.1564       
# span 5 =      0.640,     13.265       
# span 6 =  250.07687,  253.91895       
# span 7 =  250.45314,  254.25418       
# span 8 =    -3.6930,     0.0580       
# span 9 =     2.8497,     8.3207       
# span 10 = 0.0000e+00, 0.0000e+00      
# interval = seconds: 0.25
# start_time = May 23 2024 12:25:59 [Instrument's time stamp, header]
# bad_flag = -9.990e-29
*END*
 144.519010      0.645    17.3300  35.515720    26.7369      0.640  250.20715  250.58214    -3.6152     3.0518 0.0000e+00
 144.519013      0.689    17.3287  35.516804    26.7387      0.683  250.20730  250.58221    -3.5996     2.9224 0.0000e+00
 144.519016      0.760    17.3285  35.519636    26.7408      0.753  250.21033  250.58526    -3.5841     2.9063 0.0000e+00
 144.519019      0.831    17.3278  35.518733    26.7412      0.824  250.21053  250.58538    -3.5841     2.9022 0.0000e+00
 144.519022      0.895    17.3278  35.520058    26.7421      0.887  250.21053  250.58538    -3.5529     2.9022 0.0000e+00
 144.519025      0.955    17.3278  35.521564    26.7421      0.947  250.20830  250.58326    -3.5529     2.9022 0.0000e+00
 144.519028      1.006    17.3293  35.516805    26.7425      0.998  250.20718  250.58204    -3.2416     3.1367 0.0000e+00
 144.519031      1.041    17.3302  35.523492    26.7403      1.032  250.19999  250.57497    -3.2105     3.1509 0.0000e+00
 144.519034      1.070    17.3312  35.520480    26.7425      1.061  250.19168  250.56668    -3.2416     3.1651 -9.990e-29
 144.519036      1.092    17.3344  35.517046    26.7350      1.082  250.18893  250.56411    -3.3506     3.1610 -9.990e-29
 144.519039      1.101    17.3320  35.521143    26.7400      1.091  250.19221  250.56726    -3.4440     2.9669 -9.990e-29
 144.519042      1.107    17.3323  35.524155    26.7423      1.097  250.18671  250.56176    -3.5841     2.9790 -9.990e-29
 144.519045      1.105    17.3354  35.527589    26.7431      1.095  250.17029  250.54546    -3.5529     2.9750 -9.990e-29
 144.519048      1.118    17.3390  35.528492    26.7415      1.108  250.15558  250.53090    -3.5062     2.9790 -9.990e-29
 144.519051      1.143    17.3437  35.530841    26.7353      1.133  250.14298  250.51852    -3.6930     3.4522 -9.990e-29
 144.519054      1.183    17.3430  35.524817    26.7341      1.173  250.14826  250.52378    -3.5841     3.4299 0.0000e+00
 144.519057      1.236    17.3424  35.520901    26.7329      1.225  250.15354  250.52904    -3.5062     3.4360 0.0000e+00
 144.519060      1.295    17.3395  35.517046    26.7316      1.283  250.16996  250.54535    -3.4751     3.4077 0.0000e+00
 144.519062      1.342    17.3372  35.506686    26.7288      1.330  250.18589  250.56121    -3.4751     3.3915 0.0000e+00
 144.519065      1.369    17.3349  35.509940    26.7260      1.357  250.20182  250.57707    -3.4440     3.3470 -9.990e-29
 144.519068      1.389    17.3190  35.508857    26.7382      1.377  250.25850  250.63304    -3.5685     3.3470 -9.990e-29
 144.519071      1.400    17.3142  35.514640    26.7462      1.388  250.26846  250.64277    -3.5062     3.3713 -9.990e-29
 144.519074      1.406    17.3159  35.515965    26.7462      1.393  250.26003  250.63440    -3.6308     3.3632 -9.990e-29
 144.519077      1.408    17.3195  35.510784    26.7395      1.395  250.25391  250.62847    -3.4595     3.0882 -9.990e-29
 144.519080      1.417    17.3224  35.523314    26.7480      1.404  250.22526  250.59988    -3.5062     3.1125 -9.990e-29
 144.519083      1.433    17.3324  35.523916    26.7458      1.420  250.18044  250.55548    -3.5529     3.0761 -9.990e-29
 144.519086      1.461    17.3342  35.528494    26.7451      1.448  250.17268  250.54779    -3.5218     3.0013 0.0000e+00
 144.519089      1.490    17.3361  35.529759    26.7444      1.477  250.16492  250.54010    -3.5374     2.9467 0.0000e+00
 144.519091      1.528    17.3396  35.529999    26.7422      1.515  250.15115  250.52649    -3.5218     2.9265 0.0000e+00
 144.519094      1.583    17.3428  35.528011    26.7385      1.569  250.14211  250.51760    -3.5374     2.9224 0.0000e+00
 144.519097      1.630    17.3437  35.526927    26.7385      1.616  250.14022  250.51576    -3.5218     2.8860 0.0000e+00
 144.519100      1.678    17.3438  35.531265    26.7405      1.663  250.13381  250.50933    -3.3195     2.8577 0.0000e+00
 144.519103      1.725    17.3446  35.536687    26.7419      1.710  250.12336  250.49888    -3.2728     2.8497 0.0000e+00
 144.519106      1.774    17.3481  35.536446    26.7419      1.759  250.11028  250.48596    -3.3195     2.8497 0.0000e+00
 144.519109      1.824    17.3507  35.538374    26.7410      1.807  250.09924  250.47503    -3.2961     2.8497 0.0000e+00
 144.519112      1.856    17.3533  35.543375    26.7401      1.840  250.08820  250.46410    -3.3195     2.8497 -9.990e-29
 144.519115      1.877    17.3607  35.526926    26.7257      1.860  250.07687  250.45314    -3.3195     3.9253 -9.990e-29
 144.519117      1.891    17.3539  35.521324    26.7255      1.874  250.11012  250.48612    -3.2105     3.9253 -9.990e-29
 144.519120      1.893    17.3429  35.511205    26.7243      1.876  250.16569  250.54126    -3.2105     3.9212 -9.990e-29
 144.519123      1.893    17.3293  35.481033    26.7081      1.876  250.25931  250.63444    -3.3350     3.9253 -9.990e-29
 144.519126      1.893    17.3076  35.490731    26.7305      1.876  250.32723  250.70137    -3.1171     4.4307 -9.990e-29
 144.519129      1.904    17.2893  35.494587    26.7348      1.887  250.40917  250.78255    -3.0393     4.4671 -9.990e-29
 144.519132      1.931    17.2834  35.481459    26.7229      1.914  250.45821  250.83142    -3.0471     4.4529 0.0000e+00
 144.519135      1.973    17.2775  35.443593    26.7109      1.956  250.50725  250.88029    -3.0393     4.4388 0.0000e+00
 144.519138      2.021    17.2459  35.405264    26.7109      2.003  250.68053  251.05238    -3.0393     4.2528 0.0000e+00
 144.519141      2.068    17.2017  35.397148    26.7220      2.050  250.85886  251.22879    -3.0393     4.2245 0.0000e+00
 144.519144      2.114    17.1827  35.391136    26.7320      2.095  250.93477  251.30388    -3.0627     4.2386 0.0000e+00
 144.519146      2.148    17.1637  35.384703    26.7420      2.129  251.01068  251.37897    -3.1016     4.2245 -9.990e-29
 144.519149      2.172    17.1237  35.385968    26.7641      2.153  251.16909  251.53564    -3.1638     4.8351 -9.990e-29
 144.519152      2.192    17.1134  35.377609    26.7639      2.173  251.22011  251.58624    -3.0860     4.7866 -9.990e-29
 144.519155      2.203    17.1030  35.365341    26.7605      2.184  251.27703  251.64275    -3.1171     4.8189 -9.990e-29
 144.519158      2.205    17.0891  35.358487    26.7640      2.185  251.33934  251.70448    -3.0082     4.8068 -9.990e-29
 144.519161      2.216    17.0761  35.360233    26.7741      2.196  251.38624  251.75079    -3.1327     5.2597 -9.990e-29
 144.519164      2.234    17.0599  35.361497    26.7844      2.214  251.44812  251.81195    -3.0082     5.2516 -9.990e-29
 144.519167      2.271    17.0579  35.359814    26.7850      2.250  251.45655  251.82029    -3.0471     5.2698 0.0000e+00
 144.519170      2.314    17.0560  35.358311    26.7844      2.294  251.46498  251.82864    -3.0082     5.2516 0.0000e+00
 144.519172      2.373    17.0531  35.353982    26.7840      2.352  251.48215  251.84570    -2.9926     5.2354 0.0000e+00
 144.519175      2.433    17.0492  35.346046    26.7840      2.412  251.50823  251.87165    -2.9926     4.6369 0.0000e+00
 144.519178      2.490    17.0441  35.348632    26.7854      2.468  251.52393  251.88711    -2.9148     4.6248 0.0000e+00
 144.519181      2.546    17.0388  35.351399    26.7913      2.523  251.54031  251.90323    -2.9926     4.6248 0.0000e+00
 144.519184      2.585    17.0369  35.354406    26.7937      2.562  251.54520  251.90803    -2.9459     4.6308 0.0000e+00
 144.519187      2.612    17.0350  35.348213    26.7962      2.589  251.55008  251.91282    -2.9926     4.6369 -9.990e-29
 144.519190      2.623    17.0307  35.350799    26.7961      2.600  251.57182  251.93439    -2.8525     4.6976 -9.990e-29
 144.519193      2.627    17.0280  35.351641    26.7986      2.603  251.58093  251.94336    -2.8370     4.6976 -9.990e-29
 144.519196      2.627    17.0255  35.350379    26.7992      2.603  251.59211  251.95444    -2.9459     4.7057 -9.990e-29
 144.519198      2.623    17.0244  35.355069    26.8038      2.600  251.58944  251.95170    -3.2416     4.9079 -9.990e-29
 144.519201      2.636    17.0242  35.353145    26.8024      2.612  251.59315  251.95541    -3.1171     4.9483 -9.990e-29
 144.519204      2.656    17.0205  35.349056    26.7992      2.632  251.61680  251.97893    -3.0238     4.9240 -9.990e-29
 144.519207      2.691    17.0188  35.346471    26.8031      2.667  251.61843  251.98046    -2.8682     4.9018 0.0000e+00
 144.519210      2.733    17.0171  35.353146    26.8068      2.708  251.62006  251.98200    -2.7125     4.8796 0.0000e+00
 144.519213      2.782    17.0134  35.349899    26.8071      2.757  251.63880  252.00059    -2.7125     4.8796 0.0000e+00
 144.519216      2.833    17.0102  35.353147    26.8116      2.808  251.64635  252.00797    -2.6969     4.8553 0.0000e+00
 144.519219      2.875    17.0092  35.354651    26.8129      2.850  251.64903  252.01061    -2.6580     4.8674 0.0000e+00
 144.519222      2.917    17.0082  35.352486    26.8142      2.891  251.65171  252.01324    -2.6969     4.8553 -9.990e-29
 144.519225      2.941    17.0070  35.345211    26.8070      2.915  251.66966  252.03119    -2.4790     5.1262 -9.990e-29
 144.519227      2.959    17.0047  35.348218    26.8110      2.933  251.67410  252.03551    -2.3856     5.1343 -9.990e-29
 144.519230      2.966    17.0018  35.348398    26.8131      2.940  251.68478  252.04605    -2.3078     5.1343 -9.990e-29
 144.519233      2.983    16.9987  35.352487    26.8186      2.956  251.69078  252.05190    -2.3545     5.1505 -9.990e-29
 144.519236      2.997    16.9970  35.350804    26.8183      2.971  251.69976  252.06081    -2.4167     4.9321 -9.990e-29
 144.519239      3.017    16.9948  35.347978    26.8207      2.990  251.70635  252.06730    -2.4479     4.9240 -9.990e-29
 144.519242      3.048    16.9940  35.351887    26.8211      3.021  251.70966  252.07057    -2.4479     4.9422 0.0000e+00
 144.519245      3.087    16.9932  35.351647    26.8215      3.059  251.71296  252.07384    -2.4479     4.9240 0.0000e+00
 144.519248      3.136    16.9911  35.350685    26.8221      3.108  251.72218  252.08296    -2.8681     4.8189 0.0000e+00
 144.519251      3.191    16.9887  35.352910    26.8249      3.162  251.72838  252.08904    -2.8837     4.8149 0.0000e+00
 144.519253      3.240    16.9865  35.350385    26.8256      3.211  251.74015  252.10073    -2.9148     4.8189 0.0000e+00
 144.519256      3.288    16.9853  35.353572    26.8249      3.258  251.74028  252.10078    -2.9148     4.8189 0.0000e+00
 144.519259      3.331    16.9851  35.349063    26.8267      3.302  251.74446  252.10497    -2.7670     4.9746 0.0000e+00
 144.519262      3.357    16.9848  35.352490    26.8249      3.327  251.74865  252.10916    -2.6191     5.1303 -9.990e-29
 144.519265      3.373    16.9826  35.356399    26.8325      3.343  251.74656  252.10693    -2.6658     5.1141 -9.990e-29
 144.519268      3.381    16.9816  35.355497    26.8324      3.350  251.75161  252.11194    -2.7125     5.1303 -9.990e-29
 144.519271      3.388    16.9801  35.354235    26.8323      3.358  251.75905  252.11932    -2.6658     5.1384 -9.990e-29
 144.519274      3.393    16.9783  35.355077    26.8342      3.363  251.76471  252.12489    -2.2922     5.3850 -9.990e-29
 144.519277      3.404    16.9780  35.356820    26.8359      3.374  251.76346  252.12362    -2.3701     5.3486 -9.990e-29
 144.519280      3.426    16.9760  35.355317    26.8357      3.396  251.77348  252.13356    -2.2767     5.3810 -9.990e-29
 144.519282      3.456    16.9749  35.355077    26.8365      3.425  251.77738  252.13741    -2.4946     5.2092 0.0000e+00
 144.519285      3.490    16.9738  35.355318    26.8374      3.459  251.78127  252.14125    -2.6658     5.0373 0.0000e+00
 144.519288      3.530    16.9717  35.355920    26.8391      3.499  251.78854  252.14843    -2.6658     5.0211 0.0000e+00
 144.519291      3.572    16.9707  35.354898    26.8393      3.540  251.79378  252.15362    -2.6035     5.0009 0.0000e+00
 144.519294      3.612    16.9696  35.355499    26.8403      3.580  251.79731  252.15709    -2.6035     4.9766 0.0000e+00
 144.519297      3.647    16.9696  35.355740    26.8410      3.614  251.79731  252.15709    -2.8370     4.7016 0.0000e+00
 144.519300      3.676    16.9692  35.359348    26.8423      3.643  251.79580  252.15555    -2.8448     4.7016 0.0000e+00
 144.519303      3.702    16.9696  35.357424    26.8435      3.669  251.79180  252.15157    -2.8370     4.7016 -9.990e-29
 144.519306      3.716    16.9696  35.354898    26.8397      3.683  251.79791  252.15771    -2.8214     4.6976 -9.990e-29
 144.519308      3.729    16.9680  35.356522    26.8422      3.696  251.80183  252.16154    -2.9771     5.2273 -9.990e-29
 144.519311      3.740    16.9659  35.355741    26.8429      3.706  251.81107  252.17069    -2.9304     5.1747 -9.990e-29
 144.519314      3.765    16.9633  35.358327    26.8443      3.732  251.82138  252.18089    -2.9615     5.1788 -9.990e-29
 144.519317      3.798    16.9626  35.355320    26.8447      3.764  251.82421  252.18368    -2.9303     5.1647 0.0000e+00
 144.519320      3.848    16.9618  35.355321    26.8452      3.813  251.82703  252.18647    -2.8992     5.1505 0.0000e+00
 144.519323      3.902    16.9600  35.358328    26.8490      3.868  251.82960  252.18894    -2.8992     4.7866 0.0000e+00
 144.519326      3.959    16.9586  35.360433    26.8516      3.923  251.83190  252.19117    -2.8059     4.7866 0.0000e+00
 144.519329      4.015    16.9571  35.359170    26.8516      3.979  251.83968  252.19888    -2.8525     4.8027 0.0000e+00
 144.519332      4.063    16.9551  35.363260    26.8530      4.026  251.84131  252.20040    -2.7592     4.8068 0.0000e+00
 144.519334      4.098    16.9548  35.358750    26.8546      4.061  251.84581  252.20490    -2.7358     4.9341 0.0000e+00
 144.519337      4.125    16.9544  35.362839    26.8530      4.088  251.85031  252.20940    -2.6191     5.0656 -9.990e-29
 144.519340      4.134    16.9537  35.357427    26.8523      4.097  251.85504  252.21410    -2.5724     5.0534 -9.990e-29
 144.519343      4.141    16.9528  35.363862    26.8584      4.104  251.84922  252.20821    -2.6502     5.0696 -9.990e-29
 144.519346      4.132    16.9527  35.361516    26.8564      4.095  251.85290  252.21190    -2.8681     5.2233 -9.990e-29
 144.519349      4.123    16.9529  35.359171    26.8543      4.086  251.85534  252.21436    -2.9304     5.2475 -9.990e-29
 144.519352      4.118    16.9533  35.360855    26.8555      4.081  251.85166  252.21069    -2.8370     5.2314 -9.990e-29
 144.519355      4.123    16.9527  35.361516    26.8564      4.086  251.85290  252.21189    -2.8681     5.2435 -9.990e-29
 144.519358      4.143    16.9509  35.362178    26.8582      4.106  251.85884  252.21775    -2.9304     5.2758 -9.990e-29
 144.519361      4.173    16.9499  35.362178    26.8606      4.135  251.85965  252.21850    -2.9459     5.2677 0.0000e+00
 144.519363      4.213    16.9489  35.366268    26.8629      4.175  251.86046  252.21926    -2.9304     5.2597 0.0000e+00
 144.519366      4.277    16.9468  35.364765    26.8631      4.238  251.87077  252.22948    -2.9304     5.2597 0.0000e+00
 144.519369      4.333    16.9437  35.365367    26.8656      4.295  251.88148  252.24005    -2.8837     5.2597 0.0000e+00
 144.519372      4.390    16.9386  35.366450    26.8699      4.351  251.89929  252.25763    -2.8837     5.2961 0.0000e+00
 144.519375      4.441    16.9333  35.369037    26.8756      4.401  251.91587  252.27395    -2.9148     5.3203 0.0000e+00
 144.519378      4.488    16.9314  35.370300    26.8774      4.448  251.92215  252.28014    -2.9382     5.3224 0.0000e+00
 144.519381      4.523    16.9295  35.370962    26.8792      4.482  251.92842  252.28633    -2.9615     5.3203 -9.990e-29
 144.519384      4.543    16.9233  35.369279    26.8824      4.502  251.95363  252.31125    -2.3856     5.5832 -9.990e-29
 144.519387      4.558    16.9206  35.372888    26.8873      4.517  251.95873  252.31621    -2.3234     5.5751 -9.990e-29
