seaocn-cb/data/ctd_cnv/SBE19plus_01907321_2024_05_26_Cast65.cnv
* Sea-Bird SBE19plus  Data File:
* FileName = E:\Prandtl_Daten\2024\26052024\raw\SBE19plus_01907321_2024_05_26_Cast65.hex
* Software version 2.6.1.12
* Temperature SN = 7321
* Conductivity SN = 7321
* System UpLoad Time = May 26 2024 13:37:15
* <ApplicationData>
* <Seaterm232>
** 20240526
** Sea Practical 2024
** MCat 26.05 CTD_SP2
** NMEA Latitude = 054 06.074N
** NMEA Longitude = 008 34.869E
** waterdepth =16.7 m
** Isabelle
# nquan = 11
# nvalues = 544                         
# units = specified
# name 0 = timeJ: Julian Days
# name 1 = prdM: Pressure, Strain Gauge [db]
# name 2 = tv290C: Temperature [ITS-90, deg C]
# name 3 = c0mS/cm: Conductivity [mS/cm]
# name 4 = sal00: Salinity, Practical [PSU]
# name 5 = depSM: Depth [salt water, m], lat = 54.00
# name 6 = oxsatMm/Kg: Oxygen Saturation, Weiss [umol/kg]
# name 7 = oxsolMm/Kg: Oxygen Saturation, Garcia & Gordon [umol/kg]
# name 8 = turbWETntu0: Turbidity, WET Labs ECO [NTU]
# name 9 = flECO-AFL: Fluorescence, WET Labs ECO-AFL/FL [mg/m^3]
# name 10 = flag:  0.000e+00
# span 0 = 147.562679, 147.564251       
# span 1 =      0.456,     15.896       
# span 2 =    15.9305,    17.4236       
# span 3 =  36.639703,  36.976516       
# span 4 =    27.8681,    28.8691       
# span 5 =      0.452,     15.754       
# span 6 =  247.81038,  253.49320       
# span 7 =  248.18240,  253.79427       
# span 8 =    -3.1483,    22.5327       
# span 9 =     1.8711,     8.6119       
# span 10 = 0.0000e+00, 0.0000e+00      
# interval = seconds: 0.25
# start_time = May 26 2024 13:28:55 [Instrument's time stamp, header]
# bad_flag = -9.990e-29
*END*
 147.562679      0.456    17.4023  36.966111    27.9010      0.452  247.89516  248.26626    -2.9459     1.8711 -9.990e-29
 147.562682      0.458    17.4044  36.965560    27.8991      0.453  247.88831  248.25951    -2.8525     2.2108 -9.990e-29
 147.562685      0.467    17.4072  36.971130    27.9018      0.462  247.87012  248.24141    -2.8681     2.2148 -9.990e-29
 147.562688      0.468    17.4103  36.969294    27.8981      0.464  247.86141  248.23285    -2.8681     2.2027 -9.990e-29
 147.562691      0.468    17.4136  36.975293    27.9009      0.464  247.84109  248.21265    -2.8525     2.1784 -9.990e-29
 147.562694      0.470    17.4164  36.975170    27.8988      0.466  247.83089  248.20257    -3.0082     2.0288 -9.990e-29
 147.562697      0.498    17.4190  36.972904    27.8952      0.493  247.82463  248.19644    -3.0704     1.9843 -9.990e-29
 147.562700      0.519    17.4199  36.971619    27.8935      0.515  247.82309  248.19495    -3.0393     1.9884 -9.990e-29
 147.562703      0.538    17.4211  36.976516    27.8967      0.533  247.81195  248.18384    -3.0393     2.0288 -9.990e-29
 147.562705      0.558    17.4236  36.971129    27.8905      0.553  247.81038  248.18240    -2.9615     2.0854 -9.990e-29
 147.562708      0.574    17.4198  36.966599    27.8893      0.569  247.83049  248.20237    -3.1483     2.0814 -9.990e-29
 147.562711      0.607    17.4187  36.966599    27.8905      0.601  247.83413  248.20595    -3.1094     2.0753 0.0000e+00
 147.562714      0.640    17.4175  36.967518    27.8916      0.634  247.83484  248.20657    -3.0704     2.0814 0.0000e+00
 147.562717      0.678    17.4175  36.970701    27.8936      0.672  247.83484  248.20657    -2.6502     2.1299 0.0000e+00
 147.562720      0.716    17.4187  36.970885    27.8936      0.710  247.83484  248.20657    -2.6346     2.1339 0.0000e+00
 147.562723      0.753    17.4187  36.952828    27.8784      0.746  247.85387  248.22577    -2.6502     2.1339 0.0000e+00
 147.562726      0.786    17.4098  36.942180    27.8757      0.779  247.90150  248.27305    -2.6502     2.1461 0.0000e+00
 147.562729      0.817    17.3964  36.913728    27.8752      0.809  247.99034  248.36144    -2.6502     2.1461 0.0000e+00
 147.562731      0.846    17.3851  36.912263    27.8681      0.838  248.03258  248.40319    -2.6346     2.1582 0.0000e+00
 147.562734      0.873    17.3739  36.895871    27.8752      0.866  248.07483  248.44495    -2.6191     2.1420 -9.990e-29
 147.562737      0.897    17.3233  36.886392    27.8852      0.889  248.30166  248.66967    -2.6969     2.1784 -9.990e-29
 147.562740      0.926    17.3188  36.882786    27.8874      0.918  248.31990  248.68770    -2.5724     2.2775 0.0000e+00
 147.562743      0.954    17.3142  36.880524    27.8895      0.945  248.33813  248.70574    -2.6969     2.3280 0.0000e+00
 147.562746      0.983    17.3056  36.877590    27.8920      0.974  248.37402  248.74126    -2.6191     2.3280 0.0000e+00
 147.562749      1.017    17.2986  36.870680    27.8930      1.008  248.40942  248.77639    -2.6813     2.3240 0.0000e+00
 147.562752      1.050    17.2914  36.871965    27.8950      1.041  248.43386  248.80050    -2.6813     2.3240 0.0000e+00
 147.562755      1.090    17.2874  36.864995    27.8950      1.081  248.45868  248.82518    -2.9459     2.9507 0.0000e+00
 147.562758      1.120    17.2806  36.851972    27.8944      1.110  248.50182  248.86808    -2.9459     2.9548 0.0000e+00
 147.562760      1.149    17.2752  36.849895    27.8915      1.139  248.52344  248.88946    -2.9303     2.9528 0.0000e+00
 147.562763      1.176    17.2697  36.841521    27.8944      1.166  248.54505  248.91083    -2.9148     2.9548 -9.990e-29
 147.562766      1.200    17.2386  36.842317    27.9097      1.189  248.66940  249.03381    -2.9459     2.5747 -9.990e-29
 147.562769      1.227    17.2386  36.842685    27.9097      1.216  248.66940  249.03381    -2.9459     2.5747 0.0000e+00
 147.562772      1.253    17.2386  36.838590    27.9097      1.242  248.66940  249.03381    -2.9459     2.5747 -9.990e-29
 147.562775      1.277    17.2247  36.833700    27.9121      1.265  248.73250  249.09634    -2.9148     2.5626 -9.990e-29
 147.562778      1.306    17.2231  36.834129    27.9130      1.294  248.73880  249.10257    -2.6814     2.7344 0.0000e+00
 147.562781      1.333    17.2215  36.833640    27.9139      1.321  248.74510  249.10880    -2.4479     2.9063 0.0000e+00
 147.562784      1.366    17.2198  36.834130    27.9139      1.354  248.75053  249.11414    -2.4479     2.9467 0.0000e+00
 147.562786      1.395    17.2179  36.827345    27.9110      1.383  248.76718  249.13074    -2.4167     2.9467 0.0000e+00
 147.562789      1.428    17.2128  36.818117    27.9068      1.415  248.79919  249.16257    -2.4167     2.9467 0.0000e+00
 147.562792      1.461    17.2033  36.806874    27.9068      1.448  248.84994  249.21295    -2.3856     3.0397 0.0000e+00
 147.562795      1.498    17.1887  36.808220    27.9150      1.484  248.90173  249.26408    -2.3389     3.0842 0.0000e+00
 147.562798      1.531    17.1791  36.811154    27.9217      1.517  248.93296  249.29486    -2.2767     3.0721 0.0000e+00
 147.562801      1.562    17.1757  36.805533    27.9241      1.548  248.95347  249.31524    -2.2767     3.0721 0.0000e+00
 147.562804      1.596    17.1713  36.805595    27.9217      1.582  248.96956  249.33114    -2.4946     2.9871 0.0000e+00
 147.562807      1.631    17.1679  36.798751    27.9218      1.616  248.99181  249.35326    -2.5568     2.9629 0.0000e+00
 147.562810      1.664    17.1618  36.794292    27.9218      1.649  249.02074  249.38193    -2.5568     2.9629 0.0000e+00
 147.562813      1.698    17.1548  36.793560    27.9261      1.683  249.04772  249.40860    -2.5568     3.0154 0.0000e+00
 147.562815      1.731    17.1500  36.796738    27.9302      1.716  249.06090  249.42155    -2.3078     3.6705 0.0000e+00
 147.562818      1.759    17.1482  36.793133    27.9302      1.743  249.07245  249.43304    -2.1988     3.6705 0.0000e+00
 147.562821      1.784    17.1475  36.791422    27.9299      1.768  249.07611  249.43668    -2.2066     3.6847 0.0000e+00
 147.562824      1.810    17.1469  36.784153    27.9297      1.793  249.07977  249.44031    -2.1055     3.6705 -9.990e-29
 147.562827      1.832    17.1309  36.783909    27.9309      1.815  249.15518  249.51505    -2.5724     3.8970 -9.990e-29
 147.562830      1.859    17.1292  36.779817    27.9342      1.842  249.15818  249.51796    -2.6113     3.9212 0.0000e+00
 147.562833      1.886    17.1274  36.784827    27.9376      1.869  249.16118  249.52086    -2.6502     3.9455 0.0000e+00
 147.562836      1.919    17.1243  36.783055    27.9382      1.902  249.17500  249.53455    -2.6969     3.9455 0.0000e+00
 147.562839      1.946    17.1216  36.781956    27.9391      1.929  249.18405  249.54345    -2.6969     3.9374 0.0000e+00
 147.562841      1.979    17.1215  36.784644    27.9416      1.961  249.18405  249.54345    -2.4323     3.9374 0.0000e+00
 147.562844      2.014    17.1215  36.789349    27.9436      1.996  249.17645  249.53584    -2.4012     3.9374 0.0000e+00
 147.562847      2.041    17.1225  36.788799    27.9445      2.023  249.17334  249.53278    -2.3312     3.9374 0.0000e+00
 147.562850      2.072    17.1234  36.782384    27.9436      2.054  249.17024  249.52972    -2.2300     3.9010 -9.990e-29
 147.562853      2.096    17.1204  36.781713    27.9397      2.077  249.19133  249.55072    -2.6813     3.6179 -9.990e-29
 147.562856      2.123    17.1175  36.781224    27.9412      2.104  249.20271  249.56197    -2.6346     3.5896 -9.990e-29
 147.562859      2.143    17.1165  36.783913    27.9442      2.124  249.20255  249.56175    -2.5101     3.6058 -9.990e-29
 147.562862      2.164    17.1117  36.776276    27.9443      2.144  249.22566  249.58465    -2.5880     3.8363 -9.990e-29
 147.562865      2.193    17.1099  36.780126    27.9414      2.173  249.23947  249.59841    -2.6191     3.8140 0.0000e+00
 147.562867      2.229    17.1081  36.770169    27.9415      2.209  249.25328  249.61216    -2.6346     3.8120 0.0000e+00
 147.562870      2.269    17.1020  36.768887    27.9413      2.249  249.27769  249.63630    -2.6502     3.8039 0.0000e+00
 147.562873      2.315    17.0944  36.762352    27.9415      2.294  249.31508  249.67338    -2.6502     3.8120 0.0000e+00
 147.562876      2.359    17.0887  36.761559    27.9417      2.338  249.33727  249.69531    -2.6502     3.8120 0.0000e+00
 147.562879      2.406    17.0822  36.752949    27.9445      2.385  249.37337  249.73116    -2.6191     4.6652 0.0000e+00
 147.562882      2.446    17.0736  36.754049    27.9436      2.425  249.40383  249.76122    -2.6191     4.6895 0.0000e+00
 147.562885      2.490    17.0694  36.741226    27.9461      2.468  249.42870  249.78593    -2.5957     4.7016 0.0000e+00
 147.562888      2.527    17.0651  36.740555    27.9436      2.504  249.45356  249.81063    -2.6191     4.6895 -9.990e-29
 147.562891      2.552    17.0474  36.741045    27.9557      2.530  249.51909  249.87535    -2.5724     4.0142 -9.990e-29
 147.562894      2.569    17.0427  36.739030    27.9572      2.546  249.53936  249.89541    -2.6813     4.0061 -9.990e-29
 147.562896      2.581    17.0390  36.737993    27.9589      2.558  249.55456  249.91045    -2.7436     3.9657 -9.990e-29
 147.562899      2.587    17.0364  36.736528    27.9595      2.564  249.56611  249.92189    -2.7903     4.0021 -9.990e-29
 147.562902      2.596    17.0334  36.735429    27.9606      2.573  249.57896  249.93461    -1.6385     3.8403 -9.990e-29
 147.562905      2.610    17.0308  36.735429    27.9625      2.587  249.58872  249.94425    -1.6852     3.8929 -9.990e-29
 147.562908      2.629    17.0292  36.736529    27.9645      2.605  249.59295  249.94840    -1.7008     3.8929 -9.990e-29
 147.562911      2.652    17.0297  36.739704    27.9672      2.629  249.58600  249.94145    -2.6191     3.5977 -9.990e-29
 147.562914      2.687    17.0300  36.740132    27.9681      2.663  249.58287  249.93833    -2.6269     3.6139 0.0000e+00
 147.562917      2.727    17.0303  36.742818    27.9672      2.703  249.58600  249.94145    -2.6346     3.6301 0.0000e+00
 147.562920      2.769    17.0303  36.738361    27.9652      2.744  249.58644  249.94193    -2.6346     3.6341 0.0000e+00
 147.562922      2.813    17.0297  36.737445    27.9652      2.788  249.58991  249.94537    -2.6191     3.6341 0.0000e+00
 147.562925      2.855    17.0288  36.739522    27.9672      2.829  249.58991  249.94537    -2.6191     3.6341 0.0000e+00
 147.562928      2.899    17.0287  36.740804    27.9672      2.873  249.59031  249.94572    -2.6658     3.7393 0.0000e+00
 147.562931      2.939    17.0277  36.735614    27.9646      2.912  249.59991  249.95529    -2.6658     3.7473 0.0000e+00
 147.562934      2.972    17.0247  36.732867    27.9646      2.945  249.61483  249.97009    -2.5413     3.7473 0.0000e+00
 147.562937      3.003    17.0215  36.730486    27.9644      2.976  249.63014  249.98526    -2.5413     3.7635 0.0000e+00
 147.562940      3.030    17.0195  36.726212    27.9646      3.003  249.64389  249.99894    -2.4479     4.2407 0.0000e+00
 147.562943      3.059    17.0175  36.728167    27.9654      3.032  249.64842  250.00337    -2.4012     4.2407 0.0000e+00
 147.562946      3.092    17.0153  36.728472    27.9672      3.064  249.65623  250.01108    -2.4012     4.2811 0.0000e+00
 147.562948      3.123    17.0136  36.727557    27.9674      3.095  249.66365  250.01843    -2.4012     4.2407 0.0000e+00
 147.562951      3.152    17.0121  36.726214    27.9675      3.124  249.67108  250.02579    -2.3856     4.0183 0.0000e+00
 147.562954      3.182    17.0104  36.727740    27.9691      3.153  249.67531  250.02993    -2.3856     3.9819 0.0000e+00
 147.562957      3.211    17.0094  36.725970    27.9697      3.182  249.68151  250.03611    -2.4167     4.0183 0.0000e+00
 147.562960      3.236    17.0091  36.726214    27.9694      3.207  249.68241  250.03699    -2.4557     4.0021 0.0000e+00
 147.562963      3.264    17.0088  36.726642    27.9697      3.235  249.68331  250.03787    -2.4167     4.0223 -9.990e-29
 147.562966      3.286    17.0084  36.726459    27.9701      3.256  249.68451  250.03905    -2.4012     4.3418 -9.990e-29
 147.562969      3.309    17.0089  36.728230    27.9713      3.280  249.68016  250.03472    -2.3545     4.3862 -9.990e-29
 147.562972      3.328    17.0096  36.730916    27.9731      3.298  249.67388  250.02846    -2.3856     4.3579 -9.990e-29
 147.562975      3.350    17.0105  36.731832    27.9732      3.320  249.66923  250.02384    -2.3234     4.3660 -9.990e-29
 147.562977      3.371    17.0123  36.733175    27.9718      3.341  249.66290  250.01760    -2.5568     4.1679 -9.990e-29
 147.562980      3.397    17.0119  36.731588    27.9712      3.367  249.66597  250.02065    -2.5412     4.1739 0.0000e+00
 147.562983      3.428    17.0115  36.729451    27.9705      3.397  249.66903  250.02369    -2.5568     4.1679 0.0000e+00
 147.562986      3.459    17.0088  36.727131    27.9704      3.428  249.68212  250.03668    -2.6658     4.1477 0.0000e+00
 147.562989      3.501    17.0070  36.723529    27.9704      3.470  249.69400  250.04849    -2.6658     4.0547 0.0000e+00
 147.562992      3.541    17.0055  36.725789    27.9714      3.509  249.69658  250.05099    -2.6191     4.0506 0.0000e+00
 147.562995      3.583    17.0043  36.724629    27.9714      3.551  249.70253  250.05689    -2.6191     4.0506 0.0000e+00
 147.562998      3.629    17.0007  36.719013    27.9691      3.596  249.72400  250.07823    -2.7747     4.0506 0.0000e+00
 147.563001      3.669    16.9946  36.714008    27.9691      3.636  249.75375  250.10772    -2.7747     4.0385 0.0000e+00
 147.563003      3.709    16.9886  36.721517    27.9796      3.676  249.76525  250.11891    -2.6035     3.9697 0.0000e+00
 147.563006      3.742    16.9875  36.720175    27.9798      3.708  249.77003  250.12365    -2.5880     3.9879 0.0000e+00
 147.563009      3.775    16.9865  36.715657    27.9799      3.741  249.77481  250.12838    -2.6035     3.9374 -9.990e-29
 147.563012      3.800    16.9875  36.721518    27.9803      3.766  249.76926  250.12287    -2.6813     4.7016 -9.990e-29
 147.563015      3.822    16.9881  36.721945    27.9803      3.788  249.76653  250.12016    -2.6502     4.7057 -9.990e-29
 147.563018      3.840    16.9872  36.719015    27.9784      3.806  249.77409  250.12769    -2.7125     4.6814 -9.990e-29
 147.563021      3.862    16.9854  36.718954    27.9795      3.828  249.78058  250.13411    -2.6813     4.6936 -9.990e-29
 147.563024      3.888    16.9842  36.720175    27.9814      3.853  249.78342  250.13688    -2.6191     4.6531 -9.990e-29
 147.563027      3.910    16.9832  36.723534    27.9849      3.875  249.78227  250.13567    -2.6191     3.6665 -9.990e-29
 147.563030      3.935    16.9841  36.721946    27.9830      3.900  249.78121  250.13466    -2.7436     3.6907 -9.990e-29
 147.563032      3.959    16.9845  36.719809    27.9796      3.924  249.78488  250.13836    -2.6191     3.6341 -9.990e-29
 147.563035      3.987    16.9835  36.718344    27.9790      3.951  249.79092  250.14437    -2.5412     3.8990 0.0000e+00
 147.563038      4.016    16.9825  36.715231    27.9796      3.980  249.79697  250.15038    -2.4634     4.1638 0.0000e+00
 147.563041      4.050    16.9785  36.715720    27.9813      4.014  249.81122  250.16444    -2.4634     4.2245 0.0000e+00
 147.563044      4.085    16.9756  36.712974    27.9816      4.049  249.82584  250.17894    -2.4479     4.2245 0.0000e+00
 147.563047      4.121    16.9743  36.715233    27.9820      4.085  249.82750  250.18052    -2.4946     4.2204 0.0000e+00
 147.563050      4.158    16.9724  36.711204    27.9822      4.121  249.84030  250.19326    -2.4790     4.0385 0.0000e+00
 147.563053      4.191    16.9697  36.709373    27.9820      4.153  249.85269  250.20554    -2.4946     3.9859 0.0000e+00
 147.563056      4.225    16.9666  36.701743    27.9779      4.188  249.87524  250.22798    -2.4790     3.9859 0.0000e+00
