seaocn-cb/data/ctd_cnv/SBE19plus_01907321_2024_05_25_Cast57.cnv
* Sea-Bird SBE19plus  Data File:
* FileName = E:\Prandtl_Daten\2024\25052024\raw\SBE19plus_01907321_2024_05_25_Cast57.hex
* Software version 2.6.1.12
* Temperature SN = 7321
* Conductivity SN = 7321
* System UpLoad Time = May 25 2024 11:18:11
* <ApplicationData>
* <Seaterm232>
** 20240525
** Sea Practical 2024
** MCat 25.05 CTD_SP3
** NMEA Latitude = 054 07.16N
** NMEA Longitude = 008 30.43E
** waterdepth =7m
** Isabelle
# nquan = 11
# nvalues = 232                         
# units = specified
# name 0 = timeJ: Julian Days
# name 1 = prdM: Pressure, Strain Gauge [db]
# name 2 = tv290C: Temperature [ITS-90, deg C]
# name 3 = c0mS/cm: Conductivity [mS/cm]
# name 4 = sal00: Salinity, Practical [PSU]
# name 5 = depSM: Depth [salt water, m], lat = 54.00
# name 6 = oxsatMm/Kg: Oxygen Saturation, Weiss [umol/kg]
# name 7 = oxsolMm/Kg: Oxygen Saturation, Garcia & Gordon [umol/kg]
# name 8 = turbWETntu0: Turbidity, WET Labs ECO [NTU]
# name 9 = flECO-AFL: Fluorescence, WET Labs ECO-AFL/FL [mg/m^3]
# name 10 = flag:  0.000e+00
# span 0 = 146.467546, 146.468215       
# span 1 =      0.546,      6.381       
# span 2 =    15.8659,    15.8962       
# span 3 =  36.555015,  36.604250       
# span 4 =    28.6177,    28.6530       
# span 5 =      0.541,      6.324       
# span 6 =  254.03174,  254.19472       
# span 7 =  254.33260,  254.49424       
# span 8 =     3.8167,    46.4393       
# span 9 =     4.1234,     7.9932       
# span 10 = 0.0000e+00, 0.0000e+00      
# interval = seconds: 0.25
# start_time = May 25 2024 11:12:08 [Instrument's time stamp, header]
# bad_flag = -9.990e-29
*END*
 146.467546      0.546    15.8936  36.601567    28.6526      0.541  254.04336  254.34412    16.3848     4.7502 -9.990e-29
 146.467549      0.564    15.8933  36.600652    28.6519      0.559  254.04567  254.34643    16.3537     4.7744 -9.990e-29
 146.467552      0.605    15.8936  36.600652    28.6514      0.599  254.04514  254.34591    16.2992     4.7704 0.0000e+00
 146.467555      0.661    15.8939  36.599982    28.6519      0.655  254.04461  254.34540    16.3537     4.7744 0.0000e+00
 146.467558      0.710    15.8941  36.603152    28.6509      0.704  254.04461  254.34540    18.9529     5.1141 0.0000e+00
 146.467561      0.745    15.8942  36.597117    28.6508      0.738  254.04352  254.34431    19.0852     5.1182 0.0000e+00
 146.467564      0.772    15.8941  36.600897    28.6483      0.766  254.04838  254.34919    19.2175     5.1222 -9.990e-29
 146.467567      0.794    15.8941  36.598702    28.6496      0.787  254.04571  254.34652    18.8906     5.1464 -9.990e-29
 146.467569      0.801    15.8940  36.598214    28.6493      0.794  254.04706  254.34786    17.3031     5.1869 -9.990e-29
 146.467572      0.801    15.8939  36.599799    28.6507      0.794  254.04497  254.34575    17.3031     5.2192 -9.990e-29
 146.467575      0.807    15.8939  36.600226    28.6511      0.800  254.04432  254.34511    17.4743     5.2920 -9.990e-29
 146.467578      0.811    15.8942  36.602726    28.6530      0.803  254.03935  254.34014    17.1319     5.2839 -9.990e-29
 146.467581      0.811    15.8948  36.599982    28.6503      0.803  254.04138  254.34222    16.8050     5.2597 -9.990e-29
 146.467584      0.836    15.8957  36.604250    28.6530      0.829  254.03174  254.33260    13.5677     4.4388 -9.990e-29
 146.467587      0.886    15.8959  36.604006    28.6517      0.878  254.03288  254.33376    13.6378     4.4489 0.0000e+00
 146.467590      0.949    15.8962  36.601324    28.6503      0.941  254.03402  254.33492    13.5677     4.4388 0.0000e+00
 146.467593      1.026    15.8962  36.598641    28.6503      1.017  254.03402  254.33492    13.4587     4.4226 0.0000e+00
 146.467595      1.090    15.8959  36.603824    28.6488      1.080  254.03721  254.33814    11.3264     4.3013 0.0000e+00
 146.467598      1.135    15.8956  36.598886    28.6508      1.125  254.03633  254.33720    11.3187     4.2851 0.0000e+00
 146.467601      1.164    15.8953  36.600227    28.6488      1.154  254.04112  254.34199    11.3109     4.2690 -9.990e-29
 146.467604      1.177    15.8938  36.596204    28.6475      1.167  254.05091  254.35171    11.4043     4.3013 -9.990e-29
 146.467607      1.188    15.8918  36.593521    28.6466      1.178  254.06249  254.36321    10.7973     4.7340 -9.990e-29
 146.467610      1.208    15.8886  36.592912    28.6430      1.198  254.08525  254.38585    10.8751     4.7138 -9.990e-29
 146.467613      1.236    15.8879  36.586633    28.6454      1.225  254.08446  254.38501    10.8828     4.6794 0.0000e+00
 146.467616      1.272    15.8879  36.591084    28.6454      1.261  254.08446  254.38501    10.8828     4.6794 0.0000e+00
 146.467619      1.302    15.8872  36.593949    28.6478      1.290  254.08367  254.38417    10.8906     4.6450 -9.990e-29
 146.467622      1.322    15.8870  36.589499    28.6466      1.310  254.08700  254.38749     9.0696     5.4821 -9.990e-29
 146.467624      1.321    15.8869  36.579684    28.6381      1.310  254.10211  254.40266     9.1475     5.4780 -9.990e-29
 146.467627      1.316    15.8863  36.589072    28.6467      1.304  254.09035  254.39081     8.9918     5.5548 -9.990e-29
 146.467630      1.321    15.8852  36.589316    28.6477      1.310  254.09420  254.39460     8.8829     5.5306 -9.990e-29
 146.467633      1.345    15.8849  36.584378    28.6452      1.333  254.10022  254.40063     7.8712     4.7057 -9.990e-29
 146.467636      1.385    15.8848  36.586146    28.6463      1.373  254.09883  254.39923     7.8634     4.7138 0.0000e+00
 146.467639      1.427    15.8847  36.588402    28.6452      1.415  254.10022  254.40063     7.8556     4.7057 0.0000e+00
 146.467642      1.467    15.8844  36.582489    28.6450      1.454  254.10312  254.40351     7.7934     4.6997 0.0000e+00
 146.467645      1.502    15.8841  36.583038    28.6426      1.489  254.10880  254.40919     7.7311     4.6774 -9.990e-29
 146.467648      1.526    15.8823  36.587488    28.6481      1.512  254.10791  254.40817     6.8595     4.4792 -9.990e-29
 146.467650      1.541    15.8811  36.583282    28.6483      1.527  254.11413  254.41433     6.8128     4.4873 -9.990e-29
 146.467653      1.566    15.8811  36.586574    28.6472      1.552  254.11583  254.41604     6.2136     4.5945 0.0000e+00
 146.467656      1.593    15.8811  36.584136    28.6476      1.579  254.11605  254.41626     5.6144     4.6410 0.0000e+00
 146.467659      1.630    15.8809  36.585721    28.6476      1.615  254.11683  254.41699     5.5366     4.7016 0.0000e+00
 146.467662      1.674    15.8807  36.586818    28.6490      1.659  254.11605  254.41626     5.5366     4.7138 0.0000e+00
 146.467665      1.714    15.8807  36.588038    28.6495      1.699  254.11321  254.41339     5.5833     4.7138 0.0000e+00
 146.467668      1.747    15.8810  36.587977    28.6495      1.731  254.11241  254.41261     6.6883     4.6572 0.0000e+00
 146.467671      1.783    15.8812  36.588160    28.6495      1.767  254.11125  254.41146     6.7506     4.6248 0.0000e+00
 146.467674      1.814    15.8815  36.589074    28.6494      1.798  254.11125  254.41146     6.7506     4.6248 0.0000e+00
 146.467677      1.846    15.8815  36.585051    28.6500      1.829  254.10989  254.41007     6.7817     4.6248 0.0000e+00
 146.467679      1.878    15.8811  36.589501    28.6490      1.862  254.11448  254.41472     6.7817     4.6774 0.0000e+00
 146.467682      1.910    15.8808  36.587063    28.6499      1.892  254.11279  254.41297     5.9490     4.6814 0.0000e+00
 146.467685      1.941    15.8805  36.587856    28.6490      1.923  254.11569  254.41587     5.1163     4.6774 -9.990e-29
 146.467688      1.964    15.8799  36.585295    28.6479      1.947  254.12080  254.42095     5.3031     4.7138 -9.990e-29
 146.467691      1.984    15.8801  36.588161    28.6502      1.966  254.11558  254.41573     5.2253     4.6774 -9.990e-29
 146.467694      2.001    15.8803  36.586393    28.6485      1.983  254.11766  254.41783     5.5988     5.2192 -9.990e-29
 146.467697      2.010    15.8804  36.586149    28.6482      1.992  254.11743  254.41761     5.7233     5.2435 -9.990e-29
 146.467700      2.019    15.8807  36.587978    28.6496      2.001  254.11377  254.41395     5.6299     5.1909 -9.990e-29
 146.467703      2.023    15.8804  36.585722    28.6478      2.004  254.11808  254.41826     5.4899     5.2516 -9.990e-29
 146.467705      2.032    15.8804  36.585478    28.6476      2.013  254.11846  254.41864     8.1825     5.7085 -9.990e-29
 146.467708      2.046    15.8803  36.588892    28.6490      2.028  254.11639  254.41655     8.2759     5.6802 -9.990e-29
 146.467711      2.074    15.8804  36.587064    28.6483      2.055  254.11745  254.41762     8.2681     5.6742 0.0000e+00
 146.467714      2.107    15.8803  36.585479    28.6488      2.088  254.11797  254.41813     8.2603     5.6681 0.0000e+00
 146.467717      2.145    15.8801  36.586637    28.6476      2.126  254.11850  254.41868     6.1124     4.8674 0.0000e+00
 146.467720      2.190    15.8795  36.584016    28.6470      2.171  254.12437  254.42451     6.1124     4.8674 0.0000e+00
 146.467723      2.238    15.8787  36.578103    28.6461      2.218  254.13394  254.43401     6.0035     4.8755 0.0000e+00
 146.467726      2.280    15.8779  36.581700    28.6461      2.259  254.13555  254.43556     6.0035     4.8755 0.0000e+00
 146.467729      2.320    15.8769  36.583042    28.6461      2.299  254.13555  254.43556     5.9879     4.8715 0.0000e+00
 146.467731      2.360    15.8767  36.579323    28.6461      2.339  254.13990  254.43992     3.8245     4.1355 0.0000e+00
 146.467734      2.400    15.8767  36.580786    28.6461      2.379  254.13990  254.43992     3.8245     4.1274 0.0000e+00
 146.467737      2.431    15.8768  36.582798    28.6469      2.409  254.13809  254.43811     3.8167     4.1254 0.0000e+00
 146.467740      2.458    15.8769  36.582920    28.6477      2.437  254.13628  254.43629     3.8868     4.1234 -9.990e-29
 146.467743      2.480    15.8757  36.580787    28.6468      2.458  254.14356  254.44353     6.4860     4.4550 -9.990e-29
 146.467746      2.497    15.8749  36.583957    28.6501      2.474  254.14179  254.44170     6.6883     4.4671 -9.990e-29
 146.467749      2.517    15.8747  36.584810    28.6510      2.494  254.14141  254.44130     6.4548     4.5156 -9.990e-29
 146.467752      2.531    15.8746  36.581031    28.6478      2.509  254.14743  254.44734     6.5794     4.4226 -9.990e-29
 146.467755      2.553    15.8739  36.577922    28.6456      2.530  254.15485  254.45474     3.8556     4.4631 -9.990e-29
 146.467758      2.570    15.8736  36.576764    28.6448      2.547  254.15781  254.45769     3.8556     4.4914 -9.990e-29
 146.467760      2.593    15.8737  36.581031    28.6492      2.570  254.14981  254.44966     3.8245     4.4995 -9.990e-29
 146.467763      2.622    15.8736  36.581885    28.6484      2.599  254.15174  254.45160     4.0891     4.6896 0.0000e+00
 146.467766      2.655    15.8734  36.579934    28.6476      2.632  254.15367  254.45353     4.2292     4.8634 0.0000e+00
 146.467769      2.690    15.8730  36.579264    28.6476      2.666  254.15621  254.45605     4.2292     4.8634 0.0000e+00
 146.467772      2.721    15.8728  36.579264    28.6474      2.697  254.15713  254.45695     4.2292     4.8513 0.0000e+00
 146.467775      2.749    15.8726  36.579752    28.6476      2.724  254.15804  254.45785     4.2292     4.8391 -9.990e-29
 146.467778      2.770    15.8723  36.579447    28.6480      2.746  254.15869  254.45849     4.1825     4.8796 -9.990e-29
 146.467781      2.785    15.8723  36.579021    28.6476      2.760  254.15964  254.45944     7.7311     5.0009 -9.990e-29
 146.467784      2.801    15.8719  36.579935    28.6487      2.776  254.15978  254.45955     7.8401     4.9685 -9.990e-29
 146.467786      2.829    15.8714  36.577802    28.6472      2.803  254.16482  254.46458     7.7778     4.9847 -9.990e-29
 146.467789      2.847    15.8720  36.581276    28.6462      2.821  254.16327  254.46307     5.4743     4.7178 -9.990e-29
 146.467792      2.880    15.8716  36.577253    28.6448      2.854  254.16759  254.46738     5.5521     4.7036 0.0000e+00
 146.467795      2.922    15.8713  36.573352    28.6462      2.896  254.17190  254.47168     5.6144     4.6895 0.0000e+00
 146.467798      2.967    15.8696  36.575669    28.6466      2.941  254.17475  254.47443     5.6144     4.6855 0.0000e+00
 146.467801      3.011    15.8689  36.576583    28.6466      2.984  254.17610  254.47574     5.6144     4.6855 0.0000e+00
 146.467804      3.049    15.8688  36.574755    28.6464      3.022  254.17948  254.47913     6.6261     4.9806 0.0000e+00
 146.467807      3.086    15.8684  36.571403    28.6452      3.058  254.18338  254.48302     6.7117     4.9908 0.0000e+00
 146.467810      3.121    15.8681  36.568295    28.6439      3.093  254.18728  254.48691     6.7973     4.9806 -9.990e-29
 146.467813      3.146    15.8664  36.571647    28.6453      3.118  254.19327  254.49281     6.7817     4.9726 -9.990e-29
 146.467815      3.161    15.8662  36.572318    28.6461      3.132  254.19317  254.49269     7.0152     6.1290 -9.990e-29
 146.467818      3.170    15.8662  36.573110    28.6468      3.141  254.19197  254.49149     6.9529     6.2261 -9.990e-29
 146.467821      3.177    15.8662  36.576767    28.6499      3.149  254.18615  254.48565     6.9685     6.1857 -9.990e-29
 146.467824      3.182    15.8665  36.574756    28.6480      3.154  254.18829  254.48781     7.0307     6.1816 -9.990e-29
 146.467827      3.188    15.8666  36.570733    28.6444      3.159  254.19377  254.49333     7.0152     6.1412 -9.990e-29
 146.467830      3.203    15.8668  36.574390    28.6474      3.174  254.18765  254.48719     5.0696     5.3769 -9.990e-29
 146.467833      3.225    15.8680  36.575670    28.6496      3.196  254.17782  254.47741     5.0541     5.3850 -9.990e-29
 146.467836      3.256    15.8680  36.577925    28.6487      3.227  254.17969  254.47928     5.1631     5.3648 0.0000e+00
 146.467839      3.298    15.8679  36.575670    28.6477      3.268  254.18155  254.48115     5.2720     5.3446 0.0000e+00
 146.467841      3.341    15.8675  36.570794    28.6437      3.312  254.19045  254.49006     5.4899     4.7340 0.0000e+00
 146.467844      3.392    15.8669  36.569637    28.6437      3.362  254.19045  254.49006     5.5210     4.7097 0.0000e+00
 146.467847      3.445    15.8660  36.575001    28.6468      3.415  254.19385  254.49335     5.6299     4.6976 0.0000e+00
 146.467850      3.498    15.8660  36.572989    28.6468      3.467  254.19385  254.49335     5.8167     4.6733 0.0000e+00
 146.467853      3.548    15.8661  36.570795    28.6468      3.516  254.19385  254.49335     6.6572     4.5763 0.0000e+00
 146.467856      3.586    15.8661  36.574087    28.6461      3.554  254.19321  254.49273     6.7428     4.5560 0.0000e+00
 146.467859      3.621    15.8662  36.570978    28.6474      3.588  254.19043  254.48995     6.8284     4.5763 -9.990e-29
 146.467862      3.644    15.8665  36.575245    28.6482      3.612  254.18751  254.48704     6.7039     4.5237 -9.990e-29
 146.467865      3.662    15.8664  36.575001    28.6481      3.630  254.18849  254.48801     9.3498     5.0090 -9.990e-29
 146.467867      3.677    15.8662  36.574758    28.6480      3.644  254.18977  254.48928     9.1163     4.9847 -9.990e-29
 146.467870      3.683    15.8659  36.572563    28.6463      3.650  254.19400  254.49351     9.4120     4.9685 -9.990e-29
 146.467873      3.688    15.8660  36.575489    28.6488      3.655  254.18928  254.48877     9.4120     4.9645 -9.990e-29
 146.467876      3.697    15.8660  36.573234    28.6468      3.664  254.19269  254.49220     9.4743     4.9685 -9.990e-29
 146.467879      3.701    15.8660  36.571893    28.6457      3.668  254.19472  254.49424     8.4626     5.7247 -9.990e-29
 146.467882      3.717    15.8661  36.575672    28.6489      3.684  254.18872  254.48822     8.5249     5.6964 -9.990e-29
 146.467885      3.739    15.8672  36.570796    28.6457      3.706  254.18858  254.48816     8.4626     5.7287 -9.990e-29
 146.467888      3.766    15.8672  36.572990    28.6474      3.733  254.18588  254.48545     9.9335     5.4658 0.0000e+00
 146.467891      3.797    15.8672  36.576769    28.6474      3.764  254.18588  254.48545     9.9335     5.4658 0.0000e+00
 146.467894      3.827    15.8671  36.572320    28.6491      3.793  254.18319  254.48274    11.4043     5.2030 -9.990e-29
 146.467896      3.850    15.8676  36.571223    28.6462      3.816  254.18576  254.48535    11.2331     5.2314 -9.990e-29
 146.467899      3.878    15.8676  36.573905    28.6451      3.843  254.18750  254.48710    15.0541     5.3567 0.0000e+00
 146.467902      3.910    15.8677  36.571406    28.6440      3.875  254.18865  254.48827    18.7039     5.4821 0.0000e+00
 146.467905      3.951    15.8679  36.571223    28.6436      3.915  254.18865  254.48827    18.8751     5.5063 0.0000e+00
 146.467908      3.991    15.8688  36.571650    28.6433      3.955  254.18548  254.48521    18.7661     5.5063 0.0000e+00
 146.467911      4.036    15.8696  36.568968    28.6404      4.000  254.18471  254.48438    18.7661     5.4618 0.0000e+00
 146.467914      4.080    15.8706  36.567383    28.6404      4.044  254.18429  254.48407    17.9257     5.1667 0.0000e+00
 146.467917      4.126    15.8711  36.572077    28.6387      4.089  254.18036  254.48017    17.9101     5.1545 0.0000e+00
 146.467920      4.166    15.8712  36.568420    28.6412      4.129  254.17542  254.47520    17.9101     5.1545 0.0000e+00
 146.467922      4.204    15.8716  36.571650    28.6408      4.167  254.17400  254.47381    17.8323     5.1505 0.0000e+00
