seaocn-cb/data/ctd_cnv/SBE19plus_01907321_2024_05_30_Cast113.cnv
* Sea-Bird SBE19plus  Data File:
* FileName = E:\Prandtl_Daten\2024\30052024\raw\SBE19plus_01907321_2024_05_30_Cast113.hex
* Software version 2.6.1.12
* Temperature SN = 7321
* Conductivity SN = 7321
* System UpLoad Time = May 30 2024 08:40:45
* <ApplicationData>
* <Seaterm232>
** 20240529
** Sea Practical 2024
** MCat 30.05 CTD_SP7
** NMEA Latitude = 54 08.32N
** NMEA Longitude = 008 20.64E
** waterdepth = 12.4m
** Maja
# nquan = 11
# nvalues = 425                         
# units = specified
# name 0 = timeJ: Julian Days
# name 1 = prdM: Pressure, Strain Gauge [db]
# name 2 = tv290C: Temperature [ITS-90, deg C]
# name 3 = c0mS/cm: Conductivity [mS/cm]
# name 4 = sal00: Salinity, Practical [PSU]
# name 5 = depSM: Depth [salt water, m], lat = 54.00
# name 6 = oxsatMm/Kg: Oxygen Saturation, Weiss [umol/kg]
# name 7 = oxsolMm/Kg: Oxygen Saturation, Garcia & Gordon [umol/kg]
# name 8 = turbWETntu0: Turbidity, WET Labs ECO [NTU]
# name 9 = flECO-AFL: Fluorescence, WET Labs ECO-AFL/FL [mg/m^3]
# name 10 = flag:  0.000e+00
# span 0 = 151.357031, 151.358258       
# span 1 =      0.516,     12.091       
# span 2 =    15.2714,    16.0397       
# span 3 =  37.416344,  37.845536       
# span 4 =    29.2895,    30.2045       
# span 5 =      0.511,     11.983       
# span 6 =  252.20242,  254.49752       
# span 7 =  252.50546,  254.75645       
# span 8 =    -3.9109,    11.3887       
# span 9 =     1.0219,     4.0142       
# span 10 = 0.0000e+00, 0.0000e+00      
# interval = seconds: 0.25
# start_time = May 30 2024 08:32:56 [Instrument's time stamp, header]
# bad_flag = -9.990e-29
*END*
[from data line 263]
 151.357792      7.558    15.4073  37.785762    30.0494      7.491  254.07533  254.34229    -0.3467     2.9669 0.0000e+00
 151.357795      7.637    15.4063  37.785763    30.0501      7.569  254.07918  254.34608    -0.5335     2.9750 0.0000e+00
 151.357798      7.717    15.4049  37.785763    30.0512      7.648  254.08449  254.35131    -0.5335     2.9952 0.0000e+00
 151.357801      7.775    15.4042  37.788852    30.0531      7.706  254.08476  254.35153    -0.5101     2.9973 0.0000e+00
 151.357804      7.821    15.4035  37.787370    30.0550      7.751  254.08503  254.35175    -0.4868     2.9952 -9.990e-29
 151.357807      7.841    15.4012  37.787740    30.0557      7.771  254.09526  254.36186    -0.4245     3.0357 -9.990e-29
 151.357810      7.839    15.4003  37.785270    30.0542      7.769  254.10228  254.36885    -0.4712     3.0074 -9.990e-29
 151.357812      7.828    15.3991  37.789532    30.0589      7.758  254.10038  254.36686    -0.0510     3.4522 -9.990e-29
 151.357815      7.814    15.3967  37.791323    30.0623      7.744  254.10667  254.37300    -0.1444     3.4805 -9.990e-29
 151.357818      7.799    15.3939  37.790829    30.0640      7.729  254.11794  254.38412    -0.2378     3.4926 -9.990e-29
 151.357821      7.785    15.3918  37.791941    30.0666      7.715  254.12411  254.39016    -0.0977     3.4602 -9.990e-29
 151.357824      7.775    15.3907  37.793671    30.0690      7.706  254.12524  254.39122    -0.1288     3.0357 -9.990e-29
 151.357827      7.773    15.3898  37.792436    30.0686      7.704  254.13064  254.39658    -0.1599     3.0357 -9.990e-29
 151.357830      7.786    15.3875  37.793177    30.0713      7.717  254.13772  254.40352    -0.1444     3.0518 -9.990e-29
 151.357833      7.814    15.3870  37.793548    30.0714      7.744  254.13982  254.40560    -0.1989     3.0477 0.0000e+00
 151.357836      7.863    15.3866  37.792930    30.0714      7.792  254.14192  254.40767    -0.1444     3.0518 0.0000e+00
 151.357839      7.917    15.3857  37.792190    30.0715      7.847  254.14660  254.41231     0.3381     3.1731 0.0000e+00
 151.357841      7.983    15.3840  37.794105    30.0744      7.912  254.15011  254.41571     0.4471     3.1893 0.0000e+00
 151.357844      8.043    15.3808  37.793982    30.0768      7.971  254.16232  254.42774     0.4471     3.1893 0.0000e+00
 151.357847      8.091    15.3777  37.797503    30.0822      8.018  254.16831  254.43354     0.5249     3.1893 0.0000e+00
 151.357850      8.127    15.3757  37.799666    30.0847      8.054  254.17440  254.43950     0.4082     3.3430 0.0000e+00
 151.357853      8.158    15.3736  37.800593    30.0872      8.085  254.18048  254.44546     0.5249     3.5290 -9.990e-29
 151.357856      8.182    15.3655  37.803620    30.0969      8.109  254.20478  254.46928     0.5405     3.5452 -9.990e-29
 151.357859      8.193    15.3630  37.805041    30.1001      8.120  254.21194  254.47629     0.4626     3.5330 -9.990e-29
 151.357862      8.198    15.3617  37.802447    30.0988      8.125  254.22091  254.48521    -0.1755     3.3915 -9.990e-29
 151.357865      8.200    15.3610  37.798617    30.0959      8.127  254.22916  254.49345    -0.1599     3.4643 -9.990e-29
 151.357867      8.217    15.3617  37.795097    30.0922      8.143  254.23198  254.49633    -0.2845     3.3955 -9.990e-29
 151.357870      8.240    15.3666  37.792935    30.0903      8.167  254.21085  254.47546    -0.0666     3.0640 -9.990e-29
 151.357873      8.273    15.3677  37.797073    30.0887      8.199  254.20831  254.47298    -0.1833     3.0660 0.0000e+00
 151.357876      8.330    15.3687  37.795281    30.0871      8.255  254.20577  254.47050    -0.3000     3.0640 0.0000e+00
 151.357879      8.386    15.3710  37.794849    30.0849      8.311  254.19770  254.46258    -0.3000     3.0316 0.0000e+00
 151.357882      8.446    15.3734  37.795961    30.0840      8.371  254.18697  254.45197    -0.3156     3.0235 0.0000e+00
 151.357885      8.507    15.3739  37.794170    30.0828      8.431  254.18647  254.45151    -0.1833     3.0275 0.0000e+00
 151.357888      8.552    15.3744  37.797938    30.0816      8.476  254.18597  254.45104    -0.3156     3.0235 -9.990e-29
 151.357891      8.572    15.3729  37.799235    30.0872      8.496  254.18404  254.44899     1.0541     3.8646 -9.990e-29
 151.357894      8.565    15.3713  37.800841    30.0899      8.488  254.18740  254.45225     1.2253     3.8565 -9.990e-29
 151.357896      8.550    15.3684  37.796888    30.0886      8.474  254.20459  254.46930     1.1163     3.8646 -9.990e-29
 151.357899      8.516    15.3666  37.799730    30.0925      8.439  254.20661  254.47120     1.4587     3.0680 -9.990e-29
 151.357902      8.479    15.3662  37.801336    30.0943      8.403  254.20586  254.47042     1.6144     3.0882 -9.990e-29
 151.357905      8.452    15.3649  37.801274    30.0952      8.376  254.21061  254.47510     1.6299     3.0963 -9.990e-29
 151.357908      8.437    15.3634  37.803621    30.0984      8.362  254.21282  254.47720     1.5833     3.0963 -9.990e-29
 151.357911      8.446    15.3597  37.805722    30.1031      8.371  254.22331  254.48747     1.6922     2.7809 -9.990e-29
 151.357914      8.477    15.3501  37.808379    30.1164      8.401  254.24916  254.51274     1.6611     2.7769 -9.990e-29
 151.357917      8.536    15.3479  37.812457    30.1183      8.459  254.25707  254.52053     1.6767     2.7850 0.0000e+00
 151.357920      8.612    15.3457  37.812829    30.1201      8.535  254.26498  254.52831     1.6611     2.7930 0.0000e+00
 151.357922      8.703    15.3414  37.812459    30.1230      8.625  254.28167  254.54476     0.8206     3.1165 0.0000e+00
 151.357925      8.800    15.3388  37.810359    30.1230      8.721  254.29635  254.55929     0.7584     3.1731 0.0000e+00
 151.357928      8.890    15.3388  37.808506    30.1215      8.810  254.29635  254.55929     0.7584     3.1731 0.0000e+00
 151.357931      8.972    15.3415  37.805973    30.1178      8.891  254.29156  254.55470     0.7584     3.1731 0.0000e+00
 151.357934      9.034    15.3428  37.809062    30.1174      8.953  254.28438  254.54757     0.7272     3.1468 0.0000e+00
 151.357937      9.072    15.3441  37.807579    30.1178      8.991  254.27719  254.54045     0.7584     3.1731 -9.990e-29
 151.357940      9.090    15.3414  37.809927    30.1206      9.009  254.28581  254.54892     2.0657     3.0801 -9.990e-29
 151.357943      9.076    15.3388  37.810854    30.1235      8.995  254.29430  254.55725     2.0502     3.1044 -9.990e-29
 151.357946      9.056    15.3374  37.814808    30.1280      8.975  254.29314  254.55599     1.8323     3.0923 -9.990e-29
 151.357948      9.021    15.3343  37.816168    30.1316      8.940  254.30269  254.56535     3.3264     3.1651 -9.990e-29
 151.357951      8.992    15.3306  37.818145    30.1362      8.911  254.31362  254.57606     3.3420     3.1004 -9.990e-29
 151.357954      8.979    15.3271  37.819937    30.1405      8.899  254.32397  254.58621     3.4510     3.2055 -9.990e-29
 151.357957      8.974    15.3241  37.822471    30.1450      8.893  254.33114  254.59319     3.3109     3.1448 -9.990e-29
 151.357960      8.975    15.3216  37.821050    30.1457      8.895  254.34267  254.60459     2.9218     3.0074 -9.990e-29
 151.357963      8.988    15.3207  37.822224    30.1474      8.908  254.34437  254.60623     3.1241     3.0235 -9.990e-29
 151.357966      9.005    15.3202  37.822348    30.1479      8.924  254.34623  254.60806     2.9529     2.9831 -9.990e-29
 151.357969      9.030    15.3174  37.820371    30.1505      8.949  254.35610  254.61776     2.8440     3.2945 -9.990e-29
 151.357972      9.061    15.3168  37.822781    30.1506      8.980  254.35897  254.62060     2.7817     3.2864 0.0000e+00
 151.357975      9.105    15.3162  37.821916    30.1506      9.024  254.36184  254.62344     2.8440     3.2823 0.0000e+00
 151.357977      9.156    15.3142  37.824326    30.1542      9.074  254.36543  254.62691     2.7973     3.2783 0.0000e+00
 151.357980      9.211    15.3123  37.826612    30.1577      9.128  254.36922  254.63058     2.8751     3.2823 0.0000e+00
 151.357983      9.275    15.3085  37.828529    30.1623      9.192  254.38059  254.64171     2.9840     3.3106 0.0000e+00
 151.357986      9.342    15.3045  37.830816    30.1673      9.258  254.39196  254.65285     2.9840     3.9455 0.0000e+00
 151.357989      9.419    15.3021  37.832484    30.1706      9.334  254.39847  254.65921     2.9840     4.0142 0.0000e+00
 151.357992      9.508    15.3007  37.831682    30.1710      9.423  254.40501  254.66568     2.7973     3.9819 0.0000e+00
 151.357995      9.588    15.2995  37.832794    30.1722      9.503  254.40800  254.66859     2.9840     3.9819 0.0000e+00
 151.357998      9.654    15.2990  37.831065    30.1726      9.568  254.41141  254.67197     3.0152     3.5371 0.0000e+00
 151.358001      9.701    15.2984  37.831930    30.1722      9.615  254.41481  254.67535     3.2331     3.0923 -9.990e-29
 151.358003      9.721    15.2965  37.832486    30.1748      9.634  254.41964  254.68007     3.3576     3.0842 -9.990e-29
 151.358006      9.714    15.2958  37.832363    30.1753      9.627  254.42245  254.68284     3.3887     3.0963 -9.990e-29
 151.358009      9.681    15.2958  37.828037    30.1714      9.595  254.42913  254.68955     2.1747     3.0518 -9.990e-29
 151.358012      9.636    15.2962  37.829458    30.1724      9.550  254.42545  254.68587     2.3303     3.1570 -9.990e-29
 151.358015      9.579    15.2967  37.828593    30.1712      9.493  254.42471  254.68518     2.3148     3.0680 -9.990e-29
 151.358018      9.526    15.2980  37.830385    30.1719      9.441  254.41724  254.67776     2.3926     3.0842 -9.990e-29
 151.358021      9.493    15.2992  37.828345    30.1692      9.408  254.41600  254.67660     2.8440     2.9063 -9.990e-29
 151.358024      9.479    15.3009  37.827603    30.1672      9.394  254.41072  254.67143     2.8284     2.9143 -9.990e-29
 151.358027      9.492    15.3021  37.824576    30.1636      9.407  254.41075  254.67155     2.8906     2.9143 -9.990e-29
 151.358030      9.530    15.3029  37.824576    30.1630      9.445  254.40786  254.66870     2.6883     2.9022 -9.990e-29
 151.358032      9.587    15.3031  37.825503    30.1637      9.501  254.40534  254.66619     2.7817     3.1327 -9.990e-29
 151.358035      9.658    15.3031  37.825688    30.1631      9.571  254.40641  254.66727     2.7195     3.1448 0.0000e+00
 151.358038      9.736    15.3031  37.824329    30.1637      9.649  254.40534  254.66619     2.7817     3.1327 0.0000e+00
 151.358041      9.820    15.3023  37.828346    30.1666      9.732  254.40749  254.66835     2.8906     3.1570 0.0000e+00
 151.358044      9.897    15.3013  37.828532    30.1676      9.808  254.40808  254.66881     2.9062     3.1206 0.0000e+00
 151.358047      9.962    15.3004  37.828594    30.1683      9.873  254.41124  254.67191     3.0774     3.1651 0.0000e+00
 151.358050     10.021    15.2997  37.829892    30.1700      9.931  254.41189  254.67251     3.1864     3.1489 0.0000e+00
 151.358053     10.072    15.2986  37.829707    30.1706      9.982  254.41629  254.67685     3.1864     3.1489 0.0000e+00
 151.358056     10.108    15.2976  37.829707    30.1714     10.018  254.42010  254.68061     3.2331     3.1489 0.0000e+00
 151.358058     10.145    15.2965  37.831067    30.1734     10.054  254.42180  254.68215     5.3965     3.4845 0.0000e+00
 151.358061     10.172    15.2960  37.833909    30.1751     10.081  254.42195  254.68235     5.4120     3.5007 0.0000e+00
 151.358064     10.198    15.2954  37.832735    30.1768     10.106  254.42180  254.68215     5.3965     3.5169 -9.990e-29
 151.358067     10.220    15.2927  37.833910    30.1788     10.128  254.43203  254.69223     5.1630     3.4643 -9.990e-29
 151.358070     10.234    15.2914  37.834343    30.1802     10.142  254.43633  254.69645     5.6611     3.5047 -9.990e-29
 151.358073     10.240    15.2898  37.834590    30.1817     10.148  254.44207  254.70210     5.9568     3.4683 -9.990e-29
 151.358076     10.231    15.2887  37.835023    30.1829     10.139  254.44548  254.70544     5.8012     3.4522 -9.990e-29
 151.358079     10.209    15.2880  37.836691    30.1849     10.117  254.44521  254.70513     5.8790     3.4683 -9.990e-29
 151.358082     10.178    15.2879  37.835022    30.1835     10.087  254.44836  254.70828     5.7545     3.4926 -9.990e-29
 151.358084     10.149    15.2880  37.837618    30.1857     10.058  254.44374  254.70365     6.0346     3.1084 -9.990e-29
 151.358087     10.125    15.2884  37.838359    30.1862     10.034  254.44141  254.70133     6.1591     3.0518 -9.990e-29
 151.358090     10.118    15.2878  37.836444    30.1849     10.027  254.44641  254.70632     6.4393     3.0680 -9.990e-29
 151.358093     10.121    15.2873  37.835455    30.1844     10.031  254.44970  254.70958     6.2369     3.1004 -9.990e-29
 151.358096     10.149    15.2862  37.833910    30.1859     10.058  254.45296  254.71278     3.4198     3.2095 -9.990e-29
 151.358099     10.190    15.2861  37.836197    30.1856     10.099  254.45385  254.71366     3.5210     3.2156 0.0000e+00
 151.358102     10.258    15.2862  37.835456    30.1853     10.166  254.45381  254.71364     3.5910     3.2136 0.0000e+00
 151.358105     10.338    15.2863  37.835518    30.1852     10.246  254.45473  254.71455     3.6222     3.2217 0.0000e+00
 151.358108     10.431    15.2870  37.833046    30.1824     10.338  254.45478  254.71467     4.3070     3.6624 0.0000e+00
 151.358111     10.522    15.2880  37.827856    30.1802     10.428  254.45478  254.71467     4.3848     3.6624 0.0000e+00
 151.358113     10.612    15.2885  37.831934    30.1802     10.517  254.45108  254.71105     4.3848     3.6826 0.0000e+00
 151.358116     10.690    15.2889  37.832800    30.1803     10.594  254.44856  254.70856     4.3848     3.6543 0.0000e+00
 151.358119     10.761    15.2889  37.832491    30.1806     10.665  254.44856  254.70856     5.6766     3.5007 0.0000e+00
 151.358122     10.821    15.2888  37.833233    30.1808     10.724  254.44887  254.70886     5.6999     3.3187 0.0000e+00
 151.358125     10.860    15.2885  37.837126    30.1813     10.762  254.44919  254.70916     5.6766     3.1367 -9.990e-29
 151.358128     10.883    15.2862  37.835458    30.1850     10.786  254.45453  254.71435     5.7545     3.1691 -9.990e-29
 151.358131     10.882    15.2849  37.837250    30.1876     10.784  254.45671  254.71644     5.7233     3.1489 -9.990e-29
 151.358134     10.863    15.2835  37.838733    30.1899     10.766  254.45936  254.71901     6.5015     3.4036 -9.990e-29
 151.358137     10.830    15.2820  37.839042    30.1914     10.733  254.46469  254.72425     6.4860     3.3308 -9.990e-29
 151.358139     10.785    15.2807  37.839660    30.1929     10.688  254.46837  254.72785     6.5638     3.3955 -9.990e-29
 151.358142     10.743    15.2801  37.839907    30.1937     10.647  254.47029  254.72974     6.5171     3.3632 -9.990e-29
 151.358145     10.701    15.2801  37.841576    30.1951     10.605  254.46768  254.72711     7.1708     3.0316 -9.990e-29
 151.358148     10.673    15.2802  37.838609    30.1925     10.578  254.47197  254.73143     7.0619     3.1125 -9.990e-29
 151.358151     10.662    15.2799  37.841267    30.1951     10.567  254.46901  254.72843     6.9840     3.1125 -9.990e-29
 151.358154     10.679    15.2793  37.839907    30.1943     10.583  254.47346  254.73286     6.9685     3.1327 -9.990e-29
 151.358157     10.715    15.2786  37.842565    30.1972     10.619  254.47198  254.73133     6.0502     3.5977 -9.990e-29
 151.358160     10.778    15.2778  37.841329    30.1962     10.681  254.47776  254.73707     5.9879     3.5896 -9.990e-29
 151.358163     10.851    15.2777  37.840773    30.1951     10.753  254.47999  254.73930     6.0035     3.6119 0.0000e+00
 151.358166     10.920    15.2777  37.838302    30.1958     10.822  254.47881  254.73812     5.9879     3.6058 0.0000e+00
