seaocn-cb/data/ctd_cnv/SBE19plus_01907321_2024_05_26_Cast63.cnv
* Sea-Bird SBE19plus  Data File:
* FileName = E:\Prandtl_Daten\2024\26052024\raw\SBE19plus_01907321_2024_05_26_Cast63.hex
* Software version 2.6.1.12
* Temperature SN = 7321
* Conductivity SN = 7321
* System UpLoad Time = May 26 2024 12:17:22
* <ApplicationData>
* <Seaterm232>
** 20240526
** Sea Practical 2024
** MCat 26.05 CTD_FS2
** NMEA Latitude = 054 4.76N
** NMEA Longitude = 008 30.05E
** waterdepth =13m
** Andreas
# nquan = 11
# nvalues = 401                         
# units = specified
# name 0 = timeJ: Julian Days
# name 1 = prdM: Pressure, Strain Gauge [db]
# name 2 = tv290C: Temperature [ITS-90, deg C]
# name 3 = c0mS/cm: Conductivity [mS/cm]
# name 4 = sal00: Salinity, Practical [PSU]
# name 5 = depSM: Depth [salt water, m], lat = 54.00
# name 6 = oxsatMm/Kg: Oxygen Saturation, Weiss [umol/kg]
# name 7 = oxsolMm/Kg: Oxygen Saturation, Garcia & Gordon [umol/kg]
# name 8 = turbWETntu0: Turbidity, WET Labs ECO [NTU]
# name 9 = flECO-AFL: Fluorescence, WET Labs ECO-AFL/FL [mg/m^3]
# name 10 = flag:  0.000e+00
# span 0 = 147.507957, 147.509115       
# span 1 =      1.204,     11.919       
# span 2 =    15.0332,    15.1958       
# span 3 =  37.339907,  37.433174       
# span 4 =    29.8838,    29.9482       
# span 5 =      1.193,     11.813       
# span 6 =  255.42238,  256.17761       
# span 7 =  255.67990,  256.42653       
# span 8 =    -3.5841,     4.4938       
# span 9 =     3.3794,     8.4218       
# span 10 = 0.0000e+00, 0.0000e+00      
# interval = seconds: 0.25
# start_time = May 26 2024 12:10:03 [Instrument's time stamp, header]
# bad_flag = -9.990e-29
*END*
 147.507957      1.204    15.1863  37.419939    29.8960      1.193  255.47062  255.72766    -3.4751     3.4238 -9.990e-29
 147.507960      1.225    15.1869  37.422585    29.8979      1.215  255.46416  255.72122    -3.2883     3.4198 -9.990e-29
 147.507963      1.246    15.1875  37.420801    29.8959      1.234  255.46490  255.72200    -3.3039     3.8161 -9.990e-29
 147.507966      1.267    15.1882  37.423507    29.8978      1.256  255.45806  255.71517    -3.3817     3.8970 -9.990e-29
 147.507969      1.289    15.1883  37.420801    29.8952      1.278  255.46170  255.71884    -3.2883     3.8242 -9.990e-29
 147.507972      1.309    15.1855  37.416372    29.8964      1.298  255.47392  255.73092    -3.3350     3.9172 -9.990e-29
 147.507975      1.337    15.1854  37.419755    29.8950      1.325  255.47744  255.73444    -3.3583     3.9232 0.0000e+00
 147.507977      1.362    15.1852  37.416188    29.8941      1.350  255.48096  255.73796    -3.3817     3.9172 0.0000e+00
 147.507980      1.390    15.1840  37.415819    29.8941      1.377  255.48596  255.74289    -3.3817     3.9293 0.0000e+00
 147.507983      1.422    15.1828  37.416373    29.8949      1.410  255.48981  255.74667    -3.3506     3.8970 0.0000e+00
 147.507986      1.457    15.1817  37.414712    29.8955      1.444  255.49476  255.75154    -3.3506     3.7109 0.0000e+00
 147.507989      1.501    15.1814  37.416619    29.8949      1.487  255.49653  255.75334    -3.3506     3.6624 0.0000e+00
 147.507992      1.543    15.1811  37.414036    29.8959      1.529  255.49750  255.75428    -3.3506     3.6624 0.0000e+00
 147.507995      1.577    15.1811  37.415451    29.8959      1.563  255.49750  255.75428    -3.3506     3.6624 0.0000e+00
 147.507998      1.608    15.1811  37.417788    29.8969      1.594  255.49447  255.75124    -3.3506     3.5856 0.0000e+00
 147.508001      1.639    15.1814  37.416866    29.8980      1.625  255.49446  255.75122    -3.3506     3.5371 0.0000e+00
 147.508003      1.667    15.1818  37.418465    29.8980      1.652  255.49022  255.74701    -3.3039     3.5371 0.0000e+00
 147.508006      1.696    15.1827  37.420372    29.8980      1.681  255.48404  255.74087    -3.3039     3.5532 0.0000e+00
 147.508009      1.721    15.1834  37.419818    29.8982      1.706  255.48169  255.73856    -3.3350     3.5532 0.0000e+00
 147.508012      1.747    15.1841  37.417973    29.8974      1.731  255.47934  255.73626    -3.3662     3.5532 -9.990e-29
 147.508015      1.771    15.1852  37.418711    29.8956      1.755  255.47728  255.73426    -3.4284     3.5613 -9.990e-29
 147.508018      1.796    15.1853  37.420803    29.8974      1.780  255.47345  255.73043    -3.3817     3.5573 -9.990e-29
 147.508021      1.818    15.1857  37.421910    29.8980      1.802  255.47027  255.72726    -3.3817     3.5613 -9.990e-29
 147.508024      1.842    15.1869  37.421049    29.8963      1.825  255.46693  255.72400    -3.2105     3.8767 -9.990e-29
 147.508027      1.867    15.1906  37.426524    29.8964      1.851  255.44810  255.70535    -3.2728     3.8363 -9.990e-29
 147.508030      1.898    15.1906  37.424309    29.8964      1.881  255.44810  255.70535    -3.2728     3.8363 0.0000e+00
 147.508032      1.929    15.1906  37.423755    29.8964      1.912  255.44810  255.70535    -3.2728     3.8363 -9.990e-29
 147.508035      1.953    15.1924  37.426093    29.8966      1.936  255.43860  255.69594    -3.2728     3.6584 -9.990e-29
 147.508038      1.981    15.1921  37.426709    29.8974      1.963  255.43854  255.69586    -3.3662     3.6867 -9.990e-29
 147.508041      2.006    15.1926  37.425232    29.8978      1.988  255.43537  255.69272    -3.3195     3.6988 -9.990e-29
 147.508044      2.035    15.1931  37.427632    29.8983      2.017  255.43180  255.68917    -3.2339     3.7837 0.0000e+00
 147.508047      2.062    15.1937  37.429600    29.8978      2.044  255.42822  255.68561    -3.1483     3.8565 0.0000e+00
 147.508050      2.092    15.1947  37.427878    29.8984      2.073  255.42710  255.68456    -3.0704     3.8565 0.0000e+00
 147.508053      2.126    15.1952  37.430646    29.8964      2.107  255.42523  255.68277    -3.0549     3.8565 0.0000e+00
 147.508056      2.161    15.1958  37.426094    29.8959      2.142  255.42238  255.67990    -3.0549     3.8606 0.0000e+00
 147.508058      2.194    15.1958  37.428309    29.8946      2.174  255.42523  255.68277    -3.1016     3.8606 0.0000e+00
 147.508061      2.230    15.1954  37.426525    29.8946      2.210  255.42665  255.68416    -3.1016     3.6624 0.0000e+00
 147.508064      2.265    15.1942  37.422341    29.8934      2.245  255.43759  255.69506    -3.0238     3.6624 0.0000e+00
 147.508067      2.298    15.1924  37.422588    29.8934      2.277  255.44427  255.70163    -3.0238     3.6746 0.0000e+00
 147.508070      2.332    15.1916  37.421665    29.8935      2.311  255.44779  255.70511    -3.0549     3.6887 0.0000e+00
 147.508073      2.358    15.1909  37.423880    29.8937      2.337  255.45130  255.70859    -3.0860     3.6746 -9.990e-29
 147.508076      2.383    15.1899  37.422158    29.8949      2.362  255.45438  255.71161    -3.2883     3.6260 -9.990e-29
 147.508079      2.400    15.1892  37.422158    29.8954      2.378  255.45704  255.71422    -3.4440     3.6139 -9.990e-29
 147.508082      2.423    15.1887  37.423758    29.8972      2.402  255.45632  255.71347    -3.4595     3.6220 -9.990e-29
 147.508084      2.442    15.1892  37.424557    29.8975      2.420  255.45332  255.71049    -3.5685     3.7959 -9.990e-29
 147.508087      2.465    15.1896  37.421912    29.8964      2.443  255.45323  255.71043    -3.5841     3.7837 -9.990e-29
 147.508090      2.493    15.1895  37.423696    29.8973      2.470  255.45253  255.70972    -3.5841     3.7817 0.0000e+00
 147.508093      2.525    15.1896  37.425357    29.8964      2.503  255.45277  255.70999    -3.5841     3.7797 0.0000e+00
 147.508096      2.558    15.1898  37.423450    29.8962      2.535  255.45183  255.70900    -3.4129     3.7352 0.0000e+00
 147.508099      2.591    15.1902  37.423943    29.8960      2.568  255.45275  255.70999    -3.3662     3.7352 0.0000e+00
 147.508102      2.624    15.1902  37.421420    29.8951      2.601  255.45242  255.70966    -3.3817     3.7433 0.0000e+00
 147.508105      2.657    15.1902  37.422774    29.8949      2.633  255.45275  255.71002    -3.3662     3.7473 0.0000e+00
 147.508108      2.692    15.1899  37.422343    29.8949      2.668  255.45428  255.71151    -3.3506     3.7433 0.0000e+00
 147.508111      2.719    15.1896  37.421298    29.8947      2.695  255.45628  255.71350    -3.1561     3.6988 0.0000e+00
 147.508113      2.744    15.1893  37.420744    29.8945      2.720  255.45828  255.71548    -2.9615     3.6503 -9.990e-29
 147.508116      2.766    15.1877  37.419760    29.8943      2.742  255.46657  255.72369    -2.9459     3.6746 -9.990e-29
 147.508119      2.786    15.1860  37.421237    29.8975      2.761  255.46970  255.72671    -3.3973     3.6624 -9.990e-29
 147.508122      2.812    15.1859  37.421914    29.8969      2.787  255.47154  255.72855    -3.3895     3.6685 0.0000e+00
 147.508125      2.838    15.1857  37.420314    29.8963      2.812  255.47338  255.73038    -3.3817     3.6624 0.0000e+00
 147.508128      2.869    15.1855  37.418408    29.8953      2.843  255.47725  255.73426    -3.3506     3.6543 0.0000e+00
 147.508131      2.900    15.1846  37.418223    29.8947      2.874  255.48108  255.73803    -3.3506     3.6341 0.0000e+00
 147.508134      2.938    15.1845  37.415578    29.8929      2.912  255.48493  255.74191    -3.3350     3.4683 0.0000e+00
 147.508137      2.973    15.1844  37.410903    29.8929      2.946  255.49312  255.75011    -3.3506     3.4683 0.0000e+00
 147.508139      3.008    15.1821  37.415579    29.8948      2.981  255.49466  255.75149    -3.3195     3.4885 0.0000e+00
 147.508142      3.037    15.1821  37.416379    29.8960      3.009  255.49466  255.75149    -3.3506     3.4885 0.0000e+00
 147.508145      3.071    15.1818  37.422592    29.8985      3.044  255.48977  255.74656    -3.3662     3.4420 0.0000e+00
 147.508148      3.100    15.1821  37.423514    29.9009      3.073  255.48347  255.74026    -3.4129     3.3955 -9.990e-29
 147.508151      3.121    15.1872  37.425606    29.8997      3.093  255.45944  255.71650    -3.3817     3.4036 -9.990e-29
 147.508154      3.142    15.1886  37.423022    29.8963      3.114  255.45820  255.71535    -3.3195     3.3794 -9.990e-29
 147.508157      3.157    15.1886  37.422161    29.8956      3.129  255.45984  255.71700    -3.3195     3.4400 -9.990e-29
 147.508160      3.175    15.1883  37.423453    29.8970      3.147  255.45901  255.71614    -3.5841     3.4764 -9.990e-29
 147.508163      3.203    15.1884  37.423514    29.8969      3.174  255.45835  255.71548    -3.5374     3.4805 -9.990e-29
 147.508166      3.226    15.1897  37.423268    29.9045      3.198  255.43835  255.69549    -3.5529     3.4845 -9.990e-29
 147.508168      3.259    15.1914  37.433174    29.9010      3.230  255.43584  255.69309    -3.4518     3.5472 0.0000e+00
 147.508171      3.296    15.1931  37.428313    29.8976      3.266  255.43332  255.69069    -3.3506     3.6099 0.0000e+00
 147.508174      3.330    15.1955  37.426036    29.8962      3.300  255.42750  255.68502    -3.3506     3.6179 0.0000e+00
 147.508177      3.372    15.1955  37.428928    29.8962      3.342  255.42558  255.68305    -3.3195     3.6179 0.0000e+00
 147.508180      3.411    15.1949  37.428805    29.8962      3.380  255.42558  255.68305    -3.3195     3.6179 0.0000e+00
 147.508183      3.447    15.1946  37.426775    29.8959      3.416  255.42820  255.68566    -3.1794     3.9920 0.0000e+00
 147.508186      3.482    15.1944  37.426714    29.8952      3.450  255.43082  255.68827    -3.0393     4.3781 -9.990e-29
 147.508189      3.507    15.1933  37.427821    29.8969      3.476  255.43334  255.69072    -3.1483     4.3579 -9.990e-29
 147.508192      3.529    15.1929  37.424192    29.8940      3.497  255.44047  255.69786    -3.1171     4.3741 -9.990e-29
 147.508194      3.547    15.1924  37.426099    29.8961      3.516  255.43957  255.69691    -2.8837     4.3134 -9.990e-29
 147.508197      3.567    15.1922  37.426530    29.8966      3.536  255.43949  255.69683    -3.0549     4.3296 -9.990e-29
 147.508200      3.584    15.1924  37.423269    29.8936      3.552  255.44399  255.70136    -2.9148     4.3256 -9.990e-29
 147.508203      3.607    15.1856  37.415272    29.8838      3.575  255.49563  255.75272    -2.9771     4.3337 -9.990e-29
 147.508206      3.635    15.1805  37.406538    29.8869      3.602  255.51664  255.77345    -3.0316     4.1295 0.0000e+00
 147.508209      3.662    15.1753  37.404633    29.8900      3.629  255.53765  255.79418    -3.0082     3.9253 0.0000e+00
 147.508212      3.693    15.1673  37.405864    29.8972      3.660  255.56628  255.82234    -3.0860     3.9253 0.0000e+00
 147.508215      3.722    15.1632  37.403527    29.8982      3.689  255.57972  255.83548    -3.0860     3.9333 0.0000e+00
 147.508218      3.757    15.1632  37.409310    29.8982      3.723  255.58310  255.83897    -3.0860     3.9333 0.0000e+00
 147.508220      3.792    15.1629  37.403774    29.9009      3.758  255.58241  255.83822    -2.9459     4.6086 0.0000e+00
 147.508223      3.826    15.1629  37.406296    29.9009      3.792  255.58310  255.83897    -2.8992     4.6167 0.0000e+00
 147.508226      3.857    15.1623  37.407465    29.9019      3.823  255.58371  255.83948    -2.8681     4.6329 0.0000e+00
 147.508229      3.890    15.1617  37.408818    29.9028      3.855  255.58501  255.84074    -2.7903     4.6491 -9.990e-29
 147.508232      3.914    15.1653  37.410786    29.9026      3.879  255.56666  255.82258    -2.5880     5.1222 -9.990e-29
 147.508235      3.941    15.1663  37.410417    29.8995      3.906  255.56718  255.82317    -2.6346     5.1081 0.0000e+00
 147.508238      3.970    15.1653  37.405066    29.8964      3.935  255.56769  255.82376    -2.6813     5.1141 0.0000e+00
 147.508241      4.000    15.1649  37.399653    29.8964      3.964  255.58495  255.84093    -2.6813     5.0939 0.0000e+00
 147.508244      4.032    15.1599  37.403344    29.9004      3.996  255.59829  255.85395    -2.5101     4.7097 0.0000e+00
 147.508247      4.062    15.1575  37.401930    29.9004      4.025  255.60962  255.86515    -2.4790     4.6814 0.0000e+00
 147.508249      4.096    15.1572  37.398978    29.9000      4.060  255.61325  255.86878    -2.4790     4.6915 0.0000e+00
 147.508252      4.127    15.1568  37.391475    29.8989      4.090  255.61688  255.87240    -2.4479     4.6733 -9.990e-29
 147.508255      4.151    15.1436  37.387725    29.8914      4.114  255.69793  255.95284    -2.9148     5.4295 -9.990e-29
 147.508258      4.184    15.1393  37.379240    29.8907      4.147  255.72120  255.97589    -2.8993     5.4214 0.0000e+00
 147.508261      4.211    15.1393  37.370325    29.8907      4.174  255.72120  255.97589    -2.8993     5.4214 0.0000e+00
 147.508264      4.237    15.1350  37.377705    29.8900      4.199  255.74446  255.99893    -2.8837     5.4133 -9.990e-29
 147.508267      4.261    15.1213  37.372848    29.9027      4.222  255.79250  256.04618    -2.9459     5.4416 -9.990e-29
 147.508270      4.277    15.1186  37.375554    29.9071      4.239  255.79855  256.05205    -2.2144     5.5589 -9.990e-29
 147.508273      4.301    15.1173  37.374201    29.9069      4.262  255.80567  256.05911    -2.1677     5.4861 -9.990e-29
 147.508275      4.323    15.1130  37.362827    29.9015      4.284  255.83751  256.09077    -2.1677     5.4861 -9.990e-29
 147.508278      4.352    15.1109  37.364364    29.9018      4.313  255.84766  256.10081    -2.2533     5.8197 0.0000e+00
 147.508281      4.387    15.1088  37.361537    29.9021      4.347  255.85780  256.11085    -2.3389     6.1533 0.0000e+00
 147.508284      4.419    15.1050  37.359755    29.9034      4.380  255.87437  256.12706    -2.4167     6.1533 0.0000e+00
 147.508287      4.450    15.1034  37.365042    29.9068      4.411  255.87499  256.12783    -2.4167     6.1533 0.0000e+00
 147.508290      4.487    15.1030  37.362214    29.9096      4.447  255.87441  256.12710    -2.4167     6.1533 0.0000e+00
 147.508293      4.516    15.1032  37.365042    29.9096      4.476  255.87441  256.12710    -2.6191     6.4161 0.0000e+00
 147.508296      4.547    15.1030  37.365657    29.9096      4.506  255.87441  256.12710    -2.6191     6.4283 0.0000e+00
 147.508299      4.576    15.1031  37.361600    29.9083      4.535  255.87651  256.12921    -2.6580     6.4222 0.0000e+00
 147.508302      4.607    15.1029  37.366334    29.9067      4.566  255.88042  256.13312    -2.6969     6.4283 -9.990e-29
 147.508304      4.631    15.1025  37.365719    29.9106      4.589  255.87548  256.12813    -2.7436     6.4242 -9.990e-29
 147.508307      4.653    15.1050  37.368117    29.9103      4.611  255.86294  256.11572    -2.4323     6.7962 -9.990e-29
 147.508310      4.680    15.1054  37.367564    29.9078      4.638  255.86532  256.11815    -2.3779     6.8023 0.0000e+00
 147.508313      4.706    15.1050  37.362645    29.9053      4.664  255.86771  256.12058    -2.4323     6.7962 0.0000e+00
 147.508316      4.738    15.1044  37.358158    29.9044      4.696  255.87666  256.12946    -2.3779     6.8003 0.0000e+00
 147.508319      4.769    15.1029  37.360925    29.9035      4.727  255.88561  256.13834    -2.4323     6.7922 -9.990e-29
 147.508322      4.775    15.0961  37.357175    29.9078      4.732  255.91329  256.16564    -2.9615     6.5900 -9.990e-29
 147.508325      4.777    15.0944  37.357483    29.9094      4.734  255.91927  256.17152    -2.9615     6.6143 -9.990e-29
 147.508328      4.777    15.0929  37.357360    29.9104      4.734  255.92504  256.17720    -3.0704     6.6062 -9.990e-29
 147.508330      4.778    15.0924  37.357237    29.9107      4.736  255.92699  256.17913    -2.6191     6.4283 -9.990e-29
 147.508333      4.773    15.0930  37.361971    29.9145      4.730  255.91752  256.16966    -2.7125     6.4121 -9.990e-29
