seaocn-cb/data/ctd_cnv/SBE19plus_01907321_2024_05_21_Cast06.cnv
* Sea-Bird SBE19plus  Data File:
* FileName = E:\Prandtl_Daten\2024\CTD\raw\SBE19plus_01907321_2024_05_21_Cast06.hex
* Software version 2.6.1.12
* Temperature SN = 7321
* Conductivity SN = 7321
* System UpLoad Time = May 21 2024 14:21:20
* <ApplicationData>
* <Seaterm232>
** 20240521
** Sea Practical 2024
** MCat 21.05 CTD_SP1
** NMEA Latitude = 54 07.836N
** NMEA Longitude = 008 45.37E
** waterdepth = 13.0m
** Merle
# nquan = 11
# nvalues = 419                         
# units = specified
# name 0 = timeJ: Julian Days
# name 1 = prdM: Pressure, Strain Gauge [db]
# name 2 = tv290C: Temperature [ITS-90, deg C]
# name 3 = c0mS/cm: Conductivity [mS/cm]
# name 4 = sal00: Salinity, Practical [PSU]
# name 5 = depSM: Depth [salt water, m], lat = 54.00
# name 6 = oxsatMm/Kg: Oxygen Saturation, Weiss [umol/kg]
# name 7 = oxsolMm/Kg: Oxygen Saturation, Garcia & Gordon [umol/kg]
# name 8 = turbWETntu0: Turbidity, WET Labs ECO [NTU]
# name 9 = flECO-AFL: Fluorescence, WET Labs ECO-AFL/FL [mg/m^3]
# name 10 = flag:  0.000e+00
# span 0 = 142.588235, 142.589444       
# span 1 =      0.802,     11.628       
# span 2 =    17.8401,    18.1831       
# span 3 =  35.346887,  35.560755       
# span 4 =    26.2132,    26.2712       
# span 5 =      0.795,     11.524       
# span 6 =  246.97621,  248.53709       
# span 7 =  247.38650,  248.93445       
# span 8 =    -1.9810,    78.8128       
# span 9 =     3.1570,     8.6280       
# span 10 = 0.0000e+00, 0.0000e+00      
# interval = seconds: 0.25
# start_time = May 21 2024 14:04:57 [Instrument's time stamp, header]
# bad_flag = -9.990e-29
*END*
[from data line 132]
 142.588617      4.360    18.0198  35.445021    26.2327      4.321  247.73075  248.13499     8.2681     5.2556 0.0000e+00
 142.588620      4.392    18.0178  35.445202    26.2310      4.353  247.74273  248.14690     8.2603     5.2758 -9.990e-29
 142.588623      4.414    18.0080  35.444781    26.2370      4.375  247.77939  248.18317     8.3226     5.2354 -9.990e-29
 142.588626      4.440    18.0047  35.442615    26.2374      4.400  247.79469  248.19833     1.9568     4.5844 -9.990e-29
 142.588628      4.462    18.0010  35.437680    26.2357      4.422  247.81535  248.21887     1.8167     4.5601 -9.990e-29
 142.588631      4.480    17.9969  35.439607    26.2399      4.440  247.82787  248.23122     1.7856     4.5520 -9.990e-29
 142.588634      4.498    17.9938  35.438764    26.2412      4.458  247.84040  248.24363     1.8323     4.5561 -9.990e-29
 142.588637      4.522    17.9986  35.447131    26.2467      4.481  247.80831  248.21168     2.6261     4.4469 -9.990e-29
 142.588640      4.549    18.0020  35.449297    26.2453      4.508  247.79466  248.19816     2.6338     4.4429 0.0000e+00
 142.588643      4.584    18.0053  35.451042    26.2439      4.543  247.78100  248.18464     2.6261     4.4388 0.0000e+00
 142.588646      4.617    18.0094  35.452727    26.2427      4.575  247.76356  248.16735     2.6261     4.4348 0.0000e+00
 142.588649      4.653    18.0128  35.455556    26.2426      4.612  247.74707  248.15099     2.5638     4.4348 0.0000e+00
 142.588652      4.688    18.0160  35.454051    26.2394      4.646  247.73715  248.14121     2.6105     4.6046 0.0000e+00
 142.588655      4.717    18.0184  35.454472    26.2384      4.675  247.72775  248.13190     2.6105     4.6369 0.0000e+00
 142.588657      4.748    18.0192  35.455977    26.2383      4.706  247.72373  248.12791     2.6572     4.6389 0.0000e+00
 142.588660      4.774    18.0200  35.457904    26.2384      4.731  247.71971  248.12392     2.7039     4.6369 -9.990e-29
 142.588663      4.794    18.0224  35.457904    26.2385      4.751  247.70825  248.11255     3.6222     4.6289 -9.990e-29
 142.588666      4.804    18.0243  35.460071    26.2390      4.762  247.69834  248.10271     3.6066     4.6289 -9.990e-29
 142.588669      4.819    18.0271  35.458324    26.2358      4.776  247.69032  248.09481     3.5288     4.6167 -9.990e-29
 142.588672      4.839    18.0299  35.461575    26.2367      4.796  247.67546  248.08005     3.4976     4.6369 -9.990e-29
 142.588675      4.865    18.0324  35.465247    26.2381      4.821  247.66130  248.06597     2.8906     4.4833 -9.990e-29
 142.588678      4.890    18.0353  35.466511    26.2353      4.847  247.65207  248.05687     2.8440     4.4914 -9.990e-29
 142.588681      4.927    18.0357  35.464163    26.2341      4.883  247.65258  248.05741     2.8362     4.4752 0.0000e+00
 142.588683      4.960    18.0360  35.461575    26.2353      4.915  247.65207  248.05687     2.8284     4.4833 0.0000e+00
 142.588686      4.996    18.0366  35.465910    26.2345      4.951  247.64498  248.04982     2.7661     4.4590 0.0000e+00
 142.588689      5.027    18.0376  35.465006    26.2352      4.982  247.64244  248.04733     2.0346     4.3175 0.0000e+00
 142.588692      5.058    18.0383  35.466933    26.2349      5.013  247.63860  248.04352     2.0269     4.3134 0.0000e+00
 142.588695      5.089    18.0390  35.469341    26.2352      5.044  247.63477  248.03970     2.0346     4.3094 -9.990e-29
 142.588698      5.109    18.0426  35.473194    26.2380      5.064  247.61297  248.01802     2.1124     4.3498 -9.990e-29
 142.588701      5.129    18.0458  35.477108    26.2392      5.083  247.59564  248.00079     2.2525     4.7380 -9.990e-29
 142.588704      5.142    18.0503  35.475542    26.2350      5.096  247.58137  247.98671     2.3926     4.7340 -9.990e-29
 142.588707      5.160    18.0542  35.477528    26.2341      5.114  247.56414  247.96963     2.3303     4.7987 -9.990e-29
 142.588709      5.177    18.0589  35.479636    26.2318      5.130  247.54564  247.95132     3.8089     4.6774 -9.990e-29
 142.588712      5.209    18.0591  35.478371    26.2315      5.163  247.54503  247.95071     3.8167     4.6774 0.0000e+00
 142.588715      5.240    18.0590  35.478130    26.2313      5.194  247.54564  247.95132     3.8089     4.6774 0.0000e+00
 142.588718      5.275    18.0590  35.477287    26.2309      5.228  247.54684  247.95252     3.7778     4.6774 0.0000e+00
 142.588721      5.312    18.0574  35.474939    26.2299      5.264  247.55575  247.96138     3.7778     4.6976 0.0000e+00
 142.588724      5.346    18.0550  35.471688    26.2289      5.298  247.56905  247.97460     5.2564     5.1667 0.0000e+00
 142.588727      5.375    18.0532  35.469100    26.2289      5.327  247.57745  247.98294     5.3264     5.1788 0.0000e+00
 142.588730      5.401    18.0514  35.467174    26.2289      5.353  247.58586  247.99128     5.2564     5.1667 -9.990e-29
 142.588733      5.425    18.0445  35.467837    26.2323      5.376  247.61319  248.01834     5.2564     5.1707 -9.990e-29
 142.588736      5.445    18.0422  35.463201    26.2300      5.396  247.62806  248.03314     5.2564     5.1707 -9.990e-29
 142.588738      5.461    18.0392  35.464586    26.2330      5.412  247.63723  248.04218     7.2331     4.8108 -9.990e-29
 142.588741      5.481    18.0367  35.461155    26.2318      5.432  247.65140  248.05626     7.3109     4.7744 -9.990e-29
 142.588744      5.496    18.0339  35.462239    26.2345      5.447  247.66035  248.06509     7.3731     4.7906 -9.990e-29
 142.588747      5.520    18.0305  35.460313    26.2351      5.470  247.67564  248.08025     6.5949     5.6923 -9.990e-29
 142.588750      5.549    18.0302  35.460313    26.2357      5.499  247.67589  248.08049     6.5327     5.6903 0.0000e+00
 142.588753      5.580    18.0301  35.461337    26.2354      5.530  247.67614  248.08073     6.4860     5.6923 0.0000e+00
 142.588756      5.613    18.0299  35.460494    26.2354      5.562  247.67668  248.08128     6.4860     5.7045 0.0000e+00
 142.588759      5.644    18.0299  35.459832    26.2351      5.593  247.67855  248.08314     6.4860     5.7045 0.0000e+00
 142.588762      5.673    18.0290  35.454234    26.2322      5.622  247.68938  248.09396     6.0969     5.1060 0.0000e+00
 142.588764      5.704    18.0280  35.454234    26.2316      5.653  247.69302  248.09756     6.0736     5.1060 0.0000e+00
 142.588767      5.729    18.0270  35.457906    26.2322      5.678  247.69666  248.10116     6.0969     5.1060 -9.990e-29
 142.588770      5.753    18.0235  35.454716    26.2349      5.702  247.70928  248.11364     6.0191     5.1060 -9.990e-29
 142.588773      5.782    18.0222  35.453151    26.2344      5.730  247.71617  248.12048     7.0774     4.8027 -9.990e-29
 142.588776      5.806    18.0211  35.454476    26.2362      5.754  247.71848  248.12274     6.9685     4.8189 -9.990e-29
 142.588779      5.828    18.0198  35.455740    26.2381      5.776  247.72149  248.12570     7.0619     4.8189 -9.990e-29
 142.588782      5.850    18.0192  35.453633    26.2367      5.797  247.72660  248.13078     7.0930     4.7663 -9.990e-29
 142.588785      5.873    18.0178  35.453152    26.2376      5.821  247.73167  248.13580     7.7467     5.0049 -9.990e-29
 142.588788      5.899    18.0178  35.453634    26.2387      5.846  247.72991  248.13403     7.7778     4.9928 0.0000e+00
 142.588791      5.924    18.0178  35.456222    26.2376      5.871  247.73167  248.13580     7.7467     4.9806 0.0000e+00
 142.588793      5.954    18.0182  35.449962    26.2389      5.900  247.72814  248.13226     7.7778     4.9806 0.0000e+00
 142.588796      5.983    18.0185  35.455741    26.2343      5.929  247.73502  248.13922     7.7778     4.9847 0.0000e+00
 142.588799      6.012    18.0185  35.448457    26.2364      5.958  247.73323  248.13738     8.9918     5.2314 0.0000e+00
 142.588802      6.039    18.0179  35.452310    26.2333      5.985  247.73502  248.13922     9.0229     5.2354 0.0000e+00
 142.588805      6.074    18.0156  35.446712    26.2337      6.020  247.74944  248.15351     8.9918     5.2354 0.0000e+00
 142.588808      6.103    18.0121  35.444546    26.2337      6.049  247.76537  248.16931     8.9296     5.2354 0.0000e+00
 142.588811      6.130    18.0101  35.441356    26.2337      6.076  247.77498  248.17885     8.6961     5.1727 0.0000e+00
 142.588814      6.163    18.0081  35.442019    26.2337      6.108  247.78459  248.18838     8.4626     5.1060 -9.990e-29
 142.588817      6.183    18.0001  35.439853    26.2375      6.128  247.81635  248.21983     8.5249     5.1384 -9.990e-29
 142.588819      6.205    17.9974  35.439432    26.2389      6.150  247.82704  248.23041     8.4938     5.1100 -9.990e-29
 142.588822      6.222    17.9948  35.435941    26.2377      6.166  247.84131  248.24459     6.5638     5.0453 -9.990e-29
 142.588825      6.242    17.9930  35.441539    26.2434      6.186  247.84027  248.24346     6.5171     5.0453 -9.990e-29
 142.588828      6.264    17.9940  35.444127    26.2449      6.208  247.83326  248.23647     6.5949     5.0494 -9.990e-29
 142.588831      6.295    17.9971  35.446294    26.2447      6.238  247.81863  248.22196     6.6261     5.0737 -9.990e-29
 142.588834      6.318    18.0038  35.448882    26.2424      6.262  247.79082  248.19440     6.2836     5.6236 -9.990e-29
 142.588837      6.351    18.0048  35.448641    26.2418      6.294  247.78720  248.19082     6.2914     5.6296 0.0000e+00
 142.588840      6.384    18.0057  35.448641    26.2418      6.327  247.78357  248.18724     6.2836     5.6236 0.0000e+00
 142.588843      6.417    18.0069  35.450386    26.2411      6.359  247.77897  248.18272     6.2992     5.6357 0.0000e+00
 142.588845      6.448    18.0072  35.446955    26.2402      6.390  247.77787  248.18160     6.2914     5.6377 0.0000e+00
 142.588848      6.479    18.0076  35.446534    26.2385      6.421  247.77897  248.18272     6.2992     5.6559 -9.990e-29
 142.588851      6.503    18.0078  35.449544    26.2405      6.445  247.77481  248.17856     5.1008     4.8351 -9.990e-29
 142.588854      6.528    18.0073  35.449122    26.2404      6.470  247.77698  248.18071     5.0385     4.8796 -9.990e-29
 142.588857      6.546    18.0068  35.447136    26.2391      6.488  247.78161  248.18532     4.9918     4.8472 -9.990e-29
 142.588860      6.566    18.0065  35.445872    26.2383      6.508  247.78461  248.18832     8.5249     5.0413 -9.990e-29
 142.588863      6.585    18.0073  35.448220    26.2414      6.526  247.77569  248.17941     8.5716     5.0656 -9.990e-29
 142.588866      6.612    18.0075  35.450327    26.2398      6.553  247.77738  248.18111     8.5327     5.0575 0.0000e+00
 142.588869      6.638    18.0074  35.446715    26.2392      6.578  247.77854  248.18228     8.5716     5.0656 0.0000e+00
 142.588872      6.663    18.0074  35.447799    26.2382      6.604  247.77907  248.18282     9.2253     5.1181 0.0000e+00
 142.588874      6.700    18.0073  35.445030    26.2392      6.640  247.77854  248.18228     9.2564     5.1303 0.0000e+00
 142.588877      6.734    18.0069  35.450146    26.2404      6.674  247.78147  248.18517     9.2564     5.1303 0.0000e+00
 142.588880      6.760    18.0067  35.448461    26.2409      6.699  247.77937  248.18307     9.2564     5.1222 0.0000e+00
 142.588883      6.789    18.0064  35.445211    26.2404      6.728  247.78147  248.18517     9.2564     5.1141 -9.990e-29
 142.588886      6.809    18.0052  35.447137    26.2401      6.748  247.78773  248.19138    15.1708     5.6883 -9.990e-29
 142.588889      6.835    18.0043  35.443947    26.2380      6.774  247.79558  248.19921    15.1708     5.7045 -9.990e-29
 142.588892      6.858    18.0016  35.439433    26.2360      6.797  247.81157  248.21511    15.0463     5.6923 -9.990e-29
 142.588895      6.877    17.9977  35.438110    26.2374      6.815  247.82791  248.23130    15.0463     5.6842 -9.990e-29
 142.588898      6.900    17.9900  35.434018    26.2346      6.839  247.86930  248.27242    13.3965     5.4538 -9.990e-29
 142.588900      6.926    17.9872  35.428662    26.2363      6.864  247.88005  248.28305    13.3264     5.4376 0.0000e+00
 142.588903      6.952    17.9843  35.428422    26.2380      6.889  247.89080  248.29369    13.3809     5.4538 0.0000e+00
 142.588906      6.979    17.9792  35.426918    26.2401      6.917  247.91181  248.31450    13.3809     5.4659 0.0000e+00
 142.588909      7.010    17.9760  35.429326    26.2413      6.947  247.92052  248.32307    14.8906     5.6883 0.0000e+00
 142.588912      7.039    17.9737  35.424151    26.2413      6.976  247.93616  248.33864    14.9062     5.6883 0.0000e+00
 142.588915      7.068    17.9706  35.421564    26.2413      7.005  247.95109  248.35345    14.9218     5.6964 0.0000e+00
 142.588918      7.094    17.9689  35.421805    26.2424      7.030  247.95756  248.35985    14.9217     5.6883 0.0000e+00
 142.588921      7.121    17.9671  35.417293    26.2436      7.058  247.96403  248.36625    14.9373     5.6964 -9.990e-29
 142.588924      7.145    17.9612  35.414886    26.2417      7.081  247.99533  248.39735    17.1008     5.6155 -9.990e-29
 142.588927      7.169    17.9579  35.414465    26.2435      7.104  248.00824  248.41011    17.1786     5.6357 -9.990e-29
 142.588929      7.200    17.9544  35.414887    26.2460      7.135  248.02062  248.42235    17.0541     5.6438 -9.990e-29
 142.588932      7.222    17.9517  35.416632    26.2491      7.157  248.02802  248.42963    17.0229     5.6236 -9.990e-29
 142.588935      7.247    17.9510  35.415128    26.2484      7.182  248.03293  248.43453    13.3654     5.8217 -9.990e-29
 142.588938      7.267    17.9522  35.415128    26.2476      7.202  248.02821  248.42986    13.3809     5.8136 -9.990e-29
 142.588941      7.293    17.9520  35.412120    26.2452      7.227  248.03330  248.43495    13.3342     5.8217 -9.990e-29
 142.588944      7.316    17.9494  35.414467    26.2503      7.251  248.03749  248.43901    10.7194     5.5751 -9.990e-29
 142.588947      7.342    17.9501  35.416212    26.2509      7.276  248.03319  248.43474    10.7817     5.5690 0.0000e+00
 142.588950      7.371    17.9507  35.418799    26.2508      7.305  248.02890  248.43047    10.7350     5.5629 0.0000e+00
 142.588953      7.398    17.9529  35.419642    26.2508      7.332  248.01955  248.42120    10.7350     5.5629 0.0000e+00
 142.588955      7.431    17.9545  35.418318    26.2487      7.365  248.01538  248.41711    10.7194     5.5468 0.0000e+00
 142.588958      7.461    17.9556  35.419220    26.2487      7.394  248.01037  248.41214     9.0541     5.1626 0.0000e+00
 142.588961      7.495    17.9561  35.418799    26.2481      7.428  248.00907  248.41086     8.9762     5.1384 0.0000e+00
 142.588964      7.523    17.9566  35.418318    26.2476      7.455  248.00752  248.40933     8.9762     5.1505 0.0000e+00
 142.588967      7.553    17.9571  35.419160    26.2470      7.486  248.00596  248.40779     8.9762     5.1384 -9.990e-29
 142.588970      7.575    17.9592  35.418799    26.2460      7.508  247.99743  248.39935    12.2603     5.7045 -9.990e-29
 142.588973      7.592    17.9606  35.424335    26.2497      7.524  247.98479  248.38673    12.2914     5.7085 -9.990e-29
 142.588976      7.608    17.9614  35.422229    26.2474      7.540  247.98453  248.38652    12.2603     5.6883 -9.990e-29
 142.588979      7.625    17.9619  35.419641    26.2450      7.556  247.98651  248.38853    12.2292     5.6964 -9.990e-29
 142.588981      7.643    17.9618  35.421146    26.2463      7.574  247.98477  248.38678    12.2759     5.7045 -9.990e-29
 142.588984      7.666    17.9620  35.420063    26.2449      7.598  247.98592  248.38794    12.0424     6.3555 -9.990e-29
 142.588987      7.698    17.9620  35.419641    26.2460      7.629  247.98403  248.38605    12.0113     6.3616 0.0000e+00
 142.588990      7.732    17.9620  35.422410    26.2460      7.663  247.98592  248.38794    11.9801     6.3555 0.0000e+00
