seaocn-cb/data/ctd_cnv/SBE19plus_01907321_2024_05_26_Cast60.cnv
* Sea-Bird SBE19plus  Data File:
* FileName = E:\Prandtl_Daten\2024\25052024\raw\SBE19plus_01907321_2024_05_26_Cast60.hex
* Software version 2.6.1.12
* Temperature SN = 7321
* Conductivity SN = 7321
* System UpLoad Time = May 26 2024 10:29:54
* <ApplicationData>
* <Seaterm232>
** 20240526
** Sea Practical 2024
** MCat 26.05 CTD_SP1
** NMEA Latitude = 054 07.868N
** NMEA Longitude = 008 46.513E
** waterdepth =14.8m
** Merle
# nquan = 11
# nvalues = 525                         
# units = specified
# name 0 = timeJ: Julian Days
# name 1 = prdM: Pressure, Strain Gauge [db]
# name 2 = tv290C: Temperature [ITS-90, deg C]
# name 3 = c0mS/cm: Conductivity [mS/cm]
# name 4 = sal00: Salinity, Practical [PSU]
# name 5 = depSM: Depth [salt water, m], lat = 54.00
# name 6 = oxsatMm/Kg: Oxygen Saturation, Weiss [umol/kg]
# name 7 = oxsolMm/Kg: Oxygen Saturation, Garcia & Gordon [umol/kg]
# name 8 = turbWETntu0: Turbidity, WET Labs ECO [NTU]
# name 9 = flECO-AFL: Fluorescence, WET Labs ECO-AFL/FL [mg/m^3]
# name 10 = flag:  0.000e+00
# span 0 = 147.433070, 147.434586       
# span 1 =      0.481,     13.736       
# span 2 =    17.9709,    18.5823       
# span 3 =  35.859761,  36.256264       
# span 4 =    26.4794,    26.6071       
# span 5 =      0.476,     13.613       
# span 6 =  244.59401,  247.34302       
# span 7 =  245.01699,  247.74347       
# span 8 =    -3.1171,    54.6105       
# span 9 =     1.3292,     5.8864       
# span 10 = 0.0000e+00, 0.0000e+00      
# interval = seconds: 0.25
# start_time = May 26 2024 10:22:28 [Instrument's time stamp, header]
# bad_flag = -9.990e-29
*END*
 147.433070      0.481    18.4358  36.131849    26.5253      0.476  245.27854  245.69634    -2.8525     1.5152 -9.990e-29
 147.433073      0.495    18.4375  36.152353    26.5408      0.491  245.24477  245.66255    -2.9148     1.5719 -9.990e-29
 147.433076      0.512    18.4609  36.162909    26.5367      0.507  245.14214  245.56077    -3.0082     1.4748 -9.990e-29
 147.433079      0.543    18.4658  36.165759    26.5348      0.538  245.12251  245.54133    -3.0082     1.4829 0.0000e+00
 147.433082      0.587    18.4706  36.168853    26.5330      0.581  245.10288  245.52188    -3.0082     1.4869 0.0000e+00
 147.433084      0.625    18.4768  36.170612    26.5330      0.619  245.07796  245.49719    -2.8837     1.4910 0.0000e+00
 147.433087      0.676    18.4817  36.186511    26.5346      0.670  245.03913  245.45848    -2.8370     1.5072 0.0000e+00
 147.433090      0.732    18.4862  36.186935    26.5374      0.726  245.02223  245.44177    -2.7981     1.5254 0.0000e+00
 147.433093      0.778    18.4908  36.181654    26.5346      0.771  245.00534  245.42505    -2.7592     1.5436 -9.990e-29
 147.433096      0.802    18.5015  36.187845    26.5285      0.795  244.96558  245.38569    -2.8525     1.5719 -9.990e-29
 147.433099      0.805    18.5040  36.188269    26.5272      0.798  244.95591  245.37612    -3.1171     1.5476 -9.990e-29
 147.433102      0.807    18.5067  36.195734    26.5316      0.800  244.93621  245.35649    -3.0393     1.5597 -9.990e-29
 147.433105      0.811    18.5088  36.194581    26.5293      0.804  244.93022  245.35059    -2.9615     1.4222 -9.990e-29
 147.433108      0.809    18.5123  36.202836    26.5337      0.802  244.90632  245.32679    -2.9771     1.4222 -9.990e-29
 147.433111      0.826    18.5227  36.206356    26.5350      0.818  244.85604  245.27687    -2.7903     1.4546 -9.990e-29
 147.433113      0.855    18.5256  36.212548    26.5330      0.847  244.84586  245.26680    -2.7981     1.4606 0.0000e+00
 147.433116      0.884    18.5284  36.212304    26.5320      0.876  244.83568  245.25673    -2.8059     1.4546 0.0000e+00
 147.433119      0.911    18.5323  36.216493    26.5320      0.903  244.81598  245.23716    -2.8059     1.4384 0.0000e+00
 147.433122      0.950    18.5369  36.221350    26.5320      0.941  244.79363  245.21514    -2.8525     1.4384 0.0000e+00
 147.433125      0.995    18.5399  36.211878    26.5281      0.986  244.79289  245.21423    -2.8525     1.4506 0.0000e+00
 147.433128      1.034    18.5402  36.217828    26.5281      1.024  244.78665  245.20812    -2.8837     1.4506 0.0000e+00
 147.433131      1.072    18.5406  36.219832    26.5281      1.062  244.78665  245.20812    -2.8837     1.4546 0.0000e+00
 147.433134      1.105    18.5412  36.202833    26.5220      1.095  244.79064  245.21218    -2.8837     1.4385 0.0000e+00
 147.433137      1.134    18.5418  36.197128    26.5147      1.124  244.79980  245.22140    -2.8837     1.4627 -9.990e-29
 147.433139      1.152    18.5270  36.192456    26.5158      1.142  244.86734  245.28841    -2.9615     1.3535 -9.990e-29
 147.433142      1.169    18.5202  36.191121    26.5191      1.158  244.89391  245.31473    -2.8681     1.3697 -9.990e-29
 147.433145      1.185    18.5173  36.196888    26.5256      1.174  244.89657  245.31726    -2.8992     1.3778 -9.990e-29
 147.433148      1.192    18.5187  36.205447    26.5316      1.182  244.88012  245.30082    -2.9771     1.3292 -9.990e-29
 147.433151      1.201    18.5241  36.229063    26.5474      1.191  244.82912  245.24993    -2.8681     1.3656 -9.990e-29
 147.433154      1.218    18.5544  36.243940    26.5480      1.207  244.68663  245.10851    -2.9926     1.3616 -9.990e-29
 147.433157      1.243    18.5612  36.253837    26.5414      1.232  244.66587  245.08801    -3.0004     1.3636 0.0000e+00
 147.433160      1.276    18.5679  36.248309    26.5348      1.265  244.64510  245.06752    -2.9926     1.3656 0.0000e+00
 147.433163      1.309    18.5743  36.239927    26.5287      1.297  244.63338  245.05608    -2.9459     1.3939 0.0000e+00
 147.433166      1.353    18.5744  36.245879    26.5287      1.341  244.62484  245.04752    -2.9148     1.4384 0.0000e+00
 147.433168      1.395    18.5767  36.249219    26.5296      1.382  244.61226  245.03501    -2.9459     1.4384 0.0000e+00
 147.433171      1.431    18.5777  36.250434    26.5298      1.418  244.60785  245.03064    -2.9303     1.4343 0.0000e+00
 147.433174      1.464    18.5787  36.256264    26.5296      1.451  244.60344  245.02626    -2.9615     1.4303 -9.990e-29
 147.433177      1.486    18.5823  36.247640    26.5250      1.473  244.59401  245.01699    -2.8992     1.5274 -9.990e-29
 147.433180      1.502    18.5812  36.243692    26.5225      1.489  244.60336  245.02631    -2.9304     1.5678 -9.990e-29
 147.433183      1.519    18.5764  36.223594    26.5092      1.505  244.64741  245.07026    -2.8681     1.5799 -9.990e-29
 147.433186      1.531    18.5663  36.222259    26.5147      1.518  244.68591  245.10837    -2.9459     1.5719 -9.990e-29
 147.433189      1.546    18.5558  36.209996    26.5114      1.532  244.73992  245.16204    -2.3545     1.7134 -9.990e-29
 147.433192      1.566    18.5446  36.188935    26.5015      1.552  244.80852  245.23029    -2.3078     1.7376 -9.990e-29
 147.433194      1.581    18.5073  36.169092    26.4794      1.567  245.01924  245.43981    -2.3701     1.7013 -9.990e-29
 147.433197      1.608    18.4921  36.132269    26.4834      1.594  245.08389  245.50390    -2.2767     1.7458 0.0000e+00
 147.433200      1.639    18.4769  36.118020    26.4873      1.624  245.14854  245.56799    -2.3701     1.7902 0.0000e+00
 147.433203      1.674    18.4490  36.096193    26.4874      1.659  245.27890  245.69737    -2.4167     1.8994 0.0000e+00
 147.433206      1.716    18.4241  36.096621    26.5037      1.700  245.36876  245.78626    -2.4946     1.8994 0.0000e+00
 147.433209      1.760    18.4076  36.110084    26.5253      1.744  245.41064  245.82744    -2.4946     1.8994 0.0000e+00
 147.433212      1.798    18.4062  36.114693    26.5281      1.782  245.41258  245.82931    -2.4713     1.9034 0.0000e+00
 147.433215      1.827    18.4048  36.102626    26.5308      1.811  245.41451  245.83118    -2.4479     1.9196 -9.990e-29
 147.433218      1.847    18.4063  36.076435    26.4987      1.831  245.46059  245.87748    -1.9498     1.8185 -9.990e-29
 147.433220      1.867    18.3903  36.061284    26.4966      1.851  245.53904  245.95537    -1.8876     1.8347 -9.990e-29
 147.433223      1.878    18.3710  36.035592    26.4881      1.861  245.64393  246.05961    -1.9498     1.8387 -9.990e-29
 147.433226      1.887    18.3484  36.033535    26.5010      1.870  245.72896  246.14377    -1.3117     1.9681 -9.990e-29
 147.433229      1.896    18.3302  36.028387    26.5085      1.879  245.80213  246.21625    -1.3273     2.0247 -9.990e-29
 147.433232      1.909    18.3194  36.028389    26.5154      1.892  245.84137  246.25506    -1.2183     2.0369 -9.990e-29
 147.433235      1.927    18.3042  36.016758    26.5163      1.910  245.91117  246.32431    -1.3117     1.8549 -9.990e-29
 147.433238      1.953    18.3010  36.017607    26.5176      1.936  245.92441  246.33743    -1.3428     1.8367 0.0000e+00
 147.433241      1.986    18.2977  36.015669    26.5164      1.968  245.93765  246.35054    -1.3273     1.8185 0.0000e+00
 147.433244      2.028    18.2938  36.009491    26.5189      2.010  245.96014  246.37290    -1.3739     1.8185 0.0000e+00
 147.433247      2.073    18.2888  36.009492    26.5196      2.055  245.97836  246.39092    -1.3273     1.8226 0.0000e+00
 147.433249      2.117    18.2855  36.007736    26.5196      2.098  245.99268  246.40512     0.3226     2.0531 0.0000e+00
 147.433252      2.152    18.2839  35.999196    26.5178      2.133  246.00457  246.41697     0.3537     2.0673 0.0000e+00
 147.433255      2.179    18.2822  35.989325    26.5154      2.160  246.01647  246.42882     0.3848     2.0814 -9.990e-29
 147.433258      2.196    18.2665  35.976671    26.5071      2.176  246.10406  246.51589     0.3070     2.0490 -9.990e-29
 147.433261      2.214    18.2525  35.966379    26.5077      2.194  246.16916  246.58047     0.3226     2.0571 -9.990e-29
 147.433264      2.228    18.2376  35.949491    26.5035      2.208  246.24665  246.65744     0.6494     2.3402 -9.990e-29
 147.433267      2.245    18.2189  35.952338    26.5179      2.225  246.31091  246.72095     0.7428     2.3240 -9.990e-29
 147.433270      2.258    18.2048  35.947740    26.5232      2.237  246.36861  246.77811     0.7272     2.3118 -9.990e-29
 147.433273      2.278    18.1954  35.947075    26.5287      2.257  246.40404  246.81316     0.8517     2.3604 -9.990e-29
 147.433275      2.298    18.1837  35.945321    26.5371      2.277  246.44573  246.85438     2.0191     2.3563 -9.990e-29
 147.433278      2.327    18.1840  35.948045    26.5351      2.306  246.44764  246.85631     1.9335     2.3483 0.0000e+00
 147.433281      2.358    18.1837  35.943626    26.5331      2.337  246.44955  246.85824     1.8478     2.3402 0.0000e+00
 147.433284      2.396    18.1818  35.941629    26.5331      2.375  246.46137  246.86998     1.7233     2.3199 0.0000e+00
 147.433287      2.435    18.1786  35.942296    26.5356      2.413  246.46137  246.86998    -0.6424     2.0369 0.0000e+00
 147.433290      2.466    18.1784  35.955431    26.5410      2.444  246.46365  246.87210    -0.7591     2.0207 0.0000e+00
 147.433293      2.497    18.1783  35.958699    26.5465      2.474  246.45521  246.86362    -0.6424     2.0369 -9.990e-29
 147.433296      2.518    18.1935  35.956519    26.5376      2.496  246.39824  246.80725    -0.8292     2.0167 -9.990e-29
 147.433299      2.540    18.1991  35.957366    26.5347      2.518  246.37671  246.78594     2.8595     2.3159 -9.990e-29
 147.433302      2.559    18.2012  35.951010    26.5281      2.536  246.37781  246.78715     2.8128     2.3361 -9.990e-29
 147.433304      2.571    18.1996  35.948649    26.5272      2.548  246.38667  246.79596     2.8906     2.3361 -9.990e-29
 147.433307      2.586    18.1969  35.948044    26.5285      2.563  246.39754  246.80672     2.8906     2.3321 -9.990e-29
 147.433310      2.608    18.1939  35.939208    26.5232      2.585  246.42052  246.82962     2.7506     2.3280 -9.990e-29
 147.433313      2.626    18.1861  35.936182    26.5257      2.603  246.45319  246.86199     3.9801     2.7405 -9.990e-29
 147.433316      2.650    18.1640  35.932008    26.5330      2.626  246.54544  246.95340     4.0891     2.6960 -9.990e-29
 147.433319      2.686    18.1591  35.927652    26.5344      2.662  246.56664  246.97441     4.0736     2.7203 0.0000e+00
 147.433322      2.721    18.1541  35.923235    26.5357      2.697  246.58785  246.99543     4.0580     2.6960 0.0000e+00
 147.433325      2.759    18.1461  35.924568    26.5420      2.735  246.60547  247.01251    -0.3934     1.9964 0.0000e+00
 147.433328      2.796    18.1461  35.941211    26.5579      2.771  246.60547  247.01251    -0.3934     1.9964 0.0000e+00
 147.433330      2.832    18.1463  35.951259    26.5596      2.807  246.58485  246.99202    -0.3779     2.0126 0.0000e+00
 147.433333      2.863    18.1501  35.962396    26.5612      2.838  246.56423  246.97153    -0.3623     2.0288 -9.990e-29
 147.433336      2.881    18.1788  35.965966    26.5547      2.856  246.43954  246.84792    -0.4712     1.9600 -9.990e-29
 147.433339      2.903    18.1909  35.980618    26.5589      2.877  246.37513  246.78394    -0.4401     1.9681 -9.990e-29
 147.433342      2.914    18.2047  35.981888    26.5510      2.888  246.32324  246.73259    -0.5490     1.9520 -9.990e-29
 147.433345      2.925    18.2149  35.978193    26.5414      2.899  246.29093  246.70070    -0.4712     1.9358 -9.990e-29
 147.433348      2.940    18.2221  35.986973    26.5439      2.914  246.25269  246.66271    -0.3156     1.9843 -9.990e-29
 147.433351      2.951    18.2286  35.988728    26.5412      2.924  246.22648  246.63675    -0.5024     1.9762 -9.990e-29
 147.433354      2.971    18.2364  35.992179    26.5384      2.944  246.19410  246.60467    -0.2222     1.9843 -9.990e-29
 147.433356      2.998    18.2373  35.991574    26.5389      2.972  246.18953  246.60013    -0.3000     1.9843 0.0000e+00
 147.433359      3.035    18.2381  35.993935    26.5384      3.008  246.18496  246.59559    -0.3778     1.9843 0.0000e+00
 147.433362      3.075    18.2403  35.990241    26.5358      3.047  246.18183  246.59256    -0.6736     1.9803 0.0000e+00
 147.433365      3.117    18.2426  35.993330    26.5358      3.089  246.16920  246.58000    -0.6736     1.9520 0.0000e+00
 147.433368      3.159    18.2446  35.995267    26.5358      3.131  246.15938  246.57025    -0.7202     1.9803 0.0000e+00
 147.433371      3.186    18.2456  35.995934    26.5358      3.158  246.15533  246.56624    -0.7358     1.9722 0.0000e+00
 147.433374      3.214    18.2466  36.000294    26.5354      3.185  246.15127  246.56223    -0.7202     2.0045 -9.990e-29
 147.433377      3.236    18.2531  36.005139    26.5387      3.207  246.11500  246.52617    -0.8915     1.7740 -9.990e-29
 147.433380      3.252    18.2574  36.007985    26.5382      3.223  246.09547  246.50680    -1.0627     1.7660 -9.990e-29
 147.433383      3.263    18.2623  36.010408    26.5371      3.234  246.07432  246.48583    -0.9070     1.7538 -9.990e-29
 147.433385      3.267    18.2678  36.012830    26.5355      3.237  246.05097  246.46269    -0.6736     1.9762 -9.990e-29
 147.433388      3.287    18.2720  36.011739    26.5319      3.257  246.03708  246.44897    -0.6113     1.9924 -9.990e-29
 147.433391      3.305    18.2769  36.011921    26.5314      3.275  246.01480  246.42687    -0.5335     1.9398 -9.990e-29
 147.433394      3.332    18.2778  36.015010    26.5286      3.303  246.01508  246.42719     0.7661     2.0227 0.0000e+00
 147.433397      3.371    18.2787  36.009740    26.5259      3.340  246.01480  246.42687     2.0191     2.1056 0.0000e+00
 147.433400      3.414    18.2787  36.009498    26.5254      3.384  246.01535  246.42752     2.0191     2.1056 0.0000e+00
 147.433403      3.456    18.2764  35.999625    26.5239      3.425  246.03754  246.44965     2.0191     2.1056 0.0000e+00
 147.433406      3.493    18.2737  36.001201    26.5215      3.462  246.04637  246.45837     2.0424     2.0935 0.0000e+00
 147.433409      3.527    18.2710  35.978189    26.5239      3.496  246.05519  246.46709     2.0657     2.1056 -9.990e-29
 147.433411      3.549    18.2471  35.982309    26.5238      3.518  246.16801  246.57904     2.8128     2.4534 -9.990e-29
 147.433414      3.569    18.2368  35.988487    26.5355      3.537  246.19730  246.60790     2.8906     2.4695 -9.990e-29
 147.433417      3.580    18.2357  35.983461    26.5321      3.548  246.20819  246.61876     2.6883     2.4695 -9.990e-29
 147.433420      3.593    18.2346  35.979707    26.5297      3.561  246.21705  246.62759     2.9685     2.5019 -9.990e-29
 147.433423      3.602    18.2302  35.970988    26.5255      3.570  246.24517  246.65558     3.2642     2.3038 -9.990e-29
 147.433426      3.611    18.2206  35.964814    26.5266      3.579  246.28869  246.69874     3.4198     2.3644 -9.990e-29
 147.433429      3.624    18.1957  35.956279    26.5248      3.592  246.40933  246.81849     3.2642     2.3482 -9.990e-29
 147.433432      3.653    18.1886  35.942964    26.5261      3.621  246.44041  246.84930     4.3304     2.5847 0.0000e+00
 147.433435      3.688    18.1816  35.935097    26.5274      3.655  246.47149  246.88011     5.3965     2.8213 0.0000e+00
 147.433438      3.726    18.1666  35.928623    26.5318      3.693  246.53521  246.94326     5.5054     2.8577 0.0000e+00
 147.433440      3.768    18.1515  35.928080    26.5382      3.735  246.59118  246.99863     5.6144     2.8780 0.0000e+00
 147.433443      3.810    18.1407  35.916040    26.5411      3.776  246.64710  247.05417     5.6144     2.8780 0.0000e+00
 147.433446      3.846    18.1350  35.911442    26.5400      3.812  246.67126  247.07810     5.9257     2.6738 0.0000e+00
