seaocn-cb/data/ctd_cnv/SBE19plus_01907321_2024_05_29_Cast107.cnv
* Sea-Bird SBE19plus  Data File:
* FileName = E:\Prandtl_Daten\2024\29052024\raw\SBE19plus_01907321_2024_05_29_Cast107.hex
* Software version 2.6.1.12
* Temperature SN = 7321
* Conductivity SN = 7321
* System UpLoad Time = May 29 2024 11:47:37
* <ApplicationData>
* <Seaterm232>
** 20240527
** Sea Practical 2024
** MCat 27.05 CTD_Z5
** NMEA Latitude = 54 3.55N
** NMEA Longitude = 008 21.76E
** waterdepth = 15.2m
** Isabelle
# nquan = 11
# nvalues = 511                         
# units = specified
# name 0 = timeJ: Julian Days
# name 1 = prdM: Pressure, Strain Gauge [db]
# name 2 = tv290C: Temperature [ITS-90, deg C]
# name 3 = c0mS/cm: Conductivity [mS/cm]
# name 4 = sal00: Salinity, Practical [PSU]
# name 5 = depSM: Depth [salt water, m], lat = 54.00
# name 6 = oxsatMm/Kg: Oxygen Saturation, Weiss [umol/kg]
# name 7 = oxsolMm/Kg: Oxygen Saturation, Garcia & Gordon [umol/kg]
# name 8 = turbWETntu0: Turbidity, WET Labs ECO [NTU]
# name 9 = flECO-AFL: Fluorescence, WET Labs ECO-AFL/FL [mg/m^3]
# name 10 = flag:  0.000e+00
# span 0 = 150.486956, 150.488432       
# span 1 =      0.619,     14.189       
# span 2 =    14.8721,    15.3730       
# span 3 =  37.903656,  38.454628       
# span 4 =    30.1823,    31.0595       
# span 5 =      0.614,     14.062       
# span 6 =  253.98370,  255.04276       
# span 7 =  254.24691,  255.27406       
# span 8 =    -4.2066,    36.2759       
# span 9 =     6.5375,     9.3720       
# span 10 = 0.0000e+00, 0.0000e+00      
# interval = seconds: 0.25
# start_time = May 29 2024 11:39:56 [Instrument's time stamp, header]
# bad_flag = -9.990e-29
*END*
[from data line 263]
 150.487717      7.766    15.1175  38.221109    30.6628      7.696  254.47986  254.72726    -2.6190     8.1670 0.0000e+00
 150.487720      7.803    15.1166  38.227066    30.6661      7.733  254.47840  254.72573    -2.6346     8.1590 0.0000e+00
 150.487723      7.859    15.1143  38.232900    30.6731      7.789  254.47840  254.72573    -2.6035     8.1590 0.0000e+00
 150.487726      7.926    15.1107  38.236190    30.6788      7.856  254.48617  254.73309    -2.4790     8.3571 0.0000e+00
 150.487729      7.997    15.1073  38.241217    30.6860      7.926  254.48617  254.73309    -2.3856     8.3733 0.0000e+00
 150.487731      8.061    15.1033  38.255617    30.7019      7.989  254.49135  254.73803    -2.3856     8.3733 0.0000e+00
 150.487734      8.119    15.0998  38.265178    30.7090      8.047  254.48944  254.73554    -2.4012     8.3632 0.0000e+00
 150.487737      8.154    15.0962  38.279706    30.7160      8.081  254.49525  254.74111    -2.4167     8.3450 -9.990e-29
 150.487740      8.168    15.0751  38.280825    30.7465      8.095  254.54951  254.79403    -1.4051     8.1670 -9.990e-29
 150.487743      8.172    15.0671  38.280268    30.7523      8.099  254.58035  254.82440    -1.3273     8.1387 -9.990e-29
 150.487746      8.159    15.0626  38.292749    30.7670      8.086  254.57781  254.82151    -1.3739     8.1306 -9.990e-29
 150.487749      8.147    15.0565  38.301753    30.7798      8.074  254.58617  254.82946    -1.6852     8.5027 -9.990e-29
 150.487752      8.139    15.0483  38.306723    30.7907      8.066  254.60920  254.85196    -1.7008     8.4946 -9.990e-29
 150.487755      8.143    15.0401  38.318276    30.8075      8.070  254.62162  254.86382    -1.6074     8.4663 -9.990e-29
 150.487758      8.163    15.0236  38.320948    30.8239      8.090  254.67728  254.91849    -2.4012     8.0255 -9.990e-29
 150.487760      8.192    15.0214  38.322067    30.8246      8.119  254.68714  254.92824    -2.4246     8.0315 0.0000e+00
 150.487763      8.236    15.0192  38.319956    30.8244      8.163  254.69701  254.93798    -2.4479     8.0376 0.0000e+00
 150.487766      8.285    15.0183  38.317782    30.8244      8.211  254.70506  254.94596    -2.4479     8.0376 0.0000e+00
 150.487769      8.338    15.0183  38.314428    30.8212      8.264  254.70891  254.94996    -2.4479     8.0336 0.0000e+00
 150.487772      8.397    15.0195  38.311696    30.8177      8.322  254.70891  254.94996    -2.4167     8.0336 0.0000e+00
 150.487775      8.448    15.0218  38.308777    30.8133      8.373  254.70815  254.94953    -2.2767     8.5633 0.0000e+00
 150.487778      8.495    15.0229  38.301573    30.8092      8.419  254.70666  254.94795    -2.2300     8.5734 0.0000e+00
 150.487781      8.525    15.0240  38.297536    30.8051      8.448  254.70815  254.94953    -2.1833     8.5835 -9.990e-29
 150.487784      8.543    15.0316  38.295672    30.7938      8.467  254.68893  254.93080    -2.1522     8.5431 -9.990e-29
 150.487786      8.556    15.0352  38.294368    30.7898      8.479  254.67774  254.91983    -2.1522     7.5564 -9.990e-29
 150.487789      8.565    15.0380  38.287848    30.7818      8.488  254.67759  254.91989    -2.1522     7.5928 -9.990e-29
 150.487792      8.569    15.0409  38.289027    30.7806      8.492  254.66481  254.90727    -2.1833     7.5605 -9.990e-29
 150.487795      8.572    15.0435  38.288716    30.7782      8.495  254.65551  254.89813    -2.2144     7.5928 -9.990e-29
 150.487798      8.579    15.0447  38.294553    30.7825      8.503  254.64205  254.88470    -1.1716     7.3017 -9.990e-29
 150.487801      8.585    15.0433  38.298465    30.7871      8.508  254.64111  254.88365    -1.2806     7.3421 -9.990e-29
 150.487804      8.598    15.0397  38.310328    30.8006      8.521  254.63608  254.87831    -1.2650     7.2774 -9.990e-29
 150.487807      8.618    15.0266  38.316415    30.8203      8.541  254.66849  254.90988    -0.8448     7.7667 -9.990e-29
 150.487810      8.654    15.0234  38.320888    30.8253      8.577  254.67616  254.91734    -0.9148     7.7707 0.0000e+00
 150.487812      8.704    15.0202  38.326355    30.8303      8.626  254.68383  254.92480    -0.9381     7.7667 0.0000e+00
 150.487815      8.760    15.0141  38.335612    30.8433      8.682  254.69207  254.93262    -0.9381     7.7748 0.0000e+00
 150.487818      8.820    15.0075  38.341453    30.8537      8.742  254.70768  254.94779    -0.8915     7.7788 0.0000e+00
 150.487821      8.888    15.0006  38.343691    30.8611      8.808  254.72980  254.96949    -0.8915     7.8031 0.0000e+00
 150.487824      8.948    14.9958  38.345991    30.8670      8.868  254.74433  254.98373    -0.9226     7.9689 0.0000e+00
 150.487827      9.010    14.9914  38.349160    30.8732      8.930  254.75549  254.99461    -0.9381     7.9770 0.0000e+00
 150.487830      9.050    14.9898  38.350900    30.8753      8.969  254.76046  254.99948    -0.9615     7.9790 0.0000e+00
 150.487833      9.079    14.9881  38.351149    30.8774      8.998  254.76543  255.00434    -0.9381     7.9770 -9.990e-29
 150.487836      9.097    14.9827  38.353635    30.8841      9.016  254.78099  255.01957    -0.9848     7.5322 -9.990e-29
 150.487839      9.095    14.9807  38.351833    30.8841      9.014  254.79158  255.03004    -0.8759     7.4998 -9.990e-29
 150.487841      9.081    14.9797  38.350467    30.8836      9.000  254.79716  255.03558    -0.7825     7.5160 -9.990e-29
 150.487844      9.064    14.9796  38.351150    30.8843      8.983  254.79666  255.03506    -0.9070     7.5241 -9.990e-29
 150.487847      9.055    14.9794  38.350653    30.8840      8.974  254.79800  255.03640    -0.6580     7.5767 -9.990e-29
 150.487850      9.048    14.9792  38.350032    30.8837      8.967  254.79984  255.03823    -0.6113     7.5848 -9.990e-29
 150.487853      9.051    14.9792  38.350032    30.8837      8.970  254.79984  255.03823    -0.7358     7.5686 -9.990e-29
 150.487856      9.067    14.9792  38.350032    30.8836      8.986  254.79985  255.03824    -0.7047     7.5928 -9.990e-29
 150.487859      9.076    14.9787  38.352331    30.8861      8.995  254.79797  255.03631    -0.9381     7.5605 -9.990e-29
 150.487862      9.100    14.9777  38.352517    30.8870      9.018  254.80145  255.03974    -0.9070     7.5605 -9.990e-29
 150.487865      9.142    14.9771  38.352517    30.8881      9.060  254.80264  255.04089    -0.9148     7.5666 0.0000e+00
 150.487867      9.191    14.9765  38.353947    30.8892      9.109  254.80384  255.04204    -0.9226     7.5726 0.0000e+00
 150.487870      9.253    14.9750  38.355439    30.8918      9.170  254.80728  255.04538    -0.9226     7.5726 0.0000e+00
 150.487873      9.318    14.9735  38.356122    30.8935      9.235  254.81170  255.04971    -0.7514     7.6939 0.0000e+00
 150.487876      9.386    14.9722  38.355874    30.8943      9.302  254.81702  255.05495    -0.7202     7.7061 0.0000e+00
 150.487879      9.451    14.9715  38.356123    30.8950      9.367  254.81702  255.05495    -0.6736     7.6939 0.0000e+00
 150.487882      9.525    14.9715  38.359044    30.8976      9.439  254.81471  255.05258    -0.6424     7.6899 0.0000e+00
 150.487885      9.585    14.9712  38.366501    30.9045      9.499  254.80419  255.04198     2.2836     7.3219 0.0000e+00
 150.487888      9.636    14.9696  38.375265    30.9097      9.550  254.80350  255.04116     2.3148     7.3138 0.0000e+00
 150.487891      9.671    14.9679  38.376881    30.9150      9.584  254.80280  255.04034     2.3459     7.3219 -9.990e-29
 150.487894      9.678    14.9564  38.386640    30.9342      9.592  254.82772  255.06450     2.2525     7.2896 -9.990e-29
 150.487896      9.664    14.9506  38.390433    30.9423      9.577  254.84357  255.07996     3.3264     7.6737 -9.990e-29
 150.487899      9.644    14.9452  38.394536    30.9503      9.558  254.85747  255.09352     3.3264     7.7222 -9.990e-29
 150.487902      9.620    14.9408  38.397023    30.9559      9.534  254.86961  255.10539     3.2798     7.7020 -9.990e-29
 150.487905      9.593    14.9367  38.401748    30.9635      9.507  254.87766  255.11314     3.2953     7.6858 -9.990e-29
 150.487908      9.575    14.9324  38.405541    30.9703      9.489  254.88774  255.12294     3.3420     7.1763 -9.990e-29
 150.487911      9.562    14.9286  38.405852    30.9736      9.476  254.90158  255.13656     3.2486     7.2127 -9.990e-29
 150.487914      9.562    14.9262  38.406039    30.9757      9.476  254.91018  255.14501     3.3264     7.1966 -9.990e-29
 150.487917      9.573    14.9245  38.406536    30.9775      9.487  254.91571  255.15044     3.3576     7.1642 -9.990e-29
 150.487920      9.599    14.9216  38.407842    30.9789      9.513  254.92812  255.16268     0.2914     7.9689 -9.990e-29
 150.487922      9.639    14.9214  38.405604    30.9782      9.553  254.93041  255.16497     0.2914     7.9730 0.0000e+00
 150.487925      9.701    14.9216  38.403802    30.9776      9.614  254.93271  255.16726     0.2914     7.9770 0.0000e+00
 150.487928      9.776    14.9216  38.397772    30.9718      9.688  254.94053  255.17516     0.3381     7.9770 0.0000e+00
 150.487931      9.862    14.9244  38.388447    30.9612      9.773  254.94312  255.17838     0.4315     7.9689 0.0000e+00
 150.487934      9.945    14.9298  38.376700    30.9463      9.856  254.94312  255.17838     0.3381     7.7708 0.0000e+00
 150.487937     10.018    14.9372  38.376451    30.9402      9.929  254.91572  255.15143     0.3537     7.7708 0.0000e+00
 150.487940     10.073    14.9402  38.371292    30.9355      9.983  254.90875  255.14465     0.3226     7.7728 0.0000e+00
 150.487943     10.108    14.9432  38.373094    30.9309     10.017  254.90177  255.13787     0.3537     7.7748 -9.990e-29
 150.487946     10.124    14.9505  38.373777    30.9273     10.033  254.87062  255.10713     2.3148     7.9608 -9.990e-29
 150.487948     10.135    14.9511  38.387824    30.9394     10.044  254.84624  255.08269     2.3615     7.9568 -9.990e-29
 150.487951     10.131    14.9468  38.395221    30.9494     10.041  254.85039  255.08653     2.3459     8.0093 -9.990e-29
 150.487954     10.131    14.9407  38.395906    30.9549     10.041  254.87227  255.10804     2.2525     7.9487 -9.990e-29
 150.487957     10.135    14.9364  38.396777    30.9591     10.044  254.88697  255.12248     2.8284     7.7667 -9.990e-29
 150.487960     10.146    14.9336  38.397461    30.9619     10.055  254.89623  255.13157     2.8595     7.7586 -9.990e-29
 150.487963     10.161    14.9319  38.400196    30.9656     10.070  254.89824  255.13346     2.7350     7.7586 -9.990e-29
 150.487966     10.184    14.9301  38.401751    30.9685     10.093  254.90269  255.13779     2.7973     7.7708 -9.990e-29
 150.487969     10.208    14.9266  38.403678    30.9731     10.116  254.91240  255.14728     1.8478     7.6818 -9.990e-29
 150.487972     10.235    14.9266  38.403803    30.9731     10.144  254.91240  255.14728     1.8478     7.6818 0.0000e+00
 150.487975     10.261    14.9266  38.403119    30.9731     10.169  254.91240  255.14728     1.8478     7.6818 -9.990e-29
 150.487977     10.283    14.9249  38.401752    30.9726     10.191  254.92226  255.15705     1.8167     7.7222 -9.990e-29
 150.487980     10.299    14.9255  38.400384    30.9682     10.207  254.92674  255.16160     2.3615     7.5686 -9.990e-29
 150.487983     10.326    14.9261  38.397462    30.9674     10.234  254.92514  255.16004     2.3615     7.5686 0.0000e+00
 150.487986     10.352    14.9267  38.396592    30.9665     10.259  254.92354  255.15848     2.3615     7.5686 0.0000e+00
 150.487989     10.387    14.9277  38.396095    30.9652     10.294  254.92062  255.15562     2.3615     7.5605 0.0000e+00
 150.487992     10.430    14.9285  38.396779    30.9652     10.337  254.91670  255.15174     2.3770     7.5524 0.0000e+00
 150.487995     10.476    14.9289  38.397463    30.9655     10.382  254.91393  255.14899     3.7622     7.3745 0.0000e+00
 150.487998     10.510    14.9289  38.398955    30.9668     10.416  254.91286  255.14788     3.7622     7.3745 0.0000e+00
 150.488001     10.543    14.9285  38.399266    30.9674     10.449  254.91160  255.14666     3.7000     7.3745 0.0000e+00
 150.488003     10.576    14.9281  38.402872    30.9693     10.481  254.91146  255.14645     3.6922     7.3826 0.0000e+00
 150.488006     10.605    14.9277  38.406540    30.9712     10.510  254.91007  255.14502     3.7000     7.3704 -9.990e-29
 150.488009     10.621    14.9235  38.409462    30.9805     10.526  254.91550  255.15015     4.5871     7.1844 -9.990e-29
 150.488012     10.642    14.9206  38.412136    30.9852     10.546  254.92220  255.15665     4.5560     7.1925 -9.990e-29
 150.488015     10.665    14.9150  38.414624    30.9930     10.570  254.93680  255.17090     4.4315     7.1763 -9.990e-29
 150.488018     10.698    14.9139  38.415992    30.9949     10.602  254.93950  255.17352     3.7389     7.5079 0.0000e+00
 150.488021     10.733    14.9127  38.418044    30.9967     10.637  254.94219  255.17614     3.0463     7.8355 0.0000e+00
 150.488024     10.775    14.9113  38.419164    30.9988     10.678  254.94590  255.17976     3.0463     7.8355 0.0000e+00
 150.488027     10.822    14.9101  38.418915    30.9995     10.725  254.95063  255.18441     3.0307     7.8355 0.0000e+00
 150.488030     10.859    14.9096  38.419786    31.0003     10.762  254.95196  255.18571     3.0074     7.8315 0.0000e+00
 150.488032     10.890    14.9091  38.420284    31.0011     10.792  254.95329  255.18700     2.9529     7.8355 -9.990e-29
 150.488035     10.912    14.9070  38.422336    31.0050     10.814  254.95705  255.19062     4.0424     7.5443 -9.990e-29
 150.488038     10.921    14.9058  38.424264    31.0078     10.823  254.95860  255.19208     4.0891     7.5767 -9.990e-29
 150.488041     10.919    14.9041  38.425508    31.0101     10.822  254.96266  255.19604     4.0268     7.5645 -9.990e-29
 150.488044     10.919    14.9024  38.429363    31.0150     10.822  254.96317  255.19642     7.5443     7.3745 -9.990e-29
 150.488047     10.914    14.9004  38.430234    31.0174     10.816  254.96925  255.20237     7.5910     7.4109 -9.990e-29
 150.488050     10.908    14.8976  38.434712    31.0237     10.811  254.97279  255.20571     7.5599     7.3785 -9.990e-29
 150.488053     10.910    14.8951  38.433904    31.0249     10.812  254.98323  255.21601     7.4976     7.3866 -9.990e-29
 150.488056     10.929    14.8921  38.434775    31.0307     10.831  254.98836  255.22093     8.3226     7.2572 -9.990e-29
 150.488058     10.959    14.8916  38.437760    31.0314     10.861  254.98960  255.22214     8.2836     7.2694 0.0000e+00
 150.488061     11.007    14.8912  38.438382    31.0320     10.908  254.99084  255.22335     8.3226     7.2572 0.0000e+00
 150.488064     11.074    14.8901  38.437512    31.0320     10.975  254.99457  255.22695     8.2759     7.2572 0.0000e+00
 150.488067     11.147    14.8893  38.440435    31.0352     11.047  254.99594  255.22829     8.2759     7.2572 0.0000e+00
 150.488070     11.226    14.8888  38.440871    31.0360     11.125  254.99526  255.22758     6.7973     7.6211 0.0000e+00
 150.488073     11.300    14.8884  38.442240    31.0362     11.199  254.99594  255.22829     6.7973     7.6414 0.0000e+00
 150.488076     11.359    14.8882  38.440436    31.0369     11.257  254.99741  255.22973     6.7740     7.6312 0.0000e+00
 150.488079     11.403    14.8880  38.440374    31.0362     11.301  254.99957  255.23188     6.7506     7.6414 -9.990e-29
 150.488082     11.419    14.8880  38.439504    31.0353     11.317  255.00108  255.23340     9.0074     7.2977 -9.990e-29
 150.488084     11.421    14.8882  38.440437    31.0361     11.318  254.99904  255.23136     8.8984     7.3381 -9.990e-29
 150.488087     11.399    14.8880  38.440685    31.0364     11.297  254.99921  255.23151     9.0852     7.3260 -9.990e-29
 150.488090     11.368    14.8881  38.440623    31.0363     11.266  254.99900  255.23131     9.1163     7.3260 -9.990e-29
