seaocn-cb/data/ctd_cnv/SBE19plus_01907321_2024_05_28_Cast90.cnv
* Sea-Bird SBE19plus  Data File:
* FileName = E:\Prandtl_Daten\2024\28052024\raw\SBE19plus_01907321_2024_05_28_Cast90.hex
* Software version 2.6.1.12
* Temperature SN = 7321
* Conductivity SN = 7321
* System UpLoad Time = May 28 2024 11:13:09
* <ApplicationData>
* <Seaterm232>
** 20240527
** Sea Practical 2024
** MCat 27.05 CTD_SP7
** NMEA Latitude = 54 8.29N
** NMEA Longitude = 008 20.58E
** waterdepth = 13.7m
** Isabelle
# nquan = 11
# nvalues = 459                         
# units = specified
# name 0 = timeJ: Julian Days
# name 1 = prdM: Pressure, Strain Gauge [db]
# name 2 = tv290C: Temperature [ITS-90, deg C]
# name 3 = c0mS/cm: Conductivity [mS/cm]
# name 4 = sal00: Salinity, Practical [PSU]
# name 5 = depSM: Depth [salt water, m], lat = 54.00
# name 6 = oxsatMm/Kg: Oxygen Saturation, Weiss [umol/kg]
# name 7 = oxsolMm/Kg: Oxygen Saturation, Garcia & Gordon [umol/kg]
# name 8 = turbWETntu0: Turbidity, WET Labs ECO [NTU]
# name 9 = flECO-AFL: Fluorescence, WET Labs ECO-AFL/FL [mg/m^3]
# name 10 = flag:  0.000e+00
# span 0 = 149.464317, 149.465642       
# span 1 =      0.172,     13.272       
# span 2 =    15.1105,    16.6300       
# span 3 =  37.095645,  37.788227       
# span 4 =    28.5628,    30.2774       
# span 5 =      0.171,     13.153       
# span 6 =  250.49914,  255.19298       
# span 7 =  250.83365,  255.44313       
# span 8 =    -4.1444,    24.2603       
# span 9 =     2.2027,     7.3785       
# span 10 = 0.0000e+00, 0.0000e+00      
# interval = seconds: 0.25
# start_time = May 28 2024 11:07:22 [Instrument's time stamp, header]
# bad_flag = -9.990e-29
*END*
[from data line 394]
 149.465457     12.342    15.1196  37.783221    30.2654     12.232  255.16485  255.41555    15.1008     5.8399 0.0000e+00
 149.465460     12.379    15.1190  37.784024    30.2668     12.268  255.16512  255.41578    15.0930     5.8379 -9.990e-29
 149.465463     12.401    15.1179  37.784951    30.2692     12.290  255.16653  255.41711    15.0930     5.8419 -9.990e-29
 149.465466     12.404    15.1171  37.783963    30.2690     12.293  255.17128  255.42182    14.5794     5.8177 -9.990e-29
 149.465469     12.390    15.1161  37.783160    30.2690     12.279  255.17602  255.42651    14.6572     5.8258 -9.990e-29
 149.465472     12.363    15.1152  37.785074    30.2714     12.252  255.17650  255.42693    14.5949     5.8177 -9.990e-29
 149.465475     12.332    15.1153  37.783345    30.2698     12.221  255.17889  255.42934    14.5794     5.8217 -9.990e-29
 149.465477     12.309    15.1156  37.785074    30.2711     12.199  255.17501  255.42546    17.0541     5.7489 -9.990e-29
 149.465480     12.293    15.1158  37.785383    30.2712     12.183  255.17365  255.42411    17.1319     5.7651 -9.990e-29
 149.465483     12.304    15.1161  37.783221    30.2691     12.194  255.17587  255.42636    17.0696     5.7651 -9.990e-29
 149.465486     12.337    15.1153  37.781616    30.2716     12.227  255.17575  255.42618    18.3615     6.1007 -9.990e-29
 149.465489     12.401    15.1150  37.785383    30.2719     12.290  255.17680  255.42721    18.3615     6.1210 0.0000e+00
 149.465492     12.487    15.1147  37.785569    30.2716     12.375  255.17785  255.42824    18.3615     6.1048 0.0000e+00
 149.465495     12.591    15.1142  37.784025    30.2716     12.478  255.18207  255.43244    18.3303     6.1129 0.0000e+00
 149.465498     12.693    15.1137  37.784149    30.2716     12.579  255.18355  255.43389    18.2214     6.1048 0.0000e+00
 149.465501     12.784    15.1137  37.784459    30.2719     12.670  255.18355  255.43389    14.6105     5.0696 0.0000e+00
 149.465503     12.867    15.1137  37.785571    30.2725     12.751  255.18157  255.43191    14.6105     5.0696 0.0000e+00
 149.465506     12.919    15.1138  37.785385    30.2726     12.804  255.18144  255.43178    14.6416     5.0656 0.0000e+00
 149.465509     12.946    15.1139  37.784706    30.2725     12.830  255.18131  255.43166    14.6727     5.0696 -9.990e-29
 149.465512     12.946    15.1140  37.781186    30.2687     12.830  255.18760  255.43798    14.6261     5.0453 -9.990e-29
 149.465515     12.919    15.1141  37.782483    30.2698     12.803  255.18526  255.43564    13.6611     5.3567 -9.990e-29
 149.465518     12.881    15.1144  37.781186    30.2684     12.765  255.18581  255.43622    13.5988     5.3850 -9.990e-29
 149.465521     12.833    15.1147  37.782235    30.2691     12.718  255.18327  255.43368    13.7545     5.3688 -9.990e-29
 149.465524     12.792    15.1150  37.782791    30.2694     12.677  255.18121  255.43164    13.7233     5.3850 -9.990e-29
 149.465527     12.770    15.1153  37.779826    30.2665     12.655  255.18466  255.43513    16.6961     5.3729 -9.990e-29
 149.465530     12.764    15.1152  37.783470    30.2698     12.650  255.17926  255.42969    16.6027     5.3729 -9.990e-29
 149.465532     12.791    15.1148  37.782482    30.2692     12.677  255.18227  255.43270    16.6805     5.3931 -9.990e-29
 149.465535     12.848    15.1141  37.785385    30.2712     12.733  255.18237  255.43274    13.5210     5.8783 -9.990e-29
 149.465538     12.926    15.1140  37.784150    30.2714     12.810  255.18259  255.43295    13.5833     5.8945 0.0000e+00
 149.465541     13.012    15.1139  37.784459    30.2716     12.895  255.18281  255.43317    13.6455     5.8783 0.0000e+00
 149.465544     13.089    15.1136  37.784645    30.2716     12.971  255.18374  255.43407    13.6455     5.9066 0.0000e+00
 149.465547     13.158    15.1136  37.782484    30.2710     13.040  255.18560  255.43593    13.6922     5.8925 0.0000e+00
 149.465550     13.214    15.1135  37.784151    30.2701     13.096  255.18745  255.43779    13.6455     5.9066 -9.990e-29
 149.465553     13.238    15.1144  37.782052    30.2690     13.119  255.18468  255.43508    15.7311     5.3931 -9.990e-29
 149.465556     13.236    15.1147  37.785139    30.2716     13.118  255.17898  255.42938    15.7000     5.3850 -9.990e-29
 149.465558     13.200    15.1147  37.784398    30.2709     13.081  255.18011  255.43052    15.4976     5.3729 -9.990e-29
 149.465561     13.143    15.1144  37.784460    30.2712     13.026  255.18086  255.43124    15.5755     5.3769 -9.990e-29
 149.465564     13.067    15.1144  37.784398    30.2712     12.950  255.18120  255.43158    24.1669     5.7853 -9.990e-29
 149.465567     12.981    15.1139  37.784274    30.2715     12.865  255.18308  255.43344    24.2603     5.7570 -9.990e-29
 149.465570     12.906    15.1137  37.786497    30.2736     12.791  255.18015  255.43048    24.2603     5.7732 -9.990e-29
 149.465573     12.851    15.1131  37.787362    30.2749     12.736  255.18109  255.43138    24.1669     5.7651 -9.990e-29
 149.465576     12.833    15.1123  37.787670    30.2758     12.718  255.18380  255.43404    19.4821     5.7934 -9.990e-29
 149.465579     12.840    15.1119  37.787609    30.2761     12.725  255.18536  255.43557    19.5443     5.7328 -9.990e-29
 149.465582     12.884    15.1115  37.786003    30.2749     12.769  255.18935  255.43955    19.6222     5.7489 -9.990e-29
 149.465584     12.950    15.1116  37.786250    30.2750     12.834  255.18871  255.43892    19.5599     5.7853 -9.990e-29
 149.465587     13.034    15.1114  37.785818    30.2748     12.917  255.19031  255.44051    13.4899     5.4295 -9.990e-29
 149.465590     13.123    15.1110  37.786251    30.2754     13.006  255.19090  255.44108    13.8012     5.4618 -9.990e-29
 149.465593     13.200    15.1110  37.786251    30.2754     13.082  255.19090  255.44108    13.8012     5.4618 0.0000e+00
 149.465596     13.253    15.1110  37.786252    30.2754     13.134  255.19090  255.44108    13.8012     5.4618 -9.990e-29
 149.465599     13.268    15.1115  37.786684    30.2754     13.149  255.18852  255.43872    19.0930     5.8015 -9.990e-29
 149.465602     13.246    15.1117  37.787363    30.2758     13.127  255.18657  255.43679    19.0307     5.8258 -9.990e-29
 149.465605     13.184    15.1120  37.786745    30.2750     13.066  255.18634  255.43657    19.0619     5.8339 -9.990e-29
 149.465608     13.106    15.1123  37.786498    30.2747     12.988  255.18580  255.43605    19.0619     5.8258 -9.990e-29
 149.465611     13.009    15.1121  37.784892    30.2734     12.892  255.18883  255.43908    19.0930     5.8379 -9.990e-29
 149.465613     12.921    15.1120  37.785139    30.2737     12.806  255.18868  255.43893    20.1202     4.9887 -9.990e-29
 149.465616     12.845    15.1118  37.788103    30.2766     12.730  255.18488  255.43509    19.9646     4.9766 -9.990e-29
 149.465619     12.807    15.1114  37.787115    30.2760     12.692  255.18815  255.43834    20.0424     5.0130 -9.990e-29
 149.465622     12.805    15.1112  37.787670    30.2767     12.690  255.18786  255.43804    20.0268     5.0130 -9.990e-29
 149.465625     12.850    15.1110  37.788227    30.2773     12.735  255.18789  255.43805    19.1241     5.4335 -9.990e-29
 149.465628     12.923    15.1109  37.788227    30.2774     12.807  255.18823  255.43838    19.0774     5.4457 -9.990e-29
 149.465631     13.018    15.1107  37.787424    30.2768     12.902  255.19041  255.44056    19.0619     5.4578 -9.990e-29
 149.465634     13.115    15.1107  37.788042    30.2772     12.997  255.18922  255.43936    18.9218     5.4578 -9.990e-29
 149.465637     13.197    15.1108  37.785572    30.2750     13.079  255.19284  255.44301    16.0268     5.5589 -9.990e-29
 149.465639     13.250    15.1107  37.787363    30.2766     13.131  255.19065  255.44080    16.1202     5.5670 -9.990e-29
 149.465642     13.272    15.1105  37.786252    30.2758     13.153  255.19298  255.44313    16.1047     5.5508 -9.990e-29
