seaocn-cb/data/ctd_cnv/SBE19plus_01907321_2024_05_27_Cast68.cnv
* Sea-Bird SBE19plus  Data File:
* FileName = E:\Prandtl_Daten\2024\27052024\raw\SBE19plus_01907321_2024_05_27_Cast68.hex
* Software version 2.6.1.12
* Temperature SN = 7321
* Conductivity SN = 7321
* System UpLoad Time = May 27 2024 07:30:26
* <ApplicationData>
* <Seaterm232>
** 20240527
** Sea Practical 2024
** MCat 27.05 CTD_SP2
** NMEA Latitude = 054 06.114N
** NMEA Longitude = 008 34.923E
** waterdepth =13.9 m
** Merle
# nquan = 11
# nvalues = 463                         
# units = specified
# name 0 = timeJ: Julian Days
# name 1 = prdM: Pressure, Strain Gauge [db]
# name 2 = tv290C: Temperature [ITS-90, deg C]
# name 3 = c0mS/cm: Conductivity [mS/cm]
# name 4 = sal00: Salinity, Practical [PSU]
# name 5 = depSM: Depth [salt water, m], lat = 54.00
# name 6 = oxsatMm/Kg: Oxygen Saturation, Weiss [umol/kg]
# name 7 = oxsolMm/Kg: Oxygen Saturation, Garcia & Gordon [umol/kg]
# name 8 = turbWETntu0: Turbidity, WET Labs ECO [NTU]
# name 9 = flECO-AFL: Fluorescence, WET Labs ECO-AFL/FL [mg/m^3]
# name 10 = flag:  0.000e+00
# span 0 = 148.308536, 148.309873       
# span 1 =      0.501,     12.816       
# span 2 =    17.1176,    17.7804       
# span 3 =  36.281442,  36.471330       
# span 4 =    27.2240,    27.5183       
# span 5 =      0.497,     12.701       
# span 6 =  247.20571,  249.91788       
# span 7 =  247.59551,  250.27969       
# span 8 =     0.4159,    28.6961       
# span 9 =     3.9798,     8.3328       
# span 10 = 0.0000e+00, 0.0000e+00      
# interval = seconds: 0.25
# start_time = May 27 2024 07:22:46 [Instrument's time stamp, header]
# bad_flag = -9.990e-29
*END*
 148.308536      0.501    17.7685  36.459271    27.2308      0.497  247.26288  247.65223     1.3654     4.1274 -9.990e-29
 148.308539      0.518    17.7690  36.463045    27.2331      0.513  247.25707  247.64642     1.3187     4.1032 -9.990e-29
 148.308542      0.558    17.7689  36.462376    27.2326      0.553  247.25817  247.64752     1.3653     4.1538 0.0000e+00
 148.308545      0.631    17.7690  36.461037    27.2331      0.625  247.25707  247.64642     1.3187     4.1436 0.0000e+00
 148.308547      0.713    17.7694  36.463715    27.2337      0.706  247.25375  247.64311     1.2875     4.2043 0.0000e+00
 148.308550      0.799    17.7706  36.464568    27.2337      0.791  247.24823  247.63769     1.2875     4.2043 0.0000e+00
 148.308553      0.872    17.7716  36.461950    27.2315      0.864  247.24798  247.63739     1.3342     4.2124 0.0000e+00
 148.308556      0.928    17.7719  36.463046    27.2312      0.920  247.24656  247.63603     1.3731     4.2104 0.0000e+00
 148.308559      0.954    17.7721  36.463716    27.2315      0.945  247.24489  247.63437     1.3342     4.2164 -9.990e-29
 148.308562      0.943    17.7722  36.466699    27.2344      0.934  247.23954  247.62900     0.9296     4.3781 -9.990e-29
 148.308565      0.908    17.7734  36.465298    27.2324      0.900  247.23682  247.62634     0.9607     4.3701 -9.990e-29
 148.308568      0.868    17.7743  36.465055    27.2317      0.860  247.23404  247.62360     0.7584     4.3175 -9.990e-29
 148.308571      0.835    17.7745  36.463289    27.2301      0.828  247.23554  247.62512     1.2564     4.0991 -9.990e-29
 148.308573      0.835    17.7755  36.465602    27.2314      0.828  247.22894  247.61855     0.9607     4.0749 -9.990e-29
 148.308576      0.857    17.7764  36.465541    27.2307      0.849  247.22563  247.61528     0.8517     4.1032 -9.990e-29
 148.308579      0.893    17.7771  36.466820    27.2278      0.885  247.22724  247.61693     1.3342     4.3215 -9.990e-29
 148.308582      0.950    17.7769  36.462620    27.2285      0.941  247.22726  247.61694     1.2486     4.3013 0.0000e+00
 148.308585      1.023    17.7766  36.463959    27.2292      1.014  247.22728  247.61694     1.2253     4.2811 0.0000e+00
 148.308588      1.096    17.7764  36.464751    27.2298      1.086  247.22728  247.61694     1.1941     4.2730 0.0000e+00
 148.308591      1.163    17.7764  36.464629    27.2298      1.153  247.22746  247.61710     1.2253     4.2326 0.0000e+00
 148.308594      1.213    17.7764  36.463716    27.2294      1.202  247.22753  247.61719     1.2253     4.2083 0.0000e+00
 148.308597      1.240    17.7765  36.465056    27.2290      1.229  247.22802  247.61768     1.2564     4.1436 -9.990e-29
 148.308600      1.253    17.7767  36.465847    27.2306      1.241  247.22417  247.61383     1.0074     4.1881 -9.990e-29
 148.308602      1.249    17.7771  36.463534    27.2284      1.238  247.22613  247.61581     1.0074     4.2285 -9.990e-29
 148.308605      1.238    17.7771  36.466395    27.2308      1.227  247.22217  247.61184     1.2097     4.2407 -9.990e-29
 148.308608      1.235    17.7772  36.462864    27.2278      1.224  247.22673  247.61643     1.1008     4.5965 -9.990e-29
 148.308611      1.242    17.7770  36.466699    27.2311      1.231  247.22206  247.61172     1.0229     4.6046 -9.990e-29
 148.308614      1.258    17.7778  36.466821    27.2292      1.247  247.22126  247.61097     0.9140     4.6572 -9.990e-29
 148.308617      1.286    17.7779  36.465056    27.2294      1.274  247.22034  247.61005     1.0540     4.4408 0.0000e+00
 148.308620      1.326    17.7779  36.465726    27.2292      1.314  247.22126  247.61097     1.1319     4.2407 0.0000e+00
 148.308623      1.370    17.7779  36.459273    27.2296      1.357  247.21942  247.60914     1.1319     4.2407 0.0000e+00
 148.308626      1.415    17.7779  36.466396    27.2302      1.403  247.21916  247.60887     1.0229     4.2407 0.0000e+00
 148.308628      1.465    17.7783  36.466639    27.2302      1.451  247.21761  247.60733     0.9762     4.1962 0.0000e+00
 148.308631      1.512    17.7786  36.471084    27.2302      1.498  247.21641  247.60618     0.9296     4.0264 0.0000e+00
 148.308634      1.554    17.7791  36.465300    27.2300      1.540  247.21177  247.60155     0.8206     4.0061 0.0000e+00
 148.308637      1.596    17.7793  36.467553    27.2293      1.582  247.21409  247.60386     0.7817     3.9798 0.0000e+00
 148.308640      1.629    17.7795  36.469318    27.2300      1.614  247.21177  247.60155     0.6338     4.0061 -9.990e-29
 148.308643      1.645    17.7796  36.466153    27.2288      1.631  247.21342  247.60321     1.1941     4.4469 -9.990e-29
 148.308646      1.651    17.7799  36.466822    27.2291      1.636  247.21126  247.60106     1.3187     4.4226 -9.990e-29
 148.308649      1.651    17.7799  36.466883    27.2292      1.636  247.21149  247.60128     1.1941     4.4428 -9.990e-29
 148.308652      1.644    17.7791  36.465057    27.2282      1.629  247.21679  247.60656     1.4120     4.4226 -9.990e-29
 148.308655      1.640    17.7773  36.464387    27.2289      1.625  247.22421  247.61391     1.2097     4.4105 -9.990e-29
 148.308657      1.653    17.7748  36.460857    27.2276      1.638  247.23838  247.62798     1.0852     4.3175 -9.990e-29
 148.308660      1.671    17.7708  36.462683    27.2291      1.656  247.25479  247.64423     1.0852     4.4024 -9.990e-29
 148.308663      1.709    17.7704  36.459518    27.2315      1.694  247.25297  247.64238     1.1630     4.4024 0.0000e+00
 148.308666      1.747    17.7707  36.464632    27.2340      1.732  247.25114  247.64052     1.0852     4.4024 0.0000e+00
 148.308669      1.797    17.7707  36.465972    27.2341      1.781  247.24622  247.63563     0.7895     3.9980 0.0000e+00
 148.308672      1.850    17.7728  36.467067    27.2341      1.833  247.23731  247.62680     0.7272     3.9980 0.0000e+00
 148.308675      1.899    17.7748  36.463902    27.2332      1.882  247.23429  247.62388     0.7272     3.9980 0.0000e+00
 148.308678      1.945    17.7752  36.468407    27.2317      1.927  247.22964  247.61924     0.7739     4.0102 0.0000e+00
 148.308681      1.985    17.7756  36.466398    27.2332      1.967  247.22499  247.61460     0.8517     3.9980 -9.990e-29
 148.308683      2.010    17.7770  36.466398    27.2306      1.992  247.22285  247.61253     0.5093     4.1962 -9.990e-29
 148.308686      2.023    17.7774  36.464145    27.2285      2.005  247.22443  247.61413     0.4159     4.1800 -9.990e-29
 148.308689      2.029    17.7780  36.467494    27.2309      2.010  247.21764  247.60735     0.7117     4.1881 -9.990e-29
 148.308692      2.038    17.7783  36.467737    27.2309      2.020  247.21638  247.60610     0.7584     4.2204 -9.990e-29
 148.308695      2.047    17.7787  36.469076    27.2317      2.029  247.21299  247.60271     0.9296     4.2771 -9.990e-29
 148.308698      2.056    17.7794  36.466276    27.2289      2.038  247.21408  247.60385     0.8829     4.2488 -9.990e-29
 148.308701      2.071    17.7794  36.460371    27.2240      2.052  247.22225  247.61205     0.6183     4.2892 -9.990e-29
 148.308704      2.096    17.7793  36.468407    27.2284      2.078  247.21574  247.60551     1.5210     4.2164 -9.990e-29
 148.308707      2.127    17.7796  36.465546    27.2303      2.108  247.21094  247.60071     1.5521     4.2326 0.0000e+00
 148.308709      2.167    17.7799  36.470721    27.2300      2.148  247.20812  247.59792     1.5833     4.2488 0.0000e+00
 148.308712      2.217    17.7803  36.468407    27.2308      2.197  247.20613  247.59591     1.7233     4.2811 0.0000e+00
 148.308715      2.264    17.7803  36.469503    27.2308      2.244  247.20572  247.59551     1.7233     4.2892 0.0000e+00
 148.308718      2.306    17.7804  36.470173    27.2312      2.286  247.20571  247.59551     1.5132     4.4793 0.0000e+00
 148.308721      2.335    17.7803  36.464877    27.2315      2.314  247.20572  247.59551     1.2875     4.6693 -9.990e-29
 148.308724      2.355    17.7798  36.466033    27.2284      2.334  247.21332  247.60311     1.3498     4.5722 -9.990e-29
 148.308727      2.368    17.7794  36.471330    27.2330      2.347  247.20756  247.59730     1.1630     4.6167 -9.990e-29
 148.308730      2.374    17.7791  36.465303    27.2282      2.352  247.21682  247.60658     2.6883     4.5601 -9.990e-29
 148.308733      2.377    17.7783  36.466399    27.2296      2.356  247.21809  247.60782     2.6883     4.6127 -9.990e-29
 148.308736      2.394    17.7772  36.462259    27.2269      2.372  247.22784  247.61754     2.5949     4.5237 -9.990e-29
 148.308738      2.415    17.7733  36.463964    27.2301      2.394  247.24156  247.63109     1.9568     4.8674 -9.990e-29
 148.308741      2.441    17.7722  36.462869    27.2298      2.419  247.24732  247.63680     1.9724     4.8513 0.0000e+00
 148.308744      2.479    17.7711  36.460373    27.2301      2.457  247.25307  247.64252     1.9879     4.8674 0.0000e+00
 148.308747      2.519    17.7684  36.459278    27.2303      2.497  247.26450  247.65384     2.0346     4.8351 0.0000e+00
 148.308750      2.560    17.7660  36.459096    27.2318      2.537  247.27343  247.66267     2.1280     4.8634 0.0000e+00
 148.308753      2.600    17.7641  36.460374    27.2318      2.576  247.27848  247.66764     2.1280     4.8108 0.0000e+00
 148.308756      2.636    17.7636  36.456418    27.2327      2.613  247.28309  247.67223     2.0502     4.6491 0.0000e+00
 148.308759      2.662    17.7631  36.460618    27.2314      2.638  247.28769  247.67682     1.9724     4.4348 -9.990e-29
 148.308762      2.686    17.7625  36.459462    27.2343      2.662  247.28567  247.67476     1.8167     4.4631 -9.990e-29
 148.308764      2.702    17.7627  36.459279    27.2341      2.678  247.28531  247.67441     1.9724     4.4145 -9.990e-29
 148.308767      2.715    17.7624  36.460375    27.2351      2.691  247.28473  247.67381     2.2058     4.7744 -9.990e-29
 148.308770      2.733    17.7621  36.457757    27.2332      2.709  247.28959  247.67868     2.2992     4.7057 -9.990e-29
 148.308773      2.753    17.7609  36.456723    27.2331      2.729  247.29536  247.68440     2.4393     4.7663 -9.990e-29
 148.308776      2.781    17.7592  36.456419    27.2340      2.756  247.30198  247.69095     2.3770     4.7663 -9.990e-29
 148.308779      2.806    17.7570  36.456845    27.2354      2.781  247.31005  247.69893     1.7700     4.4631 -9.990e-29
 148.308782      2.835    17.7572  36.456419    27.2357      2.810  247.30881  247.69769     1.8245     4.4793 0.0000e+00
 148.308785      2.866    17.7574  36.457332    27.2359      2.841  247.30756  247.69645     1.7700     4.4631 0.0000e+00
 148.308788      2.899    17.7579  36.457941    27.2361      2.873  247.30488  247.69379     1.7078     4.4954 0.0000e+00
 148.308791      2.934    17.7590  36.458854    27.2361      2.908  247.29962  247.68857     1.5833     4.6046 0.0000e+00
 148.308793      2.969    17.7600  36.461289    27.2361      2.942  247.29256  247.68153     1.5210     4.6046 0.0000e+00
 148.308796      2.996    17.7604  36.459707    27.2366      2.969  247.29242  247.68142     1.5521     4.6006 0.0000e+00
 148.308799      3.022    17.7607  36.458428    27.2357      2.995  247.29228  247.68130     1.5210     4.5965 -9.990e-29
 148.308802      3.043    17.7605  36.457941    27.2343      3.016  247.29537  247.68438     1.5366     4.6046 -9.990e-29
 148.308805      3.058    17.7600  36.456420    27.2334      3.031  247.29934  247.68834     2.9529     4.5844 -9.990e-29
 148.308808      3.075    17.7594  36.459524    27.2363      3.047  247.29721  247.68618     3.1085     4.5682 -9.990e-29
 148.308811      3.084    17.7533  36.453498    27.2325      3.056  247.33272  247.72147     3.0930     4.5965 -9.990e-29
 148.308814      3.111    17.7512  36.449968    27.2345      3.083  247.33953  247.72819     2.6417     4.4267 0.0000e+00
 148.308817      3.140    17.7491  36.451308    27.2364      3.112  247.34634  247.73491     2.2369     4.2973 0.0000e+00
 148.308819      3.178    17.7449  36.450152    27.2382      3.150  247.36342  247.75182     2.2214     4.2973 0.0000e+00
 148.308822      3.222    17.7417  36.449909    27.2402      3.193  247.37553  247.76379     2.2369     4.3256 0.0000e+00
 148.308825      3.262    17.7398  36.450822    27.2410      3.233  247.38109  247.76927     2.2525     4.3458 0.0000e+00
 148.308828      3.304    17.7393  36.448631    27.2416      3.275  247.38448  247.77264     2.6416     4.4692 0.0000e+00
 148.308831      3.335    17.7388  36.448145    27.2410      3.305  247.38786  247.77600     3.0307     4.5925 -9.990e-29
 148.308834      3.359    17.7365  36.448388    27.2423      3.329  247.39657  247.78462     3.0619     4.5884 -9.990e-29
 148.308837      3.370    17.7352  36.446502    27.2416      3.340  247.40414  247.79214     2.8440     4.6289 -9.990e-29
 148.308840      3.372    17.7335  36.446624    27.2428      3.342  247.40984  247.79777     2.0657     4.6733 -9.990e-29
 148.308843      3.381    17.7327  36.447050    27.2437      3.351  247.41235  247.80024     2.1747     4.7866 -9.990e-29
 148.308845      3.394    17.7330  36.447050    27.2435      3.363  247.41143  247.79933     1.9257     4.7623 -9.990e-29
 148.308848      3.414    17.7347  36.449302    27.2411      3.384  247.40707  247.79505     2.1591     4.7380 -9.990e-29
 148.308851      3.443    17.7351  36.445528    27.2428      3.413  247.40249  247.79047     2.4082     4.6471 0.0000e+00
 148.308854      3.483    17.7350  36.450154    27.2414      3.452  247.40525  247.79325     2.6572     4.5682 0.0000e+00
 148.308857      3.529    17.7350  36.446198    27.2438      3.498  247.40494  247.79289     2.7194     4.5561 0.0000e+00
 148.308860      3.575    17.7342  36.448450    27.2436      3.543  247.40525  247.79325     2.7817     4.5520 0.0000e+00
 148.308863      3.617    17.7334  36.447477    27.2438      3.584  247.40940  247.79732     2.8128     4.5520 0.0000e+00
 148.308866      3.649    17.7332  36.447964    27.2439      3.617  247.40985  247.79776     2.8673     4.7602 0.0000e+00
 148.308869      3.675    17.7330  36.447294    27.2442      3.642  247.41029  247.79819     2.8128     4.9685 -9.990e-29
 148.308872      3.693    17.7324  36.443703    27.2411      3.660  247.41838  247.80627     2.6883     4.9887 -9.990e-29
 148.308874      3.704    17.7318  36.445895    27.2433      3.671  247.41751  247.80537     2.7973     5.0332 -9.990e-29
 148.308877      3.706    17.7310  36.447295    27.2450      3.673  247.41836  247.80618     3.5599     5.0170 -9.990e-29
 148.308880      3.715    17.7304  36.446625    27.2448      3.682  247.42145  247.80925     3.4354     5.0090 -9.990e-29
 148.308883      3.728    17.7297  36.445956    27.2447      3.694  247.42517  247.81294     3.4665     4.9685 -9.990e-29
 148.308886      3.750    17.7266  36.444191    27.2449      3.716  247.43945  247.82710     3.4821     5.0292 -9.990e-29
 148.308889      3.783    17.7255  36.443704    27.2459      3.749  247.44345  247.83105     3.5833     4.8148 0.0000e+00
 148.308892      3.823    17.7243  36.444192    27.2449      3.788  247.44745  247.83500     3.5443     4.6005 0.0000e+00
 148.308895      3.864    17.7217  36.438836    27.2469      3.830  247.46417  247.85163     3.5443     4.5480 0.0000e+00
 148.308898      3.904    17.7194  36.441454    27.2478      3.870  247.46891  247.85627     3.5132     4.5480 0.0000e+00
 148.308900      3.948    17.7187  36.444375    27.2495      3.913  247.46952  247.85684     3.4743     4.5702 0.0000e+00
 148.308903      3.981    17.7180  36.443706    27.2511      3.945  247.47013  247.85742     3.4354     4.5925 -9.990e-29
 148.308906      4.005    17.7173  36.440602    27.2485      3.969  247.47818  247.86545     2.7194     4.8027 -9.990e-29
 148.308909      4.016    17.7177  36.441941    27.2493      3.980  247.47478  247.86206     2.8284     4.7866 -9.990e-29
 148.308912      4.036    17.7185  36.444802    27.2511      4.000  247.46773  247.85504     2.9685     4.7866 -9.990e-29
