seaocn-cb/data/ctd_cnv/SBE19plus_01907321_2024_05_23_Cast27.cnv
* Sea-Bird SBE19plus  Data File:
* FileName = E:\Prandtl_Daten\2024\CTD\raw\SBE19plus_01907321_2024_05_23_Cast27.hex
* Software version 2.6.1.12
* Temperature SN = 7321
* Conductivity SN = 7321
* System UpLoad Time = May 23 2024 09:52:19
* <ApplicationData>
* <Seaterm232>
** 20240522
** Sea Practical 2024
** MCat 23.05 CTD_NP7
** NMEA Latitude = 054 12.04N
** NMEA Longitude = 008 22.05E
** waterdepth = 14.3m
** Arved
# nquan = 11
# nvalues = 460                         
# units = specified
# name 0 = timeJ: Julian Days
# name 1 = prdM: Pressure, Strain Gauge [db]
# name 2 = tv290C: Temperature [ITS-90, deg C]
# name 3 = c0mS/cm: Conductivity [mS/cm]
# name 4 = sal00: Salinity, Practical [PSU]
# name 5 = depSM: Depth [salt water, m], lat = 54.00
# name 6 = oxsatMm/Kg: Oxygen Saturation, Weiss [umol/kg]
# name 7 = oxsolMm/Kg: Oxygen Saturation, Garcia & Gordon [umol/kg]
# name 8 = turbWETntu0: Turbidity, WET Labs ECO [NTU]
# name 9 = flECO-AFL: Fluorescence, WET Labs ECO-AFL/FL [mg/m^3]
# name 10 = flag:  0.000e+00
# span 0 = 144.406736, 144.408064       
# span 1 =      0.576,     13.442       
# span 2 =    13.7529,    14.0239       
# span 3 =  36.878261,  36.941239       
# span 4 =    30.3649,    30.5501       
# span 5 =      0.571,     13.321       
# span 6 =  260.71331,  261.83794       
# span 7 =  260.90412,  262.01160       
# span 8 =    -4.8136,    -2.4167       
# span 9 =     3.0599,     6.6830       
# span 10 = 0.0000e+00, 0.0000e+00      
# interval = seconds: 0.25
# start_time = May 23 2024 09:44:17 [Instrument's time stamp, header]
# bad_flag = -9.990e-29
*END*
 144.406736      0.576    14.0239  36.941239    30.3662      0.571  260.71331  260.90412    -4.5179     3.2500 -9.990e-29
 144.406739      0.583    14.0225  36.936221    30.3669      0.578  260.71912  260.90985    -4.5802     3.2176 -9.990e-29
 144.406742      0.656    14.0218  36.940933    30.3663      0.650  260.72438  260.91507    -4.6191     3.2298 0.0000e+00
 144.406745      0.742    14.0210  36.938302    30.3658      0.735  260.72963  260.92029    -4.5802     3.2176 0.0000e+00
 144.406748      0.813    14.0198  36.937446    30.3657      0.806  260.73576  260.92634    -4.5490     3.1489 0.0000e+00
 144.406751      0.864    14.0191  36.935366    30.3655      0.857  260.74041  260.93095    -4.4790     3.1185 0.0000e+00
 144.406753      0.899    14.0183  36.938487    30.3651      0.891  260.74505  260.93556    -4.5490     3.1489 -9.990e-29
 144.406756      0.915    14.0170  36.937263    30.3678      0.907  260.74692  260.93733    -4.5179     3.0599 -9.990e-29
 144.406759      0.921    14.0167  36.937141    30.3679      0.912  260.74829  260.93868    -4.3778     3.2136 -9.990e-29
 144.406762      0.915    14.0168  36.936039    30.3669      0.907  260.74981  260.94021    -4.3156     3.2823 -9.990e-29
 144.406765      0.904    14.0172  36.936590    30.3671      0.896  260.74744  260.93786    -4.0821     3.2095 -9.990e-29
 144.406768      0.913    14.0175  36.939833    30.3649      0.905  260.74984  260.94030    -4.6424     3.2500 -9.990e-29
 144.406771      0.957    14.0167  36.934448    30.3659      0.949  260.75251  260.94291    -4.5957     3.2541 0.0000e+00
 144.406774      1.023    14.0158  36.935305    30.3670      1.014  260.75517  260.94552    -4.6113     3.2500 0.0000e+00
 144.406777      1.098    14.0120  36.932430    30.3673      1.088  260.77454  260.96468    -4.6113     3.2176 0.0000e+00
 144.406780      1.163    14.0073  36.929922    30.3686      1.153  260.79709  260.98695    -4.6113     3.2055 0.0000e+00
 144.406782      1.209    14.0041  36.934206    30.3751      1.198  260.80139  260.99094    -4.4712     3.2176 0.0000e+00
 144.406785      1.247    14.0038  36.936715    30.3765      1.236  260.80199  260.99158    -4.4089     3.4016 0.0000e+00
 144.406788      1.276    14.0034  36.934696    30.3779      1.265  260.80139  260.99094    -4.3467     3.5977 -9.990e-29
 144.406791      1.294    14.0034  36.932065    30.3737      1.283  260.80910  260.99868    -4.4557     3.6584 -9.990e-29
 144.406794      1.313    14.0024  36.929250    30.3718      1.301  260.81755  261.00709    -4.2222     3.6301 -9.990e-29
 144.406797      1.335    14.0007  36.927231    30.3713      1.323  260.82760  261.01705    -4.5024     3.3228 -9.990e-29
 144.406800      1.351    13.9984  36.925151    30.3713      1.339  260.84008  261.02941    -4.4557     3.3511 -9.990e-29
 144.406803      1.357    13.9964  36.925885    30.3735      1.344  260.84674  261.03594    -4.6424     3.3147 -9.990e-29
 144.406806      1.369    13.9948  36.923438    30.3726      1.357  260.85721  261.04631    -4.4401     3.3551 -9.990e-29
 144.406808      1.386    13.9938  36.927232    30.3730      1.374  260.86153  261.05058    -4.5179     3.3713 -9.990e-29
 144.406811      1.417    13.9933  36.923133    30.3741      1.404  260.86213  261.05114    -4.5335     3.3713 0.0000e+00
 144.406814      1.461    13.9928  36.924724    30.3741      1.448  260.86273  261.05170    -4.5490     3.3713 0.0000e+00
 144.406817      1.508    13.9922  36.922460    30.3746      1.495  260.86694  261.05589    -4.5490     3.3592 0.0000e+00
 144.406820      1.543    13.9916  36.924296    30.3741      1.529  260.87116  261.06008    -4.5490     3.3470 -9.990e-29
 144.406823      1.566    13.9910  36.925397    30.3772      1.552  260.86868  261.05753    -4.6891     3.1125 -9.990e-29
 144.406826      1.577    13.9919  36.930598    30.3813      1.563  260.85689  261.04576    -4.4712     3.1165 -9.990e-29
 144.406829      1.575    13.9935  36.925152    30.3751      1.561  260.85947  261.04848    -4.5490     3.0721 -9.990e-29
 144.406832      1.577    13.9934  36.926498    30.3763      1.563  260.85754  261.04654    -4.6424     3.0842 -9.990e-29
 144.406834      1.595    13.9930  36.926315    30.3800      1.581  260.85297  261.04192    -4.7047     3.3066 -9.990e-29
 144.406837      1.638    13.9939  36.930170    30.3800      1.623  260.84807  261.03707    -4.7592     3.2925 0.0000e+00
 144.406840      1.687    13.9948  36.931883    30.3800      1.672  260.84318  261.03222    -4.8136     3.2783 0.0000e+00
 144.406843      1.730    13.9963  36.929252    30.3765      1.715  260.84172  261.03088    -4.8136     3.2783 0.0000e+00
 144.406846      1.772    13.9971  36.929252    30.3759      1.757  260.83854  261.02776    -4.3156     3.3349 0.0000e+00
 144.406849      1.798    13.9975  36.929925    30.3759      1.782  260.83654  261.02578    -4.3001     3.3531 0.0000e+00
 144.406852      1.827    13.9979  36.929925    30.3759      1.811  260.83454  261.02379    -4.2845     3.3349 -9.990e-29
 144.406855      1.851    14.0009  36.927906    30.3727      1.835  260.82434  261.01379    -4.5490     3.2338 -9.990e-29
 144.406858      1.878    14.0018  36.929069    30.3739      1.862  260.81737  261.00686    -4.5335     3.2378 0.0000e+00
 144.406861      1.911    14.0027  36.933291    30.3727      1.894  260.81611  261.00574    -4.5490     3.2338 0.0000e+00
 144.406863      1.966    14.0035  36.927906    30.3751      1.949  260.81040  260.99993    -4.5335     3.2257 0.0000e+00
 144.406866      2.037    14.0038  36.934699    30.3711      2.019  260.80739  260.99706    -4.5335     3.2257 0.0000e+00
 144.406869      2.107    14.0046  36.930599    30.3722      2.088  260.80378  260.99337    -4.4090     3.7109 0.0000e+00
 144.406872      2.165    14.0056  36.932741    30.3722      2.146  260.79981  260.98954    -4.4090     3.7190 0.0000e+00
 144.406875      2.209    14.0060  36.933781    30.3723      2.189  260.79751  260.98726    -4.4868     3.7150 0.0000e+00
 144.406878      2.236    14.0064  36.926989    30.3725      2.216  260.79521  260.98497    -4.5646     3.7190 -9.990e-29
 144.406881      2.231    14.0034  36.923685    30.3657      2.211  260.82354  261.01320    -4.5179     3.7473 -9.990e-29
 144.406884      2.211    14.0015  36.923624    30.3671      2.191  260.83092  261.02046    -4.1288     4.1396 -9.990e-29
 144.406887      2.172    13.9983  36.926990    30.3728      2.153  260.83817  261.02747    -4.0043     4.2124 -9.990e-29
 144.406889      2.134    13.9958  36.929927    30.3774      2.115  260.84292  261.03204    -4.0043     4.1881 -9.990e-29
 144.406892      2.105    13.9954  36.929254    30.3771      2.086  260.84576  261.03486    -4.0821     4.1962 -9.990e-29
 144.406895      2.096    13.9945  36.920198    30.3695      2.077  260.86391  261.05303    -4.5957     4.2811 -9.990e-29
 144.406898      2.112    13.9902  36.928398    30.3804      2.093  260.86729  261.05607    -4.4090     4.2973 -9.990e-29
 144.406901      2.148    13.9886  36.925644    30.3792      2.129  260.87828  261.06697    -4.6736     4.2932 -9.990e-29
 144.406904      2.199    13.9878  36.924727    30.3742      2.180  260.89156  261.08025    -4.5957     4.0991 -9.990e-29
 144.406907      2.258    13.9857  36.919587    30.3734      2.238  260.90395  261.09253    -4.5879     4.1092 0.0000e+00
 144.406910      2.327    13.9837  36.914327    30.3742      2.306  260.91633  261.10481    -4.5802     4.1194 0.0000e+00
 144.406913      2.396    13.9758  36.913899    30.3784      2.375  260.94799  261.13597    -4.5646     4.1194 0.0000e+00
 144.406916      2.467    13.9673  36.908395    30.3801      2.445  260.99037  261.17785    -4.5646     4.1517 0.0000e+00
 144.406918      2.528    13.9599  36.902584    30.3806      2.505  261.02917  261.21623    -4.4245     4.3418 0.0000e+00
 144.406921      2.581    13.9542  36.905766    30.3880      2.558  261.04610  261.23277    -4.4090     4.3862 0.0000e+00
 144.406924      2.626    13.9509  36.909865    30.3941      2.603  261.05218  261.23860    -4.2533     4.3903 0.0000e+00
 144.406927      2.674    13.9498  36.908703    30.3941      2.650  261.05879  261.24515    -4.4090     4.3903 0.0000e+00
 144.406930      2.716    13.9493  36.903076    30.3919      2.691  261.06535  261.25171    -4.3156     4.3964 0.0000e+00
 144.406933      2.745    13.9488  36.908581    30.3897      2.720  261.07192  261.25827    -4.4090     4.3903 -9.990e-29
 144.406936      2.767    13.9487  36.908704    30.3949      2.742  261.06293  261.24923    -4.2689     4.2609 -9.990e-29
 144.406939      2.783    13.9483  36.905767    30.3925      2.759  261.06926  261.25555    -4.4245     4.2164 -9.990e-29
 144.406942      2.798    13.9464  36.900385    30.3891      2.773  261.08576  261.27197    -4.2845     4.2164 -9.990e-29
 144.406944      2.800    13.9447  36.907359    30.3968      2.775  261.08092  261.26697    -4.7047     4.2690 -9.990e-29
 144.406947      2.794    13.9451  36.909867    30.3988      2.769  261.07502  261.26107    -4.5490     4.2932 -9.990e-29
 144.406950      2.783    13.9463  36.910723    30.3987      2.758  261.06922  261.25534    -4.5490     4.2892 -9.990e-29
 144.406953      2.778    13.9475  36.901241    30.3891      2.753  261.08025  261.26652    -4.5490     4.3498 -9.990e-29
 144.406956      2.772    13.9473  36.905768    30.3933      2.748  261.07334  261.25956    -3.6308     4.6005 -9.990e-29
 144.406959      2.774    13.9448  36.900323    30.3904      2.749  261.09226  261.27837    -3.7086     4.6046 -9.990e-29
 144.406962      2.776    13.9415  36.903260    30.3956      2.751  261.10022  261.28610    -3.7708     4.5520 -9.990e-29
 144.406965      2.789    13.9393  36.901486    30.3964      2.764  261.11082  261.29656    -4.0354     4.7016 -9.990e-29
 144.406968      2.821    13.9377  36.902159    30.3970      2.796  261.11856  261.30421    -4.0354     4.6854 0.0000e+00
 144.406970      2.861    13.9360  36.900570    30.3975      2.836  261.12630  261.31185    -4.0354     4.7016 0.0000e+00
 144.406973      2.915    13.9307  36.900387    30.4001      2.889  261.14733  261.33254    -4.0043     4.7259 0.0000e+00
 144.406976      2.971    13.9235  36.892681    30.4015      2.944  261.18841  261.37322    -4.0043     4.7259 0.0000e+00
 144.406979      3.037    13.9169  36.897636    30.4098      3.009  261.20618  261.39053    -4.1755     4.7421 0.0000e+00
 144.406982      3.108    13.9132  36.894395    30.4098      3.080  261.22617  261.41030    -4.3156     4.8270 0.0000e+00
 144.406985      3.173    13.9124  36.890420    30.4098      3.145  261.23051  261.41451    -4.3156     4.8391 0.0000e+00
 144.406988      3.234    13.9114  36.896047    30.4067      3.205  261.23601  261.42012    -4.3156     4.8553 0.0000e+00
 144.406991      3.287    13.9098  36.887484    30.4115      3.257  261.25115  261.43512    -4.3156     4.8553 0.0000e+00
 144.406994      3.332    13.9089  36.891766    30.4088      3.302  261.25140  261.43530    -4.3467     4.8108 0.0000e+00
 144.406997      3.367    13.9079  36.895375    30.4115      3.337  261.25166  261.43547    -4.3156     4.7663 -9.990e-29
 144.406999      3.383    13.9050  36.892440    30.4143      3.353  261.26165  261.44528    -4.2845     4.7259 -9.990e-29
 144.407002      3.394    13.9041  36.886813    30.4099      3.364  261.27448  261.45810    -4.3311     4.7785 -9.990e-29
 144.407005      3.396    13.9030  36.892256    30.4157      3.366  261.26983  261.45333    -4.3467     5.1586 -9.990e-29
 144.407008      3.398    13.9024  36.891767    30.4158      3.368  261.27326  261.45673    -4.3156     5.2233 -9.990e-29
 144.407011      3.405    13.9023  36.891094    30.4153      3.375  261.27468  261.45814    -4.5024     5.2152 -9.990e-29
 144.407014      3.415    13.9026  36.892929    30.4167      3.384  261.27047  261.45394    -4.3467     5.1586 -9.990e-29
 144.407017      3.427    13.9030  36.892012    30.4155      3.397  261.27026  261.45376    -4.2378     5.4335 -9.990e-29
 144.407020      3.447    13.9043  36.895376    30.4134      3.417  261.26726  261.45086    -4.2378     5.4861 -9.990e-29
 144.407023      3.480    13.9043  36.890850    30.4134      3.449  261.26726  261.45086    -4.2378     5.4861 0.0000e+00
 144.407025      3.507    13.9043  36.890728    30.4134      3.476  261.26726  261.45086    -4.2378     5.4861 -9.990e-29
 144.407028      3.526    13.9018  36.891095    30.4156      3.494  261.27650  261.45994    -4.3623     5.4174 -9.990e-29
 144.407031      3.537    13.8998  36.889994    30.4161      3.505  261.28620  261.46952    -4.2689     5.4214 -9.990e-29
 144.407034      3.546    13.8969  36.892013    30.4203      3.514  261.29452  261.47762    -4.5179     5.4335 -9.990e-29
 144.407037      3.553    13.8947  36.892931    30.4229      3.522  261.30174  261.48469    -4.2689     5.4618 -9.990e-29
 144.407040      3.559    13.8924  36.887977    30.4202      3.527  261.31900  261.50184    -4.1444     5.4174 -9.990e-29
 144.407043      3.570    13.8890  36.888589    30.4234      3.538  261.33110  261.51373    -4.3467     5.1707 -9.990e-29
 144.407046      3.593    13.8847  36.889323    30.4297      3.561  261.34276  261.52509    -4.4401     5.1262 -9.990e-29
 144.407049      3.637    13.8840  36.891770    30.4277      3.605  261.35066  261.53296    -4.2611     5.1545 0.0000e+00
 144.407052      3.692    13.8832  36.885960    30.4261      3.659  261.35856  261.54083    -4.0821     5.1828 0.0000e+00
 144.407054      3.758    13.8822  36.885716    30.4261      3.724  261.36221  261.54431    -3.9420     5.5185 0.0000e+00
 144.407057      3.825    13.8809  36.889080    30.4280      3.791  261.36280  261.54501    -3.9420     5.5589 0.0000e+00
 144.407060      3.896    13.8790  36.885105    30.4302      3.862  261.37614  261.55809    -4.0043     5.5468 0.0000e+00
 144.407063      3.968    13.8790  36.887062    30.4280      3.932  261.37643  261.55844    -4.0666     5.5468 0.0000e+00
 144.407066      4.024    13.8794  36.882537    30.4295      3.988  261.37614  261.55809    -4.1755     5.3648 0.0000e+00
 144.407069      4.073    13.8811  36.888592    30.4265      4.037  261.36290  261.54510    -4.2222     5.3567 0.0000e+00
 144.407072      4.113    13.8816  36.886145    30.4280      4.077  261.36275  261.54491    -4.1989     5.3486 0.0000e+00
 144.407075      4.144    13.8820  36.891344    30.4265      4.107  261.36290  261.54510    -4.2222     5.3567 -9.990e-29
 144.407078      4.157    13.8812  36.887063    30.4280      4.120  261.36461  261.54675    -4.3000     5.3405 -9.990e-29
 144.407080      4.159    13.8786  36.886390    30.4294      4.122  261.37622  261.55819    -4.2378     5.7166 -9.990e-29
 144.407083      4.155    13.8776  36.887491    30.4312      4.118  261.37818  261.56008    -4.2845     5.7206 -9.990e-29
 144.407086      4.146    13.8771  36.885045    30.4294      4.109  261.38427  261.56616    -4.2689     5.7328 -9.990e-29
 144.407089      4.143    13.8767  36.886819    30.4313      4.106  261.38278  261.56463    -4.3156     5.7045 -9.990e-29
 144.407092      4.141    13.8751  36.885351    30.4312      4.104  261.39134  261.57310    -4.2066     5.8015 -9.990e-29
 144.407095      4.148    13.8728  36.886146    30.4338      4.111  261.39934  261.58094    -4.3467     5.7530 -9.990e-29
 144.407098      4.161    13.8705  36.886819    30.4362      4.124  261.40726  261.58871    -4.1755     5.7449 -9.990e-29
 144.407101      4.185    13.8683  36.890061    30.4409      4.147  261.41034  261.59162    -4.2378     5.7813 -9.990e-29
 144.407104      4.203    13.8665  36.887493    30.4400      4.165  261.42161  261.60280    -3.9109     5.5912 -9.990e-29
 144.407106      4.228    13.8617  36.885903    30.4412      4.191  261.44554  261.62644    -4.0510     5.5670 -9.990e-29
 144.407109      4.256    13.8600  36.884680    30.4436      4.218  261.45061  261.63140    -4.1211     5.5751 0.0000e+00
 144.407112      4.285    13.8582  36.886821    30.4459      4.247  261.45569  261.63635    -4.1911     5.5832 0.0000e+00
