seaocn-cb/data/ctd_cnv/SBE19plus_01907321_2024_05_22_Cast17.cnv
* Sea-Bird SBE19plus  Data File:
* FileName = E:\Prandtl_Daten\2024\CTD\raw\SBE19plus_01907321_2024_05_22_Cast17.hex
* Software version 2.6.1.12
* Temperature SN = 7321
* Conductivity SN = 7321
* System UpLoad Time = May 22 2024 13:59:06
* <ApplicationData>
* <Seaterm232>
** 20240522
** Sea Practical 2024
** MCat 22.05 CTD_SP3
** NMEA Latitude = 54 06.98N
** NMEA Longitude = 008 30.58E
** waterdepth = 6.61m
** Arved
# nquan = 11
# nvalues = 167                         
# units = specified
# name 0 = timeJ: Julian Days
# name 1 = prdM: Pressure, Strain Gauge [db]
# name 2 = tv290C: Temperature [ITS-90, deg C]
# name 3 = c0mS/cm: Conductivity [mS/cm]
# name 4 = sal00: Salinity, Practical [PSU]
# name 5 = depSM: Depth [salt water, m], lat = 54.00
# name 6 = oxsatMm/Kg: Oxygen Saturation, Weiss [umol/kg]
# name 7 = oxsolMm/Kg: Oxygen Saturation, Garcia & Gordon [umol/kg]
# name 8 = turbWETntu0: Turbidity, WET Labs ECO [NTU]
# name 9 = flECO-AFL: Fluorescence, WET Labs ECO-AFL/FL [mg/m^3]
# name 10 = flag:  0.000e+00
# span 0 = 143.579786, 143.580266       
# span 1 =      0.703,      5.306       
# span 2 =    15.4673,    15.8820       
# span 3 =  35.863483,  36.141494       
# span 4 =    28.0203,    28.5529       
# span 5 =      0.697,      5.259       
# span 6 =  255.18287,  256.39400       
# span 7 =  255.48739,  256.67525       
# span 8 =    -1.7164,    40.1358       
# span 9 =     9.0971,    17.2248       
# span 10 = 0.0000e+00, 0.0000e+00      
# interval = seconds: 0.25
# start_time = May 22 2024 13:53:37 [Instrument's time stamp, header]
# bad_flag = -9.990e-29
*END*
[from data line 132]
 143.580168      4.132    15.4893  36.129781    28.5319      4.095  256.31161  256.59406    28.1669    13.6381 -9.990e-29
 143.580171      4.137    15.4906  36.129599    28.5308      4.100  256.30706  256.58958    28.2292    13.6502 -9.990e-29
 143.580174      4.168    15.4845  36.137121    28.5427      4.131  256.31751  256.59964    28.0268    13.6664 -9.990e-29
 143.580177      4.228    15.4829  36.138153    28.5435      4.191  256.32423  256.60627    26.7584    13.8767 0.0000e+00
 143.580179      4.305    15.4813  36.137304    28.5442      4.267  256.33094  256.61291    25.4899    14.0869 0.0000e+00
 143.580182      4.394    15.4787  36.135971    28.5449      4.355  256.34331  256.62515    25.4899    14.0869 0.0000e+00
 143.580185      4.479    15.4757  36.138398    28.5492      4.439  256.35110  256.63276    25.4276    14.1031 0.0000e+00
 143.580188      4.553    15.4728  36.136639    28.5497      4.513  256.36502  256.64654    25.4276    14.1031 0.0000e+00
 143.580191      4.614    15.4718  36.138156    28.5511      4.572  256.36780  256.64926    22.9140    13.0659 0.0000e+00
 143.580194      4.645    15.4708  36.137550    28.5525      4.603  256.37057  256.65197    20.4004    12.0287 -9.990e-29
 143.580197      4.663    15.4704  36.138399    28.5529      4.621  256.37174  256.65311    20.3226    12.0247 -9.990e-29
 143.580200      4.666    15.4706  36.136822    28.5514      4.625  256.37326  256.65466    20.2603    11.9964 -9.990e-29
 143.580203      4.665    15.4716  36.137064    28.5509      4.623  256.36926  256.65071    21.9412    14.6611 -9.990e-29
 143.580205      4.654    15.4727  36.133970    28.5474      4.612  256.36980  256.65132    21.9412    14.6854 -9.990e-29
 143.580208      4.652    15.4735  36.133970    28.5468      4.610  256.36647  256.64805    21.9412    14.6328 -9.990e-29
 143.580211      4.668    15.4746  36.138580    28.5465      4.627  256.36134  256.64297    21.9724    14.6530 -9.990e-29
 143.580214      4.696    15.4751  36.134577    28.5441      4.654  256.36275  256.64441    21.4977    15.9248 0.0000e+00
 143.580217      4.745    15.4757  36.130028    28.5417      4.702  256.36134  256.64297    21.0852    17.1965 0.0000e+00
 143.580220      4.794    15.4788  36.131119    28.5408      4.751  256.35041  256.63229    21.0229    17.2086 0.0000e+00
 143.580223      4.836    15.4798  36.133303    28.5406      4.793  256.34482  256.62674    21.0385    17.2167 0.0000e+00
 143.580226      4.869    15.4809  36.129360    28.5408      4.825  256.33922  256.62119    20.9918    17.2248 -9.990e-29
 143.580229      4.889    15.4824  36.129603    28.5365      4.845  256.33921  256.62129    23.7000    14.1921 -9.990e-29
 143.580231      4.894    15.4824  36.132696    28.5391      4.850  256.33415  256.61621    23.8089    14.2285 -9.990e-29
 143.580234      4.885    15.4814  36.136397    28.5431      4.842  256.33237  256.61435    23.7000    14.2285 -9.990e-29
 143.580237      4.874    15.4795  36.135062    28.5434      4.831  256.34197  256.62386    23.7000    14.1921 -9.990e-29
 143.580240      4.865    15.4781  36.133789    28.5432      4.821  256.34906  256.63088    24.0735    15.0493 -9.990e-29
 143.580243      4.863    15.4781  36.130877    28.5407      4.820  256.35385  256.63568    24.0424    15.0857 -9.990e-29
 143.580246      4.867    15.4784  36.129603    28.5397      4.823  256.35397  256.63583    24.0424    15.0614 -9.990e-29
 143.580249      4.901    15.4786  36.130028    28.5414      4.858  256.34990  256.63176    27.8867    14.7622 0.0000e+00
 143.580252      4.954    15.4788  36.134153    28.5408      4.910  256.34645  256.62836    31.7311    14.4711 0.0000e+00
 143.580255      5.035    15.4795  36.132212    28.5408      4.990  256.34645  256.62836    31.7311    14.4670 0.0000e+00
 143.580258      5.120    15.4795  36.128027    28.5408      5.074  256.34645  256.62836    31.7311    14.4711 0.0000e+00
 143.580260      5.208    15.4784  36.137975    28.5466      5.161  256.35265  256.63458    31.7000    14.4751 0.0000e+00
 143.580263      5.279    15.4731  36.141494    28.5494      5.232  256.35676  256.63826    31.7311    14.4751 0.0000e+00
 143.580266      5.306    15.4673  36.132032    28.5494      5.259  256.39400  256.67525    40.1358    14.4226 0.0000e+00
