seaocn-cb/data/ctd_cnv/SBE19plus_01907321_2024_05_29_Cast103.cnv
* Sea-Bird SBE19plus  Data File:
* FileName = E:\Prandtl_Daten\2024\29052024\raw\SBE19plus_01907321_2024_05_29_Cast103.hex
* Software version 2.6.1.12
* Temperature SN = 7321
* Conductivity SN = 7321
* System UpLoad Time = May 29 2024 08:35:28
* <ApplicationData>
* <Seaterm232>
** 20240527
** Sea Practical 2024
** MCat 27.05 CTD_SP1
** NMEA Latitude = 54 07.90N
** NMEA Longitude = 008 46.41E
** waterdepth = 13.0m
** Isabelle
# nquan = 11
# nvalues = 492                         
# units = specified
# name 0 = timeJ: Julian Days
# name 1 = prdM: Pressure, Strain Gauge [db]
# name 2 = tv290C: Temperature [ITS-90, deg C]
# name 3 = c0mS/cm: Conductivity [mS/cm]
# name 4 = sal00: Salinity, Practical [PSU]
# name 5 = depSM: Depth [salt water, m], lat = 54.00
# name 6 = oxsatMm/Kg: Oxygen Saturation, Weiss [umol/kg]
# name 7 = oxsolMm/Kg: Oxygen Saturation, Garcia & Gordon [umol/kg]
# name 8 = turbWETntu0: Turbidity, WET Labs ECO [NTU]
# name 9 = flECO-AFL: Fluorescence, WET Labs ECO-AFL/FL [mg/m^3]
# name 10 = flag:  0.000e+00
# span 0 = 150.354219, 150.355639       
# span 1 =      0.374,     11.645       
# span 2 =    18.2213,    18.2649       
# span 3 =  35.958049,  36.036939       
# span 4 =    26.5190,    26.5582       
# span 5 =      0.371,     11.540       
# span 6 =  246.03033,  246.29564       
# span 7 =  246.44183,  246.70577       
# span 8 =     4.7428,    32.1047       
# span 9 =     3.3308,     5.0373       
# span 10 = 0.0000e+00, 0.0000e+00      
# interval = seconds: 0.25
# start_time = May 29 2024 08:28:48 [Instrument's time stamp, header]
# bad_flag = -9.990e-29
*END*
 150.354219      0.374    18.2606  36.015426    26.5431      0.371  246.07243  246.48385     5.7389     3.4602 -9.990e-29
 150.354222      0.394    18.2592  36.014578    26.5438      0.391  246.07781  246.48917     5.6922     3.4764 -9.990e-29
 150.354225      0.432    18.2589  36.015184    26.5433      0.428  246.08010  246.49146     5.7778     3.4805 0.0000e+00
 150.354227      0.463    18.2586  36.013427    26.5427      0.459  246.08239  246.49374     5.6922     3.4845 0.0000e+00
 150.354230      0.491    18.2569  36.011913    26.5427      0.486  246.09073  246.50202     5.1941     3.6665 0.0000e+00
 150.354233      0.520    18.2559  36.012822    26.5432      0.515  246.09328  246.50452     5.1941     3.6746 0.0000e+00
 150.354236      0.548    18.2551  36.011247    26.5440      0.544  246.09775  246.50894     5.2875     3.6746 0.0000e+00
 150.354239      0.582    18.2545  36.013247    26.5445      0.576  246.09824  246.50946     5.3498     3.6624 0.0000e+00
 150.354242      0.611    18.2545  36.012338    26.5445      0.605  246.09894  246.51013     5.2875     3.3632 0.0000e+00
 150.354245      0.641    18.2546  36.012156    26.5444      0.636  246.09896  246.51016     5.3031     3.3612 0.0000e+00
 150.354248      0.669    18.2546  36.012580    26.5442      0.663  246.09894  246.51013     5.2564     3.3591 -9.990e-29
 150.354251      0.692    18.2547  36.010097    26.5425      0.686  246.10144  246.51264     5.2564     3.3308 -9.990e-29
 150.354253      0.713    18.2544  36.008825    26.5416      0.706  246.10411  246.51531     5.2720     3.3632 -9.990e-29
 150.354256      0.729    18.2545  36.007129    26.5402      0.723  246.10610  246.51731     5.9879     3.6746 -9.990e-29
 150.354259      0.746    18.2544  36.007311    26.5404      0.739  246.10617  246.51738     6.0035     3.7029 -9.990e-29
 150.354262      0.761    18.2542  36.007129    26.5403      0.754  246.10705  246.51826     6.1280     3.6826 -9.990e-29
 150.354265      0.782    18.2541  36.005797    26.5404      0.775  246.10739  246.51859     6.9685     3.5007 -9.990e-29
 150.354268      0.813    18.2540  36.007129    26.5401      0.806  246.10849  246.51968     6.9840     3.5331 0.0000e+00
 150.354271      0.846    18.2539  36.006221    26.5400      0.839  246.10958  246.52077     6.9996     3.5128 0.0000e+00
 150.354274      0.888    18.2538  36.006463    26.5400      0.880  246.10958  246.52077     7.0619     3.5492 0.0000e+00
 150.354277      0.934    18.2533  36.007191    26.5406      0.925  246.11082  246.52200     7.1163     3.5310 0.0000e+00
 150.354280      0.968    18.2529  36.007130    26.5412      0.960  246.11207  246.52322     7.1708     3.5492 -9.990e-29
 150.354282      0.989    18.2524  36.010583    26.5442      0.980  246.10907  246.52019     5.5988     3.4683 -9.990e-29
 150.354285      1.007    18.2529  36.010159    26.5436      0.998  246.10777  246.51891     5.5988     3.4562 -9.990e-29
 150.354288      1.016    18.2540  36.008402    26.5415      1.007  246.10639  246.51758     5.3498     3.5007 -9.990e-29
 150.354291      1.025    18.2548  36.008826    26.5412      1.016  246.10269  246.51391     4.8206     3.3713 -9.990e-29
 150.354294      1.036    18.2557  36.008644    26.5405      1.027  246.09980  246.51106     4.7739     3.4441 -9.990e-29
 150.354297      1.054    18.2560  36.011067    26.5409      1.045  246.09806  246.50932     4.8050     3.4036 -9.990e-29
 150.354300      1.082    18.2560  36.009250    26.5410      1.072  246.09791  246.50917     4.7428     3.4077 0.0000e+00
 150.354303      1.113    18.2560  36.009493    26.5409      1.103  246.09806  246.50932     4.8050     3.4117 0.0000e+00
 150.354306      1.143    18.2554  36.008826    26.5410      1.133  246.09851  246.50972     5.1941     3.5977 0.0000e+00
 150.354308      1.178    18.2549  36.011734    26.5435      1.167  246.09851  246.50972     5.2875     3.5977 0.0000e+00
 150.354311      1.212    18.2548  36.013006    26.5436      1.201  246.09851  246.50972     5.2875     3.5977 0.0000e+00
 150.354314      1.247    18.2547  36.011734    26.5443      1.236  246.09917  246.51038     5.2875     3.6058 0.0000e+00
 150.354317      1.273    18.2546  36.012340    26.5440      1.262  246.09923  246.51044     5.1553     3.6098 0.0000e+00
 150.354320      1.300    18.2545  36.014339    26.5443      1.289  246.09930  246.51050     4.9607     3.6139 -9.990e-29
 150.354323      1.319    18.2563  36.015854    26.5460      1.307  246.08799  246.49923     5.0074     3.6018 -9.990e-29
 150.354326      1.344    18.2573  36.014097    26.5438      1.332  246.08661  246.49791     5.2097     3.5977 -9.990e-29
 150.354329      1.363    18.2572  36.012825    26.5429      1.350  246.08897  246.50026     5.9879     3.6665 -9.990e-29
 150.354332      1.385    18.2564  36.011735    26.5425      1.372  246.09328  246.50455     6.0346     3.6260 -9.990e-29
 150.354334      1.405    18.2560  36.009736    26.5411      1.392  246.09724  246.50851     6.1280     3.6624 -9.990e-29
 150.354337      1.428    18.2534  36.007132    26.5385      1.416  246.11412  246.52530     6.5949     3.7635 -9.990e-29
 150.354340      1.454    18.2531  36.004467    26.5391      1.441  246.11461  246.52578     6.6027     3.7575 0.0000e+00
 150.354343      1.483    18.2531  36.005375    26.5391      1.470  246.11461  246.52578     6.6027     3.7575 0.0000e+00
 150.354346      1.511    18.2528  36.006890    26.5396      1.497  246.11510  246.52626     6.6105     3.7514 -9.990e-29
 150.354349      1.533    18.2529  36.005678    26.5397      1.519  246.11409  246.52525     6.4860     3.7150 -9.990e-29
 150.354352      1.557    18.2531  36.008404    26.5419      1.543  246.10978  246.52094     6.5794     3.7352 -9.990e-29
 150.354355      1.579    18.2550  36.006466    26.5390      1.564  246.10553  246.51677     9.5521     3.9536 -9.990e-29
 150.354358      1.604    18.2551  36.006466    26.5384      1.590  246.10612  246.51737     9.4899     3.9273 0.0000e+00
 150.354361      1.637    18.2551  36.005133    26.5390      1.622  246.10553  246.51677     9.5054     3.9010 0.0000e+00
 150.354363      1.670    18.2552  36.007132    26.5387      1.655  246.10553  246.51678     9.4665     3.9010 0.0000e+00
 150.354366      1.699    18.2551  36.006890    26.5395      1.684  246.10434  246.51558     9.5054     3.9010 -9.990e-29
 150.354369      1.723    18.2556  36.009495    26.5411      1.708  246.09929  246.51054     9.0074     3.7554 -9.990e-29
 150.354372      1.741    18.2560  36.008647    26.5402      1.725  246.09919  246.51046     9.1163     3.7352 -9.990e-29
 150.354375      1.757    18.2564  36.008828    26.5400      1.741  246.09739  246.50867     9.0229     3.7473 -9.990e-29
 150.354378      1.775    18.2566  36.011918    26.5424      1.759  246.09259  246.50386     8.8206     3.7878 -9.990e-29
 150.354381      1.795    18.2564  36.013432    26.5438      1.779  246.09117  246.50244     8.8362     3.7797 -9.990e-29
 150.354384      1.817    18.2568  36.015431    26.5509      1.801  246.07742  246.48866     8.8517     3.7635 -9.990e-29
 150.354387      1.846    18.2577  36.022459    26.5519      1.830  246.07147  246.48274     8.5015     3.9455 0.0000e+00
 150.354389      1.873    18.2586  36.026396    26.5529      1.857  246.06552  246.47682     8.3226     4.0951 0.0000e+00
 150.354392      1.906    18.2605  36.028153    26.5529      1.889  246.05626  246.46762     8.3226     4.1194 0.0000e+00
 150.354395      1.943    18.2613  36.027911    26.5524      1.925  246.05420  246.46562     8.3226     4.1194 0.0000e+00
 150.354398      1.983    18.2615  36.026457    26.5516      1.965  246.05399  246.46540     8.3381     4.1214 0.0000e+00
 150.354401      2.018    18.2617  36.028820    26.5509      2.000  246.05420  246.46562     8.3537     4.1234 -9.990e-29
 150.354404      2.042    18.2612  36.029062    26.5534      2.023  246.05259  246.46397     8.0268     4.1113 -9.990e-29
 150.354407      2.054    18.2615  36.033667    26.5569      2.036  246.04511  246.45649     8.0424     4.1274 -9.990e-29
 150.354410      2.071    18.2623  36.034273    26.5569      2.052  246.04148  246.45289     7.9646     4.1477 -9.990e-29
 150.354413      2.076    18.2630  36.034758    26.5569      2.058  246.03831  246.44975     8.0268     4.1396 -9.990e-29
 150.354416      2.085    18.2637  36.036939    26.5582      2.067  246.03286  246.44431     6.7973     3.4885 -9.990e-29
 150.354418      2.106    18.2645  36.034757    26.5548      2.087  246.03490  246.44639     6.8906     3.4724 -9.990e-29
 150.354421      2.133    18.2647  36.033364    26.5559      2.114  246.03199  246.44349     6.7817     3.4744 0.0000e+00
 150.354424      2.168    18.2649  36.036515    26.5556      2.148  246.03061  246.44212     6.6727     3.4764 0.0000e+00
 150.354427      2.208    18.2649  36.034939    26.5565      2.188  246.03033  246.44183     6.3770     3.7797 0.0000e+00
 150.354430      2.241    18.2648  36.035848    26.5560      2.221  246.03061  246.44212     6.2836     3.7959 0.0000e+00
 150.354433      2.276    18.2643  36.034758    26.5560      2.256  246.03371  246.44519     6.2836     3.7959 0.0000e+00
 150.354436      2.307    18.2637  36.032092    26.5553      2.286  246.03771  246.44918     6.2759     3.8039 0.0000e+00
 150.354439      2.333    18.2631  36.032093    26.5546      2.312  246.04172  246.45317     6.2681     3.8120 -9.990e-29
 150.354442      2.355    18.2611  36.033850    26.5573      2.334  246.04657  246.45794     6.5171     3.7109 -9.990e-29
 150.354444      2.376    18.2616  36.032699    26.5560      2.355  246.04626  246.45765     6.5171     3.7473 -9.990e-29
 150.354447      2.393    18.2620  36.029669    26.5533      2.371  246.04911  246.46053     6.5638     3.7109 -9.990e-29
 150.354450      2.407    18.2621  36.027307    26.5513      2.386  246.05200  246.46343     6.4237     3.7554 -9.990e-29
 150.354453      2.427    18.2618  36.024459    26.5491      2.406  246.05680  246.46823     6.3770     3.7109 -9.990e-29
 150.354456      2.447    18.2598  36.022884    26.5480      2.425  246.06797  246.47933     6.2992     3.7150 -9.990e-29
 150.354459      2.475    18.2594  36.021552    26.5489      2.453  246.06820  246.47955     6.3537     3.7170 0.0000e+00
 150.354462      2.505    18.2590  36.023309    26.5480      2.483  246.06843  246.47976     6.2992     3.7150 0.0000e+00
 150.354465      2.535    18.2585  36.020280    26.5499      2.512  246.07217  246.48346     5.5833     3.4926 0.0000e+00
 150.354468      2.569    18.2582  36.022885    26.5501      2.546  246.07285  246.48413     5.4899     3.4845 0.0000e+00
 150.354470      2.600    18.2578  36.023552    26.5503      2.577  246.07285  246.48413     5.5521     3.4724 0.0000e+00
 150.354473      2.633    18.2578  36.022885    26.5503      2.609  246.07345  246.48474     5.5521     3.4724 0.0000e+00
 150.354476      2.659    18.2580  36.020462    26.5492      2.635  246.07447  246.48577     6.9217     3.5593 0.0000e+00
 150.354479      2.686    18.2582  36.022219    26.5481      2.662  246.07549  246.48679     8.2914     3.6462 -9.990e-29
 150.354482      2.704    18.2586  36.022885    26.5498      2.680  246.07066  246.48198     8.2447     3.6058 -9.990e-29
 150.354485      2.718    18.2590  36.023128    26.5497      2.694  246.06878  246.48010     8.2759     3.6179 -9.990e-29
 150.354488      2.735    18.2596  36.025309    26.5512      2.710  246.06395  246.47529     8.2759     3.6260 -9.990e-29
 150.354491      2.748    18.2601  36.026641    26.5519      2.723  246.06027  246.47163     8.2292     3.6058 -9.990e-29
 150.354494      2.771    18.2607  36.027732    26.5508      2.747  246.05933  246.47071     8.2914     3.5735 -9.990e-29
 150.354497      2.797    18.2606  36.025733    26.5508      2.772  246.05980  246.47118     8.2914     3.5856 0.0000e+00
 150.354499      2.825    18.2604  36.025733    26.5509      2.799  246.06028  246.47166     8.2914     3.5977 0.0000e+00
 150.354502      2.860    18.2600  36.025733    26.5512      2.834  246.06187  246.47322     7.9801     3.7271 0.0000e+00
 150.354505      2.890    18.2599  36.026400    26.5515      2.865  246.06189  246.47324     7.9801     3.7271 0.0000e+00
 150.354508      2.921    18.2597  36.023795    26.5519      2.895  246.06192  246.47326     7.9801     3.7271 -9.990e-29
 150.354511      2.943    18.2584  36.024643    26.5534      2.917  246.06552  246.47680     7.8556     3.6584 -9.990e-29
 150.354514      2.969    18.2584  36.027248    26.5531      2.942  246.06641  246.47769     7.8634     3.6665 0.0000e+00
 150.354517      2.994    18.2584  36.026400    26.5528      2.967  246.06730  246.47859     7.8556     3.6746 0.0000e+00
 150.354520      3.020    18.2584  36.025310    26.5524      2.993  246.06789  246.47918     7.8634     3.6786 0.0000e+00
 150.354523      3.049    18.2584  36.026158    26.5519      3.022  246.06848  246.47977     7.8556     3.6826 -9.990e-29
 150.354525      3.067    18.2589  36.025552    26.5517      3.040  246.06629  246.47760     7.8556     3.5775 -9.990e-29
 150.354528      3.089    18.2590  36.024644    26.5508      3.061  246.06690  246.47822     7.8245     3.6058 -9.990e-29
 150.354531      3.113    18.2590  36.023311    26.5498      3.085  246.06903  246.48035     7.7934     3.5896 -9.990e-29
 150.354534      3.133    18.2576  36.023796    26.5511      3.105  246.07341  246.48468     8.6338     3.6988 -9.990e-29
 150.354537      3.160    18.2576  36.023796    26.5490      3.132  246.07686  246.48814     8.5794     3.6786 0.0000e+00
 150.354540      3.186    18.2576  36.018707    26.5504      3.157  246.07371  246.48499     8.5871     3.6584 0.0000e+00
 150.354543      3.219    18.2576  36.023130    26.5504      3.190  246.07371  246.48499     8.5249     3.6584 0.0000e+00
 150.354546      3.250    18.2576  36.024220    26.5504      3.221  246.07371  246.48499     8.5560     3.6624 0.0000e+00
 150.354549      3.279    18.2572  36.022463    26.5514      3.249  246.07416  246.48542     8.5560     3.6948 0.0000e+00
 150.354552      3.306    18.2572  36.024220    26.5509      3.277  246.07535  246.48661     9.0541     3.7474 0.0000e+00
 150.354554      3.334    18.2572  36.021797    26.5516      3.304  246.07416  246.48542     9.5521     3.7999 -9.990e-29
 150.354557      3.356    18.2570  36.022040    26.5500      3.326  246.07808  246.48933     9.4899     3.7918 -9.990e-29
 150.354560      3.376    18.2566  36.019617    26.5483      3.346  246.08293  246.49418     9.5366     3.7999 -9.990e-29
 150.354563      3.394    18.2554  36.016406    26.5464      3.364  246.09136  246.50258    11.4976     3.9576 -9.990e-29
 150.354566      3.409    18.2533  36.014104    26.5444      3.378  246.10471  246.51586    11.5599     3.9778 -9.990e-29
 150.354569      3.434    18.2528  36.012348    26.5440      3.404  246.10791  246.51905    11.5599     3.9839 0.0000e+00
 150.354572      3.461    18.2523  36.010410    26.5436      3.431  246.11111  246.52223    11.5599     3.9778 0.0000e+00
 150.354575      3.489    18.2512  36.009744    26.5435      3.458  246.11579  246.52687    10.6261     3.6220 0.0000e+00
 150.354578      3.522    18.2499  36.007321    26.5424      3.490  246.12379  246.53483    10.4860     3.6220 0.0000e+00
 150.354580      3.549    18.2496  36.005989    26.5421      3.517  246.12580  246.53682    10.4627     3.6139 0.0000e+00
 150.354583      3.578    18.2493  36.007140    26.5417      3.546  246.12780  246.53882    10.4860     3.6058 -9.990e-29
 150.354586      3.601    18.2479  36.004656    26.5416      3.569  246.13496  246.54593     8.3381     3.6139 -9.990e-29
 150.354589      3.627    18.2478  36.004051    26.5411      3.594  246.13611  246.54707     8.3692     4.6733 -9.990e-29
 150.354592      3.650    18.2476  35.999872    26.5378      3.618  246.14240  246.55338     8.3070     4.7138 -9.990e-29
 150.354595      3.678    18.2474  36.001386    26.5392      3.645  246.14131  246.55227     8.1513     4.6733 -9.990e-29
