seaocn-cb/data/ctd_cnv/SBE19plus_01907321_2024_05_24_Cast37.cnv
* Sea-Bird SBE19plus  Data File:
* FileName = E:\Prandtl_Daten\2024\CTD\raw\SBE19plus_01907321_2024_05_24_Cast37.hex
* Software version 2.6.1.12
* Temperature SN = 7321
* Conductivity SN = 7321
* System UpLoad Time = May 24 2024 08:56:13
* <ApplicationData>
* <Seaterm232>
** 20240524
** Sea Practical 2024
** MCat 23.05 CTD_Z1
** NMEA Latitude = 054 1.69N
** NMEA Longitude = 008 32.78E
** waterdepth = 12m
** Andreas
# nquan = 11
# nvalues = 449                         
# units = specified
# name 0 = timeJ: Julian Days
# name 1 = prdM: Pressure, Strain Gauge [db]
# name 2 = tv290C: Temperature [ITS-90, deg C]
# name 3 = c0mS/cm: Conductivity [mS/cm]
# name 4 = sal00: Salinity, Practical [PSU]
# name 5 = depSM: Depth [salt water, m], lat = 54.00
# name 6 = oxsatMm/Kg: Oxygen Saturation, Weiss [umol/kg]
# name 7 = oxsolMm/Kg: Oxygen Saturation, Garcia & Gordon [umol/kg]
# name 8 = turbWETntu0: Turbidity, WET Labs ECO [NTU]
# name 9 = flECO-AFL: Fluorescence, WET Labs ECO-AFL/FL [mg/m^3]
# name 10 = flag:  0.000e+00
# span 0 = 145.365605, 145.366901       
# span 1 =      0.407,     11.389       
# span 2 =    15.4285,    16.0380       
# span 3 =  34.842262,  35.265550       
# span 4 =    27.0483,    27.8155       
# span 5 =      0.404,     11.287       
# span 6 =  256.06271,  257.94418       
# span 7 =  256.38095,  258.22964       
# span 8 =    -3.6774,    25.9412       
# span 9 =     3.0963,    10.0918       
# span 10 = 0.0000e+00, 0.0000e+00      
# interval = seconds: 0.25
# start_time = May 24 2024 08:45:05 [Instrument's time stamp, header]
# bad_flag = -9.990e-29
*END*
 145.365605      0.407    16.0314  34.871253    27.0603      0.404  256.11953  256.43756    -3.5062     3.2702 -9.990e-29
 145.365608      0.422    16.0319  34.869339    27.0584      0.418  256.12054  256.43861    -3.5062     3.3025 -9.990e-29
 145.365611      0.466    16.0324  34.872090    27.0603      0.462  256.11425  256.43233    -3.0082     3.0963 -9.990e-29
 145.365613      0.486    16.0337  34.878010    27.0645      0.482  256.10038  256.41849    -3.1171     3.0963 -9.990e-29
 145.365616      0.492    16.0353  34.881898    27.0668      0.487  256.08831  256.40648    -3.0082     3.1044 -9.990e-29
 145.365619      0.484    16.0363  34.882017    27.0662      0.480  256.08408  256.40230    -3.0860     3.1084 -9.990e-29
 145.365622      0.497    16.0371  34.881180    27.0662      0.492  256.08010  256.39835    -3.4751     3.1812 -9.990e-29
 145.365625      0.533    16.0370  34.882615    27.0699      0.528  256.07420  256.39242    -3.5374     3.1670 0.0000e+00
 145.365628      0.582    16.0370  34.891109    27.0699      0.577  256.07420  256.39242    -3.5374     3.1670 0.0000e+00
 145.365631      0.615    16.0369  34.885606    27.0736      0.610  256.06829  256.38648    -3.5996     3.1529 -9.990e-29
 145.365634      0.637    16.0369  34.889913    27.0726      0.631  256.07012  256.38831    -3.5841     3.1448 -9.990e-29
 145.365637      0.646    16.0373  34.890690    27.0730      0.641  256.06740  256.38561    -3.1016     3.5088 -9.990e-29
 145.365639      0.654    16.0377  34.892365    27.0741      0.648  256.06333  256.38155    -3.0860     3.4683 -9.990e-29
 145.365642      0.657    16.0380  34.891946    27.0735      0.651  256.06271  256.38095    -3.1483     3.4562 -9.990e-29
 145.365645      0.670    16.0380  34.893382    27.0732      0.664  256.06336  256.38161    -3.6774     3.5532 -9.990e-29
 145.365648      0.697    16.0375  34.891528    27.0729      0.691  256.06637  256.38459    -3.6074     3.5452 0.0000e+00
 145.365651      0.736    16.0370  34.890033    27.0732      0.729  256.06937  256.38757    -3.6152     3.5371 0.0000e+00
 145.365654      0.792    16.0350  34.889674    27.0728      0.785  256.07772  256.39582    -3.5374     3.5371 0.0000e+00
 145.365657      0.843    16.0342  34.887521    27.0732      0.836  256.08262  256.40069    -3.5685     3.5472 0.0000e+00
 145.365660      0.873    16.0334  34.890452    27.0728      0.865  256.08752  256.40555    -3.5218     3.5775 -9.990e-29
 145.365663      0.887    16.0309  34.888539    27.0754      0.879  256.09566  256.41357    -3.1171     3.4724 -9.990e-29
 145.365666      0.893    16.0291  34.880524    27.0697      0.885  256.11487  256.43274    -3.0082     3.4683 -9.990e-29
 145.365668      0.895    16.0261  34.882438    27.0734      0.887  256.12351  256.44122    -2.9615     3.4724 -9.990e-29
 145.365671      0.902    16.0240  34.886805    27.0769      0.894  256.12784  256.44543    -2.3856     3.6826 -9.990e-29
 145.365674      0.928    16.0236  34.884951    27.0754      0.919  256.13271  256.45029    -2.3856     3.6887 0.0000e+00
 145.365677      0.970    16.0232  34.880764    27.0762      0.961  256.13759  256.45516    -2.3856     3.6826 0.0000e+00
 145.365680      1.035    16.0214  34.882021    27.0762      1.026  256.14258  256.46006    -2.3856     3.6948 0.0000e+00
 145.365683      1.103    16.0203  34.881184    27.0762      1.093  256.14541  256.46281    -2.4323     3.7109 0.0000e+00
 145.365686      1.148    16.0202  34.883696    27.0773      1.138  256.14682  256.46424    -2.8292     3.7190 0.0000e+00
 145.365689      1.185    16.0201  34.880825    27.0785      1.174  256.14541  256.46281    -3.2261     3.7271 -9.990e-29
 145.365692      1.203    16.0199  34.881184    27.0764      1.193  256.14984  256.46725    -3.2261     3.7312 -9.990e-29
 145.365694      1.220    16.0201  34.880347    27.0756      1.209  256.15049  256.46791    -3.2416     3.7433 -9.990e-29
 145.365697      1.236    16.0201  34.877357    27.0730      1.225  256.15468  256.47213    -3.3350     3.7109 -9.990e-29
 145.365700      1.263    16.0197  34.874606    27.0709      1.252  256.16039  256.47783    -3.2728     3.7433 -9.990e-29
 145.365703      1.287    16.0191  34.871496    27.0686      1.276  256.16758  256.48500    -3.3506     3.7271 -9.990e-29
 145.365706      1.309    16.0185  34.868925    27.0668      1.297  256.17364  256.49105    -3.3039     3.7190 -9.990e-29
 145.365709      1.331    16.0179  34.864261    27.0632      1.319  256.18316  256.50056    -3.3350     4.0385 -9.990e-29
 145.365712      1.349    16.0172  34.866414    27.0655      1.337  256.18273  256.50009    -3.2261     3.9495 -9.990e-29
 145.365715      1.360    16.0167  34.859418    27.0598      1.348  256.19513  256.51251    -3.3973     4.0021 -9.990e-29
 145.365718      1.378    16.0160  34.860674    27.0614      1.366  256.19605  256.51339    -3.2883     3.9980 -9.990e-29
 145.365720      1.396    16.0144  34.857744    27.0574      1.384  256.21121  256.52850    -3.2105     3.8484 -9.990e-29
 145.365723      1.422    16.0140  34.854755    27.0554      1.409  256.21690  256.53418    -3.2416     3.8727 0.0000e+00
 145.365726      1.465    16.0135  34.849493    27.0546      1.452  256.22258  256.53985    -3.2728     3.8970 0.0000e+00
 145.365729      1.518    16.0126  34.850151    27.0546      1.505  256.22535  256.54258    -3.3195     3.8970 0.0000e+00
 145.365732      1.569    16.0115  34.851646    27.0562      1.555  256.22749  256.54465    -3.3195     3.9212 0.0000e+00
 145.365735      1.620    16.0113  34.850750    27.0564      1.606  256.22911  256.54627    -3.3195     4.0991 0.0000e+00
 145.365738      1.659    16.0110  34.849375    27.0562      1.644  256.23074  256.54788    -3.3195     4.3134 -9.990e-29
 145.365741      1.668    16.0105  34.849315    27.0553      1.653  256.23479  256.55192    -3.3817     4.3094 -9.990e-29
 145.365744      1.659    16.0098  34.851647    27.0578      1.644  256.23408  256.55115    -3.3817     4.3215 -9.990e-29
 145.365747      1.651    16.0090  34.852902    27.0594      1.637  256.23529  256.55233    -3.2105     4.2609 -9.990e-29
 145.365749      1.657    16.0091  34.850750    27.0574      1.642  256.23792  256.55497    -3.2728     4.2285 -9.990e-29
 145.365752      1.677    16.0095  34.849315    27.0541      1.662  256.24211  256.55919    -3.3350     4.2649 -9.990e-29
 145.365755      1.721    16.0097  34.847163    27.0551      1.705  256.23941  256.55650    -3.2883     4.1315 0.0000e+00
 145.365758      1.781    16.0099  34.849734    27.0541      1.765  256.23671  256.55380    -3.3039     4.0183 0.0000e+00
 145.365761      1.843    16.0107  34.847821    27.0540      1.826  256.23651  256.55366    -3.2416     4.0061 0.0000e+00
 145.365764      1.903    16.0111  34.848658    27.0539      1.886  256.23434  256.55151    -3.2416     4.0122 0.0000e+00
 145.365767      1.940    16.0115  34.846566    27.0540      1.922  256.23217  256.54935    -3.1794     4.0061 -9.990e-29
 145.365770      1.962    16.0111  34.845370    27.0513      1.944  256.23840  256.55558    -3.3039     3.9900 -9.990e-29
 145.365773      1.976    16.0105  34.845490    27.0519      1.959  256.24072  256.55787    -3.3195     4.4428 -9.990e-29
 145.365775      1.986    16.0111  34.845311    27.0513      1.968  256.23881  256.55599    -3.2728     4.4550 -9.990e-29
 145.365778      1.993    16.0115  34.845310    27.0510      1.975  256.23695  256.55415    -3.3973     4.4226 -9.990e-29
 145.365781      2.004    16.0119  34.842560    27.0484      1.986  256.23985  256.55708    -3.3350     4.4307 -9.990e-29
 145.365784      2.020    16.0124  34.843816    27.0491      2.002  256.23579  256.55304    -2.8837     4.8027 -9.990e-29
 145.365787      2.044    16.0122  34.842262    27.0483      2.025  256.23837  256.55562    -2.9771     4.7906 -9.990e-29
 145.365790      2.071    16.0110  34.842740    27.0495      2.053  256.24210  256.55930    -3.0316     4.7886 0.0000e+00
 145.365793      2.100    16.0099  34.843577    27.0506      2.082  256.24584  256.56298    -2.9771     4.7906 0.0000e+00
 145.365796      2.126    16.0072  34.847404    27.0558      2.107  256.25099  256.56797    -2.4790     4.9038 0.0000e+00
 145.365799      2.157    16.0044  34.853084    27.0625      2.137  256.25335  256.57016    -2.4790     4.9038 0.0000e+00
 145.365802      2.188    16.0006  34.854340    27.0661      2.168  256.26611  256.58272    -2.4790     4.8998 0.0000e+00
 145.365804      2.223    15.9979  34.858227    27.0713      2.203  256.26881  256.58508    -2.4790     4.8998 0.0000e+00
 145.365807      2.257    15.9953  34.866419    27.0801      2.237  256.27086  256.58731    -3.0082     4.9887 0.0000e+00
 145.365810      2.299    15.9903  34.874015    27.0901      2.279  256.27699  256.59297    -3.1171     4.9887 0.0000e+00
 145.365813      2.337    15.9804  34.890044    27.1099      2.317  256.29142  256.60682    -3.0238     4.9887 0.0000e+00
 145.365816      2.379    15.9744  34.879699    27.1103      2.358  256.32272  256.63785    -3.0705     4.9807 0.0000e+00
 145.365819      2.410    15.9684  34.900156    27.1099      2.389  256.35401  256.66887    -3.0238     4.9968 -9.990e-29
 145.365822      2.432    15.9542  34.906319    27.1425      2.411  256.36953  256.68353    -2.9148     5.3769 -9.990e-29
 145.365825      2.456    15.9442  34.916909    27.1584      2.434  256.39240  256.70584    -2.8837     5.3729 -9.990e-29
 145.365828      2.474    15.9320  34.931032    27.1789      2.452  256.41892  256.73167    -2.8059     5.3648 -9.990e-29
 145.365830      2.498    15.9202  34.934205    27.1897      2.476  256.46010  256.77224    -3.0393     5.3769 -9.990e-29
 145.365833      2.522    15.9099  34.930855    27.1966      2.499  256.50077  256.81239    -2.4479     5.3648 -9.990e-29
 145.365836      2.551    15.9099  34.934027    27.1947      2.528  256.50423  256.81587    -2.4713     5.3729 0.0000e+00
 145.365839      2.582    15.9099  34.929659    27.1947      2.559  256.50423  256.81587    -2.4713     5.3729 0.0000e+00
 145.365842      2.613    15.9099  34.937379    27.1929      2.590  256.50770  256.81935    -2.4946     5.3810 -9.990e-29
 145.365845      2.637    15.9087  34.939713    27.2023      2.613  256.49687  256.80841    -2.2922     5.8136 -9.990e-29
 145.365848      2.663    15.9057  34.945459    27.2093      2.639  256.49999  256.81134    -2.3856     5.8136 -9.990e-29
 145.365851      2.687    15.9000  34.950727    27.2178      2.663  256.51438  256.82541    -2.3389     5.8096 -9.990e-29
 145.365854      2.708    15.8924  34.965992    27.2361      2.684  256.52108  256.83164    -2.4012     5.8258 -9.990e-29
 145.365856      2.725    15.8823  34.963000    27.2405      2.700  256.56502  256.87509    -2.6813     5.0898 -9.990e-29
 145.365859      2.745    15.8742  34.975454    27.2568      2.720  256.57781  256.88740    -2.7125     5.0979 -9.990e-29
 145.365862      2.763    15.8599  34.975934    27.2727      2.739  256.62325  256.93208    -2.5880     5.1626 -9.990e-29
 145.365865      2.794    15.8565  34.982521    27.2772      2.769  256.63243  256.94107    -2.5957     5.1505 0.0000e+00
 145.365868      2.833    15.8532  34.987611    27.2817      2.807  256.64160  256.95006    -2.6035     5.1626 0.0000e+00
 145.365871      2.873    15.8472  34.997553    27.2944      2.847  256.65010  256.95819    -2.6346     5.2273 0.0000e+00
 145.365874      2.913    15.8402  34.998212    27.2998      2.887  256.67670  256.98444    -2.6346     5.2475 0.0000e+00
 145.365877      2.949    15.8360  35.001567    27.3056      2.923  256.68805  256.99556    -2.6502     5.2273 0.0000e+00
 145.365880      2.984    15.8327  35.008395    27.3137      2.957  256.69041  256.99771    -2.6813     5.2597 0.0000e+00
 145.365883      3.019    15.8287  35.007737    27.3159      2.992  256.70723  257.01433    -2.6813     5.5387 0.0000e+00
 145.365885      3.050    15.8253  35.006060    27.3168      3.022  256.71416  257.02106    -2.7436     5.5589 0.0000e+00
 145.365888      3.077    15.8252  35.012170    27.3221      3.049  256.71416  257.02106    -2.6502     5.5589 0.0000e+00
 145.365891      3.111    15.8238  35.017501    27.3277      3.084  256.71416  257.02106    -2.8059     5.5589 0.0000e+00
 145.365894      3.142    15.8220  35.016004    27.3284      3.114  256.72008  257.02679    -2.7825     5.7611 0.0000e+00
 145.365897      3.173    15.8201  35.015345    27.3290      3.145  256.72850  257.03512    -2.9459     5.9633 -9.990e-29
 145.365900      3.193    15.8200  35.018400    27.3311      3.165  256.72520  257.03180    -3.0238     5.9430 -9.990e-29
 145.365903      3.206    15.8169  35.024930    27.3388      3.177  256.72737  257.03377    -2.9148     5.9713 -9.990e-29
 145.365906      3.226    15.8116  35.026608    27.3439      3.197  256.74558  257.05170    -2.4167     6.2342 -9.990e-29
 145.365909      3.239    15.8055  35.026189    27.3478      3.210  256.77006  257.07587    -2.3856     6.2342 -9.990e-29
 145.365911      3.255    15.8019  35.025531    27.3497      3.226  256.78531  257.09094    -2.4634     6.2301 -9.990e-29
 145.365914      3.275    15.7988  35.028766    27.3568      3.246  256.78866  257.09411    -2.3234     6.2423 -9.990e-29
 145.365917      3.305    15.7985  35.031283    27.3578      3.275  256.78845  257.09388    -2.4868     5.9977 0.0000e+00
 145.365920      3.337    15.7982  35.033200    27.3589      3.307  256.78866  257.09411    -2.6502     5.7530 0.0000e+00
 145.365923      3.376    15.7945  35.035357    27.3632      3.346  256.79922  257.10443    -2.6502     5.7530 0.0000e+00
 145.365926      3.418    15.7887  35.040211    27.3715      3.387  256.81477  257.11964    -2.6502     5.7813 0.0000e+00
 145.365929      3.460    15.7836  35.041051    27.3757      3.429  256.83331  257.13793    -2.6191     5.7853 0.0000e+00
 145.365932      3.494    15.7823  35.040632    27.3764      3.463  256.83875  257.14330    -2.4323     6.0583 0.0000e+00
 145.365935      3.526    15.7810  35.044227    27.3771      3.494  256.84418  257.14867    -2.1366     6.3312 -9.990e-29
 145.365938      3.546    15.7770  35.045546    27.3841      3.514  256.85220  257.15646    -2.1833     6.3555 -9.990e-29
 145.365940      3.569    15.7740  35.049321    27.3895      3.537  256.85854  257.16261    -2.1833     6.3474 -9.990e-29
 145.365943      3.593    15.7704  35.050161    27.3926      3.561  256.87119  257.17508    -2.1522     6.3514 -9.990e-29
 145.365946      3.615    15.7620  35.054536    27.4037      3.583  256.89519  257.19861    -2.2455     6.3474 -9.990e-29
 145.365949      3.648    15.7598  35.056154    27.4065      3.615  256.90147  257.20476    -2.2533     6.3575 0.0000e+00
 145.365952      3.679    15.7576  35.059091    27.4074      3.646  256.90774  257.21092    -2.2455     6.3676 0.0000e+00
 145.365955      3.714    15.7568  35.055316    27.4092      3.680  256.90774  257.21092    -1.9654     6.4202 0.0000e+00
 145.365958      3.748    15.7562  35.061848    27.4121      3.715  256.90716  257.21024    -1.9654     6.4202 0.0000e+00
 145.365961      3.785    15.7562  35.063167    27.4137      3.751  256.90716  257.21024    -1.9654     6.4121 0.0000e+00
 145.365964      3.817    15.7526  35.063767    27.4166      3.783  256.92018  257.22308    -1.9654     6.4121 0.0000e+00
 145.365966      3.854    15.7481  35.072518    27.4273      3.820  256.92448  257.22710    -1.9654     6.4121 0.0000e+00
 145.365969      3.887    15.7454  35.072399    27.4292      3.852  256.93540  257.23788    -2.0821     6.2484 0.0000e+00
 145.365972      3.916    15.7426  35.072280    27.4310      3.881  256.94632  257.24866    -2.2611     6.0846 -9.990e-29
 145.365975      3.938    15.7374  35.072280    27.4345      3.903  256.96693  257.26900    -2.1988     6.0967 -9.990e-29
 145.365978      3.954    15.7376  35.071860    27.4341      3.919  256.96696  257.26904    -2.1677     6.0927 -9.990e-29
 145.365981      3.971    15.7372  35.074438    27.4366      3.935  256.96459  257.26663    -0.9070     6.7679 -9.990e-29
