seaocn-cb/data/ctd_cnv/SBE19plus_01907321_2024_05_23_Cast32.cnv
* Sea-Bird SBE19plus  Data File:
* FileName = E:\Prandtl_Daten\2024\CTD\raw\SBE19plus_01907321_2024_05_23_Cast32.hex
* Software version 2.6.1.12
* Temperature SN = 7321
* Conductivity SN = 7321
* System UpLoad Time = May 23 2024 11:55:40
* <ApplicationData>
* <Seaterm232>
** 20240523
** Sea Practical 2024
** MCat 23.05 CTD_NP1
** NMEA Latitude = 054 10.22N
** NMEA Longitude = 008 39.52E
** waterdepth = 16m
** Clemens
# nquan = 11
# nvalues = 583                         
# units = specified
# name 0 = timeJ: Julian Days
# name 1 = prdM: Pressure, Strain Gauge [db]
# name 2 = tv290C: Temperature [ITS-90, deg C]
# name 3 = c0mS/cm: Conductivity [mS/cm]
# name 4 = sal00: Salinity, Practical [PSU]
# name 5 = depSM: Depth [salt water, m], lat = 54.00
# name 6 = oxsatMm/Kg: Oxygen Saturation, Weiss [umol/kg]
# name 7 = oxsolMm/Kg: Oxygen Saturation, Garcia & Gordon [umol/kg]
# name 8 = turbWETntu0: Turbidity, WET Labs ECO [NTU]
# name 9 = flECO-AFL: Fluorescence, WET Labs ECO-AFL/FL [mg/m^3]
# name 10 = flag:  0.000e+00
# span 0 = 144.491536, 144.493220       
# span 1 =      0.425,     14.771       
# span 2 =    17.0877,    17.8804       
# span 3 =  35.853718,  36.150846       
# span 4 =    26.8717,    27.2815       
# span 5 =      0.421,     14.638       
# span 6 =  247.28075,  250.47494       
# span 7 =  247.67618,  250.83698       
# span 8 =    -3.9420,    -1.0315       
# span 9 =     4.3701,    13.6664       
# span 10 = 0.0000e+00, 0.0000e+00      
# interval = seconds: 0.25
# start_time = May 23 2024 11:46:03 [Instrument's time stamp, header]
# bad_flag = -9.990e-29
*END*
[from data line 132]
 144.491918      4.044    17.5025  35.914360    26.9541      4.007  249.00376  249.38432    -2.8837     7.6050 -9.990e-29
 144.491921      4.047    17.4915  35.908069    26.9561      4.011  249.05334  249.43347    -3.2416     7.5322 -9.990e-29
 144.491924      4.058    17.4831  35.901899    26.9566      4.022  249.09311  249.47291    -3.3662     7.5120 -9.990e-29
 144.491927      4.074    17.4564  35.894277    26.9629      4.038  249.21189  249.59059    -3.2261     7.4998 -9.990e-29
 144.491930      4.100    17.4477  35.888230    26.9661      4.063  249.24828  249.62662    -3.2495     7.5038 0.0000e+00
 144.491933      4.138    17.4391  35.882062    26.9692      4.101  249.28466  249.66265    -3.2261     7.5079 0.0000e+00
 144.491936      4.189    17.4242  35.875532    26.9737      4.152  249.34955  249.72692    -1.8876     7.6373 0.0000e+00
 144.491939      4.240    17.4022  35.867249    26.9813      4.202  249.44304  249.81950    -1.8876     7.6414 0.0000e+00
 144.491942      4.289    17.3762  35.859813    26.9923      4.251  249.55026  249.92562    -1.8564     7.6535 0.0000e+00
 144.491944      4.337    17.3504  35.861328    27.0108      4.298  249.64454  250.01876    -1.9498     7.6575 0.0000e+00
 144.491947      4.371    17.3376  35.867438    27.0240      4.332  249.68380  250.05743    -3.5841     7.9729 0.0000e+00
 144.491950      4.408    17.3347  35.862238    27.0242      4.368  249.69851  250.07203    -3.5841     7.9729 0.0000e+00
 144.491953      4.434    17.3317  35.857219    27.0240      4.394  249.71322  250.08662    -3.5841     7.9729 -9.990e-29
 144.491956      4.441    17.3212  35.864598    27.0329      4.401  249.74875  250.12168    -3.5529     7.9810 -9.990e-29
 144.491959      4.450    17.3158  35.860244    27.0329      4.410  249.77511  250.14782    -3.5685     7.8961 -9.990e-29
 144.491962      4.455    17.3087  35.857222    27.0351      4.415  249.80611  250.17852    -3.5218     7.9042 -9.990e-29
 144.491965      4.459    17.2995  35.861758    27.0450      4.419  249.83387  250.20586    -3.5374     7.9163 -9.990e-29
 144.491968      4.472    17.2919  35.856740    27.0459      4.432  249.86956  250.24124    -3.6152     7.9002 -9.990e-29
 144.491970      4.492    17.2817  35.858918    27.0528      4.452  249.90714  250.27837    -2.4167     8.0457 -9.990e-29
 144.491973      4.521    17.2808  35.856983    27.0521      4.481  249.91303  250.28423    -2.4401     8.0457 0.0000e+00
 144.491976      4.560    17.2798  35.853718    27.0528      4.519  249.91221  250.28326    -2.4167     8.0457 0.0000e+00
 144.491979      4.603    17.2783  35.862426    27.0545      4.562  249.91892  250.29009    -2.3856     8.0457 0.0000e+00
 144.491982      4.642    17.2756  35.854142    27.0596      4.600  249.93420  250.30518    -2.3856     8.0296 0.0000e+00
 144.491985      4.684    17.2721  35.860250    27.0620      4.642  249.93862  250.30941    -3.6152     7.5888 0.0000e+00
 144.491988      4.717    17.2704  35.862246    27.0640      4.675  249.94374  250.31445    -3.6152     7.5766 0.0000e+00
 144.491991      4.746    17.2686  35.863093    27.0660      4.704  249.94885  250.31948    -3.6152     7.5888 -9.990e-29
 144.491994      4.768    17.2653  35.865029    27.0705      4.725  249.95736  250.32783    -3.5062     7.5928 -9.990e-29
 144.491997      4.786    17.2653  35.860009    27.0663      4.743  249.96448  250.33497    -3.3350     7.9568 -9.990e-29
 144.491999      4.790    17.2643  35.863517    27.0699      4.747  249.96324  250.33367    -3.2416     7.9689 -9.990e-29
 144.492002      4.808    17.2623  35.863215    27.0710      4.765  249.97113  250.34147    -3.2728     8.0012 -9.990e-29
 144.492005      4.826    17.2593  35.864606    27.0750      4.783  249.97881  250.34901    -3.1016     8.2196 -9.990e-29
 144.492008      4.855    17.2589  35.865695    27.0757      4.812  249.97973  250.34991    -3.0938     8.2236 0.0000e+00
 144.492011      4.892    17.2593  35.866602    27.0750      4.848  249.97881  250.34901    -3.1016     8.2236 0.0000e+00
 144.492014      4.934    17.2594  35.865514    27.0751      4.890  249.97849  250.34870    -3.0860     8.2277 0.0000e+00
 144.492017      4.974    17.2594  35.866119    27.0751      4.930  249.97849  250.34870    -3.1016     8.2236 0.0000e+00
 144.492020      5.011    17.2576  35.866119    27.0764      4.966  249.98450  250.35463    -3.4440     7.9972 0.0000e+00
 144.492023      5.043    17.2549  35.868962    27.0788      4.998  249.99073  250.36072    -3.5062     7.8799 0.0000e+00
 144.492025      5.069    17.2542  35.865696    27.0797      5.023  249.99569  250.36566    -3.5062     7.8597 0.0000e+00
 144.492028      5.094    17.2535  35.865696    27.0788      5.049  250.00065  250.37060    -3.5685     7.8395 -9.990e-29
 144.492031      5.113    17.2546  35.865031    27.0775      5.067  249.99727  250.36727    -3.5218     7.8476 -9.990e-29
 144.492034      5.127    17.2542  35.865515    27.0782      5.081  249.99815  250.36812    -3.3506     7.6535 -9.990e-29
 144.492037      5.133    17.2535  35.868479    27.0811      5.087  249.99643  250.36637    -3.3039     7.6373 -9.990e-29
 144.492040      5.145    17.2525  35.865697    27.0795      5.099  250.00442  250.37432    -3.2261     7.6373 -9.990e-29
 144.492043      5.160    17.2510  35.867451    27.0819      5.114  250.00753  250.37735    -3.2883     7.6373 -9.990e-29
 144.492046      5.180    17.2496  35.868358    27.0820      5.134  250.01437  250.38414    -3.0082     7.8355 -9.990e-29
 144.492049      5.207    17.2495  35.866363    27.0828      5.161  250.01344  250.38321    -3.0160     7.8415 0.0000e+00
 144.492052      5.240    17.2496  35.868117    27.0835      5.194  250.01252  250.38228    -3.0238     7.8476 0.0000e+00
 144.492054      5.284    17.2494  35.871624    27.0842      5.237  250.01225  250.38199    -3.0393     7.8638 0.0000e+00
 144.492057      5.330    17.2492  35.868782    27.0861      5.282  250.01201  250.38171    -3.2416     8.0093 0.0000e+00
 144.492060      5.379    17.2486  35.870718    27.0862      5.331  250.01201  250.38171    -3.2416     8.0296 0.0000e+00
 144.492063      5.419    17.2477  35.875556    27.0900      5.371  250.00958  250.37923    -3.2416     8.0296 0.0000e+00
 144.492066      5.459    17.2477  35.874649    27.0904      5.411  250.00893  250.37858    -3.2416     8.0296 0.0000e+00
 144.492069      5.492    17.2477  35.877311    27.0900      5.443  250.00958  250.37923    -3.3506     8.0296 -9.990e-29
 144.492072      5.516    17.2489  35.875133    27.0896      5.467  250.00458  250.37427    -2.3078     8.1347 -9.990e-29
 144.492075      5.523    17.2489  35.874649    27.0892      5.474  250.00527  250.37497    -2.3701     8.1145 -9.990e-29
 144.492078      5.529    17.2490  35.872472    27.0874      5.479  250.00805  250.37776    -2.4167     8.1104 -9.990e-29
 144.492080      5.529    17.2487  35.875980    27.0905      5.479  250.00400  250.37369    -2.3701     8.1145 -9.990e-29
 144.492083      5.536    17.2480  35.873561    27.0889      5.487  250.01023  250.37989    -3.3506     8.9111 -9.990e-29
 144.492086      5.552    17.2460  35.871626    27.0914      5.503  250.01582  250.38538    -3.3506     8.9313 -9.990e-29
 144.492089      5.580    17.2458  35.874892    27.0917      5.530  250.01599  250.38555    -3.3194     8.9394 0.0000e+00
 144.492092      5.620    17.2457  35.875315    27.0919      5.570  250.01617  250.38572    -3.2883     8.9313 0.0000e+00
 144.492095      5.667    17.2452  35.876646    27.0936      5.617  250.01617  250.38572    -3.1016     8.3005 0.0000e+00
 144.492098      5.717    17.2451  35.881848    27.0977      5.666  250.00881  250.37832    -3.0860     8.2964 0.0000e+00
 144.492101      5.761    17.2451  35.884268    27.0998      5.709  250.00636  250.37584    -3.0704     8.2722 0.0000e+00
 144.492104      5.802    17.2450  35.884268    27.0998      5.751  250.00619  250.37568    -3.0549     8.2621 0.0000e+00
 144.492106      5.835    17.2450  35.887534    27.0998      5.783  250.00636  250.37584    -3.0704     8.2520 -9.990e-29
 144.492109      5.852    17.2452  35.889047    27.1036      5.799  249.99867  250.36814    -3.5529     6.8124 -9.990e-29
 144.492112      5.864    17.2457  35.886446    27.1011      5.812  250.00051  250.37001    -3.5374     6.8245 -9.990e-29
 144.492115      5.862    17.2461  35.887776    27.1020      5.810  249.99738  250.36689    -3.5374     6.8326 -9.990e-29
 144.492118      5.864    17.2464  35.890801    27.1043      5.812  249.99185  250.36136    -3.7708     6.7720 -9.990e-29
 144.492121      5.870    17.2463  35.890801    27.1044      5.817  249.99216  250.36167    -3.8487     6.6466 -9.990e-29
 144.492124      5.888    17.2454  35.891890    27.1068      5.835  249.99251  250.36197    -3.7708     6.6062 -9.990e-29
 144.492127      5.923    17.2454  35.892979    27.1080      5.870  249.99079  250.36024    -3.7630     6.6122 0.0000e+00
 144.492130      5.965    17.2454  35.895641    27.1091      5.911  249.98907  250.35851    -3.7553     6.6183 0.0000e+00
 144.492133      6.008    17.2458  35.899573    27.1109      5.955  249.98166  250.35110    -3.6619     7.3057 0.0000e+00
 144.492135      6.061    17.2464  35.898666    27.1120      6.007  249.98080  250.35027    -3.6619     7.3260 0.0000e+00
 144.492138      6.103    17.2469  35.905745    27.1142      6.049  249.96994  250.33944    -3.6619     7.3260 0.0000e+00
 144.492141      6.140    17.2472  35.903506    27.1153      6.085  249.96943  250.33891    -3.6619     7.3280 0.0000e+00
 144.492144      6.167    17.2475  35.909375    27.1142      6.112  249.96994  250.33944    -3.6463     7.3300 -9.990e-29
 144.492147      6.184    17.2482  35.913308    27.1219      6.128  249.95327  250.32276    -3.5841     6.8043 -9.990e-29
 144.492150      6.196    17.2491  35.911130    27.1195      6.141  249.95327  250.32280    -3.4751     6.8043 -9.990e-29
 144.492153      6.207    17.2496  35.910948    27.1190      6.152  249.95167  250.32122    -3.5529     6.7882 -9.990e-29
 144.492156      6.218    17.2497  35.910041    27.1181      6.163  249.95234  250.32190    -3.0549     8.3409 -9.990e-29
 144.492159      6.235    17.2496  35.910464    27.1217      6.179  249.94706  250.31660    -3.0549     8.3733 -9.990e-29
 144.492161      6.262    17.2495  35.914216    27.1210      6.206  249.94862  250.31816    -3.0393     8.3834 0.0000e+00
 144.492164      6.299    17.2494  35.912461    27.1217      6.242  249.94947  250.31897    -3.0549     8.3935 0.0000e+00
 144.492167      6.342    17.2488  35.914519    27.1218      6.286  249.95019  250.31973    -3.0860     8.3935 0.0000e+00
 144.492170      6.388    17.2480  35.913127    27.1218      6.331  249.95457  250.32404    -3.1171     7.0591 0.0000e+00
 144.492173      6.432    17.2469  35.911796    27.1218      6.374  249.96051  250.32994    -3.0860     7.0591 0.0000e+00
 144.492176      6.472    17.2460  35.915730    27.1237      6.414  249.96130  250.33067    -3.1171     7.0591 0.0000e+00
 144.492179      6.503    17.2450  35.915730    27.1260      6.445  249.96208  250.33141    -3.0393     7.0591 -9.990e-29
 144.492182      6.528    17.2429  35.914883    27.1266      6.470  249.97107  250.34031    -3.2416     7.4028 -9.990e-29
 144.492185      6.550    17.2426  35.915730    27.1275      6.492  249.97112  250.34034    -3.2728     7.3866 -9.990e-29
 144.492188      6.561    17.2407  35.914883    27.1281      6.503  249.97946  250.34860    -3.3817     7.3826 -9.990e-29
 144.492190      6.567    17.2388  35.914218    27.1288      6.508  249.98723  250.35629    -3.2105     7.4230 -9.990e-29
 144.492193      6.570    17.2374  35.914400    27.1299      6.512  249.99224  250.36124    -3.8331     8.5633 -9.990e-29
 144.492196      6.580    17.2355  35.914400    27.1311      6.521  249.99938  250.36830    -3.7086     8.5795 -9.990e-29
 144.492199      6.600    17.2323  35.913674    27.1309      6.541  250.01553  250.38432    -3.7708     8.5552 -9.990e-29
 144.492202      6.627    17.2318  35.911557    27.1315      6.568  250.01706  250.38582    -3.7553     8.2984 0.0000e+00
 144.492205      6.660    17.2313  35.912041    27.1320      6.600  250.01859  250.38732    -3.7708     8.0498 0.0000e+00
 144.492208      6.702    17.2295  35.915490    27.1345      6.642  250.02023  250.38887    -3.7397     8.0498 0.0000e+00
 144.492211      6.744    17.2255  35.910469    27.1360      6.683  250.04257  250.41106    -3.7864     8.0498 0.0000e+00
 144.492214      6.791    17.2210  35.915068    27.1414      6.730  250.05281  250.42108    -3.7397     8.0255 0.0000e+00
 144.492216      6.835    17.2166  35.913132    27.1418      6.774  250.07201  250.44009    -3.7397     8.0174 0.0000e+00
 144.492219      6.871    17.2145  35.908716    27.1423      6.810  250.08307  250.45106    -3.7319     7.7546 0.0000e+00
 144.492222      6.897    17.2124  35.913557    27.1418      6.835  250.09412  250.46203    -3.7241     7.4918 -9.990e-29
 144.492225      6.919    17.2088  35.915070    27.1495      6.857  250.09845  250.46617    -3.7864     7.4554 -9.990e-29
 144.492228      6.935    17.2071  35.916401    27.1517      6.873  250.10277  250.47041    -3.8175     7.4311 -9.990e-29
 144.492231      6.941    17.2055  35.918338    27.1545      6.878  250.10622  250.47378    -3.2728     7.9406 -9.990e-29
 144.492234      6.955    17.2038  35.912045    27.1503      6.893  250.12136  250.48888    -3.2105     7.8961 -9.990e-29
 144.492237      6.970    17.2017  35.913982    27.1533      6.907  250.12637  250.49379    -3.3662     7.9163 -9.990e-29
 144.492240      6.988    17.1984  35.915979    27.1581      6.925  250.13441  250.50166    -3.5529     8.8423 -9.990e-29
 144.492242      7.019    17.1986  35.917068    27.1574      6.956  250.13475  250.50201    -3.5919     8.8241 0.0000e+00
 144.492245      7.055    17.1984  35.915737    27.1567      6.992  250.13508  250.50236    -3.5529     8.8100 0.0000e+00
 144.492248      7.094    17.1982  35.914406    27.1567      7.030  250.13916  250.50642    -3.5062     8.8100 0.0000e+00
 144.492251      7.137    17.1959  35.917251    27.1592      7.074  250.14382  250.51096    -3.4595     8.8100 0.0000e+00
 144.492254      7.176    17.1947  35.914407    27.1595      7.112  250.15035  250.51744    -3.2961     8.2156 0.0000e+00
 144.492257      7.207    17.1935  35.919914    27.1592      7.142  250.15687  250.52392    -3.0860     7.6050 -9.990e-29
 144.492260      7.229    17.1901  35.916404    27.1631      7.164  250.16677  250.53365    -3.0860     7.5564 -9.990e-29
 144.492263      7.249    17.1902  35.918825    27.1650      7.184  250.16272  250.52960    -3.0082     7.5928 -9.990e-29
 144.492266      7.265    17.1905  35.917494    27.1637      7.200  250.16369  250.53059    -3.0393     7.5686 -9.990e-29
 144.492269      7.276    17.1906  35.916586    27.1629      7.211  250.16467  250.53158    -3.2416     8.2196 -9.990e-29
 144.492271      7.287    17.1901  35.920096    27.1661      7.222  250.16124  250.52811    -3.2728     8.2398 -9.990e-29
 144.492274      7.304    17.1893  35.916405    27.1636      7.238  250.16959  250.53645    -3.3195     8.2317 -9.990e-29
 144.492277      7.327    17.1864  35.916586    27.1666      7.262  250.17858  250.54529    -3.2105     7.9042 -9.990e-29
 144.492280      7.360    17.1862  35.917736    27.1679      7.294  250.17752  250.54421    -3.2728     7.9083 0.0000e+00
 144.492283      7.402    17.1860  35.920339    27.1679      7.336  250.17858  250.54529    -3.3350     7.9042 0.0000e+00
 144.492286      7.450    17.1858  35.918826    27.1679      7.383  250.17924  250.54593    -3.3350     7.9002 0.0000e+00
 144.492289      7.495    17.1853  35.915982    27.1675      7.428  250.18548  250.55215    -3.3506     7.8961 0.0000e+00
 144.492292      7.530    17.1847  35.917495    27.1675      7.463  250.18548  250.55215    -3.4907     7.2047 0.0000e+00
