seaocn-cb/data/ctd_cnv/SBE19plus_01907321_2024_05_24_Cast35.cnv
* Sea-Bird SBE19plus  Data File:
* FileName = E:\Prandtl_Daten\2024\CTD\raw\SBE19plus_01907321_2024_05_24_Cast35.hex
* Software version 2.6.1.12
* Temperature SN = 7321
* Conductivity SN = 7321
* System UpLoad Time = May 24 2024 07:45:16
* <ApplicationData>
* <Seaterm232>
** 20240524
** Sea Practical 2024
** MCat 23.05 CTD_SP2
** NMEA Latitude = 054 6.07N
** NMEA Longitude = 008 34.90E
** waterdepth = 12m
** Till
# nquan = 11
# nvalues = 482                         
# units = specified
# name 0 = timeJ: Julian Days
# name 1 = prdM: Pressure, Strain Gauge [db]
# name 2 = tv290C: Temperature [ITS-90, deg C]
# name 3 = c0mS/cm: Conductivity [mS/cm]
# name 4 = sal00: Salinity, Practical [PSU]
# name 5 = depSM: Depth [salt water, m], lat = 54.00
# name 6 = oxsatMm/Kg: Oxygen Saturation, Weiss [umol/kg]
# name 7 = oxsolMm/Kg: Oxygen Saturation, Garcia & Gordon [umol/kg]
# name 8 = turbWETntu0: Turbidity, WET Labs ECO [NTU]
# name 9 = flECO-AFL: Fluorescence, WET Labs ECO-AFL/FL [mg/m^3]
# name 10 = flag:  0.000e+00
# span 0 = 145.318325, 145.319716       
# span 1 =      0.511,     11.890       
# span 2 =    16.2548,    16.7993       
# span 3 =  35.106200,  35.273749       
# span 4 =    26.7461,    27.2496       
# span 5 =      0.506,     11.783       
# span 6 =  252.79844,  254.66261       
# span 7 =  253.15170,  254.98950       
# span 8 =    -2.9304,     0.6494       
# span 9 =     4.5156,     8.2600       
# span 10 = 0.0000e+00, 0.0000e+00      
# interval = seconds: 0.25
# start_time = May 24 2024 07:37:03 [Instrument's time stamp, header]
# bad_flag = -9.990e-29
*END*
[from data line 132]
 145.318707      4.042    16.6245  35.123441    26.8744      4.006  253.45087  253.79601    -2.4323     5.8945 -9.990e-29
 145.318709      4.042    16.6277  35.123680    26.8724      4.006  253.43804  253.78333    -2.1055     6.1816 -9.990e-29
 145.318712      4.038    16.6312  35.126199    26.8723      4.002  253.42125  253.76668    -2.1055     6.3272 -9.990e-29
 145.318715      4.035    16.6342  35.124519    26.8688      3.999  253.41184  253.75743    -2.2922     6.3595 -9.990e-29
 145.318718      4.035    16.6364  35.124279    26.8671      3.999  253.40376  253.74945    -2.2144     6.3312 -9.990e-29
 145.318721      4.051    16.6375  35.125778    26.8659      4.015  253.40060  253.74635    -1.9965     6.5051 -9.990e-29
 145.318724      4.083    16.6378  35.123679    26.8669      4.047  253.39758  253.74333    -1.9421     6.5071 0.0000e+00
 145.318727      4.135    16.6377  35.126558    26.8660      4.098  253.39911  253.74487    -1.8876     6.5051 0.0000e+00
 145.318730      4.198    16.6377  35.124100    26.8667      4.161  253.39911  253.74487    -1.8409     6.4849 0.0000e+00
 145.318733      4.271    16.6367  35.124100    26.8667      4.233  253.39918  253.74487    -1.8409     6.4687 0.0000e+00
 145.318736      4.344    16.6367  35.127099    26.8689      4.305  253.39918  253.74486    -2.4479     5.9835 0.0000e+00
 145.318738      4.405    16.6371  35.127099    26.8689      4.365  253.39803  253.74377    -2.4479     5.9835 0.0000e+00
 145.318741      4.448    16.6373  35.125360    26.8680      4.409  253.39769  253.74341    -2.4479     5.9612 0.0000e+00
 145.318744      4.479    16.6376  35.123861    26.8671      4.439  253.39803  253.74377    -2.4012     5.9916 -9.990e-29
 145.318747      4.494    16.6384  35.124940    26.8662      4.454  253.39554  253.74132    -2.1988     6.1695 -9.990e-29
 145.318750      4.505    16.6380  35.126440    26.8678      4.465  253.39492  253.74067    -2.1055     6.1695 -9.990e-29
 145.318753      4.498    16.6367  35.124760    26.8672      4.458  253.40236  253.74806    -2.0743     6.1735 -9.990e-29
 145.318756      4.491    16.6355  35.124281    26.8676      4.450  253.40774  253.75339    -2.2455     6.1452 -9.990e-29
 145.318759      4.483    16.6346  35.126860    26.8704      4.443  253.40740  253.75300    -1.8720     6.1412 -9.990e-29
 145.318762      4.483    16.6343  35.126020    26.8699      4.443  253.40957  253.75515    -2.0276     5.9592 -9.990e-29
 145.318764      4.498    16.6329  35.120443    26.8661      4.458  253.42334  253.76889    -2.0121     5.9349 -9.990e-29
 145.318767      4.518    16.6300  35.123682    26.8716      4.478  253.42807  253.77346    -1.8097     5.9673 -9.990e-29
 145.318770      4.549    16.6297  35.124701    26.8712      4.509  253.43023  253.77560    -2.1755     6.1574 0.0000e+00
 145.318773      4.582    16.6300  35.123262    26.8710      4.541  253.42836  253.77376    -2.3545     6.3474 0.0000e+00
 145.318776      4.615    16.6302  35.124102    26.8710      4.574  253.42836  253.77376    -2.5413     6.3474 0.0000e+00
 145.318779      4.649    16.6315  35.127280    26.8710      4.608  253.41903  253.76455    -2.4479     6.3272 0.0000e+00
 145.318782      4.684    16.6326  35.124102    26.8708      4.642  253.41874  253.76418    -2.4479     6.3110 0.0000e+00
 145.318785      4.719    16.6329  35.126201    26.8708      4.676  253.41442  253.75995    -1.8720     6.1857 0.0000e+00
 145.318788      4.761    16.6329  35.126861    26.8708      4.718  253.41442  253.75995    -1.8253     6.1857 0.0000e+00
 145.318791      4.793    16.6324  35.124702    26.8699      4.751  253.41915  253.76465    -1.8253     6.1614 0.0000e+00
 145.318793      4.832    16.6312  35.123683    26.8699      4.789  253.42503  253.77048    -1.9654     6.1897 0.0000e+00
 145.318796      4.872    16.6304  35.123443    26.8698      4.828  253.42852  253.77394    -1.9654     6.4323 0.0000e+00
 145.318799      4.912    16.6291  35.121524    26.8702      4.868  253.43634  253.78171    -1.8876     6.4687 0.0000e+00
 145.318802      4.956    16.6276  35.121345    26.8694      4.911  253.44256  253.78785    -1.8409     6.4728 0.0000e+00
 145.318805      4.987    16.6270  35.116007    26.8684      4.942  253.44896  253.79424    -1.8331     6.4829 0.0000e+00
 145.318808      5.016    16.6263  35.121165    26.8666      4.971  253.45537  253.80063    -1.8409     6.4728 -9.990e-29
 145.318811      5.032    16.6242  35.120925    26.8721      4.987  253.45601  253.80115    -2.3856     6.2908 -9.990e-29
 145.318814      5.044    16.6239  35.122185    26.8734      4.999  253.45542  253.80054    -2.5568     6.3070 -9.990e-29
 145.318817      5.045    16.6242  35.122185    26.8732      5.000  253.45448  253.79962    -2.4323     6.3191 -9.990e-29
 145.318819      5.055    16.6242  35.123264    26.8741      5.009  253.45260  253.79773    -2.4479     6.2948 -9.990e-29
 145.318822      5.060    16.6239  35.122605    26.8737      5.015  253.45482  253.79993    -1.9343     6.4808 -9.990e-29
 145.318825      5.077    16.6236  35.121525    26.8730      5.031  253.45765  253.80276    -1.8564     6.4728 -9.990e-29
 145.318828      5.095    16.6214  35.120266    26.8751      5.049  253.46514  253.81014    -2.0432     6.5172 -9.990e-29
 145.318831      5.122    16.6207  35.122185    26.8752      5.077  253.46841  253.81338    -2.0043     6.6567 0.0000e+00
 145.318834      5.161    16.6200  35.121346    26.8753      5.115  253.47169  253.81663    -2.0276     6.7962 0.0000e+00
 145.318837      5.197    16.6199  35.121646    26.8753      5.151  253.47270  253.81764    -1.9654     6.8043 0.0000e+00
 145.318840      5.237    16.6199  35.121106    26.8760      5.191  253.47270  253.81764    -1.8409     6.8245 0.0000e+00
 145.318843      5.279    16.6203  35.124525    26.8774      5.232  253.46617  253.81111    -1.8409     6.8245 0.0000e+00
 145.318845      5.318    16.6208  35.124525    26.8778      5.270  253.46400  253.80897    -2.2455     6.0846 0.0000e+00
 145.318848      5.347    16.6210  35.125365    26.8776      5.299  253.46277  253.80775    -2.2611     6.0846 0.0000e+00
 145.318851      5.378    16.6212  35.118108    26.8778      5.330  253.46154  253.80652    -2.2767     6.0846 -9.990e-29
 145.318854      5.401    16.6186  35.122187    26.8768      5.353  253.47589  253.82077    -2.1833     6.1129 -9.990e-29
 145.318857      5.419    16.6173  35.120927    26.8766      5.371  253.48274  253.82756    -2.0432     6.0967 -9.990e-29
 145.318860      5.434    16.6165  35.116190    26.8731      5.385  253.49279  253.83760    -2.0899     5.8703 -9.990e-29
 145.318863      5.458    16.6153  35.118049    26.8755      5.409  253.49477  253.83951    -2.1522     5.9228 -9.990e-29
 145.318866      5.478    16.6149  35.116430    26.8744      5.429  253.49871  253.84344    -2.2144     5.8986 -9.990e-29
 145.318869      5.503    16.6156  35.116430    26.8739      5.454  253.49591  253.84068    -2.0121     5.8945 -9.990e-29
 145.318872      5.521    16.6167  35.119429    26.8757      5.472  253.48748  253.83228    -2.1522     6.2867 -9.990e-29
 145.318874      5.544    16.6169  35.118349    26.8747      5.494  253.48813  253.83295    -2.2767     6.2665 -9.990e-29
 145.318877      5.564    16.6163  35.116670    26.8715      5.514  253.49688  253.84169    -2.1833     6.2989 -9.990e-29
 145.318880      5.591    16.6155  35.114092    26.8744      5.541  253.49597  253.84074    -2.3467     6.2706 0.0000e+00
 145.318883      5.622    16.6147  35.119609    26.8770      5.572  253.49688  253.84169    -2.3856     6.2423 0.0000e+00
 145.318886      5.653    16.6128  35.117930    26.8770      5.602  253.50472  253.84935    -2.3856     6.2261 0.0000e+00
 145.318889      5.682    16.6110  35.114692    26.8770      5.631  253.51634  253.86090    -2.3856     6.2261 0.0000e+00
 145.318892      5.720    16.6052  35.115173    26.8798      5.669  253.53782  253.88210    -2.3856     6.2140 0.0000e+00
 145.318895      5.751    16.5934  35.118353    26.8903      5.700  253.57843  253.92215    -2.2300     6.1412 0.0000e+00
 145.318898      5.793    16.5807  35.120453    26.9006      5.741  253.62437  253.96748    -2.1522     6.1412 0.0000e+00
 145.318900      5.824    16.5708  35.118775    26.9058      5.772  253.66490  254.00756    -2.1522     6.1452 0.0000e+00
 145.318903      5.866    16.5592  35.119436    26.9142      5.814  253.70856  254.05067    -2.1833     6.1654 0.0000e+00
 145.318906      5.905    16.5510  35.120278    26.9201      5.852  253.73961  254.08133    -2.1989     6.1654 0.0000e+00
 145.318909      5.932    16.5427  35.119200    26.9259      5.879  253.77066  254.11199    -2.1833     6.1654 -9.990e-29
 145.318912      5.955    16.5239  35.116862    26.9356      5.902  253.84804  254.18850    -1.8876     6.1210 -9.990e-29
 145.318915      5.970    16.5178  35.113864    26.9372      5.917  253.87584  254.21603    -2.0432     6.0886 -9.990e-29
 145.318918      5.983    16.5224  35.117642    26.9373      5.929  253.85283  254.19322    -1.8097     6.0886 -9.990e-29
 145.318921      5.994    16.5297  35.117701    26.9324      5.940  253.82438  254.16511    -1.6852     6.8003 -9.990e-29
 145.318924      6.003    16.5293  35.116682    26.9319      5.949  253.82775  254.16847    -1.7475     6.8124 -9.990e-29
 145.318927      6.008    16.5220  35.117282    26.9372      5.955  253.85462  254.19499    -1.7319     6.8245 -9.990e-29
 145.318929      6.027    16.5135  35.121781    26.9468      5.973  253.88107  254.22101    -1.5763     6.7679 -9.990e-29
 145.318932      6.043    16.5027  35.123881    26.9558      5.989  253.91945  254.25887    -1.3428     6.6143 -9.990e-29
 145.318935      6.063    16.4857  35.124542    26.9704      6.009  253.97953  254.31813    -1.4206     6.6102 -9.990e-29
 145.318938      6.094    16.4815  35.127542    26.9766      6.040  253.98979  254.32816    -1.4129     6.6082 0.0000e+00
 145.318941      6.134    16.4773  35.135640    26.9829      6.079  254.00004  254.33819    -1.4206     6.6062 0.0000e+00
 145.318944      6.178    16.4642  35.142000    26.9972      6.123  254.04116  254.37865    -1.6385     6.0927 0.0000e+00
 145.318947      6.222    16.4478  35.142242    27.0084      6.166  254.10372  254.44045    -1.6385     6.0765 0.0000e+00
 145.318950      6.269    16.4460  35.138824    27.0085      6.213  254.11288  254.44952    -1.6385     6.0765 0.0000e+00
 145.318953      6.309    16.4460  35.140923    27.0089      6.253  254.11288  254.44952    -1.6697     6.0765 0.0000e+00
 145.318955      6.347    16.4467  35.143082    27.0089      6.291  254.10569  254.44235    -1.6697     6.0927 0.0000e+00
 145.318958      6.375    16.4474  35.143922    27.0097      6.318  254.10381  254.44050    -1.2806     6.4141 0.0000e+00
 145.318961      6.408    16.4467  35.144763    27.0105      6.350  254.10569  254.44235    -0.8448     6.7356 -9.990e-29
 145.318964      6.426    16.4373  35.139424    27.0130      6.368  254.14846  254.48470    -0.9381     6.7437 -9.990e-29
 145.318967      6.442    16.4421  35.136665    27.0074      6.385  254.13417  254.47065    -0.8915     6.7154 -9.990e-29
 145.318970      6.455    16.4507  35.140323    27.0047      6.397  254.09547  254.43234     0.6338     7.1683 -9.990e-29
 145.318973      6.470    16.4507  35.144222    27.0080      6.412  254.08973  254.42658     0.5249     7.1602 -9.990e-29
 145.318976      6.485    16.4445  35.143683    27.0117      6.427  254.11450  254.45106     0.5560     7.2127 -9.990e-29
 145.318979      6.508    16.4365  35.149263    27.0219      6.450  254.13711  254.47326     0.6494     7.1925 -9.990e-29
 145.318981      6.536    16.4264  35.153703    27.0325      6.477  254.16948  254.50512    -1.6852     6.9539 -9.990e-29
 145.318984      6.557    16.4158  35.150105    27.0365      6.499  254.21557  254.55073    -1.6852     6.9256 -9.990e-29
 145.318987      6.583    16.4091  35.152026    27.0428      6.524  254.23889  254.57371    -1.5607     6.9539 -9.990e-29
 145.318990      6.605    16.4040  35.148607    27.0433      6.546  254.26355  254.59815    -1.7319     6.9256 -9.990e-29
 145.318993      6.627    16.4025  35.151607    27.0468      6.567  254.26473  254.59924    -1.4518     7.0389 -9.990e-29
 145.318996      6.645    16.4038  35.154606    27.0485      6.586  254.25533  254.58989    -1.3739     7.0712 -9.990e-29
 145.318999      6.671    16.4054  35.156526    27.0490      6.611  254.24629  254.58091    -1.4362     7.0631 -9.990e-29
 145.319002      6.696    16.4038  35.155206    27.0532      6.636  254.24722  254.58175    -1.4518     7.0550 -9.990e-29
 145.319005      6.722    16.4033  35.160126    27.0558      6.662  254.24564  254.58013    -1.3662     7.2228 0.0000e+00
 145.319008      6.755    16.4027  35.165226    27.0583      6.694  254.24722  254.58175    -1.2806     7.3907 0.0000e+00
 145.319010      6.793    16.3958  35.173568    27.0700      6.732  254.25820  254.59227    -1.2183     7.4109 0.0000e+00
 145.319013      6.831    16.3849  35.173569    27.0774      6.770  254.30051  254.63406    -1.2027     7.4109 0.0000e+00
 145.319016      6.880    16.3770  35.175250    27.0842      6.819  254.32852  254.66168    -1.2027     7.4028 0.0000e+00
 145.319019      6.930    16.3730  35.178011    27.0892      6.868  254.33970  254.67265    -1.4829     6.1816 0.0000e+00
 145.319022      6.968    16.3709  35.177832    27.0906      6.905  254.34823  254.68109    -1.5218     6.1634 0.0000e+00
 145.319025      7.003    16.3687  35.178672    27.0920      6.940  254.35677  254.68952    -1.4829     6.1452 -9.990e-29
 145.319028      7.026    16.3661  35.174652    27.0910      6.964  254.37145  254.70409    -1.4051     6.1614 -9.990e-29
 145.319031      7.043    16.3698  35.163131    27.0787      6.980  254.37420  254.70709    -1.1560     6.8286 -9.990e-29
 145.319034      7.050    16.3789  35.161690    27.0713      6.987  254.34120  254.67453    -1.1872     6.8124 -9.990e-29
 145.319036      7.069    16.3853  35.165469    27.0701      7.005  254.31074  254.64436    -1.1249     6.7882 -9.990e-29
 145.319039      7.079    16.3852  35.165649    27.0704      7.016  254.31110  254.64471    -1.1716     6.8812 -9.990e-29
 145.319042      7.099    16.3827  35.169490    27.0753      7.036  254.31508  254.64854    -1.3584     7.8880 -9.990e-29
 145.319045      7.112    16.3804  35.169490    27.0769      7.048  254.32379  254.65715    -1.4985     7.9082 -9.990e-29
 145.319048      7.136    16.3777  35.171831    27.0807      7.072  254.33092  254.66413    -1.3895     7.8880 -9.990e-29
 145.319051      7.158    16.3757  35.170991    27.0813      7.094  254.33994  254.67306    -1.4829     7.9042 -9.990e-29
 145.319054      7.176    16.3729  35.177592    27.0888      7.112  254.34076  254.67371    -1.4673     7.9204 -9.990e-29
 145.319057      7.200    16.3682  35.176333    27.0910      7.135  254.36098  254.69371    -2.0743     6.5658 -9.990e-29
 145.319060      7.222    16.3633  35.179094    27.0966      7.157  254.37587  254.70835    -2.1833     6.5415 -9.990e-29
 145.319063      7.242    16.3596  35.176574    27.0969      7.177  254.39359  254.72591    -2.1522     6.5536 -9.990e-29
 145.319065      7.260    16.3570  35.179635    27.1029      7.195  254.39668  254.72885    -1.9187     6.6749 -9.990e-29
 145.319068      7.289    16.3573  35.181435    27.1045      7.224  254.39229  254.72447    -1.8954     6.6749 0.0000e+00
 145.319071      7.327    16.3570  35.185696    27.1061      7.262  254.39437  254.72645    -1.8720     6.6749 0.0000e+00
 145.319074      7.375    16.3558  35.186177    27.1077      7.309  254.39437  254.72645    -1.8720     6.6749 0.0000e+00
 145.319077      7.435    16.3498  35.190439    27.1154      7.368  254.41109  254.74286    -1.8564     6.6507 0.0000e+00
 145.319080      7.495    16.3438  35.194281    27.1227      7.428  254.42842  254.75989    -1.7786     6.4283 0.0000e+00
