seaocn-cb/data/ctd_cnv/SBE19plus_01907321_2024_05_28_Cast92.cnv
* Sea-Bird SBE19plus  Data File:
* FileName = E:\Prandtl_Daten\2024\28052024\raw\SBE19plus_01907321_2024_05_28_Cast92.hex
* Software version 2.6.1.12
* Temperature SN = 7321
* Conductivity SN = 7321
* System UpLoad Time = May 28 2024 11:46:51
* <ApplicationData>
* <Seaterm232>
** 20240527
** Sea Practical 2024
** MCat 27.05 CTD_SP7
** NMEA Latitude = 54 8.35N
** NMEA Longitude = 008 20.85E
** waterdepth = 14.0m
** Isabelle
# nquan = 11
# nvalues = 478                         
# units = specified
# name 0 = timeJ: Julian Days
# name 1 = prdM: Pressure, Strain Gauge [db]
# name 2 = tv290C: Temperature [ITS-90, deg C]
# name 3 = c0mS/cm: Conductivity [mS/cm]
# name 4 = sal00: Salinity, Practical [PSU]
# name 5 = depSM: Depth [salt water, m], lat = 54.00
# name 6 = oxsatMm/Kg: Oxygen Saturation, Weiss [umol/kg]
# name 7 = oxsolMm/Kg: Oxygen Saturation, Garcia & Gordon [umol/kg]
# name 8 = turbWETntu0: Turbidity, WET Labs ECO [NTU]
# name 9 = flECO-AFL: Fluorescence, WET Labs ECO-AFL/FL [mg/m^3]
# name 10 = flag:  0.000e+00
# span 0 = 149.487167, 149.488547       
# span 1 =      0.408,     13.352       
# span 2 =    15.0699,    16.5850       
# span 3 =  37.169418,  37.825298       
# span 4 =    28.6906,    30.3416       
# span 5 =      0.405,     13.232       
# span 6 =  250.53985,  255.29177       
# span 7 =  250.87172,  255.53935       
# span 8 =    -4.1755,    16.7272       
# span 9 =     1.7417,     6.9620       
# span 10 = 0.0000e+00, 0.0000e+00      
# interval = seconds: 0.25
# start_time = May 28 2024 11:40:21 [Instrument's time stamp, header]
# bad_flag = -9.990e-29
*END*
 149.487167      0.408    16.5534  37.242954    28.7313      0.405  250.61893  250.94910    -3.9109     1.8347 0.0000e+00
 149.487170      0.447    16.5552  37.229509    28.7185      0.443  250.61893  250.94910    -3.8487     1.8347 0.0000e+00
 149.487173      0.580    16.5644  37.218090    28.7021      0.575  250.61483  250.94567    -3.8020     1.8387 0.0000e+00
 149.487176      0.771    16.5757  37.214284    28.6906      0.764  250.57846  250.90988    -3.2728     1.9924 0.0000e+00
 149.487179      0.968    16.5850  37.216739    28.6906      0.960  250.53985  250.87172    -3.2728     1.9924 0.0000e+00
 149.487182      1.122    16.5850  37.234542    28.7012      1.112  250.53985  250.87172    -3.2416     2.0005 0.0000e+00
 149.487185      1.207    16.5765  37.238412    28.7090      1.197  250.54343  250.87475    -3.2572     1.9965 0.0000e+00
 149.487188      1.233    16.5680  37.235652    28.7167      1.222  250.57199  250.90290    -3.1638     2.0005 -9.990e-29
 149.487190      1.206    16.5369  37.222331    28.7252      1.195  250.71073  251.04021    -4.0666     2.1056 -9.990e-29
 149.487193      1.142    16.5376  37.229084    28.7305      1.131  250.69812  251.02759    -4.1755     2.0975 -9.990e-29
 149.487196      1.034    16.5320  37.241056    28.7448      1.024  250.70125  251.03038    -4.1599     2.0814 -9.990e-29
 149.487199      0.913    16.5129  37.249163    28.7655      0.905  250.76010  251.08825    -4.0199     2.0773 -9.990e-29
 149.487202      0.811    16.4889  37.249349    28.7830      0.804  250.84850  251.17548    -3.8175     1.8994 -9.990e-29
 149.487205      0.782    16.4688  37.249352    28.7975      0.775  250.92311  251.24909    -3.8175     1.8913 -9.990e-29
 149.487208      0.828    16.4545  37.250090    28.8084      0.820  250.97508  251.30036    -3.7708     1.8913 -9.990e-29
 149.487211      0.946    16.4440  37.252180    28.8176      0.938  251.01073  251.33547    -3.8798     1.9156 -9.990e-29
 149.487214      1.098    16.4326  37.255068    28.8282      1.088  251.04887  251.37304    -3.8487     1.7417 -9.990e-29
 149.487216      1.227    16.4333  37.255068    28.8265      1.216  251.04867  251.37288    -3.8175     1.7518 0.0000e+00
 149.487219      1.317    16.4333  37.252121    28.8265      1.305  251.04867  251.37288    -3.8175     1.7518 0.0000e+00
 149.487222      1.359    16.4339  37.253717    28.8248      1.347  251.04846  251.37271    -3.7864     1.7619 -9.990e-29
 149.487225      1.368    16.4377  37.253042    28.8228      1.356  251.03306  251.35749    -3.7864     2.0814 -9.990e-29
 149.487228      1.344    16.4382  37.248252    28.8183      1.332  251.03829  251.36277    -3.8331     2.0531 -9.990e-29
 149.487231      1.309    16.4350  37.250893    28.8229      1.298  251.04637  251.37067    -3.6774     2.1016 -9.990e-29
 149.487234      1.273    16.4289  37.252121    28.8284      1.261  251.06700  251.39100    -3.7864     2.0894 -9.990e-29
 149.487237      1.263    16.4221  37.250280    28.8317      1.252  251.09516  251.41883    -3.7708     2.1178 -9.990e-29
 149.487240      1.289    16.4076  37.248930    28.8384      1.278  251.15523  251.47821    -3.8175     2.0894 -9.990e-29
 149.487242      1.364    16.4031  37.245923    28.8426      1.352  251.17046  251.49320    -3.8331     2.0814 0.0000e+00
 149.487245      1.461    16.3985  37.248257    28.8469      1.448  251.18568  251.50819    -3.8175     2.0773 0.0000e+00
 149.487248      1.545    16.3907  37.250776    28.8547      1.531  251.21075  251.53287    -3.7708     2.0773 0.0000e+00
 149.487251      1.610    16.3836  37.248751    28.8581      1.596  251.24041  251.56218    -3.7708     2.4008 0.0000e+00
 149.487254      1.660    16.3809  37.248506    28.8599      1.645  251.25034  251.57198    -3.7164     2.4089 0.0000e+00
 149.487257      1.692    16.3783  37.244577    28.8616      1.677  251.26026  251.58177    -3.8175     2.4008 -9.990e-29
 149.487260      1.698    16.3634  37.242307    28.8671      1.683  251.32478  251.64559    -3.8642     2.4089 -9.990e-29
 149.487263      1.690    16.3561  37.241325    28.8715      1.675  251.35346  251.67390    -3.5374     2.5585 -9.990e-29
 149.487266      1.676    16.3525  37.240957    28.8738      1.661  251.36746  251.68772    -3.6308     2.5787 -9.990e-29
 149.487269      1.667    16.3471  37.238440    28.8755      1.652  251.39092  251.71093    -3.5062     2.6192 -9.990e-29
 149.487271      1.670    16.3396  37.237397    28.8800      1.655  251.42028  251.73993    -3.4751     2.6192 -9.990e-29
 149.487274      1.688    16.3251  37.235495    28.8866      1.673  251.48118  251.80012    -3.6619     2.7243 -9.990e-29
 149.487277      1.731    16.3212  37.232856    28.8873      1.715  251.49917  251.81794    -3.6619     2.7365 0.0000e+00
 149.487280      1.771    16.3212  37.227946    28.8873      1.755  251.49917  251.81794    -3.6619     2.7365 0.0000e+00
 149.487283      1.806    16.3173  37.225430    28.8880      1.789  251.51717  251.83576    -3.6619     2.7486 -9.990e-29
 149.487286      1.831    16.3055  37.226106    28.8949      1.815  251.56390  251.88191    -3.9265     2.6677 -9.990e-29
 149.487289      1.844    16.3027  37.224756    28.8958      1.827  251.57637  251.89424    -3.7553     2.6960 -9.990e-29
 149.487292      1.855    16.2993  37.221933    28.8958      1.838  251.59312  251.91084    -3.8331     2.6353 -9.990e-29
 149.487295      1.866    16.2953  37.225002    28.9014      1.849  251.60354  251.92104    -3.9109     2.6434 -9.990e-29
 149.487297      1.877    16.2931  37.224143    28.9022      1.860  251.61319  251.93058    -3.8020     2.6960 -9.990e-29
 149.487300      1.897    16.2899  37.222241    28.8994      1.880  251.63360  251.95087    -3.8331     2.6960 -9.990e-29
 149.487303      1.932    16.2899  37.218251    28.8985      1.914  251.63505  251.95234    -3.7553     2.7020 0.0000e+00
 149.487306      1.990    16.2900  37.216103    28.8975      1.972  251.63651  251.95380    -3.7708     2.7081 0.0000e+00
 149.487309      2.069    16.2900  37.208369    28.8907      2.050  251.64770  251.96504    -3.6774     2.7122 0.0000e+00
 149.487312      2.151    16.2891  37.207388    28.8907      2.132  251.65279  251.97008    -3.5996     2.7607 0.0000e+00
 149.487315      2.222    16.2878  37.208800    28.8921      2.202  251.65655  251.97377    -3.5919     2.7769 0.0000e+00
 149.487318      2.275    16.2865  37.204995    28.8936      2.254  251.66031  251.97747    -3.5841     2.7930 -9.990e-29
 149.487321      2.293    16.2764  37.203339    28.8962      2.273  251.70613  252.02281    -3.5685     2.8375 -9.990e-29
 149.487323      2.287    16.2708  37.200823    28.8981      2.267  251.73079  252.04720    -3.3350     3.1044 -9.990e-29
 149.487326      2.271    16.2649  37.197142    28.8992      2.251  251.75807  252.07421    -3.3350     3.1044 -9.990e-29
 149.487329      2.247    16.2592  37.196958    28.9032      2.227  251.77956  252.09542    -3.3817     3.1125 -9.990e-29
 149.487332      2.227    16.2550  37.194136    28.9038      2.207  251.79929  252.11495    -3.3506     3.0923 -9.990e-29
 149.487335      2.216    16.2513  37.191252    28.9040      2.196  251.81761  252.13310    -3.4284     2.9184 -9.990e-29
 149.487338      2.216    16.2456  37.186282    28.9039      2.196  251.84622  252.16145    -3.6308     2.8416 -9.990e-29
 149.487341      2.238    16.2343  37.186713    28.9121      2.218  251.88785  252.20251    -3.7086     2.8173 -9.990e-29
 149.487344      2.275    16.2320  37.186468    28.9130      2.254  251.89781  252.21236    -3.6074     2.8315 0.0000e+00
 149.487347      2.324    16.2297  37.184750    28.9140      2.303  251.90777  252.22220    -3.6152     2.8456 0.0000e+00
 149.487350      2.384    16.2260  37.183524    28.9156      2.363  251.92338  252.23763    -3.6152     3.5128 0.0000e+00
 149.487352      2.442    16.2227  37.182788    28.9173      2.421  251.93676  252.25086    -3.6152     3.5371 0.0000e+00
 149.487355      2.497    16.2215  37.182359    28.9180      2.475  251.94158  252.25562    -3.6619     3.5452 0.0000e+00
 149.487358      2.543    16.2203  37.177574    28.9187      2.520  251.94640  252.26038    -3.5841     3.5775 -9.990e-29
 149.487361      2.568    16.2167  37.176040    28.9158      2.545  251.96928  252.28311    -3.3039     3.2095 -9.990e-29
 149.487364      2.579    16.2144  37.179660    28.9206      2.556  251.97258  252.28627    -3.2572     3.2338 -9.990e-29
 149.487367      2.581    16.2125  37.178863    28.9213      2.558  251.98064  252.29425    -3.2728     3.2176 -9.990e-29
 149.487370      2.583    16.2109  37.173280    28.9176      2.560  251.99492  252.30847    -3.2728     3.1974 -9.990e-29
 149.487373      2.585    16.2090  37.176716    28.9220      2.562  251.99699  252.31043    -3.6463     3.4238 -9.990e-29
 149.487376      2.608    16.2047  37.172790    28.9241      2.585  252.01490  252.32813    -3.5841     3.4158 -9.990e-29
 149.487378      2.639    16.2040  37.175551    28.9244      2.616  252.01758  252.33077    -3.5919     3.4238 0.0000e+00
 149.487381      2.691    16.2034  37.175183    28.9241      2.667  252.02026  252.33342    -3.5996     3.4158 0.0000e+00
 149.487384      2.756    16.2025  37.171011    28.9240      2.731  252.02863  252.34173    -3.7241     3.4319 0.0000e+00
 149.487387      2.822    16.2019  37.173220    28.9240      2.797  252.02978  252.34293    -3.7708     3.6058 0.0000e+00
 149.487390      2.888    16.2017  37.173282    28.9242      2.862  252.02950  252.34259    -3.7864     3.6058 0.0000e+00
 149.487393      2.935    16.2015  37.172607    28.9244      2.909  252.03037  252.34345    -3.7708     3.6058 -9.990e-29
 149.487396      2.951    16.1995  37.174755    28.9270      2.925  252.03539  252.34836    -3.8331     3.6018 -9.990e-29
 149.487399      2.950    16.1985  37.174878    28.9279      2.923  252.03910  252.35201    -2.7436     3.6099 -9.990e-29
 149.487402      2.935    16.1975  37.174080    28.9279      2.909  252.04386  252.35674    -2.7436     3.6058 -9.990e-29
 149.487405      2.911    16.1968  37.173283    28.9278      2.885  252.04772  252.36057    -2.5724     3.5613 -9.990e-29
 149.487407      2.893    16.1957  37.174203    28.9294      2.867  252.05053  252.36331    -2.6346     3.6139 -9.990e-29
 149.487410      2.877    16.1939  37.173896    28.9304      2.851  252.05756  252.37025    -3.7086     3.6746 -9.990e-29
 149.487413      2.880    16.1914  37.169418    28.9283      2.855  252.07348  252.38608    -3.6308     3.6786 -9.990e-29
 149.487416      2.897    16.1860  37.173897    28.9346      2.871  252.08982  252.40212    -3.5374     3.6746 -9.990e-29
 149.487419      2.928    16.1851  37.172118    28.9358      2.902  252.09256  252.40481    -3.5607     3.7413 0.0000e+00
 149.487422      2.975    16.1841  37.173284    28.9346      2.949  252.09529  252.40749    -3.5841     3.8080 0.0000e+00
 149.487425      3.043    16.1831  37.169788    28.9361      3.015  252.10412  252.41629    -3.6152     3.8080 0.0000e+00
 149.487428      3.119    16.1825  37.171015    28.9361      3.091  252.10412  252.41629    -3.6152     3.7959 0.0000e+00
 149.487431      3.190    16.1821  37.173470    28.9385      3.162  252.10231  252.41441    -3.6774     3.7959 0.0000e+00
 149.487433      3.254    16.1815  37.175801    28.9409      3.225  252.10231  252.41441    -3.7241     3.7959 0.0000e+00
 149.487436      3.301    16.1810  37.174881    28.9409      3.272  252.10391  252.41594    -3.7319     3.7676 0.0000e+00
 149.487439      3.327    16.1805  37.171507    28.9409      3.297  252.10655  252.41856    -3.7241     3.6948 -9.990e-29
 149.487442      3.340    16.1777  37.173287    28.9415      3.310  252.11911  252.43099    -3.8487     3.6584 -9.990e-29
 149.487445      3.336    16.1761  37.173655    28.9429      3.306  252.12454  252.43633    -3.8175     3.7029 -9.990e-29
 149.487448      3.331    16.1749  37.175557    28.9455      3.301  252.12619  252.43791    -3.5841     3.6341 -9.990e-29
 149.487451      3.316    16.1732  37.173655    28.9451      3.287  252.13558  252.44723    -3.6463     3.6139 -9.990e-29
 149.487454      3.311    16.1703  37.177828    28.9508      3.281  252.14013  252.45160    -3.4751     3.5896 -9.990e-29
 149.487457      3.327    16.1629  37.178073    28.9550      3.297  252.16967  252.48077    -3.6308     3.3753 -9.990e-29
 149.487459      3.367    16.1603  37.176479    28.9577      3.337  252.17807  252.48904    -3.6230     3.3712 0.0000e+00
 149.487462      3.424    16.1577  37.178259    28.9603      3.393  252.18647  252.49730    -3.6152     3.3672 0.0000e+00
 149.487465      3.492    16.1532  37.180407    28.9654      3.460  252.20034  252.51092    -3.5841     3.3672 0.0000e+00
 149.487468      3.561    16.1492  37.178751    28.9669      3.529  252.21778  252.52817    -3.5841     3.3551 0.0000e+00
 149.487471      3.619    16.1476  37.182618    28.9697      3.587  252.22075  252.53105    -3.5685     3.3410 0.0000e+00
 149.487474      3.656    16.1460  37.182618    28.9725      3.623  252.22371  252.53392    -3.6152     3.3147 -9.990e-29
 149.487477      3.670    16.1412  37.180103    28.9738      3.637  252.24571  252.55568    -3.4751     3.3389 -9.990e-29
 149.487480      3.665    16.1392  37.181760    28.9767      3.632  252.25040  252.56027    -3.5996     3.3349 -9.990e-29
 149.487483      3.648    16.1380  37.185809    28.9811      3.616  252.24914  252.55892    -3.6152     3.3794 -9.990e-29
 149.487486      3.630    16.1372  37.183048    28.9793      3.598  252.25593  252.56569    -3.8798     3.3591 -9.990e-29
 149.487488      3.606    16.1370  37.183907    28.9802      3.574  252.25553  252.56527    -3.6774     3.3672 -9.990e-29
 149.487491      3.601    16.1370  37.184643    28.9808      3.569  252.25443  252.56417    -3.9420     3.3591 -9.990e-29
 149.487494      3.608    16.1358  37.182803    28.9817      3.576  252.25893  252.56861    -3.4129     3.5007 -9.990e-29
 149.487497      3.634    16.1351  37.184644    28.9819      3.601  252.26174  252.57139    -3.5452     3.4805 0.0000e+00
 149.487500      3.679    16.1345  37.184092    28.9821      3.646  252.26456  252.57417    -3.4907     3.5007 0.0000e+00
 149.487503      3.743    16.1332  37.186056    28.9844      3.709  252.26674  252.57628    -3.6308     3.4926 0.0000e+00
 149.487506      3.818    16.1332  37.185136    28.9848      3.784  252.26674  252.57628    -3.6308     3.4926 0.0000e+00
 149.487509      3.896    16.1336  37.187406    28.9844      3.861  252.26625  252.57587    -3.6308     3.2581 0.0000e+00
 149.487512      3.965    16.1346  37.182866    28.9809      3.930  252.26460  252.57433    -3.5529     3.2298 0.0000e+00
 149.487514      4.018    16.1362  37.179982    28.9793      3.982  252.26460  252.57433    -3.5529     3.2257 0.0000e+00
 149.487517      4.060    16.1367  37.183295    28.9782      4.024  252.26005  252.56980    -3.5296     3.2257 0.0000e+00
 149.487520      4.086    16.1373  37.182620    28.9793      4.049  252.25551  252.56527    -3.5062     3.2257 -9.990e-29
 149.487523      4.100    16.1368  37.187407    28.9832      4.064  252.25149  252.56120    -3.8331     2.9871 -9.990e-29
 149.487526      4.102    16.1351  37.186977    28.9841      4.065  252.25841  252.56803    -3.8642     2.9871 -9.990e-29
 149.487529      4.098    16.1322  37.186487    28.9857      4.062  252.26989  252.57937    -3.7708     3.0074 -9.990e-29
 149.487532      4.091    16.1285  37.188757    28.9904      4.054  252.28024  252.58952    -3.8175     2.9629 -9.990e-29
 149.487535      4.086    16.1257  37.190660    28.9941      4.049  252.28785  252.59697    -3.6152     3.4400 -9.990e-29
 149.487538      4.087    16.1227  37.188329    28.9943      4.051  252.30267  252.61166    -3.6774     3.4319 -9.990e-29
 149.487541      4.089    16.1189  37.191520    28.9998      4.053  252.31195  252.62072    -3.5218     3.4238 -9.990e-29
 149.487543      4.109    16.1156  37.192196    29.0028      4.073  252.32349  252.63209    -3.5841     3.4158 -9.990e-29
