seaocn-cb/data/ctd_cnv/SBE19plus_01907321_2024_05_28_Cast100.cnv
* Sea-Bird SBE19plus  Data File:
* FileName = E:\Prandtl_Daten\2024\28052024\raw\SBE19plus_01907321_2024_05_28_Cast100.hex
* Software version 2.6.1.12
* Temperature SN = 7321
* Conductivity SN = 7321
* System UpLoad Time = May 28 2024 13:47:15
* <ApplicationData>
* <Seaterm232>
** 20240527
** Sea Practical 2024
** MCat 27.05 CTD_SP7
** NMEA Latitude = 54 8.36N
** NMEA Longitude = 008 20.85E
** waterdepth = 14.7m
** Isabelle
# nquan = 11
# nvalues = 538                         
# units = specified
# name 0 = timeJ: Julian Days
# name 1 = prdM: Pressure, Strain Gauge [db]
# name 2 = tv290C: Temperature [ITS-90, deg C]
# name 3 = c0mS/cm: Conductivity [mS/cm]
# name 4 = sal00: Salinity, Practical [PSU]
# name 5 = depSM: Depth [salt water, m], lat = 54.00
# name 6 = oxsatMm/Kg: Oxygen Saturation, Weiss [umol/kg]
# name 7 = oxsolMm/Kg: Oxygen Saturation, Garcia & Gordon [umol/kg]
# name 8 = turbWETntu0: Turbidity, WET Labs ECO [NTU]
# name 9 = flECO-AFL: Fluorescence, WET Labs ECO-AFL/FL [mg/m^3]
# name 10 = flag:  0.000e+00
# span 0 = 149.570949, 149.572503       
# span 1 =      0.004,     14.195       
# span 2 =    14.7365,    16.9614       
# span 3 =  37.407597,  38.025489       
# span 4 =    28.9347,    30.7828       
# span 5 =      0.004,     14.068       
# span 6 =  248.26018,  256.23112       
# span 7 =  248.60662,  256.45750       
# span 8 =   -12.0821,     2.3926       
# span 9 =    -2.8155,   257.5060       
# span 10 = 0.0000e+00, 0.0000e+00      
# interval = seconds: 0.25
# start_time = May 28 2024 13:40:15 [Instrument's time stamp, header]
# bad_flag = -9.990e-29
*END*
[from data line 394]
 149.572089     10.386    14.7367  38.022574    30.7807     10.293  256.22907  256.45544    -1.3895     9.6470 -9.990e-29
 149.572092     10.395    14.7370  38.025236    30.7828     10.302  256.22369  256.45006    -1.4829     9.6227 -9.990e-29
 149.572095     10.415    14.7378  38.024369    30.7813     10.321  256.22203  256.44846    -1.4829     9.6227 -9.990e-29
 149.572098     10.442    14.7380  38.024308    30.7813     10.349  256.22127  256.44771    -1.5296     8.5694 0.0000e+00
 149.572101     10.479    14.7381  38.024555    30.7813     10.385  256.22050  256.44695    -1.5763     7.5241 0.0000e+00
 149.572104     10.515    14.7386  38.023936    30.7804     10.421  256.21978  256.44626    -1.7164     7.5241 0.0000e+00
 149.572106     10.561    14.7389  38.023379    30.7804     10.466  256.21954  256.44605    -1.7164     7.5241 0.0000e+00
 149.572109     10.606    14.7389  38.024556    30.7797     10.511  256.21954  256.44605    -1.6852     7.5201 0.0000e+00
 149.572112     10.656    14.7388  38.023441    30.7806     10.560  256.21979  256.44629    -1.6385     7.5160 0.0000e+00
 149.572115     10.699    14.7381  38.024742    30.7797     10.604  256.22035  256.44679    -1.3739     6.8245 0.0000e+00
 149.572118     10.740    14.7376  38.021894    30.7792     10.643  256.22692  256.45335    -1.3739     6.8043 0.0000e+00
 149.572121     10.787    14.7372  38.021461    30.7792     10.690  256.22888  256.45527    -1.3584     6.8043 0.0000e+00
 149.572124     10.827    14.7369  38.022328    30.7796     10.730  256.22908  256.45549    -1.3739     6.7882 0.0000e+00
 149.572127     10.862    14.7369  38.021709    30.7799     10.765  256.22938  256.45578    -1.4829     6.5759 0.0000e+00
 149.572130     10.895    14.7369  38.023814    30.7796     10.797  256.22988  256.45628    -1.6074     6.3636 -9.990e-29
 149.572133     10.919    14.7371  38.022576    30.7801     10.821  256.22768  256.45408    -1.7319     6.3595 -9.990e-29
 149.572135     10.924    14.7372  38.022142    30.7797     10.826  256.22808  256.45449    -1.4829     6.3474 -9.990e-29
 149.572138     10.922    14.7368  38.023133    30.7809     10.824  256.22795  256.45433    -1.0782     6.8812 -9.990e-29
 149.572141     10.918    14.7369  38.022823    30.7805     10.821  256.22815  256.45454    -1.2650     6.8650 -9.990e-29
 149.572144     10.913    14.7372  38.023381    30.7808     10.815  256.22611  256.45251    -1.3117     6.8488 -9.990e-29
 149.572147     10.909    14.7374  38.021709    30.7791     10.812  256.22790  256.45432    -0.9848     6.8852 -9.990e-29
 149.572150     10.924    14.7375  38.018985    30.7799     10.826  256.22616  256.45258    -0.2533     7.3866 -9.990e-29
 149.572153     10.951    14.7376  38.022638    30.7804     10.853  256.22485  256.45128    -0.2378     7.3906 0.0000e+00
 149.572156     10.991    14.7376  38.023938    30.7805     10.893  256.22354  256.44997    -0.2222     7.3947 0.0000e+00
 149.572159     11.042    14.7380  38.023814    30.7805     10.943  256.22307  256.44953    -0.2222     7.4028 0.0000e+00
 149.572161     11.099    14.7382  38.023010    30.7805     10.999  256.22233  256.44878    -0.2378     7.4028 0.0000e+00
 149.572164     11.152    14.7383  38.024372    30.7796     11.052  256.22110  256.44758    -0.7981     6.5455 0.0000e+00
 149.572167     11.197    14.7385  38.023381    30.7801     11.097  256.22073  256.44720    -0.8837     6.5313 0.0000e+00
 149.572170     11.234    14.7386  38.025239    30.7796     11.133  256.22110  256.44758    -0.9693     6.5172 -9.990e-29
 149.572173     11.256    14.7380  38.023691    30.7803     11.155  256.22266  256.44911    -0.8759     6.5375 -9.990e-29
 149.572176     11.261    14.7379  38.022639    30.7794     11.160  256.22463  256.45108    -1.2806     6.6911 -9.990e-29
 149.572179     11.259    14.7378  38.023444    30.7802     11.158  256.22392  256.45036    -1.2027     6.6749 -9.990e-29
 149.572182     11.254    14.7378  38.024744    30.7814     11.153  256.22185  256.44828    -1.2494     6.6749 -9.990e-29
 149.572185     11.254    14.7379  38.023691    30.7804     11.153  256.22324  256.44968    -1.1405     6.6911 -9.990e-29
 149.572188     11.265    14.7376  38.021029    30.7804     11.164  256.22491  256.45133    -1.9343     7.9163 -9.990e-29
 149.572190     11.298    14.7375  38.023382    30.7799     11.196  256.22620  256.45262    -1.9732     7.9002 0.0000e+00
 149.572193     11.343    14.7374  38.022144    30.7804     11.242  256.22748  256.45391    -1.9343     7.9163 0.0000e+00
 149.572196     11.400    14.7370  38.023011    30.7805     11.298  256.22748  256.45391    -1.8253     7.8840 0.0000e+00
 149.572199     11.464    14.7370  38.023816    30.7813     11.361  256.22721  256.45358    -1.4362     6.6385 0.0000e+00
 149.572202     11.529    14.7373  38.025240    30.7813     11.426  256.22721  256.45358    -1.1716     6.6143 0.0000e+00
 149.572205     11.590    14.7376  38.020535    30.7806     11.486  256.22366  256.45009    -1.1405     6.6143 0.0000e+00
 149.572208     11.633    14.7377  38.023940    30.7791     11.529  256.22650  256.45294    -1.1405     6.6143 0.0000e+00
 149.572211     11.661    14.7377  38.024126    30.7806     11.556  256.22366  256.45009    -1.1405     6.6143 -9.990e-29
 149.572214     11.666    14.7375  38.023383    30.7803     11.562  256.22543  256.45185    -0.7981     7.3098 -9.990e-29
 149.572216     11.655    14.7373  38.023693    30.7807     11.551  256.22551  256.45192    -0.9226     7.3583 -9.990e-29
 149.572219     11.641    14.7376  38.023012    30.7799     11.536  256.22572  256.45215    -0.9381     7.3381 -9.990e-29
 149.572222     11.630    14.7376  38.022207    30.7792     11.526  256.22699  256.45342    -0.7981     7.3219 -9.990e-29
 149.572225     11.630    14.7377  38.023693    30.7804     11.526  256.22405  256.45048    -1.4362     7.0065 -9.990e-29
 149.572228     11.643    14.7378  38.024312    30.7809     11.538  256.22279  256.44922    -1.2183     6.9863 -9.990e-29
 149.572231     11.668    14.7377  38.021712    30.7820     11.564  256.22125  256.44767    -1.5607     6.9863 -9.990e-29
 149.572234     11.708    14.7378  38.025489    30.7811     11.603  256.22235  256.44879    -1.2805     7.5625 0.0000e+00
 149.572237     11.758    14.7379  38.023569    30.7802     11.652  256.22125  256.44767    -1.1872     8.1387 0.0000e+00
 149.572240     11.796    14.7383  38.024127    30.7801     11.690  256.22161  256.44810    -1.1872     8.1711 0.0000e+00
 149.572242     11.836    14.7385  38.023136    30.7797     11.730  256.22139  256.44786    -1.2028     8.1751 0.0000e+00
 149.572245     11.871    14.7386  38.023941    30.7791     11.765  256.22161  256.44810    -1.2183     8.1792 -9.990e-29
 149.572248     11.893    14.7388  38.023012    30.7788     11.786  256.22127  256.44777    -0.7514     7.0065 -9.990e-29
 149.572251     11.907    14.7387  38.022208    30.7782     11.801  256.22284  256.44935    -0.7669     7.0065 -9.990e-29
 149.572254     11.913    14.7385  38.023013    30.7791     11.806  256.22243  256.44892    -0.7358     6.9984 -9.990e-29
 149.572257     11.927    14.7384  38.025242    30.7811     11.820  256.21919  256.44565    -0.6736     7.0146 -9.990e-29
 149.572260     11.951    14.7374  38.022208    30.7793     11.844  256.22759  256.45402    -0.6113     7.1076 -9.990e-29
 149.572263     11.986    14.7372  38.022332    30.7801     11.878  256.22743  256.45384    -0.6035     7.1258 0.0000e+00
 149.572266     12.022    14.7371  38.023818    30.7793     11.914  256.22759  256.45402    -0.5957     7.1359 0.0000e+00
 149.572269     12.075    14.7371  38.022146    30.7794     11.967  256.22727  256.45366    -0.5957     7.1359 0.0000e+00
 149.572271     12.130    14.7379  38.023013    30.7793     12.021  256.22459  256.45104    -0.5179     7.1278 0.0000e+00
 149.572274     12.187    14.7388  38.023571    30.7792     12.078  256.22060  256.44718    -0.4868     6.5334 0.0000e+00
 149.572277     12.234    14.7399  38.021032    30.7762     12.125  256.22057  256.44707    -0.3934     6.5334 0.0000e+00
 149.572280     12.274    14.7404  38.022147    30.7762     12.164  256.21757  256.44417    -0.3623     6.5435 0.0000e+00
 149.572283     12.301    14.7410  38.024314    30.7762     12.191  256.21453  256.44117    -0.2378     6.5536 -9.990e-29
 149.572286     12.320    14.7428  38.023447    30.7759     12.209  256.20586  256.43260    -0.6736     6.6830 -9.990e-29
 149.572289     12.331    14.7431  38.022642    30.7749     12.220  256.20571  256.43247    -0.7514     6.6911 -9.990e-29
 149.572292     12.327    14.7433  38.022828    30.7750     12.216  256.20483  256.43161    -0.7047     6.6547 -9.990e-29
 149.572295     12.321    14.7434  38.023942    30.7759     12.211  256.20277  256.42954    -0.6580     6.6547 -9.990e-29
 149.572297     12.314    14.7432  38.021961    30.7742     12.204  256.20649  256.43327     0.0891     7.4473 -9.990e-29
 149.572300     12.312    14.7430  38.023695    30.7760     12.202  256.20460  256.43135    -0.0199     7.4796 -9.990e-29
 149.572303     12.316    14.7431  38.021961    30.7743     12.206  256.20678  256.43355    -0.0043     7.4554 -9.990e-29
 149.572306     12.333    14.7420  38.023695    30.7775     12.222  256.20700  256.43369     0.0735     7.4594 -9.990e-29
 149.572309     12.365    14.7414  38.024562    30.7775     12.255  256.21011  256.43676    -0.2923     7.6555 0.0000e+00
 149.572312     12.407    14.7408  38.023571    30.7776     12.296  256.21321  256.43983    -0.5802     7.8233 0.0000e+00
 149.572315     12.458    14.7400  38.024129    30.7787     12.347  256.21524  256.44181    -0.5802     7.8516 0.0000e+00
 149.572318     12.506    14.7398  38.024563    30.7787     12.394  256.21545  256.44200    -0.5802     7.8233 0.0000e+00
 149.572321     12.555    14.7396  38.021467    30.7765     12.443  256.22097  256.44754    -0.5179     7.8112 0.0000e+00
 149.572323     12.597    14.7396  38.021219    30.7765     12.484  256.22097  256.44754    -0.4712     6.5779 0.0000e+00
 149.572326     12.632    14.7392  38.024315    30.7781     12.518  256.22053  256.44706    -0.3779     6.5475 0.0000e+00
 149.572329     12.657    14.7389  38.025059    30.7797     12.544  256.21938  256.44588    -0.4712     6.5779 -9.990e-29
 149.572332     12.679    14.7382  38.025059    30.7809     12.565  256.22082  256.44727    -0.4557     6.5536 -9.990e-29
 149.572335     12.701    14.7381  38.023573    30.7797     12.587  256.22331  256.44977     0.1202     7.3098 -9.990e-29
 149.572338     12.730    14.7379  38.023697    30.7804     12.616  256.22296  256.44940     0.0968     7.3139 0.0000e+00
 149.572341     12.765    14.7377  38.025059    30.7801     12.650  256.22331  256.44977     0.1202     7.3179 0.0000e+00
 149.572344     12.809    14.7377  38.023821    30.7801     12.694  256.22385  256.45030     0.0735     7.3179 0.0000e+00
 149.572347     12.849    14.7379  38.023945    30.7801     12.734  256.22385  256.45030    -0.7825     6.8245 0.0000e+00
 149.572350     12.889    14.7380  38.023573    30.7798     12.773  256.22373  256.45018    -0.8992     6.7942 0.0000e+00
 149.572352     12.916    14.7381  38.023945    30.7795     12.800  256.22360  256.45006    -1.0160     6.7639 -9.990e-29
 149.572355     12.932    14.7380  38.023264    30.7793     12.816  256.22441  256.45087    -0.9848     6.8084 -9.990e-29
 149.572358     12.932    14.7379  38.022645    30.7789     12.817  256.22597  256.45243    -0.7514     6.8407 -9.990e-29
 149.572361     12.934    14.7379  38.023450    30.7795     12.818  256.22441  256.45086    -0.4401     7.2977 -9.990e-29
 149.572364     12.925    14.7382  38.024131    30.7800     12.809  256.22245  256.44891    -0.4090     7.3098 -9.990e-29
 149.572367     12.918    14.7386  38.025245    30.7807     12.802  256.21924  256.44571    -0.4401     7.3260 -9.990e-29
 149.572370     12.912    14.7387  38.024812    30.7802     12.797  256.21934  256.44583    -0.4245     7.3543 -9.990e-29
 149.572373     12.920    14.7389  38.024316    30.7796     12.804  256.21956  256.44606     0.0268     8.0983 -9.990e-29
 149.572376     12.943    14.7393  38.023264    30.7774     12.827  256.22102  256.44757     0.0268     8.0821 -9.990e-29
 149.572378     12.985    14.7395  38.022335    30.7781     12.869  256.21894  256.44549     0.0268     8.1024 0.0000e+00
 149.572381     13.035    14.7397  38.024069    30.7781     12.918  256.21686  256.44341     0.0268     8.0821 0.0000e+00
 149.572384     13.093    14.7402  38.023945    30.7784     12.976  256.21507  256.44166     0.5249     7.0308 0.0000e+00
 149.572387     13.157    14.7408  38.024751    30.7781     13.039  256.21278  256.43943     0.6494     6.9944 0.0000e+00
 149.572390     13.221    14.7412  38.023265    30.7767     13.102  256.21278  256.43943     0.6494     6.9863 0.0000e+00
 149.572393     13.279    14.7414  38.022584    30.7763     13.160  256.21278  256.43943     0.6494     6.9782 0.0000e+00
 149.572396     13.321    14.7417  38.023575    30.7761     13.202  256.21110  256.43779     0.4860     6.7558 0.0000e+00
 149.572399     13.354    14.7420  38.023451    30.7763     13.234  256.20918  256.43588     0.3226     6.5334 -9.990e-29
 149.572402     13.374    14.7422  38.023017    30.7756     13.254  256.20923  256.43595     0.2292     6.5375 -9.990e-29
 149.572405     13.383    14.7422  38.021965    30.7746     13.263  256.21091  256.43763     0.3848     6.5213 -9.990e-29
 149.572407     13.385    14.7427  38.023698    30.7758     13.265  256.20643  256.43317     0.4626     6.5415 -9.990e-29
 149.572410     13.385    14.7427  38.024070    30.7762     13.265  256.20584  256.43257     0.5405     7.2410 -9.990e-29
 149.572413     13.389    14.7432  38.023698    30.7754     13.269  256.20441  256.43118     0.6027     7.2572 -9.990e-29
 149.572416     13.398    14.7434  38.021903    30.7737     13.278  256.20670  256.43349     0.5249     7.2977 -9.990e-29
 149.572419     13.422    14.7434  38.021470    30.7753     13.301  256.20388  256.43066     1.1630     8.4784 -9.990e-29
 149.572422     13.453    14.7434  38.023699    30.7745     13.332  256.20547  256.43224     1.1086     8.5026 0.0000e+00
 149.572425     13.495    14.7434  38.021903    30.7745     13.374  256.20521  256.43199     1.0541     8.5107 0.0000e+00
 149.572428     13.533    14.7434  38.022894    30.7745     13.412  256.20521  256.43199     1.0541     8.5107 0.0000e+00
 149.572431     13.577    14.7435  38.024566    30.7748     13.455  256.20361  256.43040     1.0229     8.4784 0.0000e+00
 149.572433     13.617    14.7435  38.023390    30.7754     13.495  256.20281  256.42959     1.0074     7.7000 0.0000e+00
 149.572436     13.648    14.7436  38.023699    30.7748     13.525  256.20361  256.43040     0.8984     6.9216 -9.990e-29
 149.572439     13.670    14.7443  38.022337    30.7732     13.547  256.20272  256.42957     0.8362     6.9256 -9.990e-29
 149.572442     13.677    14.7444  38.024504    30.7751     13.555  256.19899  256.42583     0.8050     6.9378 -9.990e-29
 149.572445     13.677    14.7443  38.024380    30.7751     13.555  256.19948  256.42631     0.3381     7.0793 -9.990e-29
 149.572448     13.675    14.7444  38.024133    30.7747     13.553  256.19929  256.42613     0.1825     7.0753 -9.990e-29
 149.572451     13.681    14.7444  38.022399    30.7732     13.558  256.20205  256.42891     0.4159     7.0672 -9.990e-29
 149.572454     13.690    14.7441  38.023947    30.7747     13.567  256.20126  256.42808     0.1825     7.0308 -9.990e-29
 149.572457     13.719    14.7439  38.023823    30.7745     13.596  256.20277  256.42958     1.0697     7.4716 0.0000e+00
 149.572459     13.763    14.7436  38.023019    30.7744     13.639  256.20429  256.43109     1.9568     7.9002 0.0000e+00
 149.572462     13.816    14.7434  38.020356    30.7744     13.692  256.20532  256.43210     2.1280     7.9002 0.0000e+00
