seaocn-cb/data/ctd_cnv/SBE19plus_01907321_2024_05_23_Cast27.cnv
* Sea-Bird SBE19plus  Data File:
* FileName = E:\Prandtl_Daten\2024\CTD\raw\SBE19plus_01907321_2024_05_23_Cast27.hex
* Software version 2.6.1.12
* Temperature SN = 7321
* Conductivity SN = 7321
* System UpLoad Time = May 23 2024 09:52:19
* <ApplicationData>
* <Seaterm232>
** 20240522
** Sea Practical 2024
** MCat 23.05 CTD_NP7
** NMEA Latitude = 054 12.04N
** NMEA Longitude = 008 22.05E
** waterdepth = 14.3m
** Arved
# nquan = 11
# nvalues = 460                         
# units = specified
# name 0 = timeJ: Julian Days
# name 1 = prdM: Pressure, Strain Gauge [db]
# name 2 = tv290C: Temperature [ITS-90, deg C]
# name 3 = c0mS/cm: Conductivity [mS/cm]
# name 4 = sal00: Salinity, Practical [PSU]
# name 5 = depSM: Depth [salt water, m], lat = 54.00
# name 6 = oxsatMm/Kg: Oxygen Saturation, Weiss [umol/kg]
# name 7 = oxsolMm/Kg: Oxygen Saturation, Garcia & Gordon [umol/kg]
# name 8 = turbWETntu0: Turbidity, WET Labs ECO [NTU]
# name 9 = flECO-AFL: Fluorescence, WET Labs ECO-AFL/FL [mg/m^3]
# name 10 = flag:  0.000e+00
# span 0 = 144.406736, 144.408064       
# span 1 =      0.576,     13.442       
# span 2 =    13.7529,    14.0239       
# span 3 =  36.878261,  36.941239       
# span 4 =    30.3649,    30.5501       
# span 5 =      0.571,     13.321       
# span 6 =  260.71331,  261.83794       
# span 7 =  260.90412,  262.01160       
# span 8 =    -4.8136,    -2.4167       
# span 9 =     3.0599,     6.6830       
# span 10 = 0.0000e+00, 0.0000e+00      
# interval = seconds: 0.25
# start_time = May 23 2024 09:44:17 [Instrument's time stamp, header]
# bad_flag = -9.990e-29
*END*
[from data line 263]
 144.407497      8.053    13.8102  36.890694    30.4863      7.981  261.64015  261.81767    -3.2728     6.1452 -9.990e-29
 144.407500      8.086    13.8098  36.890877    30.4872      8.013  261.64079  261.81828    -3.3273     6.1250 0.0000e+00
 144.407503      8.115    13.8094  36.892040    30.4880      8.042  261.64143  261.81889    -3.3817     6.1452 0.0000e+00
 144.407506      8.155    13.8087  36.892040    30.4880      8.082  261.64408  261.82149    -3.3817     6.1493 0.0000e+00
 144.407509      8.197    13.8079  36.888187    30.4885      8.124  261.65166  261.82898    -3.9109     6.1614 0.0000e+00
 144.407512      8.248    13.8071  36.891368    30.4892      8.174  261.65166  261.82898    -3.9420     6.1614 0.0000e+00
 144.407514      8.290    13.8070  36.891796    30.4892      8.216  261.65166  261.82898    -3.9420     6.1533 0.0000e+00
 144.407517      8.334    13.8070  36.888432    30.4878      8.259  261.65173  261.82908    -3.9420     6.1533 0.0000e+00
 144.407520      8.370    13.8072  36.890328    30.4872      8.295  261.65446  261.83180    -4.0043     6.1856 0.0000e+00
 144.407523      8.398    13.8075  36.890695    30.4878      8.323  261.65173  261.82908    -3.8642     6.2180 -9.990e-29
 144.407526      8.418    13.8094  36.892041    30.4837      8.342  261.64919  261.82669    -3.9732     6.2423 -9.990e-29
 144.407529      8.443    13.8094  36.887515    30.4838      8.368  261.64934  261.82684    -3.8409     6.2079 0.0000e+00
 144.407532      8.470    13.8093  36.887515    30.4838      8.395  261.64919  261.82669    -3.7086     6.1735 0.0000e+00
 144.407535      8.496    13.8091  36.890206    30.4852      8.420  261.64814  261.82561    -3.6852     6.1593 0.0000e+00
 144.407538      8.522    13.8089  36.887698    30.4866      8.445  261.64678  261.82422    -3.6619     6.1452 -9.990e-29
 144.407541      8.538    13.8082  36.889778    30.4867      8.462  261.65014  261.82754    -3.6930     6.0603 -9.990e-29
 144.407543      8.553    13.8075  36.889350    30.4869      8.476  261.65348  261.83084    -3.6308     6.0643 -9.990e-29
 144.407546      8.573    13.8069  36.889228    30.4872      8.496  261.65603  261.83335    -4.0821     6.2423 -9.990e-29
 144.407549      8.584    13.8060  36.892042    30.4905      8.507  261.65484  261.83208    -4.0199     6.3110 -9.990e-29
 144.407552      8.605    13.8054  36.890880    30.4899      8.528  261.65941  261.83662    -4.0354     6.2706 -9.990e-29
 144.407555      8.626    13.8062  36.889045    30.4883      8.549  261.65807  261.83535    -3.7086     6.1452 -9.990e-29
 144.407558      8.655    13.8065  36.889779    30.4879      8.577  261.65728  261.83457    -3.7086     6.1290 0.0000e+00
 144.407561      8.699    13.8068  36.889351    30.4874      8.621  261.65649  261.83380    -3.7086     6.1452 0.0000e+00
 144.407564      8.739    13.8075  36.889657    30.4871      8.660  261.65309  261.83045    -3.7086     6.1290 0.0000e+00
 144.407567      8.779    13.8086  36.890207    30.4867      8.700  261.64813  261.82555    -3.6152     6.1452 0.0000e+00
 144.407569      8.817    13.8099  36.890696    30.4861      8.738  261.64210  261.81961    -3.6152     6.1452 0.0000e+00
 144.407572      8.852    13.8106  36.891797    30.4860      8.773  261.63843  261.81598    -3.6930     6.2241 0.0000e+00
 144.407575      8.877    13.8113  36.888189    30.4860      8.798  261.63476  261.81235    -3.8020     6.3029 -9.990e-29
 144.407578      8.892    13.8136  36.888678    30.4813      8.812  261.63096  261.80872    -4.1911     6.2908 -9.990e-29
 144.407581      8.905    13.8141  36.886415    30.4788      8.825  261.63270  261.81052    -4.1911     6.2504 -9.990e-29
 144.407584      8.927    13.8146  36.884580    30.4768      8.847  261.63402  261.81188    -3.8487     6.3151 -9.990e-29
 144.407587      8.948    13.8151  36.888433    30.4786      8.868  261.62784  261.80572    -3.7708     6.3191 -9.990e-29
 144.407590      8.978    13.8150  36.887088    30.4804      8.897  261.62499  261.80284    -3.8564     6.3150 0.0000e+00
 144.407593      9.018    13.8151  36.890880    30.4787      8.937  261.62731  261.80518    -3.9420     6.3110 0.0000e+00
 144.407595      9.067    13.8151  36.887271    30.4802      8.986  261.62214  261.79997    -3.9420     5.7368 0.0000e+00
 144.407598      9.114    13.8158  36.889473    30.4787      9.033  261.62105  261.79895    -4.1599     5.7368 0.0000e+00
 144.407601      9.156    13.8170  36.888006    30.4779      9.074  261.61887  261.79686    -3.8798     5.7530 0.0000e+00
 144.407604      9.195    13.8176  36.888189    30.4775      9.112  261.61654  261.79457    -4.0510     5.7550 0.0000e+00
 144.407607      9.220    13.8181  36.886843    30.4771      9.138  261.61422  261.79228    -3.8175     5.7530 -9.990e-29
 144.407610      9.238    13.8199  36.885742    30.4735      9.156  261.61133  261.78953    -3.7397     6.1937 -9.990e-29
 144.407613      9.255    13.8206  36.882317    30.4697      9.172  261.61414  261.79241    -3.6463     6.2423 -9.990e-29
 144.407616      9.258    13.8208  36.882562    30.4698      9.175  261.61286  261.79115    -3.8487     6.2018 -9.990e-29
 144.407619      9.257    13.8208  36.885926    30.4729      9.174  261.60755  261.78580    -3.9265     6.1735 -9.990e-29
 144.407622      9.260    13.8207  36.888617    30.4755      9.177  261.60336  261.78159    -3.5841     6.1088 -9.990e-29
 144.407624      9.266    13.8195  36.884336    30.4725      9.183  261.61515  261.79334    -3.4907     6.1412 -9.990e-29
 144.407627      9.287    13.8182  36.889107    30.4779      9.204  261.61246  261.79052    -3.4595     6.1897 -9.990e-29
 144.407630      9.311    13.8156  36.887272    30.4820      9.228  261.61892  261.79679    -3.6774     6.2989 -9.990e-29
 144.407633      9.348    13.8151  36.891370    30.4811      9.264  261.62293  261.80077    -3.7008     6.3232 0.0000e+00
 144.407636      9.393    13.8147  36.888679    30.4820      9.309  261.62560  261.80332    -3.7241     6.2989 0.0000e+00
 144.407639      9.450    13.8134  36.892472    30.4847      9.365  261.62693  261.80476    -3.7864     6.2948 0.0000e+00
 144.407642      9.514    13.8118  36.891616    30.4852      9.429  261.63347  261.81109    -3.7864     6.2423 0.0000e+00
 144.407645      9.576    13.8089  36.894553    30.4902      9.490  261.64026  261.81767    -3.3195     6.2301 0.0000e+00
 144.407648      9.638    13.8040  36.897612    30.4969      9.552  261.65441  261.83147    -3.2105     6.1857 0.0000e+00
 144.407650      9.689    13.8011  36.899693    30.5002      9.602  261.66433  261.84119    -3.1327     6.1736 0.0000e+00
 144.407653      9.722    13.7981  36.897675    30.5035      9.635  261.67426  261.85092    -3.2105     6.1857 -9.990e-29
 144.407656      9.744    13.7881  36.897431    30.5093      9.656  261.71734  261.89337    -3.8175     5.9471 -9.990e-29
 144.407659      9.747    13.7846  36.896758    30.5114      9.660  261.73214  261.90795    -3.8175     5.9390 -9.990e-29
 144.407662      9.744    13.7830  36.899695    30.5154      9.657  261.73364  261.90932    -3.7397     5.9713 -9.990e-29
 144.407665      9.740    13.7817  36.901285    30.5179      9.653  261.73593  261.91151    -3.7086     5.9835 -9.990e-29
 144.407668      9.746    13.7813  36.899695    30.5168      9.658  261.74033  261.91590    -3.8487     5.9309 -9.990e-29
 144.407671      9.753    13.7813  36.897432    30.5146      9.665  261.74382  261.91941    -3.5996     6.1250 -9.990e-29
 144.407674      9.762    13.7818  36.896575    30.5135      9.674  261.74351  261.91913    -3.6774     6.1048 -9.990e-29
 144.407677      9.773    13.7830  36.895902    30.5119      9.685  261.73969  261.91541    -3.6619     6.0320 -9.990e-29
 144.407679      9.791    13.7844  36.897248    30.5120      9.703  261.73193  261.90773    -3.6308     6.1290 -9.990e-29
 144.407682      9.807    13.7860  36.894189    30.5079      9.720  261.73093  261.90686    -3.4751     6.2018 -9.990e-29
 144.407685      9.831    13.7887  36.896085    30.5073      9.743  261.71735  261.89343    -3.5841     6.1735 -9.990e-29
 144.407688      9.857    13.7891  36.895902    30.5076      9.768  261.71513  261.89123    -3.5607     6.1836 0.0000e+00
 144.407691      9.889    13.7894  36.897003    30.5073      9.801  261.71601  261.89215    -3.5841     6.1937 0.0000e+00
 144.407694      9.924    13.7894  36.894984    30.5078      9.835  261.71291  261.88903    -3.5374     6.3393 0.0000e+00
 144.407697      9.970    13.7890  36.899939    30.5108      9.880  261.71312  261.88912    -3.5062     6.3636 0.0000e+00
 144.407700     10.017    13.7880  36.900246    30.5118      9.927  261.71312  261.88912    -3.5062     6.3393 0.0000e+00
 144.407703     10.075    13.7867  36.900368    30.5129      9.985  261.71790  261.89382    -3.5529     6.3636 0.0000e+00
 144.407705     10.138    13.7852  36.899696    30.5135     10.047  261.72517  261.90100    -3.5529     6.6385 0.0000e+00
 144.407708     10.198    13.7843  36.901103    30.5155     10.106  261.72636  261.90211    -3.5529     6.6668 0.0000e+00
 144.407711     10.254    13.7833  36.901103    30.5162     10.162  261.73018  261.90587    -3.5529     6.6668 0.0000e+00
 144.407714     10.305    13.7819  36.899941    30.5162     10.213  261.73797  261.91357    -3.4751     6.6668 0.0000e+00
 144.407717     10.342    13.7812  36.898290    30.5161     10.249  261.74212  261.91769    -3.5762     6.6830 0.0000e+00
 144.407720     10.373    13.7805  36.897434    30.5159     10.280  261.74627  261.92180    -3.4751     6.6547 -9.990e-29
 144.407723     10.391    13.7783  36.897679    30.5170     10.298  261.75576  261.93115    -3.6152     6.6264 -9.990e-29
 144.407726     10.402    13.7778  36.900860    30.5204     10.309  261.75250  261.92783    -3.8642     6.5698 -9.990e-29
 144.407729     10.409    13.7776  36.897434    30.5174     10.316  261.75909  261.93444    -3.7553     6.6143 -9.990e-29
 144.407731     10.402    13.7774  36.899025    30.5190     10.309  261.75701  261.93234    -3.5374     6.0239 -9.990e-29
 144.407734     10.391    13.7774  36.900003    30.5199     10.298  261.75537  261.93069    -3.3662     6.0765 -9.990e-29
 144.407737     10.389    13.7779  36.900615    30.5201     10.296  261.75261  261.92794    -3.5841     6.0280 -9.990e-29
 144.407740     10.384    13.7782  36.898291    30.5177     10.291  261.75532  261.93069    -3.5062     6.0563 -9.990e-29
 144.407743     10.385    13.7781  36.899514    30.5189     10.292  261.75357  261.92893    -3.4440     6.0360 -9.990e-29
 144.407746     10.395    13.7772  36.899514    30.5196     10.301  261.75706  261.93237    -3.6774     6.0239 -9.990e-29
 144.407749     10.413    13.7752  36.901716    30.5220     10.320  261.76352  261.93869    -3.4440     6.0360 -9.990e-29
 144.407752     10.440    13.7748  36.900371    30.5230     10.347  261.76410  261.93924    -3.6074     6.0926 0.0000e+00
 144.407755     10.476    13.7743  36.901778    30.5220     10.383  261.76469  261.93978    -3.7708     6.1290 0.0000e+00
 144.407758     10.520    13.7740  36.898964    30.5239     10.426  261.76632  261.94140    -3.7708     6.1290 0.0000e+00
 144.407760     10.568    13.7740  36.901534    30.5218     10.473  261.76984  261.94495    -3.8175     6.1250 0.0000e+00
 144.407763     10.624    13.7741  36.899271    30.5218     10.529  261.76733  261.94247    -3.7241     6.1169 0.0000e+00
 144.407766     10.679    13.7746  36.899577    30.5216     10.583  261.76733  261.94247    -3.8175     6.1169 0.0000e+00
 144.407769     10.736    13.7754  36.899516    30.5215     10.639  261.76427  261.93946    -3.8798     5.9754 0.0000e+00
 144.407772     10.785    13.7759  36.900617    30.5215     10.688  261.76043  261.93565    -3.8798     5.9633 0.0000e+00
 144.407775     10.838    13.7766  36.901963    30.5215     10.741  261.75706  261.93239    -3.8798     5.9471 0.0000e+00
 144.407778     10.885    13.7776  36.898843    30.5197     10.788  261.75560  261.93085    -3.7553     5.9471 0.0000e+00
 144.407781     10.932    13.7781  36.900617    30.5186     10.835  261.75416  261.92953    -3.4440     6.6385 0.0000e+00
 144.407784     10.971    13.7781  36.899394    30.5186     10.872  261.75416  261.92953    -3.3506     6.6466 0.0000e+00
 144.407786     11.005    13.7780  36.898843    30.5184     10.907  261.75492  261.93029    -3.3973     6.6426 0.0000e+00
 144.407789     11.031    13.7779  36.899516    30.5182     10.932  261.75568  261.93104    -3.3506     6.6466 -9.990e-29
 144.407792     11.053    13.7771  36.898109    30.5181     10.954  261.76014  261.93545    -3.8175     6.2746 -9.990e-29
 144.407795     11.066    13.7769  36.899516    30.5196     10.966  261.75867  261.93396    -3.8798     6.2625 -9.990e-29
 144.407798     11.067    13.7768  36.897253    30.5176     10.968  261.76274  261.93804    -3.6774     6.2867 -9.990e-29
 144.407801     11.071    13.7769  36.899394    30.5195     10.972  261.75888  261.93417    -3.8487     6.2301 -9.990e-29
 144.407804     11.075    13.7771  36.897437    30.5175     10.976  261.76128  261.93660    -3.4129     6.0643 -9.990e-29
 144.407807     11.073    13.7772  36.898171    30.5181     10.974  261.75976  261.93508    -3.1638     6.1250 -9.990e-29
 144.407810     11.077    13.7774  36.899149    30.5188     10.977  261.75726  261.93258    -3.2416     6.0765 -9.990e-29
 144.407813     11.077    13.7777  36.899027    30.5185     10.977  261.75630  261.93164    -3.3973     6.1210 -9.990e-29
 144.407815     11.080    13.7779  36.900373    30.5196     10.981  261.75347  261.92882    -3.1794     6.1290 -9.990e-29
 144.407818     11.095    13.7776  36.900679    30.5201     10.995  261.75384  261.92917    -4.0354     6.0886 -9.990e-29
 144.407821     11.117    13.7769  36.901107    30.5210     11.017  261.75605  261.93133    -3.7864     6.0401 -9.990e-29
 144.407824     11.139    13.7754  36.900863    30.5220     11.039  261.76231  261.93749    -3.8487     6.0280 -9.990e-29
 144.407827     11.170    13.7753  36.900863    30.5218     11.070  261.76362  261.93879    -3.8954     6.2342 0.0000e+00
 144.407830     11.210    13.7751  36.900190    30.5216     11.109  261.76492  261.94008    -3.9109     6.4404 0.0000e+00
 144.407833     11.250    13.7749  36.899517    30.5216     11.149  261.76516  261.94031    -3.9109     6.4728 0.0000e+00
 144.407836     11.308    13.7749  36.900435    30.5212     11.207  261.76694  261.94209    -3.9109     6.4728 0.0000e+00
 144.407839     11.376    13.7755  36.896337    30.5189     11.274  261.76516  261.94031    -3.8175     6.4566 0.0000e+00
 144.407841     11.440    13.7763  36.898356    30.5177     11.337  261.76319  261.93845    -3.5841     6.1978 0.0000e+00
 144.407844     11.504    13.7771  36.897866    30.5177     11.401  261.76085  261.93616    -3.4129     6.1654 0.0000e+00
 144.407847     11.560    13.7771  36.896582    30.5177     11.457  261.76070  261.93607    -3.5529     6.1129 0.0000e+00
 144.407850     11.608    13.7767  36.901109    30.5210     11.504  261.76070  261.93607    -3.3973     6.1654 0.0000e+00
 144.407853     11.648    13.7754  36.903128    30.5230     11.543  261.76067  261.93584    -3.4751     6.2786 0.0000e+00
 144.407856     11.679    13.7741  36.900376    30.5249     11.574  261.76409  261.93917    -3.3973     6.4525 -9.990e-29
 144.407859     11.700    13.7702  36.900682    30.5258     11.596  261.78362  261.95846    -3.5374     6.5213 -9.990e-29
 144.407862     11.719    13.7693  36.900621    30.5264     11.614  261.78723  261.96201    -3.2883     6.4728 -9.990e-29
 144.407865     11.731    13.7682  36.902884    30.5294     11.626  261.78782  261.96251    -3.3662     6.4768 -9.990e-29
 144.407867     11.742    13.7675  36.901967    30.5291     11.637  261.79198  261.96663    -3.3506     6.5091 -9.990e-29
 144.407870     11.751    13.7674  36.901539    30.5288     11.646  261.79328  261.96793    -3.3973     6.4687 -9.990e-29
