seaocn-cb/data/ctd_cnv/SBE19plus_01907321_2024_05_25_Cast55.cnv
* Sea-Bird SBE19plus  Data File:
* FileName = E:\Prandtl_Daten\2024\25052024\raw\SBE19plus_01907321_2024_05_25_Cast55.hex
* Software version 2.6.1.12
* Temperature SN = 7321
* Conductivity SN = 7321
* System UpLoad Time = May 25 2024 09:38:31
* <ApplicationData>
* <Seaterm232>
** 20240525
** Sea Practical 2024
** MCat 25.05 CTD_SP10
** NMEA Latitude = 054 9.14N
** NMEA Longitude = 008 12.65E
** waterdepth =18.2m
** Till
# nquan = 11
# nvalues = 653                         
# units = specified
# name 0 = timeJ: Julian Days
# name 1 = prdM: Pressure, Strain Gauge [db]
# name 2 = tv290C: Temperature [ITS-90, deg C]
# name 3 = c0mS/cm: Conductivity [mS/cm]
# name 4 = sal00: Salinity, Practical [PSU]
# name 5 = depSM: Depth [salt water, m], lat = 54.00
# name 6 = oxsatMm/Kg: Oxygen Saturation, Weiss [umol/kg]
# name 7 = oxsolMm/Kg: Oxygen Saturation, Garcia & Gordon [umol/kg]
# name 8 = turbWETntu0: Turbidity, WET Labs ECO [NTU]
# name 9 = flECO-AFL: Fluorescence, WET Labs ECO-AFL/FL [mg/m^3]
# name 10 = flag:  0.000e+00
# span 0 = 146.396933, 146.398819       
# span 1 =      0.552,     17.498       
# span 2 =    13.1472,    14.9242       
# span 3 =  37.674355,  37.897683       
# span 4 =    30.3760,    31.7546       
# span 5 =      0.547,     17.342       
# span 6 =  255.96201,  262.92266       
# span 7 =  256.20160,  263.04797       
# span 8 =    -5.2183,     5.8478       
# span 9 =     3.9010,     9.8249       
# span 10 = 0.0000e+00, 0.0000e+00      
# interval = seconds: 0.25
# start_time = May 25 2024 09:30:10 [Instrument's time stamp, header]
# bad_flag = -9.990e-29
*END*
[from data line 263]
 146.397694      7.766    13.6006  37.771348    31.4680      7.696  260.98663  261.14245    -4.1444     8.0215 -9.990e-29
 146.397697      7.795    13.5989  37.771102    31.4671      7.725  260.99744  261.15318    -4.1600     8.0215 0.0000e+00
 146.397700      7.828    13.5972  37.766039    31.4680      7.758  261.00826  261.16390    -4.1444     8.0215 0.0000e+00
 146.397703      7.874    13.5884  37.766472    31.4737      7.803  261.04148  261.19652    -4.0821     8.0376 0.0000e+00
 146.397705      7.914    13.5751  37.766227    31.4845      7.843  261.09377  261.24791    -3.9732     8.0376 0.0000e+00
 146.397708      7.954    13.5660  37.768698    31.4942      7.883  261.12469  261.27819    -3.5841     7.4028 0.0000e+00
 146.397711      7.990    13.5636  37.765303    31.4946      7.919  261.13667  261.29003    -3.5685     7.3906 0.0000e+00
 146.397714      8.016    13.5613  37.762711    31.4949      7.944  261.14865  261.30187    -3.5841     7.3785 -9.990e-29
 146.397717      8.034    13.5437  37.765985    31.5100      7.962  261.21589  261.36790    -3.5841     7.3866 -9.990e-29
 146.397720      8.041    13.5356  37.762960    31.5139      7.969  261.25260  261.40408    -3.1638     7.9689 -9.990e-29
 146.397723      8.047    13.5309  37.761355    31.5163      7.975  261.27353  261.42471    -3.0393     7.9932 -9.990e-29
 146.397726      8.054    13.5223  37.754750    31.5172      7.982  261.31799  261.46864    -3.2261     7.9487 -9.990e-29
 146.397729      8.069    13.5043  37.750554    31.5282      7.997  261.39512  261.54457    -2.9771     7.9325 -9.990e-29
 146.397731      8.094    13.4596  37.750248    31.5670      8.022  261.56571  261.71208    -3.1794     7.0753 -9.990e-29
 146.397734      8.134    13.4557  37.752535    31.5679      8.062  261.58537  261.73149    -3.0938     7.0652 0.0000e+00
 146.397737      8.178    13.4517  37.747474    31.5688      8.105  261.60503  261.75090    -3.0238     7.0631 0.0000e+00
 146.397740      8.227    13.4429  37.747660    31.5762      8.154  261.63889  261.78415    -3.0238     7.0550 0.0000e+00
 146.397743      8.271    13.4311  37.745625    31.5841      8.197  261.68844  261.83291    -3.0393     6.2140 0.0000e+00
 146.397746      8.308    13.4182  37.743466    31.5927      8.234  261.74218  261.88579    -3.0860     6.2140 0.0000e+00
 146.397749      8.344    13.4118  37.743035    31.5979      8.270  261.76773  261.91089    -3.0860     6.2241 0.0000e+00
 146.397752      8.372    13.4053  37.743469    31.6030      8.297  261.79327  261.93599    -3.0860     6.2342 -9.990e-29
 146.397755      8.394    13.3892  37.739272    31.6128      8.319  261.86224  262.00388    -3.0393     6.2342 -9.990e-29
 146.397758      8.408    13.3810  37.738903    31.6193      8.333  261.89500  262.03607    -2.8681     6.6830 -9.990e-29
 146.397760      8.421    13.3740  37.738410    31.6246      8.346  261.92314  262.06373    -2.9148     6.6668 -9.990e-29
 146.397763      8.441    13.3688  37.737731    31.6283      8.365  261.94448  262.08472    -2.8525     6.6668 -9.990e-29
 146.397766      8.464    13.3617  37.736621    31.6354      8.389  261.96967  262.10940    -2.6813     7.7748 -9.990e-29
 146.397769      8.490    13.3615  37.739152    31.6355      8.414  261.97094  262.11066    -2.6502     7.7647 0.0000e+00
 146.397772      8.523    13.3612  37.738844    31.6354      8.447  261.97221  262.11191    -2.6502     7.7546 0.0000e+00
 146.397775      8.567    13.3606  37.737486    31.6350      8.490  261.97682  262.11649    -2.6502     7.7465 0.0000e+00
 146.397778      8.612    13.3584  37.735758    31.6350      8.535  261.98860  262.12813    -2.7903     7.7425 0.0000e+00
 146.397781      8.654    13.3568  37.738413    31.6376      8.577  261.99261  262.13202    -2.8837     7.2390 0.0000e+00
 146.397784      8.691    13.3552  37.738413    31.6401      8.613  261.99662  262.13590    -2.9771     6.7356 -9.990e-29
 146.397786      8.716    13.3515  37.737488    31.6423      8.638  262.01244  262.15148    -2.8059     6.7275 -9.990e-29
 146.397789      8.740    13.3510  37.738908    31.6441      8.662  262.01232  262.15131    -2.9771     6.7113 -9.990e-29
 146.397792      8.749    13.3508  37.739278    31.6445      8.671  262.01227  262.15124    -2.1366     7.3866 -9.990e-29
 146.397795      8.753    13.3502  37.735883    31.6418      8.674  262.02031  262.15928    -2.0276     7.3826 -9.990e-29
 146.397798      8.755    13.3471  37.731563    31.6404      8.676  262.03988  262.17866    -2.1833     7.3947 -9.990e-29
 146.397801      8.762    13.3426  37.727551    31.6404      8.684  262.06432  262.20283    -2.1522     7.3947 -9.990e-29
 146.397804      8.782    13.3321  37.728231    31.6513      8.703  262.10139  262.23915    -1.8876     7.9446 -9.990e-29
 146.397807      8.817    13.3308  37.729836    31.6539      8.738  262.10388  262.24153    -1.8798     7.9527 0.0000e+00
 146.397810      8.862    13.3294  37.733108    31.6560      8.783  262.10637  262.24391    -1.8720     7.9568 0.0000e+00
 146.397812      8.914    13.3285  37.731751    31.6565      8.834  262.11212  262.24962    -1.8720     7.9608 0.0000e+00
 146.397815      8.957    13.3266  37.730763    31.6560      8.877  262.12122  262.25859    -1.8720     7.9568 0.0000e+00
 146.397818      8.994    13.3244  37.725147    31.6558      8.913  262.13468  262.27192    -2.3000     6.9964 0.0000e+00
 146.397821      9.027    13.3222  37.725210    31.6550      8.946  262.14814  262.28525    -2.7436     6.0077 -9.990e-29
 146.397824      9.050    13.3072  37.725767    31.6681      8.969  262.20564  262.34170    -2.5568     6.0118 -9.990e-29
 146.397827      9.071    13.3052  37.725458    31.6694      8.989  262.21385  262.34978    -2.7592     6.0037 -9.990e-29
 146.397830      9.089    13.2993  37.720028    31.6692      9.007  262.24612  262.38169    -1.7164     7.8355 -9.990e-29
 146.397833      9.107    13.2891  37.720831    31.6785      9.026  262.28482  262.41965    -1.5763     7.8719 -9.990e-29
 146.397836      9.131    13.2834  37.721388    31.6837      9.049  262.30604  262.44047    -1.6852     7.8314 -9.990e-29
 146.397839      9.149    13.2748  37.719907    31.6898      9.067  262.34147  262.47532    -0.9226     8.5471 -9.990e-29
 146.397841      9.180    13.2732  37.720278    31.6898      9.098  262.35035  262.48409    -0.9070     8.5552 0.0000e+00
 146.397844      9.211    13.2715  37.717378    31.6898      9.128  262.35922  262.49286    -0.8915     8.5593 0.0000e+00
 146.397847      9.240    13.2681  37.717564    31.6924      9.158  262.37255  262.50595    -0.8759     8.5593 0.0000e+00
 146.397850      9.273    13.2627  37.712319    31.6929      9.190  262.40254  262.53561    -0.8759     8.5431 0.0000e+00
 146.397853      9.300    13.2575  37.708309    31.6948      9.217  262.42628  262.55900    -0.8992     8.5411 0.0000e+00
 146.397856      9.326    13.2523  37.709668    31.6973      9.242  262.45001  262.58239    -0.9381     8.5431 -9.990e-29
 146.397859      9.348    13.2343  37.711088    31.7149      9.264  262.51570  262.64678    -2.0121     7.6980 -9.990e-29
 146.397862      9.368    13.2283  37.708990    31.7197      9.284  262.53971  262.67038    -1.8097     7.7061 -9.990e-29
 146.397865      9.400    13.2286  37.710842    31.7189      9.316  262.53959  262.67029    -1.7786     7.4412 0.0000e+00
 146.397867      9.435    13.2288  37.709670    31.7197      9.351  262.53947  262.67019    -1.7475     7.2006 0.0000e+00
 146.397870      9.468    13.2299  37.713434    31.7181      9.383  262.52908  262.65984    -1.6385     7.1763 0.0000e+00
 146.397873      9.499    13.2319  37.712323    31.7181      9.414  262.52306  262.65397    -1.6230     7.1763 0.0000e+00
 146.397876      9.528    13.2319  37.712509    31.7181      9.443  262.52248  262.65339    -1.6074     7.1763 0.0000e+00
 146.397879      9.555    13.2320  37.714113    31.7196      9.470  262.52004  262.65093    -1.6074     8.1064 0.0000e+00
 146.397882      9.586    13.2329  37.714977    31.7197      9.501  262.51461  262.64556    -1.6074     8.1064 0.0000e+00
 146.397885      9.619    13.2342  37.717137    31.7206      9.533  262.50583  262.63686    -1.6852     8.0983 0.0000e+00
 146.397888      9.650    13.2348  37.718927    31.7210      9.564  262.50219  262.63324    -1.7164     8.0842 0.0000e+00
 146.397891      9.681    13.2353  37.717137    31.7213      9.595  262.49854  262.62962    -1.6852     8.0700 -9.990e-29
 146.397894      9.705    13.2366  37.713434    31.7151      9.618  262.50286  262.63409    -1.3895     7.6737 -9.990e-29
 146.397896      9.736    13.2346  37.713435    31.7167      9.649  262.51054  262.64163    -1.4051     7.6454 -9.990e-29
 146.397899      9.758    13.2321  37.711645    31.7171      9.671  262.52355  262.65448    -1.3895     7.6333 -9.990e-29
 146.397902      9.780    13.2299  37.710165    31.7175      9.692  262.53461  262.66540    -1.4362     7.6535 -9.990e-29
 146.397905      9.802    13.2278  37.707635    31.7170      9.714  262.54747  262.67813    -1.2494     7.6373 -9.990e-29
 146.397908      9.826    13.2251  37.707142    31.7187      9.738  262.55883  262.68931    -1.0471     7.6292 -9.990e-29
 146.397911      9.840    13.2225  37.706587    31.7203      9.752  262.56972  262.70003    -1.1249     7.6575 -9.990e-29
 146.397914      9.849    13.2206  37.703933    31.7194      9.761  262.58165  262.71184    -1.2494     7.6373 -9.990e-29
 146.397917      9.862    13.2182  37.703934    31.7215      9.774  262.59131  262.72133    -1.4206     6.9256 -9.990e-29
 146.397920      9.884    13.2127  37.701713    31.7243      9.796  262.61608  262.74573    -1.3739     6.9256 -9.990e-29
 146.397922      9.912    13.2116  37.702083    31.7253      9.823  262.62014  262.74971    -1.3739     6.9236 0.0000e+00
 146.397925      9.954    13.2105  37.702331    31.7264      9.865  262.62420  262.75369    -1.3739     6.9256 0.0000e+00
 146.397928      9.998    13.2092  37.701837    31.7270      9.908  262.62977  262.75913    -1.6541     7.1076 0.0000e+00
 146.397931     10.047    13.2087  37.703257    31.7287      9.957  262.62978  262.75913    -1.6541     7.1116 0.0000e+00
 146.397934     10.089    13.2084  37.703936    31.7296      9.998  262.62977  262.75911    -1.6541     7.1116 0.0000e+00
 146.397937     10.129    13.2084  37.704368    31.7296     10.038  262.62935  262.75867    -1.6074     7.1076 0.0000e+00
 146.397940     10.164    13.2085  37.704368    31.7298     10.073  262.62837  262.75771    -1.6774     6.8447 0.0000e+00
 146.397943     10.191    13.2088  37.706343    31.7296     10.100  262.62739  262.75675    -1.5763     6.5819 -9.990e-29
 146.397946     10.213    13.2111  37.703442    31.7268     10.122  262.61993  262.74946    -1.6852     6.6062 -9.990e-29
 146.397948     10.229    13.2119  37.705540    31.7281     10.138  262.61351  262.74307    -1.6385     6.5981 -9.990e-29
 146.397951     10.239    13.2121  37.704553    31.7270     10.147  262.61435  262.74394    -1.7008     6.6102 -9.990e-29
 146.397954     10.248    13.2124  37.700912    31.7233     10.156  262.61945  262.74910    -0.9070     7.9204 -9.990e-29
 146.397957     10.269    13.2115  37.702147    31.7252     10.177  262.62076  262.75033    -0.9226     7.9082 -9.990e-29
 146.397960     10.286    13.2109  37.703443    31.7271     10.194  262.62042  262.74994    -0.9070     7.8840 -9.990e-29
 146.397963     10.311    13.2110  37.703690    31.7281     10.219  262.61850  262.74800    -0.7591     7.9810 0.0000e+00
 146.397966     10.342    13.2110  37.705788    31.7271     10.250  262.61837  262.74794    -0.6736     8.0781 0.0000e+00
 146.397969     10.379    13.2116  37.703258    31.7261     10.286  262.61657  262.74607    -0.6113     8.0943 0.0000e+00
 146.397972     10.415    13.2116  37.703011    31.7261     10.322  262.61837  262.74794    -0.6736     8.1104 0.0000e+00
 146.397975     10.448    13.2103  37.702826    31.7268     10.354  262.62427  262.75375    -0.6736     8.1104 0.0000e+00
 146.397977     10.481    13.2076  37.701161    31.7275     10.387  262.63793  262.76723    -1.1716     6.9903 0.0000e+00
 146.397980     10.508    13.2055  37.700359    31.7284     10.414  262.64726  262.77643    -1.1716     6.9903 0.0000e+00
 146.397983     10.541    13.2039  37.701902    31.7302     10.447  262.65117  262.78021    -1.1716     6.9944 0.0000e+00
 146.397986     10.572    13.2029  37.699989    31.7312     10.477  262.65816  262.78715    -1.1716     6.9944 0.0000e+00
 146.397989     10.612    13.2014  37.699928    31.7302     10.517  262.66425  262.79313    -0.3778     7.5403 0.0000e+00
 146.397992     10.648    13.2002  37.695609    31.7314     10.553  262.67650  262.80533    -0.3778     7.5767 0.0000e+00
 146.397995     10.683    13.1978  37.697707    31.7323     10.587  262.68229  262.81094    -0.3778     7.5848 0.0000e+00
 146.397998     10.710    13.1970  37.696288    31.7323     10.614  262.68678  262.81538    -0.3623     7.5808 0.0000e+00
 146.398001     10.743    13.1961  37.696165    31.7324     10.647  262.69127  262.81981    -0.2845     7.5848 -9.990e-29
 146.398003     10.762    13.1941  37.695116    31.7330     10.665  262.70126  262.82967     0.0424     6.9256 -9.990e-29
 146.398006     10.782    13.1931  37.694191    31.7329     10.685  262.70655  262.83490     0.0891     6.9014 -9.990e-29
 146.398009     10.796    13.1918  37.694438    31.7343     10.700  262.71153  262.83978     0.1358     6.9014 -9.990e-29
 146.398012     10.811    13.1909  37.693513    31.7341     10.714  262.71653  262.84473     0.1358     6.9337 -9.990e-29
 146.398015     10.826    13.1899  37.692402    31.7339     10.729  262.72241  262.85055     0.8206     7.1278 -9.990e-29
 146.398018     10.839    13.1889  37.692588    31.7349     10.741  262.72579  262.85386     0.8362     7.1278 -9.990e-29
 146.398021     10.861    13.1883  37.690182    31.7331     10.763  262.73249  262.86053     0.9296     7.1238 -9.990e-29
 146.398024     10.884    13.1874  37.693267    31.7372     10.787  262.72980  262.85775     1.6299     7.3300 -9.990e-29
 146.398027     10.913    13.1874  37.693760    31.7376     10.816  262.72951  262.85746     1.6299     7.3340 0.0000e+00
 146.398030     10.943    13.1874  37.694439    31.7380     10.845  262.72922  262.85716     1.6299     7.3300 0.0000e+00
 146.398032     10.972    13.1879  37.696414    31.7388     10.874  262.72457  262.85253     1.6299     7.3057 0.0000e+00
 146.398035     11.007    13.1879  37.695858    31.7388     10.908  262.72457  262.85253     1.5521     7.3057 0.0000e+00
 146.398038     11.041    13.1866  37.692218    31.7366     10.942  262.73593  262.86384     1.4587     7.4918 0.0000e+00
 146.398041     11.076    13.1842  37.690245    31.7366     10.977  262.74871  262.87646     1.3031     7.5039 0.0000e+00
 146.398044     11.109    13.1808  37.689752    31.7389     11.009  262.76263  262.89015     1.4120     7.5160 0.0000e+00
 146.398047     11.143    13.1781  37.687469    31.7390     11.044  262.77735  262.90470     1.3498     7.5039 0.0000e+00
 146.398050     11.172    13.1755  37.688457    31.7421     11.072  262.78589  262.91305     1.3498     7.4918 0.0000e+00
 146.398053     11.198    13.1737  37.687532    31.7425     11.098  262.79430  262.92135     0.3692     6.9459 0.0000e+00
 146.398056     11.227    13.1718  37.685619    31.7427     11.127  262.80498  262.93191     0.3226     6.9459 0.0000e+00
 146.398058     11.264    13.1700  37.685805    31.7442     11.163  262.80853  262.93530     0.3692     6.9459 0.0000e+00
 146.398061     11.304    13.1700  37.688211    31.7452     11.203  262.80853  262.93530     0.3848     6.9337 0.0000e+00
 146.398064     11.339    13.1714  37.688211    31.7452     11.237  262.80232  262.92919     0.7117     6.7962 0.0000e+00
 146.398067     11.366    13.1720  37.687471    31.7444     11.264  262.80055  262.92747     0.8362     6.7841 0.0000e+00
