seaocn-cb/data/ctd_cnv/SBE19plus_01907321_2024_05_21_Cast04.cnv
* Sea-Bird SBE19plus  Data File:
* FileName = E:\Prandtl_Daten\2024\CTD\raw\SBE19plus_01907321_2024_05_21_Cast04.hex
* Software version 2.6.1.12
* Temperature SN = 7321
* Conductivity SN = 7321
* System UpLoad Time = May 21 2024 12:23:19
* <ApplicationData>
* <Seaterm232>
** 20240521
** Sea Practical 2024
** MCat 21.05 CTD_SP3
** NMEA Latitude = 54 07.326N
** NMEA Longitude = 008 30.21E
** waterdepth = 5.5m
** Merle
# nquan = 11
# nvalues = 136                         
# units = specified
# name 0 = timeJ: Julian Days
# name 1 = prdM: Pressure, Strain Gauge [db]
# name 2 = tv290C: Temperature [ITS-90, deg C]
# name 3 = c0mS/cm: Conductivity [mS/cm]
# name 4 = sal00: Salinity, Practical [PSU]
# name 5 = depSM: Depth [salt water, m], lat = 54.00
# name 6 = oxsatMm/Kg: Oxygen Saturation, Weiss [umol/kg]
# name 7 = oxsolMm/Kg: Oxygen Saturation, Garcia & Gordon [umol/kg]
# name 8 = turbWETntu0: Turbidity, WET Labs ECO [NTU]
# name 9 = flECO-AFL: Fluorescence, WET Labs ECO-AFL/FL [mg/m^3]
# name 10 = flag:  0.000e+00
# span 0 = 142.512399, 142.512789       
# span 1 =      0.749,      4.104       
# span 2 =    15.7065,    16.3407       
# span 3 =  36.134588,  36.269592       
# span 4 =    28.0404,    28.4008       
# span 5 =      0.743,      4.068       
# span 6 =  252.85000,  255.43088       
# span 7 =  253.17529,  255.72465       
# span 8 =    -4.2222,    11.3887       
# span 9 =     4.2164,    11.0178       
# span 10 = 0.0000e+00, 0.0000e+00      
# interval = seconds: 0.25
# start_time = May 21 2024 12:15:56 [Instrument's time stamp, header]
# bad_flag = -9.990e-29
*END*
 142.512399      0.764    16.3297  36.256284    28.0438      0.757  252.90670  253.23151    -3.8331     4.8634 -9.990e-29
 142.512402      0.749    16.3301  36.256527    28.0437      0.743  252.90481  253.22963    -3.7086     4.8715 -9.990e-29
 142.512405      0.751    16.3309  36.262723    28.0485      0.744  252.89290  253.21773    -3.9732     4.2164 -9.990e-29
 142.512407      0.768    16.3314  36.259200    28.0452      0.761  252.89629  253.22117    -3.8331     4.2285 -9.990e-29
 142.512410      0.788    16.3321  36.264727    28.0494      0.781  252.88539  253.21026    -3.7553     4.2366 -9.990e-29
 142.512413      0.804    16.3326  36.264241    28.0486      0.797  252.88429  253.20919    -3.7553     4.2366 -9.990e-29
 142.512416      0.820    16.3334  36.264484    28.0482      0.813  252.88059  253.20553    -4.0199     4.6814 -9.990e-29
 142.512419      0.833    16.3346  36.259989    28.0435      0.826  252.88298  253.20800    -3.8798     4.7946 -9.990e-29
 142.512422      0.848    16.3352  36.263148    28.0458      0.840  252.87588  253.20092    -3.6463     4.7704 -9.990e-29
 142.512425      0.857    16.3354  36.263391    28.0459      0.849  252.87491  253.19996    -3.8331     4.7299 -9.990e-29
 142.512428      0.853    16.3350  36.257620    28.0412      0.846  252.88497  253.21003    -3.7397     5.0009 -9.990e-29
 142.512431      0.861    16.3346  36.261386    28.0447      0.853  252.88093  253.20594    -3.5529     5.0130 -9.990e-29
 142.512433      0.870    16.3339  36.255859    28.0404      0.862  252.89154  253.21656    -3.4907     4.9685 -9.990e-29
 142.512436      0.870    16.3314  36.258289    28.0462      0.862  252.89448  253.21934    -3.6930     4.9685 -9.990e-29
 142.512439      0.895    16.3314  36.260476    28.0462      0.887  252.89448  253.21934    -3.6930     4.9685 0.0000e+00
 142.512442      0.932    16.3314  36.252519    28.0462      0.923  252.89448  253.21934    -3.6930     4.9685 -9.990e-29
 142.512445      0.950    16.3305  36.258046    28.0447      0.941  252.90115  253.22599    -3.7708     4.6733 -9.990e-29
 142.512448      0.964    16.3301  36.258532    28.0454      0.956  252.90196  253.22677    -3.7397     4.6652 -9.990e-29
 142.512451      0.975    16.3301  36.258958    28.0457      0.967  252.90134  253.22615    -3.8175     4.6369 -9.990e-29
 142.512454      0.988    16.3299  36.256285    28.0436      0.979  252.90621  253.23103    -3.8953     4.7582 -9.990e-29
 142.512457      0.994    16.3297  36.257196    28.0451      0.985  252.90450  253.22930    -3.8487     4.7299 -9.990e-29
 142.512459      1.025    16.3303  36.257864    28.0484      1.016  252.89557  253.22037    -3.9109     4.7360 0.0000e+00
 142.512462      1.080    16.3310  36.266672    28.0499      1.070  252.88663  253.21144    -3.8487     4.7421 0.0000e+00
 142.512465      1.149    16.3323  36.266672    28.0508      1.139  252.88193  253.20680    -3.8953     4.9483 0.0000e+00
 142.512468      1.189    16.3335  36.263817    28.0499      1.178  252.87723  253.20216    -3.8175     5.1545 -9.990e-29
 142.512471      1.204    16.3361  36.262298    28.0443      1.193  252.87398  253.19906    -3.8020     5.1828 -9.990e-29
 142.512474      1.211    16.3363  36.260051    28.0422      1.200  252.87639  253.20150    -3.7708     5.2030 -9.990e-29
 142.512477      1.207    16.3363  36.264728    28.0463      1.197  252.86978  253.19486    -4.2222     4.6289 -9.990e-29
 142.512480      1.213    16.3375  36.267826    28.0481      1.202  252.86063  253.18575    -4.1755     4.6127 -9.990e-29
 142.512483      1.233    16.3404  36.265882    28.0449      1.222  252.85168  253.17695    -3.9732     4.6127 -9.990e-29
 142.512486      1.282    16.3407  36.266490    28.0451      1.271  252.85000  253.17529    -4.0821     4.6106 0.0000e+00
 142.512488      1.348    16.3404  36.267340    28.0449      1.336  252.85168  253.17695    -3.9732     4.6086 0.0000e+00
 142.512491      1.430    16.3400  36.263149    28.0440      1.417  252.85792  253.18319    -3.9109     4.5803 0.0000e+00
 142.512494      1.510    16.3380  36.263575    28.0440      1.496  252.86525  253.19042    -3.8642     4.5439 0.0000e+00
 142.512497      1.559    16.3366  36.264912    28.0456      1.545  252.86976  253.19485    -3.8408     4.5439 0.0000e+00
 142.512500      1.590    16.3351  36.268010    28.0472      1.576  252.87427  253.19929    -3.8175     4.5075 -9.990e-29
 142.512503      1.599    16.3322  36.266249    28.0503      1.585  252.88297  253.20785    -3.3817     5.0979 -9.990e-29
 142.512506      1.590    16.3316  36.264487    28.0493      1.576  252.88801  253.21287    -3.6930     5.0696 -9.990e-29
 142.512509      1.565    16.3306  36.264912    28.0503      1.551  252.89102  253.21583    -3.6930     5.0009 -9.990e-29
 142.512512      1.541    16.3289  36.260053    28.0474      1.527  252.90490  253.22965    -3.4907     5.0696 -9.990e-29
 142.512514      1.532    16.3270  36.263151    28.0513      1.518  252.90732  253.23195    -3.8642     5.2030 -9.990e-29
 142.512517      1.552    16.3256  36.262483    28.0544      1.538  252.90894  253.23350    -3.7397     5.1505 -9.990e-29
 142.512520      1.605    16.3260  36.265581    28.0534      1.591  252.90871  253.23329    -3.8098     5.1929 0.0000e+00
 142.512523      1.663    16.3260  36.264063    28.0534      1.648  252.90871  253.23329    -3.8098     5.1929 0.0000e+00
 142.512526      1.705    16.3264  36.267343    28.0525      1.690  252.90848  253.23308    -3.8798     5.2354 -9.990e-29
 142.512529      1.720    16.3276  36.267586    28.0546      1.705  252.89842  253.22307    -3.4595     6.6062 -9.990e-29
 142.512532      1.722    16.3291  36.269287    28.0551      1.707  252.89042  253.21513    -3.5218     6.5819 -9.990e-29
 142.512535      1.729    16.3310  36.268679    28.0532      1.714  252.88402  253.20882    -3.5841     6.5658 -9.990e-29
 142.512538      1.742    16.3326  36.268679    28.0521      1.726  252.87824  253.20312    -3.5996     6.5658 -9.990e-29
 142.512541      1.751    16.3336  36.266674    28.0504      1.736  252.87592  253.20086    -3.3350     4.5439 -9.990e-29
 142.512543      1.784    16.3336  36.267586    28.0502      1.768  252.87640  253.20134    -3.3273     4.5823 0.0000e+00
 142.512546      1.835    16.3335  36.267161    28.0501      1.819  252.87688  253.20182    -3.3195     4.5763 0.0000e+00
 142.512549      1.904    16.3324  36.265399    28.0501      1.887  252.88379  253.20868    -3.3195     4.6208 0.0000e+00
 142.512552      1.974    16.3271  36.266251    28.0538      1.956  252.90267  253.22729    -3.3817     4.9483 0.0000e+00
 142.512555      2.032    16.3246  36.269592    28.0570      2.014  252.90965  253.23415    -3.5062     4.9584 0.0000e+00
 142.512558      2.070    16.3221  36.269350    28.0602      2.052  252.91664  253.24100    -3.3817     4.9483 -9.990e-29
 142.512561      2.092    16.3218  36.269107    28.0600      2.073  252.91861  253.24296    -3.6308     5.0292 -9.990e-29
 142.512564      2.105    16.3220  36.266981    28.0580      2.086  252.92085  253.24522    -2.7436     6.5617 -9.990e-29
 142.512567      2.111    16.3221  36.265401    28.0565      2.092  252.92288  253.24727    -2.7125     6.6264 -9.990e-29
 142.512569      2.111    16.3219  36.265158    28.0565      2.092  252.92416  253.24853    -2.7280     6.5941 -9.990e-29
 142.512572      2.103    16.3207  36.258051    28.0512      2.084  252.93893  253.26329    -2.6191     6.5658 -9.990e-29
 142.512575      2.109    16.3108  36.256534    28.0568      2.090  252.97865  253.30253    -1.8564     8.2681 -9.990e-29
 142.512578      2.131    16.2769  36.244207    28.0598      2.112  253.14320  253.46555    -1.6230     8.2439 -9.990e-29
 142.512581      2.173    16.2626  36.232246    28.0635      2.153  253.20842  253.53010    -1.7164     8.2217 0.0000e+00
 142.512584      2.218    16.2483  36.217434    28.0672      2.199  253.27363  253.59465    -1.7631     8.2439 0.0000e+00
 142.512587      2.260    16.2116  36.208818    28.0855      2.240  253.42561  253.74486    -1.8097     8.1994 0.0000e+00
 142.512590      2.300    16.1758  36.210158    28.1119      2.280  253.55969  253.87715    -2.5880     7.9123 0.0000e+00
 142.512593      2.332    16.1567  36.214592    28.1292      2.311  253.62581  253.94229    -2.5880     7.8759 0.0000e+00
 142.512595      2.370    16.1501  36.215078    28.1337      2.349  253.65005  253.96620    -2.5880     7.9123 0.0000e+00
 142.512598      2.397    16.1494  36.213257    28.1340      2.376  253.65416  253.97027    -2.5802     7.9002 0.0000e+00
 142.512601      2.423    16.1487  36.209069    28.1337      2.401  253.65826  253.97434    -2.5880     7.9244 -9.990e-29
 142.512604      2.437    16.1471  36.201541    28.1247      2.415  253.68185  253.99792    -2.5568     7.2289 -9.990e-29
 142.512607      2.446    16.1412  36.203970    28.1309      2.424  253.70044  254.01620    -2.6035     7.2774 -9.990e-29
 142.512610      2.461    16.1357  36.204214    28.1350      2.439  253.72107  254.03656    -2.4634     7.2774 -9.990e-29
 142.512613      2.473    16.1336  36.205185    28.1374      2.451  253.72784  254.04321    -3.7708     5.5346 -9.990e-29
 142.512616      2.497    16.1376  36.207978    28.1382      2.475  253.70592  254.02148    -3.5529     5.5306 -9.990e-29
 142.512619      2.532    16.1410  36.209495    28.1381      2.509  253.68907  254.00478    -3.5374     5.5023 0.0000e+00
 142.512622      2.567    16.1444  36.214776    28.1380      2.544  253.67221  253.98807    -3.5218     5.5306 0.0000e+00
 142.512624      2.603    16.1559  36.215261    28.1303      2.580  253.62801  253.94444    -2.4479     7.8880 0.0000e+00
 142.512627      2.639    16.1654  36.215928    28.1241      2.616  253.59083  253.90774    -2.4479     7.8880 0.0000e+00
 142.512630      2.676    16.1713  36.219509    28.1241      2.652  253.56300  253.88018    -2.4167     7.8880 0.0000e+00
 142.512633      2.712    16.1767  36.227402    28.1230      2.688  253.53088  253.84828    -2.4790     7.8759 0.0000e+00
 142.512636      2.741    16.1868  36.229344    28.1206      2.717  253.48967  253.80756    -2.4167     7.9325 0.0000e+00
 142.512639      2.772    16.1898  36.219203    28.1141      2.748  253.48582  253.80389    -1.4674     7.9528 0.0000e+00
 142.512642      2.802    16.1928  36.217870    28.1076      2.777  253.48197  253.80022    -0.4557     8.0296 -9.990e-29
 142.512645      2.827    16.1480  36.215445    28.1359      2.802  253.65767  253.97371    -0.5024     8.0619 -9.990e-29
 142.512648      2.851    16.1309  36.220182    28.1521      2.825  253.71569  254.03084    -0.4245     8.0538 -9.990e-29
 142.512650      2.871    16.1293  36.210590    28.1449      2.845  253.73611  254.05124    -0.6424     9.1941 -9.990e-29
 142.512653      2.877    16.1188  36.198026    28.1415      2.851  253.79502  254.10970    -0.6424     9.1779 -9.990e-29
 142.512656      2.884    16.0918  36.188803    28.1527      2.858  253.91161  254.22498    -0.5802     9.1901 -9.990e-29
 142.512659      2.900    16.0676  36.203131    28.1822      2.875  253.98228  254.29435    -0.7981     9.1618 -9.990e-29
 142.512662      2.919    16.0653  36.205984    28.1862      2.893  253.98653  254.29846     1.7545     9.3559 -9.990e-29
 142.512665      2.931    16.0719  36.202280    28.1784      2.905  253.96716  254.27945     1.4276     9.3073 -9.990e-29
 142.512668      2.946    16.0665  36.203130    28.1773      2.920  253.99591  254.30797     1.6144     9.2912 -9.990e-29
 142.512671      2.981    16.0590  36.196697    28.1781      2.954  254.03272  254.34442     1.1553     9.2366 0.0000e+00
 142.512674      3.034    16.0514  36.186138    28.1789      3.006  254.06952  254.38087     0.6961     9.1820 0.0000e+00
 142.512677      3.090    16.0246  36.174246    28.1876      3.062  254.18950  254.49957     0.6961     9.1739 0.0000e+00
 142.512679      3.143    15.9898  36.167636    28.2065      3.115  254.33225  254.64059     0.7895     9.1739 0.0000e+00
 142.512682      3.187    15.9752  36.166487    28.2163      3.158  254.38871  254.69632     0.7973     9.1638 0.0000e+00
 142.512685      3.218    15.9607  36.164790    28.2262      3.189  254.44517  254.75204     0.8050     9.1739 -9.990e-29
 142.512688      3.230    15.9234  36.159028    28.2462      3.202  254.59885  254.90385     0.9296     9.5985 -9.990e-29
 142.512691      3.234    15.9079  36.153509    28.2525      3.205  254.66668  254.97092     1.0696     9.5459 -9.990e-29
 142.512694      3.245    15.8923  36.151327    28.2617      3.216  254.72947  255.03293     1.0385     9.5581 -9.990e-29
 142.512697      3.251    15.8810  36.147809    28.2667      3.222  254.77819  255.08109     1.2253     9.5742 -9.990e-29
 142.512700      3.249    15.8733  36.146111    28.2707      3.220  254.81020  255.11270    -0.1288     9.1618 -9.990e-29
 142.512703      3.267    15.8657  36.136770    28.2663      3.238  254.85643  255.15861    -0.2378     9.1779 -9.990e-29
 142.512705      3.311    15.8661  36.134830    28.2683      3.281  254.85127  255.15346    -0.2222     9.1718 0.0000e+00
 142.512708      3.375    15.8664  36.139864    28.2691      3.345  254.84612  255.14831    -0.2066     9.1779 0.0000e+00
 142.512711      3.448    15.8664  36.139682    28.2691      3.417  254.84612  255.14831     2.6572    10.0675 0.0000e+00
 142.512714      3.504    15.8661  36.136771    28.2677      3.473  254.85208  255.15427     2.7039    10.0797 0.0000e+00
 142.512717      3.552    15.8656  36.134588    28.2671      3.520  254.85557  255.15774     2.6806    10.0898 0.0000e+00
 142.512720      3.583    15.8651  36.137499    28.2664      3.551  254.85905  255.16121     2.7039    10.0797 -9.990e-29
 142.512723      3.599    15.8697  36.138348    28.2664      3.567  254.83579  255.13816     3.7155    10.1444 -9.990e-29
 142.512726      3.597    15.8662  36.142716    28.2727      3.565  254.84254  255.14470     3.7934    10.1767 -9.990e-29
 142.512729      3.592    15.8551  36.144477    28.2821      3.560  254.88235  255.18393     3.8868    10.1363 -9.990e-29
 142.512731      3.577    15.8379  36.145813    28.2955      3.545  254.94615  255.24684     3.7934    10.1363 -9.990e-29
 142.512734      3.565    15.8207  36.150001    28.3115      3.533  255.00592  255.30569     3.6066    10.1322 -9.990e-29
 142.512737      3.570    15.7932  36.153704    28.3275      3.538  255.11749  255.41586     2.7973     9.8532 -9.990e-29
 142.512740      3.597    15.7892  36.145819    28.3328      3.565  255.12877  255.42692     2.8829     9.8634 0.0000e+00
 142.512743      3.632    15.7852  36.151340    28.3325      3.599  255.14005  255.43797     2.9218     9.8654 0.0000e+00
 142.512746      3.674    15.7852  36.144303    28.3346      3.641  255.14005  255.43797     2.9685     9.8735 0.0000e+00
 142.512749      3.716    15.7873  36.149156    28.3325      3.682  255.13523  255.43327     6.2992    10.9572 0.0000e+00
 142.512752      3.756    15.7886  36.148671    28.3345      3.722  255.12895  255.42705     6.2992    10.9612 0.0000e+00
 142.512755      3.787    15.7886  36.150127    28.3345      3.753  255.12895  255.42705     6.2836    11.0178 0.0000e+00
 142.512758      3.832    15.7849  36.148672    28.3365      3.798  255.14447  255.44238     6.1824    10.9895 0.0000e+00
 142.512760      3.862    15.7811  36.154680    28.3386      3.827  255.15998  255.45770     6.2836    11.0178 -9.990e-29
 142.512763      3.887    15.7621  36.152436    28.3554      3.852  255.22702  255.52374     7.8556    10.2010 -9.990e-29
 142.512766      3.907    15.7477  36.154014    28.3673      3.872  255.27982  255.57577     7.8401    10.2010 -9.990e-29
 142.512769      3.938    15.7447  36.154197    28.3708      3.903  255.28884  255.58462     8.7350    10.1848 0.0000e+00
 142.512772      3.973    15.7417  36.157292    28.3742      3.937  255.29785  255.59347     9.4587    10.1686 0.0000e+00
 142.512775      4.013    15.7379  36.157050    28.3767      3.977  255.31308  255.60850     9.5521    10.1161 0.0000e+00
