seaocn-cb/data/ctd_cnv/SBE19plus_01907321_2024_05_29_Cast104.cnv
* Sea-Bird SBE19plus  Data File:
* FileName = E:\Prandtl_Daten\2024\29052024\raw\SBE19plus_01907321_2024_05_29_Cast104.hex
* Software version 2.6.1.12
* Temperature SN = 7321
* Conductivity SN = 7321
* System UpLoad Time = May 29 2024 09:30:12
* <ApplicationData>
* <Seaterm232>
** 20240527
** Sea Practical 2024
** MCat 27.05 CTD_SP1
** NMEA Latitude = 54 06.90N
** NMEA Longitude = 008 34.62E
** waterdepth = 13.4m
** Isabelle
# nquan = 11
# nvalues = 439                         
# units = specified
# name 0 = timeJ: Julian Days
# name 1 = prdM: Pressure, Strain Gauge [db]
# name 2 = tv290C: Temperature [ITS-90, deg C]
# name 3 = c0mS/cm: Conductivity [mS/cm]
# name 4 = sal00: Salinity, Practical [PSU]
# name 5 = depSM: Depth [salt water, m], lat = 54.00
# name 6 = oxsatMm/Kg: Oxygen Saturation, Weiss [umol/kg]
# name 7 = oxsolMm/Kg: Oxygen Saturation, Garcia & Gordon [umol/kg]
# name 8 = turbWETntu0: Turbidity, WET Labs ECO [NTU]
# name 9 = flECO-AFL: Fluorescence, WET Labs ECO-AFL/FL [mg/m^3]
# name 10 = flag:  0.000e+00
# span 0 = 150.391256, 150.392523       
# span 1 =      0.690,     12.455       
# span 2 =    17.0186,    17.2443       
# span 3 =  35.971522,  36.110041       
# span 4 =    27.1793,    27.4398       
# span 5 =      0.684,     12.343       
# span 6 =  249.86153,  250.53441       
# span 7 =  250.23045,  250.89262       
# span 8 =     0.8206,     7.0930       
# span 9 =     4.5520,     6.6345       
# span 10 = 0.0000e+00, 0.0000e+00      
# interval = seconds: 0.25
# start_time = May 29 2024 09:21:58 [Instrument's time stamp, header]
# bad_flag = -9.990e-29
*END*
[from data line 132]
 150.391638      4.260    17.2342  35.977888    27.1859      4.222  249.91309  250.28163     2.0969     4.8755 -9.990e-29
 150.391641      4.271    17.2346  35.976556    27.1845      4.233  249.91344  250.28200     2.0969     4.8715 -9.990e-29
 150.391644      4.276    17.2351  35.975042    27.1829      4.238  249.91373  250.28232     1.3498     5.3486 -9.990e-29
 150.391646      4.289    17.2357  35.976314    27.1836      4.251  249.90976  250.27838     1.4120     5.3891 -9.990e-29
 150.391649      4.308    17.2369  35.976798    27.1842      4.269  249.90265  250.27131     1.3965     5.3850 -9.990e-29
 150.391652      4.344    17.2371  35.978070    27.1844      4.305  249.90125  250.26991     1.8634     5.2617 0.0000e+00
 150.391655      4.386    17.2373  35.978978    27.1842      4.347  249.90207  250.27079     2.3303     5.1384 0.0000e+00
 150.391658      4.436    17.2379  35.975890    27.1817      4.396  249.90083  250.26955     2.3459     5.1384 0.0000e+00
 150.391661      4.486    17.2382  35.976133    27.1817      4.446  249.90083  250.26955     2.3459     5.1303 0.0000e+00
 150.391664      4.528    17.2383  35.976799    27.1820      4.488  249.90021  250.26894     2.2992     5.1343 0.0000e+00
 150.391667      4.561    17.2383  35.976557    27.1822      4.520  249.89959  250.26832     2.2525     5.0979 -9.990e-29
 150.391670      4.585    17.2384  35.976557    27.1819      4.544  249.89935  250.26808     2.3926     5.1828 -9.990e-29
 150.391672      4.596    17.2386  35.973650    27.1793      4.555  249.90285  250.27161     2.4548     5.1667 -9.990e-29
 150.391675      4.607    17.2384  35.975649    27.1811      4.566  249.90065  250.26938     2.3615     5.1707 -9.990e-29
 150.391678      4.614    17.2384  35.981583    27.1861      4.573  249.89223  250.26094     2.4548     5.1828 -9.990e-29
 150.391681      4.620    17.2383  35.977889    27.1830      4.578  249.89778  250.26651     1.9879     5.0615 -9.990e-29
 150.391684      4.627    17.2383  35.981401    27.1860      4.586  249.89281  250.26151     2.1124     5.0777 -9.990e-29
 150.391687      4.649    17.2384  35.979827    27.1857      4.607  249.89287  250.26158     2.0969     5.0292 -9.990e-29
 150.391690      4.678    17.2383  35.981159    27.1863      4.636  249.89225  250.26095     2.2447     5.2739 0.0000e+00
 150.391693      4.720    17.2383  35.982492    27.1857      4.678  249.89287  250.26158     2.3926     5.5063 0.0000e+00
 150.391696      4.767    17.2383  35.980070    27.1853      4.725  249.89472  250.26342     2.3926     5.5063 0.0000e+00
 150.391698      4.809    17.2382  35.980554    27.1853      4.766  249.89472  250.26342     2.2836     5.5063 0.0000e+00
 150.391701      4.851    17.2379  35.982008    27.1863      4.808  249.89472  250.26342     2.2836     5.4780 0.0000e+00
 150.391704      4.886    17.2379  35.981402    27.1865      4.842  249.89436  250.26305     2.2058     5.3648 0.0000e+00
 150.391707      4.917    17.2378  35.980494    27.1863      4.873  249.89511  250.26379     2.1280     5.1909 -9.990e-29
 150.391710      4.935    17.2379  35.983098    27.1876      4.891  249.89211  250.26079     1.9879     5.2111 -9.990e-29
 150.391713      4.952    17.2383  35.979162    27.1841      4.907  249.89646  250.26517     2.0346     5.2030 -9.990e-29
 150.391716      4.959    17.2383  35.979162    27.1841      4.914  249.89646  250.26518     2.5171     5.1707 -9.990e-29
 150.391719      4.970    17.2387  35.983582    27.1875      4.925  249.88865  250.25736     2.7506     5.4861 -9.990e-29
 150.391722      4.986    17.2388  35.985944    27.1893      4.942  249.88469  250.25340     2.5171     5.5063 -9.990e-29
 150.391725      5.008    17.2399  35.983219    27.1857      4.963  249.88559  250.25436     2.5794     5.4942 -9.990e-29
 150.391727      5.041    17.2400  35.982492    27.1858      4.996  249.88499  250.25376     2.6028     5.5670 0.0000e+00
 150.391730      5.084    17.2401  35.982916    27.1859      5.039  249.88439  250.25316     2.6105     5.6115 0.0000e+00
 150.391733      5.124    17.2401  35.984430    27.1871      5.079  249.88164  250.25042     2.6105     5.6398 0.0000e+00
 150.391736      5.170    17.2401  35.985097    27.1871      5.124  249.88164  250.25042     2.6105     5.6276 0.0000e+00
 150.391739      5.212    17.2401  35.981161    27.1861      5.165  249.88430  250.25306     2.6105     5.6378 0.0000e+00
 150.391742      5.239    17.2400  35.984673    27.1845      5.193  249.88725  250.25603     2.6416     5.6276 -9.990e-29
 150.391745      5.258    17.2401  35.985097    27.1877      5.211  249.88138  250.25015     2.5638     5.1828 -9.990e-29
 150.391748      5.272    17.2402  35.986187    27.1886      5.225  249.87953  250.24830     2.6883     5.1667 -9.990e-29
 150.391751      5.278    17.2399  35.982614    27.1857      5.230  249.88553  250.25430     2.5482     5.1626 -9.990e-29
 150.391753      5.281    17.2395  35.984007    27.1872      5.234  249.88511  250.25385     2.0813     5.1222 -9.990e-29
 150.391756      5.296    17.2391  35.986187    27.1893      5.249  249.88357  250.25229     2.1436     5.0898 -9.990e-29
 150.391759      5.312    17.2393  35.984250    27.1869      5.265  249.88636  250.25510     2.0191     5.0817 -9.990e-29
 150.391762      5.342    17.2396  35.983584    27.1870      5.294  249.88529  250.25405     1.9880     5.0979 0.0000e+00
 150.391765      5.386    17.2398  35.984008    27.1869      5.337  249.88423  250.25299     1.9568     5.0817 0.0000e+00
 150.391768      5.429    17.2402  35.983765    27.1865      5.381  249.88400  250.25279     1.8634     5.0373 0.0000e+00
 150.391771      5.475    17.2403  35.982676    27.1855      5.426  249.88400  250.25279     1.8634     5.0373 0.0000e+00
 150.391774      5.515    17.2408  35.980920    27.1855      5.466  249.88400  250.25279     1.8634     5.0332 0.0000e+00
 150.391777      5.557    17.2411  35.983645    27.1846      5.507  249.88180  250.25063     1.8556     5.0413 0.0000e+00
 150.391780      5.585    17.2413  35.980920    27.1856      5.535  249.87895  250.24778     1.8167     5.0292 -9.990e-29
 150.391782      5.605    17.2411  35.983584    27.1857      5.555  249.87999  250.24881     2.7039     5.0251 -9.990e-29
 150.391785      5.627    17.2412  35.979164    27.1819      5.576  249.88565  250.25450     2.7817     5.0575 -9.990e-29
 150.391788      5.647    17.2418  35.980738    27.1828      5.596  249.88126  250.25012     2.8128     5.0170 -9.990e-29
 150.391791      5.665    17.2424  35.981162    27.1827      5.614  249.87850  250.24739     2.2525     5.2394 -9.990e-29
 150.391794      5.683    17.2426  35.980738    27.1823      5.633  249.87849  250.24739     2.3148     5.2192 -9.990e-29
 150.391797      5.711    17.2428  35.977892    27.1797      5.660  249.88161  250.25053     2.3615     5.2556 -9.990e-29
 150.391800      5.736    17.2427  35.980920    27.1816      5.685  249.87877  250.24768     1.8790     5.1141 -9.990e-29
 150.391803      5.762    17.2427  35.980133    27.1816      5.710  249.87877  250.24768     1.8790     5.1141 0.0000e+00
 150.391806      5.796    17.2427  35.984009    27.1816      5.745  249.87877  250.24768     1.8790     5.1141 -9.990e-29
 150.391808      5.820    17.2427  35.982253    27.1834      5.768  249.87579  250.24469     1.9412     5.1343 -9.990e-29
 150.391811      5.842    17.2427  35.981829    27.1830      5.790  249.87640  250.24530     1.7233     5.1262 -9.990e-29
 150.391814      5.860    17.2428  35.981829    27.1830      5.808  249.87610  250.24501     1.7856     5.1424 -9.990e-29
 150.391817      5.880    17.2427  35.983767    27.1847      5.828  249.87398  250.24287     2.1124     4.8674 -9.990e-29
 150.391820      5.895    17.2427  35.982495    27.1836      5.842  249.87549  250.24438     2.0346     4.8432 -9.990e-29
 150.391823      5.913    17.2427  35.980921    27.1821      5.860  249.87800  250.24691     2.0657     4.8796 -9.990e-29
 150.391826      5.942    17.2428  35.980739    27.1824      5.889  249.87681  250.24573     1.9646     4.8978 0.0000e+00
 150.391829      5.986    17.2430  35.981769    27.1828      5.933  249.87563  250.24455     1.8945     4.9160 0.0000e+00
 150.391832      6.030    17.2431  35.984009    27.1828      5.976  249.87563  250.24455     1.8945     4.9240 0.0000e+00
 150.391834      6.079    17.2432  35.980497    27.1834      6.025  249.87380  250.24272     1.8945     4.9281 0.0000e+00
 150.391837      6.132    17.2432  35.982677    27.1823      6.077  249.87562  250.24454     1.8478     4.9281 0.0000e+00
 150.391840      6.168    17.2432  35.981406    27.1829      6.113  249.87471  250.24363     1.7778     5.0332 0.0000e+00
 150.391843      6.201    17.2432  35.981164    27.1823      6.146  249.87562  250.24454     1.7078     5.1384 -9.990e-29
 150.391846      6.225    17.2429  35.980922    27.1820      6.169  249.87727  250.24618     1.8323     5.1303 -9.990e-29
 150.391849      6.236    17.2427  35.977652    27.1794      6.180  249.88253  250.25145     1.9101     5.1222 -9.990e-29
 150.391852      6.236    17.2428  35.981164    27.1823      6.180  249.87724  250.24615     2.4082     5.1141 -9.990e-29
 150.391855      6.232    17.2431  35.979650    27.1808      6.176  249.87845  250.24738     2.3303     5.1384 -9.990e-29
 150.391858      6.236    17.2427  35.980922    27.1821      6.180  249.87789  250.24680     2.4237     5.1141 -9.990e-29
 150.391861      6.241    17.2427  35.981164    27.1856      6.185  249.87198  250.24087     2.3770     5.1020 -9.990e-29
 150.391863      6.272    17.2428  35.985100    27.1850      6.216  249.87279  250.24167     2.0113     5.0352 0.0000e+00
 150.391866      6.318    17.2427  35.983768    27.1844      6.261  249.87359  250.24248     1.6455     4.9928 0.0000e+00
 150.391869      6.376    17.2427  35.982678    27.1836      6.319  249.87547  250.24437     1.5521     4.9928 0.0000e+00
 150.391872      6.435    17.2427  35.982255    27.1836      6.377  249.87555  250.24444     1.5366     4.9928 0.0000e+00
 150.391875      6.488    17.2427  35.983103    27.1832      6.430  249.87610  250.24500     1.5366     4.9928 0.0000e+00
 150.391878      6.528    17.2426  35.979288    27.1824      6.470  249.87811  250.24701     2.1280     5.0595 0.0000e+00
 150.391881      6.554    17.2427  35.982497    27.1807      6.495  249.88067  250.24958     2.7194     5.1262 -9.990e-29
 150.391884      6.572    17.2426  35.980499    27.1818      6.513  249.87928  250.24818     2.5015     5.0979 -9.990e-29
 150.391887      6.577    17.2424  35.983769    27.1846      6.518  249.87527  250.24414     2.6883     5.1060 -9.990e-29
 150.391889      6.575    17.2424  35.982013    27.1832      6.516  249.87776  250.24664     3.0152     5.3405 -9.990e-29
 150.391892      6.568    17.2424  35.984677    27.1854      6.509  249.87397  250.24285     3.1397     5.3041 -9.990e-29
 150.391895      6.568    17.2426  35.985101    27.1856      6.509  249.87275  250.24163     3.0463     5.3324 -9.990e-29
 150.391898      6.583    17.2431  35.985343    27.1851      6.524  249.87126  250.24016     2.6727     5.1262 -9.990e-29
 150.391901      6.612    17.2429  35.984859    27.1869      6.553  249.86935  250.23823     2.7661     5.1221 0.0000e+00
 150.391904      6.663    17.2427  35.988674    27.1885      6.604  249.86912  250.23798     2.7661     5.1262 0.0000e+00
 150.391907      6.723    17.2423  35.988372    27.1886      6.663  249.86909  250.23793     2.7817     5.1262 0.0000e+00
 150.391910      6.784    17.2422  35.988857    27.1885      6.723  249.86912  250.23798     2.7817     5.1262 0.0000e+00
 150.391913      6.838    17.2421  35.985950    27.1890      6.777  249.86981  250.23864     2.7817     5.1545 0.0000e+00
 150.391916      6.880    17.2420  35.989039    27.1880      6.818  249.87168  250.24052     2.5560     5.1323 0.0000e+00
 150.391918      6.915    17.2419  35.986435    27.1893      6.853  249.86981  250.23864     2.3303     5.1828 -9.990e-29
 150.391921      6.935    17.2423  35.986435    27.1868      6.873  249.87198  250.24084     2.2369     5.1828 -9.990e-29
 150.391924      6.940    17.2426  35.985769    27.1861      6.878  249.87200  250.24087     2.2525     5.2273 -9.990e-29
 150.391927      6.947    17.2432  35.987101    27.1868      6.885  249.86794  250.23684     2.8595     5.0534 -9.990e-29
 150.391930      6.949    17.2436  35.984315    27.1842      6.887  249.87035  250.23927     2.8440     5.0373 -9.990e-29
 150.391933      6.949    17.2442  35.984678    27.1841      6.887  249.86735  250.23631     2.8751     5.0615 -9.990e-29
 150.391936      6.962    17.2443  35.985769    27.1849      6.900  249.86550  250.23446     2.8906     5.0170 -9.990e-29
 150.391939      6.986    17.2440  35.987283    27.1882      6.923  249.86153  250.23045     3.1085     5.4376 -9.990e-29
 150.391942      7.015    17.2439  35.989463    27.1875      6.952  249.86309  250.23201     3.0618     5.4457 0.0000e+00
 150.391944      7.053    17.2438  35.987707    27.1882      6.990  249.86400  250.23289     3.0152     5.4376 0.0000e+00
 150.391947      7.097    17.2434  35.989281    27.1879      7.033  249.86466  250.23358     3.0152     5.4335 0.0000e+00
 150.391950      7.144    17.2428  35.988192    27.1884      7.080  249.86774  250.23661     3.7155     5.1950 0.0000e+00
 150.391953      7.188    17.2422  35.988858    27.1889      7.124  249.86774  250.23661     3.8245     5.1747 0.0000e+00
 150.391956      7.226    17.2418  35.993097    27.1909      7.162  249.86754  250.23636     3.8167     5.1849 0.0000e+00
 150.391959      7.258    17.2415  35.991039    27.1929      7.193  249.86578  250.23457     3.9179     5.1747 -9.990e-29
 150.391962      7.279    17.2403  35.994067    27.1944      7.214  249.86877  250.23750     3.8089     5.1990 -9.990e-29
 150.391965      7.299    17.2401  35.989040    27.1904      7.234  249.87683  250.24558     3.9023     5.4901 -9.990e-29
 150.391968      7.309    17.2398  35.993219    27.1941      7.243  249.87184  250.24056     3.7311     5.5306 -9.990e-29
 150.391970      7.321    17.2398  35.991221    27.1924      7.256  249.87499  250.24372     3.9179     5.5104 -9.990e-29
 150.391973      7.334    17.2399  35.991463    27.1925      7.269  249.87404  250.24277     3.6533     5.4861 -9.990e-29
 150.391976      7.351    17.2402  35.989949    27.1905      7.285  249.87622  250.24497     3.5755     5.2314 -9.990e-29
 150.391979      7.378    17.2401  35.989283    27.1917      7.312  249.87460  250.24334     3.5366     5.2394 0.0000e+00
 150.391982      7.407    17.2401  35.992008    27.1926      7.341  249.87313  250.24187     3.5755     5.2475 0.0000e+00
 150.391985      7.451    17.2400  35.991705    27.1926      7.385  249.87313  250.24187     3.4976     5.2516 0.0000e+00
 150.391988      7.493    17.2398  35.987709    27.1902      7.426  249.88006  250.24880     3.0930     5.4376 0.0000e+00
 150.391991      7.531    17.2394  35.988375    27.1902      7.464  249.88006  250.24880     3.0774     5.4376 0.0000e+00
 150.391994      7.568    17.2391  35.992130    27.1936      7.500  249.87631  250.24500     3.0774     5.4376 0.0000e+00
 150.391997      7.603    17.2390  35.993462    27.1942      7.535  249.87568  250.24437     3.0541     5.4295 0.0000e+00
 150.391999      7.632    17.2389  35.991706    27.1948      7.563  249.87505  250.24373     3.0930     5.4376 -9.990e-29
 150.392002      7.654    17.2389  35.988376    27.1905      7.585  249.88229  250.25100     2.9062     5.2718 -9.990e-29
 150.392005      7.670    17.2393  35.992251    27.1935      7.601  249.87557  250.24427     3.1241     5.3041 -9.990e-29
 150.392008      7.686    17.2393  35.989466    27.1912      7.618  249.87953  250.24824     3.1085     5.2961 -9.990e-29
 150.392011      7.699    17.2395  35.988376    27.1901      7.630  249.88015  250.24888     3.0463     5.2920 -9.990e-29
