seaocn-cb/data/ctd_cnv/SBE19plus_01907321_2024_05_25_Cast55.cnv
* Sea-Bird SBE19plus  Data File:
* FileName = E:\Prandtl_Daten\2024\25052024\raw\SBE19plus_01907321_2024_05_25_Cast55.hex
* Software version 2.6.1.12
* Temperature SN = 7321
* Conductivity SN = 7321
* System UpLoad Time = May 25 2024 09:38:31
* <ApplicationData>
* <Seaterm232>
** 20240525
** Sea Practical 2024
** MCat 25.05 CTD_SP10
** NMEA Latitude = 054 9.14N
** NMEA Longitude = 008 12.65E
** waterdepth =18.2m
** Till
# nquan = 11
# nvalues = 653                         
# units = specified
# name 0 = timeJ: Julian Days
# name 1 = prdM: Pressure, Strain Gauge [db]
# name 2 = tv290C: Temperature [ITS-90, deg C]
# name 3 = c0mS/cm: Conductivity [mS/cm]
# name 4 = sal00: Salinity, Practical [PSU]
# name 5 = depSM: Depth [salt water, m], lat = 54.00
# name 6 = oxsatMm/Kg: Oxygen Saturation, Weiss [umol/kg]
# name 7 = oxsolMm/Kg: Oxygen Saturation, Garcia & Gordon [umol/kg]
# name 8 = turbWETntu0: Turbidity, WET Labs ECO [NTU]
# name 9 = flECO-AFL: Fluorescence, WET Labs ECO-AFL/FL [mg/m^3]
# name 10 = flag:  0.000e+00
# span 0 = 146.396933, 146.398819       
# span 1 =      0.552,     17.498       
# span 2 =    13.1472,    14.9242       
# span 3 =  37.674355,  37.897683       
# span 4 =    30.3760,    31.7546       
# span 5 =      0.547,     17.342       
# span 6 =  255.96201,  262.92266       
# span 7 =  256.20160,  263.04797       
# span 8 =    -5.2183,     5.8478       
# span 9 =     3.9010,     9.8249       
# span 10 = 0.0000e+00, 0.0000e+00      
# interval = seconds: 0.25
# start_time = May 25 2024 09:30:10 [Instrument's time stamp, header]
# bad_flag = -9.990e-29
*END*
[from data line 394]
 146.398073     11.410    13.1731  37.686792    31.7424     11.307  262.79799  262.92500     0.8206     6.7922 -9.990e-29
 146.398076     11.426    13.1731  37.686669    31.7423     11.324  262.79821  262.92523    -0.0821     7.5848 -9.990e-29
 146.398079     11.437    13.1741  37.687718    31.7425     11.335  262.79274  262.91980     0.0891     7.5888 -9.990e-29
 146.398082     11.450    13.1759  37.688643    31.7418     11.347  262.78406  262.91125     0.2603     7.5767 -9.990e-29
 146.398084     11.453    13.1768  37.690740    31.7431     11.351  262.77707  262.90430     0.0580     7.5888 -9.990e-29
 146.398087     11.470    13.1779  37.690864    31.7423     11.367  262.77261  262.89992     0.5249     7.4918 -9.990e-29
 146.398090     11.490    13.1802  37.691913    31.7416     11.387  262.76124  262.88869     0.6494     7.5079 -9.990e-29
 146.398093     11.517    13.1810  37.692221    31.7409     11.414  262.75784  262.88536     0.6182     7.5059 0.0000e+00
 146.398096     11.554    13.1819  37.692221    31.7401     11.450  262.75750  262.88515     0.6027     7.5039 0.0000e+00
 146.398099     11.592    13.1820  37.689136    31.7390     11.488  262.75613  262.88373     0.5871     7.4918 0.0000e+00
 146.398102     11.638    13.1820  37.691111    31.7371     11.533  262.75750  262.88515    -0.0043     7.4028 0.0000e+00
 146.398105     11.685    13.1817  37.688890    31.7371     11.580  262.76111  262.88871    -0.1132     7.3624 0.0000e+00
 146.398108     11.731    13.1810  37.688211    31.7371     11.625  262.76486  262.89241    -0.1755     7.3785 0.0000e+00
 146.398111     11.769    13.1810  37.689322    31.7385     11.663  262.76486  262.89241    -0.1755     7.3624 0.0000e+00
 146.398113     11.809    13.1818  37.691111    31.7385     11.703  262.75682  262.88441     0.3848     6.4202 0.0000e+00
 146.398116     11.840    13.1828  37.691913    31.7387     11.734  262.75260  262.88025     0.3848     6.4182 0.0000e+00
 146.398119     11.866    13.1837  37.690679    31.7383     11.759  262.74837  262.87608     0.3848     6.4161 -9.990e-29
 146.398122     11.886    13.1861  37.691419    31.7357     11.779  262.73961  262.86749     0.4159     6.4121 -9.990e-29
 146.398125     11.904    13.1873  37.689322    31.7328     11.797  262.73867  262.86666    -0.6113     7.3260 -9.990e-29
 146.398128     11.922    13.1868  37.689815    31.7336     11.815  262.73954  262.86750    -0.5335     7.2896 -9.990e-29
 146.398131     11.938    13.1859  37.689137    31.7337     11.831  262.74441  262.87230    -0.5490     7.3098 -9.990e-29
 146.398134     11.951    13.1850  37.688212    31.7337     11.844  262.74969  262.87752    -0.7358     7.3381 -9.990e-29
 146.398137     11.964    13.1839  37.688397    31.7347     11.857  262.75364  262.88139    -0.9848     8.0821 -9.990e-29
 146.398139     11.977    13.1830  37.688891    31.7359     11.870  262.75621  262.88390    -0.9070     8.0781 -9.990e-29
 146.398142     11.993    13.1829  37.689137    31.7363     11.886  262.75636  262.88404    -0.9537     8.0983 -9.990e-29
 146.398145     12.011    13.1833  37.689755    31.7374     11.904  262.75194  262.87964    -0.9226     8.1104 -9.990e-29
 146.398148     12.039    13.1838  37.690742    31.7377     11.931  262.74854  262.87626    -1.1172     7.6131 0.0000e+00
 146.398151     12.070    13.1843  37.692408    31.7374     11.961  262.74514  262.87289    -1.2183     7.1480 0.0000e+00
 146.398154     12.110    13.1866  37.692346    31.7361     12.001  262.73647  262.86438    -1.2183     7.1359 0.0000e+00
 146.398157     12.159    13.1882  37.692839    31.7352     12.050  262.72914  262.85716    -1.2183     7.1359 0.0000e+00
 146.398160     12.208    13.1893  37.693086    31.7345     12.099  262.72449  262.85259    -1.2183     7.0995 0.0000e+00
 146.398163     12.259    13.1913  37.694629    31.7343     12.149  262.71422  262.84245    -1.3117     6.5011 0.0000e+00
 146.398166     12.299    13.1923  37.693765    31.7330     12.189  262.71114  262.83944    -1.3273     6.4829 0.0000e+00
 146.398168     12.334    13.1932  37.695307    31.7318     12.223  262.70807  262.83644    -1.3428     6.4647 -9.990e-29
 146.398171     12.358    13.1954  37.694875    31.7310     12.247  262.69770  262.82621    -1.3895     6.4687 -9.990e-29
 146.398174     12.378    13.1958  37.695122    31.7309     12.267  262.69587  262.82440    -0.1288     6.6183 -9.990e-29
 146.398177     12.396    13.1963  37.691297    31.7269     12.285  262.70045  262.82905    -0.2533     6.6305 -9.990e-29
 146.398180     12.409    13.1965  37.693271    31.7286     12.298  262.69622  262.82483    -0.1911     6.6264 -9.990e-29
 146.398183     12.416    13.1963  37.692839    31.7283     12.305  262.69754  262.82613    -0.1755     6.6021 -9.990e-29
 146.398186     12.422    13.1956  37.693271    31.7293     12.310  262.69964  262.82818    -0.1599     8.1509 -9.990e-29
 146.398189     12.429    13.1946  37.692408    31.7294     12.318  262.70510  262.83357    -0.0354     8.1387 -9.990e-29
 146.398192     12.445    13.1920  37.691667    31.7309     12.334  262.71640  262.84470    -0.1599     8.1387 -9.990e-29
 146.398194     12.476    13.1912  37.691791    31.7312     12.365  262.72037  262.84861    -0.1522     8.1488 0.0000e+00
 146.398197     12.515    13.1903  37.690989    31.7316     12.403  262.72433  262.85252    -0.1599     8.1387 0.0000e+00
 146.398200     12.551    13.1881  37.690866    31.7333     12.439  262.73336  262.86140    -1.3428     7.1278 0.0000e+00
 146.398203     12.595    13.1871  37.692347    31.7356     12.482  262.73404  262.86199    -1.3739     7.1197 0.0000e+00
 146.398206     12.630    13.1871  37.692656    31.7356     12.517  262.73404  262.86199    -1.4206     7.1197 0.0000e+00
 146.398209     12.668    13.1877  37.692841    31.7354     12.555  262.73148  262.85947    -1.4518     7.1197 0.0000e+00
 146.398212     12.706    13.1882  37.692594    31.7349     12.593  262.73001  262.85803    -1.4829     6.6851 0.0000e+00
 146.398215     12.737    13.1886  37.694445    31.7344     12.623  262.72853  262.85658    -1.4518     6.2099 -9.990e-29
 146.398218     12.761    13.1905  37.696050    31.7360     12.647  262.71498  262.84314    -1.3117     6.1937 -9.990e-29
 146.398220     12.777    13.1920  37.697530    31.7362     12.663  262.70678  262.83503    -1.4985     6.2180 -9.990e-29
 146.398223     12.798    13.1934  37.697222    31.7347     12.683  262.70165  262.83000    -1.2650     7.3057 -9.990e-29
 146.398226     12.821    13.1942  37.696420    31.7333     12.706  262.69992  262.82834    -1.1249     7.3219 -9.990e-29
 146.398229     12.845    13.1939  37.696543    31.7341     12.730  262.70032  262.82870    -1.1249     7.3260 -9.990e-29
 146.398232     12.873    13.1937  37.697037    31.7347     12.757  262.70044  262.82880    -1.0705     7.1966 0.0000e+00
 146.398235     12.898    13.1937  37.697901    31.7353     12.782  262.70032  262.82870    -1.0160     7.0753 0.0000e+00
 146.398238     12.924    13.1937  37.699073    31.7353     12.808  262.69910  262.82750    -0.8603     7.0672 0.0000e+00
 146.398241     12.951    13.1941  37.697284    31.7349     12.835  262.69772  262.82607    -0.8603     7.0753 0.0000e+00
 146.398244     12.978    13.1941  37.698148    31.7341     12.862  262.69910  262.82750    -0.9693     7.0631 0.0000e+00
 146.398247     13.008    13.1936  37.696605    31.7343     12.891  262.70229  262.83066    -0.9693     7.0753 0.0000e+00
 146.398249     13.039    13.1925  37.696050    31.7339     12.922  262.70752  262.83582     0.0891     7.6535 0.0000e+00
 146.398252     13.073    13.1913  37.694446    31.7339     12.956  262.71483  262.84306     0.1513     7.6535 0.0000e+00
 146.398255     13.106    13.1896  37.693089    31.7339     12.989  262.72399  262.85211     0.1513     7.6292 0.0000e+00
 146.398258     13.141    13.1873  37.693954    31.7348     13.023  262.73161  262.85956     0.1202     7.6292 0.0000e+00
 146.398261     13.177    13.1858  37.690746    31.7366     13.059  262.74281  262.87069     0.0735     8.0296 0.0000e+00
 146.398264     13.214    13.1843  37.693522    31.7375     13.095  262.74404  262.87178     0.0891     8.0296 0.0000e+00
 146.398267     13.250    13.1837  37.691672    31.7381     13.132  262.74979  262.87751     0.0735     8.0296 0.0000e+00
 146.398270     13.283    13.1833  37.691548    31.7378     13.164  262.75161  262.87929     0.0346     8.0275 0.0000e+00
 146.398273     13.310    13.1828  37.691178    31.7381     13.191  262.75343  262.88108    -0.0199     8.0376 -9.990e-29
 146.398275     13.329    13.1799  37.688032    31.7372     13.209  262.77084  262.89832    -0.6424     7.4918 -9.990e-29
 146.398278     13.341    13.1774  37.688218    31.7394     13.222  262.78018  262.90749    -0.6113     7.4998 -9.990e-29
 146.398281     13.356    13.1752  37.688218    31.7412     13.236  262.78870  262.91585    -0.7514     7.5362 -9.990e-29
 146.398284     13.365    13.1741  37.688218    31.7422     13.245  262.79325  262.92032    -1.0782     7.4756 -9.990e-29
 146.398287     13.371    13.1733  37.687293    31.7420     13.251  262.79796  262.92498    -0.7825     7.4554 -9.990e-29
 146.398290     13.381    13.1730  37.689329    31.7441     13.262  262.79561  262.92259    -0.7825     7.4432 -9.990e-29
 146.398293     13.391    13.1734  37.689144    31.7437     13.271  262.79452  262.92153    -0.9693     7.4351 -9.990e-29
 146.398296     13.403    13.1734  37.689576    31.7440     13.283  262.79350  262.92051    -0.9070     7.4311 -9.990e-29
 146.398299     13.425    13.1751  37.690748    31.7438     13.305  262.78479  262.91191    -0.8603     7.7546 -9.990e-29
 146.398302     13.453    13.1757  37.690871    31.7425     13.332  262.78401  262.91118    -0.8448     7.7525 0.0000e+00
 146.398304     13.491    13.1763  37.689144    31.7423     13.370  262.78324  262.91045    -0.8603     7.7546 0.0000e+00
 146.398307     13.537    13.1766  37.690686    31.7423     13.415  262.77921  262.90643    -0.8292     7.7505 0.0000e+00
 146.398310     13.589    13.1766  37.692105    31.7423     13.468  262.77772  262.90499    -0.4557     7.1359 0.0000e+00
 146.398313     13.649    13.1770  37.690440    31.7417     13.527  262.77772  262.90499    -0.4557     7.1359 0.0000e+00
 146.398316     13.710    13.1770  37.690440    31.7416     13.587  262.77833  262.90559    -0.4557     7.1076 0.0000e+00
 146.398319     13.768    13.1763  37.689145    31.7413     13.645  262.78315  262.91037    -0.3778     7.0955 0.0000e+00
 146.398322     13.814    13.1757  37.688898    31.7413     13.690  262.78616  262.91334     0.7584     6.8043 0.0000e+00
 146.398325     13.856    13.1750  37.688652    31.7413     13.731  262.78945  262.91658     0.8362     6.7922 0.0000e+00
 146.398328     13.888    13.1745  37.686246    31.7410     13.764  262.79351  262.92062     0.7973     6.7760 0.0000e+00
 146.398330     13.916    13.1739  37.687727    31.7403     13.791  262.79757  262.92465     0.8362     6.7922 -9.990e-29
 146.398333     13.938    13.1715  37.687789    31.7437     13.813  262.80461  262.93150     0.2914     7.0914 -9.990e-29
 146.398336     13.945    13.1709  37.686370    31.7429     13.820  262.80931  262.93618     0.2914     7.0995 -9.990e-29
 146.398339     13.947    13.1702  37.686925    31.7440     13.822  262.81092  262.93773     0.3848     7.1319 -9.990e-29
 146.398342     13.947    13.1695  37.687048    31.7447     13.822  262.81354  262.94030     0.3848     7.1561 -9.990e-29
 146.398345     13.956    13.1691  37.687789    31.7457     13.831  262.81398  262.94070     0.1513     7.1238 -9.990e-29
 146.398348     13.965    13.1694  37.687480    31.7452     13.840  262.81338  262.94013     2.1436     7.1885 -9.990e-29
 146.398351     13.976    13.1697  37.688221    31.7456     13.851  262.81098  262.93775     2.0502     7.1885 -9.990e-29
 146.398354     13.987    13.1696  37.686802    31.7444     13.862  262.81371  262.94048     1.9879     7.2491 -9.990e-29
 146.398356     14.007    13.1687  37.685136    31.7435     13.881  262.81998  262.94671     2.1747     7.1966 -9.990e-29
 146.398359     14.027    13.1653  37.683594    31.7453     13.901  262.83526  262.96175     2.3615     7.2047 -9.990e-29
 146.398362     14.054    13.1646  37.684026    31.7458     13.928  262.83862  262.96506     2.4082     7.1986 0.0000e+00
 146.398365     14.085    13.1638  37.683595    31.7460     13.959  262.84198  262.96837     2.4393     7.1925 0.0000e+00
 146.398368     14.124    13.1627  37.682423    31.7460     13.997  262.84827  262.97460     2.4393     7.1804 0.0000e+00
 146.398371     14.166    13.1612  37.680511    31.7456     14.039  262.85754  262.98378     2.3459     7.1076 0.0000e+00
 146.398374     14.215    13.1600  37.679647    31.7456     14.088  262.86360  262.98976     2.3303     7.1036 0.0000e+00
 146.398377     14.257    13.1587  37.680080    31.7471     14.129  262.86828  262.99434     2.3459     7.1036 0.0000e+00
 146.398380     14.303    13.1567  37.679401    31.7481     14.175  262.87713  263.00306     2.4860     7.1036 0.0000e+00
 146.398383     14.337    13.1549  37.680512    31.7506     14.209  262.88234  263.00813     3.2175     6.8124 0.0000e+00
 146.398385     14.370    13.1546  37.680327    31.7508     14.241  262.88365  263.00942     3.2719     6.8023 0.0000e+00
 146.398388     14.399    13.1543  37.680266    31.7509     14.270  262.88496  263.01071     3.3264     6.7922 -9.990e-29
 146.398391     14.418    13.1536  37.680328    31.7515     14.288  262.88783  263.01352     3.4043     6.7841 -9.990e-29
 146.398394     14.438    13.1532  37.680266    31.7518     14.308  262.88965  263.01532     3.4198     6.8165 -9.990e-29
 146.398397     14.449    13.1529  37.680513    31.7523     14.319  262.89037  263.01601     2.1591     7.3179 -9.990e-29
 146.398400     14.465    13.1527  37.678971    31.7509     14.336  262.89359  263.01924     2.0502     7.3179 -9.990e-29
 146.398403     14.485    13.1520  37.679835    31.7524     14.355  262.89496  263.02055     2.1280     7.3462 -9.990e-29
 146.398406     14.509    13.1522  37.679650    31.7515     14.379  262.89532  263.02093     2.6416     6.9378 -9.990e-29
 146.398409     14.547    13.1520  37.679156    31.7515     14.417  262.89656  263.02215     2.5793     6.9277 0.0000e+00
 146.398411     14.582    13.1518  37.678724    31.7515     14.451  262.89779  263.02337     2.5949     6.9378 0.0000e+00
 146.398414     14.616    13.1513  37.678293    31.7515     14.485  262.90025  263.02581     2.5949     6.9256 0.0000e+00
 146.398417     14.651    13.1504  37.677800    31.7517     14.520  262.90424  263.02970     2.5949     6.9256 0.0000e+00
 146.398420     14.680    13.1500  37.678972    31.7531     14.549  262.90424  263.02970     1.4432     6.4161 0.0000e+00
 146.398423     14.719    13.1500  37.680329    31.7545     14.587  262.90251  263.02794     1.3187     6.4161 0.0000e+00
 146.398426     14.753    13.1507  37.681193    31.7546     14.621  262.89793  263.02341     1.3187     6.4364 0.0000e+00
 146.398429     14.784    13.1516  37.681933    31.7546     14.652  262.89327  263.01882     1.4276     6.4566 0.0000e+00
 146.398432     14.813    13.1526  37.681193    31.7530     14.681  262.89059  263.01621     2.7817     6.9095 0.0000e+00
 146.398435     14.846    13.1532  37.681255    31.7525     14.713  262.88960  263.01530     2.8128     6.9216 0.0000e+00
 146.398438     14.881    13.1534  37.679651    31.7517     14.748  262.88878  263.01446     2.8518     6.9216 0.0000e+00
 146.398440     14.908    13.1535  37.680946    31.7508     14.775  262.88960  263.01530     2.9218     6.9337 -9.990e-29
 146.398443     14.930    13.1528  37.681255    31.7528     14.796  262.88972  263.01536     2.8284     6.9378 -9.990e-29
 146.398446     14.947    13.1528  37.679651    31.7513     14.813  262.89248  263.01814     2.2836     7.6211 -9.990e-29
