seaocn-cb/data/ctd_cnv/SBE19plus_01907321_2024_05_27_Cast78.cnv
* Sea-Bird SBE19plus  Data File:
* FileName = E:\Prandtl_Daten\2024\27052024\raw\SBE19plus_01907321_2024_05_27_Cast78.hex
* Software version 2.6.1.12
* Temperature SN = 7321
* Conductivity SN = 7321
* System UpLoad Time = May 27 2024 10:41:40
* <ApplicationData>
* <Seaterm232>
** 20240527
** Sea Practical 2024
** MCat 27.05 CTD_SP5
** NMEA Latitude = 54 7.781N
** NMEA Longitude = 008 25.579E
** waterdepth = 9.8m
** Clemens
# nquan = 11
# nvalues = 298                         
# units = specified
# name 0 = timeJ: Julian Days
# name 1 = prdM: Pressure, Strain Gauge [db]
# name 2 = tv290C: Temperature [ITS-90, deg C]
# name 3 = c0mS/cm: Conductivity [mS/cm]
# name 4 = sal00: Salinity, Practical [PSU]
# name 5 = depSM: Depth [salt water, m], lat = 54.00
# name 6 = oxsatMm/Kg: Oxygen Saturation, Weiss [umol/kg]
# name 7 = oxsolMm/Kg: Oxygen Saturation, Garcia & Gordon [umol/kg]
# name 8 = turbWETntu0: Turbidity, WET Labs ECO [NTU]
# name 9 = flECO-AFL: Fluorescence, WET Labs ECO-AFL/FL [mg/m^3]
# name 10 = flag:  0.000e+00
# span 0 = 148.438791, 148.439650       
# span 1 =      0.975,      8.811       
# span 2 =    16.0720,    16.2561       
# span 3 =  36.967892,  37.130641       
# span 4 =    28.8336,    28.8702       
# span 5 =      0.966,      8.732       
# span 6 =  251.89138,  252.81030       
# span 7 =  252.20745,  253.11808       
# span 8 =    -2.1989,   122.2992       
# span 9 =     2.1420,     6.0927       
# span 10 = 0.0000e+00, 0.0000e+00      
# interval = seconds: 0.25
# start_time = May 27 2024 10:30:19 [Instrument's time stamp, header]
# bad_flag = -9.990e-29
*END*
[from data line 132]
 148.439172      4.872    16.0779  37.000695    28.8644      4.828  252.75103  253.05885     2.7039     3.8484 0.0000e+00
 148.439175      4.910    16.0779  37.001859    28.8651      4.866  252.74931  253.05713     2.5482     3.8525 0.0000e+00
 148.439178      4.947    16.0782  37.005472    28.8664      4.902  252.74542  253.05325     2.6261     3.8565 0.0000e+00
 148.439181      4.981    16.0785  37.005289    28.8677      4.937  252.74153  253.04936     2.5482     3.8525 -9.990e-29
 148.439184      5.005    16.0800  37.008412    28.8692      4.960  252.73178  253.03967     2.6883     3.9859 -9.990e-29
 148.439187      5.023    16.0811  37.009085    28.8689      4.978  252.72629  253.03424     2.6572     3.9940 -9.990e-29
 148.439190      5.047    16.0823  37.008963    28.8680      5.002  252.72230  253.03030     2.5171     4.0061 -9.990e-29
 148.439193      5.067    16.0835  37.008840    28.8670      5.022  252.71800  253.02607     2.5327     3.9738 -9.990e-29
 148.439196      5.087    16.0840  37.009392    28.8671      5.042  252.71509  253.02318     1.9879     4.1800 -9.990e-29
 148.439198      5.098    16.0846  37.011596    28.8686      5.053  252.70971  253.01781     1.8634     4.2043 -9.990e-29
 148.439201      5.102    16.0852  37.013862    28.8701      5.056  252.70393  253.01205     1.8167     4.1800 -9.990e-29
 148.439204      5.120    16.0863  37.014965    28.8702      5.074  252.69810  253.00627     1.8634     4.2043 -9.990e-29
 148.439207      5.134    16.0874  37.014965    28.8694      5.088  252.69422  253.00244     3.8556     4.1194 -9.990e-29
 148.439210      5.156    16.0881  37.015210    28.8678      5.110  252.69347  253.00174     3.8556     4.1194 -9.990e-29
 148.439213      5.182    16.0881  37.013679    28.8676      5.135  252.69369  253.00197     3.8245     4.1052 0.0000e+00
 148.439216      5.216    16.0881  37.013189    28.8673      5.170  252.69392  253.00220     3.8556     4.0910 0.0000e+00
 148.439219      5.257    16.0881  37.011290    28.8657      5.210  252.69708  253.00537     5.4743     4.0749 0.0000e+00
 148.439222      5.302    16.0876  37.010678    28.8655      5.255  252.69982  253.00808     5.4899     4.0506 0.0000e+00
 148.439225      5.344    16.0873  37.009760    28.8649      5.296  252.70241  253.01067     5.4899     4.0749 0.0000e+00
 148.439227      5.380    16.0861  37.007433    28.8644      5.332  252.71040  253.01861     5.5210     4.1032 0.0000e+00
 148.439230      5.415    16.0853  37.006820    28.8641      5.367  252.71387  253.02203     6.6494     4.1113 0.0000e+00
 148.439233      5.444    16.0845  37.007494    28.8644      5.396  252.71733  253.02545     7.7778     4.1194 -9.990e-29
 148.439236      5.464    16.0828  37.002901    28.8622      5.416  252.72950  253.03757     7.7622     4.0830 -9.990e-29
 148.439239      5.484    16.0822  37.006576    28.8658      5.435  252.72641  253.03443     7.7934     4.1315 -9.990e-29
 148.439242      5.508    16.0804  37.005229    28.8637      5.459  252.73889  253.04684    13.3654     4.3094 -9.990e-29
 148.439245      5.535    16.0801  37.002657    28.8643      5.486  252.73965  253.04757    13.3965     4.3195 0.0000e+00
 148.439248      5.561    16.0801  37.003453    28.8643      5.511  252.73965  253.04757    13.3965     4.3195 0.0000e+00
 148.439251      5.586    16.0797  37.000514    28.8649      5.536  252.74041  253.04831    13.4276     4.3296 -9.990e-29
 148.439253      5.605    16.0780  37.001188    28.8642      5.555  252.75041  253.05824    13.4587     4.3094 -9.990e-29
 148.439256      5.623    16.0772  36.994574    28.8590      5.573  252.76330  253.07113    12.9607     4.2649 -9.990e-29
 148.439259      5.636    16.0766  36.996412    28.8610      5.585  252.76266  253.07045    12.8984     4.2649 -9.990e-29
 148.439262      5.656    16.0761  36.993717    28.8590      5.605  252.76849  253.07627    12.8829     4.2488 -9.990e-29
 148.439265      5.668    16.0755  36.995310    28.8609      5.618  252.76852  253.07625    12.8206     4.2568 -9.990e-29
 148.439268      5.687    16.0751  36.997698    28.8632      5.636  252.76645  253.07416    13.2253     4.3094 -9.990e-29
 148.439271      5.705    16.0748  36.996841    28.8626      5.654  252.76864  253.07634    13.0385     4.2973 -9.990e-29
 148.439274      5.727    16.0746  36.994820    28.8615      5.676  252.77186  253.07956    13.2875     4.2811 -9.990e-29
 148.439277      5.761    16.0745  36.995310    28.8599      5.710  252.77506  253.08275    13.8790     4.1679 0.0000e+00
 148.439280      5.789    16.0744  36.991453    28.8615      5.737  252.77186  253.07956    14.2214     4.0547 0.0000e+00
 148.439282      5.820    16.0744  36.997699    28.8632      5.768  252.77172  253.07938    14.3615     4.0506 0.0000e+00
 148.439285      5.856    16.0740  36.996841    28.8632      5.804  252.77172  253.07938    14.3615     4.0506 0.0000e+00
 148.439288      5.900    16.0739  36.996658    28.8631      5.847  252.77262  253.08027    14.3615     4.0749 0.0000e+00
 148.439291      5.942    16.0737  36.995311    28.8625      5.889  252.77495  253.08259    14.4860     4.0789 0.0000e+00
 148.439294      5.991    16.0736  36.995740    28.8620      5.938  252.77526  253.08291    18.5949     4.5399 0.0000e+00
 148.439297      6.037    16.0735  36.995066    28.8620      5.983  252.77658  253.08421    18.7973     4.5642 0.0000e+00
 148.439300      6.077    16.0734  36.994025    28.8616      6.023  252.77767  253.08530    18.8128     4.5662 0.0000e+00
 148.439303      6.110    16.0733  36.995311    28.8612      6.055  252.77876  253.08639    18.7973     4.5642 -9.990e-29
 148.439306      6.123    16.0734  36.993597    28.8607      6.068  252.77912  253.08677    25.2564     4.2973 -9.990e-29
 148.439308      6.132    16.0734  36.994148    28.8612      6.077  252.77830  253.08594    25.1008     4.3134 -9.990e-29
 148.439311      6.130    16.0736  36.992801    28.8599      6.075  252.77972  253.08737    25.1475     4.3539 -9.990e-29
 148.439314      6.124    16.0736  36.991454    28.8587      6.070  252.78143  253.08910    25.3498     4.3175 -9.990e-29
 148.439317      6.130    16.0738  36.987780    28.8554      6.075  252.78633  253.09403    18.8595     4.1072 -9.990e-29
 148.439320      6.145    16.0736  36.986923    28.8600      6.090  252.77926  253.08692    18.8751     4.1477 -9.990e-29
 148.439323      6.177    16.0736  36.992924    28.8592      6.122  252.78089  253.08855    18.7895     4.1234 0.0000e+00
 148.439326      6.221    16.0736  36.990964    28.8592      6.166  252.78177  253.08943    18.8751     4.1477 0.0000e+00
 148.439329      6.276    16.0735  36.991883    28.8583      6.220  252.78252  253.09018    21.1475     4.7987 0.0000e+00
 148.439332      6.331    16.0735  36.990781    28.8592      6.274  252.78177  253.08943    21.2253     4.8068 0.0000e+00
 148.439334      6.383    16.0735  36.993047    28.8589      6.326  252.78310  253.09075    21.2253     4.7987 0.0000e+00
 148.439337      6.429    16.0733  36.991455    28.8595      6.372  252.78144  253.08909    21.2953     4.7845 0.0000e+00
 148.439340      6.455    16.0732  36.988700    28.8589      6.397  252.78310  253.09075    21.3654     4.7623 -9.990e-29
 148.439343      6.475    16.0732  36.992129    28.8595      6.417  252.78242  253.09006    18.5015     4.6167 -9.990e-29
 148.439346      6.488    16.0731  36.991639    28.8591      6.430  252.78346  253.09109    18.5949     4.6572 -9.990e-29
 148.439349      6.484    16.0731  36.994394    28.8615      6.426  252.77933  253.08696    18.5171     4.6208 -9.990e-29
 148.439352      6.484    16.0735  36.992802    28.8599      6.426  252.78022  253.08787    18.7350     4.6329 -9.990e-29
 148.439355      6.482    16.0738  36.994027    28.8607      6.424  252.77719  253.08485    22.0969     4.7057 -9.990e-29
 148.439358      6.489    16.0740  36.993476    28.8601      6.431  252.77742  253.08509    22.1280     4.6976 -9.990e-29
 148.439361      6.509    16.0736  36.991455    28.8571      6.451  252.78462  253.09230    22.2836     4.7057 -9.990e-29
 148.439363      6.551    16.0735  36.989680    28.8582      6.493  252.78310  253.09077    23.3576     4.6046 0.0000e+00
 148.439366      6.597    16.0734  36.992129    28.8593      6.538  252.78166  253.08931    24.4315     4.5480 0.0000e+00
 148.439369      6.648    16.0733  36.992497    28.8593      6.588  252.78166  253.08931    24.4315     4.5197 0.0000e+00
 148.439372      6.693    16.0732  36.991884    28.8591      6.633  252.78231  253.08996    24.5405     4.5197 0.0000e+00
 148.439375      6.735    16.0733  36.986435    28.8567      6.675  252.78654  253.09421    24.5638     4.5176 0.0000e+00
 148.439378      6.770    16.0732  36.987354    28.8544      6.709  252.79078  253.09846    24.6961     4.5156 -9.990e-29
 148.439381      6.790    16.0729  36.990538    28.8582      6.729  252.78587  253.09351    23.0774     4.1921 -9.990e-29
 148.439384      6.816    16.0731  36.991456    28.8589      6.755  252.78391  253.09156    23.1864     4.1962 -9.990e-29
 148.439387      6.830    16.0731  36.989252    28.8570      6.769  252.78722  253.09487    23.1241     4.1962 -9.990e-29
 148.439389      6.848    16.0729  36.989375    28.8572      6.787  252.78764  253.09529    23.1552     4.1841 -9.990e-29
 148.439392      6.865    16.0727  36.988946    28.8578      6.803  252.78775  253.09538    24.5249     4.1274 -9.990e-29
 148.439395      6.896    16.0727  36.989926    28.8573      6.834  252.78867  253.09631    24.5638     4.1173 0.0000e+00
 148.439398      6.923    16.0727  36.988701    28.8567      6.861  252.78959  253.09723    24.5560     4.1274 0.0000e+00
 148.439401      6.963    16.0728  36.986252    28.8567      6.901  252.78959  253.09723    24.5560     4.1355 0.0000e+00
 148.439404      7.005    16.0728  36.991886    28.8581      6.942  252.78728  253.09491     9.6299     4.8472 0.0000e+00
 148.439407      7.042    16.0727  36.990294    28.8594      6.979  252.78588  253.09349     9.5833     4.8593 0.0000e+00
 148.439410      7.076    16.0726  36.991641    28.8588      7.013  252.78658  253.09420     9.5366     4.8634 0.0000e+00
 148.439413      7.104    16.0725  36.993049    28.8594      7.040  252.78588  253.09349     9.4899     4.8674 -9.990e-29
 148.439416      7.127    16.0732  36.990049    28.8574      7.064  252.78560  253.09326    13.0385     4.4509 -9.990e-29
 148.439418      7.146    16.0733  36.991213    28.8584      7.082  252.78357  253.09122    12.9762     4.4145 -9.990e-29
 148.439421      7.173    16.0734  36.992131    28.8591      7.109  252.78191  253.08956    12.9607     4.4469 -9.990e-29
 148.439424      7.191    16.0732  36.994887    28.8617      7.127  252.77870  253.08632    12.9918     4.4226 -9.990e-29
 148.439427      7.215    16.0728  36.996173    28.8630      7.150  252.77799  253.08559    17.8478     4.0466 -9.990e-29
 148.439430      7.233    16.0729  36.995499    28.8624      7.169  252.77871  253.08632    17.7545     4.0385 -9.990e-29
 148.439433      7.253    16.0727  36.994887    28.8621      7.189  252.78027  253.08787    17.6611     4.0627 -9.990e-29
 148.439436      7.284    16.0726  36.995071    28.8611      7.219  252.78261  253.09021    17.6767     4.0627 0.0000e+00
 148.439439      7.321    16.0724  36.992560    28.8618      7.255  252.78243  253.09001    17.6922     4.0627 0.0000e+00
 148.439442      7.354    16.0724  36.994459    28.8601      7.288  252.78495  253.09255    21.9257     4.5075 0.0000e+00
 148.439444      7.394    16.0724  36.991887    28.8596      7.328  252.78629  253.09390    21.9412     4.5156 0.0000e+00
 148.439447      7.430    16.0722  36.990050    28.8589      7.364  252.78813  253.09573    21.9335     4.5197 0.0000e+00
 148.439450      7.465    16.0721  36.992071    28.8582      7.399  252.78996  253.09756    21.9412     4.5156 -9.990e-29
 148.439453      7.489    16.0720  36.990540    28.8586      7.422  252.78956  253.09716    24.1202     5.1586 -9.990e-29
 148.439456      7.509    16.0721  36.991888    28.8597      7.442  252.78726  253.09485    23.8712     5.1586 -9.990e-29
 148.439459      7.525    16.0722  36.990969    28.8589      7.458  252.78834  253.09594    24.0580     5.1869 -9.990e-29
 148.439462      7.544    16.0722  36.989193    28.8573      7.476  252.79101  253.09862    24.0424     5.1909 -9.990e-29
 148.439465      7.558    16.0723  36.991030    28.8588      7.491  252.78797  253.09557    27.3264     4.7663 -9.990e-29
 148.439468      7.576    16.0723  36.990051    28.8580      7.509  252.78944  253.09705    27.4976     4.7259 -9.990e-29
 148.439470      7.598    16.0723  36.986928    28.8553      7.530  252.79414  253.10177    27.3576     4.7744 -9.990e-29
 148.439473      7.631    16.0724  36.986928    28.8550      7.563  252.79437  253.10200    33.7623     4.7663 0.0000e+00
 148.439476      7.671    16.0723  36.986439    28.8553      7.602  252.79414  253.10177    40.1669     4.7663 0.0000e+00
 148.439479      7.715    16.0723  36.989868    28.8548      7.646  252.79460  253.10224    40.1669     4.7582 0.0000e+00
 148.439482      7.757    16.0723  36.985827    28.8543      7.687  252.79586  253.10350    40.1669     4.7421 0.0000e+00
 148.439485      7.800    16.0725  36.984174    28.8526      7.731  252.79746  253.10512    40.2136     4.7421 0.0000e+00
 148.439488      7.831    16.0725  36.984112    28.8526      7.761  252.79752  253.10518    40.2214     4.7583 0.0000e+00
 148.439491      7.857    16.0725  36.983072    28.8526      7.787  252.79757  253.10523    40.2292     4.7785 -9.990e-29
 148.439494      7.877    16.0728  36.981235    28.8498      7.806  252.80070  253.10839    28.6338     4.6895 -9.990e-29
 148.439497      7.893    16.0727  36.984970    28.8532      7.822  252.79572  253.10339    28.7272     4.6652 -9.990e-29
 148.439499      7.911    16.0731  36.986684    28.8544      7.841  252.79167  253.09934    28.5249     4.6733 -9.990e-29
 148.439502      7.924    16.0729  36.974684    28.8441      7.853  252.81022  253.11796    48.7272     5.0453 -9.990e-29
 148.439505      7.944    16.0728  36.985399    28.8534      7.873  252.79451  253.10218    48.7272     5.0413 -9.990e-29
 148.439508      7.964    16.0729  36.985337    28.8509      7.893  252.79845  253.10614    48.8206     5.0898 -9.990e-29
 148.439511      7.990    16.0729  36.982582    28.8507      7.918  252.79878  253.10647    46.6728     4.9443 0.0000e+00
 148.439514      8.021    16.0729  36.982154    28.8509      7.949  252.79845  253.10614    44.6650     4.8068 0.0000e+00
 148.439517      8.056    16.0731  36.984174    28.8513      7.984  252.79701  253.10470    44.5949     4.8027 0.0000e+00
 148.439520      8.091    16.0732  36.981909    28.8520      8.018  252.79491  253.10260    44.6650     4.8068 -9.990e-29
 148.439523      8.109    16.0735  36.983746    28.8515      8.036  252.79468  253.10239    44.5249     4.8229 -9.990e-29
 148.439525      8.109    16.0734  36.983317    28.8512      8.036  252.79562  253.10333    47.5132     5.4295 -9.990e-29
 148.439528      8.111    16.0734  36.983868    28.8516      8.038  252.79480  253.10250    47.4354     5.4416 -9.990e-29
 148.439531      8.107    16.0734  36.982154    28.8502      8.035  252.79736  253.10508    47.4043     5.4457 -9.990e-29
 148.439534      8.102    16.0734  36.981909    28.8499      8.029  252.79772  253.10544    47.5288     5.4376 -9.990e-29
 148.439537      8.102    16.0734  36.983685    28.8515      8.029  252.79507  253.10277    47.2953     5.4578 -9.990e-29
 148.439540      8.102    16.0734  36.980807    28.8490      8.029  252.79937  253.10709    80.4004     5.4982 -9.990e-29
 148.439543      8.100    16.0736  36.973093    28.8422      8.028  252.81030  253.11808    80.5249     5.5063 -9.990e-29
 148.439546      8.096    16.0736  36.981725    28.8497      8.024  252.79739  253.10512    80.3070     5.4982 -9.990e-29
