seaocn-cb/data/ctd_cnv/SBE19plus_01907321_2024_05_27_Cast82.cnv
* Sea-Bird SBE19plus  Data File:
* FileName = E:\Prandtl_Daten\2024\27052024\raw\SBE19plus_01907321_2024_05_27_Cast82.hex
* Software version 2.6.1.12
* Temperature SN = 7321
* Conductivity SN = 7321
* System UpLoad Time = May 27 2024 11:36:37
* <ApplicationData>
* <Seaterm232>
** 20240527
** Sea Practical 2024
** MCat 27.05 CTD_SP5
** NMEA Latitude = 54 7.781N
** NMEA Longitude = 008 25.579E
** waterdepth = 10.5m
** Merle
# nquan = 11
# nvalues = 322                         
# units = specified
# name 0 = timeJ: Julian Days
# name 1 = prdM: Pressure, Strain Gauge [db]
# name 2 = tv290C: Temperature [ITS-90, deg C]
# name 3 = c0mS/cm: Conductivity [mS/cm]
# name 4 = sal00: Salinity, Practical [PSU]
# name 5 = depSM: Depth [salt water, m], lat = 54.00
# name 6 = oxsatMm/Kg: Oxygen Saturation, Weiss [umol/kg]
# name 7 = oxsolMm/Kg: Oxygen Saturation, Garcia & Gordon [umol/kg]
# name 8 = turbWETntu0: Turbidity, WET Labs ECO [NTU]
# name 9 = flECO-AFL: Fluorescence, WET Labs ECO-AFL/FL [mg/m^3]
# name 10 = flag:  0.000e+00
# span 0 = 148.480825, 148.481753       
# span 1 =      0.876,      9.321       
# span 2 =    15.8561,    16.1660       
# span 3 =  37.078972,  37.283908       
# span 4 =    29.0274,    29.1060       
# span 5 =      0.868,      9.237       
# span 6 =  252.00164,  253.46592       
# span 7 =  252.31227,  253.76177       
# span 8 =    -2.7747,    56.0735       
# span 9 =     2.2269,     5.6640       
# span 10 = 0.0000e+00, 0.0000e+00      
# interval = seconds: 0.25
# start_time = May 27 2024 11:30:46 [Instrument's time stamp, header]
# bad_flag = -9.990e-29
*END*
[from data line 263]
 148.481586      8.447    15.8662  37.100116    29.1040      8.371  253.39905  253.69531    13.4587     3.9738 0.0000e+00
 148.481589      8.493    15.8658  37.100116    29.1037      8.417  253.40057  253.69681    13.6611     3.9738 0.0000e+00
 148.481591      8.540    15.8647  37.097112    29.1022      8.463  253.40901  253.70521    18.2836     4.2447 0.0000e+00
 148.481594      8.576    15.8642  37.096438    29.1022      8.499  253.41132  253.70749    18.3226     4.2548 0.0000e+00
 148.481597      8.611    15.8638  37.097358    29.1022      8.534  253.41362  253.70978    18.3615     4.2649 -9.990e-29
 148.481600      8.635    15.8619  37.096868    29.1040      8.557  253.42016  253.71621    18.2369     4.2609 -9.990e-29
 148.481603      8.655    15.8613  37.095090    29.1028      8.577  253.42494  253.72098    27.5288     4.5925 -9.990e-29
 148.481606      8.678    15.8597  37.093251    29.1027      8.601  253.43315  253.72912    27.4976     4.5844 -9.990e-29
 148.481609      8.704    15.8595  37.093619    29.1028      8.626  253.43415  253.73010    27.5365     4.5823 0.0000e+00
 148.481612      8.733    15.8593  37.093497    29.1028      8.655  253.43514  253.73108    27.4976     4.5803 0.0000e+00
 148.481615      8.773    15.8589  37.093068    29.1028      8.695  253.43730  253.73323    27.5755     4.5642 0.0000e+00
 148.481617      8.817    15.8587  37.089513    29.1020      8.738  253.44001  253.73592    30.3770     4.5642 0.0000e+00
 148.481620      8.857    15.8586  37.091904    29.0998      8.778  253.44329  253.73923    30.5327     4.5642 0.0000e+00
 148.481623      8.884    15.8583  37.087981    29.1005      8.805  253.44417  253.74008    30.4549     4.5662 0.0000e+00
 148.481626      8.912    15.8580  37.090310    29.0990      8.832  253.44833  253.74424    30.5327     4.5682 -9.990e-29
 148.481629      8.934    15.8578  37.088533    29.0996      8.854  253.44812  253.74402    26.1591     5.2314 -9.990e-29
 148.481632      8.941    15.8581  37.089942    29.1006      8.861  253.44510  253.74100    26.1436     5.2354 -9.990e-29
 148.481635      8.943    15.8580  37.088962    29.0998      8.863  253.44688  253.74278    26.0191     5.2394 -9.990e-29
 148.481638      8.948    15.8578  37.086265    29.0977      8.868  253.45185  253.74776    26.0657     5.3041 -9.990e-29
 148.481641      8.954    15.8576  37.087123    29.0985      8.874  253.45116  253.74705    27.1708     4.1274 -9.990e-29
 148.481644      8.971    15.8570  37.084181    29.0984      8.890  253.45420  253.75006    27.0619     4.0830 -9.990e-29
 148.481646      9.001    15.8572  37.086510    29.0990      8.921  253.45242  253.74829    27.0930     4.0931 0.0000e+00
 148.481649      9.044    15.8572  37.088288    29.0984      8.963  253.45337  253.74924    27.1241     4.1032 0.0000e+00
 148.481652      9.085    15.8573  37.086694    29.0984      9.004  253.45337  253.74924    33.8478     4.6248 0.0000e+00
 148.481655      9.138    15.8574  37.083997    29.0975      9.056  253.45337  253.74924    34.0502     4.6248 0.0000e+00
 148.481658      9.193    15.8576  37.086020    29.0974      9.111  253.45296  253.74886    34.0502     4.6329 0.0000e+00
 148.481661      9.248    15.8577  37.086021    29.0975      9.165  253.45282  253.74873    34.0579     4.6349 0.0000e+00
 148.481664      9.282    15.8577  37.085101    29.0974      9.199  253.45269  253.74860    33.8790     4.6450 -9.990e-29
 148.481667      9.286    15.8578  37.081730    29.0935      9.203  253.45860  253.75454    30.6883     4.6127 -9.990e-29
 148.481670      9.295    15.8578  37.083446    29.0950      9.212  253.45601  253.75194    30.6727     4.6208 -9.990e-29
 148.481672      9.291    15.8580  37.083998    29.0954      9.208  253.45458  253.75051    30.6883     4.6086 -9.990e-29
 148.481675      9.286    15.8579  37.084979    29.0963      9.203  253.45339  253.74932    31.0152     4.5925 -9.990e-29
 148.481678      9.281    15.8578  37.084427    29.0959      9.197  253.45452  253.75044    38.3615     5.4538 -9.990e-29
 148.481681      9.273    15.8578  37.081914    29.0937      9.190  253.45831  253.75425    38.1591     5.4133 -9.990e-29
 148.481684      9.271    15.8578  37.082588    29.0943      9.188  253.45759  253.75352    38.2058     5.4538 -9.990e-29
 148.481687      9.273    15.8578  37.082159    29.0940      9.190  253.45824  253.75417    38.2525     5.4497 -9.990e-29
 148.481690      9.273    15.8575  37.080872    29.0930      9.190  253.46108  253.75701    46.5949     4.9321 -9.990e-29
 148.481693      9.273    15.8576  37.083079    29.0949      9.190  253.45745  253.75337    46.3303     4.9160 -9.990e-29
 148.481696      9.275    15.8577  37.079891    29.0921      9.192  253.46196  253.75791    46.5638     4.9402 -9.990e-29
 148.481698      9.269    15.8576  37.081730    29.0937      9.186  253.45948  253.75541    46.8284     4.9321 -9.990e-29
 148.481701      9.262    15.8576  37.079462    29.0917      9.179  253.46290  253.75884    52.0735     5.0817 -9.990e-29
 148.481704      9.258    15.8576  37.082159    29.0941      9.176  253.45883  253.75475    52.1825     5.0737 -9.990e-29
 148.481707      9.249    15.8578  37.081730    29.0936      9.167  253.45888  253.75481    51.9646     5.0494 -9.990e-29
 148.481710      9.237    15.8579  37.081730    29.0935      9.154  253.45827  253.75421    52.0113     5.1586 -9.990e-29
 148.481713      9.228    15.8579  37.083017    29.0946      9.145  253.45632  253.75226    52.0735     5.1020 -9.990e-29
 148.481716      9.218    15.8577  37.081485    29.0935      9.136  253.45953  253.75546    56.0424     5.6600 -9.990e-29
 148.481719      9.204    15.8576  37.082833    29.0947      9.121  253.45778  253.75370    55.9646     5.6640 -9.990e-29
 148.481722      9.198    15.8575  37.079339    29.0917      9.116  253.46335  253.75929    55.9646     5.5993 -9.990e-29
 148.481725      9.196    15.8575  37.080810    29.0930      9.114  253.46113  253.75706    56.0735     5.5751 -9.990e-29
 148.481727      9.195    15.8577  37.080381    29.0925      9.112  253.46118  253.75712    51.2486     5.0656 -9.990e-29
 148.481730      9.206    15.8575  37.078972    29.0914      9.123  253.46391  253.75985    51.2642     5.0656 -9.990e-29
 148.481733      9.218    15.8574  37.080136    29.0925      9.136  253.46275  253.75868    51.1085     5.0656 -9.990e-29
 148.481736      9.238    15.8571  37.080872    29.0933      9.156  253.46255  253.75846    51.2642     5.0534 -9.990e-29
 148.481739      9.262    15.8570  37.080566    29.0932      9.179  253.46362  253.75952    35.7467     4.6693 -9.990e-29
 148.481742      9.282    15.8570  37.080198    29.0928      9.199  253.46419  253.76009    35.7467     4.7057 -9.990e-29
 148.481745      9.302    15.8570  37.079891    29.0925      9.219  253.46437  253.76027    35.4510     4.6652 -9.990e-29
 148.481748      9.317    15.8567  37.081240    29.0939      9.233  253.46353  253.75941    35.5910     4.7259 -9.990e-29
 148.481751      9.319    15.8566  37.080627    29.0935      9.235  253.46505  253.76093    29.4276     4.5156 -9.990e-29
 148.481753      9.321    15.8561  37.081240    29.0944      9.237  253.46592  253.76177    29.3965     4.4873 -9.990e-29
