seaocn-cb/data/ctd_cnv/SBE19plus_01907321_2024_05_25_Cast50.cnv
* Sea-Bird SBE19plus  Data File:
* FileName = E:\Prandtl_Daten\2024\25052024\raw\SBE19plus_01907321_2024_05_25_Cast50.hex
* Software version 2.6.1.12
* Temperature SN = 7321
* Conductivity SN = 7321
* System UpLoad Time = May 25 2024 07:56:38
* <ApplicationData>
* <Seaterm232>
** 20240525
** Sea Practical 2024
** MCat 25.05 CTD_SP5
** NMEA Latitude = 054 07.822N
** NMEA Longitude = 008 25.493E
** waterdepth = 6.7m
** Clemens
# nquan = 11
# nvalues = 197                         
# units = specified
# name 0 = timeJ: Julian Days
# name 1 = prdM: Pressure, Strain Gauge [db]
# name 2 = tv290C: Temperature [ITS-90, deg C]
# name 3 = c0mS/cm: Conductivity [mS/cm]
# name 4 = sal00: Salinity, Practical [PSU]
# name 5 = depSM: Depth [salt water, m], lat = 54.00
# name 6 = oxsatMm/Kg: Oxygen Saturation, Weiss [umol/kg]
# name 7 = oxsolMm/Kg: Oxygen Saturation, Garcia & Gordon [umol/kg]
# name 8 = turbWETntu0: Turbidity, WET Labs ECO [NTU]
# name 9 = flECO-AFL: Fluorescence, WET Labs ECO-AFL/FL [mg/m^3]
# name 10 = flag:  0.000e+00
# span 0 = 146.327697, 146.328264       
# span 1 =      0.625,      5.719       
# span 2 =    16.0375,    16.2404       
# span 3 =  36.201345,  36.281783       
# span 4 =    28.0609,    28.2701       
# span 5 =      0.619,      5.668       
# span 6 =  253.31606,  253.99515       
# span 7 =  253.63673,  254.30532       
# span 8 =    -3.1327,     1.2564       
# span 9 =     4.5844,     6.9014       
# span 10 = 0.0000e+00, 0.0000e+00      
# interval = seconds: 0.25
# start_time = May 25 2024 07:50:38 [Instrument's time stamp, header]
# bad_flag = -9.990e-29
*END*
[from data line 132]
 146.328079      4.470    16.0736  36.280201    28.2439      4.430  253.84467  254.15659    -2.5724     5.0373 -9.990e-29
 146.328082      4.494    16.0732  36.281538    28.2445      4.454  253.84615  254.15805    -2.5413     5.6883 -9.990e-29
 146.328084      4.525    16.0731  36.280444    28.2441      4.484  253.84690  254.15881    -2.5102     5.7226 0.0000e+00
 146.328087      4.565    16.0731  36.279655    28.2438      4.524  253.84766  254.15956    -2.5413     5.7247 0.0000e+00
 146.328090      4.605    16.0725  36.276678    28.2438      4.564  253.85427  254.16615    -2.5880     5.7247 0.0000e+00
 146.328093      4.653    16.0715  36.279108    28.2444      4.611  253.85460  254.16642    -2.6191     5.6964 0.0000e+00
 146.328096      4.698    16.0693  36.279109    28.2444      4.656  253.86282  254.17453    -2.5880     5.3850 0.0000e+00
 146.328099      4.731    16.0683  36.274249    28.2446      4.689  253.87041  254.18209    -2.4946     5.3668 0.0000e+00
 146.328102      4.764    16.0673  36.278016    28.2432      4.721  253.87800  254.18964    -2.3701     5.3486 -9.990e-29
 146.328105      4.778    16.0663  36.276740    28.2460      4.736  253.87794  254.18951    -2.5257     5.3324 -9.990e-29
 146.328108      4.791    16.0667  36.281783    28.2501      4.748  253.86888  254.18044    -2.5413     5.9107 -9.990e-29
 146.328111      4.806    16.0665  36.274674    28.2441      4.763  253.88044  254.19203    -2.3389     5.9107 -9.990e-29
 146.328113      4.824    16.0654  36.278016    28.2459      4.781  253.88269  254.19422    -2.2455     5.8864 -9.990e-29
 146.328116      4.853    16.0654  36.275829    28.2466      4.809  253.88173  254.19324    -2.5101     6.3918 0.0000e+00
 146.328119      4.880    16.0653  36.277530    28.2474      4.837  253.88076  254.19227    -2.6035     6.8933 0.0000e+00
 146.328122      4.917    16.0651  36.278259    28.2474      4.873  253.88076  254.19227    -2.7747     6.8933 0.0000e+00
 146.328125      4.952    16.0649  36.276680    28.2479      4.907  253.88359  254.19509    -2.8059     6.8448 0.0000e+00
 146.328128      4.983    16.0644  36.277348    28.2478      4.938  253.88443  254.19590    -2.8059     6.8043 0.0000e+00
 146.328131      5.017    16.0637  36.276680    28.2479      4.972  253.88808  254.19949    -2.0432     5.7206 0.0000e+00
 146.328134      5.046    16.0633  36.277774    28.2478      5.001  253.88818  254.19962    -1.9031     5.6883 0.0000e+00
 146.328137      5.079    16.0630  36.272914    28.2471      5.034  253.89310  254.20450    -1.9343     5.7044 0.0000e+00
 146.328139      5.107    16.0626  36.273826    28.2453      5.061  253.89811  254.20951    -1.8253     5.6883 -9.990e-29
 146.328142      5.127    16.0605  36.277775    28.2510      5.081  253.89874  254.21001    -1.8097     5.6438 -9.990e-29
 146.328145      5.150    16.0584  36.276013    28.2528      5.104  253.90593  254.21709    -1.5763     6.1857 -9.990e-29
 146.328148      5.176    16.0579  36.278261    28.2510      5.130  253.91160  254.22275    -1.6307     6.2079 0.0000e+00
 146.328151      5.205    16.0579  36.273340    28.2510      5.159  253.91160  254.22275    -1.6307     6.2079 0.0000e+00
 146.328154      5.234    16.0574  36.276682    28.2493      5.188  253.91727  254.22840    -1.6852     6.2301 -9.990e-29
 146.328157      5.258    16.0561  36.274920    28.2516      5.211  253.91978  254.23085    -1.5763     5.9996 -9.990e-29
 146.328160      5.276    16.0558  36.277107    28.2537      5.229  253.91773  254.22877    -1.6385     6.0158 -9.990e-29
 146.328163      5.295    16.0555  36.279598    28.2560      5.247  253.91492  254.22593    -1.7008     6.0280 -9.990e-29
 146.328166      5.313    16.0553  36.276500    28.2535      5.265  253.92048  254.23150    -1.7786     6.0158 -9.990e-29
 146.328168      5.327    16.0547  36.275832    28.2516      5.280  253.92694  254.23794    -1.5452     5.9430 -9.990e-29
 146.328171      5.353    16.0547  36.273827    28.2525      5.305  253.92559  254.23658    -1.4673     5.9187 0.0000e+00
 146.328174      5.378    16.0547  36.275832    28.2534      5.330  253.92425  254.23523    -1.5140     5.9430 0.0000e+00
 146.328177      5.415    16.0546  36.276258    28.2534      5.366  253.92425  254.23523    -1.5140     5.9066 0.0000e+00
 146.328180      5.464    16.0542  36.273767    28.2537      5.415  253.92788  254.23880    -2.0588     5.9309 0.0000e+00
 146.328183      5.519    16.0534  36.276501    28.2548      5.469  253.92891  254.23989    -2.0743     5.9188 0.0000e+00
 146.328186      5.570    16.0524  36.276015    28.2548      5.520  253.93228  254.24315    -2.0743     5.9188 0.0000e+00
 146.328189      5.615    16.0514  36.274679    28.2550      5.565  253.93825  254.24908    -2.1522     5.9188 0.0000e+00
 146.328192      5.652    16.0511  36.275834    28.2553      5.601  253.93861  254.24942    -2.2611     5.9006 0.0000e+00
 146.328194      5.683    16.0507  36.276016    28.2560      5.632  253.93897  254.24976    -2.1522     5.9309 -9.990e-29
 146.328197      5.707    16.0499  36.271035    28.2525      5.656  253.94953  254.26030    -1.0315     6.5253 -9.990e-29
 146.328200      5.710    16.0492  36.272493    28.2542      5.659  253.94977  254.26051    -1.0160     6.5172 -9.990e-29
 146.328203      5.694    16.0490  36.276016    28.2574      5.643  253.94539  254.25609    -1.0160     6.5091 -9.990e-29
 146.328206      5.676    16.0484  36.274072    28.2561      5.625  253.95042  254.26110    -0.6736     6.0401 -9.990e-29
 146.328209      5.659    16.0475  36.278264    28.2604      5.609  253.94777  254.25838    -0.4557     6.0199 -9.990e-29
 146.328212      5.650    16.0465  36.275227    28.2585      5.600  253.95596  254.26654    -0.7514     6.0603 -9.990e-29
 146.328215      5.650    16.0460  36.277110    28.2605      5.600  253.95496  254.26550    -0.7202     5.9754 -9.990e-29
 146.328218      5.648    16.0456  36.276502    28.2603      5.598  253.95769  254.26821    -0.3467     6.0684 -9.990e-29
 146.328220      5.648    16.0447  36.276685    28.2611      5.598  253.96075  254.27123    -0.3467     6.0037 -9.990e-29
 146.328223      5.643    16.0437  36.275834    28.2611      5.592  253.96597  254.27640    -0.3156     6.0482 -9.990e-29
 146.328226      5.639    16.0429  36.274498    28.2605      5.589  253.97100  254.28140    -0.2222     6.0441 -9.990e-29
 146.328229      5.632    16.0417  36.276746    28.2632      5.581  253.97187  254.28220     1.0541     6.3555 -9.990e-29
 146.328232      5.626    16.0413  36.279115    28.2656      5.576  253.97014  254.28043     1.0852     6.3555 -9.990e-29
 146.328235      5.621    16.0404  36.275835    28.2634      5.570  253.97839  254.28866     1.1163     6.3595 -9.990e-29
 146.328238      5.615    16.0388  36.277597    28.2661      5.565  253.98182  254.29199     1.2564     6.3191 -9.990e-29
 146.328241      5.619    16.0377  36.274924    28.2645      5.569  253.99007  254.30021     1.0852     6.3959 -9.990e-29
 146.328244      5.630    16.0375  36.281181    28.2701      5.580  253.98130  254.29139     0.3848     5.6398 -9.990e-29
 146.328247      5.646    16.0378  36.278447    28.2675      5.596  253.98450  254.29462     0.2759     5.5872 -9.990e-29
 146.328249      5.670    16.0378  36.275349    28.2648      5.619  253.98916  254.29930     0.3226     5.6034 -9.990e-29
 146.328252      5.686    16.0378  36.271157    28.2611      5.636  253.99515  254.30532     0.3381     5.5912 -9.990e-29
 146.328255      5.701    16.0381  36.276686    28.2657      5.650  253.98596  254.29610     0.7584     6.9014 -9.990e-29
 146.328258      5.710    16.0382  36.276504    28.2655      5.659  253.98593  254.29608     0.5871     6.8124 -9.990e-29
 146.328261      5.716    16.0382  36.279602    28.2682      5.664  253.98129  254.29142     0.5405     6.9014 -9.990e-29
 146.328264      5.719    16.0378  36.274681    28.2642      5.668  253.99019  254.30033     0.7584     6.8286 -9.990e-29
