seaocn-cb/data/ctd_cnv/SBE19plus_01907321_2024_05_28_Cast97.cnv
* Sea-Bird SBE19plus  Data File:
* FileName = E:\Prandtl_Daten\2024\28052024\raw\SBE19plus_01907321_2024_05_28_Cast97.hex
* Software version 2.6.1.12
* Temperature SN = 7321
* Conductivity SN = 7321
* System UpLoad Time = May 28 2024 13:02:18
* <ApplicationData>
* <Seaterm232>
** 20240527
** Sea Practical 2024
** MCat 27.05 CTD_SP7
** NMEA Latitude = 54 8.36N
** NMEA Longitude = 008 20.85E
** waterdepth = 14.4m
** Isabelle
# nquan = 11
# nvalues = 533                         
# units = specified
# name 0 = timeJ: Julian Days
# name 1 = prdM: Pressure, Strain Gauge [db]
# name 2 = tv290C: Temperature [ITS-90, deg C]
# name 3 = c0mS/cm: Conductivity [mS/cm]
# name 4 = sal00: Salinity, Practical [PSU]
# name 5 = depSM: Depth [salt water, m], lat = 54.00
# name 6 = oxsatMm/Kg: Oxygen Saturation, Weiss [umol/kg]
# name 7 = oxsolMm/Kg: Oxygen Saturation, Garcia & Gordon [umol/kg]
# name 8 = turbWETntu0: Turbidity, WET Labs ECO [NTU]
# name 9 = flECO-AFL: Fluorescence, WET Labs ECO-AFL/FL [mg/m^3]
# name 10 = flag:  0.000e+00
# span 0 = 149.539606, 149.541146       
# span 1 =      0.555,     14.020       
# span 2 =    14.8581,    17.3005       
# span 3 =  37.163927,  37.963521       
# span 4 =    28.4729,    30.6304       
# span 5 =      0.550,     13.894       
# span 6 =  247.36498,  255.87378       
# span 7 =  247.72830,  256.10791       
# span 8 =    -4.5802,     5.6922       
# span 9 =     1.5557,     7.7869       
# span 10 = 0.0000e+00, 0.0000e+00      
# interval = seconds: 0.25
# start_time = May 28 2024 12:55:50 [Instrument's time stamp, header]
# bad_flag = -9.990e-29
*END*
 149.539606      0.555    17.2970  37.602320    28.5085      0.550  247.38219  247.74538    -3.9732     1.5597 -9.990e-29
 149.539609      0.564    17.2969  37.603183    28.5127      0.559  247.37595  247.73911    -4.0821     1.5557 -9.990e-29
 149.539612      0.613    17.2979  37.607190    28.5110      0.608  247.37381  247.73703    -4.0587     1.5759 0.0000e+00
 149.539615      0.684    17.2989  37.604909    28.5095      0.678  247.37168  247.73494    -4.0821     1.5799 0.0000e+00
 149.539618      0.746    17.2996  37.606265    28.5094      0.740  247.36833  247.73162    -4.0587     1.5880 0.0000e+00
 149.539621      0.781    17.3003  37.604724    28.5095      0.774  247.36498  247.72830    -4.0821     1.5799 -9.990e-29
 149.539624      0.792    17.3005  37.603985    28.5074      0.785  247.36732  247.73066    -4.0510     1.6649 -9.990e-29
 149.539627      0.805    17.3000  37.601643    28.5057      0.797  247.37244  247.73577    -4.0043     1.6891 -9.990e-29
 149.539630      0.808    17.2968  37.602136    28.5050      0.801  247.38924  247.75244    -4.1444     1.7740 -9.990e-29
 149.539633      0.841    17.2960  37.598068    28.5050      0.833  247.39314  247.75631    -4.1288     1.7720 0.0000e+00
 149.539635      0.899    17.2951  37.596836    28.5050      0.891  247.39704  247.76017    -4.1132     1.7740 0.0000e+00
 149.539638      0.985    17.2918  37.582230    28.4951      0.976  247.42974  247.79279    -4.0821     1.7740 0.0000e+00
 149.539641      1.058    17.2854  37.545141    28.4840      1.048  247.47929  247.84214    -4.0354     1.7761 0.0000e+00
 149.539644      1.098    17.2789  37.534920    28.4729      1.088  247.52883  247.89149    -3.9887     1.7781 -9.990e-29
 149.539647      1.111    17.2185  37.538681    28.5099      1.101  247.75701  248.11697    -4.1444     1.8064 -9.990e-29
 149.539650      1.115    17.2005  37.529444    28.5148      1.105  247.83545  248.19463    -4.0666     1.8185 -9.990e-29
 149.539653      1.104    17.1857  37.511771    28.5103      1.094  247.91410  248.27270    -4.0510     1.7943 -9.990e-29
 149.539656      1.086    17.1655  37.491209    28.5072      1.076  248.01676  248.37454    -4.3623     1.8145 -9.990e-29
 149.539659      1.062    17.1384  37.468313    28.5070      1.052  248.14807  248.50472    -4.3467     1.8023 -9.990e-29
 149.539661      1.035    17.1039  37.456992    28.5218      1.025  248.28974  248.64487    -4.3467     1.8185 -9.990e-29
 149.539664      1.022    17.0707  37.418910    28.5130      1.013  248.46507  248.81886    -4.2066     1.8387 -9.990e-29
 149.539667      1.033    16.9663  37.379246    28.5497      1.023  248.90918  249.25834    -4.3311     1.8509 -9.990e-29
 149.539670      1.076    16.9434  37.375133    28.5526      1.067  249.01551  249.36369    -4.3233     1.8367 0.0000e+00
 149.539673      1.153    16.9205  37.343786    28.5555      1.143  249.12185  249.46904    -4.3156     1.8226 0.0000e+00
 149.539676      1.257    16.8730  37.328672    28.5763      1.246  249.31788  249.66291    -4.3156     1.8226 0.0000e+00
 149.539679      1.361    16.8309  37.311717    28.5917      1.349  249.49669  249.83983    -4.2222     1.8307 0.0000e+00
 149.539682      1.436    16.8124  37.303059    28.6012      1.423  249.57108  249.91337    -4.2533     1.8853 0.0000e+00
 149.539685      1.481    16.7939  37.304414    28.6106      1.468  249.64547  249.98690    -4.1911     1.9398 -9.990e-29
 149.539688      1.489    16.7490  37.306259    28.6453      1.475  249.80590  250.14516    -4.2222     1.9317 -9.990e-29
 149.539690      1.476    16.7416  37.302574    28.6474      1.463  249.83857  250.17750    -4.3156     1.9681 -9.990e-29
 149.539693      1.443    16.7314  37.301653    28.6539      1.430  249.87745  250.21589    -4.3778     2.1137 -9.990e-29
 149.539696      1.406    16.7195  37.297354    28.6587      1.394  249.92722  250.26513    -4.3156     2.1582 -9.990e-29
 149.539699      1.383    16.7045  37.282244    28.6565      1.370  250.00441  250.34167    -4.3156     2.1501 -9.990e-29
 149.539702      1.386    16.6796  37.271743    28.6654      1.374  250.11158  250.44771    -4.2845     2.1703 -9.990e-29
 149.539705      1.430    16.6255  37.258727    28.6784      1.417  250.35487  250.68855    -4.3623     1.9439 -9.990e-29
 149.539708      1.490    16.6128  37.241844    28.6830      1.477  250.40939  250.74248    -4.3623     1.9338 0.0000e+00
 149.539711      1.559    16.6001  37.231349    28.6876      1.545  250.46391  250.79641    -4.3623     1.9439 0.0000e+00
 149.539714      1.625    16.5761  37.228037    28.7019      1.611  250.55765  250.88901    -4.3156     1.9520 0.0000e+00
 149.539716      1.681    16.5673  37.226075    28.7073      1.666  250.59137  250.92231    -4.2844     1.9641 0.0000e+00
 149.539719      1.729    16.5586  37.223437    28.7127      1.714  250.62509  250.95561    -4.2533     1.9520 -9.990e-29
 149.539722      1.753    16.5387  37.220430    28.7221      1.737  250.70721  251.03679    -4.3156     2.3887 -9.990e-29
 149.539725      1.764    16.5321  37.213126    28.7206      1.748  250.74221  251.07151    -4.4090     2.3927 -9.990e-29
 149.539728      1.762    16.5254  37.208401    28.7214      1.746  250.77403  251.10303    -4.2066     2.3846 -9.990e-29
 149.539731      1.774    16.5195  37.212207    28.7289      1.759  250.79038  251.11906    -4.3934     2.5868 -9.990e-29
 149.539734      1.806    16.5156  37.207359    28.7275      1.789  250.81189  251.14041    -4.3311     2.5666 -9.990e-29
 149.539737      1.831    16.5114  37.205150    28.7286      1.815  250.83075  251.15907    -4.2378     2.5828 -9.990e-29
 149.539740      1.840    16.5075  37.203432    28.7299      1.824  250.84737  251.17552    -4.3778     2.5828 -9.990e-29
 149.539742      1.840    16.5047  37.204660    28.7329      1.824  250.85608  251.18408    -4.2378     2.6636 -9.990e-29
 149.539745      1.835    16.5035  37.204415    28.7336      1.819  250.86093  251.18888    -4.3000     2.6596 -9.990e-29
 149.539748      1.846    16.5025  37.203617    28.7336      1.830  250.86571  251.19361    -4.2378     2.6677 -9.990e-29
 149.539751      1.859    16.4988  37.199444    28.7305      1.842  250.88934  251.21710    -4.3000     2.6313 -9.990e-29
 149.539754      1.899    16.4975  37.196928    28.7300      1.882  250.89683  251.22453    -4.2300     2.6151 0.0000e+00
 149.539757      1.965    16.4961  37.193492    28.7305      1.947  250.90431  251.23196    -4.2845     2.5989 0.0000e+00
 149.539760      2.050    16.4926  37.191897    28.7306      2.032  250.91960  251.24709    -4.2845     2.5706 0.0000e+00
 149.539763      2.129    16.4912  37.192327    28.7318      2.110  250.92456  251.25197    -4.3545     2.5706 0.0000e+00
 149.539766      2.181    16.4898  37.189198    28.7330      2.162  250.92952  251.25686    -4.4245     2.5706 -9.990e-29
 149.539769      2.194    16.4850  37.189751    28.7341      2.175  250.95103  251.27816    -4.3311     3.0478 -9.990e-29
 149.539771      2.189    16.4834  37.190303    28.7358      2.169  250.95622  251.28326    -4.3156     3.0357 -9.990e-29
 149.539774      2.169    16.4819  37.187972    28.7349      2.150  250.96533  251.29231    -4.2378     3.0316 -9.990e-29
 149.539777      2.153    16.4799  37.187113    28.7356      2.133  250.97408  251.30097    -4.2378     3.0235 -9.990e-29
 149.539780      2.151    16.4750  37.184843    28.7339      2.132  251.00101  251.32769    -4.2845     3.2257 -9.990e-29
 149.539783      2.182    16.4726  37.181039    28.7348      2.162  251.01143  251.33799    -4.3156     3.2378 0.0000e+00
 149.539786      2.240    16.4702  37.179137    28.7357      2.220  251.02184  251.34829    -4.3467     3.2338 0.0000e+00
 149.539789      2.306    16.4633  37.175580    28.7376      2.285  251.05260  251.37873    -4.3467     3.2500 0.0000e+00
 149.539792      2.362    16.4561  37.171900    28.7396      2.341  251.08474  251.41054    -4.3467     3.3955 0.0000e+00
 149.539795      2.404    16.4534  37.170980    28.7411      2.383  251.09533  251.42100    -4.3312     3.4097 0.0000e+00
 149.539797      2.435    16.4507  37.171226    28.7426      2.413  251.10591  251.43146    -4.3000     3.3955 -9.990e-29
 149.539800      2.442    16.4449  37.165521    28.7421      2.421  251.13555  251.46084    -4.2689     3.4238 -9.990e-29
 149.539803      2.435    16.4408  37.164969    28.7446      2.414  251.15166  251.47675    -4.2533     3.5249 -9.990e-29
 149.539806      2.421    16.4373  37.165276    28.7473      2.399  251.16410  251.48902    -4.2689     3.6826 -9.990e-29
 149.539809      2.417    16.4346  37.163927    28.7481      2.395  251.17628  251.50107    -4.4090     3.6826 -9.990e-29
 149.539812      2.435    16.4302  37.165400    28.7516      2.414  251.19188  251.51645    -4.2378     3.6907 -9.990e-29
 149.539815      2.472    16.4289  37.164357    28.7537      2.450  251.19480  251.51930    -4.2767     3.4926 0.0000e+00
 149.539818      2.508    16.4276  37.166934    28.7557      2.486  251.19771  251.52214    -4.2378     3.2945 0.0000e+00
 149.539821      2.547    16.4236  37.171168    28.7622      2.524  251.20650  251.53071    -4.2378     3.2945 0.0000e+00
 149.539823      2.589    16.4163  37.176016    28.7717      2.565  251.22669  251.55050    -4.2066     3.3025 0.0000e+00
 149.539826      2.631    16.4093  37.175526    28.7745      2.607  251.25322  251.57669    -4.2066     3.3308 0.0000e+00
 149.539829      2.663    16.4062  37.170987    28.7762      2.640  251.25741  251.58051    -4.2066     3.4683 0.0000e+00
 149.539832      2.694    16.4033  37.187983    28.7913      2.670  251.26786  251.59024    -4.2222     3.5088 0.0000e+00
 149.539835      2.729    16.3974  37.210814    28.8054      2.704  251.26263  251.58538    -4.2144     3.4886 0.0000e+00
 149.539838      2.764    16.3914  37.215420    28.8194      2.739  251.26786  251.59024    -4.2222     3.5088 -9.990e-29
 149.539841      2.787    16.3557  37.221131    28.8541      2.762  251.38535  251.70590    -4.3467     3.9697 -9.990e-29
 149.539844      2.809    16.3436  37.218616    28.8606      2.784  251.43398  251.75393    -4.2378     4.0223 -9.990e-29
 149.539847      2.822    16.3380  37.229359    28.8739      2.797  251.43878  251.75839    -4.2845     3.9819 -9.990e-29
 149.539850      2.838    16.3178  37.237771    28.9012      2.813  251.49204  251.81056    -4.1755     3.9980 -9.990e-29
 149.539852      2.866    16.3114  37.244158    28.9139      2.840  251.50231  251.82045    -4.1211     4.0000 0.0000e+00
 149.539855      2.897    16.3050  37.262643    28.9265      2.871  251.51257  251.83034    -4.1288     4.0021 0.0000e+00
 149.539858      2.933    16.2869  37.273393    28.9489      2.907  251.56394  251.88073    -4.0666     4.0021 0.0000e+00
 149.539861      2.975    16.2630  37.283470    28.9749      2.948  251.63776  251.95330    -4.1288     4.0021 0.0000e+00
 149.539864      3.017    16.2510  37.292380    28.9875      2.990  251.67595  251.99086    -4.0822     3.9859 0.0000e+00
 149.539867      3.048    16.2389  37.291707    29.0000      3.021  251.71415  252.02841    -4.1444     3.9697 -9.990e-29
 149.539870      3.070    16.2051  37.300617    29.0317      3.042  251.82758  252.14009    -4.5179     4.0587 -9.990e-29
 149.539873      3.084    16.1870  37.315058    29.0574      3.057  251.87353  252.18503    -4.5335     4.0466 -9.990e-29
 149.539876      3.090    16.1631  37.315000    29.0748      3.062  251.96275  252.27303    -4.5802     4.0830 -9.990e-29
 149.539878      3.086    16.1484  37.316599    29.0870      3.059  252.01520  252.32472    -4.3778     3.9010 -9.990e-29
 149.539881      3.090    16.1364  37.331042    29.1082      3.063  252.03838  252.34720    -4.3000     3.9293 -9.990e-29
 149.539884      3.103    16.1165  37.342599    29.1328      3.075  252.09531  252.40304    -4.3156     3.9212 -9.990e-29
 149.539887      3.125    16.0697  37.346844    29.1787      3.097  252.24971  252.55495    -4.0510     4.0789 -9.990e-29
 149.539890      3.163    16.0576  37.356006    29.1908      3.135  252.28911  252.59371    -3.9888     4.0688 0.0000e+00
 149.539893      3.211    16.0455  37.363571    29.2030      3.182  252.32852  252.63248    -4.0510     4.0708 0.0000e+00
 149.539896      3.258    16.0214  37.375502    29.2310      3.229  252.40045  252.70308    -4.0977     4.0587 0.0000e+00
 149.539899      3.307    15.9958  37.374091    29.2487      3.277  252.49825  252.79957    -4.0977     4.0344 0.0000e+00
 149.539902      3.349    15.9768  37.376860    29.2651      3.319  252.56511  252.86541    -4.2378     4.0344 0.0000e+00
 149.539905      3.386    15.9711  37.379383    29.2704      3.355  252.58460  252.88460    -4.2612     4.2730 0.0000e+00
 149.539907      3.415    15.9653  37.380552    29.2757      3.384  252.60409  252.90379    -4.2845     4.5156 -9.990e-29
 149.539910      3.433    15.9445  37.390332    29.3006      3.402  252.66544  252.96397    -4.3311     4.5197 -9.990e-29
 149.539913      3.447    15.9294  37.397037    29.3176      3.417  252.71173  253.00944    -4.3467     4.4914 -9.990e-29
 149.539916      3.464    15.9102  37.397285    29.3320      3.433  252.78314  253.07984    -4.2378     4.5439 -9.990e-29
 149.539919      3.469    15.8920  37.399563    29.3474      3.438  252.84762  253.14335    -4.3623     4.4995 -9.990e-29
 149.539922      3.467    15.8760  37.406085    29.3649      3.436  252.89766  253.19251    -4.2378     4.4833 -9.990e-29
 149.539925      3.471    15.8611  37.405964    29.3759      3.440  252.95356  253.24762    -4.3311     4.5075 -9.990e-29
 149.539928      3.484    15.8479  37.409779    29.3889      3.453  252.99699  253.29033    -4.1444     4.7866 -9.990e-29
 149.539931      3.506    15.8288  37.410580    29.4074      3.475  253.06096  253.35326    -4.0821     4.7906 -9.990e-29
 149.539933      3.539    15.8241  37.414702    29.4124      3.507  253.07613  253.36818    -4.0821     4.7906 0.0000e+00
 149.539936      3.581    15.8193  37.418148    29.4174      3.549  253.09131  253.38309    -4.0821     4.7906 0.0000e+00
 149.539939      3.639    15.8041  37.418397    29.4290      3.607  253.14810  253.43907    -4.0821     5.1586 0.0000e+00
 149.539942      3.701    15.7856  37.419691    29.4438      3.668  253.21544  253.50541    -4.0821     5.1667 0.0000e+00
 149.539945      3.765    15.7667  37.424123    29.4617      3.731  253.27947  253.56841    -4.0977     5.1747 0.0000e+00
 149.539948      3.818    15.7511  37.426709    29.4755      3.784  253.33385  253.62195    -4.0977     5.1788 0.0000e+00
 149.539951      3.873    15.7446  37.425726    29.4800      3.838  253.35931  253.64705    -4.0588     5.1808 0.0000e+00
 149.539954      3.906    15.7380  37.426035    29.4845      3.871  253.38476  253.67216    -4.0199     5.1788 -9.990e-29
 149.539957      3.915    15.7141  37.429913    29.5060      3.880  253.46800  253.75409    -3.8331     5.4901 -9.990e-29
 149.539959      3.918    15.7011  37.428007    29.5139      3.883  253.51937  253.80478    -3.6619     5.5063 -9.990e-29
 149.539962      3.913    15.6924  37.433792    29.5255      3.878  253.54338  253.82828    -3.9420     5.5346 -9.990e-29
 149.539965      3.900    15.6817  37.435269    29.5348      3.866  253.58130  253.86561    -4.3311     5.3648 -9.990e-29
 149.539968      3.888    15.6690  37.440686    29.5491      3.853  253.62060  253.90420    -4.2378     5.3729 -9.990e-29
 149.539971      3.878    15.6588  37.445979    29.5613      3.844  253.65063  253.93364    -4.2378     5.3648 -9.990e-29
 149.539974      3.880    15.6472  37.445303    29.5694      3.846  253.69535  253.97774    -4.2378     5.3850 -9.990e-29
 149.539977      3.897    15.6300  37.447951    29.5851      3.862  253.75485  254.03629    -4.5179     5.0534 -9.990e-29
 149.539980      3.932    15.6264  37.448505    29.5883      3.896  253.76783  254.04907    -4.4868     5.0413 0.0000e+00
 149.539983      3.972    15.6227  37.449491    29.5914      3.936  253.78081  254.06185    -4.4557     5.0453 0.0000e+00
