seaocn-cb/data/ctd_cnv/SBE19plus_01907321_2024_05_25_Cast51.cnv
* Sea-Bird SBE19plus  Data File:
* FileName = E:\Prandtl_Daten\2024\25052024\raw\SBE19plus_01907321_2024_05_25_Cast51.hex
* Software version 2.6.1.12
* Temperature SN = 7321
* Conductivity SN = 7321
* System UpLoad Time = May 25 2024 08:13:16
* <ApplicationData>
* <Seaterm232>
** 20240525
** Sea Practical 2024
** MCat 25.05 CTD_SP6
** NMEA Latitude = 054 07.96N
** NMEA Longitude = 008 23.01E
** waterdepth = 9.2m
** Till
# nquan = 11
# nvalues = 344                         
# units = specified
# name 0 = timeJ: Julian Days
# name 1 = prdM: Pressure, Strain Gauge [db]
# name 2 = tv290C: Temperature [ITS-90, deg C]
# name 3 = c0mS/cm: Conductivity [mS/cm]
# name 4 = sal00: Salinity, Practical [PSU]
# name 5 = depSM: Depth [salt water, m], lat = 54.00
# name 6 = oxsatMm/Kg: Oxygen Saturation, Weiss [umol/kg]
# name 7 = oxsolMm/Kg: Oxygen Saturation, Garcia & Gordon [umol/kg]
# name 8 = turbWETntu0: Turbidity, WET Labs ECO [NTU]
# name 9 = flECO-AFL: Fluorescence, WET Labs ECO-AFL/FL [mg/m^3]
# name 10 = flag:  0.000e+00
# span 0 = 146.338909, 146.339902       
# span 1 =      0.462,      8.235       
# span 2 =    15.5285,    15.9479       
# span 3 =  36.401980,  36.672390       
# span 4 =    28.4522,    28.9715       
# span 5 =      0.458,      8.162       
# span 6 =  254.10922,  255.34347       
# span 7 =  254.41388,  255.62457       
# span 8 =    -3.6463,     1.4276       
# span 9 =     3.6058,     6.7720       
# span 10 = 0.0000e+00, 0.0000e+00      
# interval = seconds: 0.25
# start_time = May 25 2024 08:06:34 [Instrument's time stamp, header]
# bad_flag = -9.990e-29
*END*
[from data line 263]
 146.339670      6.453    15.7420  36.529932    28.6951      6.395  254.73661  255.02994    -3.4440     4.7582 -9.990e-29
 146.339673      6.477    15.7385  36.529506    28.7001      6.419  254.74562  255.03875    -3.2728     4.8027 -9.990e-29
 146.339676      6.492    15.7369  36.533953    28.7051      6.434  254.74488  255.03790    -3.2728     4.6046 -9.990e-29
 146.339679      6.492    15.7354  36.531821    28.7044      6.434  254.75414  255.04709    -3.3506     4.5844 -9.990e-29
 146.339682      6.486    15.7336  36.533954    28.7075      6.428  254.75751  255.05035    -3.3506     4.6086 -9.990e-29
 146.339685      6.492    15.7316  36.537061    28.7116      6.434  254.76030  255.05302    -3.3039     4.6612 -9.990e-29
 146.339688      6.492    15.7277  36.538889    28.7161      6.434  254.77256  255.06506    -3.1016     5.0009 -9.990e-29
 146.339690      6.510    15.7223  36.542911    28.7274      6.452  254.78015  255.07231    -2.8837     4.9887 -9.990e-29
 146.339693      6.545    15.7205  36.547360    28.7296      6.486  254.78526  255.07732    -2.9538     5.0130 0.0000e+00
 146.339696      6.589    15.7188  36.549554    28.7318      6.530  254.79036  255.08233    -3.0238     4.9887 0.0000e+00
 146.339699      6.649    15.7147  36.550225    28.7354      6.589  254.80501  255.09675    -3.2728     4.8553 0.0000e+00
 146.339702      6.713    15.7104  36.559306    28.7464      6.653  254.80745  255.09891    -3.2728     4.5763 0.0000e+00
 146.339705      6.778    15.7063  36.562293    28.7520      6.718  254.81887  255.11009    -3.3350     4.5561 0.0000e+00
 146.339708      6.835    15.7019  36.562964    28.7551      6.774  254.83440  255.12539    -3.3506     4.5682 0.0000e+00
 146.339711      6.886    15.6984  36.559308    28.7557      6.824  254.84935  255.14003    -3.3506     4.5642 0.0000e+00
 146.339714      6.921    15.6974  36.566987    28.7591      6.859  254.85143  255.14218    -3.1950     4.5662 0.0000e+00
 146.339716      6.948    15.6964  36.565220    28.7632      6.886  254.84935  255.14003    -3.0393     4.5642 -9.990e-29
 146.339719      6.962    15.6919  36.566988    28.7665      6.900  254.86650  255.15693    -2.7903     4.5763 -9.990e-29
 146.339722      6.971    15.6904  36.567415    28.7679      6.909  254.87156  255.16191    -2.9148     4.5520 -9.990e-29
 146.339725      6.973    15.6889  36.565891    28.7677      6.911  254.87959  255.16987    -2.9926     4.7502 -9.990e-29
 146.339728      6.970    15.6873  36.564307    28.7675      6.907  254.88831  255.17852    -3.2728     4.8108 -9.990e-29
 146.339731      6.973    15.6856  36.573693    28.7769      6.911  254.88031  255.17037    -3.1171     4.7987 -9.990e-29
 146.339734      6.977    15.6834  36.571865    28.7769      6.914  254.89151  255.18147    -2.9771     4.8755 -9.990e-29
 146.339737      6.997    15.6769  36.577047    28.7881      6.934  254.90513  255.19469    -3.2416     4.5965 -9.990e-29
 146.339740      7.022    15.6756  36.579302    28.7897      6.960  254.90922  255.19871    -3.2961     4.6410 0.0000e+00
 146.339742      7.066    15.6742  36.580644    28.7912      7.003  254.91331  255.20272    -3.2416     4.6167 0.0000e+00
 146.339745      7.112    15.6709  36.583814    28.7964      7.048  254.92111  255.21033    -3.3506     4.6167 0.0000e+00
 146.339748      7.165    15.6681  36.585766    28.8001      7.100  254.92868  255.21773    -3.5062     4.6167 0.0000e+00
 146.339751      7.214    15.6664  36.589546    28.8047      7.149  254.92954  255.21848    -3.5841     4.5965 0.0000e+00
 146.339754      7.263    15.6640  36.589790    28.8047      7.198  254.93820  255.22702    -3.6463     4.5642 0.0000e+00
 146.339757      7.303    15.6624  36.584060    28.8046      7.238  254.95279  255.24152    -3.6463     4.5642 0.0000e+00
 146.339760      7.343    15.6618  36.585767    28.8044      7.278  254.95327  255.24204    -3.4907     4.5642 0.0000e+00
 146.339763      7.371    15.6618  36.585340    28.8045      7.305  254.95342  255.24215    -3.4362     4.5298 0.0000e+00
 146.339766      7.400    15.6617  36.587535    28.8044      7.334  254.95406  255.24278    -3.3817     4.4631 -9.990e-29
 146.339769      7.418    15.6608  36.586804    28.8063      7.352  254.95516  255.24382    -3.3195     4.4954 -9.990e-29
 146.339771      7.442    15.6597  36.588877    28.8089      7.375  254.95621  255.24480    -3.2416     4.5237 -9.990e-29
 146.339774      7.466    15.6582  36.591559    28.8123      7.399  254.95783  255.24633    -3.1638     5.0009 -9.990e-29
 146.339777      7.489    15.6558  36.592535    28.8163      7.422  254.96277  255.25113    -3.2105     4.9928 -9.990e-29
 146.339780      7.522    15.6554  36.594242    28.8160      7.455  254.96516  255.25349    -3.1871     4.9766 0.0000e+00
 146.339783      7.553    15.6551  36.592901    28.8163      7.486  254.96754  255.25586    -3.2105     4.9928 0.0000e+00
 146.339786      7.583    15.6547  36.594243    28.8166      7.515  254.96832  255.25662    -3.2572     4.9887 0.0000e+00
 146.339789      7.612    15.6542  36.599181    28.8175      7.544  254.96911  255.25737    -3.3506     5.0170 -9.990e-29
 146.339792      7.634    15.6508  36.595158    28.8208      7.565  254.98064  255.26872    -3.1483     4.9887 -9.990e-29
 146.339795      7.652    15.6488  36.604974    28.8308      7.583  254.97317  255.26108    -3.3506     5.0373 -9.990e-29
 146.339797      7.674    15.6454  36.606560    28.8347      7.605  254.98396  255.27168    -2.3856     4.9726 -9.990e-29
 146.339800      7.694    15.6418  36.607902    28.8384      7.625  254.99542  255.28294    -1.1716     4.6248 -9.990e-29
 146.339803      7.714    15.6375  36.609427    28.8429      7.645  255.00960  255.29688    -1.2650     4.6005 -9.990e-29
 146.339806      7.732    15.6322  36.616379    28.8529      7.663  255.01939  255.30634    -1.1716     4.6046 -9.990e-29
 146.339809      7.756    15.6269  36.617965    28.8581      7.687  255.03707  255.32373    -1.0782     4.6572 -9.990e-29
 146.339812      7.781    15.6150  36.622662    28.8905      7.712  255.04097  255.32682     1.3498     5.3729 -9.990e-29
 146.339815      7.820    15.6069  36.645047    28.9000      7.750  255.06583  255.35123     1.4276     5.3628 0.0000e+00
 146.339818      7.865    15.5988  36.653102    28.9094      7.795  255.09069  255.37563     1.3498     5.3729 0.0000e+00
 146.339821      7.912    15.5798  36.665611    28.9342      7.842  255.14374  255.42758     1.2875     5.3527 0.0000e+00
 146.339823      7.964    15.5607  36.665186    28.9479      7.892  255.21746  255.50027    -0.8448     4.3175 0.0000e+00
 146.339826      8.018    15.5469  36.669032    28.9613      7.947  255.26427  255.54631    -0.9381     4.3175 0.0000e+00
 146.339829      8.068    15.5384  36.666959    28.9657      7.995  255.29979  255.58140    -0.8603     4.3377 0.0000e+00
 146.339832      8.113    15.5355  36.666716    28.9677      8.040  255.31121  255.59266    -0.8992     4.3478 0.0000e+00
 146.339835      8.149    15.5326  36.672390    28.9698      8.077  255.32263  255.60392    -0.8603     4.3377 -9.990e-29
 146.339838      8.173    15.5297  36.666289    28.9715      8.100  255.33409  255.61523    -2.1522     4.6733 -9.990e-29
 146.339841      8.184    15.5285  36.663300    28.9698      8.111  255.34347  255.62457    -2.1522     4.6814 -9.990e-29
 146.339844      8.168    15.5322  36.660493    28.9646      8.095  255.33341  255.61473    -2.2767     4.6572 -9.990e-29
 146.339847      8.133    15.5368  36.649938    28.9520      8.060  255.33223  255.61386    -2.2611     4.6289 -9.990e-29
 146.339850      8.109    15.5458  36.647252    28.9430      8.037  255.30192  255.58405    -3.0082     4.9928 -9.990e-29
 146.339852      8.085    15.5531  36.645116    28.9358      8.013  255.27734  255.55987    -2.8525     5.0373 -9.990e-29
 146.339855      8.069    15.5576  36.641029    28.9289      7.997  255.26653  255.54933    -2.8214     4.9766 -9.990e-29
 146.339858      8.058    15.5624  36.642797    28.9269      7.986  255.24525  255.52830    -2.8525     4.9928 -9.990e-29
 146.339861      8.056    15.5667  36.637185    28.9189      7.984  255.23737  255.52070    -3.0704     4.1921 -9.990e-29
 146.339864      8.067    15.5712  36.634745    28.9134      7.995  255.22405  255.50763    -3.2105     4.1760 -9.990e-29
 146.339867      8.082    15.5759  36.633402    28.9088      8.010  255.20814  255.49198    -3.0549     4.1396 -9.990e-29
 146.339870      8.095    15.5797  36.634744    28.9072      8.022  255.19172  255.47575    -3.0238     4.1881 -9.990e-29
 146.339873      8.108    15.5828  36.632060    28.9026      8.035  255.18415  255.46836    -2.6346     5.2273 -9.990e-29
 146.339876      8.117    15.5850  36.631389    28.9004      8.044  255.17649  255.46083    -2.5724     5.2354 -9.990e-29
 146.339878      8.122    15.5873  36.631388    28.8987      8.049  255.16781  255.45227    -2.5724     5.2354 -9.990e-29
 146.339881      8.128    15.5891  36.628034    28.8944      8.055  255.16606  255.45064    -2.6502     5.2394 -9.990e-29
 146.339884      8.139    15.5910  36.625899    28.8912      8.066  255.16214  255.44683    -1.3739     5.1424 -9.990e-29
 146.339887      8.151    15.5919  36.623094    28.8881      8.078  255.16315  255.44790    -1.5763     5.1020 -9.990e-29
 146.339890      8.164    15.5923  36.630046    28.8939      8.091  255.15101  255.43575    -1.3584     5.1747 -9.990e-29
 146.339893      8.191    15.5930  36.628887    28.8923      8.118  255.14981  255.43459    -1.4051     5.1424 -9.990e-29
 146.339896      8.208    15.5936  36.631144    28.8939      8.134  255.14426  255.42906    -1.3895     5.1060 -9.990e-29
 146.339899      8.226    15.5939  36.628461    28.8913      8.152  255.14718  255.43202    -1.4829     4.7097 -9.990e-29
 146.339902      8.235    15.5948  36.630290    28.8922      8.162  255.14079  255.42566    -1.4829     4.6491 -9.990e-29
