seaocn-cb/data/ctd_cnv/SBE19plus_01907321_2024_05_23_Cast32.cnv
* Sea-Bird SBE19plus  Data File:
* FileName = E:\Prandtl_Daten\2024\CTD\raw\SBE19plus_01907321_2024_05_23_Cast32.hex
* Software version 2.6.1.12
* Temperature SN = 7321
* Conductivity SN = 7321
* System UpLoad Time = May 23 2024 11:55:40
* <ApplicationData>
* <Seaterm232>
** 20240523
** Sea Practical 2024
** MCat 23.05 CTD_NP1
** NMEA Latitude = 054 10.22N
** NMEA Longitude = 008 39.52E
** waterdepth = 16m
** Clemens
# nquan = 11
# nvalues = 583                         
# units = specified
# name 0 = timeJ: Julian Days
# name 1 = prdM: Pressure, Strain Gauge [db]
# name 2 = tv290C: Temperature [ITS-90, deg C]
# name 3 = c0mS/cm: Conductivity [mS/cm]
# name 4 = sal00: Salinity, Practical [PSU]
# name 5 = depSM: Depth [salt water, m], lat = 54.00
# name 6 = oxsatMm/Kg: Oxygen Saturation, Weiss [umol/kg]
# name 7 = oxsolMm/Kg: Oxygen Saturation, Garcia & Gordon [umol/kg]
# name 8 = turbWETntu0: Turbidity, WET Labs ECO [NTU]
# name 9 = flECO-AFL: Fluorescence, WET Labs ECO-AFL/FL [mg/m^3]
# name 10 = flag:  0.000e+00
# span 0 = 144.491536, 144.493220       
# span 1 =      0.425,     14.771       
# span 2 =    17.0877,    17.8804       
# span 3 =  35.853718,  36.150846       
# span 4 =    26.8717,    27.2815       
# span 5 =      0.421,     14.638       
# span 6 =  247.28075,  250.47494       
# span 7 =  247.67618,  250.83698       
# span 8 =    -3.9420,    -1.0315       
# span 9 =     4.3701,    13.6664       
# span 10 = 0.0000e+00, 0.0000e+00      
# interval = seconds: 0.25
# start_time = May 23 2024 11:46:03 [Instrument's time stamp, header]
# bad_flag = -9.990e-29
*END*
 144.491536      0.425    17.7719  36.065534    26.9027      0.421  247.79502  248.18632    -3.7241     4.4388 -9.990e-29
 144.491539      0.448    17.7737  36.070686    26.9131      0.444  247.76907  248.16038    -3.5529     4.3701 -9.990e-29
 144.491542      0.503    17.7756  36.079596    26.9108      0.499  247.76393  248.15533    -3.5841     4.3802 0.0000e+00
 144.491545      0.591    17.7775  36.076929    26.9131      0.585  247.75879  248.15027    -3.5529     4.3701 0.0000e+00
 144.491548      0.676    17.7817  36.086386    26.9134      0.670  247.73019  248.12180    -3.5841     4.3903 0.0000e+00
 144.491551      0.755    17.7838  36.095419    26.9157      0.748  247.71634  248.10802    -3.5452     4.3762 0.0000e+00
 144.491554      0.795    17.7859  36.094752    26.9181      0.788  247.70248  248.09423    -3.5841     4.3903 -9.990e-29
 144.491557      0.815    17.7970  36.094084    26.9097      0.808  247.66357  248.05578    -3.6308     5.4618 -9.990e-29
 144.491560      0.810    17.7979  36.092326    26.9076      0.803  247.66257  248.05483    -3.6308     5.4618 -9.990e-29
 144.491562      0.786    17.7984  36.098025    26.9120      0.779  247.65282  248.04507    -3.6152     5.4457 -9.990e-29
 144.491565      0.757    17.7992  36.097843    26.9114      0.750  247.65025  248.04254    -3.7864     5.3446 -9.990e-29
 144.491568      0.744    17.8003  36.089718    26.9039      0.738  247.65711  248.04949    -3.8020     5.2961 -9.990e-29
 144.491571      0.755    17.7998  36.099358    26.9109      0.749  247.64778  248.04010    -3.7397     5.3041 -9.990e-29
 144.491574      0.790    17.7990  36.097843    26.9077      0.783  247.65727  248.04958    -3.6619     5.1525 0.0000e+00
 144.491577      0.841    17.7981  36.088628    26.9106      0.834  247.66202  248.05423    -3.5841     5.0049 0.0000e+00
 144.491580      0.903    17.7970  36.095236    26.9106      0.895  247.66676  248.05905    -3.5062     5.0049 0.0000e+00
 144.491583      0.967    17.7957  36.094509    26.9106      0.959  247.66773  248.05989    -3.5062     5.0090 0.0000e+00
 144.491586      1.022    17.7944  36.093236    26.9108      1.013  247.67123  248.06329    -3.5218     5.0090 0.0000e+00
 144.491589      1.064    17.7940  36.097420    26.9126      1.055  247.67271  248.06480    -3.5374     5.0110 0.0000e+00
 144.491591      1.093    17.7937  36.097420    26.9145      1.083  247.67123  248.06329    -3.5529     5.0009 -9.990e-29
 144.491594      1.108    17.7929  36.100028    26.9172      1.098  247.67045  248.06246    -3.5529     6.2180 -9.990e-29
 144.491597      1.111    17.7936  36.094510    26.9122      1.101  247.67558  248.06765    -3.6463     6.2423 -9.990e-29
 144.491600      1.110    17.7942  36.094207    26.9115      1.100  247.67382  248.06592    -3.5841     6.2261 -9.990e-29
 144.491603      1.106    17.7948  36.097845    26.9141      1.096  247.66630  248.05841    -3.8175     5.1181 -9.990e-29
 144.491606      1.110    17.7953  36.101119    26.9165      1.100  247.66022  248.05233    -3.8798     5.1505 -9.990e-29
 144.491609      1.126    17.7960  36.098512    26.9175      1.116  247.65501  248.04715    -3.6930     5.1181 -9.990e-29
 144.491612      1.155    17.7961  36.102877    26.9171      1.145  247.65502  248.04716    -3.7164     5.6357 0.0000e+00
 144.491615      1.206    17.7963  36.102210    26.9175      1.196  247.65501  248.04715    -3.7397     6.1533 0.0000e+00
 144.491617      1.268    17.7965  36.105728    26.9195      1.257  247.64926  248.04141    -3.7708     6.1654 0.0000e+00
 144.491620      1.332    17.7998  36.112034    26.9217      1.320  247.62844  248.02069    -3.7708     6.1735 0.0000e+00
 144.491623      1.390    17.8091  36.118522    26.9217      1.378  247.58558  247.97819    -3.8175     6.1735 0.0000e+00
 144.491626      1.434    17.8138  36.112153    26.9160      1.421  247.57270  247.96553    -3.8331     5.7267 0.0000e+00
 144.491629      1.462    17.8185  36.116095    26.9103      1.449  247.55983  247.95287    -3.8487     5.2799 -9.990e-29
 144.491632      1.475    17.8246  36.114336    26.9081      1.461  247.53442  247.92770    -3.7864     5.2637 -9.990e-29
 144.491635      1.467    17.8233  36.114336    26.9089      1.454  247.53909  247.93231    -3.8798     5.2354 -9.990e-29
 144.491638      1.449    17.8222  36.107969    26.9044      1.436  247.55192  247.94512    -3.7553     5.2475 -9.990e-29
 144.491641      1.429    17.8220  36.114761    26.9101      1.416  247.54316  247.93632    -3.4907     4.8634 -9.990e-29
 144.491644      1.429    17.8219  36.116337    26.9115      1.416  247.54129  247.93445    -3.4751     4.8715 -9.990e-29
 144.491646      1.454    17.8235  36.114761    26.9147      1.441  247.52813  247.92133    -3.6774     4.8876 -9.990e-29
 144.491649      1.505    17.8256  36.121614    26.9140      1.492  247.51948  247.91276    -3.6307     5.0130 0.0000e+00
 144.491652      1.565    17.8277  36.123130    26.9132      1.552  247.51082  247.90418    -3.5841     5.1303 0.0000e+00
 144.491655      1.622    17.8312  36.122038    26.9113      1.608  247.49958  247.89310    -3.5841     5.1384 0.0000e+00
 144.491658      1.677    17.8327  36.125980    26.9107      1.662  247.49127  247.88484    -3.5685     5.1364 0.0000e+00
 144.491661      1.717    17.8342  36.128406    26.9113      1.702  247.48296  247.87659    -3.5996     5.1424 -9.990e-29
 144.491664      1.740    17.8413  36.123553    26.9046      1.725  247.46050  247.85443    -3.8175     4.6410 -9.990e-29
 144.491667      1.761    17.8430  36.130164    26.9089      1.745  247.44486  247.83883    -3.8642     4.6167 -9.990e-29
 144.491670      1.766    17.8438  36.125554    26.9046      1.750  247.44841  247.84244    -3.7708     4.6248 -9.990e-29
 144.491672      1.768    17.8463  36.130588    26.9071      1.752  247.43244  247.82655    -3.7397     4.6289 -9.990e-29
 144.491675      1.779    17.8500  36.139869    26.9123      1.763  247.40596  247.80017    -3.7864     5.0292 -9.990e-29
 144.491678      1.801    17.8587  36.140111    26.9065      1.785  247.37408  247.76866    -3.7397     5.0170 -9.990e-29
 144.491681      1.832    17.8614  36.139746    26.9056      1.815  247.36238  247.75707    -3.7397     5.0191 0.0000e+00
 144.491684      1.874    17.8642  36.142051    26.9047      1.857  247.35069  247.74549    -3.7397     5.0170 0.0000e+00
 144.491687      1.918    17.8696  36.142475    26.9016      1.901  247.33051  247.72553    -3.7553     5.0211 0.0000e+00
 144.491690      1.952    17.8731  36.142960    26.9016      1.935  247.31709  247.71225    -3.7708     5.1909 0.0000e+00
 144.491693      1.984    17.8736  36.146903    26.9009      1.966  247.31221  247.70738    -3.7864     5.1970 0.0000e+00
 144.491696      2.016    17.8742  36.149087    26.9021      1.998  247.30732  247.70251    -3.7708     5.1909 -9.990e-29
 144.491698      2.038    17.8767  36.148177    26.9015      2.020  247.29656  247.69185    -3.9109     5.1586 -9.990e-29
 144.491701      2.058    17.8776  36.150846    26.9031      2.040  247.28947  247.68478    -3.8331     4.8553 -9.990e-29
 144.491704      2.080    17.8787  36.148238    26.9003      2.061  247.28933  247.68470    -3.8487     4.9079 -9.990e-29
 144.491707      2.108    17.8794  36.150240    26.9014      2.089  247.28379  247.67918    -3.7708     4.8391 -9.990e-29
 144.491710      2.133    17.8804  36.150664    26.9004      2.114  247.28075  247.67618    -3.7708     4.4550 -9.990e-29
 144.491713      2.160    17.8804  36.149755    26.9004      2.141  247.28075  247.67618    -3.7708     4.4550 0.0000e+00
 144.491716      2.186    17.8804  36.147328    26.9004      2.167  247.28075  247.67618    -3.7708     4.4550 -9.990e-29
 144.491719      2.210    17.8803  36.148602    26.8995      2.190  247.28298  247.67841    -3.8487     4.4307 -9.990e-29
 144.491722      2.230    17.8798  36.148663    26.8999      2.210  247.28477  247.68019    -3.8175     4.4509 -9.990e-29
 144.491725      2.244    17.8787  36.145387    26.8978      2.224  247.29303  247.68841    -3.2883     4.6855 -9.990e-29
 144.491727      2.259    17.8771  36.142961    26.8969      2.239  247.30229  247.69762    -3.2728     4.7016 -9.990e-29
 144.491730      2.277    17.8756  36.138775    26.8944      2.257  247.31367  247.70895    -3.2105     4.7016 -9.990e-29
 144.491733      2.295    17.8694  36.134590    26.8931      2.275  247.34544  247.74050    -3.2728     4.6936 -9.990e-29
 144.491736      2.325    17.8674  36.132225    26.8926      2.304  247.35602  247.75100    -3.5530     4.7704 0.0000e+00
 144.491739      2.365    17.8653  36.127737    26.8925      2.344  247.36659  247.76150    -3.8020     4.8472 0.0000e+00
 144.491742      2.412    17.8616  36.125312    26.8925      2.391  247.38366  247.77843    -3.8175     4.8836 0.0000e+00
 144.491745      2.456    17.8591  36.125130    26.8940      2.434  247.39076  247.78534    -3.8020     4.8836 0.0000e+00
 144.491748      2.504    17.8577  36.130590    26.8971      2.482  247.39328  247.78794    -3.7553     4.8229 0.0000e+00
 144.491751      2.544    17.8572  36.127072    26.8982      2.521  247.39506  247.78963    -3.6307     4.8068 0.0000e+00
 144.491753      2.575    17.8567  36.124040    26.8971      2.552  247.39937  247.79392    -3.5062     4.7906 -9.990e-29
 144.491756      2.595    17.8535  36.126102    26.8984      2.572  247.41225  247.80668    -3.5374     4.8068 -9.990e-29
 144.491759      2.613    17.8526  36.123555    26.8969      2.590  247.41920  247.81360    -3.6152     4.7946 -9.990e-29
 144.491762      2.626    17.8524  36.123373    26.8969      2.603  247.42039  247.81478    -3.8487     5.3446 -9.990e-29
 144.491765      2.641    17.8520  36.120947    26.8951      2.617  247.42498  247.81937    -3.6774     5.3931 -9.990e-29
 144.491768      2.653    17.8507  36.126224    26.9003      2.630  247.42239  247.81670    -3.7553     5.3891 -9.990e-29
 144.491771      2.672    17.8490  36.125981    26.8983      2.648  247.43382  247.82808    -3.5062     5.0656 -9.990e-29
 144.491774      2.703    17.8488  36.122464    26.8986      2.679  247.43440  247.82865    -3.5685     5.0635 0.0000e+00
 144.491777      2.734    17.8486  36.122767    26.8983      2.709  247.43498  247.82922    -3.5529     5.0615 0.0000e+00
 144.491780      2.774    17.8484  36.115187    26.8959      2.749  247.44115  247.83540    -3.5919     5.0574 0.0000e+00
 144.491782      2.803    17.8481  36.117188    26.8929      2.778  247.44732  247.84157    -3.5529     5.0534 -9.990e-29
 144.491785      2.819    17.8468  36.115005    26.8936      2.794  247.45257  247.84677    -3.5529     5.0939 -9.990e-29
 144.491788      2.830    17.8463  36.120039    26.8980      2.805  247.44720  247.84135    -3.5529     5.1464 -9.990e-29
 144.491791      2.837    17.8463  36.120039    26.8981      2.812  247.44751  247.84166    -3.5374     5.1262 -9.990e-29
 144.491794      2.858    17.8470  36.123799    26.9007      2.832  247.43953  247.83370    -3.4907     5.1141 -9.990e-29
 144.491797      2.872    17.8520  36.126225    26.8972      2.846  247.42152  247.81589    -3.5685     5.0453 -9.990e-29
 144.491800      2.899    17.8523  36.123556    26.8968      2.873  247.42073  247.81511    -3.5218     5.0575 0.0000e+00
 144.491803      2.939    17.8520  36.123131    26.8964      2.913  247.42152  247.81589    -3.4751     5.0696 0.0000e+00
 144.491806      2.992    17.8513  36.117855    26.8929      2.965  247.43191  247.82628    -3.4751     5.0696 0.0000e+00
 144.491808      3.056    17.8490  36.113247    26.8906      3.029  247.44701  247.84131    -3.4751     5.0656 0.0000e+00
 144.491811      3.111    17.8456  36.109063    26.8906      3.083  247.46527  247.85944    -3.4595     4.9928 0.0000e+00
 144.491814      3.159    17.8426  36.110762    26.8927      3.130  247.47385  247.86789    -3.5374     4.9928 0.0000e+00
 144.491817      3.191    17.8417  36.109489    26.8928      3.163  247.47816  247.87217    -3.4907     4.9847 0.0000e+00
 144.491820      3.219    17.8407  36.113430    26.8929      3.190  247.48247  247.87645    -3.5374     4.9766 -9.990e-29
 144.491823      3.233    17.8406  36.107730    26.8915      3.204  247.48554  247.87952    -3.7553     4.7582 -9.990e-29
 144.491826      3.233    17.8403  36.109489    26.8932      3.204  247.48405  247.87801    -3.7397     4.7623 -9.990e-29
 144.491829      3.233    17.8391  36.111490    26.8956      3.204  247.48565  247.87955    -3.9420     4.7380 -9.990e-29
 144.491832      3.235    17.8388  36.109913    26.8945      3.206  247.48907  247.88296    -3.6930     4.7461 -9.990e-29
 144.491834      3.246    17.8389  36.112703    26.8968      3.217  247.48492  247.87880    -3.7708     4.7340 -9.990e-29
 144.491837      3.264    17.8396  36.116342    26.8993      3.235  247.47742  247.87131    -3.7397     5.3122 -9.990e-29
 144.491840      3.286    17.8432  36.118282    26.9004      3.257  247.45828  247.85231    -3.8487     5.2880 -9.990e-29
 144.491843      3.315    17.8441  36.120526    26.8980      3.286  247.45792  247.85199    -3.7786     5.2981 0.0000e+00
 144.491846      3.346    17.8446  36.116099    26.8955      3.317  247.45828  247.85231    -3.7086     5.3082 0.0000e+00
 144.491849      3.387    17.8446  36.111065    26.8916      3.356  247.46638  247.86050    -3.5529     5.5751 0.0000e+00
 144.491852      3.418    17.8418  36.105730    26.8890      3.387  247.48372  247.87775    -3.5529     5.5912 0.0000e+00
 144.491855      3.452    17.8363  36.085601    26.8760      3.422  247.53174  247.92564    -3.5529     5.5912 0.0000e+00
 144.491858      3.487    17.8246  36.070145    26.8757      3.456  247.59640  247.98988    -3.5374     5.5912 0.0000e+00
 144.491861      3.524    17.8076  36.062449    26.8757      3.492  247.66936  248.06217    -3.0549     5.9552 0.0000e+00
 144.491863      3.564    17.7923  36.058087    26.8822      3.532  247.73180  248.12399    -3.0549     5.9633 0.0000e+00
 144.491866      3.602    17.7828  36.051059    26.8826      3.570  247.77643  248.16825    -3.0393     5.9633 0.0000e+00
 144.491869      3.635    17.7788  36.051908    26.8856      3.603  247.79065  248.18230    -3.0471     5.9673 0.0000e+00
 144.491872      3.664    17.7748  36.048636    26.8886      3.631  247.80487  248.19635    -3.0393     5.9633 -9.990e-29
 144.491875      3.686    17.7637  36.050152    26.8944      3.653  247.84813  248.23915    -3.3506     6.0886 -9.990e-29
 144.491878      3.703    17.7597  36.046395    26.8939      3.669  247.86828  248.25916    -3.2883     6.0927 -9.990e-29
 144.491881      3.706    17.7575  36.045790    26.8949      3.673  247.87722  248.26801    -3.3039     6.0846 -9.990e-29
 144.491884      3.712    17.7553  36.043609    26.8945      3.679  247.88803  248.27874    -3.2105     6.1129 -9.990e-29
 144.491887      3.725    17.7525  36.030400    26.8854      3.691  247.91692  248.30757    -2.9148     6.3029 -9.990e-29
 144.491889      3.745    17.7349  36.027978    26.8865      3.711  247.99937  248.38934    -2.9148     6.2867 -9.990e-29
 144.491892      3.778    17.7295  36.017680    26.8935      3.744  248.01368  248.40339    -2.9148     6.3130 0.0000e+00
 144.491895      3.818    17.7240  36.026042    26.8865      3.783  248.02798  248.41745    -2.9148     6.3393 0.0000e+00
 144.491898      3.867    17.7167  35.991395    26.8767      3.832  248.10316  248.49248    -3.5996     6.8124 0.0000e+00
 144.491901      3.914    17.6994  35.966450    26.8759      3.879  248.20168  248.59039    -3.5996     6.8245 0.0000e+00
 144.491904      3.956    17.6796  35.945206    26.8717      3.921  248.28969  248.67761    -3.5841     6.8185 0.0000e+00
 144.491907      3.991    17.6598  35.943698    26.8759      3.955  248.37770  248.76483    -3.5685     6.8245 -9.990e-29
 144.491910      4.016    17.5913  35.927905    26.9067      3.980  248.65543  249.03974    -2.9148     7.5928 -9.990e-29
 144.491913      4.033    17.5646  35.912840    26.9118      3.997  248.77551  249.15875    -2.8525     7.6090 -9.990e-29
