seaocn-cb/data/ctd_cnv/SBE19plus_01907321_2024_05_27_Cast85.cnv
* Sea-Bird SBE19plus  Data File:
* FileName = E:\Prandtl_Daten\2024\27052024\raw\SBE19plus_01907321_2024_05_27_Cast85.hex
* Software version 2.6.1.12
* Temperature SN = 7321
* Conductivity SN = 7321
* System UpLoad Time = May 27 2024 12:20:01
* <ApplicationData>
* <Seaterm232>
** 20240527
** Sea Practical 2024
** MCat 27.05 CTD_SP5
** NMEA Latitude = 54 7.781N
** NMEA Longitude = 008 25.579E
** waterdepth = 10.6m
** Merle
# nquan = 11
# nvalues = 353                         
# units = specified
# name 0 = timeJ: Julian Days
# name 1 = prdM: Pressure, Strain Gauge [db]
# name 2 = tv290C: Temperature [ITS-90, deg C]
# name 3 = c0mS/cm: Conductivity [mS/cm]
# name 4 = sal00: Salinity, Practical [PSU]
# name 5 = depSM: Depth [salt water, m], lat = 54.00
# name 6 = oxsatMm/Kg: Oxygen Saturation, Weiss [umol/kg]
# name 7 = oxsolMm/Kg: Oxygen Saturation, Garcia & Gordon [umol/kg]
# name 8 = turbWETntu0: Turbidity, WET Labs ECO [NTU]
# name 9 = flECO-AFL: Fluorescence, WET Labs ECO-AFL/FL [mg/m^3]
# name 10 = flag:  0.000e+00
# span 0 = 148.511270, 148.512289       
# span 1 =      0.393,      9.859       
# span 2 =    15.7984,    16.0544       
# span 3 =  37.191087,  37.439155       
# span 4 =    29.2270,    29.2695       
# span 5 =      0.389,      9.771       
# span 6 =  252.18438,  253.51371       
# span 7 =  252.48833,  253.80587       
# span 8 =    -3.7086,    20.0580       
# span 9 =     1.6285,     6.6305       
# span 10 = 0.0000e+00, 0.0000e+00      
# interval = seconds: 0.25
# start_time = May 27 2024 12:14:48 [Instrument's time stamp, header]
# bad_flag = -9.990e-29
*END*
[from data line 263]
 148.512031      7.730    15.8615  37.264741    29.2509      7.660  253.16769  253.46267    -1.1094     4.0506 -9.990e-29
 148.512034      7.737    15.8609  37.265662    29.2521      7.668  253.16839  253.46333    -0.9848     3.9050 -9.990e-29
 148.512037      7.748    15.8608  37.262960    29.2498      7.678  253.17277  253.46773    -0.8448     3.9253 -9.990e-29
 148.512040      7.762    15.8602  37.260688    29.2483      7.693  253.17858  253.47352    -0.8603     3.9091 -9.990e-29
 148.512043      7.786    15.8593  37.262715    29.2539      7.716  253.17374  253.46860    -1.0160     3.9414 -9.990e-29
 148.512046      7.817    15.8597  37.266277    29.2527      7.747  253.17361  253.46849     0.5015     4.1860 0.0000e+00
 148.512049      7.861    15.8601  37.264312    29.2515      7.791  253.17374  253.46860     2.0191     4.3984 0.0000e+00
 148.512052      7.910    15.8601  37.262961    29.2515      7.839  253.17347  253.46838     2.0191     4.4307 0.0000e+00
 148.512054      7.956    15.8600  37.265479    29.2508      7.885  253.17405  253.46899     2.0035     4.4469 0.0000e+00
 148.512057      7.998    15.8599  37.263207    29.2517      7.926  253.17453  253.46943     1.9646     4.4529 0.0000e+00
 148.512060      8.027    15.8597  37.264312    29.2508      7.955  253.17670  253.47160     1.9257     4.4469 -9.990e-29
 148.512063      8.051    15.8612  37.269287    29.2550      7.979  253.16221  253.45714    -1.2183     3.7190 -9.990e-29
 148.512066      8.065    15.8626  37.271375    29.2558      7.993  253.15372  253.44871    -1.1716     3.6462 -9.990e-29
 148.512069      8.082    15.8643  37.271190    29.2543      8.010  253.14747  253.44256    -1.0782     3.6543 -9.990e-29
 148.512072      8.089    15.8657  37.272112    29.2541      8.017  253.14103  253.43619    -2.3545     3.8646 -9.990e-29
 148.512075      8.105    15.8666  37.269778    29.2514      8.033  253.14100  253.43622    -2.5257     3.8323 -9.990e-29
 148.512078      8.124    15.8673  37.272112    29.2529      8.051  253.13481  253.43006    -2.5257     3.8323 -9.990e-29
 148.512080      8.140    15.8676  37.272112    29.2527      8.067  253.13393  253.42919    -2.3389     3.8484 -9.990e-29
 148.512083      8.164    15.8681  37.271252    29.2524      8.091  253.13160  253.42689    -0.8915     6.6305 -9.990e-29
 148.512086      8.193    15.8685  37.272296    29.2540      8.120  253.12684  253.42213    -0.8370     6.6305 0.0000e+00
 148.512089      8.228    15.8689  37.276657    29.2539      8.154  253.12207  253.41737    -0.8915     6.6305 0.0000e+00
 148.512092      8.273    15.8699  37.275428    29.2557      8.199  253.12039  253.41574    -0.9381     6.6305 0.0000e+00
 148.512095      8.324    15.8706  37.278684    29.2539      8.250  253.11326  253.40870    -0.9848     6.6224 0.0000e+00
 148.512098      8.370    15.8716  37.275859    29.2546      8.295  253.11283  253.40820    -2.5101     3.7554 0.0000e+00
 148.512101      8.410    15.8716  37.277824    29.2529      8.335  253.11326  253.40870    -2.5724     3.7393 0.0000e+00
 148.512104      8.443    15.8711  37.275429    29.2529      8.368  253.11573  253.41115    -2.7436     3.7393 0.0000e+00
 148.512106      8.478    15.8709  37.274631    29.2527      8.402  253.11709  253.41250    -2.6580     3.7272 0.0000e+00
 148.512109      8.505    15.8707  37.274815    29.2525      8.429  253.11844  253.41385    -2.7436     3.7393 -9.990e-29
 148.512112      8.529    15.8710  37.276043    29.2535      8.452  253.11545  253.41086    -1.9809     4.0749 -9.990e-29
 148.512115      8.551    15.8715  37.277825    29.2546      8.474  253.11069  253.40612    -1.8564     4.0587 -9.990e-29
 148.512118      8.569    15.8717  37.279360    29.2558      8.492  253.10779  253.40322    -1.9031     4.0547 -9.990e-29
 148.512121      8.582    15.8717  37.277825    29.2545      8.505  253.11012  253.40555    -1.3584     3.7676 -9.990e-29
 148.512124      8.600    15.8717  37.276474    29.2533      8.523  253.11217  253.40761    -1.5140     3.7069 -9.990e-29
 148.512127      8.617    15.8716  37.275491    29.2525      8.540  253.11396  253.40940    -1.5140     3.7676 -9.990e-29
 148.512130      8.637    15.8711  37.275614    29.2530      8.560  253.11556  253.41099    -1.4206     3.7231 -9.990e-29
 148.512133      8.653    15.8706  37.273710    29.2546      8.576  253.11544  253.41083    -0.8759     3.8161 -9.990e-29
 148.512135      8.680    15.8706  37.277088    29.2544      8.603  253.11573  253.41112    -0.9148     3.8019 0.0000e+00
 148.512138      8.708    15.8706  37.276720    29.2546      8.630  253.11544  253.41083    -0.9537     3.7878 0.0000e+00
 148.512141      8.739    15.8705  37.278685    29.2543      8.661  253.11602  253.41140    -0.9537     3.7878 0.0000e+00
 148.512144      8.775    15.8702  37.274570    29.2527      8.697  253.12078  253.41616    -0.9381     3.8039 0.0000e+00
 148.512147      8.814    15.8700  37.270947    29.2497      8.735  253.12716  253.42255     4.0891     4.4186 0.0000e+00
 148.512150      8.856    15.8692  37.267753    29.2497      8.776  253.13498  253.43035     4.0891     4.4267 0.0000e+00
 148.512153      8.898    15.8668  37.268675    29.2475      8.818  253.14253  253.43776     4.0580     4.4186 0.0000e+00
 148.512156      8.929    15.8653  37.259525    29.2471      8.849  253.15494  253.45013     4.0580     4.4328 0.0000e+00
 148.512159      8.959    15.8639  37.250990    29.2442      8.879  253.16735  253.46249     4.0580     4.4186 -9.990e-29
 148.512161      8.983    15.8561  37.249025    29.2408      8.903  253.21235  253.50715     1.3654     4.2407 -9.990e-29
 148.512164      8.999    15.8515  37.249271    29.2444      8.919  253.22923  253.52378     1.4120     4.2407 -9.990e-29
 148.512167      9.016    15.8487  37.244667    29.2424      8.935  253.24659  253.54103     1.3965     4.2164 -9.990e-29
 148.512170      9.030    15.8462  37.243807    29.2435      8.950  253.25741  253.55172     6.1747     4.3337 -9.990e-29
 148.512173      9.049    15.8437  37.239203    29.2414      8.968  253.27388  253.56809     6.0502     4.3013 -9.990e-29
 148.512176      9.065    15.8414  37.237853    29.2419      8.984  253.28455  253.57865     6.0191     4.2973 -9.990e-29
 148.512179      9.089    15.8374  37.239449    29.2451      9.007  253.29879  253.59267    10.3926     4.6167 -9.990e-29
 148.512182      9.118    15.8371  37.238283    29.2441      9.036  253.30207  253.59594    10.3226     4.6207 0.0000e+00
 148.512185      9.147    15.8368  37.235336    29.2430      9.065  253.30534  253.59921    10.3303     4.6208 0.0000e+00
 148.512188      9.189    15.8354  37.229381    29.2388      9.107  253.31972  253.61355    10.2681     4.6208 0.0000e+00
 148.512190      9.231    15.8329  37.226374    29.2388      9.148  253.33380  253.62752    10.2681     4.6208 0.0000e+00
 148.512193      9.269    15.8307  37.228523    29.2403      9.186  253.33860  253.63219    10.2681     4.6127 0.0000e+00
 148.512196      9.307    15.8285  37.225331    29.2412      9.224  253.35177  253.64526    14.0813     4.4954 0.0000e+00
 148.512199      9.340    15.8272  37.224226    29.2407      9.257  253.35737  253.65080    14.1046     4.4914 0.0000e+00
 148.512202      9.375    15.8260  37.217290    29.2412      9.291  253.36297  253.65634    14.1280     4.4873 -9.990e-29
 148.512205      9.399    15.8222  37.213117    29.2343      9.315  253.39407  253.68731    14.1436     4.5075 -9.990e-29
 148.512208      9.424    15.8193  37.204340    29.2288      9.340  253.41836  253.71150    18.2369     4.1436 -9.990e-29
 148.512211      9.446    15.8148  37.200045    29.2283      9.362  253.44151  253.73445    18.2992     4.2043 -9.990e-29
 148.512214      9.466    15.8101  37.195197    29.2276      9.382  253.46670  253.75941    18.2214     4.1841 -9.990e-29
 148.512216      9.481    15.8056  37.195443    29.2311      9.396  253.48328  253.77576    18.2836     4.1638 -9.990e-29
 148.512219      9.499    15.8028  37.196364    29.2339      9.414  253.49230  253.78462    20.0580     5.0373 -9.990e-29
 148.512222      9.514    15.8007  37.195014    29.2343      9.429  253.50238  253.79460    20.0268     5.0413 -9.990e-29
 148.512225      9.534    15.7993  37.195690    29.2319      9.449  253.51371  253.80587    19.9957     5.0656 -9.990e-29
 148.512228      9.561    15.7990  37.191087    29.2332      9.476  253.51314  253.80528    11.3187     4.5925 0.0000e+00
 148.512231      9.596    15.7986  37.193419    29.2344      9.510  253.51257  253.80469     2.6416     4.1194 0.0000e+00
 148.512234      9.634    15.7986  37.194401    29.2344      9.548  253.51257  253.80469     2.6416     4.1194 0.0000e+00
 148.512237      9.680    15.7984  37.192254    29.2355      9.593  253.51230  253.80439     2.5794     4.1113 0.0000e+00
 148.512240      9.720    15.7985  37.194647    29.2356      9.633  253.51168  253.80378     2.5171     4.1194 0.0000e+00
 148.512242      9.758    15.7985  37.201337    29.2412      9.671  253.50098  253.79304     2.4548     4.1355 0.0000e+00
 148.512245      9.795    15.7995  37.202748    29.2413      9.707  253.49635  253.78846     2.4859     4.2771 0.0000e+00
 148.512248      9.826    15.8004  37.205939    29.2412      9.738  253.49173  253.78388     2.4548     4.4186 -9.990e-29
 148.512251      9.841    15.8056  37.206860    29.2409      9.752  253.46621  253.75861     2.5638     4.4226 -9.990e-29
 148.512254      9.824    15.8075  37.213120    29.2450      9.736  253.44959  253.74206     2.5794     4.4388 -9.990e-29
 148.512257      9.795    15.8095  37.210480    29.2412      9.707  253.44584  253.73843     6.2525     3.8727 -9.990e-29
 148.512260      9.771    15.8110  37.213119    29.2424      9.684  253.43619  253.72884     6.4237     3.8767 -9.990e-29
 148.512263      9.756    15.8128  37.212321    29.2404      9.669  253.43085  253.72360     6.2836     3.8646 -9.990e-29
 148.512266      9.744    15.8141  37.210909    29.2382      9.656  253.42793  253.72075     6.2681     3.8242 -9.990e-29
 148.512269      9.747    15.8141  37.212260    29.2394      9.660  253.42588  253.71870     4.2914     3.7595 -9.990e-29
 148.512271      9.760    15.8133  37.210050    29.2381      9.672  253.43250  253.72529     4.4004     3.7271 -9.990e-29
 148.512274      9.773    15.8123  37.211155    29.2398      9.685  253.43441  253.72714     4.3226     3.7271 -9.990e-29
 148.512277      9.798    15.8118  37.212997    29.2418      9.710  253.43372  253.72641     4.2603     3.7231 -9.990e-29
 148.512280      9.820    15.8116  37.210910    29.2401      9.732  253.43748  253.73018     5.3654     3.9010 -9.990e-29
 148.512283      9.840    15.8114  37.210235    29.2396      9.752  253.43941  253.73209     5.3187     3.9131 -9.990e-29
 148.512286      9.855    15.8110  37.209560    29.2393      9.767  253.44192  253.73459     5.3031     3.9253 -9.990e-29
 148.512289      9.859    15.8107  37.212444    29.2420      9.771  253.43845  253.73109     5.1786     3.9455 -9.990e-29
