seaocn-cb/data/ctd_cnv/SBE19plus_01907321_2024_05_22_Cast10.cnv
* Sea-Bird SBE19plus  Data File:
* FileName = E:\Prandtl_Daten\2024\CTD\raw\SBE19plus_01907321_2024_05_21_Cast10.hex
* Software version 2.6.1.12
* Temperature SN = 7321
* Conductivity SN = 7321
* System UpLoad Time = May 22 2024 10:25:14
* <ApplicationData>
* <Seaterm232>
** 20240522
** Sea Practical 2024
** MCat 22.05 CTD_SP3
** NMEA Latitude = 54 07.255N
** NMEA Longitude = 008 30.420E
** waterdepth = 6.76m
** Isabelle
# nquan = 11
# nvalues = 190                         
# units = specified
# name 0 = timeJ: Julian Days
# name 1 = prdM: Pressure, Strain Gauge [db]
# name 2 = tv290C: Temperature [ITS-90, deg C]
# name 3 = c0mS/cm: Conductivity [mS/cm]
# name 4 = sal00: Salinity, Practical [PSU]
# name 5 = depSM: Depth [salt water, m], lat = 54.00
# name 6 = oxsatMm/Kg: Oxygen Saturation, Weiss [umol/kg]
# name 7 = oxsolMm/Kg: Oxygen Saturation, Garcia & Gordon [umol/kg]
# name 8 = turbWETntu0: Turbidity, WET Labs ECO [NTU]
# name 9 = flECO-AFL: Fluorescence, WET Labs ECO-AFL/FL [mg/m^3]
# name 10 = flag:  0.000e+00
# span 0 = 143.430911, 143.431458       
# span 1 =      0.386,      5.133       
# span 2 =    14.7625,    14.8480       
# span 3 =  36.300099,  36.333268       
# span 4 =    29.1818,    29.2397       
# span 5 =      0.383,      5.087       
# span 6 =  258.48291,  258.82832       
# span 7 =  258.72835,  259.06887       
# span 8 =    -2.4323,    22.2214       
# span 9 =     8.1711,    16.4161       
# span 10 = 0.0000e+00, 0.0000e+00      
# interval = seconds: 0.25
# start_time = May 22 2024 10:19:14 [Instrument's time stamp, header]
# bad_flag = -9.990e-29
*END*
[from data line 132]
 143.431293      4.111    14.7812  36.314017    29.2164      4.074  258.77257  259.01427    12.8984    11.8953 0.0000e+00
 143.431296      4.188    14.7812  36.312012    29.2152      4.150  258.77257  259.01427    12.9607    11.8872 0.0000e+00
 143.431299      4.262    14.7828  36.314261    29.2144      4.224  258.76541  259.00722    12.9607    11.8427 0.0000e+00
 143.431302      4.317    14.7835  36.314443    29.2148      4.279  258.76260  259.00445     9.9023    11.1452 0.0000e+00
 143.431305      4.346    14.7842  36.317360    29.2143      4.308  258.75979  259.00167     6.7194    10.4477 -9.990e-29
 143.431308      4.355    14.7862  36.312559    29.2111      4.317  258.75476  258.99677     6.6883    10.4881 -9.990e-29
 143.431311      4.339    14.7870  36.314260    29.2120      4.300  258.74905  258.99110     6.7973    10.4274 -9.990e-29
 143.431314      4.319    14.7878  36.310917    29.2084      4.280  258.75108  258.99320     9.6766    11.7133 -9.990e-29
 143.431317      4.299    14.7890  36.317117    29.2131      4.261  258.73643  258.97858     9.4276    11.7376 -9.990e-29
 143.431319      4.290    14.7903  36.300099    29.1970      4.251  258.75873  259.00107     9.5054    11.7174 -9.990e-29
 143.431322      4.297    14.7919  36.316812    29.2107      4.259  258.72588  258.96819     9.3498    11.7335 -9.990e-29
 143.431325      4.321    14.7931  36.316691    29.2088      4.282  258.72279  258.96518     9.9412    11.8468 -9.990e-29
 143.431328      4.361    14.7930  36.315779    29.2071      4.322  258.72625  258.96865     9.9568    11.8548 0.0000e+00
 143.431331      4.418    14.7929  36.311829    29.2088      4.378  258.72524  258.96760     9.9412    11.8629 0.0000e+00
 143.431334      4.473    14.7925  36.315780    29.2092      4.433  258.72700  258.96931     9.9412    11.8710 0.0000e+00
 143.431337      4.529    14.7918  36.316388    29.2092      4.489  258.72700  258.96931     9.9101    11.8710 0.0000e+00
 143.431340      4.580    14.7916  36.314686    29.2097      4.539  258.72941  258.97171     8.1980    11.3454 0.0000e+00
 143.431343      4.615    14.7913  36.307393    29.2091      4.574  258.73182  258.97411     6.4548    10.8197 -9.990e-29
 143.431345      4.631    14.7913  36.318880    29.2128      4.590  258.72488  258.96715     6.6416    10.7833 -9.990e-29
 143.431348      4.637    14.7921  36.317786    29.2113      4.595  258.72364  258.96596     6.6105    10.7914 -9.990e-29
 143.431351      4.640    14.7927  36.314686    29.2080      4.599  258.72619  258.96857    10.8128    12.3724 -9.990e-29
 143.431354      4.642    14.7928  36.316266    29.2094      4.601  258.72338  258.96575    10.8440    12.3967 -9.990e-29
 143.431357      4.658    14.7926  36.317786    29.2130      4.617  258.71772  258.96005    10.6883    12.4129 -9.990e-29
 143.431360      4.686    14.7926  36.320217    29.2118      4.644  258.72030  258.96264    11.0696    12.4230 0.0000e+00
 143.431363      4.722    14.7925  36.317361    29.2113      4.680  258.72288  258.96523    11.3731    12.4331 0.0000e+00
 143.431366      4.764    14.7921  36.317847    29.2106      4.722  258.72362  258.96594    11.4510    12.4695 0.0000e+00
 143.431369      4.812    14.7914  36.316024    29.2101      4.769  258.72924  258.97153    11.4665    12.4856 0.0000e+00
 143.431372      4.859    14.7901  36.312681    29.2101      4.816  258.73715  258.97926    11.5443    12.4856 0.0000e+00
 143.431374      4.910    14.7885  36.318213    29.2142      4.866  258.73966  258.98190    14.3770    12.2916 0.0000e+00
 143.431377      4.950    14.7880  36.318456    29.2148      4.906  258.73920  258.98128    14.3848    12.2613 0.0000e+00
 143.431380      4.979    14.7874  36.315539    29.2153      4.935  258.74126  258.98330    14.3770    12.2309 -9.990e-29
 143.431383      4.994    14.7848  36.317119    29.2160      4.949  258.75326  258.99516    14.3770    12.2673 -9.990e-29
 143.431386      4.999    14.7831  36.316877    29.2171      4.955  258.76051  259.00231    14.3770    12.2269 -9.990e-29
 143.431389      5.007    14.7817  36.315783    29.2171      4.962  258.76762  259.00935     5.3965    11.3494 -9.990e-29
 143.431392      5.023    14.7809  36.316026    29.2180      4.978  258.77053  259.01221     5.4120    11.3736 -9.990e-29
 143.431395      5.041    14.7803  36.319308    29.2213      4.996  258.76740  259.00903     5.4587    11.4060 -9.990e-29
 143.431398      5.052    14.7806  36.318214    29.2201      5.007  258.76795  259.00961     5.3031    11.3494 -9.990e-29
 143.431400      5.050    14.7815  36.316695    29.2181      5.005  258.76709  259.00880     8.0891    13.6260 -9.990e-29
 143.431403      5.060    14.7827  36.317545    29.2179      5.014  258.76097  259.00275     8.1513    13.6623 -9.990e-29
 143.431406      5.076    14.7838  36.317363    29.2169      5.031  258.75680  258.99864     8.0580    13.6179 -9.990e-29
 143.431409      5.085    14.7847  36.315722    29.2148      5.040  258.75614  258.99804     7.9646    13.6704 -9.990e-29
 143.431412      5.089    14.7855  36.317788    29.2160      5.043  258.74957  258.99151    14.9840    11.4181 -9.990e-29
 143.431415      5.087    14.7858  36.315600    29.2138      5.041  258.75186  258.99383    15.0152    11.3898 -9.990e-29
 143.431418      5.083    14.7861  36.316694    29.2146      5.038  258.74922  258.99120    14.9062    11.4181 -9.990e-29
 143.431421      5.082    14.7867  36.321557    29.2185      5.036  258.73879  258.98078    14.7661    11.3979 -9.990e-29
 143.431424      5.078    14.7874  36.315296    29.2124      5.032  258.74607  258.98814    13.5521    11.4707 -9.990e-29
 143.431427      5.076    14.7874  36.316451    29.2134      5.031  258.74423  258.98629    13.4276    11.4626 -9.990e-29
 143.431429      5.069    14.7872  36.320037    29.2168      5.023  258.73942  258.98144    13.3654    11.5273 -9.990e-29
 143.431432      5.061    14.7867  36.320037    29.2171      5.016  258.74120  258.98319    13.3654    11.5030 -9.990e-29
 143.431435      5.050    14.7855  36.321800    29.2196      5.005  258.74316  258.98507    13.2097    11.5313 -9.990e-29
 143.431438      5.043    14.7833  36.323563    29.2229      4.998  258.74900  258.99077    13.2564    11.2645 -9.990e-29
 143.431441      5.038    14.7801  36.321436    29.2234      4.993  258.76490  259.00650    13.5677    11.2645 -9.990e-29
 143.431444      5.036    14.7773  36.324658    29.2284      4.991  258.77081  259.01222    13.3498    11.2766 -9.990e-29
 143.431447      5.041    14.7741  36.322895    29.2291      4.996  258.78584  259.02708    13.1941    11.3009 -9.990e-29
 143.431450      5.061    14.7671  36.322653    29.2320      5.016  258.81756  259.05841     8.5560    10.8803 -9.990e-29
 143.431453      5.089    14.7671  36.320222    29.2320      5.043  258.81756  259.05841     8.5560    10.8803 0.0000e+00
 143.431455      5.120    14.7671  36.320830    29.2320      5.074  258.81756  259.05841     8.5560    10.8803 -9.990e-29
 143.431458      5.133    14.7625  36.324903    29.2397      5.087  258.82832  259.06887     8.4938    10.9369 -9.990e-29
