seaocn-cb/data/ctd_cnv/SBE19plus_01907321_2024_05_23_Cast28.cnv
* Sea-Bird SBE19plus  Data File:
* FileName = E:\Prandtl_Daten\2024\CTD\raw\SBE19plus_01907321_2024_05_23_Cast28.hex
* Software version 2.6.1.12
* Temperature SN = 7321
* Conductivity SN = 7321
* System UpLoad Time = May 23 2024 10:12:29
* <ApplicationData>
* <Seaterm232>
** 20240522
** Sea Practical 2024
** MCat 23.05 CTD_NP8
** NMEA Latitude = 054 12.23N
** NMEA Longitude = 008 19.52E
** waterdepth = 16m
** Arved
# nquan = 11
# nvalues = 561                         
# units = specified
# name 0 = timeJ: Julian Days
# name 1 = prdM: Pressure, Strain Gauge [db]
# name 2 = tv290C: Temperature [ITS-90, deg C]
# name 3 = c0mS/cm: Conductivity [mS/cm]
# name 4 = sal00: Salinity, Practical [PSU]
# name 5 = depSM: Depth [salt water, m], lat = 54.00
# name 6 = oxsatMm/Kg: Oxygen Saturation, Weiss [umol/kg]
# name 7 = oxsolMm/Kg: Oxygen Saturation, Garcia & Gordon [umol/kg]
# name 8 = turbWETntu0: Turbidity, WET Labs ECO [NTU]
# name 9 = flECO-AFL: Fluorescence, WET Labs ECO-AFL/FL [mg/m^3]
# name 10 = flag:  0.000e+00
# span 0 = 144.420790, 144.422410       
# span 1 =      0.431,     14.933       
# span 2 =    13.5525,    14.2333       
# span 3 =  36.955153,  37.148856       
# span 4 =    30.3228,    30.9270       
# span 5 =      0.427,     14.799       
# span 6 =  259.66508,  262.24017       
# span 7 =  259.86791,  262.39853       
# span 8 =    -5.2494,    -1.5452       
# span 9 =     2.0531,     7.8557       
# span 10 = 0.0000e+00, 0.0000e+00      
# interval = seconds: 0.25
# start_time = May 23 2024 10:04:33 [Instrument's time stamp, header]
# bad_flag = -9.990e-29
*END*
[from data line 132]
 144.421172      4.184    14.1060  36.999032    30.3529      4.147  260.29958  260.49513    -5.0471     4.7178 -9.990e-29
 144.421175      4.197    14.1031  36.998910    30.3550      4.160  260.31116  260.50653    -5.0627     4.7178 -9.990e-29
 144.421178      4.210    14.1017  36.994501    30.3521      4.172  260.32395  260.51926    -4.8136     5.2961 -9.990e-29
 144.421181      4.219    14.1006  36.998481    30.3566      4.181  260.32179  260.51700    -4.8136     5.3122 -9.990e-29
 144.421183      4.233    14.1000  36.996399    30.3552      4.196  260.32755  260.52274    -4.8448     5.3041 -9.990e-29
 144.421186      4.252    14.0974  36.992971    30.3541      4.214  260.34340  260.53845    -4.7825     5.3041 -9.990e-29
 144.421189      4.270    14.0942  36.991685    30.3555      4.232  260.35806  260.55292    -4.8448     5.1060 -9.990e-29
 144.421192      4.294    14.0889  36.993706    30.3552      4.255  260.38635  260.58092    -4.6891     5.1505 -9.990e-29
 144.421195      4.323    14.0867  36.986910    30.3576      4.284  260.39386  260.58828    -4.6580     5.1263 0.0000e+00
 144.421198      4.352    14.0845  36.988258    30.3599      4.313  260.40136  260.59564    -4.6891     5.1020 0.0000e+00
 144.421201      4.379    14.0823  36.989605    30.3629      4.340  260.40791  260.60204    -4.8915     4.7178 0.0000e+00
 144.421204      4.412    14.0800  36.990157    30.3641      4.373  260.41606  260.61004    -4.9381     4.7097 0.0000e+00
 144.421207      4.447    14.0771  36.986483    30.3652      4.407  260.43320  260.62703    -4.9381     4.6895 0.0000e+00
 144.421209      4.481    14.0762  36.988627    30.3666      4.441  260.43342  260.62718    -4.9381     4.6895 0.0000e+00
 144.421212      4.518    14.0760  36.988504    30.3666      4.477  260.43495  260.62867    -4.8915     4.6895 0.0000e+00
 144.421215      4.556    14.0760  36.987341    30.3657      4.516  260.43623  260.62999    -4.7047     5.0979 0.0000e+00
 144.421218      4.585    14.0727  36.980851    30.3626      4.544  260.45975  260.65335    -4.5490     5.1141 0.0000e+00
 144.421221      4.624    14.0669  36.976077    30.3626      4.582  260.49037  260.68364    -4.5490     5.1141 0.0000e+00
 144.421224      4.656    14.0604  36.971731    30.3637      4.615  260.52291  260.71580    -4.5802     5.1060 0.0000e+00
 144.421227      4.686    14.0546  36.973324    30.3697      4.644  260.54305  260.73556    -4.7514     4.9240 0.0000e+00
 144.421230      4.722    14.0503  36.969957    30.3700      4.680  260.56523  260.75750    -4.7514     4.9240 0.0000e+00
 144.421233      4.759    14.0476  36.973570    30.3700      4.716  260.57009  260.76215    -4.7514     4.9200 0.0000e+00
 144.421236      4.791    14.0469  36.965734    30.3725      4.749  260.57932  260.77137    -4.7669     4.9443 0.0000e+00
 144.421238      4.817    14.0462  36.970632    30.3694      4.774  260.58855  260.78059    -4.8136     4.9200 -9.990e-29
 144.421241      4.841    14.0418  36.970510    30.3772      4.797  260.59763  260.78935    -4.5802     5.3931 -9.990e-29
 144.421244      4.863    14.0387  36.968367    30.3777      4.819  260.61342  260.80496    -4.6736     5.3608 -9.990e-29
 144.421247      4.881    14.0359  36.965185    30.3770      4.837  260.62975  260.82114    -4.5179     5.3810 -9.990e-29
 144.421250      4.901    14.0333  36.969225    30.3827      4.857  260.63301  260.82421    -4.4712     5.1181 -9.990e-29
 144.421253      4.921    14.0330  36.962920    30.3771      4.877  260.64458  260.83581    -4.5646     5.1020 -9.990e-29
 144.421256      4.943    14.0340  36.970144    30.3830      4.899  260.62890  260.82013    -4.5490     5.1222 -9.990e-29
 144.421259      4.968    14.0348  36.972470    30.3844      4.924  260.62188  260.81315    -4.6424     5.1262 -9.990e-29
 144.421262      4.992    14.0360  36.970143    30.3814      4.947  260.62136  260.81271    -4.5179     5.1384 -9.990e-29
 144.421264      5.012    14.0374  36.967940    30.3783      4.967  260.61946  260.81093    -4.9848     4.8108 -9.990e-29
 144.421267      5.034    14.0380  36.969409    30.3791      4.989  260.61473  260.80621    -5.0004     4.7866 -9.990e-29
 144.421270      5.058    14.0375  36.969042    30.3791      5.013  260.61710  260.80856    -4.9070     4.7663 -9.990e-29
 144.421273      5.081    14.0365  36.971552    30.3823      5.036  260.61706  260.80843    -5.0627     4.8310 -9.990e-29
 144.421276      5.103    14.0361  36.967695    30.3790      5.058  260.62488  260.81627    -4.5646     5.0817 -9.990e-29
 144.421279      5.125    14.0344  36.963166    30.3762      5.080  260.63906  260.83038    -4.5802     5.0453 -9.990e-29
 144.421282      5.146    14.0303  36.964268    30.3764      5.100  260.66068  260.85176    -4.5802     5.0615 -9.990e-29
 144.421285      5.177    14.0288  36.959800    30.3779      5.130  260.66581  260.85680    -4.5101     5.2657 0.0000e+00
 144.421288      5.206    14.0273  36.960657    30.3795      5.159  260.67094  260.86183    -4.4868     5.4699 0.0000e+00
 144.421291      5.241    14.0242  36.963596    30.3844      5.194  260.67836  260.86902    -4.4868     5.4699 0.0000e+00
 144.421293      5.279    14.0211  36.960658    30.3846      5.232  260.69547  260.88596    -4.5179     5.4699 0.0000e+00
 144.421296      5.325    14.0181  36.961148    30.3844      5.277  260.70606  260.89636    -4.5179     5.4538 0.0000e+00
 144.421299      5.368    14.0162  36.956497    30.3871      5.320  260.72134  260.91155    -4.5179     5.4457 0.0000e+00
 144.421302      5.414    14.0118  36.958884    30.3900      5.366  260.73463  260.92454    -4.5490     5.4538 0.0000e+00
 144.421305      5.461    14.0074  36.959069    30.3936      5.413  260.75155  260.94118    -4.5490     5.4618 0.0000e+00
 144.421308      5.503    14.0030  36.958825    30.3969      5.454  260.76946  260.95881    -4.5024     5.4659 0.0000e+00
 144.421311      5.543    14.0006  36.962498    30.4005      5.494  260.77592  260.96510    -4.4557     5.4700 0.0000e+00
 144.421314      5.571    13.9981  36.962743    30.4041      5.521  260.78237  260.97138    -4.5024     5.4740 -9.990e-29
 144.421317      5.587    13.9959  36.959254    30.4029      5.537  260.79649  260.98539    -4.9848     5.7611 -9.990e-29
 144.421319      5.595    13.9971  36.957724    30.4005      5.545  260.79436  260.98334    -4.7514     5.7651 -9.990e-29
 144.421322      5.600    13.9955  36.955153    30.3994      5.550  260.80473  260.99363    -4.6269     5.7934 -9.990e-29
 144.421325      5.605    13.9916  36.958398    30.4054      5.555  260.81453  261.00316    -4.6424     5.7125 -9.990e-29
 144.421328      5.615    13.9869  36.957970    30.4087      5.564  260.83360  261.02193    -4.6113     5.7045 -9.990e-29
 144.421331      5.629    13.9831  36.956930    30.4108      5.579  260.85018  261.03828    -4.4868     5.7247 -9.990e-29
 144.421334      5.646    13.9820  36.960664    30.4151      5.595  260.84839  261.03639    -4.6269     5.6964 -9.990e-29
 144.421337      5.669    13.9825  36.962011    30.4159      5.618  260.84444  261.03245    -4.7669     6.6709 -9.990e-29
 144.421340      5.691    13.9805  36.962745    30.4177      5.640  260.85164  261.03953    -4.7669     6.6709 -9.990e-29
 144.421343      5.718    13.9794  36.962256    30.4185      5.667  260.85651  261.04433    -4.7980     6.6608 0.0000e+00
 144.421345      5.755    13.9782  36.962011    30.4193      5.703  260.86139  261.04913    -4.7669     6.6709 0.0000e+00
 144.421348      5.791    13.9748  36.964032    30.4238      5.740  260.87118  261.05869    -4.5957     6.6507 0.0000e+00
 144.421351      5.832    13.9704  36.962931    30.4263      5.779  260.89050  261.07773    -4.5802     5.8905 0.0000e+00
 144.421354      5.870    13.9647  36.961340    30.4288      5.817  260.91529  261.10218    -4.5957     5.8905 0.0000e+00
 144.421357      5.901    13.9629  36.959259    30.4293      5.848  260.91904  261.10572    -4.5802     5.8945 0.0000e+00
 144.421360      5.943    13.9620  36.965442    30.4351      5.889  260.92574  261.11253    -4.6736     5.9309 0.0000e+00
 144.421363      5.979    13.9595  36.963361    30.4352      5.926  260.93241  261.11894    -4.7514     6.4485 0.0000e+00
 144.421366      6.017    13.9544  36.963852    30.4397      5.964  260.95172  261.13792    -4.7825     6.4687 0.0000e+00
 144.421369      6.054    13.9483  36.962751    30.4435      6.000  260.97715  261.16297    -4.7825     6.4687 0.0000e+00
 144.421372      6.094    13.9416  36.963853    30.4498      6.040  261.00184  261.18722    -4.7514     6.4687 0.0000e+00
 144.421374      6.125    13.9388  36.964283    30.4522      6.070  261.01227  261.19747    -4.6891     6.2220 0.0000e+00
 144.421377      6.150    13.9361  36.963855    30.4545      6.095  261.02270  261.20772    -4.7514     5.9673 -9.990e-29
 144.421380      6.174    13.9310  36.962508    30.4570      6.119  261.04575  261.23046    -4.7981     5.9916 -9.990e-29
 144.421383      6.194    13.9315  36.964100    30.4579      6.139  261.04080  261.22554    -4.8915     5.9390 -9.990e-29
 144.421386      6.205    13.9321  36.964284    30.4576      6.150  261.03818  261.22295    -4.3311     6.0199 -9.990e-29
 144.421389      6.211    13.9313  36.964284    30.4583      6.155  261.04138  261.22610    -4.3778     6.0684 -9.990e-29
 144.421392      6.215    13.9303  36.965692    30.4604      6.159  261.04313  261.22777    -4.3467     6.0401 -9.990e-29
 144.421395      6.218    13.9302  36.962937    30.4579      6.163  261.04798  261.23264    -4.3000     6.0037 -9.990e-29
 144.421398      6.231    13.9307  36.964467    30.4590      6.175  261.04371  261.22838    -4.5802     6.0077 -9.990e-29
 144.421400      6.247    13.9258  36.965202    30.4604      6.191  261.06692  261.25130    -4.7047     6.2665 -9.990e-29
 144.421403      6.278    13.9231  36.961897    30.4648      6.222  261.07350  261.25769    -4.8058     6.2584 0.0000e+00
 144.421406      6.318    13.9204  36.966795    30.4692      6.262  261.08008  261.26408    -4.7047     6.2665 0.0000e+00
 144.421409      6.364    13.9134  36.966796    30.4748      6.307  261.10776  261.29130    -4.7981     6.3029 0.0000e+00
 144.421412      6.415    13.9053  36.967042    30.4814      6.358  261.13910  261.32212    -4.7981     6.5172 0.0000e+00
 144.421415      6.464    13.8945  36.971757    30.4942      6.406  261.17350  261.35578    -4.7981     6.5253 0.0000e+00
 144.421418      6.506    13.8895  36.968147    30.4965      6.448  261.19629  261.37826    -4.7825     6.5213 0.0000e+00
 144.421421      6.541    13.8844  36.971637    30.4989      6.482  261.21908  261.40074    -4.7514     6.5253 -9.990e-29
 144.421424      6.566    13.8785  36.970413    30.5057      6.508  261.23863  261.41989    -4.8136     7.3583 -9.990e-29
 144.421427      6.585    13.8833  36.970657    30.5020      6.526  261.21933  261.40090    -4.7202     7.3138 -9.990e-29
 144.421429      6.601    13.8912  36.971636    30.4966      6.542  261.18659  261.36867    -4.9381     7.3138 -9.990e-29
 144.421432      6.610    13.8967  36.970166    30.4909      6.551  261.16751  261.34995    -4.8603     7.3745 -9.990e-29
 144.421435      6.628    13.8978  36.968146    30.4882      6.569  261.16651  261.34904    -4.6424     6.7396 -9.990e-29
 144.421438      6.648    13.8961  36.967228    30.4921      6.589  261.16867  261.35107    -4.4712     6.7518 -9.990e-29
 144.421441      6.690    13.8929  36.970901    30.4939      6.630  261.18256  261.36476    -4.5179     6.7477 0.0000e+00
 144.421444      6.739    13.8897  36.969433    30.4958      6.679  261.19645  261.37844    -4.5490     6.7437 0.0000e+00
 144.421447      6.800    13.8783  36.971087    30.5064      6.739  261.23854  261.41978    -4.5646     6.7356 0.0000e+00
 144.421450      6.858    13.8682  36.967722    30.5112      6.797  261.28343  261.46405    -5.0315     5.7813 0.0000e+00
 144.421453      6.913    13.8664  36.970538    30.5140      6.851  261.28823  261.46873    -5.0393     5.7631 0.0000e+00
 144.421455      6.953    13.8646  36.972252    30.5167      6.891  261.29303  261.47340    -5.0471     5.7449 -9.990e-29
 144.421458      6.973    13.8684  36.970171    30.5133      6.911  261.27885  261.45946    -4.9848     5.7570 -9.990e-29
 144.421461      6.977    13.8735  36.972680    30.5115      6.915  261.25462  261.43554    -5.0782     6.3191 -9.990e-29
 144.421464      6.966    13.8770  36.970170    30.5065      6.904  261.24511  261.42628    -4.9693     6.3272 -9.990e-29
 144.421467      6.946    13.8763  36.971639    30.5084      6.884  261.24557  261.42668    -5.0315     6.3393 -9.990e-29
 144.421470      6.921    13.8737  36.973353    30.5120      6.859  261.25289  261.43381    -4.9848     6.3434 -9.990e-29
 144.421473      6.899    13.8717  36.974027    30.5142      6.837  261.25931  261.44011    -4.6424     6.1937 -9.990e-29
 144.421476      6.888    13.8720  36.975496    30.5153      6.826  261.25570  261.43650    -4.7358     6.2342 -9.990e-29
 144.421479      6.897    13.8676  36.977210    30.5215      6.835  261.26840  261.44888    -4.9226     6.1897 -9.990e-29
 144.421481      6.924    13.8652  36.978374    30.5221      6.862  261.28025  261.46059    -5.0626     5.8945 0.0000e+00
 144.421484      6.972    13.8628  36.975497    30.5227      6.909  261.29210  261.47230    -5.0782     5.6195 0.0000e+00
 144.421487      7.039    13.8597  36.976539    30.5260      6.976  261.30234  261.48233    -5.0782     5.6195 0.0000e+00
 144.421490      7.110    13.8577  36.976294    30.5273      7.047  261.31064  261.49051    -5.0160     5.6357 0.0000e+00
 144.421493      7.192    13.8527  36.977030    30.5320      7.128  261.32924  261.50878    -5.0160     5.6357 0.0000e+00
 144.421496      7.271    13.8456  36.977888    30.5383      7.206  261.35549  261.53456    -4.9848     5.6357 0.0000e+00
 144.421499      7.338    13.8374  36.973359    30.5407      7.273  261.39562  261.57419    -4.7825     5.8864 0.0000e+00
 144.421502      7.397    13.8302  36.980462    30.5530      7.330  261.41203  261.59008    -4.7514     5.8945 0.0000e+00
 144.421505      7.442    13.8283  36.980401    30.5545      7.376  261.41951  261.59743    -4.7280     5.9026 0.0000e+00
 144.421508      7.468    13.8264  36.978320    30.5559      7.401  261.42698  261.60478    -4.7514     5.8945 -9.990e-29
 144.421510      7.475    13.8242  36.978136    30.5556      7.408  261.43949  261.61717    -5.1716     6.0967 -9.990e-29
 144.421513      7.479    13.8282  36.977462    30.5517      7.412  261.42463  261.60258    -5.0471     6.0967 -9.990e-29
 144.421516      7.475    13.8297  36.977891    30.5509      7.408  261.41811  261.59614    -5.1716     6.1210 -9.990e-29
 144.421519      7.475    13.8294  36.979238    30.5525      7.408  261.41732  261.59532    -5.0627     6.0805 -9.990e-29
 144.421522      7.477    13.8303  36.978809    30.5513      7.410  261.41425  261.59232    -4.9537     6.3595 -9.990e-29
 144.421525      7.484    13.8320  36.975074    30.5465      7.417  261.41379  261.59200    -5.2183     6.3474 -9.990e-29
 144.421528      7.497    13.8343  36.978809    30.5481      7.430  261.39858  261.57690    -5.0160     6.3353 -9.990e-29
 144.421531      7.512    13.8350  36.974707    30.5438      7.444  261.40279  261.58120    -5.1094     6.3514 -9.990e-29
 144.421534      7.521    13.8344  36.975748    30.5452      7.453  261.40339  261.58175    -5.0160     6.4202 -9.990e-29
 144.421536      7.542    13.8344  36.978135    30.5474      7.475  261.39943  261.57777    -5.0315     6.4121 -9.990e-29
 144.421539      7.564    13.8338  36.981136    30.5476      7.497  261.40220  261.58051    -4.9381     6.4121 -9.990e-29
 144.421542      7.597    13.8339  36.977891    30.5474      7.529  261.40227  261.58058    -5.0160     6.4202 0.0000e+00
 144.421545      7.628    13.8338  36.977646    30.5476      7.560  261.40234  261.58065    -4.9381     6.4242 0.0000e+00
