seaocn-cb/data/ctd_cnv/SBE19plus_01907321_2024_05_22_Cast12.cnv
* Sea-Bird SBE19plus  Data File:
* FileName = E:\Prandtl_Daten\2024\CTD\raw\SBE19plus_01907321_2024_05_21_Cast12.hex
* Software version 2.6.1.12
* Temperature SN = 7321
* Conductivity SN = 7321
* System UpLoad Time = May 22 2024 11:11:03
* <ApplicationData>
* <Seaterm232>
** 20240522
** Sea Practical 2024
** MCat 22.05 CTD_M1
** NMEA Latitude = 54 06.042N
** NMEA Longitude = 008 25.249E
** waterdepth = 15.8m
** Merle
# nquan = 11
# nvalues = 569                         
# units = specified
# name 0 = timeJ: Julian Days
# name 1 = prdM: Pressure, Strain Gauge [db]
# name 2 = tv290C: Temperature [ITS-90, deg C]
# name 3 = c0mS/cm: Conductivity [mS/cm]
# name 4 = sal00: Salinity, Practical [PSU]
# name 5 = depSM: Depth [salt water, m], lat = 54.00
# name 6 = oxsatMm/Kg: Oxygen Saturation, Weiss [umol/kg]
# name 7 = oxsolMm/Kg: Oxygen Saturation, Garcia & Gordon [umol/kg]
# name 8 = turbWETntu0: Turbidity, WET Labs ECO [NTU]
# name 9 = flECO-AFL: Fluorescence, WET Labs ECO-AFL/FL [mg/m^3]
# name 10 = flag:  0.000e+00
# span 0 = 143.461531, 143.463174       
# span 1 =      0.503,     14.224       
# span 2 =    13.5627,    13.7234       
# span 3 =  36.882789,  36.979783       
# span 4 =    30.5523,    30.7636       
# span 5 =      0.499,     14.097       
# span 6 =  261.98292,  262.47802       
# span 7 =  262.15478,  262.63850       
# span 8 =    -4.6580,     1.5677       
# span 9 =     4.5399,     7.3179       
# span 10 = 0.0000e+00, 0.0000e+00      
# interval = seconds: 0.25
# start_time = May 22 2024 11:02:59 [Instrument's time stamp, header]
# bad_flag = -9.990e-29
*END*
[from data line 525]
 143.463050     13.361    13.5650  36.978617    30.7611     13.241  262.46258  262.62318    -2.7592     6.1371 0.0000e+00
 143.463053     13.401    13.5651  36.978617    30.7611     13.281  262.46258  262.62318    -2.7592     6.1371 0.0000e+00
 143.463056     13.444    13.5651  36.975801    30.7606     13.324  262.46466  262.62526    -2.7592     6.1412 0.0000e+00
 143.463058     13.479    13.5650  36.977944    30.7595     13.358  262.46573  262.62635    -2.7436     6.1452 0.0000e+00
 143.463061     13.506    13.5648  36.977699    30.7606     13.385  262.46466  262.62526    -2.6813     6.1533 -9.990e-29
 143.463064     13.526    13.5644  36.977026    30.7601     13.405  262.46798  262.62855    -3.0393     5.2920 -9.990e-29
 143.463067     13.541    13.5641  36.977944    30.7611     13.420  262.46731  262.62786    -3.1327     5.2637 -9.990e-29
 143.463070     13.550    13.5641  36.976842    30.7601     13.429  262.46917  262.62973    -3.0704     5.2192 -9.990e-29
 143.463073     13.563    13.5641  36.972740    30.7563     13.441  262.47610  262.63669    -2.9459     5.9147 -9.990e-29
 143.463076     13.576    13.5640  36.977271    30.7606     13.454  262.46905  262.62959    -2.7747     5.9228 -9.990e-29
 143.463079     13.592    13.5637  36.979475    30.7619     13.470  262.46828  262.62879    -2.9459     5.8743 -9.990e-29
 143.463082     13.623    13.5636  36.978434    30.7616     13.501  262.46934  262.62986    -2.8603     5.9329 0.0000e+00
 143.463084     13.662    13.5635  36.977700    30.7614     13.539  262.47041  262.63092    -2.9459     5.9916 0.0000e+00
 143.463087     13.705    13.5635  36.977271    30.7610     13.582  262.47116  262.63167    -2.9926     6.0158 0.0000e+00
 143.463090     13.747    13.5635  36.977027    30.7609     13.624  262.47116  262.63167    -3.0082     6.0199 0.0000e+00
 143.463093     13.787    13.5635  36.977272    30.7608     13.664  262.47112  262.63164    -3.0160     6.0239 0.0000e+00
 143.463096     13.816    13.5635  36.976415    30.7609     13.692  262.47093  262.63145    -3.0393     6.0320 -9.990e-29
 143.463099     13.835    13.5632  36.975925    30.7599     13.711  262.47468  262.63518    -3.0238     5.3082 -9.990e-29
 143.463102     13.847    13.5629  36.977945    30.7620     13.723  262.47244  262.63291    -2.9459     5.2758 -9.990e-29
 143.463105     13.853    13.5630  36.978864    30.7628     13.728  262.47032  262.63079    -3.0549     5.3365 -9.990e-29
 143.463108     13.853    13.5632  36.977517    30.7614     13.729  262.47201  262.63250    -2.8837     5.3082 -9.990e-29
 143.463111     13.862    13.5631  36.976843    30.7608     13.738  262.47344  262.63393    -1.2650     6.4081 -9.990e-29
 143.463113     13.878    13.5632  36.978435    30.7629     13.754  262.46936  262.62984    -1.1716     6.4242 -9.990e-29
 143.463116     13.904    13.5631  36.979109    30.7628     13.779  262.46992  262.63040    -1.1405     6.4162 0.0000e+00
 143.463119     13.946    13.5630  36.978803    30.7627     13.821  262.47048  262.63095    -1.1716     6.4081 0.0000e+00
 143.463122     13.995    13.5630  36.977946    30.7620     13.870  262.47254  262.63301    -2.8525     5.7409 0.0000e+00
 143.463125     14.052    13.5630  36.976844    30.7620     13.926  262.47254  262.63301    -2.9304     5.7287 0.0000e+00
 143.463128     14.097    13.5630  36.979232    30.7609     13.971  262.47415  262.63463    -2.9459     5.7287 0.0000e+00
 143.463131     14.139    13.5630  36.976171    30.7617     14.012  262.47260  262.63307    -2.9382     5.7186 0.0000e+00
 143.463134     14.165    13.5630  36.978804    30.7602     14.038  262.47505  262.63554    -2.9459     5.7085 -9.990e-29
 143.463137     14.176    13.5628  36.978620    30.7626     14.048  262.47182  262.63227    -2.7125     5.1667 -9.990e-29
 143.463139     14.152    13.5627  36.976600    30.7609     14.025  262.47578  262.63625    -2.6813     5.1869 -9.990e-29
 143.463142     14.119    13.5628  36.978375    30.7624     13.992  262.47219  262.63265    -2.8370     5.2192 -9.990e-29
 143.463145     14.097    13.5628  36.978865    30.7628     13.971  262.47135  262.63180    -2.7436     5.1747 -9.990e-29
 143.463148     14.073    13.5627  36.978865    30.7629     13.947  262.47162  262.63207    -2.7747     5.2799 -9.990e-29
 143.463151     14.066    13.5628  36.976661    30.7608     13.940  262.47504  262.63552    -2.8214     5.2314 -9.990e-29
 143.463154     14.073    13.5629  36.976599    30.7607     13.947  262.47486  262.63534    -2.6346     5.2637 -9.990e-29
 143.463157     14.086    13.5628  36.979538    30.7635     13.960  262.47021  262.63066    -2.8525     5.2435 -9.990e-29
 143.463160     14.115    13.5630  36.976232    30.7636     13.988  262.46926  262.62971    -1.8253     6.0603 -9.990e-29
 143.463163     14.146    13.5630  36.979783    30.7623     14.019  262.47168  262.63215    -1.8954     6.0765 0.0000e+00
 143.463166     14.177    13.5630  36.977090    30.7623     14.050  262.47168  262.63215    -1.8954     6.0765 0.0000e+00
 143.463168     14.204    13.5629  36.975681    30.7611     14.077  262.47411  262.63458    -1.9654     6.0927 -9.990e-29
 143.463171     14.223    13.5627  36.978192    30.7622     14.095  262.47286  262.63332    -2.3701     5.4457 -9.990e-29
 143.463174     14.224    13.5627  36.975131    30.7594     14.097  262.47802  262.63850    -2.1055     5.4093 -9.990e-29
