seaocn-cb/data/ctd_cnv/SBE19plus_01907321_2024_05_28_Cast87.cnv
* Sea-Bird SBE19plus  Data File:
* FileName = E:\Prandtl_Daten\2024\28052024\raw\SBE19plus_01907321_2024_05_28_Cast87.hex
* Software version 2.6.1.12
* Temperature SN = 7321
* Conductivity SN = 7321
* System UpLoad Time = May 28 2024 09:02:03
* <ApplicationData>
* <Seaterm232>
** 20240527
** Sea Practical 2024
** MCat 27.05 CTD_SP1
** NMEA Latitude = 54 7.81N
** NMEA Longitude = 008 46.48E
** waterdepth = 13.0m
** Isabelle
# nquan = 11
# nvalues = 463                         
# units = specified
# name 0 = timeJ: Julian Days
# name 1 = prdM: Pressure, Strain Gauge [db]
# name 2 = tv290C: Temperature [ITS-90, deg C]
# name 3 = c0mS/cm: Conductivity [mS/cm]
# name 4 = sal00: Salinity, Practical [PSU]
# name 5 = depSM: Depth [salt water, m], lat = 54.00
# name 6 = oxsatMm/Kg: Oxygen Saturation, Weiss [umol/kg]
# name 7 = oxsolMm/Kg: Oxygen Saturation, Garcia & Gordon [umol/kg]
# name 8 = turbWETntu0: Turbidity, WET Labs ECO [NTU]
# name 9 = flECO-AFL: Fluorescence, WET Labs ECO-AFL/FL [mg/m^3]
# name 10 = flag:  0.000e+00
# span 0 = 149.372694, 149.374031       
# span 1 =      0.594,     11.957       
# span 2 =    17.9368,    18.5922       
# span 3 =  35.891648,  36.220937       
# span 4 =    26.4092,    26.6500       
# span 5 =      0.588,     11.850       
# span 6 =  244.62253,  247.43055       
# span 7 =  245.04605,  247.82948       
# span 8 =     1.1941,    21.2253       
# span 9 =     2.9346,     7.2208       
# span 10 = 0.0000e+00, 0.0000e+00      
# interval = seconds: 0.25
# start_time = May 28 2024 08:55:22 [Instrument's time stamp, header]
# bad_flag = -9.990e-29
*END*
[from data line 132]
 149.373076      3.965    18.5650  36.218260    26.5113      3.929  244.69706  245.11950     4.0035     3.9880 0.0000e+00
 149.373079      3.990    18.5650  36.217835    26.5113      3.955  244.69706  245.11950     4.0035     3.9880 0.0000e+00
 149.373082      4.018    18.5652  36.218746    26.5110      3.982  244.69672  245.11917     3.9490     3.9859 -9.990e-29
 149.373084      4.032    18.5648  36.216318    26.5101      3.996  244.70033  245.12277     4.5716     3.3308 -9.990e-29
 149.373087      4.054    18.5647  36.217168    26.5108      4.018  244.69952  245.12195     4.5405     3.3672 -9.990e-29
 149.373090      4.073    18.5643  36.217168    26.5111      4.036  244.70110  245.12351     4.5871     3.3308 -9.990e-29
 149.373093      4.095    18.5639  36.217411    26.5115      4.058  244.70204  245.12444     4.6183     3.3470 -9.990e-29
 149.373096      4.116    18.5629  36.216743    26.5120      4.080  244.70615  245.12851     5.1008     3.4158 -9.990e-29
 149.373099      4.142    18.5626  36.217168    26.5122      4.105  244.70698  245.12932     5.0930     3.4017 0.0000e+00
 149.373102      4.168    18.5623  36.217351    26.5124      4.131  244.70780  245.13014     5.0852     3.3875 0.0000e+00
 149.373105      4.199    18.5620  36.218079    26.5132      4.161  244.70810  245.13042     5.0852     3.3875 0.0000e+00
 149.373108      4.230    18.5612  36.217412    26.5132      4.192  244.71183  245.13413     5.0852     3.4158 0.0000e+00
 149.373111      4.270    18.5603  36.218080    26.5143      4.232  244.71398  245.13622     5.7545     3.4198 0.0000e+00
 149.373113      4.307    18.5599  36.219355    26.5156      4.268  244.71441  245.13667     5.7545     3.4198 0.0000e+00
 149.373116      4.342    18.5594  36.220023    26.5164      4.303  244.71499  245.13720     5.7545     3.4158 0.0000e+00
 149.373119      4.373    18.5592  36.220327    26.5167      4.333  244.71574  245.13794     5.7700     3.4017 0.0000e+00
 149.373122      4.402    18.5589  36.218263    26.5170      4.362  244.71648  245.13868     5.8012     3.3875 -9.990e-29
 149.373125      4.422    18.5575  36.216077    26.5144      4.382  244.72719  245.14935     5.5521     3.6179 -9.990e-29
 149.373128      4.438    18.5559  36.214985    26.5146      4.399  244.73431  245.15641     5.5833     3.5977 -9.990e-29
 149.373131      4.455    18.5549  36.218081    26.5177      4.415  244.73395  245.15600     5.5677     3.5977 -9.990e-29
 149.373134      4.473    18.5549  36.219356    26.5188      4.433  244.73226  245.15430     4.1047     3.7190 -9.990e-29
 149.373137      4.493    18.5554  36.218203    26.5175      4.453  244.73192  245.15399     4.0735     3.7231 -9.990e-29
 149.373139      4.515    18.5553  36.218263    26.5189      4.474  244.73007  245.15213     3.9490     3.6948 -9.990e-29
 149.373142      4.542    18.5555  36.219842    26.5191      4.502  244.72901  245.15107     4.2992     3.7352 0.0000e+00
 149.373145      4.573    18.5557  36.220510    26.5189      4.532  244.72794  245.15001     4.5560     3.7756 0.0000e+00
 149.373148      4.602    18.5560  36.220510    26.5189      4.561  244.72670  245.14878     4.6494     3.7797 0.0000e+00
 149.373151      4.639    18.5564  36.220510    26.5186      4.598  244.72670  245.14878     4.5560     3.7797 0.0000e+00
 149.373154      4.670    18.5564  36.218750    26.5172      4.629  244.72720  245.14931     4.6027     3.7797 0.0000e+00
 149.373157      4.703    18.5558  36.218082    26.5170      4.661  244.73061  245.15270     4.6027     3.7716 0.0000e+00
 149.373160      4.730    18.5552  36.216504    26.5168      4.688  244.73387  245.15594     4.8128     3.6180 0.0000e+00
 149.373163      4.756    18.5546  36.214075    26.5165      4.713  244.73712  245.15917     5.0229     3.4400 -9.990e-29
 149.373166      4.780    18.5510  36.218265    26.5203      4.737  244.74798  245.16987     5.1008     3.4562 -9.990e-29
 149.373168      4.800    18.5510  36.217597    26.5197      4.757  244.74888  245.17078     5.0541     3.5209 -9.990e-29
 149.373171      4.820    18.5508  36.217597    26.5199      4.777  244.74951  245.17141     5.3965     3.5209 -9.990e-29
 149.373174      4.844    18.5509  36.220512    26.5222      4.800  244.74532  245.16721     5.2720     3.5371 -9.990e-29
 149.373177      4.873    18.5517  36.220937    26.5219      4.829  244.74163  245.16355     5.2875     3.5411 -9.990e-29
 149.373180      4.893    18.5519  36.220026    26.5191      4.849  244.74548  245.16742     4.7428     3.7514 -9.990e-29
 149.373183      4.920    18.5515  36.217597    26.5194      4.876  244.74650  245.16843     4.7661     3.7433 0.0000e+00
 149.373186      4.946    18.5512  36.217962    26.5198      4.902  244.74752  245.16943     4.7428     3.7473 0.0000e+00
 149.373189      4.973    18.5502  36.219176    26.5213      4.929  244.74967  245.17154     4.7272     3.7473 0.0000e+00
 149.373192      5.002    18.5491  36.218084    26.5215      4.958  244.75522  245.17705     4.7272     3.7473 0.0000e+00
 149.373194      5.033    18.5473  36.217416    26.5219      4.988  244.76240  245.18417     5.1163     3.6665 0.0000e+00
 149.373197      5.061    18.5459  36.217599    26.5219      5.016  244.76719  245.18890     5.1163     3.6058 0.0000e+00
 149.373200      5.092    18.5442  36.213895    26.5229      5.046  244.77843  245.20008     5.1008     3.5896 0.0000e+00
 149.373203      5.119    18.5425  36.216931    26.5233      5.073  244.78066  245.20224     5.1008     3.5896 0.0000e+00
 149.373206      5.152    18.5419  36.214321    26.5239      5.106  244.78476  245.20632     5.1242     3.6078 0.0000e+00
 149.373209      5.178    18.5412  36.215657    26.5233      5.131  244.78887  245.21041     5.1475     3.6260 -9.990e-29
 149.373212      5.199    18.5384  36.214504    26.5252      5.153  244.79868  245.22012     5.3031     3.4158 -9.990e-29
 149.373215      5.221    18.5366  36.214322    26.5262      5.175  244.80521  245.22658     5.4120     3.3996 -9.990e-29
 149.373218      5.241    18.5351  36.214504    26.5273      5.194  244.81062  245.23193     5.4276     3.4077 -9.990e-29
 149.373220      5.254    18.5339  36.213169    26.5269      5.207  244.81649  245.23776     5.2097     3.3915 -9.990e-29
 149.373223      5.274    18.5326  36.214080    26.5285      5.227  244.81999  245.24120     5.3187     3.4400 -9.990e-29
 149.373226      5.296    18.5300  36.213412    26.5291      5.249  244.83121  245.25233     5.2875     3.3955 -9.990e-29
 149.373229      5.323    18.5294  36.212744    26.5282      5.276  244.83548  245.25658     5.6688     3.7110 0.0000e+00
 149.373232      5.356    18.5288  36.209649    26.5291      5.308  244.83975  245.26083     6.0502     4.0223 0.0000e+00
 149.373235      5.398    18.5272  36.210802    26.5293      5.350  244.84419  245.26521     6.0502     4.0264 0.0000e+00
 149.373238      5.433    18.5258  36.210438    26.5299      5.384  244.84971  245.27067     6.0502     4.0627 0.0000e+00
 149.373241      5.467    18.5247  36.209892    26.5299      5.418  244.85422  245.27515     6.0502     4.0627 0.0000e+00
 149.373244      5.500    18.5239  36.207221    26.5295      5.451  244.85884  245.27974     5.3965     4.0526 0.0000e+00
 149.373247      5.528    18.5232  36.207707    26.5289      5.478  244.86345  245.28433     4.6183     4.0425 -9.990e-29
 149.373249      5.550    18.5205  36.208375    26.5316      5.500  244.87166  245.29243     4.4159     3.3389 -9.990e-29
 149.373252      5.572    18.5202  36.209225    26.5324      5.522  244.87147  245.29223     4.3537     3.3308 -9.990e-29
 149.373255      5.586    18.5203  36.210440    26.5334      5.536  244.86954  245.29030     4.2292     3.3591 -9.990e-29
 149.373258      5.597    18.5207  36.210561    26.5332      5.547  244.86813  245.28890     5.8167     3.5815 -9.990e-29
 149.373261      5.614    18.5208  36.207222    26.5305      5.563  244.87229  245.29307     5.7545     3.6179 -9.990e-29
 149.373264      5.634    18.5196  36.208133    26.5316      5.584  244.87574  245.29648     5.7856     3.6382 -9.990e-29
 149.373267      5.661    18.5192  36.207708    26.5310      5.611  244.87905  245.29978     5.6845     3.4319 0.0000e+00
 149.373270      5.698    18.5187  36.205341    26.5307      5.647  244.88237  245.30308     5.6299     3.2257 0.0000e+00
 149.373273      5.733    18.5171  36.204613    26.5307      5.681  244.88900  245.30966     5.6299     3.2055 0.0000e+00
 149.373275      5.771    18.5153  36.205038    26.5322      5.719  244.89504  245.31562     5.6299     3.2055 0.0000e+00
 149.373278      5.800    18.5145  36.204188    26.5324      5.748  244.89860  245.31914     5.6221     3.2216 0.0000e+00
 149.373281      5.833    18.5136  36.203703    26.5325      5.781  244.90215  245.32267     5.5988     3.2419 -9.990e-29
 149.373284      5.857    18.5087  36.198847    26.5317      5.804  244.92664  245.34699     4.8362     3.6907 -9.990e-29
 149.373287      5.884    18.5087  36.199272    26.5317      5.832  244.92664  245.34699     4.8362     3.6907 0.0000e+00
 149.373290      5.912    18.5087  36.199758    26.5317      5.859  244.92664  245.34699     4.8362     3.6907 -9.990e-29
 149.373293      5.935    18.5051  36.198666    26.5335      5.882  244.94065  245.36086     4.9918     3.6584 -9.990e-29
 149.373296      5.952    18.5039  36.197998    26.5337      5.899  244.94563  245.36580     5.2875     3.6786 -9.990e-29
 149.373299      5.968    18.5029  36.196420    26.5331      5.915  244.95151  245.37165     5.1941     3.6422 -9.990e-29
 149.373302      5.985    18.5022  36.198424    26.5351      5.931  244.95135  245.37145     5.1786     3.6826 -9.990e-29
 149.373304      6.008    18.5015  36.196724    26.5342      5.955  244.95614  245.37623     5.3031     3.6746 -9.990e-29
 149.373307      6.030    18.4999  36.195571    26.5339      5.976  244.96392  245.38395     4.4626     3.3591 -9.990e-29
 149.373310      6.060    18.4992  36.195146    26.5330      6.005  244.96899  245.38899     4.4938     3.3531 0.0000e+00
 149.373313      6.101    18.4984  36.191808    26.5322      6.047  244.97405  245.39404     4.5249     3.3591 0.0000e+00
 149.373316      6.132    18.4961  36.188713    26.5311      6.077  244.98636  245.40627     4.5716     3.3632 0.0000e+00
 149.373319      6.167    18.4941  36.186529    26.5306      6.112  244.99652  245.41636     5.3187     3.3713 0.0000e+00
 149.373322      6.202    18.4912  36.181917    26.5301      6.146  245.01337  245.43312     5.3498     3.3632 0.0000e+00
 149.373325      6.236    18.4894  36.180704    26.5294      6.181  245.02094  245.44062     5.3653     3.3632 0.0000e+00
 149.373328      6.262    18.4875  36.179005    26.5301      6.206  245.02850  245.44811     5.4120     3.3551 -9.990e-29
 149.373330      6.280    18.4808  36.178156    26.5323      6.224  245.05608  245.47545     4.4938     3.0721 -9.990e-29
 149.373333      6.295    18.4780  36.176578    26.5328      6.238  245.06824  245.48750     4.5405     3.1044 -9.990e-29
 149.373336      6.306    18.4755  36.173484    26.5319      6.249  245.08149  245.50066     4.7117     3.0963 -9.990e-29
 149.373339      6.320    18.4735  36.171967    26.5319      6.264  245.09074  245.50984     4.4938     3.1044 -9.990e-29
 149.373342      6.342    18.4685  36.170390    26.5312      6.285  245.11546  245.53439     5.5054     3.6220 -9.990e-29
 149.373345      6.370    18.4672  36.167113    26.5307      6.313  245.12268  245.54157     5.5132     3.6180 0.0000e+00
 149.373348      6.402    18.4658  36.163594    26.5301      6.345  245.12991  245.54875     5.5210     3.6220 0.0000e+00
 149.373351      6.448    18.4623  36.158559    26.5292      6.391  245.14923  245.56795     5.5210     3.6139 0.0000e+00
 149.373354      6.476    18.4579  36.156315    26.5282      6.418  245.16824  245.58681     5.5833     3.5694 0.0000e+00
 149.373356      6.512    18.4533  36.148610    26.5292      6.454  245.19521  245.61364     5.7545     3.2945 0.0000e+00
 149.373359      6.540    18.4469  36.147701    26.5292      6.481  245.21966  245.63784     5.8012     3.2823 0.0000e+00
 149.373362      6.571    18.4444  36.148369    26.5311      6.512  245.22832  245.64640     5.8478     3.2702 0.0000e+00
 149.373365      6.598    18.4419  36.144669    26.5330      6.539  245.23698  245.65496     5.8945     3.2823 -9.990e-29
 149.373368      6.622    18.4360  36.141818    26.5314      6.563  245.26712  245.68490     4.5249     3.2338 -9.990e-29
 149.373371      6.638    18.4324  36.140666    26.5328      6.579  245.28185  245.69949     4.3848     3.2419 -9.990e-29
 149.373374      6.655    18.4290  36.137391    26.5323      6.595  245.29848  245.71601     4.4782     3.2540 -9.990e-29
 149.373377      6.673    18.4250  36.134662    26.5327      6.613  245.31690  245.73427     4.6183     3.2500 -9.990e-29
 149.373380      6.693    18.4211  36.132115    26.5331      6.634  245.33444  245.75168     7.1552     3.1529 -9.990e-29
 149.373383      6.713    18.4143  36.128779    26.5344      6.653  245.36398  245.78097     7.4821     3.1772 -9.990e-29
 149.373385      6.741    18.4132  36.128355    26.5351      6.681  245.36791  245.78485     7.4120     3.1731 0.0000e+00
 149.373388      6.774    18.4122  36.128356    26.5358      6.713  245.37184  245.78874     7.3731     3.1691 0.0000e+00
 149.373391      6.805    18.4099  36.127931    26.5358      6.744  245.38058  245.79740     7.3420     3.1691 0.0000e+00
 149.373394      6.840    18.4078  36.124171    26.5368      6.779  245.39349  245.81024     6.0813     3.1974 0.0000e+00
 149.373397      6.871    18.4065  36.125627    26.5368      6.809  245.39625  245.81294     6.0191     3.2217 0.0000e+00
 149.373400      6.904    18.4050  36.123990    26.5372      6.842  245.40380  245.82044     6.0191     3.1974 0.0000e+00
 149.373403      6.933    18.4043  36.125082    26.5376      6.871  245.40558  245.82219     6.0113     3.2136 0.0000e+00
 149.373406      6.962    18.4036  36.124597    26.5385      6.900  245.40736  245.82395     6.0035     3.1934 -9.990e-29
 149.373409      6.984    18.4025  36.122656    26.5373      6.921  245.41472  245.83128     6.2525     3.3430 -9.990e-29
 149.373411      7.008    18.4018  36.121565    26.5368      6.945  245.41871  245.83524     6.2992     3.3470 -9.990e-29
 149.373414      7.026    18.4009  36.120655    26.5366      6.963  245.42308  245.83958     6.3615     3.3591 -9.990e-29
 149.373417      7.042    18.3999  36.118897    26.5359      6.979  245.42921  245.84568     9.1475     4.1881 -9.990e-29
 149.373420      7.068    18.3991  36.121565    26.5385      7.005  245.42846  245.84489     8.8984     4.2002 -9.990e-29
 149.373423      7.086    18.3957  36.119807    26.5378      7.023  245.44544  245.86175     9.0541     4.1719 -9.990e-29
 149.373426      7.112    18.3939  36.118048    26.5379      7.048  245.45382  245.87007     8.5872     3.8666 0.0000e+00
 149.373429      7.141    18.3921  36.115380    26.5380      7.077  245.46221  245.87839     8.3070     3.5694 0.0000e+00
 149.373432      7.174    18.3865  36.111864    26.5387      7.110  245.48735  245.90332     8.2447     3.5613 0.0000e+00
 149.373435      7.205    18.3792  36.110531    26.5423      7.140  245.51550  245.93120     8.3070     3.5290 0.0000e+00
 149.373437      7.239    18.3721  36.108227    26.5450      7.175  245.54465  245.96007     8.2914     3.5290 0.0000e+00
 149.373440      7.272    18.3662  36.105075    26.5462      7.207  245.57023  245.98544     8.4471     3.5371 0.0000e+00
 149.373443      7.309    18.3636  36.105076    26.5479      7.243  245.57981  245.99491     8.4937     3.6624 0.0000e+00
 149.373446      7.338    18.3609  36.101075    26.5496      7.272  245.58938  246.00438     8.6961     3.7878 -9.990e-29
 149.373449      7.360    18.3507  36.100651    26.5526      7.294  245.63268  246.04729     8.6183     3.8120 -9.990e-29
