seaocn-cb/data/ctd_cnv/SBE19plus_01907321_2024_05_28_Cast99.cnv
* Sea-Bird SBE19plus  Data File:
* FileName = E:\Prandtl_Daten\2024\28052024\raw\SBE19plus_01907321_2024_05_28_Cast99.hex
* Software version 2.6.1.12
* Temperature SN = 7321
* Conductivity SN = 7321
* System UpLoad Time = May 28 2024 13:33:33
* <ApplicationData>
* <Seaterm232>
** 20240527
** Sea Practical 2024
** MCat 27.05 CTD_SP7
** NMEA Latitude = 54 8.36N
** NMEA Longitude = 008 20.85E
** waterdepth = 14.6m
** Isabelle
# nquan = 11
# nvalues = 521                         
# units = specified
# name 0 = timeJ: Julian Days
# name 1 = prdM: Pressure, Strain Gauge [db]
# name 2 = tv290C: Temperature [ITS-90, deg C]
# name 3 = c0mS/cm: Conductivity [mS/cm]
# name 4 = sal00: Salinity, Practical [PSU]
# name 5 = depSM: Depth [salt water, m], lat = 54.00
# name 6 = oxsatMm/Kg: Oxygen Saturation, Weiss [umol/kg]
# name 7 = oxsolMm/Kg: Oxygen Saturation, Garcia & Gordon [umol/kg]
# name 8 = turbWETntu0: Turbidity, WET Labs ECO [NTU]
# name 9 = flECO-AFL: Fluorescence, WET Labs ECO-AFL/FL [mg/m^3]
# name 10 = flag:  0.000e+00
# span 0 = 149.561415, 149.562920       
# span 1 =      0.284,     14.092       
# span 2 =    14.7822,    17.1239       
# span 3 =  37.332984,  38.010071       
# span 4 =    28.7946,    30.7313       
# span 5 =      0.282,     13.966       
# span 6 =  247.70764,  256.08549       
# span 7 =  248.06181,  256.31478       
# span 8 =    -4.9381,    10.2369       
# span 9 =     1.4910,     8.6887       
# span 10 = 0.0000e+00, 0.0000e+00      
# interval = seconds: 0.25
# start_time = May 28 2024 13:26:10 [Instrument's time stamp, header]
# bad_flag = -9.990e-29
*END*
[from data line 394]
 149.562555     10.817    14.7848  38.002015    30.7240     10.720  256.08003  256.30946    -0.3467     7.6980 -9.990e-29
 149.562558     10.841    14.7847  38.002511    30.7245     10.744  256.07984  256.30925    -0.3934     7.7505 -9.990e-29
 149.562561     10.857    14.7847  38.003377    30.7253     10.760  256.07848  256.30788    -0.4712     7.6980 -9.990e-29
 149.562564     10.865    14.7845  38.004863    30.7268     10.767  256.07670  256.30609    -0.5490     7.7142 -9.990e-29
 149.562567     10.877    14.7848  38.005173    30.7269     10.780  256.07535  256.30475    -0.5335     6.9782 -9.990e-29
 149.562569     10.886    14.7847  38.002696    30.7247     10.789  256.07957  256.30899    -0.2689     6.9944 -9.990e-29
 149.562572     10.908    14.7846  38.004863    30.7270     10.811  256.07597  256.30536    -0.3311     6.9984 -9.990e-29
 149.562575     10.936    14.7846  38.005173    30.7270     10.838  256.07583  256.30522    -0.3467     7.0106 0.0000e+00
 149.562578     10.963    14.7846  38.005359    30.7271     10.865  256.07569  256.30508    -0.3311     7.0227 0.0000e+00
 149.562581     10.999    14.7846  38.005854    30.7271     10.901  256.07569  256.30508     0.3848     8.0983 0.0000e+00
 149.562584     11.036    14.7845  38.004245    30.7275     10.937  256.07486  256.30423     0.4159     8.1145 0.0000e+00
 149.562587     11.071    14.7845  38.006288    30.7263     10.971  256.07808  256.30747     0.3848     8.1145 0.0000e+00
 149.562590     11.102    14.7844  38.004245    30.7279     11.002  256.07674  256.30610     0.4159     8.1023 0.0000e+00
 149.562593     11.136    14.7842  38.005855    30.7279     11.037  256.07674  256.30610     0.4626     7.0672 0.0000e+00
 149.562595     11.171    14.7841  38.007650    30.7288     11.071  256.07576  256.30511     0.5404     7.0652 0.0000e+00
 149.562598     11.204    14.7839  38.003564    30.7297     11.103  256.07478  256.30411     0.6183     7.0672 -9.990e-29
 149.562601     11.229    14.7844  38.006474    30.7282     11.129  256.07496  256.30432     0.4782     7.0712 -9.990e-29
 149.562604     11.246    14.7848  38.005607    30.7271     11.145  256.07490  256.30429     0.3537     6.8043 -9.990e-29
 149.562607     11.259    14.7845  38.006969    30.7285     11.158  256.07361  256.30298     0.2292     6.8084 -9.990e-29
 149.562610     11.277    14.7837  38.003936    30.7265     11.176  256.08161  256.31095     0.2914     6.8003 -9.990e-29
 149.562613     11.292    14.7828  38.005174    30.7269     11.190  256.08549  256.31478     2.1124     7.7869 -9.990e-29
 149.562616     11.321    14.7827  38.003689    30.7280     11.219  256.08435  256.31363     2.1357     7.7768 0.0000e+00
 149.562619     11.348    14.7825  38.005856    30.7291     11.247  256.08322  256.31248     2.1124     7.7667 0.0000e+00
 149.562622     11.381    14.7825  38.006289    30.7291     11.279  256.08227  256.31153     2.0502     7.7667 0.0000e+00
 149.562624     11.412    14.7829  38.006041    30.7291     11.310  256.08153  256.31081     2.0502     7.7667 0.0000e+00
 149.562627     11.441    14.7832  38.006475    30.7290     11.339  256.08153  256.31081     2.0502     7.7667 0.0000e+00
 149.562630     11.479    14.7833  38.004927    30.7281     11.377  256.08065  256.30996     1.1630     7.2087 0.0000e+00
 149.562633     11.518    14.7833  38.005547    30.7280     11.415  256.08125  256.31056     1.0541     7.2047 0.0000e+00
 149.562636     11.549    14.7833  38.005361    30.7281     11.445  256.08095  256.31026     1.1086     7.1925 0.0000e+00
 149.562639     11.580    14.7832  38.008147    30.7280     11.476  256.08125  256.31056     1.0541     7.1763 -9.990e-29
 149.562642     11.602    14.7835  38.004928    30.7273     11.498  256.08082  256.31015     0.6805     7.2572 -9.990e-29
 149.562645     11.620    14.7838  38.005361    30.7276     11.516  256.07928  256.30862     0.9296     7.2451 -9.990e-29
 149.562648     11.640    14.7838  38.007218    30.7292     11.536  256.07634  256.30567     0.8829     7.2168 -9.990e-29
 149.562650     11.666    14.7836  38.006290    30.7285     11.561  256.07841  256.30773     0.9451     7.2532 -9.990e-29
 149.562653     11.689    14.7838  38.007652    30.7295     11.585  256.07580  256.30513     0.3848     7.7061 -9.990e-29
 149.562656     11.717    14.7838  38.007590    30.7295     11.612  256.07580  256.30513     0.3848     7.7061 0.0000e+00
 149.562659     11.742    14.7838  38.007838    30.7295     11.637  256.07580  256.30513     0.3848     7.7061 -9.990e-29
 149.562662     11.762    14.7843  38.005795    30.7275     11.657  256.07666  256.30603     0.3537     7.7061 -9.990e-29
 149.562665     11.775    14.7844  38.007838    30.7292     11.670  256.07314  256.30250     0.5560     8.2520 -9.990e-29
 149.562668     11.788    14.7844  38.006971    30.7285     11.682  256.07452  256.30389     0.5249     8.2479 -9.990e-29
 149.562671     11.806    14.7843  38.004619    30.7264     11.701  256.07855  256.30793     0.5249     8.2560 -9.990e-29
 149.562674     11.824    14.7841  38.005609    30.7275     11.719  256.07786  256.30721     0.5716     8.2560 -9.990e-29
 149.562677     11.848    14.7837  38.007652    30.7297     11.742  256.07580  256.30512     0.4315     7.7748 -9.990e-29
 149.562679     11.876    14.7839  38.007838    30.7298     11.769  256.07475  256.30408     0.4237     7.7748 0.0000e+00
 149.562682     11.909    14.7841  38.008272    30.7297     11.802  256.07580  256.30512     0.4315     7.7748 0.0000e+00
 149.562685     11.952    14.7841  38.006477    30.7298     11.845  256.07490  256.30422     0.4159     7.7748 0.0000e+00
 149.562688     12.000    14.7838  38.008272    30.7300     11.892  256.07490  256.30422     0.5093     7.7748 0.0000e+00
 149.562691     12.051    14.7838  38.008396    30.7300     11.943  256.07490  256.30422     0.4159     6.5455 0.0000e+00
 149.562694     12.104    14.7832  38.007158    30.7294     11.995  256.07875  256.30805     0.3226     6.5455 0.0000e+00
 149.562697     12.147    14.7832  38.005858    30.7290     12.039  256.08075  256.31004     0.3226     6.5415 0.0000e+00
 149.562700     12.186    14.7830  38.006478    30.7290     12.077  256.08075  256.31004     0.3537     6.5415 0.0000e+00
 149.562703     12.211    14.7830  38.008087    30.7297     12.102  256.07977  256.30905     0.3692     6.4465 0.0000e+00
 149.562705     12.237    14.7829  38.007406    30.7305     12.127  256.07879  256.30806     0.3537     6.3514 -9.990e-29
 149.562708     12.252    14.7829  38.006292    30.7289     12.142  256.08166  256.31094     0.3692     6.3555 -9.990e-29
 149.562711     12.264    14.7829  38.007592    30.7300     12.154  256.07932  256.30859     0.5249     6.3353 -9.990e-29
 149.562714     12.266    14.7830  38.007654    30.7300     12.156  256.07894  256.30821     0.5249     7.0550 -9.990e-29
 149.562717     12.268    14.7832  38.007840    30.7300     12.158  256.07778  256.30707     0.2759     7.0995 -9.990e-29
 149.562720     12.271    14.7832  38.008707    30.7307     12.162  256.07640  256.30569     0.3226     7.0914 -9.990e-29
 149.562723     12.275    14.7832  38.004868    30.7273     12.165  256.08249  256.31181     0.2603     7.0591 -9.990e-29
 149.562726     12.282    14.7833  38.006973    30.7291     12.172  256.07887  256.30817     0.2292     7.0672 -9.990e-29
 149.562729     12.297    14.7832  38.007902    30.7300     12.187  256.07770  256.30699     0.6961     7.2653 -9.990e-29
 149.562731     12.321    14.7829  38.007592    30.7298     12.210  256.07996  256.30923     0.8829     7.2734 -9.990e-29
 149.562734     12.350    14.7829  38.007407    30.7300     12.239  256.07958  256.30885     0.8206     7.2613 0.0000e+00
 149.562737     12.388    14.7829  38.007902    30.7298     12.277  256.07996  256.30923     0.7584     7.2491 0.0000e+00
 149.562740     12.434    14.7831  38.006045    30.7302     12.323  256.07920  256.30846     0.3537     7.1885 0.0000e+00
 149.562743     12.487    14.7831  38.008088    30.7302     12.375  256.07810  256.30738     0.3537     7.1804 0.0000e+00
 149.562746     12.542    14.7830  38.008398    30.7302     12.429  256.07810  256.30738     0.3537     7.1885 0.0000e+00
 149.562749     12.595    14.7829  38.007408    30.7305     12.482  256.07858  256.30784     0.3537     7.1602 0.0000e+00
 149.562752     12.649    14.7829  38.008398    30.7298     12.536  256.08011  256.30938     2.2992     6.3029 0.0000e+00
 149.562755     12.691    14.7828  38.005179    30.7293     12.578  256.08157  256.31084     2.3148     6.2847 0.0000e+00
 149.562758     12.726    14.7826  38.008275    30.7279     12.612  256.08457  256.31385     2.3303     6.2665 -9.990e-29
 149.562760     12.746    14.7822  38.006480    30.7294     12.632  256.08428  256.31351     2.2836     6.3151 -9.990e-29
 149.562763     12.768    14.7822  38.008523    30.7312     12.653  256.08105  256.31027     2.1591     6.7275 -9.990e-29
 149.562766     12.781    14.7822  38.006727    30.7296     12.666  256.08362  256.31286     1.9412     6.7032 -9.990e-29
 149.562769     12.793    14.7825  38.005799    30.7285     12.679  256.08423  256.31349     2.0191     6.7356 -9.990e-29
 149.562772     12.808    14.7823  38.007409    30.7301     12.693  256.08227  256.31151     2.0657     6.7396 -9.990e-29
 149.562775     12.819    14.7824  38.007904    30.7305     12.704  256.08120  256.31044     2.0035     6.7599 -9.990e-29
 149.562778     12.830    14.7827  38.007161    30.7296     12.715  256.08123  256.31050     3.7467     8.1145 -9.990e-29
 149.562781     12.835    14.7828  38.008090    30.7303     12.720  256.07947  256.30873     3.8401     8.0983 -9.990e-29
 149.562784     12.844    14.7829  38.004623    30.7271     12.729  256.08440  256.31370     3.7000     8.1306 -9.990e-29
 149.562786     12.857    14.7832  38.009204    30.7310     12.742  256.07628  256.30555     3.7622     8.0983 -9.990e-29
 149.562789     12.877    14.7838  38.007656    30.7313     12.762  256.07263  256.30193     2.5171     7.9082 -9.990e-29
 149.562792     12.906    14.7838  38.010071    30.7304     12.790  256.07407  256.30338     2.6105     7.8981 0.0000e+00
 149.562795     12.946    14.7838  38.008090    30.7305     12.830  256.07263  256.30193     2.6261     7.9082 0.0000e+00
 149.562798     12.988    14.7842  38.009576    30.7295     12.872  256.07550  256.30483     2.6261     7.8880 0.0000e+00
 149.562801     13.036    14.7842  38.005366    30.7275     12.919  256.07700  256.30636     1.8167     7.4149 0.0000e+00
 149.562804     13.092    14.7842  38.006295    30.7271     12.975  256.07873  256.30809     1.7856     7.4149 0.0000e+00
 149.562807     13.143    14.7838  38.005552    30.7275     13.026  256.07700  256.30636     1.7856     7.4149 0.0000e+00
 149.562810     13.187    14.7838  38.007595    30.7281     13.069  256.07819  256.30753     1.7856     7.4068 0.0000e+00
 149.562813     13.222    14.7838  38.009329    30.7290     13.103  256.07673  256.30606     1.8790     7.3987 -9.990e-29
 149.562815     13.244    14.7836  38.006977    30.7285     13.125  256.07832  256.30765     1.8478     6.7841 -9.990e-29
 149.562818     13.257    14.7835  38.007162    30.7288     13.138  256.07833  256.30764     1.8478     6.7882 -9.990e-29
 149.562821     13.259    14.7835  38.008834    30.7303     13.140  256.07597  256.30526     1.7856     6.7962 -9.990e-29
 149.562824     13.262    14.7835  38.008524    30.7300     13.143  256.07646  256.30576     1.7856     6.8084 -9.990e-29
 149.562827     13.270    14.7832  38.008834    30.7305     13.151  256.07684  256.30612     3.0619     8.6846 -9.990e-29
 149.562830     13.288    14.7834  38.008524    30.7301     13.169  256.07676  256.30606     3.0930     8.6887 -9.990e-29
 149.562833     13.312    14.7834  38.007596    30.7278     13.193  256.08073  256.31004     3.0619     8.6806 -9.990e-29
 149.562836     13.347    14.7831  38.006048    30.7289     13.227  256.07999  256.30928     2.8829     8.0801 0.0000e+00
 149.562839     13.385    14.7831  38.008092    30.7300     13.265  256.07924  256.30852     2.8751     7.4796 0.0000e+00
 149.562841     13.432    14.7831  38.009639    30.7300     13.312  256.07786  256.30716     2.7039     7.4594 0.0000e+00
 149.562844     13.474    14.7832  38.007906    30.7304     13.353  256.07705  256.30633     2.7506     7.4331 0.0000e+00
 149.562847     13.500    14.7834  38.006978    30.7295     13.379  256.07786  256.30716     2.6261     7.4594 -9.990e-29
 149.562850     13.523    14.7835  38.006978    30.7285     13.402  256.07879  256.30811     1.6611     6.8650 -9.990e-29
 149.562853     13.538    14.7836  38.007411    30.7288     13.417  256.07782  256.30714     1.5521     6.8650 -9.990e-29
 149.562856     13.544    14.7836  38.008525    30.7298     13.422  256.07606  256.30537     1.5988     6.8569 -9.990e-29
 149.562859     13.553    14.7837  38.008587    30.7298     13.431  256.07568  256.30499     1.6922     6.8407 -9.990e-29
 149.562862     13.565    14.7839  38.008711    30.7297     13.444  256.07462  256.30395     1.0229     7.9082 -9.990e-29
 149.562865     13.587    14.7835  38.007225    30.7297     13.466  256.07708  256.30638     1.1008     7.9082 -9.990e-29
 149.562867     13.624    14.7833  38.008278    30.7300     13.502  256.07748  256.30676     1.1786     7.9021 0.0000e+00
 149.562870     13.675    14.7832  38.008712    30.7304     13.552  256.07708  256.30638     1.1008     7.9002 0.0000e+00
 149.562873     13.724    14.7832  38.009764    30.7307     13.601  256.07570  256.30499     0.8206     7.8961 0.0000e+00
 149.562876     13.775    14.7832  38.009393    30.7307     13.651  256.07570  256.30499     0.5560     6.2423 0.0000e+00
 149.562879     13.826    14.7832  38.008093    30.7301     13.702  256.07760  256.30689     0.5560     6.2382 0.0000e+00
 149.562882     13.862    14.7832  38.008588    30.7298     13.738  256.07799  256.30728     0.5638     6.2402 0.0000e+00
 149.562885     13.888    14.7832  38.007598    30.7301     13.764  256.07760  256.30689     0.5716     6.2382 -9.990e-29
 149.562888     13.906    14.7831  38.006484    30.7283     13.782  256.08155  256.31084     0.2914     7.0995 -9.990e-29
 149.562891     13.915    14.7832  38.008527    30.7300     13.791  256.07802  256.30731     0.2292     7.0389 -9.990e-29
 149.562894     13.913    14.7829  38.007412    30.7293     13.789  256.08094  256.31022     0.1513     7.0631 -9.990e-29
 149.562896     13.910    14.7826  38.007908    30.7299     13.785  256.08102  256.31028     0.4938     7.0672 -9.990e-29
 149.562899     13.910    14.7827  38.007412    30.7294     13.785  256.08152  256.31078     0.3381     6.4081 -9.990e-29
 149.562902     13.926    14.7828  38.008403    30.7283     13.801  256.08303  256.31231     0.4626     6.4323 -9.990e-29
 149.562905     13.955    14.7828  38.006298    30.7299     13.830  256.08038  256.30965     0.4082     6.4465 0.0000e+00
 149.562908     13.985    14.7828  38.009827    30.7307     13.859  256.07807  256.30734     0.4626     6.4606 0.0000e+00
 149.562911     14.017    14.7829  38.009084    30.7308     13.892  256.07774  256.30698     1.0385     6.6628 0.0000e+00
 149.562914     14.050    14.7830  38.009394    30.7308     13.924  256.07754  256.30682     1.1708     6.6769 0.0000e+00
 149.562917     14.078    14.7831  38.008094    30.7308     13.952  256.07702  256.30630     1.0385     6.6911 -9.990e-29
 149.562920     14.092    14.7830  38.007661    30.7293     13.966  256.08009  256.30937     1.1630     6.6830 -9.990e-29
