seaocn-cb/data/ctd_cnv/SBE19plus_01907321_2024_05_24_Cast40.cnv
* Sea-Bird SBE19plus  Data File:
* FileName = E:\Prandtl_Daten\2024\CTD\raw\SBE19plus_01907321_2024_05_24_Cast40.hex
* Software version 2.6.1.12
* Temperature SN = 7321
* Conductivity SN = 7321
* System UpLoad Time = May 24 2024 10:00:08
* <ApplicationData>
* <Seaterm232>
** 20240524
** Sea Practical 2024
** MCat 24.05 CTD_Z4
** NMEA Latitude = 054 03.026N
** NMEA Longitude = 008 24.465E
** waterdepth = 15.5m
** Isabelle
# nquan = 11
# nvalues = 510                         
# units = specified
# name 0 = timeJ: Julian Days
# name 1 = prdM: Pressure, Strain Gauge [db]
# name 2 = tv290C: Temperature [ITS-90, deg C]
# name 3 = c0mS/cm: Conductivity [mS/cm]
# name 4 = sal00: Salinity, Practical [PSU]
# name 5 = depSM: Depth [salt water, m], lat = 54.00
# name 6 = oxsatMm/Kg: Oxygen Saturation, Weiss [umol/kg]
# name 7 = oxsolMm/Kg: Oxygen Saturation, Garcia & Gordon [umol/kg]
# name 8 = turbWETntu0: Turbidity, WET Labs ECO [NTU]
# name 9 = flECO-AFL: Fluorescence, WET Labs ECO-AFL/FL [mg/m^3]
# name 10 = flag:  0.000e+00
# span 0 = 145.412821, 145.414294       
# span 1 =      0.524,     14.387       
# span 2 =    14.3632,    14.9894       
# span 3 =  36.756002,  36.858583       
# span 4 =    29.4554,    30.0141       
# span 5 =      0.519,     14.258       
# span 6 =  257.25428,  259.54922       
# span 7 =  257.50475,  259.76214       
# span 8 =    -3.9888,    76.2759       
# span 9 =     3.5068,     8.1064       
# span 10 = 0.0000e+00, 0.0000e+00      
# interval = seconds: 0.25
# start_time = May 24 2024 09:53:14 [Instrument's time stamp, header]
# bad_flag = -9.990e-29
*END*
[from data line 132]
 145.413203      4.330    14.8332  36.791402    29.6035      4.291  257.81157  258.05282    -0.6113     6.7477 -9.990e-29
 145.413206      4.346    14.8336  36.788042    29.6002      4.307  257.81514  258.05644    -0.4245     6.7639 -9.990e-29
 145.413209      4.364    14.8316  36.794274    29.6073      4.325  257.81325  258.05438     0.5249     6.9014 -9.990e-29
 145.413212      4.386    14.8192  36.795925    29.6178      4.347  257.85923  258.09963     0.6027     6.9337 -9.990e-29
 145.413215      4.417    14.8160  36.795498    29.6212      4.378  257.86976  258.10997     0.5949     6.9459 0.0000e+00
 145.413218      4.450    14.8128  36.797699    29.6246      4.410  257.88029  258.12031     0.6027     6.9580 0.0000e+00
 145.413220      4.483    14.8073  36.802893    29.6334      4.443  257.89334  258.13300     1.6611     7.0389 0.0000e+00
 145.413223      4.523    14.7981  36.805583    29.6427      4.483  257.92455  258.16365     1.8945     7.0389 0.0000e+00
 145.413226      4.563    14.7850  36.811207    29.6578      4.522  257.96645  258.20474     1.6611     7.0308 0.0000e+00
 145.413229      4.596    14.7701  36.808948    29.6671      4.555  258.02766  258.26509     1.6611     7.0308 0.0000e+00
 145.413232      4.629    14.7638  36.811455    29.6730      4.587  258.05019  258.28724     0.9763     7.0773 0.0000e+00
 145.413235      4.656    14.7574  36.812128    29.6789      4.614  258.07271  258.30938     0.2914     7.1238 -9.990e-29
 145.413238      4.678    14.7454  36.811212    29.6879      4.636  258.11977  258.35574     0.0891     6.6507 -9.990e-29
 145.413241      4.694    14.7443  36.809868    29.6875      4.652  258.12606  258.36197     0.0580     6.6224 -9.990e-29
 145.413244      4.711    14.7415  36.811885    29.6914      4.669  258.13348  258.36922     0.1202     6.7113 -9.990e-29
 145.413247      4.731    14.7402  36.808524    29.6885      4.689  258.14534  258.38104    -0.8759     6.3474 -9.990e-29
 145.413249      4.757    14.7406  36.807608    29.6894      4.714  258.14183  258.37754    -0.7125     6.3373 0.0000e+00
 145.413252      4.790    14.7410  36.810174    29.6892      4.747  258.13832  258.37404    -0.7047     6.3474 0.0000e+00
 145.413255      4.822    14.7422  36.810113    29.6892      4.779  258.13372  258.36951    -0.5957     6.3878 0.0000e+00
 145.413258      4.863    14.7446  36.806080    29.6838      4.819  258.13102  258.36698    -0.7047     6.7962 0.0000e+00
 145.413261      4.899    14.7492  36.802657    29.6772      4.855  258.11877  258.35503    -0.6113     6.8043 0.0000e+00
 145.413264      4.938    14.7547  36.803085    29.6734      4.894  258.09656  258.33314    -0.6580     6.8205 0.0000e+00
 145.413267      4.971    14.7566  36.805406    29.6730      4.926  258.08749  258.32417    -0.6346     6.8286 0.0000e+00
 145.413270      5.000    14.7585  36.803817    29.6726      4.955  258.07842  258.31520    -0.6580     6.8367 -9.990e-29
 145.413273      5.023    14.7625  36.804795    29.6689      4.978  258.06377  258.30079     0.3226     6.9580 -9.990e-29
 145.413275      5.051    14.7647  36.805161    29.6676      5.006  258.05464  258.29179     0.4471     7.0106 -9.990e-29
 145.413278      5.076    14.7663  36.803573    29.6649      5.031  258.05098  258.28824     0.4159     7.0025 -9.990e-29
 145.413281      5.100    14.7671  36.801984    29.6629      5.054  258.05057  258.28788    -0.2378     7.0025 -9.990e-29
 145.413284      5.127    14.7673  36.801556    29.6624      5.081  258.05068  258.28800    -1.3584     6.7315 -9.990e-29
 145.413287      5.151    14.7694  36.801128    29.6619      5.105  258.04040  258.27784    -1.3739     6.6507 -9.990e-29
 145.413290      5.184    14.7704  36.802839    29.6597      5.137  258.03919  258.27670    -1.3272     6.6871 0.0000e+00
 145.413293      5.217    14.7713  36.799723    29.6576      5.170  258.03799  258.27557    -1.3739     6.7235 0.0000e+00
 145.413296      5.246    14.7737  36.798867    29.6551      5.199  258.03022  258.26794    -1.7475     7.1763 0.0000e+00
 145.413299      5.277    14.7772  36.800272    29.6536      5.230  258.01441  258.25233    -1.8564     7.2047 0.0000e+00
 145.413302      5.304    14.7798  36.801127    29.6528      5.257  258.00302  258.24109    -1.8097     7.2006 0.0000e+00
 145.413304      5.330    14.7809  36.802472    29.6524      5.282  258.00061  258.23883    -1.8097     7.2047 0.0000e+00
 145.413307      5.355    14.7819  36.797461    29.6475      5.307  257.99677  258.23488    -1.4829     7.3219 0.0000e+00
 145.413310      5.381    14.7829  36.798866    29.6474      5.332  257.99566  258.23393    -1.4129     7.3240 0.0000e+00
 145.413313      5.410    14.7839  36.793000    29.6472      5.361  257.99071  258.22904    -1.3428     7.3219 -9.990e-29
 145.413316      5.435    14.7923  36.795138    29.6375      5.387  257.96447  258.20331    -1.2961     7.3462 -9.990e-29
 145.413319      5.457    14.8001  36.795260    29.6299      5.408  257.93737  258.17667     1.3654     7.1763 -9.990e-29
 145.413322      5.483    14.8008  36.793243    29.6311      5.434  257.93170  258.17103     1.2954     7.1642 0.0000e+00
 145.413325      5.508    14.8007  36.797032    29.6322      5.459  257.92604  258.16540     1.3342     7.1763 0.0000e+00
 145.413328      5.535    14.8007  36.798804    29.6343      5.486  257.92604  258.16540     1.3187     7.1561 0.0000e+00
 145.413330      5.570    14.7972  36.801310    29.6392      5.520  257.93554  258.17462     1.3187     7.2208 0.0000e+00
 145.413333      5.605    14.7916  36.800638    29.6429      5.555  257.95820  258.19696     0.3692     7.1683 0.0000e+00
 145.413336      5.643    14.7878  36.801983    29.6470      5.593  257.97085  258.20938     0.3537     7.1723 0.0000e+00
 145.413339      5.680    14.7829  36.803573    29.6521      5.629  257.98726  258.22549     0.3537     7.1723 0.0000e+00
 145.413342      5.718    14.7757  36.803818    29.6578      5.667  258.01466  258.25247     0.4315     7.1723 0.0000e+00
 145.413345      5.757    14.7698  36.807180    29.6653      5.705  258.03237  258.26981     1.7078     6.7882 0.0000e+00
 145.413348      5.790    14.7649  36.806508    29.6684      5.738  258.05236  258.28952     1.8945     6.7841 0.0000e+00
 145.413351      5.824    14.7617  36.806937    29.6712      5.772  258.06411  258.30107     1.7856     6.7882 0.0000e+00
 145.413354      5.852    14.7607  36.807609    29.6723      5.799  258.06772  258.30461     1.8401     6.8246 0.0000e+00
 145.413356      5.881    14.7596  36.807182    29.6734      5.828  258.07132  258.30815     1.7856     6.8650 -9.990e-29
 145.413359      5.899    14.7560  36.808099    29.6765      5.846  258.08416  258.32078     1.0541     6.9095 -9.990e-29
 145.413362      5.919    14.7535  36.807610    29.6780      5.866  258.09469  258.33117     1.2875     6.8650 -9.990e-29
 145.413365      5.939    14.7507  36.807183    29.6798      5.886  258.10631  258.34262     1.2097     6.8488 -9.990e-29
 145.413368      5.957    14.7476  36.809444    29.6842      5.904  258.11482  258.35094     2.0502     6.8650 -9.990e-29
 145.413371      5.983    14.7445  36.810789    29.6877      5.929  258.12451  258.36043     1.9879     6.9054 -9.990e-29
 145.413374      6.005    14.7412  36.809690    29.6892      5.951  258.13897  258.37471     2.0969     6.9054 -9.990e-29
 145.413377      6.029    14.7381  36.810790    29.6926      5.975  258.14933  258.38488     1.9568     6.8650 -9.990e-29
 145.413380      6.054    14.7352  36.811035    29.6950      6.000  258.16017  258.39555     2.0657     6.8205 -9.990e-29
 145.413383      6.076    14.7316  36.810546    29.6989      6.022  258.17193  258.40709     1.1163     7.4554 -9.990e-29
 145.413385      6.101    14.7320  36.812380    29.6994      6.047  258.16920  258.40437     1.0696     7.4473 0.0000e+00
 145.413388      6.129    14.7323  36.814152    29.6989      6.074  258.16647  258.40165     1.0852     7.4473 0.0000e+00
 145.413391      6.160    14.7336  36.813174    29.6981      6.105  258.16303  258.39830     1.0852     7.4473 0.0000e+00
 145.413394      6.196    14.7342  36.811891    29.6970      6.141  258.16215  258.39747     2.3148     7.5767 0.0000e+00
 145.413397      6.225    14.7342  36.812564    29.6970      6.170  258.16215  258.39747     2.3459     7.5807 0.0000e+00
 145.413400      6.256    14.7332  36.812747    29.6978      6.201  258.16525  258.40049     2.3615     7.5767 0.0000e+00
 145.413403      6.287    14.7318  36.811464    29.6980      6.231  258.17262  258.40780     2.3459     7.5726 0.0000e+00
 145.413406      6.327    14.7301  36.811464    29.6992      6.271  258.17944  258.41451     1.3654     7.5726 0.0000e+00
 145.413409      6.366    14.7280  36.811465    29.7008      6.309  258.18772  258.42267     1.2408     7.5767 0.0000e+00
 145.413411      6.408    14.7264  36.813910    29.7042      6.350  258.19005  258.42489     1.3654     7.5807 0.0000e+00
 145.413414      6.452    14.7256  36.813482    29.7044      6.394  258.19371  258.42851     1.4587     7.5767 0.0000e+00
 145.413417      6.497    14.7245  36.812749    29.7045      6.439  258.19904  258.43378     2.0035     6.5779 0.0000e+00
 145.413420      6.532    14.7221  36.814399    29.7078      6.473  258.20587  258.44046     2.1280     6.5779 0.0000e+00
 145.413423      6.563    14.7204  36.816417    29.7100      6.504  258.21106  258.44553     2.1747     6.5698 0.0000e+00
 145.413426      6.592    14.7186  36.816417    29.7123      6.533  258.21625  258.45061     2.1280     6.5779 -9.990e-29
 145.413429      6.614    14.7138  36.815501    29.7151      6.555  258.23604  258.47013     2.0502     6.4930 -9.990e-29
 145.413432      6.627    14.7115  36.815501    29.7169      6.567  258.24519  258.47914     3.0307     7.1602 -9.990e-29
 145.413435      6.636    14.7085  36.817274    29.7207      6.576  258.25388  258.48764     2.9685     7.1966 -9.990e-29
 145.413437      6.641    14.7054  36.816174    29.7221      6.582  258.26773  258.50132     2.8284     7.1278 -9.990e-29
 145.413440      6.649    14.7039  36.817336    29.7243      6.589  258.27149  258.50498     2.8284     7.2127 -9.990e-29
 145.413443      6.659    14.7017  36.817703    29.7263      6.600  258.27947  258.51282     2.2214     7.9972 -9.990e-29
 145.413446      6.672    14.6981  36.815992    29.7276      6.613  258.29580  258.52895     2.4237     7.9689 -9.990e-29
 145.413449      6.700    14.6981  36.816175    29.7284      6.640  258.29459  258.52773     2.3459     7.9810 0.0000e+00
 145.413452      6.727    14.6981  36.817887    29.7292      6.667  258.29338  258.52651     2.4237     7.9689 0.0000e+00
 145.413455      6.761    14.6987  36.818926    29.7297      6.701  258.28938  258.52255     4.7272     7.8314 0.0000e+00
 145.413458      6.802    14.6987  36.820454    29.7310      6.741  258.28938  258.52255     4.7584     7.8314 0.0000e+00
 145.413461      6.840    14.6943  36.820454    29.7344      6.779  258.30410  258.53699     4.7584     7.8152 0.0000e+00
 145.413464      6.880    14.6890  36.823083    29.7407      6.819  258.32027  258.55284     4.7584     7.8152 0.0000e+00
 145.413466      6.922    14.6803  36.824979    29.7491      6.860  258.35089  258.58293     5.2564     7.4756 0.0000e+00
 145.413469      6.971    14.6676  36.827915    29.7614      6.909  258.39547  258.62673     5.2564     7.4756 0.0000e+00
 145.413472      7.012    14.6526  36.829750    29.7745      6.949  258.45063  258.68099     5.2564     7.4756 0.0000e+00
 145.413475      7.046    14.6407  36.832441    29.7861      6.983  258.49262  258.72225     5.2564     7.4837 0.0000e+00
 145.413478      7.083    14.6295  36.831526    29.7938      7.019  258.53743  258.76640     5.3498     7.4149 0.0000e+00
 145.413481      7.119    14.6184  36.830183    29.8011      7.056  258.58262  258.81094     5.3498     6.6628 0.0000e+00
 145.413484      7.159    14.6138  36.828350    29.8029      7.095  258.60279  258.83081     5.3498     6.6628 0.0000e+00
 145.413487      7.189    14.6138  36.829939    29.8035      7.124  258.60279  258.83081     5.3809     6.6749 0.0000e+00
 145.413490      7.219    14.6136  36.829083    29.8041      7.155  258.60231  258.83035     5.3575     6.6871 0.0000e+00
 145.413492      7.245    14.6139  36.829939    29.8035      7.180  258.60182  258.82989     5.3809     6.6992 -9.990e-29
 145.413495      7.267    14.6143  36.829267    29.8033      7.202  258.60009  258.82817     4.3226     6.9742 -9.990e-29
 145.413498      7.278    14.6137  36.830795    29.8052      7.213  258.60000  258.82804     4.1825     6.9539 -9.990e-29
 145.413501      7.291    14.6131  36.828595    29.8037      7.225  258.60589  258.83391     4.4159     6.9620 -9.990e-29
 145.413504      7.292    14.6134  36.827922    29.8028      7.227  258.60579  258.83383     3.3264     7.8355 -9.990e-29
 145.413507      7.296    14.6139  36.830612    29.8048      7.231  258.59942  258.82747     3.4198     7.8274 -9.990e-29
 145.413510      7.304    14.6147  36.830856    29.8044      7.238  258.59579  258.82389     3.4510     7.8638 -9.990e-29
 145.413513      7.315    14.6157  36.829695    29.8026      7.249  258.59383  258.82200     3.2486     7.7788 -9.990e-29
 145.413516      7.327    14.6181  36.831467    29.8010      7.262  258.58433  258.81264     5.6611     7.6697 -9.990e-29
 145.413519      7.353    14.6185  36.829939    29.7996      7.287  258.58454  258.81288     5.6222     7.6312 0.0000e+00
 145.413521      7.387    14.6190  36.827494    29.7992      7.321  258.58433  258.81264     5.6611     7.6211 0.0000e+00
 145.413524      7.431    14.6190  36.829511    29.7992      7.365  258.58215  258.81050     5.7078     7.6090 0.0000e+00
 145.413527      7.482    14.6188  36.829695    29.8002      7.415  258.58215  258.81050     5.7078     7.6090 0.0000e+00
 145.413530      7.537    14.6160  36.829023    29.8017      7.470  258.59417  258.82235     5.2097     7.1966 0.0000e+00
 145.413533      7.592    14.6125  36.830368    29.8056      7.524  258.60559  258.83356     5.1008     7.1885 0.0000e+00
 145.413536      7.641    14.6081  36.831041    29.8096      7.573  258.62163  258.84933     5.2097     7.1885 0.0000e+00
 145.413539      7.685    14.6041  36.831287    29.8128      7.616  258.63658  258.86405     5.1008     7.1642 0.0000e+00
 145.413542      7.723    14.6033  36.830614    29.8128      7.654  258.64093  258.86834     4.4626     6.6588 0.0000e+00
 145.413545      7.754    14.6025  36.830187    29.8133      7.685  258.64438  258.87174     4.3926     6.6507 0.0000e+00
 145.413547      7.782    14.6017  36.829943    29.8137      7.712  258.64782  258.87514     4.4626     6.6588 -9.990e-29
 145.413550      7.798    14.5978  36.829087    29.8156      7.728  258.66463  258.89173     4.2914     6.6790 -9.990e-29
 145.413553      7.811    14.5969  36.826765    29.8142      7.741  258.67190  258.89896     5.7233     7.5160 -9.990e-29
 145.413556      7.823    14.5960  36.828843    29.8167      7.753  258.67181  258.89881     5.7233     7.5484 -9.990e-29
 145.413559      7.843    14.5954  36.827621    29.8161      7.773  258.67614  258.90312     5.7856     7.5079 -9.990e-29
 145.413562      7.862    14.5948  36.828843    29.8177      7.791  258.67655  258.90348     5.8167     7.5484 -9.990e-29
 145.413565      7.884    14.5946  36.829699    29.8186      7.813  258.67607  258.90298     7.1708     8.0902 -9.990e-29
 145.413568      7.909    14.5950  36.829699    29.8183      7.838  258.67462  258.90155     7.1241     8.1064 -9.990e-29
 145.413571      7.938    14.5955  36.830372    29.8185      7.867  258.67149  258.89845     7.1552     8.0619 -9.990e-29
 145.413573      7.962    14.5961  36.831961    29.8194      7.891  258.66660  258.89359     7.0930     8.0983 -9.990e-29
 145.413576      7.982    14.5977  36.834650    29.8206      7.911  258.65612  258.88317     7.0463     8.0943 -9.990e-29
