seaocn-cb/data/ctd_cnv/SBE19plus_01907321_2024_05_23_Cast23.cnv
* Sea-Bird SBE19plus  Data File:
* FileName = E:\Prandtl_Daten\2024\CTD\raw\SBE19plus_01907321_2024_05_23_Cast23.hex
* Software version 2.6.1.12
* Temperature SN = 7321
* Conductivity SN = 7321
* System UpLoad Time = May 23 2024 08:26:48
* <ApplicationData>
* <Seaterm232>
** 20240522
** Sea Practical 2024
** MCat 23.05 CTD_NP3
** NMEA Latitude = 054 11.225N
** NMEA Longitude = 008 31.987E
** waterdepth = 5.6m
** Merle
# nquan = 11
# nvalues = 171                         
# units = specified
# name 0 = timeJ: Julian Days
# name 1 = prdM: Pressure, Strain Gauge [db]
# name 2 = tv290C: Temperature [ITS-90, deg C]
# name 3 = c0mS/cm: Conductivity [mS/cm]
# name 4 = sal00: Salinity, Practical [PSU]
# name 5 = depSM: Depth [salt water, m], lat = 54.00
# name 6 = oxsatMm/Kg: Oxygen Saturation, Weiss [umol/kg]
# name 7 = oxsolMm/Kg: Oxygen Saturation, Garcia & Gordon [umol/kg]
# name 8 = turbWETntu0: Turbidity, WET Labs ECO [NTU]
# name 9 = flECO-AFL: Fluorescence, WET Labs ECO-AFL/FL [mg/m^3]
# name 10 = flag:  0.000e+00
# span 0 = 144.348958, 144.349450       
# span 1 =      0.877,      4.262       
# span 2 =    16.6785,    16.6886       
# span 3 =  36.016532,  36.027679       
# span 4 =    27.5915,    27.6037       
# span 5 =      0.869,      4.224       
# span 6 =  251.89066,  251.93657       
# span 7 =  252.23401,  252.27948       
# span 8 =     3.4198,    36.1669       
# span 9 =     6.8529,    16.7193       
# span 10 = 0.0000e+00, 0.0000e+00      
# interval = seconds: 0.25
# start_time = May 23 2024 08:20:58 [Instrument's time stamp, header]
# bad_flag = -9.990e-29
*END*
[from data line 132]
 144.349340      4.224    16.6864  36.025074    27.5976      4.186  251.90023  252.24349     8.1202     9.9705 -9.990e-29
 144.349343      4.211    16.6864  36.022408    27.5953      4.174  251.90410  252.24737     5.4743     8.5310 -9.990e-29
 144.349346      4.206    16.6860  36.023983    27.5969      4.168  251.90335  252.24659     5.2408     8.5067 -9.990e-29
 144.349349      4.195    16.6860  36.024650    27.5975      4.157  251.90237  252.24561     5.2097     8.4865 -9.990e-29
 144.349352      4.201    16.6861  36.025256    27.5980      4.163  251.90118  252.24442     5.2408     8.4784 -9.990e-29
 144.349355      4.204    16.6860  36.022651    27.5958      4.166  251.90528  252.24853     5.4587     8.4905 -9.990e-29
 144.349358      4.215    16.6859  36.020470    27.5940      4.177  251.90877  252.25203    10.5171     9.9098 -9.990e-29
 144.349361      4.229    16.6856  36.022045    27.5956      4.191  251.90772  252.25095    10.5171     9.8613 -9.990e-29
 144.349363      4.235    16.6850  36.023317    27.5970      4.197  251.90802  252.25122    10.5949     9.9260 -9.990e-29
 144.349366      4.247    16.6847  36.016532    27.5915      4.210  251.91913  252.26235    10.4237     9.8937 -9.990e-29
 144.349369      4.247    16.6846  36.024408    27.5982      4.210  251.90798  252.25115    10.6572     9.6591 -9.990e-29
 144.349372      4.249    16.6847  36.020652    27.5950      4.211  251.91314  252.25633    10.6883     9.6470 -9.990e-29
 144.349375      4.242    16.6846  36.023075    27.5971      4.204  251.90991  252.25309    10.7506     9.7360 -9.990e-29
 144.349378      4.229    16.6848  36.021984    27.5961      4.192  251.91088  252.25407    10.8284     9.7117 -9.990e-29
 144.349381      4.217    16.6845  36.018289    27.5932      4.179  251.91748  252.26068    13.6922    11.6244 -9.990e-29
 144.349384      4.206    16.6842  36.021197    27.5959      4.168  251.91447  252.25764    13.6299    11.6001 -9.990e-29
 144.349387      4.198    16.6841  36.022893    27.5974      4.161  251.91231  252.25546    13.5833    11.6041 -9.990e-29
 144.349389      4.198    16.6841  36.020652    27.5955      4.161  251.91557  252.25873    13.6144    11.5960 -9.990e-29
 144.349392      4.198    16.6842  36.019985    27.5948      4.161  251.91623  252.25940    21.1941    12.5180 -9.990e-29
 144.349395      4.204    16.6839  36.021984    27.5967      4.166  251.91425  252.25740    21.2253    12.5099 -9.990e-29
 144.349398      4.211    16.6837  36.023317    27.5979      4.173  251.91292  252.25606    21.0385    12.5301 -9.990e-29
 144.349401      4.214    16.6836  36.018713    27.5941      4.177  251.92024  252.26339    21.2875    12.4897 -9.990e-29
 144.349404      4.224    16.6838  36.020470    27.5955      4.186  251.91677  252.25992    21.1319    12.5261 -9.990e-29
 144.349407      4.222    16.6839  36.022409    27.5970      4.184  251.91364  252.25679    22.0191    11.3089 -9.990e-29
 144.349410      4.224    16.6841  36.023075    27.5975      4.186  251.91205  252.25521    22.2214    11.3130 -9.990e-29
 144.349413      4.220    16.6844  36.021560    27.5960      4.182  251.91303  252.25620    22.1591    11.2685 -9.990e-29
 144.349416      4.216    16.6842  36.022408    27.5968      4.179  251.91241  252.25557    22.2214    11.2685 -9.990e-29
 144.349418      4.215    16.6842  36.022227    27.5967      4.177  251.91267  252.25583    30.5638    13.3874 -9.990e-29
 144.349421      4.213    16.6845  36.021742    27.5961      4.175  251.91245  252.25563    30.4237    13.3833 -9.990e-29
 144.349424      4.209    16.6850  36.020227    27.5944      4.172  251.91250  252.25572    30.4548    13.4238 -9.990e-29
 144.349427      4.211    16.6857  36.022651    27.5960      4.174  251.90652  252.24975    30.5794    13.4197 -9.990e-29
 144.349430      4.211    16.6862  36.024165    27.5970      4.174  251.90247  252.24572    27.7311    12.3077 -9.990e-29
 144.349433      4.217    16.6869  36.024104    27.5964      4.179  251.89979  252.24308    27.9957    12.3320 -9.990e-29
 144.349436      4.224    16.6880  36.023499    27.5952      4.186  251.89668  252.24002    27.9023    12.3482 -9.990e-29
 144.349439      4.235    16.6886  36.026164    27.5970      4.197  251.89066  252.23401    27.7000    12.3441 -9.990e-29
 144.349442      4.244    16.6886  36.024831    27.5959      4.206  251.89230  252.23566    31.5910    14.2487 -9.990e-29
 144.349444      4.251    16.6881  36.023983    27.5955      4.213  251.89538  252.23872    31.4976    16.5333 -9.990e-29
 144.349447      4.257    16.6876  36.024165    27.5960      4.219  251.89727  252.24058    31.4510    16.5414 -9.990e-29
 144.349450      4.262    16.6872  36.026831    27.5985      4.224  251.89462  252.23790    31.5288    16.5819 -9.990e-29
