seaocn-cb/data/ctd_cnv/SBE19plus_01907321_2024_05_21_Cast03.cnv
* Sea-Bird SBE19plus  Data File:
* FileName = E:\Prandtl_Daten\2024\CTD\raw\SBE19plus_01907321_2024_05_21_Cast03.hex
* Software version 2.6.1.12
* Temperature SN = 7321
* Conductivity SN = 7321
* System UpLoad Time = May 21 2024 11:05:26
* <ApplicationData>
* <Seaterm232>
** 20240521
** Sea Practical 2024
** MCat 21.05 M3
** NMEA Latitude = 54 08.5N
** NMEA Longitude = 008 18.0E
** waterdepth = 15.0m
** Isabelle
# nquan = 11
# nvalues = 547                         
# units = specified
# name 0 = timeJ: Julian Days
# name 1 = prdM: Pressure, Strain Gauge [db]
# name 2 = tv290C: Temperature [ITS-90, deg C]
# name 3 = c0mS/cm: Conductivity [mS/cm]
# name 4 = sal00: Salinity, Practical [PSU]
# name 5 = depSM: Depth [salt water, m], lat = 54.00
# name 6 = oxsatMm/Kg: Oxygen Saturation, Weiss [umol/kg]
# name 7 = oxsolMm/Kg: Oxygen Saturation, Garcia & Gordon [umol/kg]
# name 8 = turbWETntu0: Turbidity, WET Labs ECO [NTU]
# name 9 = flECO-AFL: Fluorescence, WET Labs ECO-AFL/FL [mg/m^3]
# name 10 = flag:  0.000e+00
# span 0 = 142.457318, 142.458898       
# span 1 =      0.920,     14.005       
# span 2 =    12.4275,    13.9802       
# span 3 =  36.809170,  37.208406       
# span 4 =    30.6218,    31.7023       
# span 5 =      0.912,     13.880       
# span 6 =  260.44853,  266.99333       
# span 7 =  260.63432,  267.07297       
# span 8 =    -4.9693,    -2.8837       
# span 9 =     1.6851,     4.8472       
# span 10 = 0.0000e+00, 0.0000e+00      
# interval = seconds: 0.25
# start_time = May 21 2024 10:57:03 [Instrument's time stamp, header]
# bad_flag = -9.990e-29
*END*
[from data line 525]
 142.458837     13.677    12.4333  36.983224    31.6977     13.555  266.96825  267.04832    -3.5062     3.3308 -9.990e-29
 142.458840     13.717    12.4335  36.983958    31.6983     13.595  266.96640  267.04648    -3.6463     3.3268 -9.990e-29
 142.458843     13.776    12.4333  36.984142    31.6986     13.652  266.96698  267.04703    -3.5529     3.6705 -9.990e-29
 142.458845     13.843    12.4324  36.981510    31.6968     13.719  266.97513  267.05515    -3.5374     3.6705 -9.990e-29
 142.458848     13.913    12.4312  36.984878    31.7007     13.788  266.97461  267.05451    -3.5841     3.6584 -9.990e-29
 142.458851     13.962    12.4312  36.984572    31.7007     13.837  266.97461  267.05451    -3.5841     3.6584 0.0000e+00
 142.458854     13.989    12.4312  36.983776    31.7007     13.864  266.97461  267.05451    -3.5841     3.6584 -9.990e-29
 142.458857     13.978    12.4305  36.984449    31.7012     13.853  266.97769  267.05754    -3.4129     3.5492 -9.990e-29
 142.458860     13.949    12.4300  36.983898    31.7011     13.824  266.98065  267.06046    -3.3506     3.5452 -9.990e-29
 142.458863     13.891    12.4294  36.983776    31.7015     13.766  266.98339  267.06315    -3.2105     3.5330 -9.990e-29
 142.458866     13.819    12.4292  36.982612    31.7006     13.696  266.98598  267.06575    -3.3506     3.6665 -9.990e-29
 142.458869     13.743    12.4292  36.983469    31.7014     13.620  266.98440  267.06415    -3.3195     3.6422 -9.990e-29
 142.458872     13.672    12.4289  36.983040    31.7013     13.549  266.98653  267.06627    -3.2105     3.6907 -9.990e-29
 142.458874     13.622    12.4291  36.983040    31.7012     13.500  266.98564  267.06539    -3.1483     3.7029 -9.990e-29
 142.458877     13.606    12.4288  36.981938    31.7004     13.484  266.98873  267.06847    -3.7708     3.6746 -9.990e-29
 142.458880     13.624    12.4287  36.983285    31.7018     13.502  266.98692  267.06663    -3.8331     3.6988 -9.990e-29
 142.458883     13.670    12.4284  36.982183    31.7009     13.547  266.98977  267.06948    -3.8642     3.6826 -9.990e-29
 142.458886     13.748    12.4282  36.982367    31.7013     13.625  266.99064  267.07033    -3.7708     3.6665 -9.990e-29
 142.458889     13.838    12.4278  36.981939    31.7011     13.714  266.99289  267.07256    -3.8331     3.6422 -9.990e-29
 142.458892     13.918    12.4275  36.982368    31.7017     13.793  266.99333  267.07297    -3.7397     3.3106 -9.990e-29
 142.458895     13.985    12.4276  36.982368    31.7016     13.860  266.99309  267.07274    -3.7708     3.2702 -9.990e-29
 142.458898     14.005    12.4284  36.983776    31.7023     13.880  266.98718  267.06687    -3.8331     3.3106 -9.990e-29
