seaocn-cb/data/ctd_cnv/SBE19plus_01907321_2024_05_24_Cast39.cnv
* Sea-Bird SBE19plus  Data File:
* FileName = E:\Prandtl_Daten\2024\CTD\raw\SBE19plus_01907321_2024_05_24_Cast39.hex
* Software version 2.6.1.12
* Temperature SN = 7321
* Conductivity SN = 7321
* System UpLoad Time = May 24 2024 09:38:21
* <ApplicationData>
* <Seaterm232>
** 20240524
** Sea Practical 2024
** MCat 24.05 CTD_Z3
** NMEA Latitude = 054 02.623N
** NMEA Longitude = 008 27.131E
** waterdepth = 14.2m
** Isabelle
# nquan = 11
# nvalues = 454                         
# units = specified
# name 0 = timeJ: Julian Days
# name 1 = prdM: Pressure, Strain Gauge [db]
# name 2 = tv290C: Temperature [ITS-90, deg C]
# name 3 = c0mS/cm: Conductivity [mS/cm]
# name 4 = sal00: Salinity, Practical [PSU]
# name 5 = depSM: Depth [salt water, m], lat = 54.00
# name 6 = oxsatMm/Kg: Oxygen Saturation, Weiss [umol/kg]
# name 7 = oxsolMm/Kg: Oxygen Saturation, Garcia & Gordon [umol/kg]
# name 8 = turbWETntu0: Turbidity, WET Labs ECO [NTU]
# name 9 = flECO-AFL: Fluorescence, WET Labs ECO-AFL/FL [mg/m^3]
# name 10 = flag:  0.000e+00
# span 0 = 145.397101, 145.398411       
# span 1 =      0.543,     12.839       
# span 2 =    14.4874,    15.3044       
# span 3 =  36.784595,  36.906838       
# span 4 =    29.3149,    29.9686       
# span 5 =      0.538,     12.724       
# span 6 =  255.87520,  258.97561       
# span 7 =  256.14265,  259.19564       
# span 8 =    -4.3311,    28.8984       
# span 9 =     2.8860,     8.9394       
# span 10 = 0.0000e+00, 0.0000e+00      
# interval = seconds: 0.25
# start_time = May 24 2024 09:30:36 [Instrument's time stamp, header]
# bad_flag = -9.990e-29
*END*
[from data line 394]
 145.398241     12.719    14.4903  36.904820    29.9647     12.605  258.96331  259.18338    25.8478     7.2977 0.0000e+00
 145.398244     12.759    14.4903  36.904698    29.9648     12.644  258.96327  259.18335    26.0113     7.2492 0.0000e+00
 145.398247     12.804    14.4903  36.904820    29.9647     12.690  258.96324  259.18332    26.1747     7.2977 -9.990e-29
 145.398249     12.824    14.4901  36.904820    29.9649     12.709  258.96367  259.18374    26.0502     7.2653 -9.990e-29
 145.398252     12.824    14.4901  36.902557    29.9629     12.710  258.96761  259.18769    26.0035     7.2532 -9.990e-29
 145.398255     12.812    14.4898  36.902373    29.9630     12.697  258.96907  259.18914    27.9023     7.6373 -9.990e-29
 145.398258     12.801    14.4895  36.902557    29.9633     12.686  258.96965  259.18970    28.0580     7.6050 -9.990e-29
 145.398261     12.783    14.4892  36.901884    29.9629     12.668  258.97190  259.19194    27.9646     7.5969 -9.990e-29
 145.398264     12.766    14.4893  36.900110    29.9613     12.652  258.97446  259.19451    27.7934     7.6252 -9.990e-29
 145.398267     12.754    14.4893  36.903046    29.9639     12.639  258.96971  259.18975    23.6377     8.2277 -9.990e-29
 145.398270     12.744    14.4889  36.902067    29.9634     12.630  258.97275  259.19277    23.7000     8.2277 -9.990e-29
 145.398273     12.737    14.4889  36.900293    29.9618     12.623  258.97561  259.19564    23.8556     8.2641 -9.990e-29
 145.398275     12.739    14.4889  36.902801    29.9640     12.625  258.97157  259.19158    23.6066     8.2600 -9.990e-29
 145.398278     12.742    14.4889  36.903169    29.9644     12.628  258.97098  259.19099    27.2953     7.9082 -9.990e-29
 145.398281     12.755    14.4892  36.904637    29.9655     12.641  258.96774  259.18775    27.4665     7.9002 -9.990e-29
 145.398284     12.766    14.4894  36.903230    29.9641     12.652  258.96913  259.18917    27.4354     7.8597 -9.990e-29
 145.398287     12.777    14.4895  36.900599    29.9616     12.663  258.97309  259.19315    27.5755     7.8880 -9.990e-29
 145.398290     12.790    14.4895  36.901884    29.9627     12.675  258.97073  259.19078    24.4004     8.0619 -9.990e-29
 145.398293     12.801    14.4893  36.902802    29.9637     12.686  258.97014  259.19017    24.1202     7.9932 -9.990e-29
 145.398296     12.810    14.4894  36.901211    29.9622     12.695  258.97241  259.19247    24.2603     8.0215 -9.990e-29
 145.398299     12.814    14.4895  36.901028    29.9619     12.699  258.97213  259.19219    24.2136     8.0093 -9.990e-29
 145.398302     12.817    14.4896  36.903046    29.9637     12.702  258.96858  259.18863    24.2759     8.0093 -9.990e-29
 145.398304     12.814    14.4897  36.901639    29.9624     12.699  258.97055  259.19062    25.8634     8.0296 -9.990e-29
 145.398307     12.810    14.4898  36.902802    29.9634     12.695  258.96838  259.18844    25.8478     8.0296 -9.990e-29
 145.398310     12.799    14.4895  36.903475    29.9642     12.684  258.96846  259.18850    25.7233     7.9972 -9.990e-29
 145.398313     12.789    14.4895  36.899926    29.9609     12.675  258.97388  259.19396    26.1280     7.9446 -9.990e-29
 145.398316     12.775    14.4895  36.902373    29.9632     12.660  258.97022  259.19027    24.2136     7.8193 -9.990e-29
 145.398319     12.766    14.4895  36.903046    29.9638     12.651  258.96913  259.18918    24.1825     7.8435 -9.990e-29
 145.398322     12.757    14.4894  36.902067    29.9630     12.642  258.97100  259.19104    24.0580     7.8072 -9.990e-29
 145.398325     12.746    14.4901  36.904392    29.9646     12.632  258.96460  259.18467    24.2136     7.9002 -9.990e-29
 145.398328     12.746    14.4905  36.904637    29.9645     12.632  258.96245  259.18254    28.6338     7.8476 -9.990e-29
 145.398330     12.748    14.4904  36.904269    29.9642     12.633  258.96333  259.18342    28.8984     7.8961 -9.990e-29
 145.398333     12.753    14.4907  36.903902    29.9636     12.639  258.96275  259.18287    28.8673     7.9446 -9.990e-29
 145.398336     12.760    14.4909  36.903902    29.9635     12.646  258.96217  259.18229    28.7739     7.9568 -9.990e-29
 145.398339     12.769    14.4910  36.903168    29.9628     12.655  258.96307  259.18320    28.1047     8.1266 -9.990e-29
 145.398342     12.784    14.4910  36.905065    29.9645     12.669  258.96002  259.18014    28.2914     8.1387 -9.990e-29
 145.398345     12.797    14.4907  36.905126    29.9648     12.682  258.96110  259.18120    28.2447     8.0700 -9.990e-29
 145.398348     12.809    14.4904  36.905310    29.9652     12.695  258.96199  259.18207    28.0580     8.0376 -9.990e-29
 145.398351     12.815    14.4898  36.904820    29.9651     12.700  258.96484  259.18489    28.0891     8.0862 -9.990e-29
 145.398354     12.819    14.4894  36.904698    29.9654     12.704  258.96680  259.18682    28.2136     8.2115 -9.990e-29
 145.398356     12.822    14.4889  36.905493    29.9665     12.707  258.96757  259.18756    28.1669     8.2520 -9.990e-29
 145.398359     12.824    14.4880  36.905494    29.9671     12.709  258.97081  259.19074    28.1358     8.2277 -9.990e-29
 145.398362     12.815    14.4878  36.903842    29.9658     12.700  258.97434  259.19428    28.0891     8.2156 -9.990e-29
 145.398365     12.807    14.4881  36.906166    29.9677     12.693  258.96942  259.18935    25.1941     7.8112 -9.990e-29
 145.398368     12.795    14.4885  36.904392    29.9658     12.680  258.97080  259.19077    25.0541     7.7425 -9.990e-29
 145.398371     12.780    14.4891  36.904881    29.9658     12.665  258.96765  259.18766    25.2564     7.7505 -9.990e-29
 145.398374     12.769    14.4892  36.901700    29.9628     12.655  258.97219  259.19223    25.0696     7.7991 -9.990e-29
 145.398377     12.756    14.4889  36.903474    29.9646     12.642  258.97049  259.19050    27.4821     8.0417 -9.990e-29
 145.398380     12.747    14.4893  36.903597    29.9644     12.633  258.96882  259.18885    27.4976     8.0619 -9.990e-29
 145.398383     12.738    14.4896  36.904637    29.9652     12.624  258.96597  259.18600    27.4043     7.9810 -9.990e-29
 145.398385     12.733    14.4897  36.905738    29.9661     12.618  258.96389  259.18393    27.2642     8.0457 -9.990e-29
 145.398388     12.733    14.4898  36.905126    29.9655     12.618  258.96459  259.18463    27.0930     7.9325 -9.990e-29
 145.398391     12.736    14.4904  36.903719    29.9637     12.622  258.96421  259.18431    27.1241     7.9568 -9.990e-29
 145.398394     12.747    14.4904  36.905309    29.9651     12.633  258.96166  259.18174    26.8595     7.9568 -9.990e-29
 145.398397     12.765    14.4899  36.903413    29.9638     12.651  258.96678  259.18685    26.9685     7.9285 -9.990e-29
 145.398400     12.782    14.4891  36.906411    29.9672     12.667  258.96519  259.18518    26.7194     7.9082 -9.990e-29
 145.398403     12.798    14.4881  36.905983    29.9675     12.684  258.96971  259.18964    26.7194     8.1266 -9.990e-29
 145.398406     12.817    14.4876  36.906166    29.9680     12.702  258.97118  259.19109    26.9685     8.1104 -9.990e-29
 145.398409     12.829    14.4875  36.905065    29.9671     12.715  258.97356  259.19346    26.8595     8.0457 -9.990e-29
 145.398411     12.839    14.4874  36.906656    29.9686     12.724  258.97129  259.19118    26.7973     8.0457 -9.990e-29
