seaocn-cb/data/ctd_cnv/SBE19plus_01907321_2024_05_21_Cast06.cnv
* Sea-Bird SBE19plus  Data File:
* FileName = E:\Prandtl_Daten\2024\CTD\raw\SBE19plus_01907321_2024_05_21_Cast06.hex
* Software version 2.6.1.12
* Temperature SN = 7321
* Conductivity SN = 7321
* System UpLoad Time = May 21 2024 14:21:20
* <ApplicationData>
* <Seaterm232>
** 20240521
** Sea Practical 2024
** MCat 21.05 CTD_SP1
** NMEA Latitude = 54 07.836N
** NMEA Longitude = 008 45.37E
** waterdepth = 13.0m
** Merle
# nquan = 11
# nvalues = 419                         
# units = specified
# name 0 = timeJ: Julian Days
# name 1 = prdM: Pressure, Strain Gauge [db]
# name 2 = tv290C: Temperature [ITS-90, deg C]
# name 3 = c0mS/cm: Conductivity [mS/cm]
# name 4 = sal00: Salinity, Practical [PSU]
# name 5 = depSM: Depth [salt water, m], lat = 54.00
# name 6 = oxsatMm/Kg: Oxygen Saturation, Weiss [umol/kg]
# name 7 = oxsolMm/Kg: Oxygen Saturation, Garcia & Gordon [umol/kg]
# name 8 = turbWETntu0: Turbidity, WET Labs ECO [NTU]
# name 9 = flECO-AFL: Fluorescence, WET Labs ECO-AFL/FL [mg/m^3]
# name 10 = flag:  0.000e+00
# span 0 = 142.588235, 142.589444       
# span 1 =      0.802,     11.628       
# span 2 =    17.8401,    18.1831       
# span 3 =  35.346887,  35.560755       
# span 4 =    26.2132,    26.2712       
# span 5 =      0.795,     11.524       
# span 6 =  246.97621,  248.53709       
# span 7 =  247.38650,  248.93445       
# span 8 =    -1.9810,    78.8128       
# span 9 =     3.1570,     8.6280       
# span 10 = 0.0000e+00, 0.0000e+00      
# interval = seconds: 0.25
# start_time = May 21 2024 14:04:57 [Instrument's time stamp, header]
# bad_flag = -9.990e-29
*END*
[from data line 394]
 142.589375     11.199    17.8706  35.368711    26.2621     11.099  248.39438  248.79288    45.5521     7.4513 0.0000e+00
 142.589378     11.227    17.8704  35.371297    26.2628     11.126  248.39438  248.79288    43.3420     7.1885 0.0000e+00
 142.589381     11.260    17.8703  35.372380    26.2628     11.159  248.39438  248.79288    43.3420     7.1763 0.0000e+00
 142.589384     11.292    17.8701  35.370215    26.2630     11.191  248.39566  248.79415    43.3887     7.1723 0.0000e+00
 142.589387     11.322    17.8699  35.366366    26.2622     11.220  248.39779  248.79628    43.4354     7.1763 -9.990e-29
 142.589389     11.343    17.8690  35.368291    26.2612     11.242  248.40394  248.80240    42.7973     7.1925 -9.990e-29
 142.589392     11.369    17.8690  35.368953    26.2618     11.267  248.40304  248.80150    42.9529     7.2047 -9.990e-29
 142.589395     11.391    17.8696  35.373463    26.2651     11.289  248.39463  248.79309    42.9685     7.1925 -9.990e-29
 142.589398     11.405    17.8702  35.371719    26.2633     11.303  248.39483  248.79332    42.8906     7.1966 -9.990e-29
 142.589401     11.424    17.8711  35.373884    26.2645     11.321  248.38838  248.78690    67.8868     7.8355 -9.990e-29
 142.589404     11.442    17.8717  35.371959    26.2625     11.339  248.38883  248.78739    67.9023     7.8274 -9.990e-29
 142.589407     11.466    17.8702  35.372802    26.2585     11.363  248.40283  248.80135    67.9490     7.8355 -9.990e-29
 142.589410     11.491    17.8685  35.365946    26.2592     11.388  248.40942  248.80787    67.8868     7.8355 0.0000e+00
 142.589413     11.524    17.8669  35.365104    26.2599     11.421  248.41600  248.81439    67.9490     7.8355 0.0000e+00
 142.589416     11.559    17.8636  35.365105    26.2620     11.455  248.42832  248.82658    70.5794     8.6038 0.0000e+00
 142.589418     11.586    17.8627  35.363602    26.2620     11.482  248.43300  248.83121    70.6261     8.6098 0.0000e+00
 142.589421     11.612    17.8617  35.360295    26.2620     11.508  248.43767  248.83585    70.5794     8.6038 -9.990e-29
 142.589424     11.619    17.8565  35.355244    26.2584     11.515  248.46846  248.86647    70.5638     8.6078 -9.990e-29
 142.589427     11.615    17.8525  35.355665    26.2613     11.511  248.48271  248.88056    78.7350     7.9810 -9.990e-29
 142.589430     11.617    17.8489  35.346887    26.2564     11.513  248.50840  248.90613    78.7039     7.9851 -9.990e-29
 142.589433     11.612    17.8447  35.348331    26.2603     11.508  248.52187  248.91943    78.6727     7.9689 -9.990e-29
 142.589436     11.617    17.8411  35.354163    26.2674     11.513  248.52739  248.92477    78.8128     7.9487 -9.990e-29
 142.589439     11.619    17.8401  35.353743    26.2677     11.515  248.53145  248.92879    52.0891     7.5767 -9.990e-29
 142.589442     11.624    17.8401  35.349654    26.2643     11.520  248.53709  248.93445    51.9179     7.5645 -9.990e-29
 142.589444     11.628    17.8412  35.358854    26.2712     11.524  248.52061  248.91797    51.9957     7.5848 -9.990e-29
