seaocn-cb/data/ctd_cnv/SBE19plus_01907321_2024_05_22_Cast12.cnv
* Sea-Bird SBE19plus  Data File:
* FileName = E:\Prandtl_Daten\2024\CTD\raw\SBE19plus_01907321_2024_05_21_Cast12.hex
* Software version 2.6.1.12
* Temperature SN = 7321
* Conductivity SN = 7321
* System UpLoad Time = May 22 2024 11:11:03
* <ApplicationData>
* <Seaterm232>
** 20240522
** Sea Practical 2024
** MCat 22.05 CTD_M1
** NMEA Latitude = 54 06.042N
** NMEA Longitude = 008 25.249E
** waterdepth = 15.8m
** Merle
# nquan = 11
# nvalues = 569                         
# units = specified
# name 0 = timeJ: Julian Days
# name 1 = prdM: Pressure, Strain Gauge [db]
# name 2 = tv290C: Temperature [ITS-90, deg C]
# name 3 = c0mS/cm: Conductivity [mS/cm]
# name 4 = sal00: Salinity, Practical [PSU]
# name 5 = depSM: Depth [salt water, m], lat = 54.00
# name 6 = oxsatMm/Kg: Oxygen Saturation, Weiss [umol/kg]
# name 7 = oxsolMm/Kg: Oxygen Saturation, Garcia & Gordon [umol/kg]
# name 8 = turbWETntu0: Turbidity, WET Labs ECO [NTU]
# name 9 = flECO-AFL: Fluorescence, WET Labs ECO-AFL/FL [mg/m^3]
# name 10 = flag:  0.000e+00
# span 0 = 143.461531, 143.463174       
# span 1 =      0.503,     14.224       
# span 2 =    13.5627,    13.7234       
# span 3 =  36.882789,  36.979783       
# span 4 =    30.5523,    30.7636       
# span 5 =      0.499,     14.097       
# span 6 =  261.98292,  262.47802       
# span 7 =  262.15478,  262.63850       
# span 8 =    -4.6580,     1.5677       
# span 9 =     4.5399,     7.3179       
# span 10 = 0.0000e+00, 0.0000e+00      
# interval = seconds: 0.25
# start_time = May 22 2024 11:02:59 [Instrument's time stamp, header]
# bad_flag = -9.990e-29
*END*
[from data line 263]
 143.462292      6.969    13.5942  36.955329    30.7186      6.907  262.38244  262.54518    -3.8331     6.9823 -9.990e-29
 143.462295      6.989    13.5942  36.954411    30.7177      6.927  262.38400  262.54674    -3.8487     6.9782 -9.990e-29
 143.462297      7.004    13.5942  36.952024    30.7155      6.941  262.38803  262.55079    -3.1483     7.0065 -9.990e-29
 143.462300      7.018    13.5939  36.952575    30.7162      6.956  262.38798  262.55072    -3.0238     6.9620 -9.990e-29
 143.462303      7.033    13.5939  36.952391    30.7161      6.970  262.38859  262.55133    -3.0549     7.0065 -9.990e-29
 143.462306      7.049    13.5939  36.954350    30.7179      6.986  262.38530  262.54803    -2.8837     7.0146 -9.990e-29
 143.462309      7.064    13.5939  36.952146    30.7158      7.001  262.38873  262.55148    -3.1171     6.9701 -9.990e-29
 143.462312      7.086    13.5933  36.954411    30.7160      7.022  262.39199  262.55470    -2.9615     6.4081 -9.990e-29
 143.462315      7.115    13.5932  36.951779    30.7185      7.051  262.38796  262.55064    -3.0549     6.4061 0.0000e+00
 143.462318      7.146    13.5931  36.957105    30.7210      7.082  262.38647  262.54908    -2.9771     6.4040 0.0000e+00
 143.462321      7.186    13.5925  36.956982    30.7210      7.122  262.38647  262.54908    -2.9771     6.3959 0.0000e+00
 143.462323      7.224    13.5922  36.956187    30.7209      7.160  262.38900  262.55159    -2.9771     5.5751 0.0000e+00
 143.462326      7.259    13.5920  36.956003    30.7209      7.194  262.38974  262.55226    -3.1171     5.5468 0.0000e+00
 143.462329      7.297    13.5913  36.957840    30.7231      7.232  262.39020  262.55278    -3.1171     5.5751 0.0000e+00
 143.462332      7.330    13.5908  36.959860    30.7244      7.265  262.39008  262.55255    -3.1094     5.5710 0.0000e+00
 143.462335      7.361    13.5903  36.954413    30.7258      7.295  262.39042  262.55285    -3.0393     5.5953 -9.990e-29
 143.462338      7.385    13.5891  36.960411    30.7272      7.319  262.39417  262.55652    -3.4440     5.1828 -9.990e-29
 143.462341      7.401    13.5890  36.958453    30.7255      7.335  262.39805  262.56041    -3.3195     5.1950 -9.990e-29
 143.462344      7.425    13.5887  36.958942    30.7261      7.359  262.39812  262.56045    -3.2105     5.1747 -9.990e-29
 143.462347      7.441    13.5881  36.956739    30.7254      7.375  262.40302  262.56533    -3.8020     6.1573 -9.990e-29
 143.462350      7.471    13.5881  36.957596    30.7254      7.404  262.40302  262.56533    -3.8020     6.1573 0.0000e+00
 143.462352      7.496    13.5881  36.956188    30.7254      7.429  262.40302  262.56533    -3.8020     6.1573 -9.990e-29
 143.462355      7.521    13.5877  36.959310    30.7272      7.454  262.40162  262.56389    -3.8331     6.1735 -9.990e-29
 143.462358      7.543    13.5877  36.957596    30.7257      7.476  262.40452  262.56680    -3.7397     6.1290 -9.990e-29
 143.462361      7.565    13.5875  36.958453    30.7266      7.498  262.40396  262.56622    -3.9420     6.0643 -9.990e-29
 143.462364      7.585    13.5873  36.958025    30.7263      7.517  262.40527  262.56753    -3.8953     6.0886 -9.990e-29
 143.462367      7.605    13.5873  36.959127    30.7273      7.537  262.40343  262.56568    -3.7708     6.1129 -9.990e-29
 143.462370      7.627    13.5873  36.961698    30.7298      7.559  262.39941  262.56163    -3.8798     6.0765 -9.990e-29
 143.462373      7.644    13.5873  36.959862    30.7281      7.575  262.40251  262.56475    -3.9109     6.3595 -9.990e-29
 143.462376      7.653    13.5872  36.960290    30.7285      7.584  262.40209  262.56431    -3.8487     6.3555 -9.990e-29
 143.462378      7.660    13.5870  36.960657    30.7290      7.591  262.40234  262.56455    -3.8487     6.3555 -9.990e-29
 143.462381      7.664    13.5866  36.956005    30.7250      7.595  262.41162  262.57385    -3.9420     6.3514 -9.990e-29
 143.462384      7.678    13.5865  36.958944    30.7279      7.610  262.40727  262.56946    -3.3195     6.3393 -9.990e-29
 143.462387      7.698    13.5859  36.959801    30.7271      7.630  262.41189  262.57405    -3.2883     6.3393 -9.990e-29
 143.462390      7.729    13.5859  36.957597    30.7266      7.660  262.41303  262.57519    -3.2961     6.3434 0.0000e+00
 143.462393      7.775    13.5859  36.956434    30.7271      7.705  262.41189  262.57405    -3.3039     6.3393 0.0000e+00
 143.462396      7.824    13.5860  36.958883    30.7260      7.754  262.41417  262.57633    -3.3195     5.0090 0.0000e+00
 143.462399      7.883    13.5862  36.955088    30.7258      7.812  262.40921  262.57137    -3.3350     4.9928 0.0000e+00
 143.462402      7.936    13.5868  36.957169    30.7258      7.865  262.40898  262.57121    -3.3350     4.9928 0.0000e+00
 143.462405      7.983    13.5872  36.958271    30.7260      7.911  262.40662  262.56887    -3.3350     4.9908 0.0000e+00
 143.462407      8.018    13.5876  36.957353    30.7262      7.946  262.40426  262.56653    -3.3350     4.9887 -9.990e-29
 143.462410      8.043    13.5883  36.956129    30.7236      7.971  262.40501  262.56735    -3.6463     5.2314 -9.990e-29
 143.462413      8.056    13.5883  36.956680    30.7241      7.984  262.40409  262.56642    -3.5062     5.2354 -9.990e-29
 143.462416      8.052    13.5884  36.956680    30.7240      7.980  262.40351  262.56585    -3.4751     5.2556 -9.990e-29
 143.462419      8.049    13.5885  36.958271    30.7254      7.977  262.40054  262.56287    -3.6152     5.2556 -9.990e-29
 143.462422      8.049    13.5886  36.955088    30.7224      7.977  262.40561  262.56797    -3.6308     6.1978 -9.990e-29
 143.462425      8.056    13.5883  36.958700    30.7260      7.984  262.40069  262.56300    -3.6774     6.2463 -9.990e-29
 143.462428      8.071    13.5881  36.956129    30.7255      7.999  262.40243  262.56474    -3.4440     6.1816 -9.990e-29
 143.462431      8.096    13.5879  36.958027    30.7264      8.024  262.40183  262.56412    -3.2183     6.2382 0.0000e+00
 143.462433      8.125    13.5878  36.959618    30.7272      8.053  262.40243  262.56474    -2.9926     6.2867 0.0000e+00
 143.462436      8.165    13.5874  36.959557    30.7275      8.092  262.40149  262.56370    -2.8370     6.2867 0.0000e+00
 143.462439      8.208    13.5870  36.961210    30.7275      8.134  262.40280  262.56505    -2.8370     6.2867 0.0000e+00
 143.462442      8.246    13.5867  36.957599    30.7279      8.172  262.40585  262.56805    -2.9537     6.2685 0.0000e+00
 143.462445      8.273    13.5864  36.961639    30.7265      8.199  262.41021  262.57240    -3.0704     6.2867 -9.990e-29
 143.462448      8.297    13.5856  36.962068    30.7312      8.223  262.40591  262.56801    -3.5218     5.9713 -9.990e-29
 143.462451      8.311    13.5857  36.961945    30.7310      8.237  262.40554  262.56766    -3.3195     5.9754 -9.990e-29
 143.462454      8.319    13.5856  36.959374    30.7287      8.244  262.41017  262.57230    -3.2728     5.9309 -9.990e-29
 143.462457      8.322    13.5854  36.961639    30.7309      8.248  262.40722  262.56932    -3.3195     5.9592 -9.990e-29
 143.462459      8.333    13.5853  36.960415    30.7299      8.259  262.40987  262.57197    -3.8798     6.0320 -9.990e-29
 143.462462      8.350    13.5853  36.959864    30.7292      8.275  262.41124  262.57335    -3.6774     6.0199 -9.990e-29
 143.462465      8.382    13.5851  36.959620    30.7287      8.307  262.41312  262.57522    -3.7553     6.0259 0.0000e+00
 143.462468      8.430    13.5849  36.958273    30.7282      8.354  262.41499  262.57709    -3.7241     6.0199 0.0000e+00
 143.462471      8.483    13.5848  36.957784    30.7280      8.407  262.41606  262.57815    -3.7241     5.5265 0.0000e+00
 143.462474      8.545    13.5848  36.958029    30.7280      8.468  262.41606  262.57815    -3.7241     5.5225 0.0000e+00
 143.462477      8.596    13.5851  36.961518    30.7281      8.519  262.41396  262.57607    -3.7708     5.5144 0.0000e+00
 143.462480      8.645    13.5851  36.958457    30.7295      8.568  262.41136  262.57346    -3.8019     5.5063 0.0000e+00
 143.462483      8.683    13.5851  36.960539    30.7281      8.606  262.41396  262.57607    -3.7708     5.4901 -9.990e-29
 143.462486      8.702    13.5848  36.961090    30.7308      8.624  262.41101  262.57307    -3.4129     5.4457 -9.990e-29
 143.462488      8.707    13.5847  36.961212    30.7310      8.629  262.41110  262.57316    -3.4129     5.4578 -9.990e-29
 143.462491      8.700    13.5841  36.964518    30.7345      8.622  262.40785  262.56983    -3.3195     5.4416 -9.990e-29
 143.462494      8.683    13.5830  36.964579    30.7355      8.606  262.41208  262.57399    -3.5685     5.4416 -9.990e-29
 143.462497      8.663    13.5816  36.962559    30.7347      8.586  262.42097  262.58281    -3.7086     5.4618 -9.990e-29
 143.462500      8.652    13.5812  36.964946    30.7373      8.575  262.41868  262.58047    -3.7086     5.4538 -9.990e-29
 143.462503      8.661    13.5807  36.963477    30.7363      8.584  262.42290  262.58467    -3.4751     5.4659 -9.990e-29
 143.462506      8.681    13.5792  36.964824    30.7408      8.604  262.42294  262.58457    -2.9459     5.8056 -9.990e-29
 143.462509      8.718    13.5787  36.967089    30.7397      8.640  262.42752  262.58914    -2.8525     5.8076 0.0000e+00
 143.462512      8.763    13.5782  36.963907    30.7408      8.685  262.43025  262.59176    -2.7903     5.8096 0.0000e+00
 143.462514      8.822    13.5773  36.967090    30.7423      8.743  262.43025  262.59176    -2.7903     5.8258 0.0000e+00
 143.462517      8.869    13.5768  36.968866    30.7441      8.790  262.43025  262.59176    -2.9304     5.8258 0.0000e+00
 143.462520      8.915    13.5765  36.968009    30.7442      8.835  262.43151  262.59294    -3.0238     5.4295 0.0000e+00
 143.462523      8.949    13.5761  36.968193    30.7441      8.869  262.43369  262.59511    -3.1171     5.0332 -9.990e-29
 143.462526      8.973    13.5751  36.968193    30.7450      8.893  262.43719  262.59854    -2.9771     5.0777 -9.990e-29
 143.462529      8.980    13.5745  36.968193    30.7455      8.900  262.43980  262.60111    -3.0704     5.0211 -9.990e-29
 143.462532      8.982    13.5740  36.970152    30.7478      8.902  262.43853  262.59979    -3.4907     5.8743 -9.990e-29
 143.462535      8.987    13.5735  36.968438    30.7465      8.907  262.44316  262.60440    -3.4129     5.8945 -9.990e-29
 143.462538      8.997    13.5735  36.967520    30.7451      8.916  262.44576  262.60702    -3.3506     5.8864 -9.990e-29
 143.462541      9.024    13.5734  36.966908    30.7462      8.943  262.44450  262.60573    -3.5296     5.8076 0.0000e+00
 143.462543      9.062    13.5732  36.969112    30.7473      8.981  262.44576  262.60702    -3.5996     5.7287 0.0000e+00
 143.462546      9.121    13.5726  36.968683    30.7473      9.039  262.44660  262.60778    -3.6308     5.7166 0.0000e+00
 143.462549      9.181    13.5724  36.968194    30.7475      9.099  262.44726  262.60843    -3.6308     5.7125 0.0000e+00
 143.462552      9.245    13.5724  36.968684    30.7473      9.162  262.44726  262.60843    -3.6774     5.6964 0.0000e+00
 143.462555      9.292    13.5725  36.968684    30.7475      9.209  262.44643  262.60761    -3.7241     5.6681 0.0000e+00
 143.462558      9.327    13.5726  36.970582    30.7482      9.243  262.44513  262.60630    -3.7630     5.2132 0.0000e+00
 143.462561      9.354    13.5725  36.968684    30.7492      9.270  262.44383  262.60499    -3.8487     4.7582 -9.990e-29
 143.462564      9.356    13.5725  36.968439    30.7472      9.272  262.44746  262.60864    -3.6930     4.7219 -9.990e-29
 143.462567      9.343    13.5724  36.969786    30.7486      9.259  262.44576  262.60692    -3.8020     4.7461 -9.990e-29
 143.462569      9.319    13.5725  36.968439    30.7472      9.236  262.44744  262.60861    -3.2105     5.2314 -9.990e-29
 143.462572      9.292    13.5728  36.966909    30.7456      9.209  262.44884  262.61005    -3.2105     5.2233 -9.990e-29
 143.462575      9.276    13.5729  36.970031    30.7484      9.193  262.44299  262.60418    -3.1171     5.2516 -9.990e-29
 143.462578      9.272    13.5732  36.969112    30.7473      9.189  262.44366  262.60488    -3.0860     5.2435 -9.990e-29
 143.462581      9.285    13.5732  36.966664    30.7450      9.202  262.44751  262.60875    -3.8175     5.8783 -9.990e-29
 143.462584      9.312    13.5734  36.970031    30.7467      9.229  262.44357  262.60481    -3.6930     5.9228 -9.990e-29
 143.462587      9.352    13.5734  36.968684    30.7469      9.268  262.44293  262.60416    -3.7942     5.9067 0.0000e+00
 143.462590      9.403    13.5734  36.969296    30.7467      9.319  262.44357  262.60481    -3.6930     5.8905 0.0000e+00
 143.462593      9.458    13.5732  36.967276    30.7470      9.373  262.44424  262.60546    -3.3195     4.9928 0.0000e+00
 143.462595      9.518    13.5732  36.968868    30.7470      9.433  262.44542  262.60662    -3.1638     4.9685 0.0000e+00
 143.462598      9.580    13.5729  36.969052    30.7471      9.495  262.44519  262.60639    -3.1794     4.9928 0.0000e+00
 143.462601      9.635    13.5728  36.968869    30.7475      9.549  262.44519  262.60639    -3.1794     5.0130 0.0000e+00
 143.462604      9.682    13.5729  36.971012    30.7481      9.596  262.44369  262.60488    -3.2572     5.0130 0.0000e+00
 143.462607      9.722    13.5728  36.968196    30.7492      9.635  262.44219  262.60337    -3.3350     5.0130 -9.990e-29
 143.462610      9.746    13.5722  36.970032    30.7488      9.659  262.44620  262.60735    -3.2105     4.8189 -9.990e-29
 143.462613      9.764    13.5721  36.969726    30.7486      9.677  262.44731  262.60845    -3.3817     4.8149 -9.990e-29
 143.462616      9.774    13.5720  36.967523    30.7466      9.686  262.45132  262.61247    -3.2883     4.8513 -9.990e-29
 143.462619      9.781    13.5722  36.970216    30.7489      9.693  262.44592  262.60706    -3.8020     5.9794 -9.990e-29
 143.462622      9.783    13.5724  36.971012    30.7495      9.695  262.44371  262.60486    -3.4440     5.9592 -9.990e-29
 143.462624      9.792    13.5724  36.967767    30.7465      9.704  262.44918  262.61036    -3.4907     5.9996 -9.990e-29
 143.462627      9.799    13.5726  36.970951    30.7493      9.711  262.44324  262.60440    -3.6308     6.0037 -9.990e-29
 143.462630      9.810    13.5730  36.970583    30.7486      9.722  262.44213  262.60333    -2.9771     6.1452 -9.990e-29
 143.462633      9.826    13.5732  36.968869    30.7469      9.738  262.44445  262.60567    -2.9148     6.1452 -9.990e-29
 143.462636      9.850    13.5734  36.971685    30.7484      9.762  262.44052  262.60174    -3.2416     6.1250 -9.990e-29
 143.462639      9.876    13.5734  36.970706    30.7484      9.787  262.44052  262.60174    -3.2416     6.1250 0.0000e+00
 143.462642      9.905    13.5734  36.970951    30.7484      9.816  262.44052  262.60174    -3.2416     6.1250 -9.990e-29
 143.462645      9.926    13.5729  36.970339    30.7484      9.838  262.44291  262.60410    -3.3817     5.7287 -9.990e-29
 143.462648      9.943    13.5727  36.969115    30.7474      9.854  262.44585  262.60704    -3.2883     5.7085 -9.990e-29
 143.462650      9.957    13.5723  36.972482    30.7509      9.868  262.44193  262.60306    -3.2416     5.6802 -9.990e-29
 143.462653      9.972    13.5721  36.970584    30.7493      9.883  262.44572  262.60685    -3.3817     5.6964 -9.990e-29
 143.462656      9.987    13.5714  36.970217    30.7495      9.897  262.44924  262.61033    -3.6463     5.7894 -9.990e-29
 143.462659     10.010    13.5710  36.969544    30.7506      9.921  262.44967  262.61073    -3.7864     5.7530 -9.990e-29
 143.462662     10.036    13.5709  36.971013    30.7504      9.946  262.45058  262.61163    -3.7553     5.7490 0.0000e+00
 143.462665     10.074    13.5707  36.970462    30.7502      9.984  262.45149  262.61254    -3.7241     5.7449 0.0000e+00
