seaocn-cb/data/ctd_cnv/SBE19plus_01907321_2024_05_23_Cast24.cnv
* Sea-Bird SBE19plus  Data File:
* FileName = E:\Prandtl_Daten\2024\CTD\raw\SBE19plus_01907321_2024_05_23_Cast24.hex
* Software version 2.6.1.12
* Temperature SN = 7321
* Conductivity SN = 7321
* System UpLoad Time = May 23 2024 08:50:29
* <ApplicationData>
* <Seaterm232>
** 20240522
** Sea Practical 2024
** MCat 23.05 CTD_NP4
** NMEA Latitude = 054 11.39N
** NMEA Longitude = 008 29.56E
** waterdepth = 9.3m
** Maja
# nquan = 11
# nvalues = 351                         
# units = specified
# name 0 = timeJ: Julian Days
# name 1 = prdM: Pressure, Strain Gauge [db]
# name 2 = tv290C: Temperature [ITS-90, deg C]
# name 3 = c0mS/cm: Conductivity [mS/cm]
# name 4 = sal00: Salinity, Practical [PSU]
# name 5 = depSM: Depth [salt water, m], lat = 54.00
# name 6 = oxsatMm/Kg: Oxygen Saturation, Weiss [umol/kg]
# name 7 = oxsolMm/Kg: Oxygen Saturation, Garcia & Gordon [umol/kg]
# name 8 = turbWETntu0: Turbidity, WET Labs ECO [NTU]
# name 9 = flECO-AFL: Fluorescence, WET Labs ECO-AFL/FL [mg/m^3]
# name 10 = flag:  0.000e+00
# span 0 = 144.363492, 144.364505       
# span 1 =      0.470,      8.314       
# span 2 =    15.6990,    16.1156       
# span 3 =  36.096305,  36.230331       
# span 4 =    28.1046,    28.4669       
# span 5 =      0.466,      8.240       
# span 6 =  253.86305,  255.35755       
# span 7 =  254.17777,  255.65052       
# span 8 =    -4.1911,    11.2798       
# span 9 =     3.3147,    11.6810       
# span 10 = 0.0000e+00, 0.0000e+00      
# interval = seconds: 0.25
# start_time = May 23 2024 08:42:05 [Instrument's time stamp, header]
# bad_flag = -9.990e-29
*END*
 144.363492      0.470    16.0972  36.147349    28.1139      0.466  253.95159  254.26547    -3.5374     3.3794 -9.990e-29
 144.363495      0.486    16.0971  36.146440    28.1131      0.482  253.95327  254.26715    -3.4907     3.3470 -9.990e-29
 144.363498      0.499    16.0966  36.146258    28.1133      0.495  253.95537  254.26923    -3.4440     3.4077 -9.990e-29
 144.363501      0.499    16.0956  36.145833    28.1137      0.495  253.95996  254.27377    -3.6774     3.3147 -9.990e-29
 144.363504      0.519    16.0958  36.142679    28.1146      0.514  253.95748  254.27130    -4.0510     3.4966 -9.990e-29
 144.363507      0.563    16.0956  36.147107    28.1137      0.558  253.95992  254.27373    -4.1055     3.4602 0.0000e+00
 144.363510      0.605    16.0954  36.144681    28.1146      0.599  253.96060  254.27438    -4.0510     3.4238 0.0000e+00
 144.363513      0.641    16.0953  36.146683    28.1147      0.635  253.96060  254.27438    -4.0199     3.4198 0.0000e+00
 144.363516      0.687    16.0953  36.150202    28.1149      0.681  253.95782  254.27162    -3.9265     3.3713 0.0000e+00
 144.363519      0.725    16.0955  36.147351    28.1163      0.719  253.95628  254.27007    -3.9032     3.3652 0.0000e+00
 144.363521      0.751    16.0956  36.146259    28.1149      0.744  253.95782  254.27162    -3.8798     3.3591 -9.990e-29
 144.363524      0.767    16.0960  36.149777    28.1167      0.760  253.95269  254.26650    -4.0043     3.3470 -9.990e-29
 144.363527      0.771    16.0965  36.149959    28.1165      0.764  253.95059  254.26443    -3.8642     3.6948 -9.990e-29
 144.363530      0.773    16.0971  36.148200    28.1145      0.766  253.95079  254.26467    -3.8331     3.7190 -9.990e-29
 144.363533      0.789    16.0982  36.148442    28.1125      0.782  253.94913  254.26306    -3.9109     3.7190 -9.990e-29
 144.363536      0.815    16.0979  36.146683    28.1138      0.807  253.94815  254.26206    -3.8253     3.7312 0.0000e+00
 144.363539      0.842    16.0977  36.149231    28.1125      0.834  253.94913  254.26306    -3.9109     3.7190 0.0000e+00
 144.363542      0.871    16.0974  36.143832    28.1128      0.863  253.95377  254.26766    -4.0977     3.7433 0.0000e+00
 144.363545      0.904    16.0971  36.146259    28.1128      0.896  253.95377  254.26766    -4.0977     3.7433 0.0000e+00
 144.363547      0.937    16.0971  36.149110    28.1133      0.928  253.95259  254.26648    -4.0510     3.7433 0.0000e+00
 144.363550      0.964    16.0970  36.146866    28.1133      0.956  253.95259  254.26648    -4.0510     3.7312 0.0000e+00
 144.363553      0.992    16.0970  36.143165    28.1118      0.983  253.95612  254.27002    -3.9810     3.7171 0.0000e+00
 144.363556      1.023    16.0968  36.146077    28.1104      1.014  253.95966  254.27355    -3.9109     3.7029 -9.990e-29
 144.363559      1.045    16.0967  36.148444    28.1149      1.035  253.95210  254.26595    -3.7864     3.7514 -9.990e-29
 144.363562      1.070    16.0970  36.146442    28.1130      1.061  253.95420  254.26807    -3.8175     3.7312 -9.990e-29
 144.363565      1.094    16.0972  36.146866    28.1132      1.084  253.95266  254.26655    -4.0043     4.2083 -9.990e-29
 144.363568      1.109    16.0971  36.146684    28.1131      1.099  253.95325  254.26713    -4.1911     4.2488 -9.990e-29
 144.363571      1.131    16.0982  36.148019    28.1097      1.120  253.95395  254.26790    -4.0043     4.2002 -9.990e-29
 144.363573      1.163    16.0986  36.143591    28.1121      1.153  253.94777  254.26172    -3.7475     4.2447 0.0000e+00
 144.363576      1.198    16.0990  36.149839    28.1123      1.187  253.94255  254.25655    -3.6619     4.2892 0.0000e+00
 144.363579      1.236    16.0995  36.147777    28.1125      1.225  253.94158  254.25554    -3.6308     4.3094 0.0000e+00
 144.363582      1.274    16.0998  36.148201    28.1123      1.263  253.94213  254.25617    -3.6308     4.3094 0.0000e+00
 144.363585      1.316    16.1002  36.146260    28.1119      1.305  253.94072  254.25473    -3.5841     4.3175 0.0000e+00
 144.363588      1.355    16.1003  36.148019    28.1119      1.343  253.93921  254.25325    -3.5841     4.2892 0.0000e+00
 144.363591      1.391    16.1006  36.152812    28.1121      1.379  253.93525  254.24932    -3.7708     4.1517 0.0000e+00
 144.363594      1.433    16.1008  36.148869    28.1140      1.420  253.93305  254.24710    -3.8098     4.1416 0.0000e+00
 144.363597      1.462    16.1010  36.151114    28.1121      1.449  253.93525  254.24932    -3.7708     4.1517 -9.990e-29
 144.363600      1.486    16.1019  36.151720    28.1140      1.473  253.92766  254.24176    -3.7708     4.0749 -9.990e-29
 144.363602      1.497    16.1028  36.150204    28.1120      1.484  253.92659  254.24074    -3.6930     4.0587 -9.990e-29
 144.363605      1.506    16.1040  36.154632    28.1150      1.493  253.91541  254.22959    -3.8642     4.0264 -9.990e-29
 144.363608      1.519    16.1050  36.153055    28.1129      1.505  253.91382  254.22806    -3.8798     4.0708 -9.990e-29
 144.363611      1.537    16.1057  36.151720    28.1112      1.523  253.91309  254.22737    -3.7241     4.0668 -9.990e-29
 144.363614      1.557    16.1075  36.155118    28.1115      1.543  253.90379  254.21815    -3.8798     4.2488 -9.990e-29
 144.363617      1.586    16.1078  36.153480    28.1125      1.572  253.90089  254.21526    -3.9343     4.2407 0.0000e+00
 144.363620      1.619    16.1080  36.156149    28.1116      1.605  253.89881  254.21322    -3.9887     4.2407 0.0000e+00
 144.363623      1.658    16.1085  36.154390    28.1135      1.643  253.89799  254.21236    -3.9887     4.2407 0.0000e+00
 144.363626      1.690    16.1086  36.159244    28.1116      1.675  253.89772  254.21216    -3.8642     4.3498 0.0000e+00
 144.363628      1.725    16.1090  36.153723    28.1118      1.710  253.89201  254.20647    -3.8642     4.3701 0.0000e+00
 144.363631      1.762    16.1097  36.155725    28.1106      1.746  253.89516  254.20966    -3.8175     4.3701 0.0000e+00
 144.363634      1.797    16.1099  36.152813    28.1105      1.780  253.89359  254.20807    -3.7942     4.3863 0.0000e+00
 144.363637      1.824    16.1101  36.161186    28.1091      1.808  253.89516  254.20966    -3.6774     4.4024 -9.990e-29
 144.363640      1.842    16.1106  36.160761    28.1155      1.826  253.88117  254.19566    -3.2105     4.1315 -9.990e-29
 144.363643      1.866    16.1112  36.158152    28.1128      1.849  253.88296  254.19748    -3.1638     4.1113 -9.990e-29
 144.363646      1.889    16.1121  36.158334    28.1153      1.873  253.87380  254.18835    -3.4129     4.1396 -9.990e-29
 144.363649      1.917    16.1127  36.161853    28.1151      1.900  253.87136  254.18594    -3.8098     4.3074 0.0000e+00
 144.363652      1.948    16.1133  36.162278    28.1149      1.930  253.86892  254.18353    -4.1132     4.4752 0.0000e+00
 144.363655      1.979    16.1149  36.160761    28.1125      1.961  253.86525  254.17997    -4.1132     4.4914 0.0000e+00
 144.363657      2.013    16.1153  36.159669    28.1125      1.995  253.86512  254.17982    -4.1132     4.4914 0.0000e+00
 144.363660      2.050    16.1153  36.163006    28.1120      2.032  253.86305  254.17777    -3.9887     4.4914 0.0000e+00
 144.363663      2.083    16.1154  36.160761    28.1120      2.064  253.86305  254.17777    -3.8487     4.4752 0.0000e+00
 144.363666      2.119    16.1156  36.156817    28.1099      2.100  253.86593  254.18067    -3.8175     4.5035 0.0000e+00
 144.363669      2.156    16.1156  36.158456    28.1092      2.136  253.86714  254.18189    -3.8331     4.4975 0.0000e+00
 144.363672      2.192    16.1156  36.162339    28.1099      2.173  253.86593  254.18067    -3.8175     4.5197 -9.990e-29
 144.363675      2.214    16.1152  36.160762    28.1122      2.194  253.86403  254.17874    -3.8487     4.8634 -9.990e-29
 144.363678      2.234    16.1149  36.161854    28.1133      2.214  253.86363  254.17832    -3.6463     4.8593 -9.990e-29
 144.363681      2.245    16.1146  36.161186    28.1129      2.225  253.86555  254.18023    -3.9420     4.8270 -9.990e-29
 144.363683      2.251    16.1141  36.159427    28.1117      2.231  253.87001  254.18467    -3.8798     4.8391 -9.990e-29
 144.363686      2.258    16.1137  36.157243    28.1101      2.238  253.87480  254.18945    -3.7241     4.8553 -9.990e-29
 144.363689      2.269    16.1138  36.159124    28.1117      2.249  253.87169  254.18634    -4.1911     5.0696 -9.990e-29
 144.363692      2.285    16.1134  36.159002    28.1098      2.265  253.87704  254.19169    -4.1132     5.1060 -9.990e-29
 144.363695      2.313    16.1132  36.156576    28.1110      2.292  253.87599  254.19063    -4.1132     5.1182 0.0000e+00
 144.363698      2.344    16.1130  36.159003    28.1107      2.323  253.87704  254.19169    -4.1132     5.1303 0.0000e+00
 144.363701      2.386    16.1124  36.156819    28.1121      2.364  253.88067  254.19527    -3.5218     5.4295 0.0000e+00
 144.363704      2.428    16.1114  36.158457    28.1116      2.406  253.88190  254.19644    -3.5218     5.4699 0.0000e+00
 144.363707      2.470    16.1105  36.156395    28.1116      2.448  253.88866  254.20316    -3.5218     5.4699 0.0000e+00
 144.363709      2.517    16.1096  36.151056    28.1090      2.495  253.90001  254.21450    -3.5841     5.4538 0.0000e+00
 144.363712      2.557    16.1092  36.151966    28.1083      2.534  253.90102  254.21548    -3.6464     5.4194 0.0000e+00
 144.363715      2.588    16.1087  36.154818    28.1090      2.565  253.90202  254.21646    -3.8020     5.4538 -9.990e-29
 144.363718      2.612    16.1078  36.153968    28.1114      2.589  253.90241  254.21679    -3.8798     5.4335 -9.990e-29
 144.363721      2.632    16.1080  36.154151    28.1114      2.608  253.90154  254.21593    -3.9732     5.4538 -9.990e-29
 144.363724      2.647    16.1081  36.157245    28.1140      2.623  253.89631  254.21069    -3.8487     6.4081 -9.990e-29
 144.363727      2.663    16.1086  36.157912    28.1142      2.639  253.89350  254.20790    -3.6308     6.3959 -9.990e-29
 144.363730      2.681    16.1096  36.160096    28.1154      2.657  253.88659  254.20103    -4.0666     6.3919 -9.990e-29
 144.363733      2.705    16.1108  36.158822    28.1111      2.681  253.88795  254.20247    -3.8331     6.4161 -9.990e-29
 144.363736      2.732    16.1101  36.156153    28.1095      2.708  253.89432  254.20882    -3.9499     6.8326 0.0000e+00
 144.363738      2.766    16.1093  36.151299    28.1079      2.741  253.90070  254.21518    -4.0666     7.2491 0.0000e+00
 144.363741      2.800    16.1069  36.148448    28.1079      2.775  253.91442  254.22879    -4.0666     7.2613 0.0000e+00
 144.363744      2.840    16.1035  36.146508    28.1079      2.815  253.93013  254.24434    -4.0666     7.2774 0.0000e+00
 144.363747      2.879    16.1018  36.144264    28.1082      2.853  253.93852  254.25264    -4.0355     7.2936 0.0000e+00
 144.363750      2.908    16.1000  36.136985    28.1084      2.882  253.94690  254.26094    -4.0977     7.3098 -9.990e-29
 144.363753      2.930    16.0937  36.139412    28.1087      2.903  253.97823  254.29199    -3.6930     7.2127 -9.990e-29
 144.363756      2.942    16.0911  36.137895    28.1092      2.916  253.99024  254.30388    -3.3817     7.2087 -9.990e-29
 144.363759      2.950    16.0879  36.131466    28.1059      2.923  254.01205  254.32556    -3.6463     7.1804 -9.990e-29
 144.363762      2.963    16.0827  36.128859    28.1073      2.936  254.03574  254.34901    -3.0860     7.6495 -9.990e-29
 144.363764      2.975    16.0796  36.127161    28.1081      2.949  254.05046  254.36358    -2.9148     7.6535 -9.990e-29
 144.363767      2.990    16.0720  36.122915    28.1046      2.963  254.09466  254.40746    -3.1483     7.6292 -9.990e-29
 144.363770      3.021    16.0692  36.116973    28.1073      2.994  254.10419  254.41685    -3.4752     7.3543 0.0000e+00
 144.363773      3.052    16.0664  36.118490    28.1099      3.025  254.11372  254.42623    -3.8020     7.0793 0.0000e+00
 144.363776      3.088    16.0626  36.119582    28.1099      3.061  254.12671  254.43902    -3.8020     7.0753 0.0000e+00
 144.363779      3.131    16.0614  36.112365    28.1111      3.103  254.14181  254.45410    -3.8642     7.0753 0.0000e+00
 144.363782      3.172    16.0600  36.114791    28.1110      3.144  254.14368  254.45588    -3.8487     7.0833 0.0000e+00
 144.363785      3.216    16.0585  36.113458    28.1111      3.187  254.15148  254.46362    -3.8487     7.0914 0.0000e+00
 144.363788      3.258    16.0552  36.112124    28.1110      3.229  254.16598  254.47797    -3.4751     7.6656 0.0000e+00
 144.363791      3.295    16.0537  36.105757    28.1105      3.265  254.17655  254.48847    -3.4596     7.6656 0.0000e+00
 144.363793      3.324    16.0522  36.108608    28.1088      3.294  254.18712  254.49898    -3.4751     7.6656 -9.990e-29
 144.363796      3.346    16.0469  36.108184    28.1146      3.316  254.20360  254.51518    -3.4751     7.6252 -9.990e-29
 144.363799      3.371    16.0450  36.106850    28.1148      3.341  254.21292  254.52441    -3.8798     7.4271 -9.990e-29
 144.363802      3.393    16.0441  36.107820    28.1163      3.363  254.21512  254.52657    -3.8798     7.4473 -9.990e-29
 144.363805      3.410    16.0436  36.107942    28.1168      3.379  254.21678  254.52820    -3.8953     7.4554 -9.990e-29
 144.363808      3.439    16.0438  36.106608    28.1154      3.408  254.21788  254.52932    -3.8020     7.4554 -9.990e-29
 144.363811      3.464    16.0431  36.105516    28.1135      3.433  254.22493  254.53635    -3.8642     7.1925 -9.990e-29
 144.363814      3.495    16.0431  36.103758    28.1135      3.464  254.22493  254.53635    -3.8642     7.1925 0.0000e+00
 144.363817      3.521    16.0431  36.104183    28.1135      3.489  254.22493  254.53635    -3.8642     7.1925 -9.990e-29
 144.363819      3.537    16.0417  36.104850    28.1154      3.506  254.22879  254.54013    -3.8487     7.1723 -9.990e-29
 144.363822      3.552    16.0412  36.107033    28.1176      3.520  254.22735  254.53866    -3.7086     7.1561 -9.990e-29
 144.363825      3.564    16.0405  36.108852    28.1196      3.533  254.22706  254.53833    -3.6774     7.1763 -9.990e-29
 144.363828      3.574    16.0400  36.106184    28.1177      3.542  254.23320  254.54445    -3.6774     7.1966 -9.990e-29
 144.363831      3.584    16.0397  36.103334    28.1155      3.552  254.23870  254.54995    -3.4751     7.1602 -9.990e-29
 144.363834      3.592    16.0389  36.102243    28.1150      3.560  254.24308  254.55430    -3.4907     7.2330 -9.990e-29
 144.363837      3.614    16.0367  36.105093    28.1151      3.582  254.25427  254.56539    -3.4284     6.9297 -9.990e-29
 144.363840      3.650    16.0360  36.100485    28.1164      3.618  254.25531  254.56639    -3.3662     6.9337 0.0000e+00
 144.363843      3.694    16.0354  36.102365    28.1176      3.661  254.25635  254.56739    -3.3039     6.9378 0.0000e+00
 144.363845      3.743    16.0339  36.101820    28.1182      3.710  254.26086  254.57178    -3.3039     6.9459 0.0000e+00
 144.363848      3.798    16.0334  36.104670    28.1197      3.764  254.26297  254.57394    -3.8798     7.5403 0.0000e+00
 144.363851      3.851    16.0330  36.102912    28.1197      3.816  254.26474  254.57566    -3.8798     7.5767 0.0000e+00
 144.363854      3.895    16.0329  36.097151    28.1170      3.860  254.27402  254.58497    -3.9265     7.5969 0.0000e+00
 144.363857      3.937    16.0318  36.098728    28.1170      3.901  254.27594  254.58682    -3.8642     7.6211 0.0000e+00
 144.363860      3.969    16.0314  36.100669    28.1181      3.934  254.27616  254.58702    -3.8098     7.6212 0.0000e+00
 144.363863      3.999    16.0309  36.097334    28.1192      3.963  254.27639  254.58722    -3.6930     7.6454 -9.990e-29
 144.363866      4.024    16.0305  36.100244    28.1191      3.988  254.27858  254.58939    -3.8487     7.6292 -9.990e-29
 144.363869      4.039    16.0307  36.102003    28.1205      4.003  254.27504  254.58585    -3.9420     7.6616 -9.990e-29
