seaocn-cb/data/ctd_cnv/SBE19plus_01907321_2024_05_29_Cast107.cnv
* Sea-Bird SBE19plus  Data File:
* FileName = E:\Prandtl_Daten\2024\29052024\raw\SBE19plus_01907321_2024_05_29_Cast107.hex
* Software version 2.6.1.12
* Temperature SN = 7321
* Conductivity SN = 7321
* System UpLoad Time = May 29 2024 11:47:37
* <ApplicationData>
* <Seaterm232>
** 20240527
** Sea Practical 2024
** MCat 27.05 CTD_Z5
** NMEA Latitude = 54 3.55N
** NMEA Longitude = 008 21.76E
** waterdepth = 15.2m
** Isabelle
# nquan = 11
# nvalues = 511                         
# units = specified
# name 0 = timeJ: Julian Days
# name 1 = prdM: Pressure, Strain Gauge [db]
# name 2 = tv290C: Temperature [ITS-90, deg C]
# name 3 = c0mS/cm: Conductivity [mS/cm]
# name 4 = sal00: Salinity, Practical [PSU]
# name 5 = depSM: Depth [salt water, m], lat = 54.00
# name 6 = oxsatMm/Kg: Oxygen Saturation, Weiss [umol/kg]
# name 7 = oxsolMm/Kg: Oxygen Saturation, Garcia & Gordon [umol/kg]
# name 8 = turbWETntu0: Turbidity, WET Labs ECO [NTU]
# name 9 = flECO-AFL: Fluorescence, WET Labs ECO-AFL/FL [mg/m^3]
# name 10 = flag:  0.000e+00
# span 0 = 150.486956, 150.488432       
# span 1 =      0.619,     14.189       
# span 2 =    14.8721,    15.3730       
# span 3 =  37.903656,  38.454628       
# span 4 =    30.1823,    31.0595       
# span 5 =      0.614,     14.062       
# span 6 =  253.98370,  255.04276       
# span 7 =  254.24691,  255.27406       
# span 8 =    -4.2066,    36.2759       
# span 9 =     6.5375,     9.3720       
# span 10 = 0.0000e+00, 0.0000e+00      
# interval = seconds: 0.25
# start_time = May 29 2024 11:39:56 [Instrument's time stamp, header]
# bad_flag = -9.990e-29
*END*
[from data line 132]
 150.487338      4.272    15.3321  37.972277    30.2732      4.234  254.06666  254.32811    -3.8642     8.4016 0.0000e+00
 150.487341      4.298    15.3325  37.971596    30.2728      4.260  254.06603  254.32750    -3.8564     8.4096 0.0000e+00
 150.487344      4.324    15.3328  37.971596    30.2722      4.285  254.06540  254.32689    -3.8331     8.4218 -9.990e-29
 150.487347      4.344    15.3330  37.970173    30.2708      4.305  254.06675  254.32827    -3.6774     8.2762 -9.990e-29
 150.487350      4.362    15.3332  37.971844    30.2721      4.323  254.06360  254.32511    -3.6463     8.2924 -9.990e-29
 150.487352      4.375    15.3329  37.972463    30.2728      4.336  254.06352  254.32502    -3.5062     8.2883 -9.990e-29
 150.487355      4.381    15.3325  37.973020    30.2737      4.341  254.06441  254.32588    -3.5685     8.6684 -9.990e-29
 150.487358      4.379    15.3319  37.975371    30.2762      4.340  254.06281  254.32423    -3.5218     8.6563 -9.990e-29
 150.487361      4.382    15.3311  37.979270    30.2803      4.343  254.05999  254.32133    -3.5374     8.6442 -9.990e-29
 150.487364      4.397    15.3298  37.982056    30.2837      4.357  254.06035  254.32160    -3.6308     8.7008 -9.990e-29
 150.487367      4.418    15.3269  37.982056    30.2900      4.379  254.06454  254.32560    -3.1638     8.4865 -9.990e-29
 150.487370      4.451    15.3261  37.986512    30.2906      4.411  254.06747  254.32848    -3.0705     8.4764 0.0000e+00
 150.487373      4.500    15.3253  37.986513    30.2911      4.460  254.07039  254.33136    -3.1638     8.4663 0.0000e+00
 150.487376      4.559    15.3237  37.985152    30.2912      4.518  254.07864  254.33952    -3.1794     8.4663 0.0000e+00
 150.487378      4.615    15.3231  37.985214    30.2916      4.574  254.07894  254.33975    -3.8020     8.4663 0.0000e+00
 150.487381      4.667    15.3226  37.987442    30.2927      4.625  254.08061  254.34146    -3.8487     8.0943 0.0000e+00
 150.487384      4.725    15.3223  37.985833    30.2932      4.683  254.08263  254.34343    -3.8487     8.0943 0.0000e+00
 150.487387      4.767    15.3221  37.986081    30.2929      4.724  254.08317  254.34397    -3.8564     8.0963 0.0000e+00
 150.487390      4.796    15.3219  37.985215    30.2932      4.753  254.08372  254.34451    -3.8487     8.0983 -9.990e-29
 150.487393      4.814    15.3221  37.985834    30.2929      4.771  254.08355  254.34435    -3.5062     8.5310 -9.990e-29
 150.487396      4.821    15.3223  37.984534    30.2915      4.778  254.08470  254.34551    -3.5374     8.5552 -9.990e-29
 150.487399      4.823    15.3230  37.983048    30.2898      4.780  254.08467  254.34553    -3.5841     8.5188 -9.990e-29
 150.487402      4.829    15.3237  37.981872    30.2882      4.785  254.08387  254.34478    -3.5529     8.5471 -9.990e-29
 150.487405      4.845    15.3249  37.980511    30.2860      4.802  254.08133  254.34232    -3.5529     8.2277 -9.990e-29
 150.487407      4.864    15.3266  37.982120    30.2869      4.820  254.07114  254.33221    -3.4907     8.2075 -9.990e-29
 150.487410      4.898    15.3265  37.982986    30.2874      4.855  254.07083  254.33188    -3.5374     8.2257 0.0000e+00
 150.487413      4.938    15.3264  37.983977    30.2879      4.894  254.07114  254.33221    -3.5841     8.2439 0.0000e+00
 150.487416      4.986    15.3259  37.984286    30.2885      4.941  254.07180  254.33282    -3.7241     8.7129 0.0000e+00
 150.487419      5.032    15.3251  37.984967    30.2897      4.987  254.07368  254.33466    -3.8331     8.7210 0.0000e+00
 150.487422      5.068    15.3245  37.985587    30.2907      5.022  254.07485  254.33573    -3.8798     8.7493 0.0000e+00
 150.487425      5.106    15.3241  37.987444    30.2918      5.061  254.07497  254.33587    -3.8798     8.7554 0.0000e+00
 150.487428      5.135    15.3238  37.987258    30.2929      5.089  254.07485  254.33573    -3.8798     8.7493 -9.990e-29
 150.487431      5.150    15.3230  37.985401    30.2917      5.104  254.08094  254.34179    -3.7086     8.4258 -9.990e-29
 150.487433      5.157    15.3232  37.985401    30.2915      5.111  254.08036  254.34122    -3.8798     8.4258 -9.990e-29
 150.487436      5.162    15.3237  37.983978    30.2899      5.116  254.08082  254.34172    -3.8331     8.3814 -9.990e-29
 150.487439      5.173    15.3241  37.982059    30.2879      5.127  254.08234  254.34327    -3.8642     8.4097 -9.990e-29
 150.487442      5.190    15.3248  37.983421    30.2872      5.143  254.08003  254.34101    -3.3973     8.3571 -9.990e-29
 150.487445      5.217    15.3247  37.981874    30.2886      5.171  254.07794  254.33890    -3.3584     8.3612 0.0000e+00
 150.487448      5.246    15.3246  37.984968    30.2878      5.199  254.08003  254.34101    -3.3195     8.3571 0.0000e+00
 150.487451      5.285    15.3245  37.982369    30.2900      5.237  254.07610  254.33703    -3.3195     8.3652 0.0000e+00
 150.487454      5.328    15.3244  37.985402    30.2897      5.281  254.07960  254.34051    -3.3350     8.9192 0.0000e+00
 150.487457      5.378    15.3240  37.984102    30.2897      5.330  254.07960  254.34051    -3.3973     8.9192 0.0000e+00
 150.487459      5.421    15.3240  37.983484    30.2897      5.373  254.07960  254.34051    -3.3350     8.9030 0.0000e+00
 150.487462      5.469    15.3241  37.985217    30.2906      5.420  254.07764  254.33855    -3.3973     8.9030 0.0000e+00
 150.487465      5.513    15.3242  37.987259    30.2914      5.463  254.07535  254.33626    -3.5530     8.9050 0.0000e+00
 150.487468      5.544    15.3244  37.990107    30.2921      5.494  254.07305  254.33397    -3.8331     8.9151 -9.990e-29
 150.487471      5.566    15.3230  37.995244    30.3002      5.516  254.06597  254.32676    -3.8020     8.9111 -9.990e-29
 150.487474      5.579    15.3209  38.001744    30.3076      5.529  254.06378  254.32440    -3.8020     8.9515 -9.990e-29
 150.487477      5.586    15.3172  38.006635    30.3148      5.536  254.07018  254.33055    -3.8798     8.9111 -9.990e-29
 150.487480      5.595    15.3133  38.008307    30.3193      5.545  254.08213  254.34227    -3.7708     9.0445 -9.990e-29
 150.487483      5.610    15.3101  38.007503    30.3211      5.560  254.09530  254.35527    -3.8642     9.0405 -9.990e-29
 150.487486      5.626    15.3086  38.005274    30.3202      5.576  254.10428  254.36418    -3.8487     9.0324 -9.990e-29
 150.487488      5.648    15.3083  38.005708    30.3201      5.597  254.10615  254.36603    -3.5996     9.0405 -9.990e-29
 150.487491      5.684    15.3084  38.004841    30.3184      5.634  254.10894  254.36883    -3.6230     9.0446 0.0000e+00
 150.487494      5.725    15.3084  38.001065    30.3166      5.674  254.11172  254.37164    -3.6463     9.0405 0.0000e+00
 150.487497      5.774    15.3091  37.999147    30.3144      5.722  254.11172  254.37164    -3.6463     9.0324 0.0000e+00
 150.487500      5.817    15.3105  37.997042    30.3114      5.765  254.11016  254.37022    -3.6774     9.0324 0.0000e+00
 150.487503      5.867    15.3114  37.995432    30.3100      5.814  254.10822  254.36834    -3.7475     9.0445 0.0000e+00
 150.487506      5.898    15.3122  37.993452    30.3086      5.845  254.10628  254.36645    -3.8487     9.0607 -9.990e-29
 150.487509      5.916    15.3156  37.991471    30.3025      5.863  254.09965  254.36004    -3.8020     9.0486 -9.990e-29
 150.487512      5.931    15.3167  37.991904    30.3020      5.878  254.09491  254.35537    -3.7864     9.0283 -9.990e-29
 150.487514      5.932    15.3175  37.989676    30.2994      5.879  254.09545  254.35596    -3.8487     8.5471 -9.990e-29
 150.487517      5.938    15.3186  37.989366    30.2983      5.885  254.09187  254.35244    -3.7708     8.5471 -9.990e-29
 150.487520      5.941    15.3197  37.987447    30.2958      5.888  254.09076  254.35141    -3.8175     8.5512 -9.990e-29
 150.487523      5.956    15.3200  37.986766    30.2949      5.902  254.09066  254.35133    -3.7241     8.5229 -9.990e-29
 150.487526      5.978    15.3209  37.989118    30.2956      5.924  254.08481  254.34553    -3.8487     8.9758 -9.990e-29
 150.487529      6.011    15.3207  37.988314    30.2982      5.957  254.08154  254.34222    -3.8564     8.9758 0.0000e+00
 150.487532      6.057    15.3204  37.993885    30.3009      6.002  254.07826  254.33891    -3.8487     8.9758 0.0000e+00
 150.487535      6.109    15.3194  38.001746    30.3086      6.055  254.06992  254.33045    -3.8487     8.9758 0.0000e+00
 150.487538      6.167    15.3161  38.013324    30.3214      6.112  254.06992  254.33045    -3.8175     9.0000 0.0000e+00
 150.487541      6.223    15.3103  38.018835    30.3308      6.167  254.07756  254.33746    -3.6308     9.3357 0.0000e+00
 150.487543      6.273    15.3077  38.018464    30.3325      6.217  254.08731  254.34706    -3.5996     9.3499 0.0000e+00
 150.487546      6.308    15.3052  38.019827    30.3343      6.252  254.09706  254.35667    -3.5685     9.3640 -9.990e-29
 150.487549      6.330    15.2999  38.022551    30.3420      6.273  254.11052  254.36981    -3.5841     9.3720 -9.990e-29
 150.487552      6.339    15.2981  38.024966    30.3456      6.283  254.11376  254.37293    -3.3817     9.1739 -9.990e-29
 150.487555      6.347    15.2961  38.026329    30.3483      6.290  254.11892  254.37797    -3.3662     9.1537 -9.990e-29
 150.487558      6.350    15.2946  38.025153    30.3484      6.294  254.12626  254.38523    -3.2728     9.1699 -9.990e-29
 150.487561      6.358    15.2935  38.030540    30.3541      6.301  254.12228  254.38115    -3.2883     9.1901 -9.990e-29
 150.487564      6.374    15.2915  38.045960    30.3693      6.317  254.10568  254.36433    -3.3506     8.6806 -9.990e-29
 150.487567      6.394    15.2855  38.071233    30.3964      6.337  254.08920  254.34733    -3.4129     8.6725 -9.990e-29
 150.487569      6.418    15.2598  38.087095    30.4462      6.361  254.13262  254.38905    -3.3817     8.6927 -9.990e-29
 150.487572      6.451    15.2531  38.105005    30.4535      6.393  254.15438  254.41042    -3.3506     8.6927 0.0000e+00
 150.487575      6.486    15.2463  38.109468    30.4607      6.428  254.17615  254.43178    -3.3195     8.6927 0.0000e+00
 150.487578      6.525    15.2352  38.129676    30.4873      6.467  254.18654  254.44139    -3.1016     8.6523 0.0000e+00
 150.487581      6.562    15.2231  38.135071    30.5014      6.503  254.22307  254.47719    -3.1016     8.6159 0.0000e+00
 150.487584      6.595    15.2184  38.148897    30.5113      6.536  254.23001  254.48381    -3.1405     8.6301 0.0000e+00
 150.487587      6.620    15.2137  38.156091    30.5211      6.561  254.23694  254.49042    -3.1794     8.6078 -9.990e-29
 150.487590      6.642    15.1951  38.160680    30.5460      6.583  254.28781  254.54014    -3.0860     8.7574 -9.990e-29
 150.487593      6.662    15.1815  38.168681    30.5593      6.603  254.33402  254.58555    -3.0238     8.7331 -9.990e-29
 150.487595      6.695    15.1800  38.163721    30.5596      6.635  254.34107  254.59252    -3.0160     8.7210 0.0000e+00
 150.487598      6.730    15.1785  38.161923    30.5600      6.670  254.33656  254.58781    -3.0082     8.7089 0.0000e+00
 150.487601      6.772    15.1776  38.171597    30.5694      6.711  254.33656  254.58781    -3.0082     8.6968 0.0000e+00
 150.487604      6.815    15.1742  38.185614    30.5844      6.754  254.33656  254.58781    -2.9771     8.6604 0.0000e+00
 150.487607      6.855    15.1705  38.196284    30.5921      6.794  254.33294  254.58363    -3.0471     8.6462 0.0000e+00
 150.487610      6.886    15.1667  38.201000    30.5998      6.825  254.33866  254.58910    -2.9771     8.6321 -9.990e-29
 150.487613      6.906    15.1503  38.204661    30.6200      6.845  254.38689  254.63633    -3.4751     8.9839 -9.990e-29
 150.487616      6.928    15.1445  38.201684    30.6219      6.866  254.41321  254.66233    -3.3350     9.0000 -9.990e-29
 150.487619      6.939    15.1416  38.200320    30.6230      6.877  254.42632  254.67528    -3.3195     9.0081 -9.990e-29
 150.487622      6.950    15.1410  38.202305    30.6252      6.888  254.42554  254.67446    -3.2572     8.9636 -9.990e-29
 150.487624      6.963    15.1407  38.201871    30.6251      6.901  254.42738  254.67628    -3.3506     8.9919 -9.990e-29
 150.487627      6.974    15.1403  38.204166    30.6274      6.911  254.42526  254.67412    -2.8837     7.8516 -9.990e-29
 150.487630      6.992    15.1376  38.204911    30.6306      6.929  254.43307  254.68177    -2.9926     7.8557 -9.990e-29
 150.487633      7.018    15.1367  38.205469    30.6303      6.955  254.43849  254.68714    -2.9926     7.8557 0.0000e+00
 150.487636      7.056    15.1358  38.202988    30.6306      6.993  254.44390  254.69250    -2.9926     7.8557 0.0000e+00
 150.487639      7.098    15.1349  38.204415    30.6316      7.035  254.44516  254.69371    -3.0860     8.8464 0.0000e+00
 150.487642      7.144    15.1348  38.203919    30.6318      7.080  254.44516  254.69371    -3.1016     8.8787 0.0000e+00
 150.487645      7.188    15.1346  38.205036    30.6324      7.123  254.44454  254.69307    -3.1016     8.8787 0.0000e+00
 150.487648      7.226    15.1345  38.207456    30.6343      7.161  254.44454  254.69307    -2.9615     8.8787 0.0000e+00
 150.487650      7.261    15.1340  38.205967    30.6345      7.196  254.44485  254.69333    -2.7903     9.0344 0.0000e+00
 150.487653      7.290    15.1335  38.205967    30.6343      7.224  254.44804  254.69650    -2.6191     9.2063 -9.990e-29
 150.487656      7.312    15.1318  38.204665    30.6344      7.246  254.45646  254.70482    -2.6191     9.1537 -9.990e-29
 150.487659      7.321    15.1324  38.202804    30.6323      7.255  254.45706  254.70547    -2.7125     9.1739 -9.990e-29
 150.487662      7.334    15.1335  38.201004    30.6298      7.268  254.45583  254.70431    -3.1794     8.3167 -9.990e-29
 150.487665      7.343    15.1349  38.197344    30.6254      7.277  254.45605  254.70465    -3.1171     8.2964 -9.990e-29
 150.487668      7.354    15.1369  38.193808    30.6207      7.288  254.45435  254.70309    -3.0082     8.2924 -9.990e-29
 150.487671      7.376    15.1389  38.193126    30.6185      7.310  254.44792  254.69678    -3.1016     8.2600 -9.990e-29
 150.487674      7.401    15.1416  38.193622    30.6192      7.335  254.43292  254.68191    -3.0704     8.4703 -9.990e-29
 150.487677      7.441    15.1414  38.196289    30.6208      7.375  254.43090  254.67987    -3.1015     8.4865 0.0000e+00
 150.487679      7.485    15.1413  38.199639    30.6224      7.418  254.43292  254.68191    -3.1327     8.4946 0.0000e+00
 150.487682      7.532    15.1397  38.198275    30.6224      7.465  254.43681  254.68568    -3.1327     8.4946 0.0000e+00
 150.487685      7.585    15.1393  38.193127    30.6186      7.517  254.44847  254.69737    -3.1327     8.4946 0.0000e+00
 150.487688      7.638    15.1393  38.191762    30.6169      7.570  254.44847  254.69737    -3.1016     8.7817 0.0000e+00
 150.487691      7.686    15.1414  38.189343    30.6131      7.617  254.44447  254.69351    -3.0860     8.7898 0.0000e+00
 150.487694      7.726    15.1425  38.188660    30.6119      7.657  254.44097  254.69008    -3.0626     8.8040 0.0000e+00
 150.487697      7.755    15.1436  38.192444    30.6107      7.685  254.43747  254.68664    -3.0860     8.7898 -9.990e-29
 150.487700      7.766    15.1442  38.191948    30.6132      7.697  254.43006  254.67924    -2.8837     8.2924 -9.990e-29
 150.487703      7.766    15.1427  38.198958    30.6206      7.697  254.42463  254.67367    -3.0082     8.3045 -9.990e-29
 150.487705      7.755    15.1403  38.211552    30.6337      7.686  254.41423  254.66304    -2.9459     8.2600 -9.990e-29
 150.487708      7.742    15.1345  38.217819    30.6439      7.673  254.42611  254.67454    -2.9148     8.3207 -9.990e-29
 150.487711      7.737    15.1280  38.222535    30.6531      7.667  254.44271  254.69073    -2.7747     8.1792 -9.990e-29
