seaocn-cb/data/ctd_cnv/SBE19plus_01907321_2024_05_27_Cast74.cnv
* Sea-Bird SBE19plus  Data File:
* FileName = E:\Prandtl_Daten\2024\27052024\raw\SBE19plus_01907321_2024_05_27_Cast74.hex
* Software version 2.6.1.12
* Temperature SN = 7321
* Conductivity SN = 7321
* System UpLoad Time = May 27 2024 09:38:42
* <ApplicationData>
* <Seaterm232>
** 20240527
** Sea Practical 2024
** MCat 27.05 CTD_SP5
** NMEA Latitude = 54 7.781N
** NMEA Longitude = 008 25.579E
** waterdepth = 8.7m
** Merle
# nquan = 11
# nvalues = 348                         
# units = specified
# name 0 = timeJ: Julian Days
# name 1 = prdM: Pressure, Strain Gauge [db]
# name 2 = tv290C: Temperature [ITS-90, deg C]
# name 3 = c0mS/cm: Conductivity [mS/cm]
# name 4 = sal00: Salinity, Practical [PSU]
# name 5 = depSM: Depth [salt water, m], lat = 54.00
# name 6 = oxsatMm/Kg: Oxygen Saturation, Weiss [umol/kg]
# name 7 = oxsolMm/Kg: Oxygen Saturation, Garcia & Gordon [umol/kg]
# name 8 = turbWETntu0: Turbidity, WET Labs ECO [NTU]
# name 9 = flECO-AFL: Fluorescence, WET Labs ECO-AFL/FL [mg/m^3]
# name 10 = flag:  0.000e+00
# span 0 = 148.396878, 148.397882       
# span 1 =      0.687,      7.894       
# span 2 =    16.3486,    16.4840       
# span 3 =  36.848684,  36.989554       
# span 4 =    28.5487,    28.5831       
# span 5 =      0.681,      7.824       
# span 6 =  251.25054,  251.91683       
# span 7 =  251.57876,  252.23909       
# span 8 =    -2.0822,    95.2331       
# span 9 =     3.1691,     7.8355       
# span 10 = 0.0000e+00, 0.0000e+00      
# interval = seconds: 0.25
# start_time = May 27 2024 09:30:05 [Instrument's time stamp, header]
# bad_flag = -9.990e-29
*END*
[from data line 132]
 148.397260      4.374    16.3970  36.933930    28.5768      4.335  251.65552  251.97978     2.5015     5.2354 -9.990e-29
 148.397263      4.385    16.3952  36.930993    28.5756      4.345  251.66678  251.99096     2.2525     5.1909 -9.990e-29
 148.397266      4.394    16.3932  36.925976    28.5727      4.354  251.68140  252.00552     2.3303     5.1950 -9.990e-29
 148.397269      4.405    16.3907  36.924018    28.5728      4.365  251.69393  252.01793     0.9451     4.6289 -9.990e-29
 148.397271      4.414    16.3867  36.919001    28.5713      4.374  251.71608  252.03992     1.1475     4.6167 -9.990e-29
 148.397274      4.434    16.3830  36.894960    28.5533      4.394  251.76538  252.08917     1.2097     4.6289 -9.990e-29
 148.397277      4.456    16.3762  36.917228    28.5757      4.416  251.76059  252.08393    -0.3311     4.5399 -9.990e-29
 148.397280      4.487    16.3756  36.915393    28.5748      4.447  251.76564  252.08896    -0.2689     4.5339 0.0000e+00
 148.397283      4.525    16.3749  36.912029    28.5757      4.485  251.76059  252.08393    -0.2066     4.5399 0.0000e+00
 148.397286      4.564    16.3749  36.919738    28.5803      4.523  251.75995  252.08319    -0.1755     4.5278 0.0000e+00
 148.397289      4.609    16.3753  36.919921    28.5805      4.568  251.75760  252.08086    -0.0821     4.5642 0.0000e+00
 148.397292      4.650    16.3761  36.921512    28.5804      4.608  251.75226  252.07556     0.0891     4.6733 0.0000e+00
 148.397295      4.690    16.3765  36.921512    28.5807      4.648  251.75077  252.07409     0.1514     4.6774 0.0000e+00
 148.397297      4.719    16.3769  36.927080    28.5804      4.677  251.74927  252.07261     0.0891     4.6814 -9.990e-29
 148.397300      4.735    16.3802  36.924020    28.5802      4.693  251.73326  252.05674     0.4159     4.7057 -9.990e-29
 148.397303      4.754    16.3822  36.924020    28.5788      4.711  251.72574  252.04932     0.1513     4.9483 -9.990e-29
 148.397306      4.763    16.3836  36.922552    28.5765      4.720  251.72249  252.04615     0.1202     4.8755 -9.990e-29
 148.397309      4.785    16.3861  36.928548    28.5831      4.742  251.69875  252.02248     0.1980     4.9038 -9.990e-29
 148.397312      4.812    16.3868  36.932342    28.5828      4.769  251.69597  252.01974     0.0268     4.9301 0.0000e+00
 148.397315      4.852    16.3875  36.932648    28.5824      4.809  251.69448  252.01836     0.1980     4.9038 0.0000e+00
 148.397318      4.891    16.3887  36.928732    28.5781      4.847  251.69448  252.01836     1.1163     4.6976 0.0000e+00
 148.397321      4.936    16.3887  36.927385    28.5781      4.892  251.69448  252.01836     1.1630     4.6733 0.0000e+00
 148.397323      4.978    16.3887  36.928793    28.5779      4.934  251.69498  252.01889     1.1630     4.6976 0.0000e+00
 148.397326      5.011    16.3886  36.928304    28.5780      4.966  251.69541  252.01929     1.2409     4.6774 0.0000e+00
 148.397329      5.039    16.3884  36.924449    28.5779      4.993  251.69638  252.02025     1.3187     4.7016 -9.990e-29
 148.397332      5.059    16.3865  36.928794    28.5797      5.013  251.70291  252.02668     0.8517     4.9604 -9.990e-29
 148.397335      5.068    16.3856  36.925122    28.5772      5.022  251.71164  252.03538     0.9296     4.8876 -9.990e-29
 148.397338      5.064    16.3849  36.926040    28.5785      5.019  251.71300  252.03670     0.8050     4.9523 -9.990e-29
 148.397341      5.064    16.3838  36.927509    28.5805      5.019  251.71475  252.03839     0.9296     4.3498 -9.990e-29
 148.397344      5.066    16.3830  36.923104    28.5773      5.020  251.72425  252.04788     0.7428     4.3215 -9.990e-29
 148.397347      5.078    16.3824  36.922737    28.5775      5.033  251.72721  252.05081     0.7428     4.3498 -9.990e-29
 148.397350      5.100    16.3811  36.925123    28.5789      5.055  251.73116  252.05469     0.7584     4.6208 -9.990e-29
 148.397352      5.137    16.3811  36.923349    28.5796      5.091  251.73019  252.05372     0.8440     4.6329 0.0000e+00
 148.397355      5.186    16.3810  36.924879    28.5789      5.140  251.73116  252.05469     0.7584     4.6369 0.0000e+00
 148.397358      5.243    16.3807  36.923104    28.5802      5.196  251.72923  252.05275     0.7428     4.6369 0.0000e+00
 148.397361      5.299    16.3807  36.926715    28.5816      5.252  251.72839  252.05188     0.7428     4.6369 0.0000e+00
 148.397364      5.345    16.3808  36.926409    28.5816      5.297  251.72839  252.05188     0.7584     4.6572 0.0000e+00
 148.397367      5.387    16.3808  36.924696    28.5809      5.339  251.72893  252.05245     1.2487     4.8169 0.0000e+00
 148.397370      5.418    16.3808  36.923533    28.5801      5.369  251.73021  252.05373     1.7389     4.9766 -9.990e-29
 148.397373      5.440    16.3798  36.921698    28.5783      5.391  251.73858  252.06205     1.4587     5.0090 -9.990e-29
 148.397376      5.451    16.3789  36.922677    28.5798      5.402  251.74045  252.06388     1.7389     5.0575 -9.990e-29
 148.397378      5.464    16.3781  36.921270    28.5791      5.415  251.74554  252.06894     2.2214     4.8715 -9.990e-29
 148.397381      5.485    16.3776  36.919740    28.5781      5.436  251.74962  252.07300     2.1903     4.8432 -9.990e-29
 148.397384      5.505    16.3761  36.920842    28.5793      5.456  251.75479  252.07810     2.1124     4.8715 -9.990e-29
 148.397387      5.536    16.3758  36.919924    28.5793      5.487  251.75646  252.07975     2.4315     5.0999 0.0000e+00
 148.397390      5.566    16.3758  36.919313    28.5793      5.516  251.75646  252.07975     2.4315     5.0999 0.0000e+00
 148.397393      5.600    16.3755  36.918579    28.5792      5.550  251.75812  252.08140     2.7506     5.3284 -9.990e-29
 148.397396      5.622    16.3733  36.914052    28.5763      5.572  251.77404  252.09724     2.6416     5.3648 -9.990e-29
 148.397399      5.644    16.3718  36.914113    28.5774      5.593  251.77968  252.10281     2.7039     5.4133 -9.990e-29
 148.397402      5.662    16.3705  36.912951    28.5773      5.611  251.78623  252.10930     3.2642     4.8229 -9.990e-29
 148.397405      5.675    16.3698  36.916805    28.5812      5.624  251.78326  252.10627     3.2175     4.8027 -9.990e-29
 148.397407      5.689    16.3692  36.913685    28.5789      5.638  251.78998  252.11298     3.4043     4.7785 -9.990e-29
 148.397410      5.706    16.3686  36.913135    28.5789      5.655  251.79321  252.11618     3.2486     4.7704 -9.990e-29
 148.397413      5.724    16.3666  36.914297    28.5791      5.673  251.80244  252.12533     4.1047     5.2758 -9.990e-29
 148.397416      5.751    16.3659  36.911789    28.5786      5.700  251.80697  252.12982     4.1436     5.2758 0.0000e+00
 148.397419      5.789    16.3652  36.909342    28.5791      5.738  251.81150  252.13432     4.1047     5.2758 0.0000e+00
 148.397422      5.831    16.3634  36.910689    28.5802      5.779  251.81616  252.13889     4.0580     5.2111 0.0000e+00
 148.397425      5.877    16.3625  36.909771    28.5802      5.824  251.82085  252.14354     4.0580     5.2030 0.0000e+00
 148.397428      5.921    16.3611  36.905489    28.5784      5.868  251.83261  252.15526     5.0541     5.1747 0.0000e+00
 148.397431      5.963    16.3601  36.904878    28.5780      5.909  251.83668  252.15929     5.1241     5.1707 0.0000e+00
 148.397433      5.997    16.3591  36.903655    28.5784      5.944  251.84076  252.16332     5.0541     5.1747 -9.990e-29
 148.397436      6.021    16.3555  36.903655    28.5799      5.967  251.85615  252.17853     5.0385     5.1586 -9.990e-29
 148.397439      6.043    16.3545  36.903778    28.5808      5.989  251.85990  252.18223     4.4782     6.0239 -9.990e-29
 148.397442      6.056    16.3538  36.902310    28.5800      6.002  251.86448  252.18679     4.3070     6.0118 -9.990e-29
 148.397445      6.074    16.3530  36.900046    28.5814      6.020  251.86598  252.18824     4.4626     6.0441 -9.990e-29
 148.397448      6.100    16.3530  36.903350    28.5814      6.045  251.86598  252.18824     4.4626     6.0441 0.0000e+00
 148.397451      6.131    16.3530  36.900047    28.5814      6.076  251.86598  252.18824     4.4626     6.0441 -9.990e-29
 148.397454      6.156    16.3509  36.896682    28.5781      6.101  251.88208  252.20426     5.2564     5.2354 -9.990e-29
 148.397457      6.187    16.3509  36.897784    28.5781      6.132  251.88208  252.20426     5.2564     5.2354 0.0000e+00
 148.397459      6.215    16.3509  36.893319    28.5781      6.159  251.88208  252.20426     5.2564     5.2354 -9.990e-29
 148.397462      6.238    16.3499  36.901638    28.5822      6.182  251.88033  252.20244     5.2875     5.2556 -9.990e-29
 148.397465      6.264    16.3497  36.900109    28.5810      6.208  251.88320  252.20532     3.9490     5.9471 -9.990e-29
 148.397468      6.287    16.3499  36.901210    28.5818      6.231  251.88099  252.20311     4.1513     5.8622 -9.990e-29
 148.397471      6.308    16.3500  36.902800    28.5830      6.251  251.87805  252.20017     3.8556     5.9228 -9.990e-29
 148.397474      6.326    16.3514  36.902311    28.5822      6.269  251.87268  252.19487     8.1513     5.2435 -9.990e-29
 148.397477      6.351    16.3518  36.902984    28.5810      6.295  251.87283  252.19504     8.0813     5.2051 0.0000e+00
 148.397480      6.377    16.3521  36.900965    28.5807      6.320  251.87268  252.19487     8.0113     5.1950 0.0000e+00
 148.397483      6.404    16.3523  36.902066    28.5807      6.347  251.87076  252.19299     8.0113     5.1950 0.0000e+00
 148.397486      6.435    16.3524  36.904574    28.5817      6.378  251.86832  252.19054     7.9879     5.1950 0.0000e+00
 148.397488      6.464    16.3526  36.903902    28.5827      6.406  251.86587  252.18810     8.0580     5.1950 -9.990e-29
 148.397491      6.483    16.3536  36.903351    28.5809      6.425  251.86409  252.18637    12.7895     5.6115 -9.990e-29
 148.397494      6.499    16.3539  36.903473    28.5808      6.441  251.86271  252.18501    12.7272     5.5710 -9.990e-29
 148.397497      6.521    16.3538  36.902556    28.5763      6.463  251.87080  252.19313    13.5210     5.5306 -9.990e-29
 148.397500      6.552    16.3537  36.898213    28.5778      6.493  251.86859  252.19090    13.5366     5.5184 0.0000e+00
 148.397503      6.585    16.3537  36.901639    28.5777      6.526  251.87080  252.19313    13.5521     5.5185 0.0000e+00
 148.397506      6.625    16.3532  36.899375    28.5786      6.566  251.87154  252.19383    13.5521     5.5063 0.0000e+00
 148.397509      6.663    16.3526  36.899926    28.5786      6.604  251.87285  252.19512    13.5210     5.5185 0.0000e+00
 148.397512      6.709    16.3523  36.900293    28.5791      6.649  251.87285  252.19512    13.5210     5.4982 0.0000e+00
 148.397514      6.751    16.3520  36.901823    28.5791      6.690  251.87354  252.19579    16.2292     5.4982 0.0000e+00
 148.397517      6.791    16.3517  36.896929    28.5766      6.730  251.88066  252.20290    16.3226     5.4740 0.0000e+00
 148.397520      6.827    16.3516  36.895094    28.5759      6.766  251.88263  252.20486    16.3771     5.4578 0.0000e+00
 148.397523      6.860    16.3514  36.896012    28.5752      6.799  251.88459  252.20682    16.4315     5.4416 -9.990e-29
 148.397526      6.880    16.3507  36.897113    28.5775      6.819  251.88435  252.20654    19.4198     5.5023 -9.990e-29
 148.397529      6.888    16.3505  36.894911    28.5757      6.826  251.88821  252.21040    19.5910     5.4861 -9.990e-29
 148.397532      6.884    16.3503  36.894300    28.5753      6.822  251.89002  252.21219    19.6222     5.4942 -9.990e-29
 148.397535      6.882    16.3499  36.894667    28.5760      6.820  251.89098  252.21313    19.5755     5.4861 -9.990e-29
 148.397538      6.880    16.3498  36.894911    28.5762      6.819  251.89092  252.21307    23.9334     5.8500 -9.990e-29
 148.397541      6.895    16.3496  36.896869    28.5775      6.833  251.88986  252.21199    24.0424     5.8622 -9.990e-29
 148.397543      6.920    16.3494  36.896257    28.5763      6.858  251.89282  252.21495    24.0191     5.8521 0.0000e+00
 148.397546      6.957    16.3492  36.893077    28.5775      6.895  251.89113  252.21324    23.9957     5.8419 0.0000e+00
 148.397549      6.997    16.3492  36.896441    28.5750      6.934  251.89578  252.21791    22.4082     5.6559 0.0000e+00
 148.397552      7.044    16.3491  36.892404    28.5752      6.981  251.89706  252.21917    22.1591     5.6559 0.0000e+00
 148.397555      7.093    16.3490  36.893077    28.5752      7.030  251.89706  252.21917    22.1591     5.6559 0.0000e+00
 148.397558      7.134    16.3490  36.893873    28.5752      7.070  251.89706  252.21917    22.1591     5.6155 0.0000e+00
 148.397561      7.176    16.3490  36.892649    28.5753      7.112  251.89652  252.21864    22.2370     5.6074 0.0000e+00
 148.397564      7.205    16.3490  36.891059    28.5748      7.140  251.89743  252.21956    22.3148     5.6155 -9.990e-29
 148.397567      7.221    16.3488  36.893017    28.5752      7.157  251.89752  252.21963    24.0891     6.0482 -9.990e-29
 148.397569      7.229    16.3490  36.893995    28.5759      7.164  251.89548  252.21759    24.2292     6.0360 -9.990e-29
 148.397572      7.225    16.3490  36.891059    28.5734      7.160  251.89981  252.22194    24.1358     5.9916 -9.990e-29
 148.397575      7.238    16.3488  36.892588    28.5748      7.173  251.89816  252.22028    32.8362     6.1210 -9.990e-29
 148.397578      7.263    16.3488  36.893078    28.5768      7.198  251.89476  252.21687    33.0852     6.1654 -9.990e-29
 148.397581      7.300    16.3489  36.894913    28.5757      7.235  251.89619  252.21830    33.0230     6.1675 0.0000e+00
 148.397584      7.351    16.3490  36.892589    28.5761      7.285  251.89476  252.21687    32.9607     6.1654 0.0000e+00
 148.397587      7.413    16.3491  36.894424    28.5746      7.347  251.89708  252.21923    27.5910     5.7651 0.0000e+00
 148.397590      7.475    16.3494  36.891978    28.5741      7.408  251.89657  252.21872    27.5288     5.7570 0.0000e+00
 148.397593      7.526    16.3494  36.892345    28.5740      7.459  251.89682  252.21898    27.5599     5.7428 0.0000e+00
 148.397595      7.566    16.3494  36.893079    28.5741      7.498  251.89657  252.21872    27.5288     5.7287 -9.990e-29
 148.397598      7.586    16.3496  36.891978    28.5736      7.518  251.89624  252.21840    21.5988     5.7975 -9.990e-29
 148.397601      7.590    16.3495  36.891733    28.5735      7.522  251.89721  252.21936    21.6611     5.8743 -9.990e-29
 148.397604      7.586    16.3493  36.893996    28.5755      7.518  251.89447  252.21660    21.5210     5.8541 -9.990e-29
 148.397607      7.573    16.3493  36.891305    28.5732      7.506  251.89843  252.22058    21.5210     5.8258 -9.990e-29
 148.397610      7.564    16.3492  36.894730    28.5763      7.496  251.89397  252.21610    21.4432     5.8015 -9.990e-29
 148.397613      7.564    16.3491  36.892834    28.5747      7.496  251.89707  252.21920    28.8050     5.6115 -9.990e-29
 148.397616      7.584    16.3486  36.895097    28.5773      7.516  251.89512  252.21721    28.8984     5.6195 -9.990e-29
 148.397619      7.615    16.3486  36.895403    28.5765      7.547  251.89638  252.21848    28.8828     5.6235 0.0000e+00
 148.397622      7.663    16.3487  36.893507    28.5756      7.594  251.89764  252.21975    28.8984     5.6276 0.0000e+00
 148.397624      7.708    16.3487  36.892651    28.5756      7.639  251.89764  252.21975    51.8245     6.1735 0.0000e+00
 148.397627      7.761    16.3488  36.893875    28.5753      7.692  251.89759  252.21971    51.9179     6.2099 0.0000e+00
 148.397630      7.805    16.3487  36.895343    28.5758      7.735  251.89685  252.21896    51.8245     6.2463 -9.990e-29
 148.397633      7.827    16.3492  36.894425    28.5759      7.757  251.89427  252.21640    51.9646     6.2180 -9.990e-29
