seaocn-cb/data/ctd_cnv/SBE19plus_01907321_2024_05_23_Cast31.cnv
* Sea-Bird SBE19plus  Data File:
* FileName = E:\Prandtl_Daten\2024\CTD\raw\SBE19plus_01907321_2024_05_23_Cast31.hex
* Software version 2.6.1.12
* Temperature SN = 7321
* Conductivity SN = 7321
* System UpLoad Time = May 23 2024 11:18:11
* <ApplicationData>
* <Seaterm232>
** 20240523
** Sea Practical 2024
** MCat 23.05 CTD_NP2
** NMEA Latitude = 054 11.059N
** NMEA Longitude = 008 34.584E
** waterdepth = 8.5m
** Arved
# nquan = 11
# nvalues = 222                         
# units = specified
# name 0 = timeJ: Julian Days
# name 1 = prdM: Pressure, Strain Gauge [db]
# name 2 = tv290C: Temperature [ITS-90, deg C]
# name 3 = c0mS/cm: Conductivity [mS/cm]
# name 4 = sal00: Salinity, Practical [PSU]
# name 5 = depSM: Depth [salt water, m], lat = 54.00
# name 6 = oxsatMm/Kg: Oxygen Saturation, Weiss [umol/kg]
# name 7 = oxsolMm/Kg: Oxygen Saturation, Garcia & Gordon [umol/kg]
# name 8 = turbWETntu0: Turbidity, WET Labs ECO [NTU]
# name 9 = flECO-AFL: Fluorescence, WET Labs ECO-AFL/FL [mg/m^3]
# name 10 = flag:  0.000e+00
# span 0 = 142.397543, 142.398183       
# span 1 =      0.877,      5.993       
# span 2 =    14.5923,    15.3104       
# span 3 =  36.135412,  36.246025       
# span 4 =    28.7589,    29.2032       
# span 5 =      0.870,      5.939       
# span 6 =  256.82449,  259.79410       
# span 7 =  257.09650,  260.02608       
# span 8 =    -4.4245,     3.7155       
# span 9 =     3.2945,     8.9839       
# span 10 = 0.0000e+00, 0.0000e+00      
# interval = seconds: 0.25
# start_time = May 21 2024 09:29:47 [Instrument's time stamp, header]
# bad_flag = -9.990e-29
*END*
 142.397543      0.877    15.3002  36.235210    28.7632      0.870  256.87725  257.14875    -4.1288     3.3187 -9.990e-29
 142.397546      0.883    15.2987  36.235453    28.7641      0.875  256.88366  257.15508    -4.2378     3.2945 -9.990e-29
 142.397549      0.919    15.2987  36.234968    28.7643      0.911  256.88346  257.15487    -4.1288     3.3773 0.0000e+00
 142.397552      0.985    15.2986  36.235454    28.7645      0.976  256.88325  257.15466    -4.0199     3.4602 0.0000e+00
 142.397555      1.043    15.2986  36.237883    28.7655      1.034  256.87981  257.15120    -4.0199     3.4602 0.0000e+00
 142.397558      1.091    15.2990  36.237215    28.7661      1.081  256.87869  257.15011    -4.1211     3.4562 0.0000e+00
 142.397561      1.122    15.2994  36.237337    28.7655      1.112  256.87757  257.14901    -4.2222     3.4441 -9.990e-29
 142.397564      1.124    15.3013  36.238976    28.7656      1.114  256.86734  257.13887    -4.0821     3.8039 -9.990e-29
 142.397567      1.105    15.3018  36.236547    28.7631      1.096  256.86929  257.14087    -4.1599     3.8039 -9.990e-29
 142.397569      1.065    15.3019  36.235211    28.7619      1.056  256.87104  257.14264    -4.1599     3.8080 -9.990e-29
 142.397572      1.060    15.3012  36.234543    28.7618      1.051  256.87479  257.14634    -4.0666     3.7878 -9.990e-29
 142.397575      1.087    15.2996  36.232904    28.7638      1.078  256.87942  257.15089    -4.0510     3.5411 -9.990e-29
 142.397578      1.122    15.2993  36.235454    28.7634      1.112  256.88182  257.15328    -4.0432     3.5351 0.0000e+00
 142.397581      1.153    15.2989  36.234118    28.7638      1.143  256.88175  257.15316    -4.0510     3.5411 0.0000e+00
 142.397584      1.190    15.2988  36.236305    28.7642      1.179  256.88299  257.15441    -4.0587     3.5452 0.0000e+00
 142.397587      1.215    15.2987  36.237884    28.7652      1.204  256.88175  257.15316    -4.0821     3.5613 -9.990e-29
 142.397590      1.222    15.2999  36.238552    28.7662      1.211  256.87347  257.14493    -4.2533     4.0264 -9.990e-29
 142.397593      1.226    15.3013  36.238612    28.7653      1.215  256.86826  257.13980    -4.3311     4.0668 -9.990e-29
 142.397595      1.240    15.3025  36.239827    28.7620      1.229  256.86773  257.13935    -4.1755     4.0142 -9.990e-29
 142.397598      1.290    15.3024  36.235880    28.7629      1.278  256.86649  257.13810    -3.9654     4.0668 0.0000e+00
 142.397601      1.335    15.3024  36.237884    28.7629      1.323  256.86649  257.13810    -3.9654     4.0668 0.0000e+00
 142.397604      1.366    15.3023  36.237398    28.7638      1.354  256.86525  257.13685    -3.7553     4.1194 -9.990e-29
 142.397607      1.377    15.3033  36.238734    28.7639      1.365  256.86034  257.13199    -3.7553     4.1234 -9.990e-29
 142.397610      1.377    15.3034  36.235880    28.7613      1.365  256.86418  257.13585    -3.7241     4.0830 -9.990e-29
 142.397613      1.368    15.3029  36.238734    28.7642      1.356  256.86184  257.13347    -4.1288     4.1032 -9.990e-29
 142.397616      1.368    15.3013  36.236791    28.7637      1.356  256.87061  257.14216    -4.0821     4.0627 -9.990e-29
 142.397619      1.395    15.3013  36.236973    28.7646      1.383  256.86906  257.14061    -4.0510     4.0526 0.0000e+00
 142.397622      1.445    15.3013  36.238977    28.7655      1.432  256.86752  257.13906    -4.0821     4.0425 0.0000e+00
 142.397624      1.518    15.3014  36.240071    28.7655      1.504  256.86557  257.13710    -4.2533     4.0142 0.0000e+00
 142.397627      1.603    15.3021  36.239403    28.7652      1.589  256.86395  257.13553    -4.2845     3.9495 0.0000e+00
 142.397630      1.678    15.3028  36.238735    28.7645      1.663  256.86208  257.13370    -4.3234     3.9455 0.0000e+00
 142.397633      1.737    15.3034  36.242500    28.7637      1.721  256.86022  257.13187    -4.2845     3.9495 -9.990e-29
 142.397636      1.760    15.3048  36.239646    28.7634      1.745  256.85314  257.12487    -4.1599     3.8565 -9.990e-29
 142.397639      1.751    15.3065  36.240739    28.7631      1.736  256.84482  257.11663    -4.0977     3.8889 -9.990e-29
 142.397642      1.722    15.3074  36.240921    28.7627      1.707  256.84121  257.11307    -4.1132     3.8363 -9.990e-29
 142.397645      1.689    15.3076  36.238552    28.7605      1.674  256.84427  257.11615    -3.9732     3.8323 -9.990e-29
 142.397648      1.669    15.3076  36.239828    28.7616      1.654  256.84198  257.11386    -4.0199     3.8242 -9.990e-29
 142.397650      1.673    15.3074  36.241832    28.7604      1.658  256.84526  257.11714    -4.3311     3.8889 -9.990e-29
 142.397653      1.711    15.3074  36.238309    28.7619      1.696  256.84269  257.11456    -4.4245     3.8849 0.0000e+00
 142.397656      1.766    15.3073  36.241832    28.7635      1.750  256.84014  257.11197    -4.3311     3.8808 0.0000e+00
 142.397659      1.826    15.3073  36.242622    28.7635      1.809  256.84013  257.11196    -4.3311     3.8808 0.0000e+00
 142.397662      1.871    15.3077  36.241164    28.7639      1.855  256.83972  257.11160    -4.2378     4.1274 0.0000e+00
 142.397665      1.908    15.3078  36.242743    28.7632      1.891  256.83835  257.11023    -4.1755     4.1395 0.0000e+00
 142.397668      1.937    15.3078  36.243837    28.7639      1.920  256.83699  257.10886    -4.1132     4.1517 -9.990e-29
 142.397671      1.956    15.3081  36.242501    28.7635      1.938  256.83619  257.10808    -3.8642     4.0749 -9.990e-29
 142.397674      1.965    15.3080  36.242622    28.7636      1.947  256.83631  257.10819    -3.8642     4.7502 -9.990e-29
 142.397677      1.977    15.3081  36.243594    28.7644      1.960  256.83451  257.10639    -4.0821     4.7340 -9.990e-29
 142.397679      1.990    15.3079  36.241833    28.7630      1.972  256.83815  257.11003    -4.1444     4.7785 -9.990e-29
 142.397682      2.012    15.3069  36.238736    28.7604      1.994  256.84764  257.11949    -4.2378     4.8917 -9.990e-29
 142.397685      2.043    15.3063  36.238068    28.7608      2.025  256.85006  257.12187    -4.2222     4.8776 0.0000e+00
 142.397688      2.076    15.3057  36.238068    28.7604      2.057  256.85247  257.12425    -4.2066     4.8634 0.0000e+00
 142.397691      2.116    15.3042  36.231206    28.7589      2.097  256.86886  257.14061    -3.9576     4.8634 0.0000e+00
 142.397694      2.150    15.3028  36.233028    28.7589      2.131  256.87147  257.14313    -3.9576     4.8472 0.0000e+00
 142.397697      2.194    15.3015  36.234122    28.7608      2.175  256.87460  257.14613    -3.9576     4.8310 0.0000e+00
 142.397700      2.227    15.3012  36.235883    28.7618      2.207  256.87475  257.14631    -3.9187     4.7218 0.0000e+00
 142.397703      2.255    15.3009  36.233454    28.7628      2.235  256.87460  257.14613    -3.8642     4.6127 -9.990e-29
 142.397705      2.271    15.3014  36.236551    28.7630      2.251  256.87148  257.14304    -3.8953     4.6289 -9.990e-29
 142.397708      2.278    15.3015  36.235215    28.7618      2.258  256.87326  257.14483    -3.9109     4.6329 -9.990e-29
 142.397711      2.288    15.3018  36.236794    28.7629      2.267  256.86961  257.14119    -3.9732     4.6531 -9.990e-29
 142.397714      2.289    15.3021  36.237644    28.7635      2.269  256.86709  257.13868    -4.1132     4.6491 -9.990e-29
 142.397717      2.300    15.3017  36.234304    28.7637      2.280  256.86861  257.14018    -3.9109     4.6208 -9.990e-29
 142.397720      2.326    15.3018  36.237644    28.7644      2.305  256.86725  257.13882    -4.0198     4.7644 0.0000e+00
 142.397723      2.364    15.3018  36.239223    28.7645      2.343  256.86588  257.13745    -4.0199     4.9079 0.0000e+00
 142.397726      2.402    15.3022  36.239223    28.7648      2.381  256.86439  257.13598    -4.0743     4.9382 0.0000e+00
 142.397729      2.432    15.3026  36.238555    28.7645      2.410  256.86290  257.13450    -4.0199     4.9685 -9.990e-29
 142.397731      2.457    15.3048  36.236794    28.7607      2.435  256.85828  257.13002    -4.1444     4.9079 -9.990e-29
 142.397734      2.475    15.3058  36.239648    28.7625      2.453  256.84995  257.12173    -3.8487     5.1626 -9.990e-29
 142.397737      2.475    15.3067  36.239648    28.7618      2.453  256.84634  257.11817    -3.6930     5.1909 -9.990e-29
 142.397740      2.468    15.3070  36.243231    28.7647      2.446  256.83957  257.11139    -3.9732     5.1747 -9.990e-29
 142.397743      2.463    15.3074  36.241834    28.7632      2.441  256.84023  257.11209    -3.9576     5.1626 -9.990e-29
 142.397746      2.468    15.3090  36.244264    28.7656      2.446  256.82772  257.09963    -4.0510     4.3094 -9.990e-29
 142.397749      2.495    15.3097  36.245843    28.7651      2.473  256.82503  257.09699    -3.9810     4.3216 0.0000e+00
 142.397752      2.543    15.3104  36.246025    28.7647      2.520  256.82449  257.09654    -3.9420     4.3337 0.0000e+00
 142.397755      2.616    15.3104  36.242928    28.7633      2.592  256.82449  257.09650    -3.9420     4.3337 0.0000e+00
 142.397758      2.700    15.3104  36.244507    28.7615      2.675  256.82450  257.09654    -4.0821     4.3337 0.0000e+00
 142.397760      2.784    15.3096  36.241653    28.7623      2.759  256.83229  257.10426    -4.0821     5.0332 0.0000e+00
 142.397763      2.853    15.3090  36.242261    28.7614      2.827  256.83379  257.10572    -4.0666     5.0373 0.0000e+00
 142.397766      2.904    15.3086  36.240318    28.7617      2.878  256.83697  257.10888    -4.0199     5.0352 0.0000e+00
 142.397769      2.931    15.3081  36.242261    28.7612      2.905  256.84014  257.11205    -4.0666     5.0373 -9.990e-29
 142.397772      2.942    15.3078  36.241957    28.7629      2.916  256.83882  257.11070    -4.0666     5.3729 -9.990e-29
 142.397775      2.930    15.3073  36.238314    28.7600      2.903  256.84628  257.11815    -4.0821     5.3769 -9.990e-29
 142.397778      2.911    15.3055  36.239650    28.7626      2.885  256.85141  257.12317    -4.0821     5.3608 -9.990e-29
 142.397781      2.886    15.3041  36.240318    28.7641      2.860  256.85547  257.12715    -4.1599     5.3688 -9.990e-29
 142.397784      2.873    15.3042  36.240318    28.7641      2.847  256.85516  257.12685    -4.0821     5.3244 -9.990e-29
 142.397786      2.875    15.3052  36.239832    28.7629      2.849  256.85201  257.12376    -3.9109     5.2556 -9.990e-29
 142.397789      2.888    15.3030  36.236735    28.7637      2.862  256.86177  257.13341    -4.0199     5.2758 -9.990e-29
 142.397792      2.921    15.3020  36.238982    28.7647      2.894  256.86537  257.13695    -4.0510     5.3021 0.0000e+00
 142.397795      2.964    15.3010  36.239408    28.7656      2.938  256.86896  257.14048    -4.0821     5.3284 0.0000e+00
 142.397798      3.008    15.2998  36.238315    28.7656      2.981  256.87579  257.14725    -4.0821     5.5832 0.0000e+00
 142.397801      3.056    15.2998  36.236979    28.7656      3.028  256.87579  257.14725    -4.0510     5.5832 0.0000e+00
 142.397804      3.098    15.3005  36.239226    28.7658      3.070  256.87142  257.14292    -4.0510     5.5832 0.0000e+00
 142.397807      3.138    15.3013  36.241352    28.7667      3.110  256.86572  257.13724    -4.2222     5.5427 0.0000e+00
 142.397810      3.165    15.3013  36.240987    28.7669      3.137  256.86543  257.13695    -4.2844     5.3547 0.0000e+00
 142.397812      3.193    15.3013  36.240987    28.7667      3.164  256.86572  257.13724    -4.3467     5.1262 -9.990e-29
 142.397815      3.205    15.3002  36.236980    28.7639      3.177  256.87588  257.14737    -4.3778     5.2030 -9.990e-29
 142.397818      3.205    15.2992  36.235887    28.7638      3.177  256.88179  257.15323    -4.3778     5.1909 -9.990e-29
 142.397821      3.214    15.2973  36.235219    28.7645      3.186  256.89005  257.16139    -4.2378     5.4538 -9.990e-29
 142.397824      3.224    15.2963  36.238984    28.7686      3.195  256.88811  257.15938    -4.3467     5.4538 -9.990e-29
 142.397827      3.235    15.2947  36.235462    28.7664      3.206  256.90000  257.17120    -4.1599     5.4335 -9.990e-29
 142.397830      3.267    15.2943  36.235219    28.7684      3.238  256.89889  257.17005    -4.1365     5.3891 0.0000e+00
 142.397833      3.298    15.2938  36.238985    28.7664      3.269  256.90000  257.17120    -4.1132     5.3446 0.0000e+00
 142.397836      3.340    15.2918  36.232366    28.7688      3.310  256.91590  257.18696    -4.0821     5.3244 0.0000e+00
 142.397839      3.384    15.2864  36.231031    28.7688      3.354  256.93875  257.20953    -4.0821     5.2799 0.0000e+00
 142.397841      3.433    15.2854  36.234796    28.7712      3.403  256.93990  257.21060    -4.1288     5.2677 0.0000e+00
 142.397844      3.470    15.2843  36.234796    28.7736      3.439  256.94105  257.21168    -4.1755     5.2799 -9.990e-29
 142.397847      3.495    15.2839  36.232792    28.7721      3.464  256.94570  257.21633    -4.1444     5.6681 -9.990e-29
 142.397850      3.504    15.2776  36.234129    28.7779      3.473  256.96828  257.23855    -3.9109     5.6802 -9.990e-29
 142.397853      3.504    15.2735  36.234798    28.7815      3.473  256.98288  257.25292    -3.9887     5.7125 -9.990e-29
 142.397856      3.502    15.2747  36.235465    28.7812      3.471  256.97733  257.24743    -4.1911     5.6883 -9.990e-29
 142.397859      3.492    15.2774  36.234129    28.7780      3.460  256.96888  257.23914    -2.6658     5.5063 -9.990e-29
 142.397862      3.488    15.2812  36.237408    28.7782      3.457  256.94905  257.21949    -2.7125     5.5023 -9.990e-29
 142.397865      3.490    15.2849  36.236314    28.7745      3.458  256.93631  257.20698    -2.6969     5.5589 -9.990e-29
 142.397867      3.515    15.2891  36.238743    28.7719      3.484  256.91918  257.19007    -3.6774     6.8245 -9.990e-29
 142.397870      3.564    15.2893  36.236921    28.7710      3.532  256.91977  257.19068    -3.7085     6.8245 0.0000e+00
 142.397873      3.637    15.2891  36.235221    28.7701      3.605  256.92036  257.19128    -3.7397     6.8245 0.0000e+00
 142.397876      3.721    15.2851  36.228846    28.7701      3.688  256.94746  257.21818    -3.7397     6.8003 0.0000e+00
 142.397879      3.814    15.2622  36.219741    28.7763      3.780  257.05007  257.31960    -3.7397     6.7962 0.0000e+00
 142.397882      3.906    15.2237  36.220900    28.8056      3.871  257.19772  257.46511    -3.1016     6.5011 0.0000e+00
 142.397885      3.984    15.2074  36.219143    28.8168      3.948  257.26236  257.52886    -3.0705     6.4890 0.0000e+00
 142.397888      4.037    15.1910  36.224063    28.8280      4.001  257.32699  257.59260    -3.1016     6.5011 -9.990e-29
 142.397891      4.057    15.1793  36.223091    28.8401      4.021  257.36653  257.63145    -3.0238     6.4930 -9.990e-29
 142.397894      4.044    15.1811  36.215805    28.8323      4.008  257.37069  257.63577    -3.2261     6.4889 -9.990e-29
 142.397896      4.008    15.1708  36.211860    28.8364      3.972  257.41678  257.68131    -1.6852     7.2208 -9.990e-29
 142.397899      3.958    15.1535  36.208098    28.8458      3.923  257.48991  257.75350    -1.4673     7.2047 -9.990e-29
 142.397902      3.909    15.1429  36.212713    28.8577      3.874  257.52380  257.78677    -1.7164     7.2653 -9.990e-29
 142.397905      3.882    15.1489  36.216902    28.8571      3.847  257.49411  257.75738    -1.7319     7.2613 -9.990e-29
 142.397908      3.878    15.1662  36.217324    28.8447      3.844  257.42618  257.69042    -3.5529     5.8703 -9.990e-29
 142.397911      3.900    15.1698  36.208096    28.8338      3.865  257.42650  257.69101    -3.6463     5.8945 -9.990e-29
 142.397914      3.944    15.1193  36.209435    28.8686      3.909  257.62682  257.88853    -3.5841     5.8743 -9.990e-29
 142.397917      3.995    15.1053  36.205431    28.8745      3.959  257.68907  257.95002    -3.1016     6.2402 0.0000e+00
 142.397920      4.046    15.0913  36.195540    28.8805      4.010  257.75131  258.01152    -2.7747     6.5941 0.0000e+00
