seaocn-cb/data/ctd_cnv/SBE19plus_01907321_2024_05_28_Cast98.cnv
* Sea-Bird SBE19plus  Data File:
* FileName = E:\Prandtl_Daten\2024\28052024\raw\SBE19plus_01907321_2024_05_28_Cast98.hex
* Software version 2.6.1.12
* Temperature SN = 7321
* Conductivity SN = 7321
* System UpLoad Time = May 28 2024 13:18:31
* <ApplicationData>
* <Seaterm232>
** 20240527
** Sea Practical 2024
** MCat 27.05 CTD_SP7
** NMEA Latitude = 54 8.36N
** NMEA Longitude = 008 20.85E
** waterdepth = 14.5m
** Isabelle
# nquan = 11
# nvalues = 581                         
# units = specified
# name 0 = timeJ: Julian Days
# name 1 = prdM: Pressure, Strain Gauge [db]
# name 2 = tv290C: Temperature [ITS-90, deg C]
# name 3 = c0mS/cm: Conductivity [mS/cm]
# name 4 = sal00: Salinity, Practical [PSU]
# name 5 = depSM: Depth [salt water, m], lat = 54.00
# name 6 = oxsatMm/Kg: Oxygen Saturation, Weiss [umol/kg]
# name 7 = oxsolMm/Kg: Oxygen Saturation, Garcia & Gordon [umol/kg]
# name 8 = turbWETntu0: Turbidity, WET Labs ECO [NTU]
# name 9 = flECO-AFL: Fluorescence, WET Labs ECO-AFL/FL [mg/m^3]
# name 10 = flag:  0.000e+00
# span 0 = 149.550741, 149.552419       
# span 1 =      0.607,     14.341       
# span 2 =    14.8347,    17.1894       
# span 3 =  37.205837,  37.978192       
# span 4 =    28.6743,    30.6611       
# span 5 =      0.602,     14.212       
# span 6 =  247.54138,  255.94218       
# span 7 =  247.89883,  256.17488       
# span 8 =    -4.6736,    18.3148       
# span 9 =     1.5436,    10.2172       
# span 10 = 0.0000e+00, 0.0000e+00      
# interval = seconds: 0.25
# start_time = May 28 2024 13:11:35 [Instrument's time stamp, header]
# bad_flag = -9.990e-29
*END*
[from data line 263]
 149.551502      7.149    14.8871  37.921982    30.5714      7.085  255.82131  256.05743    -2.7436     5.3163 -9.990e-29
 149.551505      7.167    14.8847  37.923096    30.5759      7.103  255.82553  256.06148    -2.5880     5.8622 -9.990e-29
 149.551508      7.179    14.8839  37.926374    30.5795      7.114  255.82354  256.05942    -2.7747     5.9066 -9.990e-29
 149.551510      7.188    14.8830  37.924642    30.5787      7.123  255.82975  256.06559    -2.6813     5.8945 -9.990e-29
 149.551513      7.199    14.8821  37.925694    30.5804      7.134  255.83157  256.06735    -2.8059     5.9107 -9.990e-29
 149.551516      7.217    14.8811  37.925756    30.5832      7.152  255.83175  256.06745    -2.1988     7.0025 -9.990e-29
 149.551519      7.242    14.8811  37.927983    30.5832      7.178  255.83177  256.06746    -2.1833     6.9944 0.0000e+00
 149.551522      7.286    14.8811  37.927983    30.5832      7.221  255.83175  256.06745    -2.1988     7.0025 0.0000e+00
 149.551525      7.323    14.8807  37.930025    30.5853      7.257  255.83002  256.06568    -2.2144     6.9863 0.0000e+00
 149.551528      7.356    14.8806  37.931014    30.5858      7.290  255.82954  256.06519    -2.2222     6.9924 0.0000e+00
 149.551531      7.381    14.8805  37.932252    30.5863      7.315  255.82906  256.06470    -2.2300     6.9701 -9.990e-29
 149.551534      7.401    14.8800  37.933118    30.5886      7.335  255.82779  256.06339    -2.0743     5.9713 -9.990e-29
 149.551536      7.412    14.8784  37.933118    30.5898      7.346  255.83387  256.06938    -2.2455     5.9794 -9.990e-29
 149.551539      7.416    14.8779  37.934232    30.5912      7.350  255.83385  256.06932    -2.2767     5.9713 -9.990e-29
 149.551542      7.416    14.8779  37.931262    30.5885      7.350  255.83854  256.07403    -2.4167     6.4242 -9.990e-29
 149.551545      7.418    14.8775  37.937139    30.5941      7.351  255.83100  256.06642    -2.3856     6.4161 -9.990e-29
 149.551548      7.430    14.8763  37.932005    30.5904      7.364  255.84345  256.07884    -2.3078     6.3797 -9.990e-29
 149.551551      7.449    14.8744  37.934294    30.5955      7.382  255.84436  256.07961    -2.3856     6.3636 -9.990e-29
 149.551554      7.480    14.8744  37.936026    30.5956      7.413  255.84408  256.07933    -2.3779     6.3575 0.0000e+00
 149.551557      7.518    14.8744  37.936397    30.5955      7.451  255.84380  256.07904    -2.3856     6.3514 0.0000e+00
 149.551560      7.567    14.8755  37.936892    30.5956      7.500  255.83900  256.07430    -2.3856     6.3514 0.0000e+00
 149.551562      7.613    14.8755  37.937573    30.5954      7.545  255.83900  256.07430    -2.4634     6.3353 0.0000e+00
 149.551565      7.648    14.8756  37.936398    30.5954      7.579  255.83846  256.07377    -2.4245     6.3252 0.0000e+00
 149.551568      7.679    14.8752  37.934666    30.5952      7.610  255.84099  256.07628    -2.4634     6.2948 -9.990e-29
 149.551571      7.701    14.8728  37.935470    30.5962      7.632  255.85146  256.08661    -2.3389     6.2746 -9.990e-29
 149.551574      7.724    14.8720  37.933553    30.5951      7.655  255.85739  256.09252    -2.5101     6.2787 -9.990e-29
 149.551577      7.744    14.8719  37.936708    30.5931      7.675  255.86161  256.09675    -2.1055     6.0320 -9.990e-29
 149.551580      7.770    14.8721  37.931264    30.5931      7.700  255.86066  256.09580    -2.1211     6.0381 0.0000e+00
 149.551583      7.804    14.8719  37.931574    30.5931      7.735  255.85970  256.09485    -2.1366     6.0320 0.0000e+00
 149.551586      7.837    14.8720  37.937327    30.5974      7.767  255.85329  256.08839    -2.1366     6.0360 0.0000e+00
 149.551589      7.875    14.8720  37.936213    30.5985      7.805  255.85179  256.08688    -2.1677     6.0360 0.0000e+00
 149.551591      7.901    14.8722  37.939121    30.5985      7.830  255.85028  256.08538    -2.3001     6.2423 0.0000e+00
 149.551594      7.926    14.8724  37.935224    30.5997      7.856  255.84726  256.08237    -2.4946     6.4485 -9.990e-29
 149.551597      7.941    14.8726  37.936894    30.5975      7.870  255.84994  256.08507    -2.4167     6.4768 -9.990e-29
 149.551600      7.945    14.8720  37.935966    30.5972      7.874  255.85372  256.08883    -2.4946     6.4849 -9.990e-29
 149.551603      7.939    14.8719  37.933121    30.5947      7.868  255.85879  256.09391    -2.1522     6.1816 -9.990e-29
 149.551606      7.934    14.8716  37.934482    30.5961      7.863  255.85750  256.09260    -2.1210     6.2504 -9.990e-29
 149.551609      7.932    14.8714  37.936894    30.5985      7.861  255.85456  256.08962    -2.2144     6.2099 -9.990e-29
 149.551612      7.939    14.8715  37.933554    30.5954      7.868  255.85955  256.09464    -2.1833     6.2261 -9.990e-29
 149.551615      7.959    14.8708  37.937575    30.5998      7.888  255.85545  256.09047    -2.4946     6.2018 -9.990e-29
 149.551617      7.994    14.8709  37.937822    30.6005      7.922  255.85395  256.08897    -2.4324     6.2058 0.0000e+00
 149.551620      8.040    14.8709  37.939555    30.6013      7.968  255.85245  256.08746    -2.3701     6.2099 0.0000e+00
 149.551623      8.096    14.8710  37.940173    30.6013      8.024  255.85245  256.08746    -2.3701     6.2099 0.0000e+00
 149.551626      8.151    14.8710  37.938936    30.6005      8.078  255.85292  256.08794    -2.2922     6.2059 0.0000e+00
 149.551629      8.202    14.8704  37.938071    30.6003      8.129  255.85663  256.09163    -1.9809     5.8177 0.0000e+00
 149.551632      8.244    14.8692  37.937143    30.6003      8.170  255.86275  256.09768    -1.9498     5.8177 0.0000e+00
 149.551635      8.279    14.8689  37.937143    30.6005      8.205  255.86392  256.09883    -1.9343     5.8298 0.0000e+00
 149.551638      8.304    14.8686  37.937082    30.6008      8.230  255.86509  256.09998    -1.9187     5.8419 -9.990e-29
 149.551641      8.317    14.8678  37.936896    30.6012      8.243  255.86839  256.10324    -2.4790     6.1412 -9.990e-29
 149.551644      8.322    14.8677  37.935040    30.5996      8.248  255.87162  256.10648    -2.3078     6.1654 -9.990e-29
 149.551646      8.319    14.8677  37.937824    30.6021      8.244  255.86722  256.10206    -2.4479     6.1776 -9.990e-29
 149.551649      8.319    14.8680  37.937824    30.6019      8.244  255.86635  256.10120    -2.4012     6.1493 -9.990e-29
 149.551652      8.321    14.8678  37.936649    30.6010      8.246  255.86879  256.10364    -2.1833     6.2261 -9.990e-29
 149.551655      8.334    14.8678  37.937577    30.6018      8.259  255.86733  256.10217    -2.1522     6.1978 -9.990e-29
 149.551658      8.356    14.8679  37.935721    30.6061      8.281  255.85935  256.09416    -2.0743     6.2099 -9.990e-29
 149.551661      8.383    14.8684  37.942464    30.6042      8.308  255.86012  256.09497    -2.0743     6.1169 0.0000e+00
 149.551664      8.423    14.8688  37.939123    30.6037      8.348  255.85935  256.09416    -2.0743     6.0239 0.0000e+00
 149.551667      8.460    14.8688  37.940608    30.6037      8.384  255.85886  256.09374    -2.0743     6.0239 0.0000e+00
 149.551670      8.496    14.8683  37.943145    30.6054      8.420  255.85886  256.09374    -2.0743     6.0199 0.0000e+00
 149.551672      8.531    14.8673  37.941289    30.6064      8.454  255.86251  256.09723    -2.0743     6.0239 0.0000e+00
 149.551675      8.562    14.8668  37.944011    30.6070      8.485  255.86291  256.09767    -2.1599     6.0158 0.0000e+00
 149.551678      8.587    14.8664  37.940671    30.6086      8.511  255.86251  256.09723    -2.2455     6.0239 -9.990e-29
 149.551681      8.606    14.8647  37.942713    30.6088      8.529  255.87124  256.10586    -2.0743     6.0239 -9.990e-29
 149.551684      8.628    14.8650  37.942898    30.6087      8.551  255.86981  256.10445    -2.1833     6.0280 -9.990e-29
 149.551687      8.649    14.8657  37.940609    30.6061      8.572  255.87083  256.10553    -2.1522     6.0441 -9.990e-29
 149.551690      8.670    14.8660  37.942032    30.6073      8.592  255.86707  256.10177    -2.4479     6.3878 -9.990e-29
 149.551693      8.699    14.8659  37.942280    30.6084      8.621  255.86570  256.10039    -2.4323     6.4141 0.0000e+00
 149.551696      8.724    14.8658  37.944569    30.6088      8.646  255.86524  256.09992    -2.4167     6.3878 0.0000e+00
 149.551698      8.755    14.8658  37.943826    30.6094      8.677  255.86434  256.09901    -2.3389     6.3838 0.0000e+00
 149.551701      8.788    14.8660  37.944816    30.6088      8.709  255.86524  256.09992    -1.3739     6.3838 0.0000e+00
 149.551704      8.819    14.8660  37.943394    30.6094      8.740  255.86516  256.09980    -1.2494     6.4000 0.0000e+00
 149.551707      8.845    14.8656  37.945374    30.6095      8.766  255.86528  256.09994    -1.2494     6.4040 0.0000e+00
 149.551710      8.876    14.8652  37.948777    30.6106      8.796  255.86516  256.09980    -1.2494     6.4081 -9.990e-29
 149.551713      8.898    14.8621  37.951808    30.6188      8.818  255.86660  256.10100    -2.0588     6.8731 -9.990e-29
 149.551716      8.921    14.8590  37.952056    30.6215      8.841  255.87807  256.11229    -2.2144     6.8569 -9.990e-29
 149.551719      8.940    14.8568  37.952057    30.6232      8.860  255.88618  256.12027    -2.1522     6.8448 -9.990e-29
 149.551722      8.954    14.8571  37.950943    30.6220      8.874  255.88708  256.12119    -2.2144     6.8609 -9.990e-29
 149.551725      8.967    14.8566  37.953232    30.6244      8.887  255.88520  256.11927    -2.1988     6.8407 -9.990e-29
 149.551727      8.978    14.8555  37.954717    30.6266      8.897  255.88720  256.12119    -1.9343     7.1844 -9.990e-29
 149.551730      8.987    14.8549  37.954408    30.6268      8.907  255.89001  256.12396    -1.9031     7.2127 -9.990e-29
 149.551733      8.996    14.8545  37.957440    30.6298      8.916  255.88638  256.12029    -1.9187     7.1683 -9.990e-29
 149.551736      9.000    14.8545  37.955398    30.6280      8.919  255.88990  256.12382    -1.9343     7.2047 -9.990e-29
 149.551739      9.009    14.8541  37.956698    30.6295      8.928  255.88929  256.12318    -1.9965     6.5536 -9.990e-29
 149.551742      9.027    14.8539  37.955151    30.6282      8.946  255.89262  256.12650    -1.9187     6.5455 -9.990e-29
 149.551745      9.051    14.8547  37.949273    30.6284      8.970  255.88801  256.12194    -1.9187     6.5375 -9.990e-29
 149.551748      9.085    14.8551  37.956079    30.6274      9.004  255.88780  256.12176    -2.1132     6.7377 0.0000e+00
 149.551751      9.133    14.8555  37.954532    30.6264      9.051  255.88759  256.12158    -2.3078     6.9216 0.0000e+00
 149.551753      9.186    14.8560  37.954842    30.6262      9.104  255.88759  256.12158    -2.3856     6.9337 0.0000e+00
 149.551756      9.246    14.8560  37.951192    30.6248      9.163  255.88927  256.12329    -2.3856     6.9216 0.0000e+00
 149.551759      9.301    14.8560  37.952986    30.6238      9.218  255.88966  256.12370    -2.4557     6.9257 0.0000e+00
 149.551762      9.339    14.8557  37.954038    30.6248      9.256  255.88927  256.12329    -2.3856     6.9176 -9.990e-29
 149.551765      9.363    14.8542  37.952925    30.6259      9.279  255.89519  256.12912    -1.5607     6.4930 -9.990e-29
 149.551768      9.381    14.8539  37.951378    30.6247      9.297  255.89852  256.13244    -1.7631     6.4849 -9.990e-29
 149.551771      9.392    14.8535  37.953853    30.6272      9.308  255.89606  256.12994    -1.5918     6.4849 -9.990e-29
 149.551774      9.399    14.8534  37.954843    30.6282      9.315  255.89507  256.12894    -1.6074     6.5253 -9.990e-29
 149.551777      9.403    14.8527  37.953853    30.6278      9.319  255.89924  256.13307    -1.1405     6.8609 -9.990e-29
 149.551780      9.407    14.8516  37.956328    30.6310      9.323  255.89967  256.13341    -1.1405     6.8569 -9.990e-29
 149.551782      9.418    14.8507  37.952492    30.6282      9.333  255.90892  256.14264    -1.2183     6.9014 -9.990e-29
 149.551785      9.438    14.8506  37.955153    30.6335      9.354  255.89995  256.13362    -1.1405     6.8043 -9.990e-29
 149.551788      9.471    14.8507  37.958370    30.6339      9.386  255.89898  256.13266    -1.1561     6.8104 0.0000e+00
 149.551791      9.511    14.8506  37.959422    30.6344      9.426  255.89802  256.13169    -1.1405     6.8043 0.0000e+00
 149.551794      9.546    14.8507  37.962516    30.6358      9.460  255.89587  256.12953    -1.1249     6.8084 0.0000e+00
 149.551797      9.579    14.8506  37.963940    30.6373      9.493  255.89373  256.12737    -1.0782     6.8003 -9.990e-29
 149.551800      9.597    14.8476  37.964311    30.6412      9.511  255.90219  256.13564    -0.8136     6.3272 -9.990e-29
 149.551803      9.610    14.8460  37.967467    30.6452      9.524  255.90299  256.13632    -0.9848     6.3474 -9.990e-29
 149.551806      9.614    14.8447  37.969324    30.6480      9.528  255.90526  256.13850    -0.9381     6.3838 -9.990e-29
 149.551808      9.621    14.8439  37.967653    30.6471      9.535  255.91079  256.14400    -0.9381     6.3636 -9.990e-29
 149.551811      9.623    14.8433  37.962765    30.6432      9.537  255.92084  256.15404    -1.5763     7.2815 -9.990e-29
 149.551814      9.636    14.8426  37.968087    30.6485      9.549  255.91503  256.14815    -1.5452     7.2289 -9.990e-29
 149.551817      9.652    14.8408  37.969882    30.6510      9.566  255.92004  256.15304    -1.5452     7.2532 -9.990e-29
 149.551820      9.683    14.8403  37.969325    30.6519      9.597  255.92081  256.15378    -1.6152     7.2592 0.0000e+00
 149.551823      9.721    14.8398  37.970563    30.6528      9.634  255.92157  256.15451    -1.5452     7.2532 0.0000e+00
 149.551826      9.776    14.8395  37.970501    30.6532      9.689  255.92157  256.15451    -1.4051     6.2948 0.0000e+00
 149.551829      9.829    14.8395  37.971677    30.6532      9.741  255.92132  256.15423    -1.4051     6.2948 0.0000e+00
 149.551832      9.886    14.8403  37.971244    30.6530      9.797  255.92132  256.15423    -1.4051     6.2948 0.0000e+00
 149.551834      9.937    14.8403  37.967222    30.6522      9.848  255.92310  256.15604    -1.4051     6.3029 0.0000e+00
 149.551837      9.981    14.8402  37.969883    30.6507      9.891  255.92360  256.15657    -0.9382     6.3110 0.0000e+00
 149.551840     10.013    14.8398  37.968646    30.6522      9.924  255.92310  256.15604    -0.4712     6.3434 -9.990e-29
 149.551843     10.037    14.8385  37.969203    30.6525      9.947  255.92883  256.16171    -0.3934     6.3514 -9.990e-29
 149.551846     10.050    14.8382  37.967656    30.6514      9.960  255.93244  256.16531    -0.5335     6.3474 -9.990e-29
 149.551849     10.055    14.8378  37.968646    30.6526      9.965  255.93232  256.16516    -0.1755     6.7437 -9.990e-29
 149.551852     10.061    14.8378  37.970812    30.6546      9.971  255.92919  256.16201    -0.1132     6.7477 -9.990e-29
 149.551855     10.054    14.8382  37.971678    30.6550      9.964  255.92637  256.15921    -0.2689     6.7639 -9.990e-29
 149.551858     10.052    14.8385  37.970564    30.6537      9.962  255.92669  256.15955    -0.0821     6.7154 -9.990e-29
 149.551861     10.046    14.8390  37.969698    30.6526      9.956  255.92632  256.15922    -0.4090     7.1885 -9.990e-29
 149.551863     10.054    14.8393  37.971183    30.6537      9.964  255.92282  256.15573    -0.3311     7.2047 -9.990e-29
 149.551866     10.063    14.8396  37.973039    30.6551      9.973  255.91873  256.15164    -0.3311     7.1804 -9.990e-29
 149.551869     10.088    14.8396  37.970502    30.6551      9.998  255.91877  256.15168    -0.5024     7.1763 -9.990e-29
 149.551872     10.119    14.8395  37.973040    30.6548     10.029  255.91980  256.15271    -0.6036     7.4715 0.0000e+00
 149.551875     10.150    14.8395  37.972111    30.6547     10.059  255.92083  256.15374    -0.7047     7.7586 0.0000e+00
