seaocn-cb/data/ctd_cnv/SBE19plus_01907321_2024_05_24_Cast45.cnv
* Sea-Bird SBE19plus  Data File:
* FileName = E:\Prandtl_Daten\2024\CTD\raw\SBE19plus_01907321_2024_05_24_Cast45.hex
* Software version 2.6.1.12
* Temperature SN = 7321
* Conductivity SN = 7321
* System UpLoad Time = May 24 2024 12:58:38
* <ApplicationData>
* <Seaterm232>
** 20240524
** Sea Practical 2024
** MCat 24.05 CTD_SP1
** NMEA Latitude = 054 07.817N
** NMEA Longitude = 008 46.533E
** waterdepth = 14.3m
** Merle
# nquan = 11
# nvalues = 503                         
# units = specified
# name 0 = timeJ: Julian Days
# name 1 = prdM: Pressure, Strain Gauge [db]
# name 2 = tv290C: Temperature [ITS-90, deg C]
# name 3 = c0mS/cm: Conductivity [mS/cm]
# name 4 = sal00: Salinity, Practical [PSU]
# name 5 = depSM: Depth [salt water, m], lat = 54.00
# name 6 = oxsatMm/Kg: Oxygen Saturation, Weiss [umol/kg]
# name 7 = oxsolMm/Kg: Oxygen Saturation, Garcia & Gordon [umol/kg]
# name 8 = turbWETntu0: Turbidity, WET Labs ECO [NTU]
# name 9 = flECO-AFL: Fluorescence, WET Labs ECO-AFL/FL [mg/m^3]
# name 10 = flag:  0.000e+00
# span 0 = 145.536687, 145.538139       
# span 1 =      0.596,     13.334       
# span 2 =    16.7381,    18.0610       
# span 3 =  35.474697,  36.159011       
# span 4 =    26.7718,    27.0996       
# span 5 =      0.590,     13.215       
# span 6 =  246.60617,  252.50482       
# span 7 =  247.00897,  252.85341       
# span 8 =    -3.9109,     3.6066       
# span 9 =     1.6730,    12.5220       
# span 10 = 0.0000e+00, 0.0000e+00      
# interval = seconds: 0.25
# start_time = May 24 2024 12:51:38 [Instrument's time stamp, header]
# bad_flag = -9.990e-29
*END*
[from data line 132]
 145.537069      4.287    17.4206  35.722763    26.8489      4.249  249.57707  249.95506    -2.6813     4.4469 0.0000e+00
 145.537072      4.320    17.4206  35.724393    26.8489      4.282  249.57675  249.95473    -2.1522     4.7704 0.0000e+00
 145.537075      4.355    17.4214  35.721374    26.8481      4.316  249.57561  249.95354    -2.1366     4.7866 0.0000e+00
 145.537078      4.384    17.4219  35.723548    26.8475      4.345  249.57335  249.95136    -2.1444     4.8068 0.0000e+00
 145.537080      4.413    17.4224  35.717692    26.8481      4.374  249.56996  249.94798    -2.1366     4.8270 -9.990e-29
 145.537083      4.437    17.4218  35.719382    26.8450      4.397  249.57804  249.95605    -2.2767     4.7825 -9.990e-29
 145.537086      4.455    17.4205  35.720892    26.8471      4.415  249.58091  249.95886    -2.6502     4.3094 -9.990e-29
 145.537089      4.468    17.4196  35.715277    26.8431      4.428  249.59225  249.97018    -2.6502     4.3094 -9.990e-29
 145.537092      4.488    17.4201  35.723307    26.8494      4.448  249.57909  249.95701    -2.6346     4.3337 -9.990e-29
 145.537095      4.512    17.4203  35.719805    26.8463      4.471  249.58309  249.96104    -2.6191     4.2811 -9.990e-29
 145.537098      4.534    17.4175  35.717692    26.8489      4.493  249.59245  249.97026    -2.9304     4.3822 -9.990e-29
 145.537101      4.563    17.4165  35.720711    26.8469      4.522  249.60079  249.97857    -2.9070     4.3721 0.0000e+00
 145.537104      4.596    17.4155  35.714191    26.8465      4.555  249.60913  249.98689    -2.8837     4.3660 0.0000e+00
 145.537106      4.632    17.4116  35.713105    26.8448      4.591  249.62502  250.00262    -2.8837     4.3660 0.0000e+00
 145.537109      4.671    17.4081  35.707672    26.8461      4.629  249.64579  250.02326    -2.6813     4.4833 0.0000e+00
 145.537112      4.713    17.4052  35.707673    26.8461      4.670  249.65673  250.03407    -2.6502     4.4914 0.0000e+00
 145.537115      4.756    17.4035  35.707673    26.8461      4.714  249.66330  250.04057    -2.6191     4.4954 0.0000e+00
 145.537118      4.796    17.3992  35.702663    26.8473      4.754  249.68628  250.06339    -2.5880     4.5156 0.0000e+00
 145.537121      4.831    17.3965  35.701819    26.8473      4.788  249.69702  250.07402    -2.6036     4.7461 0.0000e+00
 145.537124      4.857    17.3938  35.702483    26.8488      4.813  249.70776  250.08464    -2.5880     4.9766 -9.990e-29
 145.537127      4.879    17.3873  35.700311    26.8518      4.835  249.73393  250.11054    -2.6035     4.9806 -9.990e-29
 145.537130      4.895    17.3853  35.699647    26.8526      4.851  249.74267  250.11919    -2.6502     5.0049 -9.990e-29
 145.537133      4.910    17.3828  35.705080    26.8588      4.866  249.74438  250.12076    -2.5413     4.9806 -9.990e-29
 145.537135      4.926    17.3826  35.706408    26.8600      4.882  249.74314  250.11951    -2.6191     4.1517 -9.990e-29
 145.537138      4.946    17.3834  35.706167    26.8592      4.902  249.74037  250.11678    -2.6502     4.1234 -9.990e-29
 145.537141      4.965    17.3860  35.707917    26.8600      4.920  249.72647  250.10298    -2.7436     4.1477 -9.990e-29
 145.537144      4.994    17.3869  35.709185    26.8592      4.949  249.72334  250.09990    -2.6969     4.1416 0.0000e+00
 145.537147      5.023    17.3878  35.708762    26.8584      4.978  249.72106  250.09775    -2.7436     4.1355 0.0000e+00
 145.537150      5.058    17.3885  35.703752    26.8531      5.012  249.72106  250.09775    -2.6813     4.1274 0.0000e+00
 145.537153      5.096    17.3885  35.697897    26.8531      5.050  249.73307  250.10974    -2.7436     4.1274 0.0000e+00
 145.537156      5.134    17.3843  35.701580    26.8547      5.088  249.74350  250.11997    -2.6813     4.1274 0.0000e+00
 145.537159      5.167    17.3836  35.700735    26.8549      5.121  249.74707  250.12350    -2.6502     4.2083 0.0000e+00
 145.537161      5.192    17.3828  35.694457    26.8551      5.146  249.75063  250.12704    -2.5413     4.2892 -9.990e-29
 145.537164      5.212    17.3692  35.692949    26.8544      5.166  249.81744  250.19332    -2.6502     4.3175 -9.990e-29
 145.537167      5.243    17.3668  35.689208    26.8564      5.196  249.82557  250.20134    -2.5646     4.7199 0.0000e+00
 145.537170      5.271    17.3645  35.690295    26.8584      5.224  249.83370  250.20936    -2.4790     5.1222 0.0000e+00
 145.537173      5.298    17.3606  35.689209    26.8601      5.251  249.84990  250.22540    -2.4479     5.1222 0.0000e+00
 145.537176      5.326    17.3601  35.690778    26.8623      5.278  249.84990  250.22540    -2.4167     5.1262 0.0000e+00
 145.537179      5.353    17.3601  35.692710    26.8633      5.305  249.84686  250.22232    -2.4167     5.1060 0.0000e+00
 145.537182      5.382    17.3615  35.697297    26.8633      5.334  249.84494  250.22050    -2.5257     5.1060 0.0000e+00
 145.537185      5.415    17.3615  35.689451    26.8635      5.367  249.84291  250.21840    -2.6813     4.3134 0.0000e+00
 145.537187      5.451    17.3608  35.693555    26.8635      5.403  249.84494  250.22050    -2.6813     4.3134 0.0000e+00
 145.537190      5.490    17.3591  35.693556    26.8635      5.441  249.84948  250.22489    -2.6502     4.2932 0.0000e+00
 145.537193      5.530    17.3580  35.691383    26.8635      5.480  249.85662  250.23200    -2.6191     4.3215 0.0000e+00
 145.537196      5.559    17.3577  35.687279    26.8620      5.509  249.86062  250.23599    -2.4012     4.4995 0.0000e+00
 145.537199      5.586    17.3574  35.684261    26.8605      5.536  249.86461  250.23998    -2.1833     4.7178 -9.990e-29
 145.537202      5.608    17.3528  35.685107    26.8617      5.558  249.88485  250.26003    -2.3389     4.6572 -9.990e-29
 145.537205      5.627    17.3510  35.684262    26.8622      5.576  249.89291  250.26802    -2.3701     4.7057 -9.990e-29
 145.537208      5.643    17.3494  35.687944    26.8663      5.593  249.89365  250.26867    -2.6191     4.7744 -9.990e-29
 145.537211      5.663    17.3491  35.683598    26.8628      5.613  249.90073  250.27576    -2.6658     4.7623 -9.990e-29
 145.537214      5.687    17.3488  35.680581    26.8605      5.636  249.90625  250.28128    -2.6346     4.7421 -9.990e-29
 145.537216      5.709    17.3429  35.679676    26.8653      5.658  249.92688  250.30164    -2.4479     4.7785 -9.990e-29
 145.537219      5.740    17.3421  35.681668    26.8695      5.689  249.92376  250.29846    -2.3779     4.7987 0.0000e+00
 145.537222      5.773    17.3429  35.690299    26.8711      5.721  249.92063  250.29529    -2.3078     4.8189 0.0000e+00
 145.537225      5.809    17.3436  35.689213    26.8711      5.757  249.91346  250.28822    -2.3078     4.8189 0.0000e+00
 145.537228      5.849    17.3479  35.690782    26.8696      5.797  249.89536  250.27030    -2.3856     4.8027 0.0000e+00
 145.537231      5.888    17.3508  35.687281    26.8647      5.835  249.88941  250.26449    -2.3856     4.7785 0.0000e+00
 145.537234      5.922    17.3509  35.686436    26.8642      5.869  249.88939  250.26448    -2.4323     4.7825 0.0000e+00
 145.537237      5.950    17.3511  35.674487    26.8638      5.896  249.88937  250.26447    -2.3856     4.7623 -9.990e-29
 145.537240      5.972    17.3437  35.675332    26.8594      5.918  249.93283  250.30766    -2.4167     4.7259 -9.990e-29
 145.537242      5.997    17.3394  35.676902    26.8636      5.943  249.94684  250.32147    -2.3389     4.7663 -9.990e-29
 145.537245      6.019    17.3370  35.679920    26.8677      5.965  249.95163  250.32614    -2.7125     4.7582 -9.990e-29
 145.537248      6.039    17.3366  35.678592    26.8669      5.985  249.95507  250.32958    -2.6035     4.7987 -9.990e-29
 145.537251      6.057    17.3360  35.677084    26.8660      6.003  249.95940  250.33388    -2.6346     4.7340 -9.990e-29
 145.537254      6.081    17.3356  35.677989    26.8673      6.026  249.95880  250.33326    -2.4012     4.9200 -9.990e-29
 145.537257      6.114    17.3352  35.678411    26.8681      6.059  249.95947  250.33391    -2.3934     4.9322 0.0000e+00
 145.537260      6.143    17.3355  35.679679    26.8689      6.088  249.95880  250.33326    -2.3856     4.9200 0.0000e+00
 145.537263      6.174    17.3355  35.683360    26.8715      6.119  249.95246  250.32689    -2.3856     4.9160 0.0000e+00
 145.537266      6.209    17.3381  35.685352    26.8715      6.153  249.94000  250.31454    -2.4012     4.8957 0.0000e+00
 145.537269      6.249    17.3387  35.681429    26.8670      6.193  249.94000  250.31454    -2.6502     4.3781 0.0000e+00
 145.537271      6.283    17.3387  35.679920    26.8665      6.227  249.94521  250.31981    -2.7592     4.3741 0.0000e+00
 145.537274      6.312    17.3376  35.675998    26.8656      6.256  249.95220  250.32675    -2.7670     4.3720 0.0000e+00
 145.537277      6.338    17.3365  35.672317    26.8647      6.281  249.95919  250.33370    -2.7592     4.3660 -9.990e-29
 145.537280      6.358    17.3269  35.669301    26.8654      6.301  250.00453  250.37866    -2.6813     4.3701 -9.990e-29
 145.537283      6.382    17.3227  35.673405    26.8717      6.325  250.01465  250.38857    -2.3701     4.7421 -9.990e-29
 145.537286      6.404    17.3230  35.673827    26.8718      6.346  250.01281  250.38675    -2.2922     4.7542 -9.990e-29
 145.537289      6.427    17.3242  35.673465    26.8707      6.370  250.00897  250.38296    -2.4634     4.7380 -9.990e-29
 145.537292      6.451    17.3199  35.670388    26.8736      6.393  250.02464  250.39844    -2.3856     5.3648 -9.990e-29
 145.537295      6.480    17.3202  35.673647    26.8735      6.422  250.02343  250.39725    -2.3856     5.3648 0.0000e+00
 145.537297      6.511    17.3205  35.673828    26.8736      6.453  250.02222  250.39605    -2.3856     5.3648 0.0000e+00
 145.537300      6.544    17.3215  35.677751    26.8734      6.486  250.01295  250.38680    -2.3856     5.3648 0.0000e+00
 145.537303      6.575    17.3228  35.675337    26.8730      6.516  250.01295  250.38680    -2.4167     5.3567 0.0000e+00
 145.537306      6.612    17.3228  35.671656    26.8713      6.553  250.01661  250.39055    -2.4479     4.3337 0.0000e+00
 145.537309      6.652    17.3214  35.672139    26.8700      6.592  250.02125  250.39512    -2.4167     4.2973 0.0000e+00
 145.537312      6.685    17.3199  35.659769    26.8672      6.625  250.03577  250.40961    -2.4090     4.2993 0.0000e+00
 145.537315      6.712    17.3183  35.664537    26.8630      6.652  250.05029  250.42409    -2.3701     4.2649 -9.990e-29
 145.537318      6.732    17.3074  35.657176    26.8681      6.672  250.09483  250.46817    -2.1833     5.0777 -9.990e-29
 145.537321      6.754    17.3011  35.653497    26.8692      6.694  250.12375  250.49682    -2.2455     5.0656 -9.990e-29
 145.537323      6.772    17.2981  35.661703    26.8780      6.712  250.12337  250.49627    -2.3389     5.0534 -9.990e-29
 145.537326      6.792    17.2970  35.657178    26.8750      6.732  250.13384  250.50671    -2.2300     5.0494 -9.990e-29
 145.537329      6.814    17.2924  35.658264    26.8789      6.753  250.14977  250.52244    -2.1210     5.0534 -9.990e-29
 145.537332      6.838    17.2852  35.658024    26.8798      6.777  250.18310  250.55547    -2.9148    12.4897 -9.990e-29
 145.537335      6.869    17.2845  35.653680    26.8840      6.808  250.17944  250.55176    -2.9148    12.5079 0.0000e+00
 145.537338      6.898    17.2852  35.662610    26.8866      6.836  250.17577  250.54804    -2.9148    12.5220 0.0000e+00
 145.537341      6.931    17.2879  35.663877    26.8866      6.869  250.15872  250.53116    -2.9148    12.5220 0.0000e+00
 145.537344      6.967    17.2881  35.659773    26.8808      6.905  250.15872  250.53116    -2.4479     6.3474 0.0000e+00
 145.537347      7.002    17.2881  35.653499    26.8795      6.939  250.17251  250.54501    -2.4323     6.3474 0.0000e+00
 145.537350      7.042    17.2815  35.650423    26.8795      6.979  250.20151  250.57375    -2.4323     6.3555 0.0000e+00
 145.537352      7.075    17.2758  35.650907    26.8829      7.012  250.22236  250.59434    -2.2922     6.3555 0.0000e+00
 145.537355      7.102    17.2712  35.646322    26.8837      7.039  250.24601  250.61781    -1.6852     4.5156 0.0000e+00
 145.537358      7.128    17.2690  35.645901    26.8842      7.064  250.25489  250.62659    -1.6774     4.5136 0.0000e+00
 145.537361      7.154    17.2667  35.647409    26.8855      7.090  250.26377  250.63537    -1.6697     4.5156 -9.990e-29
 145.537364      7.177    17.2598  35.641558    26.8865      7.113  250.29582  250.66714    -1.6541     4.5075 -9.990e-29
 145.537367      7.199    17.2563  35.645057    26.8917      7.135  250.30396  250.67511    -1.5296     4.7057 -9.990e-29
 145.537370      7.223    17.2561  35.642886    26.8900      7.158  250.30768  250.67883    -1.8097     4.6814 -9.990e-29
 145.537373      7.247    17.2531  35.644394    26.8987      7.182  250.30755  250.67853    -1.5763     4.6733 -9.990e-29
 145.537376      7.276    17.2533  35.650910    26.8939      7.211  250.31464  250.68566    -1.6852     4.6692 0.0000e+00
 145.537378      7.301    17.2531  35.639810    26.8925      7.236  250.32174  250.69279    -1.7942     4.6733 0.0000e+00
 145.537381      7.340    17.2514  35.642223    26.8925      7.274  250.32644  250.69739    -2.4479     4.7380 0.0000e+00
 145.537384      7.369    17.2494  35.645481    26.8954      7.303  250.32932  250.70016    -2.4479     4.7421 0.0000e+00
 145.537387      7.405    17.2488  35.643068    26.8960      7.339  250.33353  250.70435    -2.4479     4.7501 0.0000e+00
 145.537390      7.440    17.2481  35.645481    26.8954      7.373  250.33774  250.70854    -2.4479     4.7421 -9.990e-29
 145.537393      7.462    17.2475  35.640897    26.8940      7.395  250.34303  250.71382    -1.7164     4.6410 -9.990e-29
 145.537396      7.489    17.2442  35.634443    26.8907      7.422  250.36436  250.73503    -1.6385     4.6369 -9.990e-29
 145.537399      7.509    17.2371  35.637218    26.8990      7.442  250.38511  250.75545    -1.7164     4.5965 -9.990e-29
 145.537402      7.540    17.2371  35.638727    26.8990      7.473  250.38511  250.75545    -1.7164     4.5965 0.0000e+00
 145.537405      7.566    17.2371  35.637460    26.8990      7.498  250.38511  250.75545    -1.7164     4.5965 -9.990e-29
 145.537407      7.589    17.2334  35.637219    26.8997      7.521  250.40217  250.77235    -1.9343     4.6289 -9.990e-29
 145.537410      7.615    17.2326  35.636616    26.9000      7.547  250.40577  250.77591    -1.8876     4.6268 0.0000e+00
 145.537413      7.642    17.2317  35.635953    26.9003      7.574  250.40604  250.77610    -1.9343     4.6248 0.0000e+00
 145.537416      7.671    17.2317  35.640055    26.9023      7.603  250.40604  250.77610    -2.4167     4.3418 0.0000e+00
 145.537419      7.700    17.2321  35.638728    26.9028      7.632  250.40389  250.77400    -2.4167     4.3134 0.0000e+00
 145.537422      7.739    17.2329  35.640055    26.9023      7.670  250.39891  250.76905    -2.3856     4.3054 0.0000e+00
 145.537425      7.770    17.2334  35.637883    26.9016      7.700  250.39859  250.76876    -2.3545     4.2973 0.0000e+00
 145.537428      7.801    17.2339  35.643735    26.9003      7.731  250.39827  250.76847    -2.3856     4.2892 -9.990e-29
 145.537431      7.826    17.2349  35.633963    26.8964      7.756  250.40012  250.77038    -2.5101     4.4995 -9.990e-29
 145.537433      7.852    17.2325  35.633963    26.8980      7.782  250.40917  250.77933    -2.2611     4.4914 -9.990e-29
 145.537436      7.876    17.2295  35.631189    26.8977      7.805  250.42465  250.79469    -2.4012     4.4914 -9.990e-29
 145.537439      7.898    17.2248  35.626846    26.9015      7.827  250.44093  250.81076    -1.3739     5.1262 -9.990e-29
 145.537442      7.923    17.2248  35.632034    26.9015      7.852  250.44093  250.81076    -1.3739     5.1262 0.0000e+00
