seaocn-cb/data/ctd_cnv/SBE19plus_01907321_2024_05_26_Cast65.cnv
* Sea-Bird SBE19plus  Data File:
* FileName = E:\Prandtl_Daten\2024\26052024\raw\SBE19plus_01907321_2024_05_26_Cast65.hex
* Software version 2.6.1.12
* Temperature SN = 7321
* Conductivity SN = 7321
* System UpLoad Time = May 26 2024 13:37:15
* <ApplicationData>
* <Seaterm232>
** 20240526
** Sea Practical 2024
** MCat 26.05 CTD_SP2
** NMEA Latitude = 054 06.074N
** NMEA Longitude = 008 34.869E
** waterdepth =16.7 m
** Isabelle
# nquan = 11
# nvalues = 544                         
# units = specified
# name 0 = timeJ: Julian Days
# name 1 = prdM: Pressure, Strain Gauge [db]
# name 2 = tv290C: Temperature [ITS-90, deg C]
# name 3 = c0mS/cm: Conductivity [mS/cm]
# name 4 = sal00: Salinity, Practical [PSU]
# name 5 = depSM: Depth [salt water, m], lat = 54.00
# name 6 = oxsatMm/Kg: Oxygen Saturation, Weiss [umol/kg]
# name 7 = oxsolMm/Kg: Oxygen Saturation, Garcia & Gordon [umol/kg]
# name 8 = turbWETntu0: Turbidity, WET Labs ECO [NTU]
# name 9 = flECO-AFL: Fluorescence, WET Labs ECO-AFL/FL [mg/m^3]
# name 10 = flag:  0.000e+00
# span 0 = 147.562679, 147.564251       
# span 1 =      0.456,     15.896       
# span 2 =    15.9305,    17.4236       
# span 3 =  36.639703,  36.976516       
# span 4 =    27.8681,    28.8691       
# span 5 =      0.452,     15.754       
# span 6 =  247.81038,  253.49320       
# span 7 =  248.18240,  253.79427       
# span 8 =    -3.1483,    22.5327       
# span 9 =     1.8711,     8.6119       
# span 10 = 0.0000e+00, 0.0000e+00      
# interval = seconds: 0.25
# start_time = May 26 2024 13:28:55 [Instrument's time stamp, header]
# bad_flag = -9.990e-29
*END*
[from data line 132]
 147.563061      4.299    16.9478  36.688990    27.9790      4.260  249.96336  250.31530    -1.5763     4.0223 0.0000e+00
 147.563064      4.335    16.9393  36.680691    27.9802      4.296  250.00669  250.35828    -1.5140     4.0223 0.0000e+00
 147.563067      4.368    16.9305  36.675994    27.9811      4.329  250.04606  250.39727    -1.4206     4.0223 0.0000e+00
 147.563070      4.395    16.9209  36.670381    27.9830      4.356  250.08979  250.44058    -1.4206     4.0223 0.0000e+00
 147.563073      4.423    16.9147  36.667941    27.9852      4.383  250.11617  250.46669    -1.5140     4.0668 0.0000e+00
 147.563076      4.454    16.9090  36.665013    27.9867      4.414  250.14172  250.49199    -2.1522     5.3567 0.0000e+00
 147.563079      4.479    16.9042  36.663245    27.9871      4.439  250.16195  250.51201    -2.1833     5.4093 0.0000e+00
 147.563082      4.506    16.9021  36.658181    27.9878      4.466  250.17322  250.52319    -2.2611     5.3830 0.0000e+00
 147.563084      4.534    16.9001  36.663002    27.9871      4.493  250.18449  250.53438    -2.1833     5.4093 -9.990e-29
 147.563087      4.556    16.8964  36.664100    27.9947      4.515  250.18971  250.53940    -1.1716     4.5480 -9.990e-29
 147.563090      4.572    16.8971  36.664588    27.9946      4.531  250.18658  250.53629    -0.9848     4.5358 -9.990e-29
 147.563093      4.590    16.8977  36.659402    27.9898      4.549  250.19192  250.54169    -1.1094     4.5884 -9.990e-29
 147.563096      4.616    16.8959  36.660989    27.9924      4.575  250.19635  250.54603    -1.0160     4.5318 -9.990e-29
 147.563099      4.640    16.8894  36.656963    27.9894      4.598  250.23310  250.58252    -2.4946     5.0211 -9.990e-29
 147.563102      4.671    16.8883  36.652205    27.9909      4.629  250.23559  250.58497    -2.4713     5.0271 0.0000e+00
 147.563105      4.700    16.8873  36.654035    27.9924      4.658  250.23809  250.58741    -2.4946     5.0211 0.0000e+00
 147.563108      4.738    16.8868  36.654706    27.9933      4.696  250.23809  250.58741    -2.4479     5.0292 0.0000e+00
 147.563111      4.777    16.8868  36.657940    27.9933      4.734  250.23897  250.58827    -2.1055     5.0292 0.0000e+00
 147.563113      4.817    16.8865  36.650253    27.9897      4.774  250.24665  250.59595    -2.0743     5.0332 0.0000e+00
 147.563116      4.857    16.8831  36.647326    27.9897      4.813  250.26368  250.61284    -2.0588     5.0615 0.0000e+00
 147.563119      4.902    16.8776  36.644399    27.9910      4.858  250.28834  250.63725    -2.0588     5.0373 0.0000e+00
 147.563122      4.944    16.8734  36.643240    27.9928      4.900  250.30557  250.65429    -2.1522     5.0373 0.0000e+00
 147.563125      4.984    16.8692  36.639703    27.9929      4.940  250.32622  250.67477    -2.2300     4.2285 0.0000e+00
 147.563128      5.019    16.8653  36.640863    27.9965      4.974  250.33920  250.68755    -2.1833     4.2285 0.0000e+00
 147.563131      5.052    16.8627  36.643974    28.0009      5.007  250.34417  250.69240    -2.1833     4.2285 0.0000e+00
 147.563134      5.077    16.8621  36.643669    28.0012      5.032  250.34668  250.69488    -2.0977     4.2386 0.0000e+00
 147.563137      5.107    16.8615  36.647573    28.0014      5.061  250.34919  250.69736    -2.0121     4.2124 -9.990e-29
 147.563139      5.128    16.8560  36.651600    28.0120      5.083  250.35819  250.70606    -2.3856     4.3418 -9.990e-29
 147.563142      5.148    16.8535  36.651113    28.0133      5.102  250.36804  250.71580    -2.5724     4.2892 -9.990e-29
 147.563145      5.169    16.8537  36.654041    28.0156      5.122  250.36322  250.71097    -2.3078     4.3620 -9.990e-29
 147.563148      5.185    16.8551  36.656054    28.0164      5.139  250.35515  250.70295    -2.0743     4.4914 -9.990e-29
 147.563151      5.203    16.8558  36.656542    28.0163      5.157  250.35202  250.69985    -2.0121     4.4995 -9.990e-29
 147.563154      5.221    16.8556  36.658189    28.0178      5.175  250.35026  250.69808    -2.0588     4.5358 -9.990e-29
 147.563157      5.251    16.8552  36.658555    28.0184      5.204  250.35127  250.69906    -2.1522     4.5116 -9.990e-29
 147.563160      5.276    16.8555  36.659227    28.0215      5.229  250.34445  250.69224    -1.5296     4.3862 -9.990e-29
 147.563163      5.307    16.8556  36.662460    28.0262      5.260  250.33616  250.68393    -1.5685     4.3862 0.0000e+00
 147.563166      5.342    16.8555  36.673748    28.0310      5.294  250.32788  250.67562    -1.6074     4.3862 0.0000e+00
 147.563168      5.373    16.8550  36.675762    28.0331      5.325  250.32713  250.67482    -1.6074     4.3579 0.0000e+00
 147.563171      5.408    16.8541  36.684306    28.0409      5.359  250.31817  250.66578    -1.6852     4.3337 0.0000e+00
 147.563174      5.451    16.8515  36.691569    28.0475      5.403  250.31817  250.66578    -2.1677     4.2973 0.0000e+00
 147.563177      5.497    16.8495  36.688334    28.0489      5.448  250.32599  250.67328    -2.1677     4.2892 0.0000e+00
 147.563180      5.543    16.8484  36.693705    28.0529      5.493  250.32659  250.67377    -2.1522     4.2892 0.0000e+00
 147.563183      5.581    16.8467  36.697734    28.0575      5.531  250.32659  250.67377    -2.1210     4.2609 0.0000e+00
 147.563186      5.616    16.8441  36.700420    28.0615      5.565  250.33216  250.67922    -1.9809     4.0830 0.0000e+00
 147.563189      5.650    16.8421  36.697308    28.0616      5.600  250.34202  250.68899    -1.9732     4.0689 0.0000e+00
 147.563192      5.683    16.8400  36.701581    28.0617      5.632  250.35188  250.69876    -1.9809     4.0830 -9.990e-29
 147.563194      5.707    16.8330  36.699506    28.0685      5.656  250.37490  250.72144    -1.9343     4.0304 -9.990e-29
 147.563197      5.734    16.8304  36.704023    28.0741      5.683  250.37782  250.72422    -1.8720     4.1962 -9.990e-29
 147.563200      5.758    16.8272  36.706038    28.0781      5.707  250.38709  250.73332    -1.9031     4.2083 -9.990e-29
 147.563203      5.780    16.8252  36.709335    28.0822      5.728  250.38964  250.73576    -1.9498     4.1921 -9.990e-29
 147.563206      5.804    16.8239  36.709884    28.0836      5.752  250.39373  250.73978    -1.8564     4.2083 -9.990e-29
 147.563209      5.824    16.8214  36.708969    28.0845      5.772  250.40418  250.75013    -1.4829     4.1679 -9.990e-29
 147.563212      5.847    16.8110  36.707200    28.0899      5.795  250.44640  250.79186    -1.3739     4.1517 -9.990e-29
 147.563215      5.875    16.8102  36.706712    28.0907      5.822  250.44881  250.79424    -1.4206     4.1679 0.0000e+00
 147.563218      5.904    16.8109  36.707384    28.0915      5.851  250.44640  250.79186    -1.4673     4.1800 0.0000e+00
 147.563220      5.930    16.8102  36.709642    28.0920      5.877  250.44686  250.79227    -1.5296     4.1821 0.0000e+00
 147.563223      5.961    16.8109  36.711656    28.0924      5.907  250.44249  250.78794    -1.5918     4.1800 -9.990e-29
 147.563226      5.983    16.8155  36.710741    28.0930      5.929  250.41899  250.76462    -1.5452     4.7259 -9.990e-29
 147.563229      6.016    16.8135  36.714159    28.0942      5.962  250.42699  250.77253    -1.6075     4.7421 0.0000e+00
 147.563232      6.041    16.8114  36.713610    28.0954      5.987  250.43499  250.78044    -1.5452     4.7582 0.0000e+00
 147.563235      6.076    16.8026  36.713245    28.1012      6.021  250.46807  250.81311    -1.2806     5.1586 0.0000e+00
 147.563238      6.108    16.7922  36.713918    28.1090      6.054  250.50572  250.85027    -1.2806     5.1586 0.0000e+00
 147.563241      6.143    16.7827  36.715263    28.1168      6.088  250.53935  250.88344    -1.2806     5.1586 0.0000e+00
 147.563244      6.180    16.7761  36.718560    28.1242      6.124  250.55891  250.90267    -1.0315     5.1586 0.0000e+00
 147.563247      6.218    16.7724  36.720392    28.1283      6.162  250.56995  250.91353    -0.3778     4.0547 0.0000e+00
 147.563249      6.258    16.7697  36.726498    28.1354      6.202  250.57147  250.91488    -0.3778     4.0344 0.0000e+00
 147.563252      6.300    16.7657  36.728819    28.1402      6.244  250.58301  250.92623    -0.4712     4.0547 0.0000e+00
 147.563255      6.338    16.7617  36.731445    28.1452      6.282  250.59411  250.93712    -0.4712     4.0708 0.0000e+00
 147.563258      6.377    16.7603  36.735475    28.1479      6.320  250.59636  250.93930     0.0891     4.2528 0.0000e+00
 147.563261      6.413    16.7589  36.737857    28.1506      6.356  250.59862  250.94148     0.6961     4.4348 -9.990e-29
 147.563264      6.437    16.7503  36.732790    28.1543      6.379  250.63443  250.97690     0.5249     4.4469 -9.990e-29
 147.563267      6.459    16.7480  36.731874    28.1551      6.401  250.64428  250.98664     0.6494     4.3943 -9.990e-29
 147.563270      6.475    16.7453  36.736576    28.1610      6.417  250.64749  250.98970     0.7584     4.4307 -9.990e-29
 147.563273      6.502    16.7420  36.737615    28.1642      6.444  250.65845  251.00049     1.4432     4.5318 -9.990e-29
 147.563275      6.519    16.7357  36.742623    28.1729      6.460  250.67457  251.01629     1.1941     4.5075 -9.990e-29
 147.563278      6.542    16.7296  36.736822    28.1722      6.484  250.70577  251.04723     1.1163     4.5116 -9.990e-29
 147.563281      6.564    16.7270  36.738044    28.1808      6.506  250.70351  251.04480     0.9296     5.2233 -9.990e-29
 147.563284      6.590    16.7268  36.744883    28.1814      6.531  250.70328  251.04457     0.9919     5.1829 0.0000e+00
 147.563287      6.621    16.7267  36.746044    28.1810      6.561  250.70351  251.04480     1.0074     5.1788 0.0000e+00
 147.563290      6.654    16.7262  36.744456    28.1820      6.594  250.70533  251.04652     1.0074     5.1788 0.0000e+00
 147.563293      6.686    16.7253  36.748060    28.1828      6.627  250.70720  251.04846     1.0074     5.1788 0.0000e+00
 147.563296      6.723    16.7252  36.745556    28.1847      6.663  250.70533  251.04652     1.7700     5.0534 0.0000e+00
 147.563299      6.758    16.7250  36.748732    28.1853      6.697  250.70469  251.04588     1.8478     5.0453 0.0000e+00
 147.563302      6.790    16.7248  36.749831    28.1865      6.730  250.70469  251.04588     1.9101     5.0453 0.0000e+00
 147.563304      6.820    16.7237  36.750747    28.1881      6.759  250.70690  251.04799     1.9101     5.0009 0.0000e+00
 147.563307      6.847    16.7236  36.751847    28.1881      6.786  250.70757  251.04867     2.9529     4.7663 0.0000e+00
 147.563310      6.876    16.7236  36.747266    28.1887      6.815  250.70690  251.04799     2.9840     4.7663 0.0000e+00
 147.563313      6.907    16.7240  36.752519    28.1887      6.845  250.70217  251.04327     2.9840     4.7663 0.0000e+00
 147.563316      6.942    16.7240  36.753679    28.1893      6.880  250.70217  251.04327     2.9840     4.7704 0.0000e+00
 147.563319      6.973    16.7234  36.751969    28.1900      6.910  250.70709  251.04818     2.8595     4.7704 0.0000e+00
 147.563322      7.013    16.7230  36.752519    28.1900      6.950  250.70709  251.04818     2.3926     4.9402 0.0000e+00
 147.563325      7.050    16.7208  36.760398    28.1982      6.986  250.70783  251.04889     2.3926     4.9726 0.0000e+00
 147.563328      7.090    16.7167  36.759910    28.2007      7.026  250.72051  251.06124     2.5171     4.9564 0.0000e+00
 147.563330      7.132    16.7124  36.760399    28.2042      7.068  250.73590  251.07642     2.6572     4.9564 0.0000e+00
 147.563333      7.166    16.7082  36.761072    28.2076      7.102  250.75042  251.09073     2.8595     4.8108 0.0000e+00
 147.563336      7.203    16.7072  36.760645    28.2082      7.138  250.75453  251.09480     2.8750     4.8048 0.0000e+00
 147.563339      7.230    16.7062  36.762477    28.2087      7.165  250.75864  251.09886     2.8906     4.7987 -9.990e-29
 147.563342      7.244    16.7039  36.755026    28.2055      7.180  250.77532  251.11546     3.2798     4.8391 -9.990e-29
 147.563345      7.261    16.7047  36.755881    28.2057      7.196  250.77105  251.11123     2.6416     4.9281 -9.990e-29
 147.563348      7.274    16.7067  36.756309    28.2046      7.209  250.76285  251.10312     2.6727     4.8674 -9.990e-29
 147.563351      7.290    16.7071  36.756797    28.2047      7.225  250.76064  251.10092     2.5638     4.9079 -9.990e-29
 147.563354      7.309    16.7053  36.766448    28.2142      7.243  250.75361  251.09375     2.7506     4.9645 -9.990e-29
 147.563356      7.323    16.6991  36.766998    28.2162      7.258  250.78028  251.12015     1.9257     6.0239 -9.990e-29
 147.563359      7.349    16.6987  36.763761    28.2187      7.283  250.77852  251.11835     1.7934     6.0138 0.0000e+00
 147.563362      7.382    16.6982  36.768709    28.2211      7.316  250.78028  251.12015     1.8945     6.0239 0.0000e+00
 147.563365      7.413    16.6954  36.769992    28.2240      7.346  250.78522  251.12487     1.8945     6.0158 0.0000e+00
 147.563368      7.454    16.6935  36.768282    28.2242      7.388  250.79470  251.13427     1.9101     6.0158 0.0000e+00
 147.563371      7.495    16.6922  36.771398    28.2276      7.427  250.79502  251.13445     3.0152     4.7421 0.0000e+00
 147.563374      7.542    16.6912  36.774147    28.2306      7.475  250.79504  251.13446     3.2486     4.6652 0.0000e+00
 147.563377      7.582    16.6905  36.775796    28.2313      7.514  250.79507  251.13446     3.2953     4.7299 0.0000e+00
 147.563380      7.622    16.6888  36.772987    28.2325      7.554  250.80554  251.14486     3.3887     4.7299 0.0000e+00
 147.563383      7.664    16.6862  36.772560    28.2327      7.596  250.81589  251.15509     3.6844     4.8270 0.0000e+00
 147.563385      7.697    16.6827  36.774332    28.2367      7.628  250.82637  251.16539     3.8401     4.8634 0.0000e+00
 147.563388      7.734    16.6781  36.774821    28.2403      7.665  250.84265  251.18146     3.8401     4.8270 0.0000e+00
 147.563391      7.769    16.6740  36.772561    28.2413      7.699  250.86142  251.20004     3.7934     4.8634 0.0000e+00
 147.563394      7.798    16.6673  36.768714    28.2427      7.728  250.89189  251.23021     3.7934     4.9362 0.0000e+00
 147.563397      7.823    16.6596  36.770303    28.2495      7.753  250.91839  251.25633     3.8556     4.9645 0.0000e+00
 147.563400      7.851    16.6572  36.769388    28.2508      7.780  250.92816  251.26599     3.8945     4.9827 0.0000e+00
 147.563403      7.876    16.6547  36.770671    28.2521      7.806  250.93792  251.27564     3.9334     5.0009 -9.990e-29
 147.563406      7.900    16.6491  36.768289    28.2551      7.829  250.96046  251.29791     2.6261     5.2961 -9.990e-29
 147.563409      7.922    16.6472  36.768289    28.2564      7.851  250.96744  251.30480     2.9840     5.3446 -9.990e-29
 147.563411      7.945    16.6460  36.767679    28.2567      7.874  250.97259  251.30990     2.8440     5.2961 -9.990e-29
 147.563414      7.971    16.6474  36.769633    28.2574      7.900  250.96460  251.30197     2.6883     5.3082 -9.990e-29
 147.563417      7.986    16.6482  36.768045    28.2555      7.914  250.96389  251.30131     2.8128     5.3365 -9.990e-29
 147.563420      8.004    16.6456  36.767374    28.2567      7.932  250.97458  251.31187     4.2603     5.8419 -9.990e-29
 147.563423      8.026    16.6413  36.762732    28.2558      7.954  250.99741  251.33453     4.1047     5.8460 -9.990e-29
 147.563426      8.046    16.6312  36.763343    28.2586      7.974  251.04232  251.37897     4.1513     5.8500 -9.990e-29
 147.563429      8.077    16.6268  36.757725    28.2625      8.005  251.05771  251.39414     3.7545     6.0400 0.0000e+00
 147.563432      8.110    16.6223  36.759497    28.2654      8.037  251.07309  251.40930     3.3576     6.1978 0.0000e+00
 147.563435      8.146    16.6152  36.752536    28.2664      8.073  251.10962  251.44554     3.3576     6.2059 0.0000e+00
