seaocn-cb/data/ctd_cnv/SBE19plus_01907321_2024_05_23_Cast32.cnv
* Sea-Bird SBE19plus  Data File:
* FileName = E:\Prandtl_Daten\2024\CTD\raw\SBE19plus_01907321_2024_05_23_Cast32.hex
* Software version 2.6.1.12
* Temperature SN = 7321
* Conductivity SN = 7321
* System UpLoad Time = May 23 2024 11:55:40
* <ApplicationData>
* <Seaterm232>
** 20240523
** Sea Practical 2024
** MCat 23.05 CTD_NP1
** NMEA Latitude = 054 10.22N
** NMEA Longitude = 008 39.52E
** waterdepth = 16m
** Clemens
# nquan = 11
# nvalues = 583                         
# units = specified
# name 0 = timeJ: Julian Days
# name 1 = prdM: Pressure, Strain Gauge [db]
# name 2 = tv290C: Temperature [ITS-90, deg C]
# name 3 = c0mS/cm: Conductivity [mS/cm]
# name 4 = sal00: Salinity, Practical [PSU]
# name 5 = depSM: Depth [salt water, m], lat = 54.00
# name 6 = oxsatMm/Kg: Oxygen Saturation, Weiss [umol/kg]
# name 7 = oxsolMm/Kg: Oxygen Saturation, Garcia & Gordon [umol/kg]
# name 8 = turbWETntu0: Turbidity, WET Labs ECO [NTU]
# name 9 = flECO-AFL: Fluorescence, WET Labs ECO-AFL/FL [mg/m^3]
# name 10 = flag:  0.000e+00
# span 0 = 144.491536, 144.493220       
# span 1 =      0.425,     14.771       
# span 2 =    17.0877,    17.8804       
# span 3 =  35.853718,  36.150846       
# span 4 =    26.8717,    27.2815       
# span 5 =      0.421,     14.638       
# span 6 =  247.28075,  250.47494       
# span 7 =  247.67618,  250.83698       
# span 8 =    -3.9420,    -1.0315       
# span 9 =     4.3701,    13.6664       
# span 10 = 0.0000e+00, 0.0000e+00      
# interval = seconds: 0.25
# start_time = May 23 2024 11:46:03 [Instrument's time stamp, header]
# bad_flag = -9.990e-29
*END*
[from data line 394]
 144.492677     11.076    17.1151  35.949895    27.2398     10.976  250.40133  250.76471    -2.8837     9.4408 0.0000e+00
 144.492679     11.121    17.1146  35.948805    27.2402     11.021  250.40480  250.76815    -2.8837     9.4610 0.0000e+00
 144.492682     11.161    17.1146  35.949229    27.2400     11.061  250.40494  250.76829    -2.9148     9.4428 0.0000e+00
 144.492685     11.196    17.1145  35.948140    27.2402     11.095  250.40480  250.76815    -2.9459     9.4610 -9.990e-29
 144.492688     11.220    17.1151  35.946384    27.2374     11.119  250.40672  250.77011    -2.3856     8.4218 -9.990e-29
 144.492691     11.230    17.1151  35.949229    27.2398     11.130  250.40267  250.76605    -2.3389     8.4420 -9.990e-29
 144.492694     11.240    17.1151  35.951409    27.2416     11.139  250.39926  250.76263    -2.4479     8.4177 -9.990e-29
 144.492697     11.234    17.1150  35.945476    27.2367     11.134  250.40834  250.77173    -2.5724     8.5593 -9.990e-29
 144.492700     11.232    17.1149  35.940695    27.2328     11.132  250.41547  250.77888    -2.5257     8.5391 -9.990e-29
 144.492703     11.240    17.1146  35.946142    27.2376     11.139  250.40894  250.77231    -2.6502     8.5512 -9.990e-29
 144.492705     11.252    17.1144  35.949230    27.2403     11.152  250.40516  250.76850    -2.6658     8.5633 -9.990e-29
 144.492708     11.272    17.1142  35.949895    27.2402     11.171  250.40615  250.76949    -2.8837     8.9192 -9.990e-29
 144.492711     11.303    17.1143  35.948988    27.2405     11.202  250.40520  250.76854    -2.8604     8.9273 0.0000e+00
 144.492714     11.336    17.1142  35.949896    27.2402     11.235  250.40615  250.76949    -2.8525     8.9192 0.0000e+00
 144.492717     11.376    17.1141  35.948806    27.2408     11.274  250.40588  250.76921    -2.8525     8.9353 0.0000e+00
 144.492720     11.422    17.1141  35.949654    27.2408     11.320  250.40588  250.76921    -2.9304     8.9030 0.0000e+00
 144.492723     11.468    17.1140  35.950744    27.2408     11.365  250.40588  250.76921    -2.9304     8.3773 0.0000e+00
 144.492726     11.510    17.1136  35.944206    27.2393     11.407  250.41122  250.77453    -2.9148     8.3692 0.0000e+00
 144.492729     11.546    17.1136  35.947475    27.2379     11.443  250.41339  250.77671    -2.8993     8.3672 0.0000e+00
 144.492731     11.579    17.1135  35.948141    27.2393     11.475  250.41122  250.77453    -2.8837     8.3652 -9.990e-29
 144.492734     11.603    17.1140  35.944630    27.2366     11.499  250.41345  250.77680    -3.4129     7.5767 -9.990e-29
 144.492737     11.626    17.1142  35.952076    27.2426     11.522  250.40191  250.76523    -3.2728     7.5807 -9.990e-29
 144.492740     11.646    17.1146  35.952742    27.2416     11.542  250.40199  250.76534    -3.3506     7.5888 -9.990e-29
 144.492743     11.674    17.1148  35.951168    27.2413     11.569  250.40168  250.76504    -3.1639     9.1274 0.0000e+00
 144.492746     11.703    17.1146  35.950744    27.2411     11.598  250.40199  250.76534    -2.9771    10.6660 0.0000e+00
 144.492749     11.738    17.1146  35.950079    27.2411     11.633  250.40139  250.76473    -2.9771    10.6660 0.0000e+00
 144.492752     11.771    17.1146  35.951410    27.2409     11.665  250.40279  250.76614    -2.8525    10.6620 0.0000e+00
 144.492755     11.807    17.1146  35.950442    27.2414     11.701  250.40209  250.76544    -2.8915    10.6580 0.0000e+00
 144.492758     11.833    17.1146  35.952924    27.2409     11.727  250.40279  250.76614    -2.8059    10.6539 -9.990e-29
 144.492760     11.856    17.1146  35.950563    27.2410     11.750  250.40264  250.76599    -2.9148     8.9232 -9.990e-29
 144.492763     11.877    17.1142  35.949655    27.2405     11.770  250.40549  250.76883    -2.8837     8.9192 -9.990e-29
 144.492766     11.893    17.1141  35.952924    27.2434     11.786  250.40146  250.76477    -2.9148     8.9272 -9.990e-29
 144.492769     11.898    17.1141  35.952924    27.2433     11.792  250.40115  250.76447    -2.8525     8.9192 -9.990e-29
 144.492772     11.900    17.1141  35.951411    27.2421     11.794  250.40362  250.76694    -2.4946    12.4169 -9.990e-29
 144.492775     11.908    17.1142  35.953166    27.2435     11.801  250.40050  250.76382    -2.4167    12.3967 -9.990e-29
 144.492778     11.924    17.1134  35.948324    27.2379     11.817  250.41398  250.77730    -2.4946    12.4209 -9.990e-29
 144.492781     11.955    17.1133  35.945903    27.2403     11.848  250.41068  250.77398    -2.6736    10.4618 0.0000e+00
 144.492784     11.995    17.1131  35.951411    27.2394     11.888  250.41302  250.77631    -2.7747     8.5027 0.0000e+00
 144.492786     12.041    17.1131  35.947477    27.2426     11.933  250.40738  250.77066    -2.7747     8.5027 0.0000e+00
 144.492789     12.092    17.1131  35.951412    27.2395     11.984  250.41302  250.77631    -2.7747     8.5027 0.0000e+00
 144.492792     12.138    17.1130  35.947477    27.2399     12.029  250.41338  250.77667    -2.9926     8.5027 0.0000e+00
 144.492795     12.178    17.1128  35.947720    27.2397     12.069  250.41399  250.77727    -3.1561     8.1812 0.0000e+00
 144.492798     12.207    17.1126  35.953410    27.2399     12.098  250.41460  250.77787    -3.3195     7.8597 -9.990e-29
 144.492801     12.231    17.1126  35.949899    27.2417     12.121  250.41152  250.77478    -3.3506     7.8395 -9.990e-29
 144.492804     12.244    17.1131  35.954015    27.2449     12.134  250.40379  250.76706    -3.2728     7.8557 -9.990e-29
 144.492807     12.256    17.1133  35.951170    27.2423     12.147  250.40693  250.77022    -3.2416     7.8355 -9.990e-29
 144.492810     12.264    17.1132  35.952139    27.2432     12.154  250.40617  250.76945    -3.1016    10.8399 -9.990e-29
 144.492813     12.277    17.1127  35.955166    27.2401     12.167  250.41344  250.77672    -2.9771    10.8520 -9.990e-29
 144.492815     12.302    17.1123  35.948144    27.2421     12.192  250.41186  250.77512    -3.0627    10.8723 0.0000e+00
 144.492818     12.335    17.1120  35.952321    27.2441     12.224  250.41094  250.77414    -3.0238    10.8520 0.0000e+00
 144.492821     12.379    17.1119  35.952745    27.2441     12.268  250.41094  250.77414    -3.1171    10.2131 0.0000e+00
 144.492824     12.428    17.1117  35.950566    27.2447     12.317  250.41094  250.77414    -3.0393    10.2131 0.0000e+00
 144.492827     12.475    17.1116  35.954258    27.2451     12.364  250.41071  250.77391    -3.0393    10.2253 0.0000e+00
 144.492830     12.515    17.1116  35.953169    27.2456     12.403  250.41008  250.77328    -3.0237    10.2273 0.0000e+00
 144.492833     12.544    17.1116  35.955590    27.2451     12.432  250.41071  250.77391    -3.0082    10.2253 -9.990e-29
 144.492836     12.559    17.1112  35.954501    27.2465     12.447  250.41038  250.77356    -3.0704     8.2479 -9.990e-29
 144.492839     12.568    17.1117  35.952564    27.2445     12.456  250.41129  250.77450    -3.0393     8.2236 -9.990e-29
 144.492841     12.572    17.1117  35.953169    27.2449     12.459  250.41012  250.77333    -3.1016     8.2398 -9.990e-29
 144.492844     12.568    17.1117  35.952745    27.2446     12.456  250.41072  250.77394    -3.0082     7.9770 -9.990e-29
 144.492847     12.572    17.1119  35.950082    27.2422     12.459  250.41391  250.77714    -3.0704     7.9770 -9.990e-29
 144.492850     12.583    17.1117  35.954259    27.2459     12.470  250.40888  250.77208    -3.1016     7.9932 -9.990e-29
 144.492853     12.605    17.1111  35.957770    27.2463     12.492  250.41107  250.77425    -2.9926     7.9608 -9.990e-29
 144.492856     12.637    17.1112  35.954259    27.2442     12.524  250.41419  250.77738    -2.9148     8.3874 0.0000e+00
 144.492859     12.683    17.1112  35.949477    27.2434     12.569  250.41517  250.77836    -2.9148     8.7978 0.0000e+00
 144.492862     12.729    17.1112  35.950990    27.2434     12.615  250.41517  250.77836    -2.8837     8.8019 0.0000e+00
 144.492865     12.774    17.1112  35.951535    27.2439     12.660  250.41472  250.77791    -2.9148     8.8019 0.0000e+00
 144.492867     12.822    17.1110  35.954018    27.2461     12.707  250.41274  250.77589    -2.9148     8.8019 0.0000e+00
 144.492870     12.860    17.1107  35.954260    27.2461     12.745  250.41274  250.77589    -2.9148     7.9123 0.0000e+00
 144.492873     12.893    17.1107  35.953170    27.2465     12.777  250.41274  250.77589    -2.9148     7.9123 0.0000e+00
 144.492876     12.922    17.1109  35.957105    27.2487     12.806  250.40778  250.77093    -2.8681     7.9163 0.0000e+00
 144.492879     12.949    17.1110  35.957529    27.2488     12.833  250.40686  250.77002    -2.8837     7.9163 0.0000e+00
 144.492882     12.979    17.1112  35.954684    27.2488     12.862  250.40595  250.76912    -2.8525     7.9163 -9.990e-29
 144.492885     12.999    17.1113  35.956863    27.2482     12.882  250.40662  250.76979    -2.9459     8.6846 -9.990e-29
 144.492888     13.015    17.1108  35.956258    27.2480     12.899  250.40935  250.77250    -2.9459     8.7129 -9.990e-29
 144.492891     13.035    17.1107  35.953171    27.2455     12.918  250.41438  250.77754    -2.8837     8.6846 -9.990e-29
 144.492894     13.052    17.1102  35.956924    27.2490     12.935  250.41089  250.77401    -3.0393     9.1699 -9.990e-29
 144.492896     13.072    17.1102  35.956258    27.2484     12.955  250.41185  250.77497    -2.9771     9.1982 -9.990e-29
 144.492899     13.095    17.1101  35.954927    27.2474     12.978  250.41407  250.77720    -3.0860     9.2063 -9.990e-29
 144.492902     13.117    17.1099  35.954685    27.2491     13.000  250.41195  250.77506    -3.0704     9.1860 -9.990e-29
 144.492905     13.147    17.1099  35.956864    27.2491     13.029  250.41196  250.77507    -2.6269    11.4262 0.0000e+00
 144.492908     13.178    17.1099  35.956864    27.2491     13.060  250.41195  250.77506    -2.1988    13.6502 0.0000e+00
 144.492911     13.207    17.1099  35.957348    27.2491     13.089  250.41197  250.77508    -2.1833    13.6583 0.0000e+00
 144.492914     13.238    17.1100  35.954927    27.2480     13.119  250.41295  250.77607    -2.1522    13.6583 0.0000e+00
 144.492917     13.265    17.1101  35.955775    27.2477     13.146  250.41370  250.77683    -2.1522    13.6624 0.0000e+00
 144.492920     13.293    17.1101  35.958438    27.2480     13.173  250.41295  250.77607    -2.1522    13.6664 -9.990e-29
 144.492922     13.311    17.1104  35.956017    27.2480     13.192  250.41139  250.77453    -3.3195     8.9677 -9.990e-29
 144.492925     13.327    17.1104  35.957349    27.2491     13.208  250.40950  250.77263    -3.2105     8.9717 -9.990e-29
 144.492928     13.342    17.1104  35.957349    27.2491     13.222  250.40950  250.77264    -3.2261     8.9919 -9.990e-29
 144.492931     13.360    17.1103  35.958196    27.2505     13.240  250.40799  250.77110    -2.6346     8.6765 -9.990e-29
 144.492934     13.387    17.1101  35.958863    27.2493     13.267  250.41126  250.77436    -2.6502     8.6786 0.0000e+00
 144.492937     13.420    17.1098  35.955594    27.2500     13.300  250.41236  250.77545    -2.6658     8.6806 0.0000e+00
 144.492940     13.462    17.1095  35.957773    27.2500     13.342  250.41236  250.77545    -2.7125     8.6968 0.0000e+00
 144.492943     13.513    17.1095  35.960195    27.2500     13.392  250.41236  250.77545    -2.8370     8.7453 0.0000e+00
 144.492946     13.561    17.1093  35.956865    27.2521     13.439  250.40894  250.77201    -2.8525     8.7534 0.0000e+00
 144.492948     13.605    17.1090  35.962375    27.2531     13.483  250.41242  250.77545    -2.8525     8.7534 0.0000e+00
 144.492951     13.646    17.1087  35.960619    27.2537     13.524  250.41008  250.77311    -2.9148     8.7413 0.0000e+00
 144.492954     13.677    17.1084  35.956442    27.2531     13.555  250.41242  250.77545    -2.9771     8.7291 -9.990e-29
 144.492957     13.701    17.1084  35.960619    27.2531     13.578  250.41245  250.77547    -3.4751     8.7453 -9.990e-29
 144.492960     13.712    17.1087  35.959711    27.2521     13.589  250.41282  250.77586    -3.5841     8.7615 -9.990e-29
 144.492963     13.710    17.1087  35.959106    27.2516     13.587  250.41368  250.77673    -3.6463     8.7493 -9.990e-29
 144.492966     13.703    17.1088  35.958864    27.2514     13.580  250.41372  250.77677    -3.5529     8.7331 -9.990e-29
 144.492969     13.699    17.1084  35.963223    27.2553     13.576  250.40873  250.77175    -2.8992     7.9770 -9.990e-29
 144.492972     13.703    17.1083  35.961709    27.2541     13.580  250.41151  250.77453    -3.0082     7.9608 -9.990e-29
 144.492975     13.714    17.1074  35.959469    27.2504     13.591  250.42180  250.78480    -2.8681     7.9608 -9.990e-29
 144.492977     13.745    17.1072  35.956685    27.2501     13.622  250.42352  250.78650    -2.5257     8.2904 0.0000e+00
 144.492980     13.783    17.1070  35.955595    27.2504     13.660  250.42180  250.78480    -2.1988     8.6159 0.0000e+00
 144.492983     13.832    17.1070  35.962376    27.2548     13.708  250.41721  250.78016    -2.1988     8.6159 0.0000e+00
 144.492986     13.885    17.1070  35.961468    27.2548     13.761  250.41662  250.77958    -2.1988     8.6159 0.0000e+00
 144.492989     13.938    17.1069  35.961468    27.2548     13.813  250.41719  250.78013    -2.2144     8.5957 0.0000e+00
 144.492992     13.987    17.1067  35.961953    27.2553     13.862  250.41719  250.78013    -2.7280     7.7627 0.0000e+00
 144.492995     14.029    17.1063  35.963890    27.2563     13.904  250.41721  250.78013    -2.7436     7.7546 0.0000e+00
 144.492998     14.055    17.1060  35.960379    27.2574     13.929  250.41723  250.78013    -2.7592     7.7465 -9.990e-29
 144.493001     14.077    17.1062  35.961953    27.2556     13.951  250.41909  250.78201    -2.7280     7.7667 -9.990e-29
 144.493003     14.090    17.1064  35.959895    27.2537     13.963  250.42142  250.78436    -2.6191     7.8031 -9.990e-29
 144.493006     14.103    17.1062  35.961287    27.2550     13.976  250.42006  250.78298    -1.3584     8.3126 -9.990e-29
 144.493009     14.115    17.1061  35.961953    27.2556     13.989  250.41942  250.78234    -1.4206     8.3005 -9.990e-29
 144.493012     14.139    17.1061  35.958866    27.2560     14.012  250.41884  250.78176    -1.3895     8.3086 -9.990e-29
 144.493015     14.166    17.1059  35.962377    27.2569     14.039  250.41852  250.78143    -1.8798     8.2378 0.0000e+00
 144.493018     14.199    17.1059  35.964133    27.2569     14.072  250.41852  250.78143    -1.8798     8.2378 0.0000e+00
 144.493021     14.232    17.1056  35.964315    27.2578     14.104  250.41821  250.78109    -2.3701     8.1670 -9.990e-29
 144.493024     14.256    17.1021  35.964557    27.2620     14.128  250.42845  250.79116    -2.3856     8.1630 -9.990e-29
 144.493027     14.285    17.1021  35.966313    27.2620     14.157  250.42845  250.79116    -2.3856     8.1630 0.0000e+00
 144.493030     14.312    17.1021  35.964255    27.2620     14.184  250.42845  250.79116    -2.3856     8.1630 -9.990e-29
 144.493032     14.332    17.1013  35.965890    27.2621     14.204  250.43186  250.79454    -2.4479     9.5540 -9.990e-29
 144.493035     14.352    17.1008  35.966314    27.2628     14.224  250.43343  250.79608    -2.4479     9.5621 -9.990e-29
 144.493038     14.371    17.1006  35.962136    27.2594     14.242  250.44002  250.80269    -2.3701     9.5904 -9.990e-29
 144.493041     14.393    17.1006  35.968735    27.2650     14.264  250.43061  250.79324    -2.6191     8.8221 -9.990e-29
 144.493044     14.409    17.0999  35.971581    27.2678     14.280  250.42903  250.79162    -2.6813     8.8181 -9.990e-29
 144.493047     14.433    17.0988  35.970915    27.2680     14.303  250.43433  250.79687    -2.5413     8.8342 -9.990e-29
 144.493050     14.455    17.0974  35.973761    27.2691     14.325  250.43895  250.80143    -2.6813     8.8100 -9.990e-29
