seaocn-cb/data/ctd_cnv/SBE19plus_01907321_2024_05_24_Cast37.cnv
* Sea-Bird SBE19plus  Data File:
* FileName = E:\Prandtl_Daten\2024\CTD\raw\SBE19plus_01907321_2024_05_24_Cast37.hex
* Software version 2.6.1.12
* Temperature SN = 7321
* Conductivity SN = 7321
* System UpLoad Time = May 24 2024 08:56:13
* <ApplicationData>
* <Seaterm232>
** 20240524
** Sea Practical 2024
** MCat 23.05 CTD_Z1
** NMEA Latitude = 054 1.69N
** NMEA Longitude = 008 32.78E
** waterdepth = 12m
** Andreas
# nquan = 11
# nvalues = 449                         
# units = specified
# name 0 = timeJ: Julian Days
# name 1 = prdM: Pressure, Strain Gauge [db]
# name 2 = tv290C: Temperature [ITS-90, deg C]
# name 3 = c0mS/cm: Conductivity [mS/cm]
# name 4 = sal00: Salinity, Practical [PSU]
# name 5 = depSM: Depth [salt water, m], lat = 54.00
# name 6 = oxsatMm/Kg: Oxygen Saturation, Weiss [umol/kg]
# name 7 = oxsolMm/Kg: Oxygen Saturation, Garcia & Gordon [umol/kg]
# name 8 = turbWETntu0: Turbidity, WET Labs ECO [NTU]
# name 9 = flECO-AFL: Fluorescence, WET Labs ECO-AFL/FL [mg/m^3]
# name 10 = flag:  0.000e+00
# span 0 = 145.365605, 145.366901       
# span 1 =      0.407,     11.389       
# span 2 =    15.4285,    16.0380       
# span 3 =  34.842262,  35.265550       
# span 4 =    27.0483,    27.8155       
# span 5 =      0.404,     11.287       
# span 6 =  256.06271,  257.94418       
# span 7 =  256.38095,  258.22964       
# span 8 =    -3.6774,    25.9412       
# span 9 =     3.0963,    10.0918       
# span 10 = 0.0000e+00, 0.0000e+00      
# interval = seconds: 0.25
# start_time = May 24 2024 08:45:05 [Instrument's time stamp, header]
# bad_flag = -9.990e-29
*END*
[from data line 394]
 145.366745     11.328    15.4313  35.239846    27.7919     11.227  257.91480  258.19991    19.7311     8.9353 -9.990e-29
 145.366748     11.328    15.4312  35.240747    27.7928     11.227  257.91402  258.19912    19.6689     8.9151 -9.990e-29
 145.366751     11.332    15.4311  35.240747    27.7929     11.231  257.91433  258.19942    19.7155     8.9192 -9.990e-29
 145.366753     11.338    15.4313  35.240927    27.7929     11.236  257.91314  258.19824    19.7778     8.9030 -9.990e-29
 145.366756     11.340    15.4320  35.242428    27.7937     11.238  257.90805  258.19318    23.6533    10.0392 -9.990e-29
 145.366759     11.339    15.4325  35.241167    27.7922     11.238  257.90816  258.19333    23.6689    10.0635 -9.990e-29
 145.366762     11.341    15.4327  35.241167    27.7921     11.240  257.90724  258.19242    23.7467    10.0392 -9.990e-29
 145.366765     11.340    15.4326  35.243089    27.7939     11.238  257.90488  258.19004    23.7155    10.0918 -9.990e-29
 145.366768     11.334    15.4323  35.241347    27.7925     11.233  257.90850  258.19365    22.1903     9.5621 -9.990e-29
 145.366771     11.325    15.4323  35.242848    27.7939     11.224  257.90648  258.19161    22.2058     9.5581 -9.990e-29
 145.366774     11.316    15.4323  35.243509    27.7945     11.214  257.90545  258.19058    22.2525     9.5661 -9.990e-29
 145.366777     11.299    15.4323  35.244590    27.7954     11.198  257.90346  258.18859    22.2992     9.5661 -9.990e-29
 145.366780     11.290    15.4325  35.245190    27.7958     11.189  257.90191  258.18705    22.2058     9.5378 -9.990e-29
 145.366782     11.283    15.4324  35.242848    27.7938     11.182  257.90584  258.19099    24.4004     8.9717 -9.990e-29
 145.366785     11.274    15.4323  35.241767    27.7929     11.173  257.90781  258.19296    24.3692     8.9879 -9.990e-29
 145.366788     11.272    15.4321  35.240746    27.7922     11.171  257.91031  258.19545    24.5093     9.0041 -9.990e-29
 145.366791     11.274    15.4315  35.241587    27.7933     11.173  257.91147  258.19657    24.4471     8.9839 -9.990e-29
 145.366794     11.281    15.4311  35.241587    27.7936     11.180  257.91300  258.19809    25.2253     9.4489 -9.990e-29
 145.366797     11.294    15.4310  35.239005    27.7914     11.193  257.91731  258.20241    25.0852     9.4610 -9.990e-29
 145.366800     11.309    15.4311  35.240266    27.7925     11.208  257.91506  258.20016    25.2408     9.4570 -9.990e-29
 145.366803     11.329    15.4309  35.234501    27.7876     11.228  257.92491  258.21003    25.1630     9.4287 -9.990e-29
 145.366806     11.347    15.4308  35.230658    27.7843     11.246  257.93117  258.21631    21.5054     8.2317 -9.990e-29
 145.366808     11.364    15.4311  35.231559    27.7848     11.262  257.92856  258.21371    21.4120     8.2358 -9.990e-29
 145.366811     11.375    15.4315  35.233901    27.7866     11.273  257.92341  258.20856    21.4587     8.2358 -9.990e-29
 145.366814     11.376    15.4316  35.233481    27.7861     11.275  257.92345  258.20861    21.4587     8.2520 -9.990e-29
 145.366817     11.371    15.4316  35.229638    27.7828     11.269  257.92938  258.21457    21.9412     8.5512 -9.990e-29
 145.366820     11.355    15.4315  35.228317    27.7817     11.253  257.93203  258.21722    21.9412     8.5431 -9.990e-29
 145.366823     11.342    15.4314  35.228377    27.7818     11.240  257.93224  258.21742    22.0035     8.5552 -9.990e-29
 145.366826     11.324    15.4315  35.224894    27.7787     11.222  257.93731  258.22252    21.9568     8.5310 -9.990e-29
 145.366829     11.307    15.4316  35.225314    27.7791     11.206  257.93634  258.22155    21.8634     8.5269 -9.990e-29
 145.366832     11.299    15.4320  35.226215    27.7795     11.198  257.93310  258.21833    24.4004     9.1618 -9.990e-29
 145.366834     11.296    15.4323  35.225314    27.7786     11.195  257.93357  258.21882    24.4626     9.1820 -9.990e-29
 145.366837     11.298    15.4320  35.225134    27.7786     11.196  257.93477  258.22001    24.3848     9.1739 -9.990e-29
 145.366840     11.308    15.4317  35.221292    27.7754     11.207  257.94195  258.22719    24.4471     9.1375 -9.990e-29
 145.366843     11.321    15.4316  35.224294    27.7781     11.220  257.93762  258.22284    23.2953     8.8625 -9.990e-29
 145.366846     11.332    15.4314  35.224894    27.7788     11.231  257.93762  258.22283    23.2175     8.8909 -9.990e-29
 145.366849     11.336    15.4314  35.221892    27.7762     11.234  257.94226  258.22749    23.2175     8.8747 -9.990e-29
 145.366852     11.341    15.4315  35.224894    27.7787     11.239  257.93732  258.22253    23.3420     8.8585 -9.990e-29
 145.366855     11.334    15.4316  35.223393    27.7774     11.232  257.93933  258.22455    19.3109     8.0781 -9.990e-29
 145.366858     11.326    15.4318  35.223393    27.7772     11.225  257.93840  258.22364    19.2331     8.0862 -9.990e-29
 145.366861     11.312    15.4318  35.223453    27.7773     11.210  257.93830  258.22354    19.2642     8.0902 -9.990e-29
 145.366863     11.303    15.4316  35.221712    27.7759     11.201  257.94191  258.22714    19.2175     8.1023 -9.990e-29
 145.366866     11.290    15.4317  35.221472    27.7756     11.189  257.94166  258.22690    18.2992     8.4501 -9.990e-29
 145.366869     11.281    15.4319  35.221291    27.7753     11.180  257.94132  258.22657    18.3303     8.4177 -9.990e-29
 145.366872     11.275    15.4318  35.223813    27.7776     11.174  257.93772  258.22296    18.1903     8.4380 -9.990e-29
 145.366875     11.281    15.4319  35.224053    27.7777     11.180  257.93674  258.22198    18.2681     8.4177 -9.990e-29
 145.366878     11.285    15.4319  35.224894    27.7785     11.184  257.93575  258.22098    18.1591     8.4097 -9.990e-29
 145.366881     11.296    15.4319  35.222552    27.7764     11.194  257.93907  258.22432    23.9334     7.9932 -9.990e-29
 145.366884     11.312    15.4323  35.224053    27.7774     11.211  257.93522  258.22049    23.8868     7.9527 -9.990e-29
 145.366887     11.328    15.4326  35.224474    27.7776     11.227  257.93366  258.21893    23.9179     7.9770 -9.990e-29
 145.366889     11.347    15.4329  35.223393    27.7764     11.245  257.93411  258.21941    23.9490     7.9810 -9.990e-29
 145.366892     11.361    15.4334  35.225134    27.7776     11.259  257.92959  258.21490    25.8634     8.0296 -9.990e-29
 145.366895     11.378    15.4338  35.222312    27.7748     11.276  257.93212  258.21747    25.9412     8.0376 -9.990e-29
 145.366898     11.385    15.4340  35.214627    27.7680     11.283  257.94339  258.22880    25.8634     8.0174 -9.990e-29
 145.366901     11.389    15.4346  35.212526    27.7657     11.287  257.94418  258.22964    25.8945     8.0053 -9.990e-29
