seaocn-cb/data/ctd_cnv/SBE19plus_01907321_2024_05_23_Cast20.cnv
* Sea-Bird SBE19plus  Data File:
* FileName = E:\Prandtl_Daten\2024\CTD\raw\SBE19plus_01907321_2024_05_23_Cast20.hex
* Software version 2.6.1.12
* Temperature SN = 7321
* Conductivity SN = 7321
* System UpLoad Time = May 23 2024 06:43:27
* <ApplicationData>
* <Seaterm232>
** 20240522
** Sea Practical 2024
** MCat 23.05 CTD_SP1
** NMEA Latitude = 054 7.76N
** NMEA Longitude = 008 46.69E
** waterdepth = 11,5m
** Merle
# nquan = 11
# nvalues = 358                         
# units = specified
# name 0 = timeJ: Julian Days
# name 1 = prdM: Pressure, Strain Gauge [db]
# name 2 = tv290C: Temperature [ITS-90, deg C]
# name 3 = c0mS/cm: Conductivity [mS/cm]
# name 4 = sal00: Salinity, Practical [PSU]
# name 5 = depSM: Depth [salt water, m], lat = 54.00
# name 6 = oxsatMm/Kg: Oxygen Saturation, Weiss [umol/kg]
# name 7 = oxsolMm/Kg: Oxygen Saturation, Garcia & Gordon [umol/kg]
# name 8 = turbWETntu0: Turbidity, WET Labs ECO [NTU]
# name 9 = flECO-AFL: Fluorescence, WET Labs ECO-AFL/FL [mg/m^3]
# name 10 = flag:  0.000e+00
# span 0 = 144.275755, 144.276788       
# span 1 =      0.832,     10.644       
# span 2 =    17.1235,    17.2809       
# span 3 =  34.685317,  34.770587       
# span 4 =    26.1405,    26.1902       
# span 5 =      0.825,     10.549       
# span 6 =  251.44910,  252.16727       
# span 7 =  251.82549,  252.53720       
# span 8 =    -0.7669,     2.1280       
# span 9 =     2.6758,     5.8177       
# span 10 = 0.0000e+00, 0.0000e+00      
# interval = seconds: 0.25
# start_time = May 23 2024 06:35:44 [Instrument's time stamp, header]
# bad_flag = -9.990e-29
*END*
 144.275755      0.832    17.2802  34.769928    26.1477      0.825  251.45128  251.82765    -0.3467     2.7203 -9.990e-29
 144.275758      0.834    17.2801  34.765329    26.1434      0.827  251.45931  251.83569    -0.4868     2.7122 -9.990e-29
 144.275761      0.872    17.2803  34.764732    26.1448      0.865  251.45619  251.83258    -0.5024     2.7324 0.0000e+00
 144.275764      0.934    17.2804  34.768256    26.1461      0.926  251.45307  251.82946    -0.4868     2.7122 0.0000e+00
 144.275767      1.009    17.2806  34.769929    26.1470      1.000  251.44979  251.82618    -0.4557     2.7324 0.0000e+00
 144.275770      1.088    17.2809  34.769750    26.1472      1.078  251.44913  251.82553    -0.4557     2.7324 0.0000e+00
 144.275773      1.168    17.2809  34.770168    26.1472      1.158  251.44910  251.82549    -0.6113     2.8577 0.0000e+00
 144.275775      1.239    17.2808  34.770049    26.1472      1.228  251.44910  251.82549    -0.7669     2.9103 0.0000e+00
 144.275778      1.300    17.2805  34.769333    26.1473      1.288  251.45141  251.82779    -0.6736     2.9103 0.0000e+00
 144.275781      1.343    17.2803  34.770169    26.1473      1.331  251.45162  251.82799    -0.7203     2.9204 0.0000e+00
 144.275784      1.378    17.2801  34.770587    26.1478      1.366  251.45183  251.82819    -0.6736     2.9063 -9.990e-29
 144.275787      1.385    17.2796  34.769333    26.1474      1.373  251.45493  251.83128    -0.4868     3.3308 -9.990e-29
 144.275790      1.360    17.2796  34.769930    26.1479      1.348  251.45376  251.83010    -0.5490     3.3470 -9.990e-29
 144.275793      1.338    17.2800  34.769811    26.1476      1.326  251.45265  251.82901    -0.3156     3.3672 -9.990e-29
 144.275796      1.318    17.2803  34.768915    26.1466      1.306  251.45265  251.82902    -0.5179     3.3713 -9.990e-29
 144.275799      1.311    17.2798  34.768676    26.1467      1.299  251.45488  251.83124    -0.3623     3.3187 -9.990e-29
 144.275802      1.320    17.2790  34.766764    26.1464      1.308  251.45951  251.83583    -0.3311     3.3753 -9.990e-29
 144.275804      1.349    17.2787  34.767661    26.1467      1.337  251.46050  251.83681    -0.3778     3.3773 0.0000e+00
 144.275807      1.393    17.2784  34.767840    26.1469      1.381  251.46149  251.83779    -0.3311     3.3753 0.0000e+00
 144.275810      1.442    17.2783  34.768497    26.1471      1.429  251.46152  251.83782    -0.3156     3.1327 0.0000e+00
 144.275813      1.504    17.2783  34.768079    26.1471      1.491  251.46153  251.83782    -0.1288     3.0761 0.0000e+00
 144.275816      1.566    17.2783  34.767661    26.1471      1.552  251.46214  251.83844    -0.2066     3.0842 0.0000e+00
 144.275819      1.636    17.2781  34.767841    26.1468      1.621  251.46287  251.83916    -0.1599     3.0437 0.0000e+00
 144.275822      1.703    17.2777  34.766706    26.1463      1.688  251.46578  251.84206    -0.1599     2.8860 0.0000e+00
 144.275825      1.756    17.2773  34.764497    26.1457      1.740  251.46911  251.84537    -0.1522     2.8780 0.0000e+00
 144.275828      1.804    17.2768  34.761510    26.1451      1.787  251.47243  251.84868    -0.1444     2.8699 -9.990e-29
 144.275830      1.829    17.2751  34.765930    26.1473      1.813  251.47708  251.85324    -0.1132     2.8537 -9.990e-29
 144.275833      1.835    17.2752  34.766169    26.1474      1.818  251.47611  251.85228    -0.0821     2.7971 -9.990e-29
 144.275836      1.833    17.2761  34.768021    26.1484      1.817  251.47000  251.84620    -0.0977     2.7930 -9.990e-29
 144.275839      1.826    17.2767  34.768260    26.1482      1.809  251.46744  251.84367    -0.3156     2.7728 -9.990e-29
 144.275842      1.815    17.2769  34.765094    26.1455      1.798  251.47129  251.84754    -0.3000     2.8011 -9.990e-29
 144.275845      1.807    17.2767  34.765333    26.1458      1.791  251.47158  251.84782    -0.1599     2.7486 -9.990e-29
 144.275848      1.811    17.2766  34.765094    26.1456      1.795  251.47224  251.84848    -0.1599     2.8537 -9.990e-29
 144.275851      1.824    17.2755  34.767603    26.1443      1.807  251.48025  251.85645    -0.2378     2.8537 -9.990e-29
 144.275854      1.855    17.2752  34.762586    26.1440      1.838  251.48242  251.85861    -0.1833     2.8415 0.0000e+00
 144.275856      1.900    17.2748  34.761332    26.1443      1.883  251.48030  251.85645    -0.1288     2.8294 0.0000e+00
 144.275859      1.946    17.2742  34.765931    26.1477      1.929  251.48251  251.85862     0.0891     2.7728 0.0000e+00
 144.275862      2.013    17.2738  34.765513    26.1477      1.996  251.48251  251.85862     0.0891     2.7566 0.0000e+00
 144.275865      2.072    17.2731  34.763841    26.1477      2.053  251.48763  251.86369     0.0891     2.7566 0.0000e+00
 144.275868      2.132    17.2725  34.765514    26.1468      2.113  251.48776  251.86385     0.0580     2.7566 0.0000e+00
 144.275871      2.181    17.2724  34.763244    26.1467      2.162  251.49119  251.86726    -0.2066     2.8092 0.0000e+00
 144.275874      2.227    17.2721  34.760676    26.1467      2.207  251.49404  251.87008    -0.2066     2.8173 0.0000e+00
 144.275877      2.263    17.2719  34.762826    26.1458      2.243  251.49509  251.87113    -0.2222     2.8133 0.0000e+00
 144.275880      2.292    17.2718  34.763424    26.1467      2.272  251.49404  251.87008    -0.1132     2.8173 -9.990e-29
 144.275883      2.313    17.2724  34.764499    26.1477      2.292  251.48948  251.86554    -0.0821     2.9184 -9.990e-29
 144.275885      2.323    17.2730  34.764081    26.1470      2.303  251.48786  251.86395    -0.0354     2.9750 -9.990e-29
 144.275888      2.323    17.2732  34.763245    26.1462      2.303  251.48841  251.86451    -0.2689     3.0033 -9.990e-29
 144.275891      2.323    17.2733  34.763424    26.1462      2.302  251.48753  251.86363    -0.2066     2.9427 -9.990e-29
 144.275894      2.323    17.2732  34.765395    26.1480      2.303  251.48536  251.86145    -0.0977     2.9629 -9.990e-29
 144.275897      2.325    17.2729  34.763424    26.1465      2.304  251.48911  251.86520    -0.4245     2.8294 -9.990e-29
 144.275900      2.341    17.2724  34.760079    26.1440      2.320  251.49576  251.87184    -0.4712     2.8011 -9.990e-29
 144.275903      2.362    17.2712  34.761752    26.1437      2.341  251.50200  251.87804    -0.5490     2.8173 -9.990e-29
 144.275906      2.391    17.2711  34.758825    26.1458      2.369  251.49938  251.87540    -0.1833     2.7830 0.0000e+00
 144.275909      2.435    17.2710  34.763424    26.1477      2.413  251.49676  251.87276     0.0891     2.7769 0.0000e+00
 144.275911      2.489    17.2710  34.763425    26.1477      2.467  251.49676  251.87276     0.0891     2.7769 0.0000e+00
 144.275914      2.546    17.2711  34.760677    26.1469      2.523  251.49708  251.87310     0.0891     2.7769 0.0000e+00
 144.275917      2.604    17.2711  34.762589    26.1453      2.581  251.50008  251.87610    -0.0510     2.7566 0.0000e+00
 144.275920      2.664    17.2712  34.759005    26.1469      2.641  251.49708  251.87310    -0.0510     2.7041 0.0000e+00
 144.275923      2.717    17.2712  34.763186    26.1465      2.693  251.49775  251.87376     0.0735     2.6879 0.0000e+00
 144.275926      2.752    17.2712  34.762171    26.1473      2.727  251.49775  251.87376     0.1202     2.6879 0.0000e+00
 144.275929      2.783    17.2709  34.762828    26.1469      2.758  251.49824  251.87424     0.1124     2.6818 0.0000e+00
 144.275932      2.810    17.2707  34.762590    26.1473      2.785  251.49873  251.87472     0.1513     2.6758 -9.990e-29
 144.275935      2.818    17.2704  34.762351    26.1471      2.792  251.50038  251.87636     0.3070     2.8780 -9.990e-29
 144.275938      2.819    17.2705  34.762530    26.1472      2.794  251.49981  251.87579     0.2759     2.8537 -9.990e-29
 144.275940      2.825    17.2707  34.761096    26.1459      2.800  251.50121  251.87721     0.3226     2.8456 -9.990e-29
 144.275943      2.820    17.2707  34.762171    26.1468      2.794  251.49968  251.87568     0.3070     2.8213 -9.990e-29
 144.275946      2.816    17.2707  34.763246    26.1476      2.791  251.49784  251.87383    -0.0666     2.7890 -9.990e-29
 144.275949      2.823    17.2707  34.759842    26.1468      2.798  251.49921  251.87521     0.0268     2.7930 -9.990e-29
 144.275952      2.850    17.2708  34.762291    26.1458      2.825  251.50047  251.87648    -0.0743     2.7991 0.0000e+00
 144.275955      2.887    17.2707  34.760081    26.1448      2.861  251.50173  251.87775    -0.0043     2.8052 0.0000e+00
 144.275958      2.935    17.2707  34.757334    26.1448      2.908  251.50260  251.87858    -0.0043     2.9467 0.0000e+00
 144.275961      2.995    17.2702  34.761515    26.1443      2.968  251.50628  251.88231     0.0580     2.9588 0.0000e+00
 144.275964      3.059    17.2700  34.758828    26.1443      3.031  251.50708  251.88306     0.0891     2.9629 0.0000e+00
 144.275966      3.121    17.2698  34.757872    26.1436      3.093  251.50910  251.88508     0.2603     2.9629 0.0000e+00
 144.275969      3.176    17.2683  34.755663    26.1427      3.147  251.51796  251.89388     0.7428     2.9265 0.0000e+00
 144.275972      3.225    17.2672  34.751841    26.1418      3.196  251.52512  251.90099     0.7662     2.9103 0.0000e+00
 144.275975      3.263    17.2660  34.752499    26.1410      3.234  251.53227  251.90811     0.7895     2.9265 -9.990e-29
 144.275978      3.285    17.2614  34.755843    26.1473      3.256  251.54403  251.91966     0.8206     2.8780 -9.990e-29
 144.275981      3.292    17.2626  34.753932    26.1450      3.263  251.54232  251.91800     0.6183     3.0074 -9.990e-29
 144.275984      3.291    17.2637  34.758411    26.1480      3.261  251.53184  251.90756     0.5871     2.9710 -9.990e-29
 144.275987      3.284    17.2644  34.756082    26.1456      3.254  251.53230  251.90805     0.5871     2.9750 -9.990e-29
 144.275990      3.282    17.2648  34.753753    26.1434      3.252  251.53434  251.91012     0.5560     2.9629 -9.990e-29
 144.275992      3.287    17.2640  34.751424    26.1420      3.258  251.54049  251.91625     0.5093     2.9790 -9.990e-29
 144.275995      3.302    17.2583  34.743541    26.1409      3.272  251.57042  251.94595     0.9296     3.4279 -9.990e-29
 144.275998      3.335    17.2567  34.745751    26.1405      3.305  251.57882  251.95429     0.9218     3.4440 0.0000e+00
 144.276001      3.369    17.2551  34.742408    26.1409      3.339  251.58721  251.96263     0.9140     3.4279 0.0000e+00
 144.276004      3.417    17.2523  34.742826    26.1406      3.386  251.59741  251.97270     0.8829     3.4279 0.0000e+00
 144.276007      3.468    17.2497  34.738826    26.1417      3.437  251.61293  251.98813     0.7272     3.2459 0.0000e+00
 144.276010      3.520    17.2478  34.738707    26.1415      3.489  251.62041  251.99553     0.5249     3.2459 0.0000e+00
 144.276013      3.577    17.2456  34.736737    26.1417      3.545  251.63147  252.00650     0.5249     3.2459 0.0000e+00
 144.276016      3.628    17.2438  34.737394    26.1432      3.596  251.63753  252.01248     0.6338     3.2095 0.0000e+00
 144.276019      3.674    17.2427  34.739066    26.1443      3.641  251.63961  252.01450     1.3187     3.0923 0.0000e+00
 144.276021      3.707    17.2421  34.736977    26.1448      3.673  251.64332  252.01819     1.3342     3.0882 0.0000e+00
 144.276024      3.738    17.2415  34.737156    26.1443      3.704  251.64702  252.02188     1.3187     3.0842 -9.990e-29
 144.276027      3.760    17.2396  34.736320    26.1450      3.726  251.65527  252.03004     1.3031     3.0761 -9.990e-29
 144.276030      3.778    17.2389  34.734231    26.1437      3.744  251.66078  252.03553     1.1630     3.1489 -9.990e-29
 144.276033      3.785    17.2383  34.737395    26.1467      3.751  251.65882  252.03353     1.1475     3.1125 -9.990e-29
 144.276036      3.799    17.2380  34.735246    26.1451      3.766  251.66283  252.03754     1.1163     3.0680 -9.990e-29
 144.276039      3.805    17.2373  34.733634    26.1442      3.771  251.66797  252.04266     1.0541     3.1367 -9.990e-29
 144.276042      3.816    17.2371  34.736500    26.1467      3.782  251.66454  252.03920     1.1163     3.0680 -9.990e-29
 144.276045      3.832    17.2366  34.730410    26.1420      3.798  251.67510  252.04977     1.2253     3.7676 -9.990e-29
 144.276047      3.852    17.2351  34.732321    26.1428      3.818  251.68108  252.05568     1.4899     3.8039 -9.990e-29
 144.276050      3.880    17.2347  34.730231    26.1427      3.845  251.68311  252.05770     1.4043     3.7999 0.0000e+00
 144.276053      3.922    17.2344  34.729396    26.1428      3.887  251.68514  252.05971     1.3187     3.7959 0.0000e+00
 144.276056      3.973    17.2330  34.729157    26.1432      3.938  251.69057  252.06509     0.4159     3.1731 0.0000e+00
 144.276059      4.020    17.2310  34.727725    26.1432      3.984  251.70054  252.07498     0.3537     3.1691 0.0000e+00
 144.276062      4.069    17.2284  34.724979    26.1433      4.033  251.71429  252.08863     0.3537     3.1731 0.0000e+00
 144.276065      4.122    17.2256  34.724979    26.1444      4.086  251.72162  252.09578     0.3692     3.1731 0.0000e+00
 144.276068      4.170    17.2255  34.729875    26.1482      4.133  251.72162  252.09578     0.7428     3.1731 0.0000e+00
 144.276071      4.212    17.2255  34.729398    26.1482      4.174  251.71916  252.09335     0.7428     3.1691 0.0000e+00
 144.276073      4.252    17.2261  34.726651    26.1467      4.214  251.71875  252.09297     0.6650     3.1671 0.0000e+00
 144.276076      4.277    17.2267  34.732323    26.1451      4.239  251.71833  252.09259     0.5249     3.1691 -9.990e-29
 144.276079      4.296    17.2299  34.732741    26.1481      4.257  251.69766  252.07203     0.5560     2.8133 -9.990e-29
 144.276082      4.308    17.2321  34.737816    26.1509      4.270  251.68191  252.05635     0.2914     2.7566 -9.990e-29
 144.276085      4.316    17.2359  34.739069    26.1495      4.277  251.66557  252.04017     0.2914     2.8011 -9.990e-29
 144.276088      4.321    17.2383  34.738651    26.1476      4.283  251.65698  252.03169     0.2292     2.7769 -9.990e-29
 144.276091      4.332    17.2403  34.737397    26.1453      4.294  251.65149  252.02628     0.2759     2.7971 -9.990e-29
 144.276094      4.345    17.2410  34.739666    26.1467      4.306  251.64542  252.02024     0.3692     3.2338 -9.990e-29
 144.276097      4.361    17.2413  34.739367    26.1462      4.322  251.64459  252.01942     0.4159     3.2257 -9.990e-29
 144.276100      4.385    17.2439  34.739248    26.1460      4.346  251.63225  252.00719     0.4159     3.2176 -9.990e-29
 144.276102      4.412    17.2445  34.741159    26.1462      4.373  251.62932  252.00427     0.6261     3.1833 0.0000e+00
 144.276105      4.454    17.2450  34.742413    26.1460      4.415  251.62638  252.00135     0.8362     3.1489 0.0000e+00
 144.276108      4.504    17.2457  34.741338    26.1450      4.464  251.62513  252.00015     0.8517     3.1287 0.0000e+00
 144.276111      4.560    17.2458  34.741099    26.1447      4.520  251.62513  252.00015     0.8517     3.1044 0.0000e+00
 144.276114      4.621    17.2458  34.738233    26.1422      4.579  251.62891  252.00395     0.7584     3.1044 0.0000e+00
 144.276117      4.672    17.2447  34.736980    26.1422      4.630  251.63515  252.01014     0.4471     2.8780 0.0000e+00
 144.276120      4.721    17.2441  34.739667    26.1435      4.679  251.63563  252.01058     0.4393     2.8639 0.0000e+00
 144.276123      4.754    17.2435  34.738473    26.1450      4.711  251.63611  252.01103     0.4315     2.8780 -9.990e-29
 144.276126      4.778    17.2444  34.736741    26.1419      4.735  251.63681  252.01179     0.1980     2.8335 -9.990e-29
 144.276128      4.794    17.2443  34.741757    26.1461      4.751  251.63001  252.00496     0.2603     3.1206 -9.990e-29
 144.276131      4.803    17.2446  34.741996    26.1462      4.760  251.62872  252.00369     0.2603     3.1044 -9.990e-29
