seaocn-cb/data/ctd_cnv/SBE19plus_01907321_2024_05_27_Cast81.cnv
* Sea-Bird SBE19plus  Data File:
* FileName = E:\Prandtl_Daten\2024\27052024\raw\SBE19plus_01907321_2024_05_27_Cast81.hex
* Software version 2.6.1.12
* Temperature SN = 7321
* Conductivity SN = 7321
* System UpLoad Time = May 27 2024 11:23:44
* <ApplicationData>
* <Seaterm232>
** 20240527
** Sea Practical 2024
** MCat 27.05 CTD_SP5
** NMEA Latitude = 54 7.781N
** NMEA Longitude = 008 25.579E
** waterdepth = 10.4m
** Merle
# nquan = 11
# nvalues = 344                         
# units = specified
# name 0 = timeJ: Julian Days
# name 1 = prdM: Pressure, Strain Gauge [db]
# name 2 = tv290C: Temperature [ITS-90, deg C]
# name 3 = c0mS/cm: Conductivity [mS/cm]
# name 4 = sal00: Salinity, Practical [PSU]
# name 5 = depSM: Depth [salt water, m], lat = 54.00
# name 6 = oxsatMm/Kg: Oxygen Saturation, Weiss [umol/kg]
# name 7 = oxsolMm/Kg: Oxygen Saturation, Garcia & Gordon [umol/kg]
# name 8 = turbWETntu0: Turbidity, WET Labs ECO [NTU]
# name 9 = flECO-AFL: Fluorescence, WET Labs ECO-AFL/FL [mg/m^3]
# name 10 = flag:  0.000e+00
# span 0 = 148.470223, 148.471215       
# span 1 =      0.432,      9.413       
# span 2 =    15.9792,    16.0563       
# span 3 =  37.060450,  37.141218       
# span 4 =    28.9864,    29.0167       
# span 5 =      0.428,      9.328       
# span 6 =  252.62472,  253.03349       
# span 7 =  252.93052,  253.33589       
# span 8 =    -1.4518,    60.7895       
# span 9 =     2.1824,     5.5872       
# span 10 = 0.0000e+00, 0.0000e+00      
# interval = seconds: 0.25
# start_time = May 27 2024 11:15:42 [Instrument's time stamp, header]
# bad_flag = -9.990e-29
*END*
 148.470223      0.432    16.0107  37.099579    29.0002      0.428  252.85255  253.15631     1.5366     2.8011 -9.990e-29
 148.470226      0.437    16.0104  37.104606    29.0023      0.434  252.85007  253.15381     1.6611     2.7486 -9.990e-29
 148.470229      0.474    16.0104  37.101848    29.0032      0.470  252.84886  253.15258     1.9957     2.9265 0.0000e+00
 148.470231      0.527    16.0103  37.103687    29.0027      0.522  252.85007  253.15381     2.3303     3.1044 0.0000e+00
 148.470234      0.594    16.0102  37.102032    29.0034      0.589  252.84935  253.15307     2.4004     3.1084 0.0000e+00
 148.470237      0.638    16.0101  37.100071    29.0027      0.632  252.85106  253.15478     2.4704     3.1125 -9.990e-29
 148.470240      0.640    16.0082  37.099826    29.0022      0.634  252.86156  253.16519     2.4393     3.1044 -9.990e-29
 148.470243      0.623    16.0075  37.101849    29.0044      0.618  252.86120  253.16479     1.9257     2.9750 -9.990e-29
 148.470246      0.625    16.0079  37.100745    29.0002      0.620  252.86662  253.17025     2.2214     2.9548 -9.990e-29
 148.470249      0.651    16.0079  37.097251    29.0014      0.645  252.86452  253.16814     2.1046     2.9427 0.0000e+00
 148.470252      0.698    16.0079  37.100071    29.0014      0.692  252.86452  253.16814     2.1046     2.9427 0.0000e+00
 148.470255      0.733    16.0079  37.097558    29.0026      0.727  252.86242  253.16603     1.9879     2.9305 -9.990e-29
 148.470258      0.742    16.0067  37.098784    29.0023      0.736  252.86885  253.17241     2.8906     3.2419 -9.990e-29
 148.470260      0.731    16.0062  37.099826    29.0036      0.725  252.86908  253.17261     2.8595     3.2298 -9.990e-29
 148.470263      0.728    16.0046  37.095535    29.0029      0.721  252.87828  253.18174     3.0619     2.9346 -9.990e-29
 148.470266      0.753    16.0041  37.097681    29.0012      0.746  252.88329  253.18675     3.0541     2.8638 0.0000e+00
 148.470269      0.808    16.0037  37.093206    29.0006      0.801  252.88831  253.19175     3.0619     2.7971 0.0000e+00
 148.470272      0.866    16.0028  37.093574    29.0006      0.858  252.89137  253.19476     3.0463     2.7930 0.0000e+00
 148.470275      0.902    16.0018  37.093697    29.0014      0.894  252.89479  253.19813     3.1552     2.7971 0.0000e+00
 148.470278      0.950    16.0013  37.095046    29.0026      0.941  252.89489  253.19819     2.9218     2.8092 0.0000e+00
 148.470281      1.001    16.0010  37.094249    29.0028      0.992  252.89639  253.19969     2.7895     2.8234 0.0000e+00
 148.470284      1.043    16.0008  37.093698    29.0026      1.033  252.89790  253.20119     2.4237     2.8375 -9.990e-29
 148.470286      1.056    16.0004  37.093146    28.9996      1.046  252.90505  253.20834     2.7194     2.8780 -9.990e-29
 148.470289      1.087    16.0002  37.090510    29.0009      1.077  252.90379  253.20706     2.3070     3.0317 0.0000e+00
 148.470292      1.123    16.0002  37.093208    29.0009      1.113  252.90379  253.20706     2.3070     3.0317 0.0000e+00
 148.470295      1.149    16.0000  37.094434    29.0022      1.138  252.90252  253.20577     1.8945     3.1853 -9.990e-29
 148.470298      1.161    15.9996  37.092534    29.0019      1.151  252.90505  253.20828     2.0969     3.2378 -9.990e-29
 148.470301      1.156    15.9996  37.092043    29.0015      1.145  252.90578  253.20902     1.9724     3.2055 -9.990e-29
 148.470304      1.143    15.9993  37.089162    28.9992      1.133  252.91129  253.21453     4.0735     3.0276 -9.990e-29
 148.470307      1.139    15.9989  37.089591    28.9999      1.129  252.91214  253.21535     4.0891     3.0640 -9.990e-29
 148.470310      1.159    15.9975  37.092289    28.9993      1.149  252.91992  253.22308     4.1980     2.9750 -9.990e-29
 148.470313      1.209    15.9971  37.087814    29.0004      1.198  252.92024  253.22338     2.9451     2.9710 0.0000e+00
 148.470315      1.262    15.9966  37.089592    29.0003      1.250  252.92057  253.22367     1.6922     2.9669 0.0000e+00
 148.470318      1.309    15.9961  37.087753    29.0015      1.297  252.92376  253.22681     1.6766     2.8618 0.0000e+00
 148.470321      1.347    15.9956  37.090083    29.0025      1.335  252.92523  253.22826     1.6766     2.8497 0.0000e+00
 148.470324      1.377    15.9956  37.089715    29.0025      1.364  252.92523  253.22826     1.6922     2.8416 0.0000e+00
 148.470327      1.404    15.9957  37.087815    29.0025      1.392  252.92523  253.22826     1.6922     2.8416 0.0000e+00
 148.470330      1.441    15.9966  37.094129    29.0054      1.428  252.91416  253.21723    -1.3117     2.2148 0.0000e+00
 148.470333      1.475    15.9973  37.097071    29.0062      1.462  252.90943  253.21252    -1.3273     2.1986 0.0000e+00
 148.470336      1.504    15.9979  37.098481    29.0070      1.491  252.90469  253.20781    -1.3428     2.1824 -9.990e-29
 148.470339      1.517    16.0036  37.102894    29.0079      1.504  252.87478  253.17816    -1.4518     2.2350 -9.990e-29
 148.470341      1.530    16.0092  37.117793    29.0167      1.516  252.83125  253.13482    -1.2183     2.5302 -9.990e-29
 148.470344      1.552    16.0259  37.123004    29.0097      1.538  252.75997  253.06437    -1.0782     2.5504 -9.990e-29
 148.470347      1.588    16.0285  37.123739    29.0087      1.574  252.74876  253.05329    -1.1638     2.5484 0.0000e+00
 148.470350      1.636    16.0311  37.125762    29.0077      1.621  252.73756  253.04222    -1.0782     2.5464 0.0000e+00
 148.470353      1.685    16.0343  37.126804    29.0062      1.670  252.72379  253.02860    -1.0160     2.5181 0.0000e+00
 148.470356      1.725    16.0355  37.127294    29.0055      1.710  252.71895  253.02383    -0.8992     2.5120 0.0000e+00
 148.470359      1.751    16.0367  37.132323    29.0048      1.735  252.71412  253.01906    -0.7825     2.5059 -9.990e-29
 148.470362      1.765    16.0427  37.130237    29.0030      1.750  252.68734  252.99257    -0.7825     2.5140 -9.990e-29
 148.470365      1.780    16.0453  37.132322    29.0029      1.764  252.67437  252.97972     0.7117     2.9629 -9.990e-29
 148.470367      1.807    16.0472  37.135695    29.0044      1.791  252.66217  252.96760     0.5093     3.2055 -9.990e-29
 148.470370      1.827    16.0484  37.132997    29.0012      1.811  252.66204  252.96755     0.4626     3.2298 -9.990e-29
 148.470373      1.846    16.0475  37.129624    28.9990      1.829  252.67039  252.97587     0.5249     3.2338 -9.990e-29
 148.470376      1.864    16.0455  37.126558    28.9977      1.847  252.68245  252.98785     0.5093     3.2298 -9.990e-29
 148.470379      1.884    16.0433  37.129624    29.0023      1.867  252.68531  252.99057     1.0229     2.7688 -9.990e-29
 148.470382      1.917    16.0433  37.130054    29.0022      1.900  252.68594  252.99120     1.0774     2.7769 0.0000e+00
 148.470385      1.955    16.0432  37.129625    29.0021      1.938  252.68657  252.99183     1.0229     2.7850 0.0000e+00
 148.470388      1.990    16.0431  37.126620    29.0009      1.972  252.68913  252.99440     1.0385     2.7951 0.0000e+00
 148.470391      2.015    16.0430  37.128092    28.9996      1.997  252.69169  252.99696     0.9451     2.8052 -9.990e-29
 148.470394      2.033    16.0426  37.123002    28.9967      2.015  252.69862  253.00389     1.8945     2.8658 -9.990e-29
 148.470396      2.053    16.0417  37.124413    28.9986      2.035  252.70011  253.00532     1.7545     2.9305 -9.990e-29
 148.470399      2.072    16.0362  37.118711    29.0008      2.053  252.72386  253.02880     0.0268     3.2176 -9.990e-29
 148.470402      2.110    16.0351  37.122329    29.0004      2.091  252.72992  253.03481     0.1435     3.2216 0.0000e+00
 148.470405      2.148    16.0340  37.119631    29.0005      2.129  252.73599  253.04083     0.2603     3.2257 0.0000e+00
 148.470408      2.190    16.0324  37.118896    29.0005      2.171  252.74309  253.04785     0.2603     3.2257 0.0000e+00
 148.470411      2.228    16.0317  37.118957    29.0010      2.209  252.74559  253.05032     0.2059     3.2196 0.0000e+00
 148.470414      2.258    16.0311  37.116873    29.0015      2.237  252.74809  253.05279     0.0891     3.2055 -9.990e-29
 148.470417      2.283    16.0295  37.120981    29.0044      2.263  252.75076  253.05537     1.5366     3.3551 -9.990e-29
 148.470420      2.309    16.0295  37.121595    29.0049      2.288  252.74986  253.05447     1.4743     3.3713 -9.990e-29
 148.470422      2.332    16.0312  37.118896    29.0038      2.311  252.74334  253.04803     1.5988     3.3511 -9.990e-29
 148.470425      2.360    16.0314  37.121778    29.0026      2.339  252.74488  253.04959     1.1630     3.5775 0.0000e+00
 148.470428      2.398    16.0312  37.119142    29.0016      2.377  252.74642  253.05114     0.7272     3.6988 0.0000e+00
 148.470431      2.436    16.0308  37.118897    29.0014      2.415  252.74920  253.05388     0.5871     3.6988 0.0000e+00
 148.470434      2.478    16.0302  37.114176    29.0016      2.456  252.75579  253.06039     0.5871     3.6988 0.0000e+00
 148.470437      2.513    16.0297  37.118713    29.0003      2.490  252.75723  253.06188     0.5716     3.7110 0.0000e+00
 148.470440      2.540    16.0291  37.118959    29.0026      2.518  252.75579  253.06039     0.5560     3.7271 -9.990e-29
 148.470443      2.557    16.0274  37.117549    29.0029      2.534  252.76413  253.06864    -0.0354     3.4158 -9.990e-29
 148.470446      2.564    16.0274  37.117794    29.0031      2.541  252.76376  253.06828     0.0891     3.4522 -9.990e-29
 148.470448      2.566    16.0281  37.122025    29.0062      2.543  252.75474  253.05927     0.2136     3.4158 -9.990e-29
 148.470451      2.562    16.0289  37.122331    29.0059      2.539  252.75129  253.05586     0.0580     2.9669 -9.990e-29
 148.470454      2.562    16.0301  37.123067    29.0057      2.539  252.74571  253.05033     0.1047     2.9871 -9.990e-29
 148.470457      2.575    16.0334  37.122086    29.0029      2.552  252.73423  253.03902     0.2292     2.9750 -9.990e-29
 148.470460      2.606    16.0345  37.122576    29.0029      2.583  252.72839  253.03324    -0.1210     2.9750 0.0000e+00
 148.470463      2.652    16.0357  37.124600    29.0029      2.628  252.72256  253.02747    -0.2378     2.9750 0.0000e+00
 148.470466      2.717    16.0386  37.130487    29.0058      2.693  252.70274  253.00776    -0.2845     2.9912 0.0000e+00
 148.470469      2.794    16.0425  37.133737    29.0058      2.769  252.68329  252.98849    -0.2845     2.9912 0.0000e+00
 148.470472      2.862    16.0464  37.135760    29.0056      2.836  252.66596  252.97135    -0.3156     2.9629 0.0000e+00
 148.470475      2.913    16.0480  37.139378    29.0052      2.887  252.65745  252.96291    -0.4245     2.9629 0.0000e+00
 148.470477      2.946    16.0495  37.139562    29.0056      2.919  252.64893  252.95446    -0.3156     2.9629 -9.990e-29
 148.470480      2.970    16.0552  37.141218    29.0030      2.943  252.62472  252.93052     1.5833     3.4036 -9.990e-29
 148.470483      2.979    16.0563  37.138274    28.9997      2.952  252.62524  252.93112     1.4120     3.3834 -9.990e-29
 148.470486      2.975    16.0558  37.131896    28.9945      2.948  252.63657  252.94247     1.5677     3.4238 -9.990e-29
 148.470489      2.962    16.0535  37.132080    28.9963      2.936  252.64495  252.95073     2.2369     3.1448 -9.990e-29
 148.470492      2.949    16.0506  37.130670    28.9972      2.923  252.65781  252.96344     2.2214     3.1893 -9.990e-29
 148.470495      2.942    16.0472  37.124170    28.9941      2.916  252.68037  252.98587     2.5015     3.0963 -9.990e-29
 148.470498      2.955    16.0377  37.118529    28.9949      2.929  252.72649  253.03154     3.1241     3.4643 -9.990e-29
 148.470501      2.986    16.0356  37.117120    28.9965      2.959  252.73443  253.03937     3.2564     3.4603 0.0000e+00
 148.470503      3.037    16.0334  37.117304    28.9982      3.010  252.74237  253.04720     3.2953     3.4562 0.0000e+00
 148.470506      3.105    16.0307  37.116998    28.9998      3.077  252.75302  253.05771     3.2953     3.4077 0.0000e+00
 148.470509      3.167    16.0290  37.115527    28.9998      3.138  252.76153  253.06615     3.1552     3.4077 0.0000e+00
 148.470512      3.227    16.0276  37.116447    29.0004      3.198  252.76526  253.06980     2.1903     3.4077 0.0000e+00
 148.470515      3.280    16.0258  37.113566    29.0004      3.250  252.77648  253.08094     2.0813     3.2621 0.0000e+00
 148.470518      3.322    16.0251  37.112095    29.0003      3.292  252.78028  253.08471     2.1358     3.2439 0.0000e+00
 148.470521      3.349    16.0244  37.109214    29.0001      3.319  252.78408  253.08848     2.0813     3.2257 -9.990e-29
 148.470524      3.373    16.0210  37.110992    29.0016      3.343  252.79831  253.10254     2.2214     3.2459 -9.990e-29
 148.470527      3.380    16.0199  37.109582    29.0012      3.350  252.80460  253.10879     2.0191     4.1477 -9.990e-29
 148.470530      3.378    16.0193  37.108356    29.0005      3.348  252.80853  253.11269     2.0191     4.1194 -9.990e-29
 148.470532      3.371    16.0188  37.108662    29.0012      3.341  252.81016  253.11429     2.1436     4.1072 -9.990e-29
 148.470535      3.366    16.0185  37.104861    28.9981      3.335  252.81675  253.12089     1.8945     4.1113 -9.990e-29
 148.470538      3.373    16.0181  37.110747    29.0035      3.343  252.80972  253.11380     1.7233     3.5249 -9.990e-29
 148.470541      3.391    16.0167  37.107130    29.0001      3.361  252.82236  253.12641     1.6611     3.5654 -9.990e-29
 148.470544      3.428    16.0162  37.105720    28.9993      3.397  252.82619  253.13022     1.7389     3.5896 0.0000e+00
 148.470547      3.484    16.0158  37.103023    29.0001      3.453  252.83002  253.13403     1.8167     3.5654 0.0000e+00
 148.470550      3.544    16.0150  37.104433    29.0002      3.512  252.83093  253.13489     4.3537     3.4885 0.0000e+00
 148.470553      3.604    16.0141  37.105966    29.0002      3.572  252.83195  253.13586     4.3692     3.4845 0.0000e+00
 148.470556      3.654    16.0134  37.103024    29.0001      3.621  252.83908  253.14297     4.4159     3.4845 0.0000e+00
 148.470558      3.692    16.0132  37.100939    28.9993      3.659  252.84110  253.14499     4.4549     3.4987 0.0000e+00
 148.470561      3.723    16.0131  37.104618    28.9985      3.689  252.84312  253.14701     4.4159     3.5128 -9.990e-29
 148.470564      3.741    16.0109  37.098794    28.9982      3.708  252.85473  253.15851     2.1280     3.5007 -9.990e-29
 148.470567      3.746    16.0095  37.094135    28.9952      3.713  252.86679  253.17054     2.1280     3.4400 -9.990e-29
 148.470570      3.745    16.0080  37.099407    29.0009      3.711  252.86486  253.16849     2.0969     3.4319 -9.990e-29
 148.470573      3.750    16.0067  37.098611    29.0012      3.716  252.87083  253.17440     2.1591     3.4522 -9.990e-29
 148.470576      3.770    16.0055  37.097569    29.0022      3.736  252.87507  253.17857     0.7428     3.2095 -9.990e-29
 148.470579      3.799    16.0055  37.098795    29.0041      3.765  252.87129  253.17478     0.8906     3.2135 0.0000e+00
 148.470582      3.834    16.0056  37.103454    29.0061      3.800  252.86750  253.17099     0.8517     3.2095 0.0000e+00
 148.470584      3.876    16.0070  37.106213    29.0075      3.841  252.85831  253.16185     1.0385     3.2176 0.0000e+00
 148.470587      3.918    16.0086  37.109401    29.0075      3.883  252.84758  253.15119     2.5638     3.2176 0.0000e+00
 148.470590      3.954    16.0108  37.107807    29.0063      3.919  252.84163  253.14536     2.5638     3.2176 0.0000e+00
 148.470593      3.991    16.0116  37.109401    29.0062      3.955  252.83746  253.14123     2.6182     3.2257 0.0000e+00
 148.470596      4.022    16.0124  37.109401    29.0063      3.986  252.83329  253.13709     2.6727     3.1974 -9.990e-29
 148.470599      4.047    16.0145  37.108236    29.0037      4.011  252.82731  253.13122     4.0424     3.3106 -9.990e-29
