seaocn-cb/data/ctd_cnv/SBE19plus_01907321_2024_05_29_Cast110.cnv
* Sea-Bird SBE19plus  Data File:
* FileName = E:\Prandtl_Daten\2024\29052024\raw\SBE19plus_01907321_2024_05_29_Cast110.hex
* Software version 2.6.1.12
* Temperature SN = 7321
* Conductivity SN = 7321
* System UpLoad Time = May 29 2024 13:34:29
* <ApplicationData>
* <Seaterm232>
** 20240529
** Sea Practical 2024
** MCat 27.05 CTD_M1
** NMEA Latitude = 54 06.03N
** NMEA Longitude = 008 25.25E
** waterdepth = 17m
** Till
# nquan = 11
# nvalues = 613                         
# units = specified
# name 0 = timeJ: Julian Days
# name 1 = prdM: Pressure, Strain Gauge [db]
# name 2 = tv290C: Temperature [ITS-90, deg C]
# name 3 = c0mS/cm: Conductivity [mS/cm]
# name 4 = sal00: Salinity, Practical [PSU]
# name 5 = depSM: Depth [salt water, m], lat = 54.00
# name 6 = oxsatMm/Kg: Oxygen Saturation, Weiss [umol/kg]
# name 7 = oxsolMm/Kg: Oxygen Saturation, Garcia & Gordon [umol/kg]
# name 8 = turbWETntu0: Turbidity, WET Labs ECO [NTU]
# name 9 = flECO-AFL: Fluorescence, WET Labs ECO-AFL/FL [mg/m^3]
# name 10 = flag:  0.000e+00
# span 0 = 150.559459, 150.561230       
# span 1 =      0.488,     16.390       
# span 2 =    15.2481,    15.3541       
# span 3 =  37.868360,  37.964588       
# span 4 =    30.2380,    30.2547       
# span 5 =      0.484,     16.244       
# span 6 =  253.99821,  254.54566       
# span 7 =  254.26095,  254.80309       
# span 8 =    -3.1950,     7.7000       
# span 9 =     3.1489,     7.1400       
# span 10 = 0.0000e+00, 0.0000e+00      
# interval = seconds: 0.25
# start_time = May 29 2024 13:24:08 [Instrument's time stamp, header]
# bad_flag = -9.990e-29
*END*
[from data line 525]
 150.560978     14.838    15.2560  37.879668    30.2482     14.705  254.49770  254.75550     2.2992     5.8258 -9.990e-29
 150.560981     14.861    15.2569  37.882821    30.2482     14.728  254.49338  254.75123     2.2214     5.8419 -9.990e-29
 150.560984     14.876    15.2570  37.882080    30.2474     14.743  254.49396  254.75182     2.6261     6.2059 -9.990e-29
 150.560987     14.878    15.2570  37.883687    30.2489     14.744  254.49176  254.74960     2.5638     6.2180 -9.990e-29
 150.560990     14.861    15.2570  37.883934    30.2491     14.728  254.49137  254.74921     2.6416     6.2423 -9.990e-29
 150.560992     14.836    15.2570  37.881276    30.2467     14.703  254.49518  254.75305     2.5482     6.2423 -9.990e-29
 150.560995     14.805    15.2571  37.882759    30.2479     14.672  254.49257  254.75043     2.8906     5.9996 -9.990e-29
 150.560998     14.768    15.2573  37.879915    30.2453     14.636  254.49638  254.75426     2.8284     6.0158 -9.990e-29
 150.561001     14.732    15.2574  37.883501    30.2484     14.600  254.49021  254.74808     2.7194     5.9996 -9.990e-29
 150.561004     14.712    15.2574  37.883006    30.2479     14.580  254.49097  254.74884     2.7973     5.9996 -9.990e-29
 150.561007     14.710    15.2574  37.882821    30.2478     14.578  254.49125  254.74913     1.3498     6.0846 -9.990e-29
 150.561010     14.739    15.2574  37.881152    30.2463     14.607  254.49386  254.75175     1.3965     6.0805 -9.990e-29
 150.561013     14.799    15.2570  37.881894    30.2453     14.667  254.49800  254.75587     1.4587     6.0846 -9.990e-29
 150.561016     14.898    15.2570  37.879669    30.2461     14.764  254.49669  254.75456     1.3887     6.0947 0.0000e+00
 150.561019     15.018    15.2570  37.881400    30.2462     14.883  254.49759  254.75544     1.4587     6.0846 0.0000e+00
 150.561021     15.148    15.2567  37.880597    30.2468     15.012  254.49539  254.75325     2.3303     5.4012 0.0000e+00
 150.561024     15.272    15.2567  37.882328    30.2477     15.135  254.49544  254.75326     2.3926     5.3891 0.0000e+00
 150.561027     15.372    15.2564  37.882823    30.2479     15.234  254.49544  254.75326     2.3926     5.3850 0.0000e+00
 150.561030     15.443    15.2564  37.882391    30.2481     15.305  254.49579  254.75362     2.3537     5.3850 0.0000e+00
 150.561033     15.472    15.2564  37.882329    30.2479     15.334  254.49615  254.75398     2.2836     5.3810 -9.990e-29
 150.561036     15.469    15.2567  37.882391    30.2477     15.330  254.49530  254.75313     2.6261     5.6155 -9.990e-29
 150.561039     15.432    15.2570  37.883442    30.2484     15.294  254.49219  254.75004     2.6727     5.6438 -9.990e-29
 150.561042     15.370    15.2573  37.881463    30.2465     15.232  254.49435  254.75222     2.6105     5.6236 -9.990e-29
 150.561045     15.304    15.2574  37.879979    30.2451     15.167  254.49603  254.75392     2.3770     5.3850 -9.990e-29
 150.561047     15.246    15.2574  37.881895    30.2468     15.109  254.49331  254.75119     2.2836     5.3608 -9.990e-29
 150.561050     15.210    15.2569  37.883008    30.2482     15.073  254.49331  254.75115     2.3303     5.3850 -9.990e-29
 150.561053     15.212    15.2567  37.877444    30.2434     15.075  254.50281  254.76068     2.2992     5.3931 -9.990e-29
 150.561056     15.250    15.2562  37.880597    30.2466     15.113  254.49969  254.75751     2.4082     5.5791 -9.990e-29
 150.561059     15.319    15.2561  37.883009    30.2488     15.182  254.49628  254.75408     2.4237     5.5468 -9.990e-29
 150.561062     15.412    15.2560  37.882824    30.2480     15.274  254.49804  254.75584     2.3303     5.5629 -9.990e-29
 150.561065     15.515    15.2561  37.882144    30.2489     15.375  254.49633  254.75413     2.3069     5.5609 0.0000e+00
 150.561068     15.598    15.2561  37.884184    30.2491     15.459  254.49485  254.75266     2.2836     5.5589 0.0000e+00
 150.561071     15.657    15.2562  37.883690    30.2494     15.517  254.49474  254.75254     1.9490     5.4983 0.0000e+00
 150.561073     15.683    15.2563  37.883690    30.2491     15.542  254.49485  254.75266     1.6144     5.4376 -9.990e-29
 150.561076     15.673    15.2569  37.881712    30.2469     15.533  254.49560  254.75346     1.6144     5.4497 -9.990e-29
 150.561079     15.637    15.2572  37.883010    30.2478     15.497  254.49240  254.75026     1.5833     5.4457 -9.990e-29
 150.561082     15.591    15.2577  37.883009    30.2475     15.452  254.49063  254.74852     1.6766     5.5468 -9.990e-29
 150.561085     15.555    15.2578  37.883937    30.2482     15.416  254.48858  254.74647     1.8167     5.5751 -9.990e-29
 150.561088     15.529    15.2582  37.885359    30.2491     15.390  254.48491  254.74281     1.9879     5.5791 -9.990e-29
 150.561091     15.535    15.2588  37.886348    30.2496     15.395  254.48134  254.73927     1.8167     5.5872 -9.990e-29
 150.561094     15.571    15.2596  37.885791    30.2484     15.432  254.47902  254.73700     1.7078     5.7651 -9.990e-29
 150.561097     15.648    15.2610  37.885235    30.2492     15.508  254.47053  254.72858     1.5521     5.7732 -9.990e-29
 150.561100     15.752    15.2612  37.887956    30.2482     15.611  254.47132  254.72939     1.5833     5.7691 0.0000e+00
 150.561102     15.865    15.2614  37.886039    30.2472     15.723  254.47212  254.73020     1.6144     5.7651 0.0000e+00
 150.561105     15.991    15.2614  37.883938    30.2458     15.847  254.47429  254.73240     2.9373     5.3324 0.0000e+00
 150.561108     16.093    15.2612  37.884433    30.2450     15.949  254.47533  254.73342     3.0463     5.2516 0.0000e+00
 150.561111     16.171    15.2610  37.881898    30.2449     16.026  254.47834  254.73642     3.1163     5.2476 0.0000e+00
 150.561114     16.219    15.2607  37.885732    30.2439     16.073  254.48135  254.73942     3.0463     5.2516 -9.990e-29
 150.561117     16.222    15.2594  37.886288    30.2488     16.077  254.47952  254.73749     3.0463     5.2677 -9.990e-29
 150.561120     16.189    15.2602  37.889070    30.2507     16.044  254.47199  254.72998     4.1202     5.7651 -9.990e-29
 150.561123     16.129    15.2613  37.886040    30.2471     15.985  254.47257  254.73065     3.9023     5.7489 -9.990e-29
 150.561126     16.058    15.2623  37.884123    30.2447     15.914  254.47171  254.72986     4.0113     5.7570 -9.990e-29
 150.561128     15.987    15.2628  37.885112    30.2452     15.844  254.46839  254.72656     3.9646     5.7732 -9.990e-29
 150.561131     15.908    15.2626  37.886349    30.2465     15.766  254.46730  254.72544     7.1864     5.6357 -9.990e-29
 150.561134     15.848    15.2618  37.886349    30.2472     15.706  254.47017  254.72827     7.2331     5.6519 -9.990e-29
 150.561137     15.817    15.2612  37.883443    30.2451     15.675  254.47699  254.73508     7.3576     5.6398 -9.990e-29
 150.561140     15.812    15.2598  37.878373    30.2417     15.670  254.49009  254.74813     7.3264     5.6519 -9.990e-29
 150.561143     15.828    15.2582  37.875344    30.2402     15.686  254.50062  254.75860     7.3887     5.6276 -9.990e-29
 150.561146     15.870    15.2567  37.879239    30.2448     15.728  254.50043  254.75829     7.7000     5.6357 -9.990e-29
 150.561149     15.925    15.2552  37.879054    30.2457     15.782  254.50628  254.76406     7.6377     5.6357 -9.990e-29
 150.561152     15.987    15.2541  37.876273    30.2441     15.844  254.51471  254.77245     7.4198     5.6438 -9.990e-29
 150.561155     16.053    15.2529  37.868360    30.2380     15.909  254.53169  254.78941     6.8284     5.6317 -9.990e-29
 150.561157     16.120    15.2508  37.875779    30.2445     15.976  254.53100  254.78856     6.5638     5.3729 -9.990e-29
 150.561160     16.182    15.2503  37.873925    30.2446     16.037  254.53344  254.79097     6.5949     5.3789 0.0000e+00
 150.561163     16.233    15.2503  37.873245    30.2446     16.088  254.53344  254.79097     6.5949     5.3789 0.0000e+00
 150.561166     16.264    15.2497  37.872132    30.2447     16.119  254.53587  254.79338     6.6261     5.3850 -9.990e-29
 150.561169     16.283    15.2486  37.871700    30.2442     16.137  254.54267  254.80012     7.0930     6.1048 -9.990e-29
 150.561172     16.279    15.2481  37.870896    30.2438     16.133  254.54566  254.80309     7.4665     6.1048 -9.990e-29
 150.561175     16.259    15.2481  37.874791    30.2473     16.113  254.53960  254.79701     7.2486     6.1048 -9.990e-29
 150.561178     16.221    15.2484  37.873678    30.2461     16.075  254.54043  254.79786     7.4821     6.1129 -9.990e-29
 150.561181     16.171    15.2482  37.874172    30.2467     16.026  254.54022  254.79763     5.1319     5.3284 -9.990e-29
 150.561183     16.115    15.2484  37.872565    30.2452     15.970  254.54209  254.79953     5.1941     5.3122 -9.990e-29
 150.561186     16.051    15.2482  37.871823    30.2447     15.907  254.54379  254.80122     4.9607     5.3001 -9.990e-29
 150.561189     15.987    15.2484  37.873059    30.2456     15.844  254.54096  254.79839     5.1786     5.2961 -9.990e-29
 150.561192     15.929    15.2487  37.872997    30.2454     15.786  254.54015  254.79759     4.6494     5.4335 -9.990e-29
 150.561195     15.878    15.2490  37.875469    30.2473     15.735  254.53482  254.79227     4.7117     5.4457 -9.990e-29
 150.561198     15.843    15.2494  37.878127    30.2494     15.701  254.52951  254.78696     4.8362     5.4457 -9.990e-29
 150.561201     15.823    15.2502  37.876829    30.2476     15.681  254.52831  254.78582     4.7739     5.4699 -9.990e-29
 150.561204     15.828    15.2508  37.878127    30.2483     15.686  254.52397  254.78150     4.5560     5.4578 -9.990e-29
 150.561207     15.850    15.2515  37.877200    30.2470     15.708  254.52309  254.78067     3.4043     5.3648 -9.990e-29
 150.561209     15.901    15.2518  37.877015    30.2465     15.759  254.52196  254.77956     3.2175     5.3769 -9.990e-29
 150.561212     15.969    15.2523  37.879735    30.2485     15.826  254.51603  254.77364     3.3109     5.3567 -9.990e-29
 150.561215     16.055    15.2527  37.880168    30.2486     15.911  254.51395  254.77158     3.2175     5.3567 -9.990e-29
 150.561218     16.146    15.2532  37.877943    30.2445     16.001  254.51874  254.77643     2.2525     5.5629 -9.990e-29
 150.561221     16.235    15.2533  37.876026    30.2469     16.090  254.51407  254.77174     2.2680     5.5731 0.0000e+00
 150.561224     16.318    15.2533  37.881714    30.2461     16.171  254.51043  254.76816     2.2836     5.5710 0.0000e+00
 150.561227     16.365    15.2543  37.878809    30.2461     16.218  254.51004  254.76780     2.3926     5.5832 0.0000e+00
 150.561230     16.390    15.2547  37.877943    30.2449     16.244  254.51004  254.76780     4.5560     5.6923 0.0000e+00
