seaocn-cb/data/ctd_cnv/SBE19plus_01907321_2024_05_22_Cast12.cnv
* Sea-Bird SBE19plus  Data File:
* FileName = E:\Prandtl_Daten\2024\CTD\raw\SBE19plus_01907321_2024_05_21_Cast12.hex
* Software version 2.6.1.12
* Temperature SN = 7321
* Conductivity SN = 7321
* System UpLoad Time = May 22 2024 11:11:03
* <ApplicationData>
* <Seaterm232>
** 20240522
** Sea Practical 2024
** MCat 22.05 CTD_M1
** NMEA Latitude = 54 06.042N
** NMEA Longitude = 008 25.249E
** waterdepth = 15.8m
** Merle
# nquan = 11
# nvalues = 569                         
# units = specified
# name 0 = timeJ: Julian Days
# name 1 = prdM: Pressure, Strain Gauge [db]
# name 2 = tv290C: Temperature [ITS-90, deg C]
# name 3 = c0mS/cm: Conductivity [mS/cm]
# name 4 = sal00: Salinity, Practical [PSU]
# name 5 = depSM: Depth [salt water, m], lat = 54.00
# name 6 = oxsatMm/Kg: Oxygen Saturation, Weiss [umol/kg]
# name 7 = oxsolMm/Kg: Oxygen Saturation, Garcia & Gordon [umol/kg]
# name 8 = turbWETntu0: Turbidity, WET Labs ECO [NTU]
# name 9 = flECO-AFL: Fluorescence, WET Labs ECO-AFL/FL [mg/m^3]
# name 10 = flag:  0.000e+00
# span 0 = 143.461531, 143.463174       
# span 1 =      0.503,     14.224       
# span 2 =    13.5627,    13.7234       
# span 3 =  36.882789,  36.979783       
# span 4 =    30.5523,    30.7636       
# span 5 =      0.499,     14.097       
# span 6 =  261.98292,  262.47802       
# span 7 =  262.15478,  262.63850       
# span 8 =    -4.6580,     1.5677       
# span 9 =     4.5399,     7.3179       
# span 10 = 0.0000e+00, 0.0000e+00      
# interval = seconds: 0.25
# start_time = May 22 2024 11:02:59 [Instrument's time stamp, header]
# bad_flag = -9.990e-29
*END*
 143.461531      0.503    13.7234  36.884561    30.5523      0.499  261.98711  262.15899    -4.1755     5.2961 -9.990e-29
 143.461534      0.505    13.7234  36.885050    30.5528      0.501  261.98629  262.15817    -4.2845     5.3244 -9.990e-29
 143.461536      0.518    13.7234  36.886213    30.5549      0.513  261.98292  262.15478    -4.5802     5.3284 -9.990e-29
 143.461539      0.543    13.7234  36.887252    30.5548      0.538  261.98323  262.15509    -4.5802     5.3264 0.0000e+00
 143.461542      0.585    13.7233  36.887069    30.5547      0.580  261.98355  262.15540    -4.5802     5.3244 0.0000e+00
 143.461545      0.631    13.7232  36.885785    30.5536      0.625  261.98602  262.15788    -4.4712     5.2880 0.0000e+00
 143.461548      0.689    13.7229  36.885479    30.5536      0.683  261.98652  262.15835    -4.4712     4.8836 0.0000e+00
 143.461551      0.735    13.7229  36.886397    30.5540      0.728  261.98712  262.15896    -4.4478     4.8654 0.0000e+00
 143.461554      0.782    13.7229  36.886214    30.5544      0.775  261.98652  262.15835    -4.5179     4.8836 -9.990e-29
 143.461557      0.804    13.7221  36.886825    30.5554      0.797  261.98876  262.16053    -4.6113     4.8553 -9.990e-29
 143.461560      0.815    13.7217  36.886153    30.5551      0.808  261.99163  262.16339    -4.2533     4.8634 -9.990e-29
 143.461563      0.811    13.7215  36.887498    30.5565      0.804  261.99025  262.16198    -4.3467     4.8593 -9.990e-29
 143.461565      0.799    13.7213  36.882789    30.5523      0.792  261.99870  262.17046    -4.4245     4.8432 -9.990e-29
 143.461568      0.786    13.7214  36.885235    30.5545      0.779  261.99431  262.16605    -4.3000     4.8472 -9.990e-29
 143.461571      0.784    13.7218  36.885541    30.5544      0.777  261.99205  262.16382    -4.6113     4.6086 -9.990e-29
 143.461574      0.808    13.7225  36.885908    30.5526      0.801  261.99184  262.16366    -4.4868     4.6248 -9.990e-29
 143.461577      0.852    13.7224  36.884134    30.5533      0.844  261.99097  262.16278    -4.5023     4.6228 0.0000e+00
 143.461580      0.905    13.7223  36.885541    30.5540      0.897  261.99044  262.16221    -4.5179     4.6248 0.0000e+00
 143.461583      0.952    13.7219  36.886398    30.5551      0.944  261.99025  262.16198    -4.5179     4.6450 0.0000e+00
 143.461586      0.994    13.7217  36.887744    30.5559      0.986  261.99034  262.16210    -4.5023     4.7461 0.0000e+00
 143.461589      1.027    13.7214  36.889640    30.5567      1.018  261.99025  262.16198    -4.4557     4.8472 -9.990e-29
 143.461591      1.045    13.7210  36.884135    30.5537      1.036  261.99778  262.16951    -4.6113     4.8149 -9.990e-29
 143.461594      1.067    13.7214  36.887255    30.5535      1.058  261.99615  262.16791    -4.3156     5.1586 -9.990e-29
 143.461597      1.097    13.7215  36.884258    30.5551      1.087  261.99296  262.16471    -4.2767     5.1707 0.0000e+00
 143.461600      1.137    13.7214  36.887744    30.5548      1.127  261.99504  262.16677    -4.3156     5.1747 0.0000e+00
 143.461603      1.184    13.7212  36.885481    30.5566      1.174  261.99175  262.16340    -4.2378     5.1828 0.0000e+00
 143.461606      1.230    13.7205  36.889029    30.5585      1.219  261.99175  262.16340    -4.3623     5.1747 0.0000e+00
 143.461609      1.265    13.7203  36.891109    30.5596      1.253  261.99090  262.16252    -4.3468     5.1747 0.0000e+00
 143.461612      1.290    13.7201  36.889090    30.5608      1.278  261.99004  262.16164    -4.4557     5.1464 -9.990e-29
 143.461615      1.303    13.7204  36.890069    30.5595      1.291  261.99035  262.16199    -4.3467     5.0979 -9.990e-29
 143.461617      1.297    13.7204  36.890864    30.5603      1.286  261.98902  262.16065    -4.2845     5.0939 -9.990e-29
 143.461620      1.281    13.7204  36.890681    30.5601      1.269  261.98931  262.16095    -4.3156     5.0292 -9.990e-29
 143.461623      1.266    13.7207  36.889641    30.5589      1.255  261.98988  262.16154    -4.4712     5.0292 -9.990e-29
 143.461626      1.242    13.7208  36.887989    30.5573      1.231  261.99234  262.16402    -4.4868     5.0737 -9.990e-29
 143.461629      1.232    13.7209  36.890007    30.5591      1.221  261.98837  262.16004    -4.2222     5.0494 -9.990e-29
 143.461632      1.241    13.7208  36.888173    30.5581      1.230  261.99093  262.16260    -4.5024     4.7866 -9.990e-29
 143.461635      1.279    13.7208  36.888846    30.5581      1.268  261.99095  262.16262    -4.5101     4.7906 0.0000e+00
 143.461638      1.352    13.7208  36.888846    30.5581      1.340  261.99093  262.16260    -4.5179     4.7946 0.0000e+00
 143.461641      1.434    13.7203  36.890926    30.5603      1.421  261.99098  262.16265    -4.5335     4.8027 0.0000e+00
 143.461644      1.511    13.7198  36.890865    30.5603      1.497  261.99148  262.16308    -4.5335     4.8027 0.0000e+00
 143.461646      1.569    13.7197  36.887990    30.5594      1.555  261.99419  262.16580    -4.5023     4.7683 0.0000e+00
 143.461649      1.604    13.7197  36.889214    30.5581      1.589  261.99691  262.16852    -4.4712     4.7340 -9.990e-29
 143.461652      1.617    13.7197  36.891599    30.5614      1.602  261.99091  262.16249    -4.5024     4.7340 -9.990e-29
 143.461655      1.613    13.7198  36.888847    30.5587      1.599  261.99493  262.16654    -4.5802     4.7502 -9.990e-29
 143.461658      1.600    13.7200  36.889642    30.5594      1.586  261.99301  262.16462    -4.5802     5.1909 -9.990e-29
 143.461661      1.595    13.7200  36.889520    30.5593      1.580  261.99321  262.16483    -4.4090     5.1667 -9.990e-29
 143.461664      1.600    13.7199  36.887073    30.5571      1.586  261.99760  262.16923    -4.5179     5.1950 -9.990e-29
 143.461667      1.622    13.7201  36.888786    30.5615      1.607  261.98876  262.16036    -4.5335     4.7785 -9.990e-29
 143.461670      1.651    13.7200  36.892028    30.5606      1.636  261.99076  262.16236    -4.5412     4.7683 0.0000e+00
 143.461672      1.695    13.7199  36.890009    30.5615      1.680  261.98955  262.16111    -4.5490     4.7704 0.0000e+00
 143.461675      1.750    13.7196  36.892640    30.5624      1.734  261.98955  262.16111    -4.5646     4.7704 0.0000e+00
 143.461678      1.801    13.7195  36.894291    30.5636      1.785  261.98955  262.16111    -4.6580     4.7987 0.0000e+00
 143.461681      1.855    13.7191  36.893619    30.5640      1.839  261.98740  262.15894    -4.6580     4.8108 0.0000e+00
 143.461684      1.903    13.7189  36.898084    30.5659      1.886  261.98717  262.15866    -4.6113     4.8594 0.0000e+00
 143.461687      1.936    13.7187  36.901755    30.5681      1.918  261.98432  262.15577    -4.5335     4.9200 -9.990e-29
 143.461690      1.950    13.7125  36.904325    30.5788      1.933  261.99832  262.16931    -4.3778     4.9321 -9.990e-29
 143.461693      1.947    13.7088  36.905793    30.5830      1.929  262.01010  262.18084    -4.2378     4.9281 -9.990e-29
 143.461696      1.925    13.7054  36.900839    30.5811      1.908  262.03174  262.20230    -4.2533     4.9443 -9.990e-29
 143.461698      1.897    13.7046  36.901267    30.5822      1.880  262.03420  262.20471    -4.2066     4.9847 -9.990e-29
 143.461701      1.875    13.7055  36.901511    30.5817      1.859  262.03029  262.20085    -4.4090     4.9726 -9.990e-29
 143.461704      1.865    13.7054  36.903285    30.5834      1.848  262.02760  262.19815    -4.2689     4.9483 -9.990e-29
 143.461707      1.876    13.7043  36.903469    30.5857      1.859  262.02933  262.19979    -4.3000     4.7623 -9.990e-29
 143.461710      1.914    13.7034  36.904876    30.5861      1.897  262.03404  262.20444    -4.2844     4.7542 0.0000e+00
 143.461713      1.976    13.7024  36.903959    30.5857      1.958  262.03875  262.20909    -4.3000     4.7461 0.0000e+00
 143.461716      2.054    13.7018  36.901941    30.5865      2.036  262.04048  262.21077    -4.3778     4.7461 0.0000e+00
 143.461719      2.127    13.7016  36.904204    30.5852      2.108  262.04509  262.21539    -4.3778     4.7825 0.0000e+00
 143.461722      2.193    13.7017  36.901085    30.5857      2.173  262.04355  262.21385    -4.3934     4.7926 0.0000e+00
 143.461725      2.239    13.7016  36.900657    30.5843      2.219  262.04662  262.21693    -4.2689     4.8027 -9.990e-29
 143.461727      2.264    13.7017  36.904878    30.5877      2.244  262.04002  262.21031    -4.2222     4.7987 -9.990e-29
 143.461730      2.266    13.7018  36.904449    30.5872      2.246  262.04016  262.21046    -4.3778     4.7866 -9.990e-29
 143.461733      2.253    13.7006  36.906652    30.5903      2.233  262.04140  262.21160    -4.3778     5.3405 -9.990e-29
 143.461736      2.244    13.6979  36.908059    30.5937      2.224  262.04950  262.21950    -4.2533     5.3082 -9.990e-29
 143.461739      2.249    13.6959  36.911914    30.5988      2.229  262.05089  262.22073    -4.2378     5.3122 -9.990e-29
 143.461742      2.268    13.6915  36.914422    30.6058      2.247  262.06199  262.23151    -4.3467     5.2435 -9.990e-29
 143.461745      2.299    13.6902  36.915707    30.6073      2.278  262.06617  262.23561    -4.2455     5.2476 0.0000e+00
 143.461748      2.344    13.6890  36.916626    30.6087      2.323  262.07036  262.23970    -4.3467     5.2516 0.0000e+00
 143.461751      2.393    13.6870  36.918094    30.6094      2.372  262.07577  262.24497    -4.3778     5.2516 0.0000e+00
 143.461753      2.452    13.6862  36.915036    30.6116      2.430  262.08413  262.25323    -4.3778     5.2314 0.0000e+00
 143.461756      2.499    13.6857  36.917300    30.6108      2.477  262.08414  262.25327    -4.2534     4.8857 0.0000e+00
 143.461759      2.528    13.6853  36.924765    30.6122      2.506  262.08414  262.25323    -4.0666     4.5399 -9.990e-29
 143.461762      2.541    13.6780  36.924337    30.6245      2.519  262.10083  262.26938    -4.0354     4.5682 -9.990e-29
 143.461765      2.534    13.6745  36.923420    30.6264      2.511  262.11630  262.28463    -3.9887     4.5844 -9.990e-29
 143.461768      2.525    13.6715  36.928254    30.6333      2.502  262.12009  262.28817    -4.1132     5.1909 -9.990e-29
 143.461771      2.514    13.6674  36.922747    30.6315      2.491  262.14557  262.31343    -4.0043     5.1828 -9.990e-29
 143.461774      2.512    13.6656  36.925868    30.6358      2.489  262.14730  262.31502    -3.9732     5.2273 -9.990e-29
 143.461777      2.526    13.6662  36.925011    30.6370      2.504  262.14193  262.30967    -4.0977     5.1828 -9.990e-29
 143.461780      2.552    13.6654  36.927704    30.6390      2.529  262.14302  262.31070    -4.2222     5.0938 0.0000e+00
 143.461782      2.599    13.6645  36.930397    30.6409      2.576  262.14412  262.31172    -4.3467     5.0049 0.0000e+00
 143.461785      2.645    13.6600  36.928623    30.6428      2.621  262.16483  262.33215    -4.3467     4.9604 0.0000e+00
 143.461788      2.691    13.6572  36.928868    30.6428      2.667  262.17548  262.34261    -4.3311     4.9604 0.0000e+00
 143.461791      2.729    13.6571  36.926115    30.6453      2.705  262.17548  262.34261    -4.1755     4.9321 0.0000e+00
 143.461794      2.769    13.6571  36.931071    30.6451      2.744  262.17627  262.34340    -4.0510     4.9322 0.0000e+00
 143.461797      2.798    13.6571  36.931316    30.6473      2.773  262.17212  262.33923    -3.7708     4.8634 -9.990e-29
 143.461800      2.811    13.6505  36.935356    30.6566      2.786  262.19108  262.35771    -3.7708     4.8553 -9.990e-29
 143.461803      2.826    13.6451  36.939028    30.6642      2.800  262.20610  262.37235    -3.7086     4.8432 -9.990e-29
 143.461806      2.840    13.6391  36.940620    30.6705      2.815  262.22722  262.39305    -4.0199     4.8432 -9.990e-29
 143.461808      2.862    13.6300  36.938846    30.6811      2.837  262.25686  262.42206    -4.0199     4.8634 -9.990e-29
 143.461811      2.888    13.6281  36.944232    30.6831      2.862  262.26349  262.42855    -4.0355     4.8613 0.0000e+00
 143.461814      2.924    13.6262  36.945334    30.6852      2.898  262.27011  262.43505    -4.0199     4.8634 0.0000e+00
 143.461817      2.961    13.6232  36.945090    30.6873      2.934  262.28244  262.44718    -3.8798     5.1181 0.0000e+00
 143.461820      2.995    13.6200  36.947171    30.6918      2.969  262.29143  262.45594    -3.7864     5.1222 0.0000e+00
 143.461823      3.030    13.6189  36.946254    30.6923      3.003  262.29656  262.46101    -3.8331     5.1282 0.0000e+00
 143.461826      3.057    13.6178  36.947233    30.6927      3.030  262.30169  262.46607    -3.7864     5.1384 -9.990e-29
 143.461829      3.078    13.6139  36.947601    30.6971      3.050  262.31512  262.47922    -3.8175     5.1060 -9.990e-29
 143.461832      3.101    13.6133  36.947234    30.6972      3.074  262.31807  262.48213    -4.1132     4.9766 -9.990e-29
 143.461834      3.119    13.6136  36.950539    30.7000      3.092  262.31137  262.47542    -4.2378     4.9685 -9.990e-29
 143.461837      3.130    13.6136  36.950110    30.6996      3.102  262.31180  262.47586    -4.0977     4.9726 -9.990e-29
 143.461840      3.143    13.6143  36.947234    30.6964      3.115  262.31404  262.47817    -4.0510     5.0170 -9.990e-29
 143.461843      3.154    13.6150  36.951212    30.6995      3.126  262.30475  262.46889    -4.0821     5.3729 -9.990e-29
 143.461846      3.169    13.6161  36.951457    30.6989      3.140  262.30000  262.46421    -4.0354     5.3405 -9.990e-29
 143.461849      3.176    13.6170  36.947478    30.6945      3.147  262.30321  262.46752    -4.0821     5.3891 -9.990e-29
 143.461852      3.194    13.6172  36.946928    30.6937      3.166  262.30299  262.46732    -4.0510     5.3648 -9.990e-29
 143.461855      3.212    13.6150  36.949621    30.6980      3.184  262.30717  262.47133    -3.7708     4.9928 -9.990e-29
 143.461858      3.234    13.6094  36.949376    30.7015      3.205  262.33138  262.49517    -3.8487     4.9968 -9.990e-29
 143.461861      3.260    13.6079  36.948520    30.7035      3.230  262.33600  262.49968    -3.8643     4.9786 0.0000e+00
 143.461863      3.294    13.6064  36.950112    30.7040      3.265  262.34061  262.50419    -3.8487     4.9604 0.0000e+00
 143.461866      3.334    13.6055  36.947909    30.7040      3.305  262.34782  262.51136    -3.8331     4.7906 0.0000e+00
 143.461869      3.385    13.6043  36.946501    30.7040      3.355  262.35486  262.51834    -3.8331     4.6814 0.0000e+00
 143.461872      3.437    13.6031  36.948950    30.7069      3.406  262.35571  262.51907    -3.9265     4.6814 0.0000e+00
 143.461875      3.480    13.6023  36.949195    30.7077      3.449  262.35571  262.51907    -3.9265     4.6693 0.0000e+00
 143.461878      3.515    13.6017  36.952806    30.7094      3.484  262.35851  262.52182    -3.8020     4.7057 0.0000e+00
 143.461881      3.541    13.6016  36.950480    30.7105      3.509  262.35689  262.52014    -3.4207     4.9543 0.0000e+00
 143.461884      3.568    13.6017  36.953908    30.7094      3.536  262.35871  262.52197    -3.0393     5.2435 -9.990e-29
 143.461887      3.590    13.6003  36.952133    30.7120      3.558  262.36118  262.52434    -3.0393     5.2435 -9.990e-29
 143.461889      3.610    13.5994  36.950481    30.7112      3.578  262.36774  262.53085    -3.1171     5.2435 -9.990e-29
 143.461892      3.621    13.5987  36.951889    30.7130      3.589  262.36799  262.53104    -3.9265     5.8864 -9.990e-29
 143.461895      3.627    13.5988  36.952562    30.7136      3.594  262.36657  262.52962    -3.8331     5.8945 -9.990e-29
 143.461898      3.625    13.5991  36.953052    30.7138      3.592  262.36459  262.52765    -3.9109     5.8783 -9.990e-29
 143.461901      3.625    13.5992  36.954643    30.7152      3.592  262.36162  262.52468    -3.8020     5.8541 -9.990e-29
 143.461904      3.628    13.5992  36.952562    30.7132      3.596  262.36483  262.52791    -4.1599     5.6276 -9.990e-29
 143.461907      3.641    13.5992  36.952011    30.7133      3.608  262.36515  262.52822    -3.9887     5.6398 -9.990e-29
