seaocn-cb/data/ctd_cnv/SBE19plus_01907321_2024_05_25_Cast58.cnv
* Sea-Bird SBE19plus  Data File:
* FileName = E:\Prandtl_Daten\2024\25052024\raw\SBE19plus_01907321_2024_05_25_Cast58.hex
* Software version 2.6.1.12
* Temperature SN = 7321
* Conductivity SN = 7321
* System UpLoad Time = May 25 2024 12:11:58
* <ApplicationData>
* <Seaterm232>
** 20240525
** Sea Practical 2024
** MCat 25.05 CTD_SP2
** NMEA Latitude = 054 05.978N
** NMEA Longitude = 008 34.824E
** waterdepth =17m
** Isabelle
# nquan = 11
# nvalues = 572                         
# units = specified
# name 0 = timeJ: Julian Days
# name 1 = prdM: Pressure, Strain Gauge [db]
# name 2 = tv290C: Temperature [ITS-90, deg C]
# name 3 = c0mS/cm: Conductivity [mS/cm]
# name 4 = sal00: Salinity, Practical [PSU]
# name 5 = depSM: Depth [salt water, m], lat = 54.00
# name 6 = oxsatMm/Kg: Oxygen Saturation, Weiss [umol/kg]
# name 7 = oxsolMm/Kg: Oxygen Saturation, Garcia & Gordon [umol/kg]
# name 8 = turbWETntu0: Turbidity, WET Labs ECO [NTU]
# name 9 = flECO-AFL: Fluorescence, WET Labs ECO-AFL/FL [mg/m^3]
# name 10 = flag:  0.000e+00
# span 0 = 146.503704, 146.505356       
# span 1 =      0.522,     15.844       
# span 2 =    15.9873,    16.7291       
# span 3 =  35.900048,  36.256922       
# span 4 =    27.4741,    28.2798       
# span 5 =      0.517,     15.702       
# span 6 =  251.89102,  254.22005       
# span 7 =  252.23680,  254.52777       
# span 8 =    -0.4090,    18.8128       
# span 9 =     4.7502,     8.1792       
# span 10 = 0.0000e+00, 0.0000e+00      
# interval = seconds: 0.25
# start_time = May 25 2024 12:03:28 [Instrument's time stamp, header]
# bad_flag = -9.990e-29
*END*
[from data line 132]
 146.504086      4.460    16.4564  36.067702    27.7927      4.420  252.70739  253.03944     2.8128     6.2706 -9.990e-29
 146.504089      4.471    16.4534  36.070248    27.7969      4.431  252.71498  253.04687     2.9218     6.2787 -9.990e-29
 146.504091      4.480    16.4524  36.071642    27.7988      4.440  252.71660  253.04844     2.3148     6.6871 -9.990e-29
 146.504094      4.488    16.4516  36.067703    27.7960      4.448  252.72547  253.05728     2.3148     6.7032 -9.990e-29
 146.504097      4.500    16.4503  36.068794    27.7978      4.460  252.72877  253.06052     2.2836     6.6992 -9.990e-29
 146.504100      4.511    16.4497  36.069461    27.7988      4.471  252.73024  253.06196     2.3926     6.6628 -9.990e-29
 146.504103      4.524    16.4500  36.068552    27.7978      4.484  252.73036  253.06210     1.7545     7.9406 -9.990e-29
 146.504106      4.542    16.4499  36.067703    27.7971      4.502  252.73193  253.06366     1.8945     7.9689 -9.990e-29
 146.504109      4.568    16.4486  36.067946    27.7983      4.527  252.73679  253.06846     1.8012     8.0012 -9.990e-29
 146.504112      4.592    16.4452  36.073159    27.8023      4.551  252.74682  253.07831     1.8167     7.9689 -9.990e-29
 146.504115      4.621    16.4444  36.069886    27.8023      4.579  252.75087  253.08233     2.2836     7.3785 0.0000e+00
 146.504117      4.655    16.4436  36.068553    27.8023      4.614  252.75492  253.08635     2.7506     6.8003 0.0000e+00
 146.504120      4.697    16.4413  36.069887    27.8049      4.655  252.76155  253.09286     2.7973     6.7962 0.0000e+00
 146.504123      4.739    16.4359  36.073585    27.8119      4.697  252.77664  253.10767     2.8440     6.8003 0.0000e+00
 146.504126      4.787    16.4264  36.069646    27.8150      4.744  252.81828  253.14887     2.8751     6.7962 0.0000e+00
 146.504129      4.834    16.4200  36.072072    27.8216      4.791  252.83922  253.16948     3.8245     6.2140 0.0000e+00
 146.504132      4.882    16.4152  36.075043    27.8274      4.838  252.85292  253.18293     3.8556     6.2140 0.0000e+00
 146.504135      4.925    16.4100  36.072316    27.8282      4.881  252.87685  253.20663     3.8245     6.2140 0.0000e+00
 146.504138      4.965    16.4074  36.069649    27.8287      4.921  252.88535  253.21497     3.8245     6.2220 0.0000e+00
 146.504141      4.996    16.4072  36.074256    27.8303      4.952  252.88797  253.21762     3.3420     6.5172 0.0000e+00
 146.504144      5.027    16.4070  36.070983    27.8325      4.983  252.88535  253.21497     2.8595     6.8124 -9.990e-29
 146.504146      5.051    16.4070  36.070740    27.8294      5.006  252.89057  253.22020     2.8440     6.7801 -9.990e-29
 146.504149      5.073    16.4047  36.069468    27.8299      5.028  252.90102  253.23056     2.7506     6.7962 -9.990e-29
 146.504152      5.095    16.4021  36.069650    27.8318      5.050  252.91056  253.23997     2.8440     7.0874 -9.990e-29
 146.504155      5.113    16.3997  36.070075    27.8339      5.068  252.91912  253.24841     2.7973     7.0469 -9.990e-29
 146.504158      5.134    16.3946  36.068802    27.8389      5.088  252.93583  253.26486     2.7817     7.0550 -9.990e-29
 146.504161      5.161    16.3944  36.071833    27.8372      5.115  252.94031  253.26934     2.8050     7.0510 0.0000e+00
 146.504164      5.190    16.3943  36.067227    27.8363      5.144  252.94191  253.27095     2.7817     7.0550 0.0000e+00
 146.504167      5.223    16.3943  36.068560    27.8363      5.176  252.94191  253.27095     2.6883     7.6616 0.0000e+00
 146.504170      5.257    16.3948  36.069652    27.8369      5.210  252.93849  253.26754     2.5949     7.6899 0.0000e+00
 146.504172      5.292    16.3952  36.071228    27.8377      5.245  252.93343  253.26251     2.5949     7.7142 0.0000e+00
 146.504175      5.325    16.3952  36.073410    27.8398      5.277  252.93343  253.26251     2.5949     7.7142 0.0000e+00
 146.504178      5.356    16.3946  36.072501    27.8398      5.308  252.93427  253.26330     2.5793     7.3846 0.0000e+00
 146.504181      5.385    16.3941  36.070319    27.8398      5.337  252.93709  253.26609     2.5949     7.0550 -9.990e-29
 146.504184      5.409    16.3944  36.070076    27.8375      5.361  252.93947  253.26850     2.5794     7.0591 -9.990e-29
 146.504187      5.424    16.3953  36.070076    27.8368      5.375  252.93581  253.26489     2.6105     7.0550 -9.990e-29
 146.504190      5.427    16.3974  36.074744    27.8394      5.379  252.92128  253.25043     2.8595     7.3381 -9.990e-29
 146.504193      5.433    16.3997  36.072500    27.8359      5.384  252.91572  253.24499     2.8906     7.2977 -9.990e-29
 146.504196      5.434    16.4021  36.072561    27.8342      5.386  252.90645  253.23584     2.9062     7.2977 -9.990e-29
 146.504198      5.438    16.4032  36.069227    27.8306      5.389  252.90739  253.23685     2.8128     7.3017 -9.990e-29
 146.504201      5.456    16.4010  36.069651    27.8327      5.408  252.91469  253.24405     2.6727     6.8933 -9.990e-29
 146.504204      5.484    16.3994  36.069894    27.8340      5.435  252.92051  253.24978     2.6261     6.8912 0.0000e+00
 146.504207      5.527    16.3978  36.070319    27.8353      5.478  252.92633  253.25552     2.6416     6.8892 0.0000e+00
 146.504210      5.580    16.3956  36.072077    27.8353      5.530  252.93202  253.26110     2.5949     6.8488 0.0000e+00
 146.504213      5.646    16.3956  36.064804    27.8375      5.596  252.93202  253.26110     2.6416     6.8286 0.0000e+00
 146.504216      5.721    16.3962  36.071653    27.8352      5.670  252.93028  253.25939     3.3887     6.5536 0.0000e+00
 146.504219      5.798    16.3970  36.069653    27.8352      5.746  252.93021  253.25937     3.3887     6.5536 0.0000e+00
 146.504222      5.865    16.3970  36.067714    27.8352      5.813  252.92974  253.25896     3.3576     6.5536 0.0000e+00
 146.504225      5.927    16.3973  36.074260    27.8361      5.874  252.92707  253.25625     3.3420     6.5415 0.0000e+00
 146.504227      5.969    16.3968  36.071412    27.8392      5.916  252.92440  253.25353     3.3576     6.5294 -9.990e-29
 146.504230      5.993    16.3852  36.069473    27.8432      5.939  252.97556  253.30414     2.4548     6.4808 -9.990e-29
 146.504233      6.000    16.3829  36.072323    27.8472      5.946  252.97992  253.30838     2.3770     6.4768 -9.990e-29
 146.504236      5.996    16.3797  36.073414    27.8504      5.943  252.99054  253.31884     2.3615     6.4970 -9.990e-29
 146.504239      5.989    16.3749  36.072566    27.8530      5.936  253.00984  253.33791     2.9840     7.0550 -9.990e-29
 146.504242      5.976    16.3745  36.078021    27.8579      5.923  253.00330  253.33132     3.1864     7.0672 -9.990e-29
 146.504245      5.967    16.3761  36.074081    27.8534      5.914  253.00300  253.33112     3.0307     7.0672 -9.990e-29
 146.504248      5.964    16.3776  36.074505    27.8528      5.910  252.99687  253.32506     3.0152     7.0672 -9.990e-29
 146.504251      5.967    16.3786  36.072747    27.8506      5.914  252.99549  253.32374     4.0891     7.7627 -9.990e-29
 146.504253      5.982    16.3795  36.072990    27.8501      5.928  252.99177  253.32007     4.0268     7.7748 -9.990e-29
 146.504256      6.006    16.3805  36.073838    27.8511      5.952  252.98527  253.31360     4.0891     7.7505 -9.990e-29
 146.504259      6.042    16.3804  36.074929    27.8507      5.988  252.98626  253.31459     4.0268     7.7607 0.0000e+00
 146.504262      6.088    16.3803  36.074020    27.8511      6.033  252.98725  253.31558     4.0891     7.7505 0.0000e+00
 146.504265      6.137    16.3781  36.076264    27.8539      6.082  252.99253  253.32073     5.7856     7.6495 0.0000e+00
 146.504268      6.184    16.3744  36.081114    27.8606      6.129  252.99946  253.32746     5.8478     7.6454 0.0000e+00
 146.504271      6.230    16.3680  36.077114    27.8616      6.174  253.02955  253.35726     5.8167     7.6454 0.0000e+00
 146.504274      6.283    16.3595  36.080449    27.8704      6.227  253.05707  253.38434     5.8478     7.6333 0.0000e+00
 146.504277      6.329    16.3524  36.082390    27.8770      6.272  253.08113  253.40805     6.8128     6.8569 0.0000e+00
 146.504280      6.374    16.3473  36.081118    27.8795      6.317  253.10230  253.42897     6.8284     6.8569 0.0000e+00
 146.504282      6.414    16.3418  36.083907    27.8857      6.357  253.11898  253.44537     6.8595     6.8650 0.0000e+00
 146.504285      6.445    16.3389  36.090092    27.8903      6.388  253.12527  253.45150     6.8595     6.8731 0.0000e+00
 146.504288      6.473    16.3361  36.092093    27.8949      6.415  253.13155  253.45763     6.8595     6.8812 -9.990e-29
 146.504291      6.494    16.3178  36.096460    27.9131      6.436  253.19151  253.51666     7.2486     7.1925 -9.990e-29
 146.504294      6.518    16.3083  36.095612    27.9191      6.460  253.22914  253.55382     7.3264     7.1966 -9.990e-29
 146.504297      6.542    16.3001  36.099130    27.9258      6.483  253.25870  253.58297    11.7934     7.4271 -9.990e-29
 146.504300      6.571    16.2997  36.096705    27.9257      6.512  253.26087  253.58511    11.7389     7.4291 0.0000e+00
 146.504303      6.596    16.2992  36.095856    27.9258      6.537  253.26303  253.58726    11.7778     7.4311 0.0000e+00
 146.504306      6.624    16.2980  36.095857    27.9265      6.564  253.26327  253.58730    11.7000     7.4473 0.0000e+00
 146.504308      6.651    16.2960  36.104164    27.9350      6.592  253.26793  253.59210    11.7778     7.4473 0.0000e+00
 146.504311      6.680    16.2939  36.107499    27.9379      6.621  253.26875  253.59266    11.7467     7.4452 0.0000e+00
 146.504314      6.709    16.2918  36.115384    27.9408      6.649  253.27422  253.59802    11.7934     7.4432 -9.990e-29
 146.504317      6.731    16.2769  36.113444    27.9563      6.671  253.32191  253.64495    13.8634     7.5605 -9.990e-29
 146.504320      6.746    16.2721  36.112535    27.9589      6.685  253.34158  253.66439    13.8634     7.5928 -9.990e-29
 146.504323      6.760    16.2707  36.115386    27.9623      6.700  253.34255  253.66527    13.7700     7.5767 -9.990e-29
 146.504326      6.771    16.2696  36.118721    27.9659      6.711  253.34188  253.66453    16.0735     7.4554 -9.990e-29
 146.504329      6.773    16.2627  36.126425    27.9774      6.713  253.35669  253.67895    16.0424     7.4392 -9.990e-29
 146.504332      6.780    16.2527  36.129034    27.9866      6.720  253.39066  253.71241    16.0891     7.4634 -9.990e-29
 146.504334      6.791    16.2440  36.130187    27.9937      6.731  253.42220  253.74351    16.0580     7.4392 -9.990e-29
 146.504337      6.813    16.2305  36.139833    28.0185      6.752  253.44696  253.76750    16.5560     7.6858 -9.990e-29
 146.504340      6.846    16.2243  36.148023    28.0186      6.785  253.47799  253.79826    16.5716     7.7061 0.0000e+00
 146.504343      6.890    16.2181  36.138076    28.0187      6.828  253.50903  253.82901    16.5871     7.6899 0.0000e+00
 146.504346      6.950    16.2116  36.147783    28.0316      6.888  253.51931  253.83892    16.5871     7.6899 0.0000e+00
 146.504349      7.012    16.2040  36.159008    28.0465      6.950  253.53129  253.85046    16.0580     7.1885 0.0000e+00
 146.504352      7.082    16.1909  36.167808    28.0633      7.018  253.56819  253.88666    16.0580     7.1885 0.0000e+00
 146.504355      7.153    16.1719  36.170056    28.0786      7.089  253.63706  253.95457    16.1202     7.1844 0.0000e+00
 146.504358      7.211    16.1573  36.171393    28.0900      7.147  253.69052  254.00729    16.1202     7.1844 0.0000e+00
 146.504361      7.257    16.1534  36.169209    28.0918      7.192  253.70708  254.02366    16.1202     7.1844 0.0000e+00
 146.504363      7.288    16.1495  36.174247    28.0936      7.222  253.72364  254.04003    16.1202     7.1844 -9.990e-29
 146.504366      7.302    16.1380  36.171820    28.1040      7.237  253.76360  254.07940    16.1513     6.8367 -9.990e-29
 146.504369      7.298    16.1320  36.174248    28.1102      7.233  253.78250  254.09799    16.1513     6.7962 -9.990e-29
 146.504372      7.298    16.1278  36.170911    28.1103      7.233  253.80361  254.11891    16.1358     6.7801 -9.990e-29
 146.504375      7.289    16.1253  36.179286    28.1193      7.224  253.80053  254.11565    16.5716     7.3866 -9.990e-29
 146.504378      7.282    16.1236  36.180378    28.1215      7.217  253.80559  254.12062    16.5560     7.3745 -9.990e-29
 146.504381      7.288    16.1225  36.177344    28.1196      7.222  253.81408  254.12907    16.6183     7.3907 -9.990e-29
 146.504384      7.299    16.1217  36.176859    28.1205      7.233  253.81651  254.13146    18.7973     7.5241 -9.990e-29
 146.504387      7.328    16.1213  36.177769    28.1210      7.262  253.81773  254.13266    18.7428     7.5160 0.0000e+00
 146.504389      7.360    16.1209  36.178194    28.1215      7.295  253.81894  254.13385    18.7973     7.5079 0.0000e+00
 146.504392      7.400    16.1204  36.178437    28.1215      7.334  253.82073  254.13560    18.8128     7.5079 0.0000e+00
 146.504395      7.452    16.1193  36.175767    28.1216      7.385  253.82900  254.14384    18.8128     7.5120 0.0000e+00
 146.504398      7.497    16.1180  36.175950    28.1216      7.430  253.83184  254.14652    12.2603     7.7667 0.0000e+00
 146.504401      7.541    16.1166  36.180623    28.1223      7.473  253.83362  254.14840    12.2603     7.7869 0.0000e+00
 146.504404      7.579    16.1164  36.175343    28.1244      7.511  253.83656  254.15124    12.2370     7.7910 0.0000e+00
 146.504407      7.610    16.1162  36.172916    28.1223      7.542  253.84127  254.15596    12.2603     7.7950 -9.990e-29
 146.504410      7.632    16.1163  36.174008    28.1210      7.564  253.84299  254.15769    12.1980     7.7788 -9.990e-29
 146.504413      7.654    16.1183  36.166059    28.1128      7.586  253.84727  254.16212    14.5015     7.8961 -9.990e-29
 146.504416      7.678    16.1215  36.164602    28.1092      7.609  253.83729  254.15231    14.3615     7.8638 -9.990e-29
 146.504418      7.698    16.1244  36.166726    28.1090      7.629  253.82317  254.13832    14.2992     7.8840 -9.990e-29
 146.504421      7.722    16.1287  36.164116    28.1007      7.653  253.81592  254.13132    14.8284     7.9649 -9.990e-29
 146.504424      7.749    16.1300  36.160597    28.1010      7.680  253.80878  254.12424    14.8595     7.9810 0.0000e+00
 146.504427      7.782    16.1313  36.163449    28.1007      7.712  253.80163  254.11715    14.8595     7.9649 0.0000e+00
 146.504430      7.824    16.1332  36.163631    28.1001      7.754  253.79530  254.11100    14.8595     7.9851 0.0000e+00
 146.504433      7.866    16.1345  36.159565    28.0956      7.796  253.79438  254.10999    14.8595     7.9325 0.0000e+00
 146.504436      7.908    16.1359  36.158837    28.0956      7.837  253.79124  254.10701    16.2603     7.6737 0.0000e+00
 146.504439      7.953    16.1372  36.162114    28.0959      7.882  253.78119  254.09702    16.2603     7.6373 0.0000e+00
 146.504442      7.988    16.1380  36.164541    28.0965      7.917  253.77665  254.09250    16.2525     7.6312 0.0000e+00
 146.504444      8.017    16.1387  36.161203    28.0970      7.946  253.77211  254.08799    16.2447     7.6252 -9.990e-29
 146.504447      8.034    16.1413  36.166543    28.0968      7.962  253.75910  254.07510    13.9879     7.8961 -9.990e-29
 146.504450      8.052    16.1414  36.162538    28.0933      7.980  253.76478  254.08081    14.0969     7.8961 -9.990e-29
 146.504453      8.059    16.1400  36.165026    28.0964      7.987  253.76655  254.08250    14.1124     7.9163 -9.990e-29
 146.504456      8.072    16.1385  36.167818    28.0999      8.000  253.76787  254.08373    14.2214     7.8961 -9.990e-29
 146.504459      8.083    16.1358  36.167393    28.1014      8.011  253.77886  254.09458    14.0502     7.8961 -9.990e-29
