seaocn-cb/data/ctd_cnv/SBE19plus_01907321_2024_05_23_Cast20.cnv
* Sea-Bird SBE19plus  Data File:
* FileName = E:\Prandtl_Daten\2024\CTD\raw\SBE19plus_01907321_2024_05_23_Cast20.hex
* Software version 2.6.1.12
* Temperature SN = 7321
* Conductivity SN = 7321
* System UpLoad Time = May 23 2024 06:43:27
* <ApplicationData>
* <Seaterm232>
** 20240522
** Sea Practical 2024
** MCat 23.05 CTD_SP1
** NMEA Latitude = 054 7.76N
** NMEA Longitude = 008 46.69E
** waterdepth = 11,5m
** Merle
# nquan = 11
# nvalues = 358                         
# units = specified
# name 0 = timeJ: Julian Days
# name 1 = prdM: Pressure, Strain Gauge [db]
# name 2 = tv290C: Temperature [ITS-90, deg C]
# name 3 = c0mS/cm: Conductivity [mS/cm]
# name 4 = sal00: Salinity, Practical [PSU]
# name 5 = depSM: Depth [salt water, m], lat = 54.00
# name 6 = oxsatMm/Kg: Oxygen Saturation, Weiss [umol/kg]
# name 7 = oxsolMm/Kg: Oxygen Saturation, Garcia & Gordon [umol/kg]
# name 8 = turbWETntu0: Turbidity, WET Labs ECO [NTU]
# name 9 = flECO-AFL: Fluorescence, WET Labs ECO-AFL/FL [mg/m^3]
# name 10 = flag:  0.000e+00
# span 0 = 144.275755, 144.276788       
# span 1 =      0.832,     10.644       
# span 2 =    17.1235,    17.2809       
# span 3 =  34.685317,  34.770587       
# span 4 =    26.1405,    26.1902       
# span 5 =      0.825,     10.549       
# span 6 =  251.44910,  252.16727       
# span 7 =  251.82549,  252.53720       
# span 8 =    -0.7669,     2.1280       
# span 9 =     2.6758,     5.8177       
# span 10 = 0.0000e+00, 0.0000e+00      
# interval = seconds: 0.25
# start_time = May 23 2024 06:35:44 [Instrument's time stamp, header]
# bad_flag = -9.990e-29
*END*
[from data line 263]
 144.276516      8.704    17.1434  34.693070    26.1695      8.627  252.08655  252.45734     0.1358     3.0437 -9.990e-29
 144.276519      8.710    17.1428  34.691637    26.1687      8.632  252.09113  252.46189     0.1202     2.9871 -9.990e-29
 144.276522      8.717    17.1424  34.688057    26.1659      8.639  252.09751  252.46828     0.8050     3.5007 -9.990e-29
 144.276525      8.730    17.1420  34.694860    26.1719      8.652  252.08938  252.46010     0.6805     3.4683 -9.990e-29
 144.276528      8.752    17.1411  34.694741    26.1673      8.673  252.10167  252.47238     0.4626     3.4441 -9.990e-29
 144.276531      8.785    17.1407  34.688714    26.1687      8.706  252.10135  252.47203     0.4237     3.4623 0.0000e+00
 144.276534      8.826    17.1403  34.691399    26.1701      8.747  252.10167  252.47238     0.3848     3.4441 0.0000e+00
 144.276536      8.878    17.1391  34.691280    26.1707      8.798  252.10565  252.47626     0.2603     3.1731 0.0000e+00
 144.276539      8.936    17.1385  34.690982    26.1708      8.856  252.10832  252.47890     0.0580     3.1287 0.0000e+00
 144.276542      8.992    17.1381  34.691400    26.1714      8.912  252.10933  252.47990     0.0580     3.1731 0.0000e+00
 144.276545      9.047    17.1376  34.691639    26.1720      8.966  252.11123  252.48177     0.0891     3.1246 0.0000e+00
 144.276548      9.095    17.1374  34.691401    26.1720      9.013  252.11205  252.48258     0.1591     3.0922 0.0000e+00
 144.276551      9.127    17.1372  34.692415    26.1720      9.046  252.11286  252.48339     0.2292     2.9952 -9.990e-29
 144.276554      9.149    17.1363  34.691640    26.1728      9.067  252.11603  252.48651     0.3848     2.9467 -9.990e-29
 144.276557      9.166    17.1361  34.691640    26.1729      9.084  252.11699  252.48746     0.5716     2.9548 -9.990e-29
 144.276560      9.173    17.1354  34.692893    26.1744      9.091  252.11773  252.48817    -0.1755     3.2945 -9.990e-29
 144.276563      9.169    17.1352  34.693311    26.1749      9.087  252.11808  252.48851    -0.0977     3.3187 -9.990e-29
 144.276565      9.171    17.1346  34.692833    26.1749      9.089  252.12098  252.49138    -0.0199     3.2500 -9.990e-29
 144.276568      9.177    17.1340  34.690983    26.1737      9.094  252.12584  252.49623    -0.2066     3.2945 -9.990e-29
 144.276571      9.197    17.1341  34.692655    26.1740      9.114  252.12495  252.49534     0.6961     3.3875 -9.990e-29
 144.276574      9.224    17.1336  34.691401    26.1743      9.142  252.12646  252.49683     0.8284     3.4158 0.0000e+00
 144.276577      9.266    17.1332  34.691521    26.1746      9.183  252.12797  252.49832     0.8517     3.4036 0.0000e+00
 144.276580      9.317    17.1322  34.691402    26.1749      9.234  252.13228  252.50258     0.9607     3.4036 0.0000e+00
 144.276583      9.370    17.1310  34.690149    26.1752      9.286  252.13852  252.50878     0.9451     3.3713 0.0000e+00
 144.276586      9.423    17.1299  34.690985    26.1763      9.339  252.14147  252.51168     0.9451     3.2419 0.0000e+00
 144.276589      9.469    17.1288  34.691224    26.1772      9.384  252.14558  252.51574     0.8206     3.2014 0.0000e+00
 144.276591      9.516    17.1279  34.690627    26.1772      9.431  252.14994  252.52006     0.7895     3.2014 0.0000e+00
 144.276594      9.551    17.1276  34.688897    26.1767      9.465  252.15229  252.52240     0.7194     3.2075 0.0000e+00
 144.276597      9.576    17.1273  34.692239    26.1762      9.491  252.15464  252.52475     0.7895     3.2419 -9.990e-29
 144.276600      9.596    17.1270  34.692657    26.1795      9.511  252.15056  252.52063     0.1358     3.0599 -9.990e-29
 144.276603      9.607    17.1266  34.691642    26.1789      9.521  252.15328  252.52334    -0.0043     3.1084 -9.990e-29
 144.276606      9.622    17.1266  34.689315    26.1769      9.536  252.15661  252.52669     0.1513     3.1044 -9.990e-29
 144.276609      9.631    17.1259  34.685317    26.1741      9.545  252.16518  252.53524     1.0852     3.3632 -9.990e-29
 144.276612      9.648    17.1253  34.690150    26.1785      9.561  252.16050  252.53051     0.8829     3.3470 -9.990e-29
 144.276615      9.666    17.1250  34.688718    26.1775      9.579  252.16382  252.53382     1.1786     3.3187 -9.990e-29
 144.276617      9.690    17.1247  34.690449    26.1792      9.603  252.16215  252.53214     0.5093     3.7918 -9.990e-29
 144.276620      9.722    17.1247  34.690569    26.1784      9.635  252.16332  252.53332     0.3459     3.7736 0.0000e+00
 144.276623      9.757    17.1248  34.688719    26.1792      9.670  252.16215  252.53214     0.3226     3.7918 0.0000e+00
 144.276626      9.797    17.1248  34.690807    26.1792      9.710  252.16221  252.53219     0.2136     3.7554 0.0000e+00
 144.276629      9.843    17.1247  34.690569    26.1792      9.755  252.16221  252.53219     0.3226     3.8161 0.0000e+00
 144.276632      9.892    17.1246  34.689793    26.1792      9.803  252.16398  252.53396     0.3226     3.7473 0.0000e+00
 144.276635      9.940    17.1243  34.690390    26.1792      9.851  252.16410  252.53406     0.5560     3.1570 0.0000e+00
 144.276638      9.981    17.1242  34.690390    26.1793      9.892  252.16442  252.53438     0.6261     3.1468 0.0000e+00
 144.276641     10.016    17.1241  34.691226    26.1793      9.927  252.16475  252.53471     0.5560     3.1570 -9.990e-29
 144.276644     10.036    17.1238  34.689973    26.1792      9.947  252.16664  252.53659     0.5560     3.1610 -9.990e-29
 144.276646     10.055    17.1237  34.691405    26.1804      9.965  252.16492  252.53486     0.1825     3.1570 -9.990e-29
 144.276649     10.071    17.1236  34.691226    26.1804      9.981  252.16582  252.53575     0.3848     3.1367 -9.990e-29
 144.276652     10.082    17.1237  34.691823    26.1808      9.992  252.16434  252.53427     0.4159     3.1610 -9.990e-29
 144.276655     10.106    17.1235  34.691226    26.1798     10.015  252.16727  252.53720     0.4315     3.3672 -9.990e-29
 144.276658     10.131    17.1235  34.690451    26.1798     10.041  252.16727  252.53720     0.4315     3.3672 0.0000e+00
 144.276661     10.159    17.1235  34.690809    26.1798     10.068  252.16727  252.53720     0.4315     3.3672 -9.990e-29
 144.276664     10.182    17.1239  34.693315    26.1831     10.091  252.15959  252.52952     0.4159     3.4481 -9.990e-29
 144.276667     10.212    17.1241  34.694748    26.1824     10.120  252.15971  252.52965     0.5171     3.3834 0.0000e+00
 144.276670     10.246    17.1243  34.693495    26.1817     10.155  252.15959  252.52952     0.4159     3.3187 0.0000e+00
 144.276672     10.279    17.1249  34.692659    26.1807     10.187  252.15982  252.52977     0.5560     3.2661 0.0000e+00
 144.276675     10.312    17.1256  34.689735    26.1803     10.220  252.15881  252.52879     0.5560     3.2661 0.0000e+00
 144.276678     10.347    17.1258  34.692898    26.1798     10.254  252.15532  252.52535     0.5560     3.2702 0.0000e+00
 144.276681     10.389    17.1259  34.692480    26.1803     10.296  252.15502  252.52504     0.6961     3.3389 0.0000e+00
 144.276684     10.425    17.1260  34.694868    26.1806     10.332  252.15328  252.52331     0.9296     3.3996 0.0000e+00
 144.276687     10.463    17.1261  34.693495    26.1808     10.370  252.15238  252.52241     0.9762     3.4279 0.0000e+00
 144.276690     10.494    17.1261  34.693913    26.1808     10.400  252.15238  252.52241     0.9762     3.4279 0.0000e+00
 144.276693     10.525    17.1263  34.694570    26.1813     10.431  252.15082  252.52086     0.9762     3.4279 0.0000e+00
 144.276696     10.556    17.1264  34.694987    26.1814     10.462  252.15006  252.52010     0.7583     3.4259 0.0000e+00
 144.276698     10.582    17.1265  34.695047    26.1815     10.487  252.14929  252.51934     0.5405     3.4158 -9.990e-29
 144.276701     10.606    17.1269  34.696062    26.1821     10.511  252.14652  252.51657     0.5249     3.4441 -9.990e-29
 144.276704     10.604    17.1270  34.694152    26.1804     10.509  252.14861  252.51868     0.3848     3.4036 -9.990e-29
 144.276707     10.593    17.1272  34.694331    26.1805     10.498  252.14772  252.51779     1.4276     3.2581 -9.990e-29
 144.276710     10.582    17.1273  34.696658    26.1824     10.487  252.14407  252.51414     1.7078     3.2338 -9.990e-29
 144.276713     10.576    17.1275  34.697912    26.1833     10.482  252.14133  252.51140     1.5210     3.2095 -9.990e-29
 144.276716     10.571    17.1279  34.695823    26.1813     10.476  252.14304  252.51314     1.8167     3.2702 -9.990e-29
 144.276719     10.569    17.1276  34.696658    26.1822     10.475  252.14280  252.51288     1.2253     3.9657 -9.990e-29
 144.276722     10.575    17.1274  34.699404    26.1846     10.480  252.13983  252.50989     1.3031     3.9333 -9.990e-29
 144.276725     10.587    17.1271  34.697733    26.1834     10.493  252.14317  252.51323     1.1941     4.0304 -9.990e-29
 144.276727     10.595    17.1270  34.695405    26.1815     10.500  252.14713  252.51719     1.0852     3.9778 -9.990e-29
 144.276730     10.611    17.1268  34.700001    26.1855     10.516  252.14121  252.51124     0.9762     4.0385 -9.990e-29
 144.276733     10.622    17.1272  34.700419    26.1856     10.527  252.13904  252.50908     0.9296     3.7797 -9.990e-29
 144.276736     10.633    17.1271  34.700240    26.1855     10.538  252.13961  252.50966     0.7584     3.7514 -9.990e-29
 144.276739     10.635    17.1272  34.699464    26.1847     10.540  252.14041  252.51046     0.7584     3.7837 -9.990e-29
 144.276742     10.640    17.1271  34.697733    26.1834     10.545  252.14320  252.51325     0.8829     3.8120 -9.990e-29
 144.276745     10.633    17.1270  34.698568    26.1842     10.538  252.14263  252.51268     1.4432     3.7756 -9.990e-29
 144.276748     10.617    17.1268  34.701732    26.1869     10.522  252.13874  252.50876     1.1475     3.7393 -9.990e-29
 144.276751     10.608    17.1266  34.701075    26.1865     10.513  252.14031  252.51032     1.3187     3.6826 -9.990e-29
 144.276753     10.595    17.1262  34.698807    26.1849     10.500  252.14512  252.51513     1.2408     3.7433 -9.990e-29
 144.276756     10.587    17.1259  34.699404    26.1856     10.493  252.14553  252.51552     1.8945     3.6867 -9.990e-29
 144.276759     10.580    17.1256  34.699583    26.1859     10.485  252.14622  252.51620     1.8012     3.6948 -9.990e-29
 144.276762     10.580    17.1256  34.701911    26.1878     10.485  252.14290  252.51287     1.7856     3.7029 -9.990e-29
 144.276765     10.584    17.1255  34.701254    26.1874     10.489  252.14447  252.51443     1.6922     3.6826 -9.990e-29
 144.276768     10.586    17.1254  34.700836    26.1871     10.491  252.14538  252.51535     1.9257     5.7651 -9.990e-29
 144.276771     10.586    17.1250  34.699404    26.1862     10.491  252.14901  252.51896     1.9412     5.7287 -9.990e-29
 144.276774     10.595    17.1249  34.702150    26.1885     10.500  252.14541  252.51535     2.1280     5.7530 -9.990e-29
 144.276777     10.604    17.1249  34.704239    26.1902     10.509  252.14243  252.51236     2.0502     5.8177 -9.990e-29
 144.276780     10.615    17.1255  34.703224    26.1890     10.520  252.14167  252.51163     1.9568     5.7530 -9.990e-29
 144.276782     10.630    17.1256  34.702985    26.1887     10.535  252.14139  252.51135     1.9879     3.7109 -9.990e-29
 144.276785     10.641    17.1264  34.704656    26.1896     10.545  252.13616  252.50615     1.8323     3.7433 -9.990e-29
 144.276788     10.644    17.1268  34.704239    26.1890     10.549  252.13517  252.50518     1.8323     3.7352 -9.990e-29
