seaocn-cb/data/ctd_cnv/SBE19plus_01907321_2024_05_25_Cast58.cnv
* Sea-Bird SBE19plus  Data File:
* FileName = E:\Prandtl_Daten\2024\25052024\raw\SBE19plus_01907321_2024_05_25_Cast58.hex
* Software version 2.6.1.12
* Temperature SN = 7321
* Conductivity SN = 7321
* System UpLoad Time = May 25 2024 12:11:58
* <ApplicationData>
* <Seaterm232>
** 20240525
** Sea Practical 2024
** MCat 25.05 CTD_SP2
** NMEA Latitude = 054 05.978N
** NMEA Longitude = 008 34.824E
** waterdepth =17m
** Isabelle
# nquan = 11
# nvalues = 572                         
# units = specified
# name 0 = timeJ: Julian Days
# name 1 = prdM: Pressure, Strain Gauge [db]
# name 2 = tv290C: Temperature [ITS-90, deg C]
# name 3 = c0mS/cm: Conductivity [mS/cm]
# name 4 = sal00: Salinity, Practical [PSU]
# name 5 = depSM: Depth [salt water, m], lat = 54.00
# name 6 = oxsatMm/Kg: Oxygen Saturation, Weiss [umol/kg]
# name 7 = oxsolMm/Kg: Oxygen Saturation, Garcia & Gordon [umol/kg]
# name 8 = turbWETntu0: Turbidity, WET Labs ECO [NTU]
# name 9 = flECO-AFL: Fluorescence, WET Labs ECO-AFL/FL [mg/m^3]
# name 10 = flag:  0.000e+00
# span 0 = 146.503704, 146.505356       
# span 1 =      0.522,     15.844       
# span 2 =    15.9873,    16.7291       
# span 3 =  35.900048,  36.256922       
# span 4 =    27.4741,    28.2798       
# span 5 =      0.517,     15.702       
# span 6 =  251.89102,  254.22005       
# span 7 =  252.23680,  254.52777       
# span 8 =    -0.4090,    18.8128       
# span 9 =     4.7502,     8.1792       
# span 10 = 0.0000e+00, 0.0000e+00      
# interval = seconds: 0.25
# start_time = May 25 2024 12:03:28 [Instrument's time stamp, header]
# bad_flag = -9.990e-29
*END*
[from data line 525]
 146.505223     15.829    15.9916  36.251517    28.2778     15.687  254.19956  254.50749    10.3148     6.7235 -9.990e-29
 146.505226     15.837    15.9914  36.252064    28.2743     15.695  254.20640  254.51434    10.8595     6.9378 -9.990e-29
 146.505229     15.826    15.9910  36.252003    28.2745     15.684  254.20800  254.51592    10.8595     6.9418 -9.990e-29
 146.505231     15.813    15.9905  36.251517    28.2745     15.671  254.21054  254.51844    10.7661     6.9014 -9.990e-29
 146.505234     15.793    15.9901  36.254433    28.2773     15.651  254.20767  254.51553    10.8284     6.9297 -9.990e-29
 146.505237     15.771    15.9900  36.253765    28.2768     15.630  254.20926  254.51712    10.6261     6.5981 -9.990e-29
 146.505240     15.745    15.9900  36.249756    28.2734     15.604  254.21528  254.52316    10.6261     6.6062 -9.990e-29
 146.505243     15.722    15.9896  36.253522    28.2769     15.581  254.21112  254.51896    10.4860     6.6021 -9.990e-29
 146.505246     15.705    15.9896  36.252853    28.2763     15.565  254.21181  254.51966    10.6261     6.6224 -9.990e-29
 146.505249     15.696    15.9900  36.250181    28.2737     15.555  254.21431  254.52219    10.0813     6.9903 -9.990e-29
 146.505252     15.687    15.9900  36.252428    28.2756     15.546  254.21092  254.51879     9.9724     6.9701 -9.990e-29
 146.505255     15.682    15.9899  36.252003    28.2754     15.541  254.21217  254.52003    10.0813     6.9944 -9.990e-29
 146.505258     15.682    15.9897  36.254190    28.2774     15.541  254.20949  254.51733    10.0346     7.0186 -9.990e-29
 146.505260     15.689    15.9899  36.252428    28.2757     15.548  254.21153  254.51939     9.5366     6.8569 -9.990e-29
 146.505263     15.689    15.9899  36.255526    28.2784     15.548  254.20687  254.51472     9.5521     6.8569 -9.990e-29
 146.505266     15.694    15.9901  36.252003    28.2752     15.554  254.21126  254.51914     9.5366     6.8771 -9.990e-29
 146.505269     15.693    15.9906  36.254858    28.2773     15.552  254.20515  254.51304     9.5988     6.9014 -9.990e-29
 146.505272     15.698    15.9908  36.253278    28.2759     15.557  254.20692  254.51482     9.5833     6.8407 -9.990e-29
 146.505275     15.702    15.9907  36.253096    28.2758     15.561  254.20750  254.51540    10.8751     7.0672 -9.990e-29
 146.505278     15.707    15.9906  36.253278    28.2760     15.566  254.20753  254.51543    10.7817     7.0712 -9.990e-29
 146.505281     15.718    15.9905  36.254190    28.2768     15.577  254.20647  254.51436    10.8128     7.0550 -9.990e-29
 146.505284     15.736    15.9906  36.254433    28.2770     15.595  254.20581  254.51370    10.7817     7.0308 -9.990e-29
 146.505286     15.751    15.9904  36.254433    28.2771     15.610  254.20673  254.51461     9.5833     6.9944 -9.990e-29
 146.505289     15.771    15.9906  36.256498    28.2787     15.629  254.20273  254.51060     9.5054     6.9984 -9.990e-29
 146.505292     15.784    15.9906  36.255040    28.2775     15.642  254.20493  254.51281     9.5677     6.9903 -9.990e-29
 146.505295     15.795    15.9907  36.254190    28.2767     15.653  254.20591  254.51380     9.5833     6.9863 -9.990e-29
 146.505298     15.804    15.9906  36.250181    28.2733     15.662  254.21224  254.52015    10.0035     7.1966 -9.990e-29
 146.505301     15.809    15.9905  36.253765    28.2764     15.667  254.20716  254.51505    10.0191     7.1723 -9.990e-29
 146.505304     15.809    15.9904  36.252854    28.2757     15.667  254.20884  254.51672    10.0502     7.1804 -9.990e-29
 146.505307     15.809    15.9905  36.254615    28.2771     15.667  254.20588  254.51377    10.0191     7.1966 -9.990e-29
 146.505310     15.804    15.9904  36.249756    28.2731     15.662  254.21379  254.52169    10.0035     8.0579 -9.990e-29
 146.505313     15.793    15.9905  36.254615    28.2772     15.651  254.20588  254.51376    10.0035     8.0053 -9.990e-29
 146.505315     15.772    15.9908  36.254858    28.2771     15.631  254.20429  254.51218     9.9568     8.0215 -9.990e-29
 146.505318     15.751    15.9912  36.253096    28.2753     15.609  254.20540  254.51333    10.0191     8.0457 -9.990e-29
 146.505321     15.725    15.9913  36.256072    28.2779     15.584  254.20061  254.50853     9.9879     8.0376 -9.990e-29
 146.505324     15.698    15.9914  36.253946    28.2760     15.557  254.20349  254.51142    10.3148     7.1359 -9.990e-29
 146.505327     15.676    15.9914  36.252428    28.2747     15.535  254.20576  254.51370    10.2525     7.1157 -9.990e-29
 146.505330     15.661    15.9911  36.250849    28.2735     15.521  254.20934  254.51727    10.2058     7.1319 -9.990e-29
 146.505333     15.654    15.9903  36.249999    28.2734     15.514  254.21365  254.52154    10.2214     7.1157 -9.990e-29
 146.505336     15.661    15.9900  36.253096    28.2763     15.521  254.21021  254.51807    10.0969     6.8650 -9.990e-29
 146.505339     15.683    15.9903  36.253764    28.2766     15.543  254.20800  254.51588     9.9879     6.8731 -9.990e-29
 146.505341     15.714    15.9901  36.253096    28.2761     15.573  254.20963  254.51750     9.9568     6.8650 -9.990e-29
 146.505344     15.751    15.9898  36.252611    28.2759     15.610  254.21159  254.51945     9.8790     6.8609 -9.990e-29
 146.505347     15.782    15.9892  36.255040    28.2784     15.640  254.21008  254.51790     7.2798     7.1804 -9.990e-29
 146.505350     15.815    15.9887  36.251761    28.2760     15.673  254.21716  254.52496     7.3109     7.2127 -9.990e-29
 146.505353     15.835    15.9878  36.255466    28.2798     15.693  254.21493  254.52267     7.2331     7.1602 -9.990e-29
 146.505356     15.844    15.9873  36.253279    28.2782     15.702  254.22005  254.52777     7.4354     7.1885 -9.990e-29
