seaocn-cb/data/ctd_cnv/SBE19plus_01907321_2024_05_27_Cast71.cnv
* Sea-Bird SBE19plus  Data File:
* FileName = E:\Prandtl_Daten\2024\27052024\raw\SBE19plus_01907321_2024_05_27_Cast71.hex
* Software version 2.6.1.12
* Temperature SN = 7321
* Conductivity SN = 7321
* System UpLoad Time = May 27 2024 08:59:42
* <ApplicationData>
* <Seaterm232>
** 20240527
** Sea Practical 2024
** MCat 27.05 CTD_SP5
** NMEA Latitude = 54 7.781N
** NMEA Longitude = 008 25.579E
** waterdepth = 8m
** Maja
# nquan = 11
# nvalues = 224                         
# units = specified
# name 0 = timeJ: Julian Days
# name 1 = prdM: Pressure, Strain Gauge [db]
# name 2 = tv290C: Temperature [ITS-90, deg C]
# name 3 = c0mS/cm: Conductivity [mS/cm]
# name 4 = sal00: Salinity, Practical [PSU]
# name 5 = depSM: Depth [salt water, m], lat = 54.00
# name 6 = oxsatMm/Kg: Oxygen Saturation, Weiss [umol/kg]
# name 7 = oxsolMm/Kg: Oxygen Saturation, Garcia & Gordon [umol/kg]
# name 8 = turbWETntu0: Turbidity, WET Labs ECO [NTU]
# name 9 = flECO-AFL: Fluorescence, WET Labs ECO-AFL/FL [mg/m^3]
# name 10 = flag:  0.000e+00
# span 0 = 148.365755, 148.366400       
# span 1 =      0.774,      6.934       
# span 2 =    16.3778,    16.6741       
# span 3 =  36.791184,  36.936144       
# span 4 =    28.2807,    28.5910       
# span 5 =      0.767,      6.872       
# span 6 =  250.78986,  251.73120       
# span 7 =  251.12824,  252.05452       
# span 8 =    -2.7747,     6.2369       
# span 9 =     3.5856,     6.3878       
# span 10 = 0.0000e+00, 0.0000e+00      
# interval = seconds: 0.25
# start_time = May 27 2024 08:45:26 [Instrument's time stamp, header]
# bad_flag = -9.990e-29
*END*
[from data line 132]
 148.366137      5.001    16.4819  36.841322    28.4367      4.956  251.47536  251.80431    -1.1560     4.7866 0.0000e+00
 148.366140      5.039    16.4790  36.847252    28.4438      4.994  251.47755  251.80633    -1.1405     4.7866 0.0000e+00
 148.366143      5.087    16.4757  36.854039    28.4520      5.041  251.48000  251.80857    -1.1405     4.7663 0.0000e+00
 148.366146      5.130    16.4718  36.856852    28.4572      5.084  251.49038  251.81875    -1.2183     4.7663 0.0000e+00
 148.366149      5.178    16.4682  36.856731    28.4596      5.131  251.50387  251.83207    -1.2183     4.7663 0.0000e+00
 148.366152      5.207    16.4671  36.857220    28.4606      5.161  251.50775  251.83588    -1.1172     4.5803 0.0000e+00
 148.366155      5.240    16.4659  36.849517    28.4616      5.193  251.51162  251.83970    -1.0160     4.3660 -9.990e-29
 148.366157      5.258    16.4651  36.854958    28.4603      5.211  251.51829  251.84634    -1.0315     4.3781 -9.990e-29
 148.366160      5.273    16.4658  36.854714    28.4595      5.225  251.51594  251.84403    -0.8448     4.3660 -9.990e-29
 148.366163      5.289    16.4655  36.859177    28.4635      5.242  251.51030  251.83835    -0.6113     4.8715 -9.990e-29
 148.366166      5.305    16.4640  36.855386    28.4614      5.258  251.52161  251.84961    -0.7825     4.8634 -9.990e-29
 148.366169      5.324    16.4629  36.859911    28.4660      5.276  251.51920  251.84712    -0.7047     4.8796 -9.990e-29
 148.366172      5.342    16.4596  36.863091    28.4713      5.294  251.52666  251.85440    -0.8136     4.7825 -9.990e-29
 148.366175      5.371    16.4585  36.863275    28.4721      5.323  251.53042  251.85810    -0.7747     4.7885 0.0000e+00
 148.366178      5.407    16.4575  36.863520    28.4730      5.359  251.53417  251.86180    -0.8136     4.7825 0.0000e+00
 148.366181      5.438    16.4554  36.864560    28.4753      5.390  251.54050  251.86803    -0.8136     4.7946 0.0000e+00
 148.366183      5.475    16.4539  36.865538    28.4764      5.426  251.54452  251.87196    -0.8136     4.8027 0.0000e+00
 148.366186      5.508    16.4530  36.863093    28.4768      5.459  251.54964  251.87705    -0.5879     4.8472 0.0000e+00
 148.366189      5.537    16.4521  36.865661    28.4764      5.488  251.55476  251.88214    -0.3623     4.8917 -9.990e-29
 148.366192      5.559    16.4519  36.864194    28.4775      5.509  251.55408  251.88144    -0.0510     4.9523 -9.990e-29
 148.366195      5.579    16.4524  36.864866    28.4776      5.529  251.55099  251.87837    -0.1755     4.9564 -9.990e-29
 148.366198      5.603    16.4530  36.867373    28.4794      5.553  251.54521  251.87260    -0.2222     4.9362 -9.990e-29
 148.366201      5.626    16.4522  36.866701    28.4794      5.576  251.54923  251.87659    -0.5179     4.7178 -9.990e-29
 148.366204      5.650    16.4495  36.868046    28.4846      5.600  251.55376  251.88097    -0.7514     4.7097 -9.990e-29
 148.366207      5.680    16.4485  36.870615    28.4885      5.629  251.55230  251.87944    -0.7670     4.7016 0.0000e+00
 148.366209      5.711    16.4474  36.877954    28.4924      5.659  251.55376  251.88097    -0.7825     4.6936 0.0000e+00
 148.366212      5.754    16.4436  36.881134    28.4978      5.703  251.56007  251.88692    -1.0471     4.3943 0.0000e+00
 148.366215      5.802    16.4396  36.882909    28.5022      5.750  251.57256  251.89921    -1.0627     4.3660 0.0000e+00
 148.366218      5.858    16.4357  36.885845    28.5074      5.806  251.58275  251.90920    -1.2650     4.3660 0.0000e+00
 148.366221      5.917    16.4324  36.890555    28.5138      5.864  251.58822  251.91448    -1.2650     4.3701 0.0000e+00
 148.366224      5.970    16.4291  36.895388    28.5203      5.916  251.59351  251.91957    -0.7514     4.6976 0.0000e+00
 148.366227      6.022    16.4260  36.893982    28.5203      5.969  251.60706  251.93298    -0.7514     4.7057 0.0000e+00
 148.366230      6.070    16.4232  36.890557    28.5213      6.015  251.62257  251.94827    -0.6424     4.7057 0.0000e+00
 148.366233      6.101    16.4225  36.894533    28.5225      6.046  251.62263  251.94838    -0.6346     4.6915 0.0000e+00
 148.366236      6.130    16.4217  36.899182    28.5248      6.075  251.62257  251.94827    -0.6424     4.6733 -9.990e-29
 148.366238      6.150    16.4188  36.896919    28.5289      6.095  251.62964  251.95519    -0.7825     4.7866 -9.990e-29
 148.366241      6.170    16.4179  36.901813    28.5338      6.115  251.62607  251.95154    -0.6736     4.7663 -9.990e-29
 148.366244      6.185    16.4168  36.900039    28.5330      6.129  251.63260  251.95804    -0.7202     4.7299 -9.990e-29
 148.366247      6.203    16.4158  36.899856    28.5335      6.147  251.63650  251.96189    -0.9226     4.7421 -9.990e-29
 148.366250      6.219    16.4153  36.902303    28.5360      6.164  251.63502  251.96036     0.1669     4.7380 -9.990e-29
 148.366253      6.237    16.4151  36.898694    28.5330      6.182  251.64094  251.96630     0.1358     4.7663 -9.990e-29
 148.366256      6.261    16.4155  36.902303    28.5358      6.205  251.63414  251.95949    -0.0199     4.7704 -9.990e-29
 148.366259      6.283    16.4154  36.901202    28.5340      6.227  251.63810  251.96346    -0.7047     4.9968 -9.990e-29
 148.366262      6.310    16.4153  36.900040    28.5350      6.254  251.63688  251.96222    -0.6735     5.0008 0.0000e+00
 148.366264      6.338    16.4152  36.902120    28.5359      6.281  251.63565  251.96099    -0.6424     5.0049 0.0000e+00
 148.366267      6.371    16.4148  36.903771    28.5361      6.314  251.63565  251.96099    -0.6424     5.0049 0.0000e+00
 148.366270      6.400    16.4141  36.901447    28.5376      6.343  251.64051  251.96576    -0.6424     4.9604 0.0000e+00
 148.366273      6.438    16.4135  36.903160    28.5379      6.381  251.64051  251.96576    -0.2066     4.6450 0.0000e+00
 148.366276      6.469    16.4127  36.905913    28.5409      6.411  251.63949  251.96468    -0.1132     4.6450 0.0000e+00
 148.366279      6.511    16.4116  36.910440    28.5451      6.453  251.63949  251.96468    -0.0510     4.6208 0.0000e+00
 148.366282      6.540    16.4109  36.908728    28.5453      6.482  251.64075  251.96583    -0.0509     4.6309 0.0000e+00
 148.366285      6.568    16.4102  36.910686    28.5451      6.509  251.64473  251.96978     0.0113     4.6046 -9.990e-29
 148.366288      6.588    16.4075  36.910931    28.5489      6.529  251.65175  251.97666    -0.5802     5.1545 -9.990e-29
 148.366291      6.606    16.4066  36.911114    28.5497      6.547  251.65481  251.97967    -0.5335     5.1667 -9.990e-29
 148.366293      6.630    16.4059  36.911788    28.5507      6.570  251.65624  251.98107    -0.7202     5.1747 -9.990e-29
 148.366296      6.654    16.4050  36.913868    28.5522      6.594  251.65805  251.98283     1.6922     4.6289 -9.990e-29
 148.366299      6.685    16.4047  36.912828    28.5542      6.625  251.65649  251.98124     1.6533     4.6410 0.0000e+00
 148.366302      6.723    16.4043  36.916805    28.5561      6.663  251.65805  251.98283     1.6144     4.6289 0.0000e+00
 148.366305      6.774    16.4036  36.917233    28.5568      6.713  251.65719  251.98188     1.5989     4.6370 0.0000e+00
 148.366308      6.816    16.4029  36.917601    28.5575      6.755  251.65945  251.98410     1.5833     4.6208 -9.990e-29
 148.366311      6.838    16.4006  36.917907    28.5597      6.777  251.66723  251.99176     0.5871     4.9847 -9.990e-29
 148.366314      6.849    16.3997  36.913624    28.5567      6.788  251.67686  252.00137     0.5871     4.9523 -9.990e-29
 148.366317      6.858    16.3997  36.913502    28.5565      6.797  251.67704  252.00155     0.5560     4.9604 -9.990e-29
 148.366319      6.869    16.3999  36.911789    28.5549      6.807  251.67867  252.00320     0.5249     4.9847 -9.990e-29
 148.366322      6.869    16.3995  36.916989    28.5596      6.807  251.67251  251.99700     0.2603     5.7166 -9.990e-29
 148.366325      6.863    16.3995  36.916928    28.5596      6.802  251.67260  251.99709     0.5249     5.7125 -9.990e-29
 148.366328      6.852    16.3991  36.917907    28.5607      6.791  251.67266  251.99712     0.3537     5.7125 -9.990e-29
 148.366331      6.841    16.3991  36.919253    28.5619      6.780  251.67097  251.99542     0.4626     5.7166 -9.990e-29
 148.366334      6.828    16.3992  36.920171    28.5626      6.767  251.66901  251.99346     2.4082     4.8593 -9.990e-29
 148.366337      6.821    16.3987  36.916316    28.5597      6.760  251.67649  252.00094     2.3770     4.8553 -9.990e-29
 148.366340      6.825    16.3980  36.920599    28.5639      6.764  251.67290  251.99728     2.3926     4.8513 -9.990e-29
 148.366343      6.836    16.3967  36.923169    28.5670      6.774  251.67394  251.99825     2.1903     4.8796 -9.990e-29
 148.366345      6.859    16.3955  36.924699    28.5692      6.798  251.67621  252.00046     2.2836     4.8715 -9.990e-29
 148.366348      6.881    16.3942  36.923170    28.5688      6.820  251.68330  252.00748     1.1630     4.8553 -9.990e-29
 148.366351      6.901    16.3928  36.926474    28.5726      6.839  251.68386  252.00796     1.3809     4.8391 -9.990e-29
 148.366354      6.916    16.3911  36.930085    28.5769      6.854  251.68488  252.00887     1.4276     4.8957 -9.990e-29
 148.366357      6.912    16.3887  36.929901    28.5785      6.850  251.69388  252.01775     1.4899     4.8715 -9.990e-29
 148.366360      6.890    16.3872  36.928310    28.5782      6.829  251.70193  252.02574     1.8012     5.1100 -9.990e-29
 148.366363      6.861    16.3860  36.932594    28.5827      6.800  251.70012  252.02384     1.9101     5.1262 -9.990e-29
 148.366366      6.816    16.3852  36.931615    28.5825      6.755  251.70455  252.02824     1.8478     5.1343 -9.990e-29
 148.366369      6.770    16.3842  36.933940    28.5852      6.710  251.70471  252.02834     1.8634     5.1181 -9.990e-29
 148.366372      6.735    16.3833  36.934185    28.5861      6.675  251.70764  252.03123     2.0191     4.8472 -9.990e-29
 148.366374      6.710    16.3825  36.929901    28.5830      6.650  251.71695  252.04052     2.1436     4.8351 -9.990e-29
 148.366377      6.712    16.3818  36.932839    28.5860      6.652  251.71533  252.03885     2.0969     4.8270 -9.990e-29
 148.366380      6.730    16.3816  36.932349    28.5857      6.670  251.71697  252.04047     2.0813     4.8472 -9.990e-29
 148.366383      6.764    16.3801  36.934185    28.5899      6.704  251.71711  252.04052     1.3498     4.9847 -9.990e-29
 148.366386      6.808    16.3797  36.935960    28.5886      6.747  251.72128  252.04469     1.3965     4.9887 0.0000e+00
 148.366389      6.848    16.3793  36.932350    28.5899      6.787  251.72200  252.04534     1.3498     4.9847 0.0000e+00
 148.366392      6.887    16.3790  36.936144    28.5892      6.825  251.72373  252.04710     1.3809     4.9847 0.0000e+00
 148.366395      6.918    16.3787  36.932595    28.5910      6.856  251.72200  252.04534     1.3187     4.9766 -9.990e-29
 148.366398      6.932    16.3778  36.932167    28.5882      6.870  251.73120  252.05452     6.0969     5.8177 -9.990e-29
 148.366400      6.934    16.3779  36.934614    28.5902      6.872  251.72729  252.05061     6.2369     5.7894 -9.990e-29
