seaocn-cb/data/ctd_cnv/SBE19plus_01907321_2024_05_25_Cast53.cnv
* Sea-Bird SBE19plus  Data File:
* FileName = E:\Prandtl_Daten\2024\25052024\raw\SBE19plus_01907321_2024_05_25_Cast53.hex
* Software version 2.6.1.12
* Temperature SN = 7321
* Conductivity SN = 7321
* System UpLoad Time = May 25 2024 08:51:40
* <ApplicationData>
* <Seaterm232>
** 20240525
** Sea Practical 2024
** MCat 25.05 CTD_SP8
** NMEA Latitude = 054 8.48N
** NMEA Longitude = 008 7.98E
** waterdepth =14m
** Till
# nquan = 11
# nvalues = 464                         
# units = specified
# name 0 = timeJ: Julian Days
# name 1 = prdM: Pressure, Strain Gauge [db]
# name 2 = tv290C: Temperature [ITS-90, deg C]
# name 3 = c0mS/cm: Conductivity [mS/cm]
# name 4 = sal00: Salinity, Practical [PSU]
# name 5 = depSM: Depth [salt water, m], lat = 54.00
# name 6 = oxsatMm/Kg: Oxygen Saturation, Weiss [umol/kg]
# name 7 = oxsolMm/Kg: Oxygen Saturation, Garcia & Gordon [umol/kg]
# name 8 = turbWETntu0: Turbidity, WET Labs ECO [NTU]
# name 9 = flECO-AFL: Fluorescence, WET Labs ECO-AFL/FL [mg/m^3]
# name 10 = flag:  0.000e+00
# span 0 = 146.365315, 146.366655       
# span 1 =      0.966,     13.422       
# span 2 =    13.7126,    15.3089       
# span 3 =  36.732273,  37.609081       
# span 4 =    29.1968,    31.2219       
# span 5 =      0.958,     13.301       
# span 6 =  256.06329,  260.83601       
# span 7 =  256.33186,  261.00094       
# span 8 =    -4.5490,     4.8517       
# span 9 =     3.8848,    10.8358       
# span 10 = 0.0000e+00, 0.0000e+00      
# interval = seconds: 0.25
# start_time = May 25 2024 08:44:39 [Instrument's time stamp, header]
# bad_flag = -9.990e-29
*END*
 146.365315      0.966    15.3082  36.734713    29.1978      0.958  256.07148  256.34005    -4.0043     3.9293 0.0000e+00
 146.365318      1.004    15.3083  36.733614    29.1978      0.995  256.07148  256.34005    -4.0043     3.9333 0.0000e+00
 146.365321      1.096    15.3086  36.735202    29.1968      1.086  256.07118  256.33978    -4.0043     3.9333 0.0000e+00
 146.365324      1.218    15.3086  36.734042    29.1979      1.207  256.06931  256.33790    -4.0043     3.8929 0.0000e+00
 146.365327      1.322    15.3088  36.735814    29.1981      1.310  256.06730  256.33591    -4.0199     3.8889 0.0000e+00
 146.365330      1.404    15.3089  36.736486    29.1984      1.392  256.06696  256.33556    -3.9888     3.8888 0.0000e+00
 146.365333      1.461    15.3088  36.732273    29.1987      1.448  256.06661  256.33521    -4.0510     3.8848 -9.990e-29
 146.365336      1.486    15.3086  36.737646    29.1998      1.473  256.06545  256.33403    -4.4090     3.9859 -9.990e-29
 146.365339      1.494    15.3086  36.739234    29.2013      1.480  256.06329  256.33186    -4.2689     3.9576 -9.990e-29
 146.365341      1.486    15.3084  36.736730    29.1992      1.473  256.06777  256.33634    -4.3000     3.9778 -9.990e-29
 146.365344      1.481    15.3084  36.736058    29.1986      1.468  256.06880  256.33739    -4.2378     3.9819 -9.990e-29
 146.365347      1.481    15.3085  36.734471    29.1972      1.468  256.07097  256.33956    -4.3778     4.5520 -9.990e-29
 146.365350      1.494    15.3080  36.739722    29.2021      1.480  256.06462  256.33315    -4.2689     4.5763 -9.990e-29
 146.365353      1.512    15.3076  36.737402    29.2004      1.498  256.07002  256.33854    -4.4712     4.5439 -9.990e-29
 146.365356      1.537    15.3073  36.740761    29.1986      1.524  256.07436  256.34288    -4.0821     4.5844 -9.990e-29
 146.365359      1.578    15.3074  36.735204    29.1986      1.563  256.07363  256.34217    -4.0043     4.5763 0.0000e+00
 146.365362      1.621    15.3076  36.735387    29.1986      1.607  256.07291  256.34145    -4.0043     4.5682 0.0000e+00
 146.365365      1.671    15.3078  36.740578    29.2029      1.656  256.06403  256.33255    -4.0043     4.5520 0.0000e+00
 146.365367      1.714    15.3079  36.740761    29.2030      1.699  256.06386  256.33239    -4.0276     4.5399 0.0000e+00
 146.365370      1.745    15.3078  36.735815    29.2032      1.730  256.06403  256.33255    -4.0510     4.5520 -9.990e-29
 146.365373      1.762    15.3069  36.738075    29.2015      1.746  256.07180  256.34028    -4.3623     5.3850 -9.990e-29
 146.365376      1.756    15.3061  36.737647    29.2017      1.741  256.07544  256.34388    -4.2689     5.3850 -9.990e-29
 146.365379      1.749    15.3055  36.735388    29.2001      1.733  256.08132  256.34975    -4.2378     5.3850 -9.990e-29
 146.365382      1.738    15.3048  36.735632    29.2009      1.723  256.08362  256.35200    -4.2378     5.3729 -9.990e-29
 146.365385      1.744    15.3041  36.736732    29.2024      1.728  256.08460  256.35293    -4.2378     4.9160 -9.990e-29
 146.365388      1.764    15.3025  36.736304    29.2043      1.748  256.08917  256.35742    -4.3311     4.9119 -9.990e-29
 146.365391      1.809    15.3015  36.737648    29.2041      1.793  256.09433  256.36253    -4.3544     4.9281 0.0000e+00
 146.365394      1.866    15.3006  36.735633    29.2043      1.849  256.09948  256.36764    -4.3311     4.9119 0.0000e+00
 146.365396      1.924    15.2988  36.734718    29.2044      1.907  256.10402  256.37207    -4.3467     4.4145 0.0000e+00
 146.365399      1.971    15.2988  36.737160    29.2065      1.954  256.10402  256.37207    -4.3311     4.3943 0.0000e+00
 146.365402      2.002    15.2988  36.737405    29.2067      1.985  256.10402  256.37207    -4.3311     4.3660 0.0000e+00
 146.365405      2.032    15.2978  36.736978    29.2072      2.013  256.10851  256.37650    -4.1755     4.3660 0.0000e+00
 146.365408      2.064    15.2960  36.736917    29.2084      2.046  256.11548  256.38337    -4.1755     4.8391 0.0000e+00
 146.365411      2.101    15.2937  36.735391    29.2087      2.082  256.12650  256.39428    -4.1911     4.8593 0.0000e+00
 146.365414      2.150    15.2917  36.738750    29.2132      2.131  256.12906  256.39670    -4.1911     4.8593 0.0000e+00
 146.365417      2.207    15.2908  36.737773    29.2134      2.187  256.13326  256.40085    -4.2611     4.8594 0.0000e+00
 146.365420      2.251    15.2899  36.733133    29.2136      2.230  256.13746  256.40501    -4.1444     4.8553 -9.990e-29
 146.365422      2.272    15.2874  36.740094    29.2175      2.252  256.14343  256.41082    -4.3778     4.8634 -9.990e-29
 146.365425      2.274    15.2866  36.740338    29.2183      2.254  256.14603  256.41338    -4.2222     4.8351 -9.990e-29
 146.365428      2.265    15.2863  36.737590    29.2162      2.245  256.15178  256.41912    -4.2378     4.8432 -9.990e-29
 146.365431      2.238    15.2858  36.738751    29.2175      2.218  256.15175  256.41906    -4.3467     4.8593 -9.990e-29
 146.365434      2.218    15.2855  36.738750    29.2178      2.198  256.15293  256.42022    -4.0666     4.6086 -9.990e-29
 146.365437      2.214    15.2854  36.741437    29.2165      2.194  256.15561  256.42291    -4.0666     4.6289 -9.990e-29
 146.365440      2.240    15.2853  36.737224    29.2182      2.220  256.15298  256.42026    -4.1055     4.6309 0.0000e+00
 146.365443      2.285    15.2852  36.741010    29.2199      2.265  256.15035  256.41762    -4.1444     4.6289 0.0000e+00
 146.365446      2.342    15.2852  36.742048    29.2199      2.321  256.15035  256.41762    -4.3000     4.4065 0.0000e+00
 146.365448      2.396    15.2852  36.739423    29.2203      2.375  256.14907  256.41633    -4.3000     4.3701 0.0000e+00
 146.365451      2.455    15.2854  36.741682    29.2185      2.433  256.15212  256.41942    -4.3000     4.3822 0.0000e+00
 146.365454      2.497    15.2855  36.738996    29.2191      2.474  256.15047  256.41775    -4.3156     4.3762 0.0000e+00
 146.365457      2.531    15.2856  36.735821    29.2178      2.509  256.15212  256.41942    -4.2689     4.3822 -9.990e-29
 146.365460      2.544    15.2852  36.739240    29.2183      2.521  256.15325  256.42053    -4.3467     4.7663 -9.990e-29
 146.365463      2.550    15.2853  36.740584    29.2194      2.527  256.15087  256.41815    -4.4245     4.8189 -9.990e-29
 146.365466      2.562    15.2855  36.739057    29.2179      2.539  256.15266  256.41995    -4.2378     4.8189 -9.990e-29
 146.365469      2.582    15.2849  36.742782    29.2197      2.559  256.15240  256.41966    -4.3311     4.9604 -9.990e-29
 146.365472      2.621    15.2847  36.740584    29.2212      2.597  256.15098  256.41822    -4.2844     4.9685 0.0000e+00
 146.365475      2.672    15.2845  36.743576    29.2201      2.648  256.15240  256.41966    -4.2378     4.9766 0.0000e+00
 146.365477      2.725    15.2841  36.740340    29.2226      2.700  256.15457  256.42172    -4.2378     4.9766 0.0000e+00
 146.365480      2.767    15.2837  36.743271    29.2216      2.742  256.15535  256.42253    -4.2534     4.9908 0.0000e+00
 146.365483      2.800    15.2833  36.741440    29.2232      2.775  256.15457  256.42172    -4.2689     4.9726 -9.990e-29
 146.365486      2.821    15.2824  36.739303    29.2203      2.796  256.16404  256.43117    -4.0821     5.2637 -9.990e-29
 146.365489      2.836    15.2819  36.740768    29.2220      2.811  256.16386  256.43095    -4.0043     5.2273 -9.990e-29
 146.365492      2.845    15.2814  36.738997    29.2208      2.820  256.16870  256.43577    -4.1132     5.2192 -9.990e-29
 146.365495      2.856    15.2810  36.742722    29.2244      2.831  256.16441  256.43143    -4.3467     4.9240 -9.990e-29
 146.365498      2.867    15.2811  36.741440    29.2232      2.842  256.16581  256.43285    -4.3778     4.8593 -9.990e-29
 146.365501      2.875    15.2812  36.738998    29.2210      2.849  256.16931  256.43637    -4.2533     4.9240 -9.990e-29
 146.365503      2.889    15.2811  36.740585    29.2224      2.863  256.16715  256.43420    -4.3156     4.9564 -9.990e-29
 146.365506      2.909    15.2808  36.736311    29.2242      2.883  256.16562  256.43264    -4.0043     6.6668 -9.990e-29
 146.365509      2.935    15.2806  36.742356    29.2229      2.909  256.16923  256.43624    -4.0587     6.6668 0.0000e+00
 146.365512      2.964    15.2803  36.739059    29.2242      2.938  256.16797  256.43494    -4.0510     6.6668 0.0000e+00
 146.365515      2.995    15.2800  36.742784    29.2245      2.968  256.16991  256.43688    -4.0510     6.6668 0.0000e+00
 146.365518      3.032    15.2799  36.741929    29.2245      3.005  256.16991  256.43688    -4.0510     6.6385 0.0000e+00
 146.365521      3.065    15.2796  36.740769    29.2236      3.037  256.17263  256.43959    -4.2378     5.5063 0.0000e+00
 146.365524      3.098    15.2793  36.737777    29.2236      3.070  256.17263  256.43959    -4.2378     5.4942 0.0000e+00
 146.365527      3.130    15.2792  36.743701    29.2260      3.102  256.17126  256.43818    -4.3934     5.5023 0.0000e+00
 146.365530      3.160    15.2791  36.743029    29.2260      3.131  256.17126  256.43818    -4.2378     5.5023 0.0000e+00
 146.365532      3.192    15.2789  36.742296    29.2254      3.164  256.17301  256.43993    -4.3934     5.6964 0.0000e+00
 146.365535      3.221    15.2786  36.738999    29.2254      3.193  256.17897  256.44581    -4.4090     5.6964 0.0000e+00
 146.365538      3.247    15.2776  36.741930    29.2261      3.218  256.17964  256.44655    -4.4090     5.6923 0.0000e+00
 146.365541      3.274    15.2767  36.740770    29.2263      3.245  256.18345  256.45025    -4.4246     5.6903 0.0000e+00
 146.365544      3.302    15.2757  36.739916    29.2265      3.272  256.18794  256.45468    -4.4401     5.6923 -9.990e-29
 146.365547      3.327    15.2699  36.737901    29.2288      3.298  256.21343  256.47987    -3.9109     4.9604 -9.990e-29
 146.365550      3.358    15.2692  36.738573    29.2285      3.328  256.21803  256.48443    -3.8953     4.9766 0.0000e+00
 146.365553      3.387    15.2684  36.736497    29.2288      3.357  256.22263  256.48900    -3.9109     4.9847 0.0000e+00
 146.365556      3.420    15.2673  36.737902    29.2281      3.390  256.22464  256.49093    -4.0199     4.9847 0.0000e+00
 146.365558      3.449    15.2672  36.735154    29.2290      3.419  256.22738  256.49367    -4.0433     4.9766 0.0000e+00
 146.365561      3.479    15.2670  36.740589    29.2279      3.448  256.23011  256.49641    -4.0666     4.9685 -9.990e-29
 146.365564      3.500    15.2669  36.737414    29.2300      3.469  256.22693  256.49321    -4.0510     4.9685 -9.990e-29
 146.365567      3.524    15.2675  36.738574    29.2306      3.493  256.22306  256.48936    -4.2222     4.9968 -9.990e-29
 146.365570      3.548    15.2668  36.738452    29.2309      3.516  256.22564  256.49191    -4.3000     5.8945 -9.990e-29
 146.365573      3.573    15.2639  36.735155    29.2302      3.541  256.24210  256.50822    -4.3156     5.8864 -9.990e-29
 146.365576      3.597    15.2599  36.740773    29.2381      3.565  256.24856  256.51443    -4.2689     5.9066 -9.990e-29
 146.365579      3.625    15.2548  36.739003    29.2403      3.592  256.27097  256.53657    -4.3623     5.9026 -9.990e-29
 146.365582      3.648    15.2503  36.739065    29.2437      3.616  256.28815  256.55350    -4.5490     5.6195 -9.990e-29
 146.365584      3.677    15.2489  36.736562    29.2426      3.644  256.29742  256.56271    -4.3778     5.6438 -9.990e-29
 146.365587      3.701    15.2491  36.736073    29.2420      3.668  256.29730  256.56260    -4.2066     5.6398 -9.990e-29
 146.365590      3.723    15.2501  36.739737    29.2445      3.690  256.28805  256.55337    -4.2845     5.6357 -9.990e-29
 146.365593      3.741    15.2520  36.737416    29.2410      3.708  256.28423  256.54968    -4.3000     5.1545 -9.990e-29
 146.365596      3.754    15.2516  36.741691    29.2450      3.721  256.27907  256.54447    -4.3311     5.1626 -9.990e-29
 146.365599      3.763    15.2453  36.737601    29.2461      3.730  256.30955  256.57463    -4.4401     5.2071 -9.990e-29
 146.365602      3.771    15.2375  36.742120    29.2559      3.737  256.33258  256.59719    -4.2689     5.1747 -9.990e-29
 146.365605      3.787    15.2345  36.739434    29.2558      3.753  256.34808  256.61254    -4.0821     5.2718 -9.990e-29
 146.365608      3.809    15.2347  36.738579    29.2545      3.775  256.34942  256.61390    -4.1911     5.2030 -9.990e-29
 146.365611      3.847    15.2337  36.738213    29.2561      3.813  256.35182  256.61624    -4.0977     5.2273 0.0000e+00
 146.365613      3.887    15.2327  36.740106    29.2567      3.853  256.35423  256.61859    -4.1911     5.2192 0.0000e+00
 146.365616      3.940    15.2313  36.737420    29.2577      3.905  256.35823  256.62250    -4.0043     5.2516 0.0000e+00
 146.365619      4.001    15.2308  36.741023    29.2595      3.965  256.36559  256.62986    -3.7864     5.3688 0.0000e+00
 146.365622      4.057    15.2279  36.743038    29.2638      4.021  256.36822  256.63229    -3.7397     5.3688 0.0000e+00
 146.365625      4.108    15.2208  36.743711    29.2697      4.071  256.39427  256.65795    -3.7086     5.3688 0.0000e+00
 146.365628      4.155    15.2187  36.746582    29.2725      4.118  256.40008  256.66363    -3.7086     5.3668 0.0000e+00
 146.365631      4.188    15.2166  36.745972    29.2753      4.151  256.40590  256.66931    -3.7086     5.3688 -9.990e-29
 146.365634      4.212    15.2072  36.743530    29.2796      4.174  256.44668  256.70959    -3.9887     5.7570 -9.990e-29
 146.365637      4.217    15.2032  36.747744    29.2863      4.180  256.45558  256.71824    -4.0043     5.7651 -9.990e-29
 146.365639      4.212    15.1996  36.746584    29.2880      4.174  256.47136  256.73383    -4.1132     5.7570 -9.990e-29
 146.365642      4.206    15.1965  36.750004    29.2934      4.168  256.47792  256.74019    -4.0821     5.5548 -9.990e-29
 146.365645      4.203    15.1912  36.747562    29.2951      4.165  256.50195  256.76394    -4.1132     5.5953 -9.990e-29
 146.365648      4.208    15.1865  36.751716    29.3023      4.170  256.51331  256.77501    -4.1132     5.5791 -9.990e-29
 146.365651      4.222    15.1842  36.753609    29.3057      4.185  256.51928  256.78084    -4.1132     5.5912 -9.990e-29
 146.365654      4.248    15.1828  36.749579    29.3032      4.210  256.53124  256.79274    -4.0043     5.7247 -9.990e-29
 146.365657      4.272    15.1781  36.754282    29.3090      4.233  256.54492  256.80615    -4.0977     5.7570 -9.990e-29
 146.365660      4.314    15.1770  36.752267    29.3107      4.275  256.54786  256.80902    -4.0665     5.7570 0.0000e+00
 146.365663      4.356    15.1759  36.754038    29.3123      4.317  256.55080  256.81189    -4.0977     5.7570 0.0000e+00
 146.365666      4.405    15.1728  36.754527    29.3149      4.366  256.56166  256.82258    -4.0354     5.7489 0.0000e+00
 146.365668      4.451    15.1703  36.754955    29.3149      4.411  256.57083  256.83160    -4.1288     5.4659 0.0000e+00
 146.365671      4.494    15.1682  36.750253    29.3172      4.454  256.58468  256.84523    -4.0354     5.4538 0.0000e+00
 146.365674      4.524    15.1673  36.755628    29.3177      4.483  256.58545  256.84607    -4.0276     5.4436 0.0000e+00
 146.365677      4.551    15.1664  36.757094    29.3207      4.510  256.58468  256.84523    -3.9265     5.4335 -9.990e-29
 146.365680      4.575    15.1657  36.750498    29.3166      4.534  256.59540  256.85594    -4.1132     5.6074 -9.990e-29
 146.365683      4.591    15.1664  36.752025    29.3175      4.550  256.59035  256.85092    -3.9732     5.6357 -9.990e-29
 146.365686      4.613    15.1689  36.753002    29.3152      4.572  256.58154  256.84225    -4.0510     5.6559 -9.990e-29
 146.365689      4.639    15.1692  36.751597    29.3165      4.597  256.57754  256.83826    -4.2300     5.6114 0.0000e+00
 146.365692      4.668    15.1693  36.755200    29.3179      4.626  256.57355  256.83427    -4.4090     5.5832 0.0000e+00
