seaocn-cb/data/ctd_cnv/SBE19plus_01907321_2024_05_25_Cast59.cnv
* Sea-Bird SBE19plus  Data File:
* FileName = E:\Prandtl_Daten\2024\25052024\raw\SBE19plus_01907321_2024_05_25_Cast59.hex
* Software version 2.6.1.12
* Temperature SN = 7321
* Conductivity SN = 7321
* System UpLoad Time = May 25 2024 13:09:43
* <ApplicationData>
* <Seaterm232>
** 20240525
** Sea Practical 2024
** MCat 25.05 CTD_SP1
** NMEA Latitude = 054 07.80N
** NMEA Longitude = 008 46.36E
** waterdepth =15.8m
** Isabelle
# nquan = 11
# nvalues = 571                         
# units = specified
# name 0 = timeJ: Julian Days
# name 1 = prdM: Pressure, Strain Gauge [db]
# name 2 = tv290C: Temperature [ITS-90, deg C]
# name 3 = c0mS/cm: Conductivity [mS/cm]
# name 4 = sal00: Salinity, Practical [PSU]
# name 5 = depSM: Depth [salt water, m], lat = 54.00
# name 6 = oxsatMm/Kg: Oxygen Saturation, Weiss [umol/kg]
# name 7 = oxsolMm/Kg: Oxygen Saturation, Garcia & Gordon [umol/kg]
# name 8 = turbWETntu0: Turbidity, WET Labs ECO [NTU]
# name 9 = flECO-AFL: Fluorescence, WET Labs ECO-AFL/FL [mg/m^3]
# name 10 = flag:  0.000e+00
# span 0 = 146.543634, 146.545284       
# span 1 =      0.544,     14.745       
# span 2 =    16.8839,    17.7908       
# span 3 =  35.770332,  36.095846       
# span 4 =    26.9086,    27.2650       
# span 5 =      0.539,     14.612       
# span 6 =  247.68920,  251.52837       
# span 7 =  248.08113,  251.88218       
# span 8 =    -2.9615,    23.6066       
# span 9 =     4.1072,     9.3195       
# span 10 = 0.0000e+00, 0.0000e+00      
# interval = seconds: 0.25
# start_time = May 25 2024 13:01:22 [Instrument's time stamp, header]
# bad_flag = -9.990e-29
*END*
[from data line 263]
 146.544395      8.379    17.0860  35.872924    27.1961      8.304  250.61881  250.98126    -0.2066     5.7287 -9.990e-29
 146.544398      8.392    17.0842  35.872320    27.1991      8.317  250.62254  250.98490    -0.1911     5.1020 -9.990e-29
 146.544401      8.427    17.0844  35.875102    27.1971      8.351  250.62518  250.98755    -0.1366     5.0939 0.0000e+00
 146.544404      8.479    17.0842  35.870566    27.1951      8.404  250.62781  250.99020    -0.1444     5.0858 0.0000e+00
 146.544407      8.543    17.0830  35.868571    27.1951      8.467  250.63658  250.99891    -0.1444     5.0858 0.0000e+00
 146.544410      8.611    17.0787  35.871172    27.1995      8.534  250.64900  251.01113    -0.3467     4.5763 0.0000e+00
 146.544413      8.667    17.0739  35.871415    27.2022      8.590  250.66665  251.02856    -0.4245     4.5763 0.0000e+00
 146.544416      8.719    17.0728  35.868875    27.2026      8.641  250.67251  251.03438    -0.4634     4.5641 0.0000e+00
 146.544418      8.748    17.0718  35.866638    27.2022      8.669  250.67836  251.04019    -0.4245     4.5763 -9.990e-29
 146.544421      8.764    17.0653  35.870085    27.2075      8.686  250.70081  251.06234    -0.4712     4.5601 -9.990e-29
 146.544424      8.773    17.0610  35.864885    27.2060      8.695  250.72436  251.08572     0.4004     4.9443 -9.990e-29
 146.544427      8.770    17.0587  35.866397    27.2089      8.691  250.73087  251.09212     0.3381     4.9281 -9.990e-29
 146.544430      8.770    17.0581  35.869240    27.2117      8.691  250.72897  251.09018     0.3226     4.9402 -9.990e-29
 146.544433      8.773    17.0580  35.867728    27.2105      8.695  250.73175  251.09296     0.1825     4.9160 -9.990e-29
 146.544436      8.790    17.0552  35.868998    27.2142      8.711  250.73919  251.10027     0.0891     4.7825 -9.990e-29
 146.544439      8.824    17.0547  35.869905    27.2146      8.745  250.74062  251.10168     0.0813     4.7845 0.0000e+00
 146.544442      8.868    17.0543  35.870087    27.2142      8.789  250.74205  251.10309     0.0735     4.7825 0.0000e+00
 146.544444      8.928    17.0537  35.867910    27.2135      8.848  250.74768  251.10869     0.0735     4.7825 0.0000e+00
 146.544447      8.987    17.0529  35.867064    27.2133      8.906  250.75170  251.11269     0.7272     4.6208 0.0000e+00
 146.544450      9.041    17.0529  35.865794    27.2133      8.960  250.75170  251.11269     0.8050     4.6208 0.0000e+00
 146.544453      9.080    17.0532  35.869483    27.2136      8.998  250.75030  251.11129     0.7661     4.6208 0.0000e+00
 146.544456      9.107    17.0534  35.865552    27.2150      9.026  250.74674  251.10774     0.8050     4.6208 -9.990e-29
 146.544459      9.129    17.0552  35.868153    27.2126      9.047  250.74186  251.10294     1.9257     4.7542 -9.990e-29
 146.544462      9.140    17.0557  35.868818    27.2128      9.058  250.73905  251.10016     1.7856     4.7380 -9.990e-29
 146.544465      9.147    17.0553  35.867487    27.2120      9.065  250.74251  251.10360     1.9257     4.7380 -9.990e-29
 146.544468      9.151    17.0544  35.866399    27.2116      9.069  250.74717  251.10822     1.9257     4.7785 -9.990e-29
 146.544470      9.160    17.0459  35.864222    27.2168      9.078  250.78003  251.14071     0.8517     5.1181 -9.990e-29
 146.544473      9.187    17.0427  35.865735    27.2198      9.105  250.79069  251.15122     0.8206     5.1221 0.0000e+00
 146.544476      9.224    17.0395  35.867731    27.2228      9.141  250.80134  251.16172     0.7895     5.1262 0.0000e+00
 146.544479      9.277    17.0316  35.865979    27.2266      9.194  250.83360  251.19363     0.7428     5.1262 0.0000e+00
 146.544482      9.335    17.0233  35.866161    27.2323      9.252  250.86433  251.22398     0.7428     5.1060 0.0000e+00
 146.544485      9.383    17.0147  35.867432    27.2392      9.299  250.89504  251.25429     1.0852     4.8715 0.0000e+00
 146.544488      9.425    17.0112  35.864470    27.2403      9.340  250.91048  251.26958     1.0852     4.8634 0.0000e+00
 146.544491      9.459    17.0076  35.863987    27.2415      9.375  250.92592  251.28487     1.0852     4.8715 -9.990e-29
 146.544494      9.477    16.9965  35.862294    27.2471      9.393  250.97085  251.32931     0.9140     4.8876 -9.990e-29
 146.544497      9.488    16.9927  35.865742    27.2526      9.404  250.98015  251.33841     2.0969     5.3122 -9.990e-29
 146.544499      9.501    16.9896  35.865319    27.2544      9.416  250.99252  251.35065     2.1903     5.3203 -9.990e-29
 146.544502      9.505    16.9864  35.860965    27.2529      9.420  251.01084  251.36884     2.0969     5.3244 -9.990e-29
 146.544505      9.516    16.9840  35.863808    27.2569      9.431  251.01574  251.37362     2.0502     5.2880 -9.990e-29
 146.544508      9.540    16.9820  35.866409    27.2598      9.454  251.02041  251.37819     1.2408     5.0696 -9.990e-29
 146.544511      9.569    16.9817  35.865743    27.2595      9.483  251.02213  251.37991     1.3342     5.0595 0.0000e+00
 146.544514      9.618    16.9815  35.864655    27.2592      9.532  251.02386  251.38162     1.3498     5.0575 0.0000e+00
 146.544517      9.675    16.9812  35.863567    27.2586      9.588  251.02669  251.38444     1.3498     5.0534 0.0000e+00
 146.544520      9.731    16.9806  35.863265    27.2586      9.644  251.02822  251.38594     1.2253     5.0534 0.0000e+00
 146.544523      9.779    16.9804  35.864474    27.2592      9.691  251.02932  251.38704     0.9140     4.7461 0.0000e+00
 146.544525      9.824    16.9804  35.863809    27.2595      9.736  251.02887  251.38659     0.8362     4.7461 0.0000e+00
 146.544528      9.859    16.9803  35.863144    27.2592      9.770  251.02951  251.38723     0.7584     4.7461 -9.990e-29
 146.544531      9.879    16.9785  35.864656    27.2612      9.790  251.03544  251.39306     0.7584     4.7461 -9.990e-29
 146.544534      9.891    16.9782  35.864898    27.2615      9.803  251.03603  251.39364     1.6299     5.1303 -9.990e-29
 146.544537      9.897    16.9785  35.861633    27.2586      9.808  251.03979  251.39743     1.6299     5.1060 -9.990e-29
 146.544540      9.904    16.9789  35.865322    27.2614      9.816  251.03264  251.39028     1.4743     5.1020 -9.990e-29
 146.544543      9.917    16.9794  35.862479    27.2587      9.828  251.03518  251.39286     1.7545     5.1222 -9.990e-29
 146.544546      9.937    16.9795  35.863810    27.2608      9.848  251.03086  251.38853     1.6144     4.9443 -9.990e-29
 146.544549      9.968    16.9795  35.865080    27.2599      9.879  251.03243  251.39011     1.5677     4.9342 0.0000e+00
 146.544552     10.014    16.9795  35.862903    27.2608      9.924  251.03333  251.39097     1.5210     4.9240 0.0000e+00
 146.544554     10.059    16.9791  35.864899    27.2597      9.969  251.03400  251.39169     1.4899     4.9240 0.0000e+00
 146.544557     10.108    16.9790  35.863508    27.2607     10.018  251.03342  251.39107     1.4120     5.1586 0.0000e+00
 146.544560     10.154    16.9790  35.864657    27.2601     10.063  251.03473  251.39239     1.3965     5.1586 0.0000e+00
 146.544563     10.192    16.9788  35.863569    27.2604     10.101  251.03498  251.39263     1.3031     5.1586 0.0000e+00
 146.544566     10.218    16.9786  35.862722    27.2601     10.126  251.03654  251.39418     1.3965     5.1586 -9.990e-29
 146.544569     10.234    16.9777  35.864900    27.2618     10.143  251.03806  251.39565     1.2875     5.1828 -9.990e-29
 146.544572     10.249    16.9771  35.861150    27.2590     10.157  251.04562  251.40320     2.7506     5.7045 -9.990e-29
 146.544575     10.260    16.9766  35.862058    27.2601     10.168  251.04618  251.40373     2.7194     5.6964 -9.990e-29
 146.544578     10.278    16.9760  35.862723    27.2611     10.186  251.04771  251.40523     2.7350     5.7125 -9.990e-29
 146.544580     10.300    16.9738  35.857885    27.2603     10.208  251.05960  251.41704     2.6572     5.5670 -9.990e-29
 146.544583     10.331    16.9735  35.860062    27.2619     10.238  251.05879  251.41620     2.6338     5.5670 0.0000e+00
 146.544586     10.371    16.9731  35.863147    27.2632     10.278  251.05960  251.41704     2.6105     5.5670 0.0000e+00
 146.544589     10.419    16.9719  35.862059    27.2632     10.325  251.06389  251.42123     2.5794     5.5751 0.0000e+00
 146.544592     10.462    16.9705  35.858068    27.2614     10.369  251.07522  251.43251     2.5794     5.5791 0.0000e+00
 146.544595     10.510    16.9692  35.857705    27.2614     10.416  251.08071  251.43795     5.0385     6.0360 0.0000e+00
 146.544598     10.552    16.9680  35.857282    27.2614     10.457  251.08567  251.44286     5.0385     6.0360 0.0000e+00
 146.544601     10.581    16.9670  35.823909    27.2484     10.486  251.11352  251.47075     4.9996     6.0320 0.0000e+00
 146.544604     10.607    16.9659  35.842650    27.2351     10.512  251.14137  251.49864     4.9607     6.0280 -9.990e-29
 146.544606     10.630    16.9610  35.847427    27.2582     10.535  251.12617  251.48309     7.4198     6.0724 -9.990e-29
 146.544609     10.639    16.9590  35.851781    27.2633     10.544  251.12766  251.48446     7.4198     6.0320 -9.990e-29
 146.544612     10.652    16.9586  35.852265    27.2639     10.557  251.12821  251.48499     7.6844     6.0158 -9.990e-29
 146.544615     10.674    16.9574  35.848516    27.2586     10.578  251.14321  251.49998     7.3576     6.0158 -9.990e-29
 146.544618     10.701    16.9564  35.845070    27.2601     10.605  251.14555  251.50226     6.4782     6.1371 0.0000e+00
 146.544621     10.734    16.9554  35.847005    27.2586     10.638  251.14788  251.50454     5.6299     6.2584 0.0000e+00
 146.544624     10.772    16.9534  35.841564    27.2584     10.676  251.16345  251.52005     5.5988     6.2746 0.0000e+00
 146.544627     10.813    16.9503  35.838300    27.2584     10.716  251.17962  251.53609     5.5521     6.2746 0.0000e+00
 146.544630     10.849    16.9479  35.838542    27.2595     10.752  251.18857  251.54493     5.5521     6.2665 0.0000e+00
 146.544633     10.884    16.9472  35.839147    27.2602     10.786  251.19078  251.54710     6.3459     6.2463 0.0000e+00
 146.544635     10.915    16.9465  35.835882    27.2610     10.817  251.19298  251.54928     7.2331     6.2261 -9.990e-29
 146.544638     10.938    16.9437  35.837213    27.2612     10.840  251.20600  251.56218     7.3264     6.2180 -9.990e-29
 146.544641     10.964    16.9422  35.831953    27.2578     10.866  251.21946  251.57559     7.4043     6.2261 -9.990e-29
 146.544644     10.984    16.9398  35.823914    27.2526     10.886  251.24000  251.59608     6.4704     6.0280 -9.990e-29
 146.544647     11.002    16.9373  35.828448    27.2581     10.904  251.24277  251.59871     6.5171     6.0360 -9.990e-29
 146.544650     11.026    16.9334  35.826091    27.2580     10.927  251.26235  251.61812     6.5015     6.0158 -9.990e-29
 146.544653     11.051    16.9332  35.825184    27.2611     10.952  251.25808  251.61383     5.5599     5.7893 0.0000e+00
 146.544656     11.086    16.9334  35.832197    27.2642     10.987  251.25382  251.60954     4.6494     5.5629 0.0000e+00
 146.544659     11.122    16.9343  35.837637    27.2642     11.023  251.24106  251.59681     4.6183     5.5589 0.0000e+00
 146.544661     11.157    16.9368  35.833949    27.2630     11.057  251.23680  251.59268     4.5871     5.5548 0.0000e+00
 146.544664     11.197    16.9391  35.835219    27.2626     11.097  251.22664  251.58262     4.5560     5.5548 0.0000e+00
 146.544667     11.243    16.9405  35.836005    27.2626     11.142  251.21996  251.57601     4.5249     5.5548 0.0000e+00
 146.544670     11.276    16.9413  35.838725    27.2626     11.175  251.21328  251.56934     4.0268     6.0441 0.0000e+00
 146.544673     11.310    16.9420  35.837637    27.2626     11.209  251.21328  251.56934     4.0268     6.0441 0.0000e+00
 146.544676     11.340    16.9421  35.835219    27.2615     11.238  251.21320  251.56932     4.0579     6.0400 0.0000e+00
 146.544679     11.365    16.9423  35.836126    27.2603     11.263  251.21433  251.57047     4.0891     6.0360 -9.990e-29
 146.544682     11.382    16.9412  35.836972    27.2627     11.280  251.21583  251.57190     4.0268     5.8217 -9.990e-29
 146.544685     11.407    16.9409  35.837214    27.2625     11.305  251.21758  251.57363     4.0424     5.8156 0.0000e+00
 146.544688     11.436    16.9406  35.836308    27.2624     11.334  251.21932  251.57536     4.0268     5.8217 0.0000e+00
 146.544690     11.467    16.9400  35.833043    27.2624     11.365  251.22215  251.57815     4.0580     5.8419 0.0000e+00
 146.544693     11.506    16.9397  35.836731    27.2605     11.403  251.22619  251.58223     5.3031     6.3878 0.0000e+00
 146.544696     11.542    16.9393  35.832862    27.2619     11.439  251.22634  251.58233     5.3420     6.3878 0.0000e+00
 146.544699     11.580    16.9390  35.837638    27.2605     11.477  251.23052  251.58651     5.3031     6.3878 -9.990e-29
 146.544702     11.602    16.9396  35.838727    27.2650     11.498  251.21964  251.57563     5.3654     6.4202 -9.990e-29
 146.544705     11.626    16.9405  35.835220    27.2615     11.522  251.22160  251.57764     8.2136     7.6373 -9.990e-29
 146.544708     11.642    16.9409  35.839573    27.2649     11.538  251.21380  251.56984     8.0268     7.6575 -9.990e-29
 146.544711     11.657    16.9409  35.835643    27.2616     11.553  251.21946  251.57552     7.9957     7.6697 -9.990e-29
 146.544714     11.679    16.9407  35.834374    27.2606     11.574  251.22191  251.57798     8.1202     7.6414 -9.990e-29
 146.544716     11.703    16.9398  35.831291    27.2586     11.598  251.22977  251.58580     7.8556     7.6495 -9.990e-29
 146.544719     11.724    16.9369  35.830022    27.2580     11.619  251.24497  251.60089     6.0346     6.3029 -9.990e-29
 146.544722     11.755    16.9361  35.828269    27.2595     11.650  251.24633  251.60221     6.0657     6.3191 0.0000e+00
 146.544725     11.792    16.9353  35.830687    27.2611     11.686  251.24770  251.60353     6.0346     6.3353 0.0000e+00
 146.544728     11.834    16.9346  35.831534    27.2623     11.728  251.24805  251.60384     6.0969     6.3595 0.0000e+00
 146.544731     11.883    16.9346  35.832199    27.2623     11.777  251.24805  251.60384     8.5871     6.3878 0.0000e+00
 146.544734     11.931    16.9352  35.831534    27.2618     11.824  251.24805  251.60384     8.7584     6.3959 0.0000e+00
 146.544737     11.976    16.9352  35.824764    27.2589     11.869  251.25175  251.60759     8.6728     6.4101 0.0000e+00
 146.544740     12.015    16.9352  35.815214    27.2561     11.907  251.25663  251.61249     8.7584     6.4242 -9.990e-29
 146.544742     12.040    16.9293  35.814731    27.2516     11.932  251.29338  251.64902     5.8167     6.3474 -9.990e-29
 146.544745     12.058    16.9255  35.813341    27.2530     11.950  251.30963  251.66510     5.7856     6.3514 -9.990e-29
 146.544748     12.075    16.9224  35.812556    27.2544     11.967  251.32253  251.67786     5.8790     6.3474 -9.990e-29
 146.544751     12.090    16.9206  35.813886    27.2568     11.981  251.32743  251.68267     5.7856     6.3474 -9.990e-29
 146.544754     12.111    16.9207  35.818480    27.2606     12.003  251.32051  251.67574     7.7622     6.4566 -9.990e-29
 146.544757     12.128    16.9230  35.819991    27.2629     12.019  251.30535  251.66066     7.8245     6.4849 -9.990e-29
 146.544760     12.155    16.9236  35.823013    27.2626     12.046  251.30238  251.65772     7.7700     6.4809 0.0000e+00
 146.544763     12.188    16.9243  35.823496    27.2623     12.079  251.29941  251.65478     7.7155     6.4768 0.0000e+00
 146.544766     12.226    16.9258  35.822408    27.2604     12.117  251.29542  251.65087     7.7155     6.4647 0.0000e+00
 146.544769     12.267    16.9266  35.821320    27.2601     12.157  251.29392  251.64940     7.6689     6.1654 0.0000e+00
