seaocn-cb/data/ctd_cnv/SBE19plus_01907321_2024_05_26_Cast66.cnv
* Sea-Bird SBE19plus  Data File:
* FileName = E:\Prandtl_Daten\2024\26052024\raw\SBE19plus_01907321_2024_05_26_Cast66.hex
* Software version 2.6.1.12
* Temperature SN = 7321
* Conductivity SN = 7321
* System UpLoad Time = May 26 2024 14:39:10
* <ApplicationData>
* <Seaterm232>
** 20240526
** Sea Practical 2024
** MCat 26.05 CTD_SP1
** NMEA Latitude = 054 07.808N
** NMEA Longitude = 008 46.636E
** waterdepth =15.5 m
** Merle
# nquan = 11
# nvalues = 580                         
# units = specified
# name 0 = timeJ: Julian Days
# name 1 = prdM: Pressure, Strain Gauge [db]
# name 2 = tv290C: Temperature [ITS-90, deg C]
# name 3 = c0mS/cm: Conductivity [mS/cm]
# name 4 = sal00: Salinity, Practical [PSU]
# name 5 = depSM: Depth [salt water, m], lat = 54.00
# name 6 = oxsatMm/Kg: Oxygen Saturation, Weiss [umol/kg]
# name 7 = oxsolMm/Kg: Oxygen Saturation, Garcia & Gordon [umol/kg]
# name 8 = turbWETntu0: Turbidity, WET Labs ECO [NTU]
# name 9 = flECO-AFL: Fluorescence, WET Labs ECO-AFL/FL [mg/m^3]
# name 10 = flag:  0.000e+00
# span 0 = 147.606030, 147.607705       
# span 1 =      0.497,     14.111       
# span 2 =    17.2845,    18.2020       
# span 3 =  36.177226,  36.560634       
# span 4 =    27.0221,    27.3217       
# span 5 =      0.493,     13.984       
# span 6 =  245.54715,  249.44113       
# span 7 =  245.95388,  249.81093       
# span 8 =    -3.1483,     5.1008       
# span 9 =     3.0963,     9.0647       
# span 10 = 0.0000e+00, 0.0000e+00      
# interval = seconds: 0.25
# start_time = May 26 2024 14:31:27 [Instrument's time stamp, header]
# bad_flag = -9.990e-29
*END*
 147.606030      0.497    18.2020  36.560634    27.0275      0.493  245.54715  245.95388    -3.1483     3.1287 -9.990e-29
 147.606033      0.501    18.1856  36.551494    27.0311      0.497  245.61828  246.02439    -3.0860     3.2904 -9.990e-29
 147.606036      0.538    18.1830  36.551921    27.0337      0.533  245.62615  246.03215    -3.0626     3.2884 0.0000e+00
 147.606039      0.609    18.1804  36.554299    27.0364      0.603  245.63403  246.03992    -3.0860     3.2904 0.0000e+00
 147.606042      0.695    18.1768  36.552166    27.0364      0.688  245.65000  246.05575    -3.0393     3.2864 0.0000e+00
 147.606045      0.791    18.1739  36.542783    27.0312      0.784  245.67334  246.07901    -2.9771     3.1004 0.0000e+00
 147.606047      0.875    18.1660  36.531391    27.0312      0.867  245.71740  246.12281    -2.8370     3.1004 0.0000e+00
 147.606050      0.937    18.1606  36.533829    27.0316      0.929  245.73532  246.14050    -2.7903     3.1105 0.0000e+00
 147.606053      0.977    18.1552  36.535902    27.0361      0.969  245.75324  246.15820    -2.7436     3.1206 -9.990e-29
 147.606056      0.992    18.1493  36.537425    27.0429      0.983  245.76980  246.17451    -3.0238     3.0963 -9.990e-29
 147.606059      0.990    18.1497  36.536085    27.0416      0.981  245.77007  246.17480    -2.9615     3.5735 -9.990e-29
 147.606062      0.966    18.1496  36.541507    27.0461      0.958  245.76300  246.16771    -2.8992     3.5452 -9.990e-29
 147.606065      0.933    18.1520  36.539009    27.0425      0.925  245.75769  246.16250    -2.9459     3.5169 -9.990e-29
 147.606068      0.902    18.1542  36.528529    27.0325      0.894  245.76415  246.16909    -2.9771     3.5371 -9.990e-29
 147.606071      0.881    18.1501  36.514701    27.0238      0.873  245.79783  246.20267    -3.1171     3.5775 -9.990e-29
 147.606073      0.891    18.1360  36.510439    27.0296      0.883  245.85455  246.25884    -3.1016     3.6301 -9.990e-29
 147.606076      0.926    18.1091  36.499783    27.0379      0.918  245.96749  246.37074    -3.0082     3.6179 -9.990e-29
 147.606079      0.990    18.1046  36.499114    27.0383      0.981  245.98823  246.39131    -3.0237     3.7008 0.0000e+00
 147.606082      1.061    18.1001  36.492843    27.0387      1.052  246.00897  246.41188    -3.0082     3.7837 0.0000e+00
 147.606085      1.138    18.0911  36.492174    27.0440      1.127  246.04039  246.44272    -2.9615     3.7959 0.0000e+00
 147.606088      1.200    18.0892  36.504234    27.0502      1.189  246.04145  246.44389    -2.8914     3.8019 0.0000e+00
 147.606091      1.243    18.0872  36.494672    27.0565      1.232  246.04039  246.44272    -2.9615     3.8080 -9.990e-29
 147.606094      1.267    18.0889  36.497961    27.0502      1.256  246.04276  246.44519    -2.9771     3.6584 -9.990e-29
 147.606097      1.271    18.0873  36.483041    27.0390      1.259  246.06868  246.47111    -3.0082     3.7109 -9.990e-29
 147.606100      1.267    18.0822  36.486391    27.0451      1.256  246.08274  246.48495    -2.9926     3.6624 -9.990e-29
 147.606102      1.252    18.0767  36.482860    27.0458      1.241  246.10741  246.50941    -2.9771     3.6907 -9.990e-29
 147.606105      1.240    18.0711  36.479268    27.0466      1.229  246.13278  246.53458    -3.0704     3.6665 -9.990e-29
 147.606108      1.234    18.0640  36.467518    27.0416      1.223  246.17457  246.57613    -2.9771     3.9980 -9.990e-29
 147.606111      1.249    18.0475  36.464840    27.0584      1.238  246.22453  246.62538    -2.9148     3.9859 -9.990e-29
 147.606114      1.285    18.0484  36.474826    27.0596      1.274  246.21825  246.61913    -2.9148     3.9880 0.0000e+00
 147.606117      1.344    18.0493  36.479271    27.0584      1.332  246.21197  246.61288    -2.9148     3.9859 0.0000e+00
 147.606120      1.413    18.0559  36.475130    27.0531      1.400  246.21197  246.61288    -2.9148     3.5532 0.0000e+00
 147.606123      1.484    18.0559  36.449014    27.0316      1.471  246.22943  246.63074    -2.9459     3.5532 0.0000e+00
 147.606126      1.542    18.0482  36.431426    27.0295      1.529  246.26970  246.67074    -2.9615     3.5452 0.0000e+00
 147.606128      1.590    18.0404  36.430334    27.0274      1.576  246.30998  246.71073    -2.9771     3.5532 -9.990e-29
 147.606131      1.614    18.0023  36.431675    27.0527      1.599  246.44814  246.84733    -2.9459     3.4926 -9.990e-29
 147.606134      1.621    17.9951  36.433136    27.0586      1.607  246.47252  246.87141    -2.9615     3.4926 -9.990e-29
 147.606137      1.616    17.9940  36.439709    27.0647      1.601  246.46725  246.86607    -2.9304     3.5047 -9.990e-29
 147.606140      1.605    17.9969  36.439222    27.0625      1.590  246.45767  246.85661    -2.8525     3.5007 -9.990e-29
 147.606143      1.588    17.9988  36.439891    27.0617      1.574  246.44961  246.84862    -2.7747     3.8323 -9.990e-29
 147.606146      1.577    17.9986  36.438430    27.0607      1.563  246.45253  246.85154    -2.6502     3.8242 -9.990e-29
 147.606149      1.581    17.9981  36.439039    27.0615      1.567  246.45356  246.85255    -2.6502     3.8323 -9.990e-29
 147.606152      1.601    17.9947  36.433014    27.0593      1.587  246.47303  246.87190    -2.6346     3.8606 -9.990e-29
 147.606155      1.650    17.9944  36.433684    27.0601      1.636  246.47337  246.87223    -2.6579     3.7251 0.0000e+00
 147.606157      1.707    17.9940  36.435023    27.0593      1.692  246.47371  246.87255    -2.6658     3.6220 0.0000e+00
 147.606160      1.776    17.9921  36.424009    27.0584      1.760  246.49595  246.89476    -2.6813     3.6139 0.0000e+00
 147.606163      1.835    17.9849  36.424801    27.0584      1.818  246.52097  246.91948    -2.7125     3.6139 0.0000e+00
 147.606166      1.880    17.9824  36.429487    27.0620      1.863  246.52693  246.92532    -2.7436     3.6058 0.0000e+00
 147.606169      1.909    17.9799  36.431009    27.0656      1.892  246.53288  246.93116    -2.7747     3.5977 -9.990e-29
 147.606172      1.924    17.9809  36.434843    27.0693      1.907  246.52185  246.92015    -2.9304     3.4845 -9.990e-29
 147.606175      1.924    17.9863  36.449450    27.0778      1.907  246.48230  246.88076    -2.9459     3.4966 -9.990e-29
 147.606178      1.919    17.9993  36.447683    27.0677      1.902  246.43725  246.83625    -2.8059     3.4845 -9.990e-29
 147.606181      1.911    18.0100  36.461499    27.0721      1.894  246.37956  246.77894    -3.0549     3.6139 -9.990e-29
 147.606183      1.911    18.0231  36.472396    27.0724      1.894  246.31689  246.71676    -2.9148     3.6058 -9.990e-29
 147.606186      1.920    18.0554  36.488225    27.0711      1.903  246.16647  246.56754    -2.9148     3.6220 -9.990e-29
 147.606189      1.951    18.0632  36.496688    27.0665      1.934  246.13721  246.53859    -2.8292     3.6887 0.0000e+00
 147.606192      1.995    18.0709  36.498209    27.0620      1.977  246.10795  246.50965    -2.7436     3.7190 0.0000e+00
 147.606195      2.061    18.0807  36.489987    27.0488      2.042  246.10084  246.50304    -2.7125     3.7393 0.0000e+00
 147.606198      2.128    18.0807  36.476834    27.0378      2.109  246.10084  246.50304    -2.6969     3.7393 0.0000e+00
 147.606201      2.185    18.0757  36.449258    27.0299      2.165  246.13875  246.54080    -2.6580     3.7595 0.0000e+00
 147.606204      2.234    18.0704  36.449686    27.0221      2.214  246.17665  246.57855    -2.6969     3.7797 -9.990e-29
 147.606207      2.258    18.0322  36.449445    27.0474      2.238  246.31552  246.71586    -2.3856     3.9617 -9.990e-29
 147.606209      2.271    18.0213  36.443969    27.0500      2.251  246.36243  246.76235    -2.4323     3.9859 -9.990e-29
 147.606212      2.267    18.0137  36.433927    27.0468      2.247  246.40378  246.80344    -2.5257     3.9617 -9.990e-29
 147.606215      2.260    18.0021  36.424374    27.0466      2.240  246.45906  246.85828    -2.4167     4.0102 -9.990e-29
 147.606218      2.243    17.9880  36.422794    27.0546      2.223  246.51274  246.91139    -2.0743     4.7825 -9.990e-29
 147.606221      2.238    17.9756  36.405515    27.0486      2.218  246.58172  246.97993    -2.2144     4.8189 -9.990e-29
 147.606224      2.240    17.9625  36.408376    27.0596      2.220  246.62559  247.02325    -2.2300     4.7866 -9.990e-29
 147.606227      2.260    17.9496  36.414340    27.0737      2.239  246.66305  247.06015    -2.6813     3.5613 -9.990e-29
 147.606230      2.303    17.9490  36.415253    27.0689      2.283  246.67407  247.07117    -2.6813     3.5492 0.0000e+00
 147.606233      2.354    17.9483  36.402599    27.0641      2.333  246.68509  247.08219    -2.6813     3.5371 0.0000e+00
 147.606236      2.415    17.9422  36.396881    27.0634      2.393  246.71530  247.11218    -2.7125     3.5371 0.0000e+00
 147.606238      2.480    17.9310  36.383014    27.0634      2.458  246.77533  247.17180    -2.7125     3.5492 0.0000e+00
 147.606241      2.531    17.9239  36.379731    27.0627      2.509  246.80351  247.19969    -2.7047     3.7170 0.0000e+00
 147.606244      2.562    17.9168  36.397920    27.0660      2.539  246.83168  247.22759    -2.6969     3.8848 -9.990e-29
 147.606247      2.581    17.9105  36.405037    27.0911      2.557  246.81990  247.21543    -2.6346     3.8484 -9.990e-29
 147.606250      2.586    17.9181  36.390315    27.0739      2.563  246.81252  247.20843    -2.5880     3.8565 -9.990e-29
 147.606253      2.584    17.9147  36.387274    27.0736      2.561  246.82880  247.22458    -2.6658     3.8323 -9.990e-29
 147.606256      2.579    17.9093  36.381070    27.0721      2.556  246.85717  247.25276    -2.4479     4.7380 -9.990e-29
 147.606259      2.573    17.9027  36.380828    27.0763      2.550  246.88170  247.27702    -2.4167     4.7582 -9.990e-29
 147.606262      2.575    17.8959  36.377362    27.0779      2.552  246.91129  247.30634    -2.3078     4.7421 -9.990e-29
 147.606264      2.599    17.8893  36.378579    27.0854      2.576  246.92985  247.32461    -2.9459     5.1060 -9.990e-29
 147.606267      2.644    17.8886  36.381255    27.0831      2.621  246.93723  247.33198    -2.9459     5.1182 0.0000e+00
 147.606270      2.697    17.8879  36.374383    27.0807      2.673  246.94461  247.33934    -2.9459     5.1222 0.0000e+00
 147.606273      2.765    17.8848  36.370856    27.0798      2.740  246.96066  247.35528    -2.9148     5.1222 0.0000e+00
 147.606276      2.825    17.8793  36.363377    27.0798      2.800  246.99114  247.38557    -2.8837     5.1100 0.0000e+00
 147.606279      2.878    17.8748  36.360216    27.0789      2.852  247.00977  247.40402    -2.7281     4.4570 0.0000e+00
 147.606282      2.913    17.8703  36.356204    27.0805      2.887  247.02840  247.42247    -2.5413     3.8039 -9.990e-29
 147.606285      2.927    17.8572  36.360400    27.0894      2.901  247.07626  247.46977    -2.4790     3.8282 -9.990e-29
 147.606288      2.933    17.8558  36.362407    27.0919      2.907  247.07846  247.47191    -2.4167     3.7676 -9.990e-29
 147.606291      2.929    17.8569  36.361920    27.0908      2.903  247.07509  247.46859    -2.4790     3.7069 -9.990e-29
 147.606293      2.911    17.8585  36.361069    27.0891      2.885  247.07067  247.46424    -2.4790     3.6624 -9.990e-29
 147.606296      2.896    17.8595  36.364413    27.0912      2.871  247.06234  247.45593    -2.4167     3.6746 -9.990e-29
 147.606299      2.886    17.8604  36.362224    27.0888      2.860  247.06194  247.45558    -2.3078     3.7271 -9.990e-29
 147.606302      2.898    17.8618  36.363318    27.0902      2.872  247.05306  247.44675    -2.7747     3.9212 -9.990e-29
 147.606305      2.927    17.8618  36.365082    27.0894      2.901  247.05461  247.44830    -2.7436     3.9434 0.0000e+00
 147.606308      2.979    17.8617  36.363075    27.0886      2.952  247.05616  247.44985    -2.7747     3.9253 0.0000e+00
 147.606311      3.041    17.8610  36.360886    27.0872      3.013  247.06168  247.45536    -2.7125     3.9293 0.0000e+00
 147.606314      3.108    17.8596  36.358455    27.0861      3.080  247.07003  247.46366    -2.7592     3.9253 0.0000e+00
 147.606317      3.168    17.8569  36.354685    27.0861      3.140  247.08549  247.47902    -2.6658     3.8363 0.0000e+00
 147.606319      3.214    17.8549  36.355537    27.0864      3.185  247.09204  247.48550    -2.7125     3.8121 0.0000e+00
 147.606322      3.245    17.8529  36.348241    27.0881      3.216  247.09860  247.49197    -2.6658     3.7878 -9.990e-29
 147.606325      3.259    17.8472  36.353531    27.0902      3.230  247.12248  247.51562    -2.6191     3.7999 -9.990e-29
 147.606328      3.265    17.8468  36.357119    27.0935      3.236  247.11909  247.51219    -2.6346     3.8363 -9.990e-29
 147.606331      3.261    17.8475  36.355112    27.0913      3.232  247.11906  247.51220    -2.6035     3.8848 -9.990e-29
 147.606334      3.261    17.8482  36.357788    27.0931      3.232  247.11290  247.50605    -2.7903     3.8444 -9.990e-29
 147.606337      3.261    17.8491  36.357301    27.0921      3.232  247.11016  247.50335    -2.7280     3.8525 -9.990e-29
 147.606340      3.270    17.8507  36.360645    27.0912      3.241  247.10395  247.49721    -2.2767     4.0587 -9.990e-29
 147.606343      3.298    17.8505  36.357544    27.0911      3.268  247.10492  247.49817    -2.2378     4.0526 0.0000e+00
 147.606345      3.340    17.8504  36.357058    27.0910      3.310  247.10588  247.49913    -2.1988     4.0587 0.0000e+00
 147.606348      3.394    17.8488  36.352863    27.0886      3.364  247.11758  247.51078    -2.1055     4.0466 0.0000e+00
 147.606351      3.451    17.8442  36.346662    27.0882      3.420  247.14290  247.53594    -2.1055     4.0344 0.0000e+00
 147.606354      3.502    17.8413  36.343987    27.0874      3.471  247.15562  247.54854    -2.2300     3.8888 0.0000e+00
 147.606357      3.540    17.8383  36.344657    27.0882      3.509  247.16833  247.56113    -2.3545     3.7433 -9.990e-29
 147.606360      3.562    17.8299  36.344779    27.0944      3.530  247.19797  247.59042    -2.4634     3.7393 -9.990e-29
 147.606363      3.562    17.8269  36.340037    27.0924      3.530  247.21537  247.60771    -2.5101     3.7271 -9.990e-29
 147.606366      3.562    17.8234  36.336937    27.0922      3.530  247.23267  247.62488    -2.0276     3.8727 -9.990e-29
 147.606369      3.560    17.8184  36.335843    27.0946      3.528  247.25248  247.64449    -2.2922     3.8646 -9.990e-29
 147.606372      3.551    17.8122  36.333352    27.0967      3.519  247.27855  247.67031    -2.2611     3.8525 -9.990e-29
 147.606374      3.549    17.8059  36.324660    27.0936      3.518  247.31350  247.70504    -2.2611     3.8323 -9.990e-29
 147.606377      3.562    17.7948  36.328733    27.1020      3.530  247.35247  247.74354    -2.2922     4.3781 -9.990e-29
 147.606380      3.597    17.7933  36.325877    27.1028      3.565  247.35840  247.74941    -2.2688     4.3761 0.0000e+00
 147.606383      3.650    17.7918  36.325391    27.1034      3.617  247.36433  247.75528    -2.2455     4.3781 0.0000e+00
 147.606386      3.712    17.7885  36.322535    27.1036      3.679  247.38040  247.77122    -2.2455     4.3741 0.0000e+00
 147.606389      3.777    17.7843  36.320469    27.1044      3.744  247.39849  247.78914    -2.4323     3.8727 0.0000e+00
 147.606392      3.836    17.7784  36.317431    27.1058      3.802  247.42442  247.81484    -2.4323     3.8444 0.0000e+00
 147.606395      3.880    17.7751  36.314757    27.1069      3.845  247.43868  247.82896    -2.4245     3.8241 0.0000e+00
 147.606398      3.911    17.7717  36.316764    27.1080      3.876  247.45295  247.84309    -2.4167     3.8444 -9.990e-29
 147.606400      3.925    17.7641  36.314576    27.1129      3.890  247.48081  247.87065    -2.4634     3.8565 -9.990e-29
 147.606403      3.927    17.7624  36.310930    27.1110      3.892  247.49206  247.88184    -2.2922     3.7878 -9.990e-29
 147.606406      3.918    17.7597  36.312145    27.1138      3.883  247.50030  247.88996    -2.4479     3.8201 -9.990e-29
