seaocn-cb/data/ctd_cnv/SBE19plus_01907321_2024_05_30_Cast115.cnv
* Sea-Bird SBE19plus  Data File:
* FileName = E:\Prandtl_Daten\2024\30052024\raw\SBE19plus_01907321_2024_05_30_Cast115.hex
* Software version 2.6.1.12
* Temperature SN = 7321
* Conductivity SN = 7321
* System UpLoad Time = May 30 2024 09:52:38
* <ApplicationData>
* <Seaterm232>
** 20240530
** Sea Practical 2024
** MCat 30.05 CTD_SP6
** NMEA Latitude = 54 08.054N
** NMEA Longitude = 008 22.968E
** waterdepth = 10.3m
** Isabelle
# nquan = 11
# nvalues = 374                         
# units = specified
# name 0 = timeJ: Julian Days
# name 1 = prdM: Pressure, Strain Gauge [db]
# name 2 = tv290C: Temperature [ITS-90, deg C]
# name 3 = c0mS/cm: Conductivity [mS/cm]
# name 4 = sal00: Salinity, Practical [PSU]
# name 5 = depSM: Depth [salt water, m], lat = 54.00
# name 6 = oxsatMm/Kg: Oxygen Saturation, Weiss [umol/kg]
# name 7 = oxsolMm/Kg: Oxygen Saturation, Garcia & Gordon [umol/kg]
# name 8 = turbWETntu0: Turbidity, WET Labs ECO [NTU]
# name 9 = flECO-AFL: Fluorescence, WET Labs ECO-AFL/FL [mg/m^3]
# name 10 = flag:  0.000e+00
# span 0 = 151.408134, 151.409213       
# span 1 =      0.321,      9.671       
# span 2 =    15.8639,    16.5885       
# span 3 =  36.797994,  37.257685       
# span 4 =    28.3666,    29.2420       
# span 5 =      0.319,      9.585       
# span 6 =  251.05370,  253.17509       
# span 7 =  251.38774,  253.47028       
# span 8 =    -3.3662,    30.6572       
# span 9 =     1.2201,     4.7825       
# span 10 = 0.0000e+00, 0.0000e+00      
# interval = seconds: 0.25
# start_time = May 30 2024 09:46:38 [Instrument's time stamp, header]
# bad_flag = -9.990e-29
*END*
 151.408134      0.321    16.5707  36.847041    28.3801      0.319  251.13327  251.46649    -3.0393     1.3090 -9.990e-29
 151.408137      0.343    16.5741  36.851015    28.3821      0.340  251.11301  251.44637    -3.1171     1.2201 -9.990e-29
 151.408139      0.380    16.5752  36.852238    28.3814      0.376  251.10909  251.44250    -3.0160     1.2363 0.0000e+00
 151.408142      0.420    16.5752  36.852238    28.3814      0.416  251.10909  251.44250    -3.0160     1.2363 0.0000e+00
 151.408145      0.451    16.5762  36.852299    28.3806      0.447  251.10517  251.43864    -2.9148     1.2524 -9.990e-29
 151.408148      0.469    16.5787  36.852666    28.3792      0.465  251.09520  251.42879    -3.0860     1.3454 -9.990e-29
 151.408151      0.471    16.5807  36.855355    28.3801      0.467  251.08402  251.41768    -2.9304     1.3171 -9.990e-29
 151.408154      0.468    16.5829  36.857679    28.3806      0.463  251.07246  251.40622    -2.9771     1.3050 -9.990e-29
 151.408157      0.462    16.5848  36.857617    28.3791      0.458  251.06529  251.39915    -3.3662     1.2848 -9.990e-29
 151.408160      0.471    16.5861  36.856700    28.3744      0.467  251.06730  251.40124    -3.3506     1.3212 -9.990e-29
 151.408163      0.511    16.5853  36.853154    28.3745      0.507  251.07071  251.40462    -3.2805     1.3192 0.0000e+00
 151.408166      0.588    16.5846  36.852237    28.3747      0.583  251.07050  251.40428    -3.2105     1.3171 0.0000e+00
 151.408168      0.684    16.5846  36.857863    28.3801      0.678  251.07050  251.40428    -3.0704     1.3171 0.0000e+00
 151.408171      0.770    16.5847  36.858719    28.3801      0.763  251.06446  251.39830    -3.0704     1.4950 0.0000e+00
 151.408174      0.832    16.5858  36.858291    28.3791      0.825  251.06070  251.39460    -3.0860     1.5011 0.0000e+00
 151.408177      0.867    16.5869  36.858291    28.3782      0.859  251.05695  251.39090    -3.1171     1.5072 -9.990e-29
 151.408180      0.878    16.5885  36.856395    28.3754      0.870  251.05370  251.38774    -3.0238     1.4789 -9.990e-29
 151.408183      0.858    16.5876  36.851749    28.3720      0.850  251.06380  251.39782    -2.9926     1.5597 -9.990e-29
 151.408186      0.818    16.5845  36.850648    28.3733      0.810  251.07687  251.41075    -2.9459     1.4991 -9.990e-29
 151.408189      0.783    16.5815  36.842395    28.3684      0.776  251.10009  251.43387    -2.8525     1.4667 -9.990e-29
 151.408192      0.761    16.5749  36.834877    28.3666      0.754  251.13556  251.46906    -3.0393     1.5072 -9.990e-29
 151.408194      0.765    16.5643  36.835062    28.3743      0.758  251.17490  251.50788    -2.8837     1.3495 -9.990e-29
 151.408197      0.797    16.5507  36.829012    28.3759      0.790  251.23950  251.57188    -2.9926     1.3859 -9.990e-29
 151.408200      0.845    16.5480  36.825651    28.3781      0.837  251.24915  251.58140    -2.9771     1.3819 0.0000e+00
 151.408203      0.911    16.5452  36.826324    28.3803      0.903  251.25880  251.59092    -2.9615     1.3859 0.0000e+00
 151.408206      0.973    16.5421  36.828097    28.3820      0.964  251.26803  251.59998    -2.9459     1.4061 0.0000e+00
 151.408209      1.022    16.5415  36.824736    28.3830      1.013  251.27277  251.60470    -2.8136     1.4405 0.0000e+00
 151.408212      1.057    16.5409  36.826081    28.3820      1.047  251.27751  251.60942    -2.6813     1.4061 -9.990e-29
 151.408215      1.079    16.5363  36.820886    28.3819      1.069  251.30011  251.63182    -2.6813     1.4627 -9.990e-29
 151.408218      1.086    16.5334  36.822170    28.3850      1.076  251.30912  251.64068    -3.1016     1.4586 -9.990e-29
 151.408220      1.098    16.5324  36.828099    28.3908      1.089  251.30407  251.63555    -2.9459     1.5678 -9.990e-29
 151.408223      1.113    16.5335  36.828343    28.3903      1.103  251.29979  251.63132    -3.1794     1.5880 -9.990e-29
 151.408226      1.128    16.5439  36.835739    28.3890      1.118  251.25027  251.58227    -3.1638     1.5880 -9.990e-29
 151.408229      1.155    16.5463  36.835555    28.3883      1.145  251.23958  251.57169    -3.0549     1.5921 0.0000e+00
 151.408232      1.195    16.5487  36.837999    28.3877      1.184  251.22888  251.56110    -2.9459     1.5961 0.0000e+00
 151.408235      1.242    16.5522  36.837205    28.3845      1.231  251.21707  251.54946    -2.9459     1.5961 0.0000e+00
 151.408238      1.284    16.5523  36.837143    28.3831      1.273  251.21707  251.54946    -2.8214     1.5921 0.0000e+00
 151.408241      1.330    16.5523  36.833965    28.3831      1.318  251.22156  251.55397    -2.9771     1.5921 0.0000e+00
 151.408244      1.370    16.5499  36.832071    28.3826      1.358  251.23187  251.56417    -2.8993     1.6022 0.0000e+00
 151.408247      1.403    16.5475  36.829932    28.3834      1.390  251.24218  251.57437    -2.9771     1.6366 -9.990e-29
 151.408249      1.419    16.5364  36.829444    28.3890      1.407  251.28747  251.61913    -2.7592     1.6204 -9.990e-29
 151.408252      1.430    16.5332  36.830545    28.3922      1.417  251.29765  251.62916    -2.8837     1.6042 -9.990e-29
 151.408255      1.432    16.5297  36.830117    28.3943      1.419  251.31127  251.64261    -2.9771     1.5516 -9.990e-29
 151.408258      1.443    16.5271  36.827673    28.3941      1.430  251.32483  251.65606    -2.6969     1.5436 -9.990e-29
 151.408261      1.452    16.5193  36.825228    28.3977      1.439  251.35718  251.68804    -2.8837     1.5597 -9.990e-29
 151.408264      1.481    16.5188  36.825412    28.3998      1.468  251.35604  251.68687    -2.9304     1.6224 0.0000e+00
 151.408267      1.516    16.5184  36.829447    28.3992      1.502  251.35718  251.68804    -2.9771     1.6851 0.0000e+00
 151.408270      1.558    16.5184  36.826513    28.3992      1.544  251.35893  251.68974    -3.0704     1.8913 0.0000e+00
 151.408273      1.600    16.5184  36.824312    28.3991      1.586  251.35946  251.69032    -3.1327     1.8913 0.0000e+00
 151.408275      1.640    16.5177  36.825841    28.3991      1.625  251.36268  251.69346    -3.0704     1.8954 0.0000e+00
 151.408278      1.673    16.5162  36.829509    28.4017      1.658  251.36529  251.69599    -3.0549     1.9074 0.0000e+00
 151.408281      1.702    16.5148  36.826330    28.4043      1.687  251.36790  251.69852    -2.9771     1.9317 -9.990e-29
 151.408284      1.722    16.5131  36.823825    28.4007      1.707  251.38291  251.71347    -2.6502     2.1056 -9.990e-29
 151.408287      1.735    16.5077  36.821319    28.4023      1.719  251.40653  251.73685    -2.6502     2.0652 -9.990e-29
 151.408290      1.728    16.4997  36.820465    28.4073      1.712  251.43769  251.76763    -2.5257     2.0490 -9.990e-29
 151.408293      1.711    16.4901  36.820466    28.4141      1.696  251.47364  251.80310    -2.6813     1.9156 -9.990e-29
 151.408296      1.702    16.4808  36.818695    28.4191      1.687  251.51068  251.83970    -2.6658     1.9520 -9.990e-29
 151.408299      1.697    16.4714  36.815762    28.4233      1.682  251.55032  251.87890    -2.5724     1.9317 -9.990e-29
 151.408302      1.708    16.4505  36.814174    28.4371      1.692  251.62998  251.95754    -2.5880     1.9600 -9.990e-29
 151.408304      1.748    16.4467  36.814604    28.4385      1.732  251.64635  251.97373    -2.6269     1.9742 0.0000e+00
 151.408307      1.810    16.4429  36.811671    28.4400      1.794  251.66271  251.98992    -2.6191     1.9641 0.0000e+00
 151.408310      1.885    16.4395  36.811916    28.4426      1.868  251.67507  252.00211    -2.6658     1.9641 0.0000e+00
 151.408313      1.954    16.4381  36.811489    28.4433      1.937  251.68118  252.00815    -2.8525     1.9641 0.0000e+00
 151.408316      2.018    16.4363  36.813201    28.4450      2.000  251.68534  252.01221    -2.8525     2.0814 0.0000e+00
 151.408319      2.069    16.4350  36.809901    28.4455      2.051  251.69276  252.01958    -2.8215     2.1663 0.0000e+00
 151.408322      2.109    16.4336  36.808313    28.4450      2.090  251.70018  252.02695    -2.7125     2.2512 -9.990e-29
 151.408325      2.131    16.4270  36.806297    28.4466      2.112  251.73028  252.05674    -2.9304     2.2108 -9.990e-29
 151.408328      2.137    16.4240  36.805869    28.4484      2.118  251.74208  252.06840    -2.9148     2.2471 -9.990e-29
 151.408330      2.135    16.4197  36.806970    28.4524      2.116  251.75647  252.08256    -2.2455     2.2188 -9.990e-29
 151.408333      2.137    16.4156  36.807581    28.4558      2.118  251.77097  252.09686    -2.1210     2.1946 -9.990e-29
 151.408336      2.144    16.4131  36.804465    28.4549      2.125  251.78492  252.11070    -2.0432     2.1824 -9.990e-29
 151.408339      2.153    16.4105  36.807643    28.4595      2.134  251.78990  252.11554    -2.0743     2.2027 -9.990e-29
 151.408342      2.166    16.4093  36.803916    28.4571      2.147  251.79993  252.12553    -2.6658     2.2755 -9.990e-29
 151.408345      2.182    16.4087  36.803366    28.4571      2.163  251.80286  252.12844    -2.5724     2.2633 -9.990e-29
 151.408348      2.202    16.4075  36.803794    28.4583      2.183  251.80707  252.13258    -2.6658     2.2714 -9.990e-29
 151.408351      2.228    16.4051  36.807583    28.4632      2.208  251.81026  252.13563    -2.7125     2.2795 -9.990e-29
 151.408354      2.253    16.3999  36.805872    28.4641      2.233  251.83477  252.15990    -2.6191     2.4574 -9.990e-29
 151.408356      2.284    16.3991  36.804284    28.4650      2.264  251.83726  252.16235    -2.6969     2.4594 0.0000e+00
 151.408359      2.323    16.3983  36.805018    28.4659      2.302  251.83975  252.16480    -2.6191     2.4615 0.0000e+00
 151.408362      2.359    16.3966  36.806973    28.4678      2.338  251.84292  252.16788    -2.6502     2.4615 0.0000e+00
 151.408365      2.392    16.3962  36.805201    28.4682      2.371  251.84574  252.17069    -2.6346     2.4857 0.0000e+00
 151.408368      2.423    16.3958  36.806302    28.4678      2.401  251.84857  252.17350    -2.6502     2.5100 -9.990e-29
 151.408371      2.446    16.3927  36.802452    28.4676      2.425  251.86442  252.18922    -2.6502     2.5140 -9.990e-29
 151.408374      2.472    16.3891  36.802025    28.4698      2.450  251.87865  252.20326    -2.7125     2.5504 -9.990e-29
 151.408377      2.496    16.3848  36.802026    28.4729      2.473  251.89466  252.21906    -2.6658     2.5626 -9.990e-29
 151.408380      2.521    16.3821  36.804592    28.4770      2.498  251.90085  252.22511    -2.5413     2.4695 -9.990e-29
 151.408383      2.543    16.3823  36.804470    28.4767      2.520  251.90044  252.22470    -2.5101     2.4574 -9.990e-29
 151.408385      2.563    16.3820  36.801782    28.4746      2.540  251.90562  252.22989    -2.2144     2.4291 -9.990e-29
 151.408388      2.581    16.3800  36.802454    28.4766      2.558  251.91188  252.23605    -2.5101     2.4695 -9.990e-29
 151.408391      2.597    16.3779  36.797994    28.4742      2.574  251.92631  252.25040    -1.9031     2.6879 -9.990e-29
 151.408394      2.619    16.3736  36.800438    28.4786      2.596  251.94048  252.26434    -1.7786     2.7364 -9.990e-29
 151.408397      2.652    16.3726  36.799461    28.4792      2.629  251.94468  252.26850    -1.8564     2.7385 0.0000e+00
 151.408400      2.691    16.3715  36.799095    28.4798      2.667  251.94684  252.27048    -1.9343     2.7364 0.0000e+00
 151.408403      2.738    16.3696  36.805206    28.4863      2.714  251.94888  252.27265    -2.6191     2.7283 0.0000e+00
 151.408406      2.789    16.3676  36.804840    28.4874      2.764  251.95495  252.27849    -2.6813     2.7122 0.0000e+00
 151.408409      2.840    16.3646  36.806979    28.4914      2.815  251.96298  252.28637    -2.6813     2.7122 0.0000e+00
 151.408411      2.893    16.3616  36.809485    28.4957      2.867  251.97078  252.29400    -2.6813     2.7364 0.0000e+00
 151.408414      2.942    16.3605  36.810830    28.4971      2.916  251.97402  252.29719    -2.4790     2.7890 0.0000e+00
 151.408417      2.979    16.3593  36.812358    28.4984      2.952  251.97727  252.30037    -2.2767     2.8416 -9.990e-29
 151.408420      3.002    16.3541  36.811931    28.5030      2.976  251.99498  252.31782    -2.4479     2.8537 -9.990e-29
 151.408423      3.010    16.3521  36.813825    28.5061      2.983  251.99973  252.32246    -2.2767     2.8699 -9.990e-29
 151.408426      3.001    16.3508  36.821159    28.5134      2.974  251.99403  252.31664    -2.4790     2.8254 -9.990e-29
 151.408429      2.979    16.3479  36.821587    28.5158      2.952  252.00394  252.32641    -1.9031     3.0882 -9.990e-29
 151.408432      2.948    16.3446  36.821404    28.5180      2.921  252.01685  252.33916    -1.8564     3.0963 -9.990e-29
 151.408435      2.922    16.3421  36.821588    28.5200      2.896  252.02592  252.34810    -1.9654     3.0680 -9.990e-29
 151.408437      2.906    16.3406  36.823177    28.5224      2.880  252.02899  252.35109    -1.9187     3.1206 -9.990e-29
 151.408440      2.908    16.3384  36.825439    28.5259      2.882  252.03379  252.35577    -2.4167     2.9305 -9.990e-29
 151.408443      2.928    16.3347  36.827395    28.5297      2.902  252.04570  252.36749    -2.3078     2.9831 -9.990e-29
 151.408446      2.963    16.3334  36.826784    28.5315      2.936  252.04935  252.37106    -2.3623     2.9710 0.0000e+00
 151.408449      3.014    16.3320  36.828802    28.5334      2.987  252.05300  252.37464    -2.3078     2.9588 0.0000e+00
 151.408452      3.083    16.3296  36.831920    28.5377      3.056  252.05747  252.37897    -1.9343     2.7930 0.0000e+00
 151.408455      3.162    16.3263  36.837605    28.5450      3.134  252.06147  252.38278    -1.9343     2.7930 0.0000e+00
 151.408458      3.246    16.3220  36.836933    28.5474      3.217  252.07848  252.39958    -1.9343     2.7728 0.0000e+00
 151.408461      3.321    16.3192  36.837484    28.5474      3.291  252.08826  252.40921    -1.9498     2.8011 0.0000e+00
 151.408464      3.388    16.3186  36.833083    28.5494      3.358  252.09218  252.41311    -1.9031     3.0559 0.0000e+00
 151.408466      3.441    16.3186  36.836507    28.5480      3.410  252.09455  252.41548    -1.9498     3.0619 0.0000e+00
 151.408469      3.481    16.3186  36.837485    28.5494      3.450  252.09218  252.41311    -1.9031     3.0680 -9.990e-29
 151.408472      3.503    16.3176  36.838280    28.5516      3.472  252.09321  252.41408    -1.9187     3.0074 -9.990e-29
 151.408475      3.516    16.3159  36.852952    28.5655      3.484  252.07785  252.39855    -1.8409     3.0276 -9.990e-29
 151.408478      3.510    16.3111  36.854053    28.5699      3.479  252.09429  252.41475    -2.2767     3.0842 -9.990e-29
 151.408481      3.497    16.3055  36.860352    28.5793      3.466  252.10575  252.42589    -2.1055     3.1044 -9.990e-29
 151.408484      3.485    16.3001  36.872521    28.5937      3.453  252.10822  252.42802    -2.0743     3.0721 -9.990e-29
 151.408487      3.468    16.2931  36.884814    28.6092      3.437  252.11590  252.43529    -2.0899     3.0721 -9.990e-29
 151.408490      3.463    16.2853  36.896008    28.6245      3.432  252.12882  252.44774    -1.8409     2.8941 -9.990e-29
 151.408492      3.466    16.2768  36.896009    28.6306      3.435  252.16041  252.47891    -1.9809     2.8941 -9.990e-29
 151.408495      3.479    16.2708  36.902066    28.6401      3.448  252.17401  252.49217    -1.9654     2.9224 -9.990e-29
 151.408498      3.501    16.2671  36.899864    28.6408      3.470  252.19112  252.50911    -2.0121     2.8860 -9.990e-29
 151.408501      3.525    16.2621  36.902311    28.6509      3.493  252.19855  252.51626    -1.8720     2.9831 -9.990e-29
 151.408504      3.557    16.2606  36.907450    28.6512      3.525  252.20540  252.52303    -1.8565     2.9831 0.0000e+00
 151.408507      3.590    16.2591  36.905738    28.6516      3.558  252.21224  252.52980    -1.8720     2.9831 0.0000e+00
 151.408510      3.632    16.2567  36.908675    28.6558      3.600  252.21693  252.53435    -1.8409     3.0074 0.0000e+00
