seaocn-cb/data/ctd_cnv/SBE19plus_01907321_2024_05_26_Cast64.cnv
* Sea-Bird SBE19plus  Data File:
* FileName = E:\Prandtl_Daten\2024\26052024\raw\SBE19plus_01907321_2024_05_26_Cast64.hex
* Software version 2.6.1.12
* Temperature SN = 7321
* Conductivity SN = 7321
* System UpLoad Time = May 26 2024 12:27:25
* <ApplicationData>
* <Seaterm232>
** 20240526
** Sea Practical 2024
** MCat 26.05 CTD_FS3
** NMEA Latitude = 054 4.303N
** NMEA Longitude = 008 29.755E
** waterdepth =7.3 m
** Isabelle
# nquan = 11
# nvalues = 274                         
# units = specified
# name 0 = timeJ: Julian Days
# name 1 = prdM: Pressure, Strain Gauge [db]
# name 2 = tv290C: Temperature [ITS-90, deg C]
# name 3 = c0mS/cm: Conductivity [mS/cm]
# name 4 = sal00: Salinity, Practical [PSU]
# name 5 = depSM: Depth [salt water, m], lat = 54.00
# name 6 = oxsatMm/Kg: Oxygen Saturation, Weiss [umol/kg]
# name 7 = oxsolMm/Kg: Oxygen Saturation, Garcia & Gordon [umol/kg]
# name 8 = turbWETntu0: Turbidity, WET Labs ECO [NTU]
# name 9 = flECO-AFL: Fluorescence, WET Labs ECO-AFL/FL [mg/m^3]
# name 10 = flag:  0.000e+00
# span 0 = 147.516045, 147.516834       
# span 1 =      0.328,      6.351       
# span 2 =    15.0151,    15.0286       
# span 3 =  37.373790,  37.399227       
# span 4 =    29.9830,    30.0016       
# span 5 =      0.325,      6.295       
# span 6 =  256.10104,  256.19429       
# span 7 =  256.34920,  256.44186       
# span 8 =     1.7700,    20.6027       
# span 9 =     5.4982,    10.0392       
# span 10 = 0.0000e+00, 0.0000e+00      
# interval = seconds: 0.25
# start_time = May 26 2024 12:21:38 [Instrument's time stamp, header]
# bad_flag = -9.990e-29
*END*
[from data line 132]
 147.516427      3.626    15.0213  37.389829    29.9940      3.594  256.14661  256.39443     6.1825     6.9257 0.0000e+00
 147.516429      3.657    15.0211  37.388661    29.9944      3.624  256.14647  256.39424     6.2369     6.9337 0.0000e+00
 147.516432      3.690    15.0206  37.390937    29.9942      3.657  256.14827  256.39608     6.2525     6.9176 0.0000e+00
 147.516435      3.723    15.0206  37.388907    29.9952      3.690  256.14796  256.39573     6.3148     6.9054 0.0000e+00
 147.516438      3.750    15.0206  37.390014    29.9952      3.716  256.14796  256.39573     8.7739     6.8771 0.0000e+00
 147.516441      3.781    15.0208  37.390506    29.9953      3.747  256.14715  256.39492     8.7973     6.8690 0.0000e+00
 147.516444      3.808    15.0209  37.387555    29.9954      3.774  256.14633  256.39411     8.8206     6.8609 -9.990e-29
 147.516447      3.832    15.0208  37.389338    29.9944      3.798  256.14849  256.39627     8.7895     6.8650 -9.990e-29
 147.516450      3.847    15.0205  37.391491    29.9965      3.812  256.14599  256.39375     7.0774     7.0146 -9.990e-29
 147.516453      3.863    15.0204  37.391429    29.9966      3.829  256.14669  256.39444     7.0152     7.0146 -9.990e-29
 147.516455      3.883    15.0203  37.388662    29.9941      3.849  256.15134  256.39910     7.0774     6.9984 -9.990e-29
 147.516458      3.900    15.0201  37.390261    29.9957      3.865  256.14972  256.39746     7.0152     7.0146 -9.990e-29
 147.516461      3.925    15.0197  37.391737    29.9915      3.890  256.15913  256.40689     6.2369     7.1157 -9.990e-29
 147.516464      3.954    15.0197  37.385219    29.9937      3.919  256.15537  256.40311     6.2447     7.1258 0.0000e+00
 147.516467      3.985    15.0196  37.390200    29.9944      3.949  256.15688  256.40458     6.2525     7.1157 0.0000e+00
 147.516470      4.018    15.0192  37.387986    29.9944      3.982  256.15688  256.40458     6.2525     7.1359 0.0000e+00
 147.516473      4.051    15.0189  37.387371    29.9940      4.014  256.15874  256.40644     6.1747     8.0740 0.0000e+00
 147.516476      4.084    15.0188  37.386634    29.9937      4.047  256.16004  256.40773     5.9879     8.0902 0.0000e+00
 147.516479      4.111    15.0188  37.386941    29.9936      4.074  256.16054  256.40824     5.9879     8.0943 0.0000e+00
 147.516481      4.142    15.0188  37.386634    29.9935      4.105  256.16029  256.40799     6.0502     8.0963 0.0000e+00
 147.516484      4.171    15.0188  37.384113    29.9934      4.134  256.16054  256.40824     6.1124     8.0983 -9.990e-29
 147.516487      4.187    15.0189  37.386019    29.9928      4.150  256.16124  256.40895     5.0541     7.1278 -9.990e-29
 147.516490      4.204    15.0186  37.383621    29.9908      4.166  256.16590  256.41360     5.0541     7.1359 -9.990e-29
 147.516493      4.224    15.0184  37.383621    29.9910      4.186  256.16679  256.41448     4.9607     7.0995 -9.990e-29
 147.516496      4.246    15.0183  37.386819    29.9939      4.208  256.16207  256.40974     5.0541     7.1278 -9.990e-29
 147.516499      4.268    15.0187  37.385835    29.9955      4.229  256.15735  256.40503     5.8478     6.7518 -9.990e-29
 147.516502      4.293    15.0187  37.388910    29.9943      4.254  256.15944  256.40713     5.7700     6.7518 0.0000e+00
 147.516505      4.322    15.0187  37.386265    29.9949      4.283  256.15875  256.40642     5.8012     6.7518 0.0000e+00
 147.516508      4.357    15.0187  37.388233    29.9939      4.318  256.15875  256.40642     5.8012     6.7518 0.0000e+00
 147.516510      4.393    15.0191  37.387557    29.9949      4.354  256.15808  256.40578     6.5015     6.8205 0.0000e+00
 147.516513      4.430    15.0193  37.389156    29.9940      4.390  256.15471  256.40245     6.5794     6.8205 0.0000e+00
 147.516516      4.463    15.0197  37.388234    29.9945      4.423  256.15471  256.40242     6.5171     6.8205 0.0000e+00
 147.516519      4.496    15.0202  37.389341    29.9940      4.455  256.15471  256.40245     6.5171     6.8124 0.0000e+00
 147.516522      4.523    15.0203  37.385221    29.9927      4.482  256.15404  256.40182     6.3070     6.7800 0.0000e+00
 147.516525      4.548    15.0202  37.385836    29.9909      4.508  256.15743  256.40522     6.0969     6.7315 -9.990e-29
 147.516528      4.567    15.0198  37.386389    29.9923      4.526  256.15738  256.40513     6.0191     6.7437 -9.990e-29
 147.516531      4.579    15.0194  37.386266    29.9925      4.539  256.15905  256.40678     6.0502     6.7518 -9.990e-29
 147.516534      4.592    15.0186  37.386143    29.9930      4.551  256.16218  256.40987     5.9879     6.7356 -9.990e-29
 147.516536      4.609    15.0180  37.386267    29.9935      4.567  256.16434  256.41199     4.5716     6.7720 -9.990e-29
 147.516539      4.627    15.0176  37.386390    29.9939      4.586  256.16562  256.41325     4.5405     6.7882 -9.990e-29
 147.516542      4.645    15.0178  37.388235    29.9954      4.604  256.16217  256.40979     4.4626     6.7841 -9.990e-29
 147.516545      4.674    15.0178  37.388235    29.9954      4.633  256.16217  256.40979     4.4626     6.7841 0.0000e+00
 147.516548      4.700    15.0178  37.386943    29.9954      4.658  256.16217  256.40979     4.4626     6.7841 -9.990e-29
 147.516551      4.725    15.0183  37.384545    29.9950      4.683  256.16016  256.40782     4.9918     6.7275 -9.990e-29
 147.516554      4.753    15.0184  37.388235    29.9945      4.710  256.16046  256.40813     4.9918     6.7234 0.0000e+00
 147.516557      4.784    15.0185  37.387313    29.9950      4.741  256.16016  256.40782     4.9918     6.7194 0.0000e+00
 147.516560      4.818    15.0185  37.388420    29.9940      4.775  256.16075  256.40843     5.4743     6.2504 0.0000e+00
 147.516562      4.849    15.0183  37.384484    29.9934      4.806  256.16316  256.41083     5.5132     6.2281 0.0000e+00
 147.516565      4.884    15.0181  37.387497    29.9918      4.840  256.16699  256.41466     5.5521     6.2504 -9.990e-29
 147.516568      4.909    15.0177  37.387990    29.9919      4.866  256.16880  256.41645     4.6961     7.2815 -9.990e-29
 147.516571      4.939    15.0176  37.384300    29.9936      4.895  256.16620  256.41384     4.5638     7.2775 0.0000e+00
 147.516574      4.970    15.0175  37.387990    29.9929      4.925  256.16856  256.41619     4.5249     7.2734 0.0000e+00
 147.516577      5.001    15.0174  37.385223    29.9934      4.956  256.16856  256.41619     4.5249     7.2451 0.0000e+00
 147.516580      5.032    15.0172  37.385592    29.9934      4.987  256.16856  256.41619     4.5560     7.2289 0.0000e+00
 147.516583      5.068    15.0172  37.388913    29.9947      5.023  256.16592  256.41353     4.5871     7.2289 0.0000e+00
 147.516586      5.097    15.0173  37.387129    29.9955      5.052  256.16466  256.41226     6.1980     7.3744 0.0000e+00
 147.516589      5.126    15.0173  37.389159    29.9947      5.080  256.16592  256.41353     7.8089     7.5281 -9.990e-29
 147.516591      5.144    15.0179  37.386453    29.9936      5.098  256.16467  256.41232     7.8401     7.5160 -9.990e-29
 147.516594      5.168    15.0185  37.384547    29.9914      5.122  256.16533  256.41303     7.7311     7.4918 -9.990e-29
 147.516597      5.183    15.0189  37.382702    29.9895      5.136  256.16707  256.41480     7.9023     6.9701 -9.990e-29
 147.516600      5.192    15.0185  37.386269    29.9930      5.146  256.16294  256.41062     8.0735     6.9944 -9.990e-29
 147.516603      5.201    15.0182  37.386146    29.9931      5.154  256.16431  256.41197     8.1825     7.0308 -9.990e-29
 147.516606      5.212    15.0180  37.386269    29.9933      5.165  256.16471  256.41236     7.9646     6.9701 -9.990e-29
 147.516609      5.219    15.0176  37.385715    29.9931      5.173  256.16705  256.41468     8.9296     7.2047 -9.990e-29
 147.516612      5.230    15.0173  37.384731    29.9892      5.183  256.17548  256.42314     9.0229     7.1925 -9.990e-29
 147.516615      5.257    15.0170  37.381103    29.9892      5.210  256.17724  256.42489     9.0696     7.1986 0.0000e+00
 147.516617      5.290    15.0166  37.380550    29.9893      5.243  256.17901  256.42663     9.1163     7.2047 0.0000e+00
 147.516620      5.328    15.0158  37.380673    29.9893      5.281  256.18206  256.42963     9.3654     8.2924 0.0000e+00
 147.516623      5.376    15.0152  37.378829    29.9900      5.328  256.18206  256.42963     9.3654     8.2924 0.0000e+00
 147.516626      5.422    15.0152  37.382949    29.9904      5.373  256.18128  256.42884     9.2253     8.2924 0.0000e+00
 147.516629      5.463    15.0158  37.381227    29.9908      5.415  256.18060  256.42812     9.2253     8.2924 0.0000e+00
 147.516632      5.509    15.0165  37.382273    29.9904      5.460  256.17984  256.42747     9.3498     8.2803 0.0000e+00
 147.516635      5.547    15.0165  37.379936    29.9898      5.498  256.17959  256.42718    11.9490     7.1076 0.0000e+00
 147.516638      5.580    15.0165  37.381043    29.9892      5.530  256.17971  256.42733    11.9568     7.1036 0.0000e+00
 147.516641      5.605    15.0163  37.382458    29.9898      5.555  256.17959  256.42718    11.9490     7.1076 -9.990e-29
 147.516644      5.617    15.0160  37.378153    29.9875      5.566  256.18532  256.43292    12.0735     7.1076 -9.990e-29
 147.516646      5.628    15.0157  37.380675    29.9900      5.577  256.18254  256.43010    15.4354     7.5807 -9.990e-29
 147.516649      5.640    15.0154  37.374034    29.9843      5.590  256.19415  256.44174    15.3420     7.5807 -9.990e-29
 147.516652      5.651    15.0152  37.376985    29.9870      5.601  256.19011  256.43767    15.3576     7.5767 -9.990e-29
 147.516655      5.668    15.0152  37.377047    29.9871      5.617  256.19031  256.43787    15.2642     7.5767 -9.990e-29
 147.516658      5.689    15.0151  37.374710    29.9851      5.639  256.19429  256.44186    11.9801     7.3260 -9.990e-29
 147.516661      5.713    15.0154  37.378830    29.9885      5.662  256.18668  256.43424    12.0113     7.3179 -9.990e-29
 147.516664      5.739    15.0153  37.378830    29.9888      5.688  256.18665  256.43419    11.9335     7.3199 0.0000e+00
 147.516667      5.768    15.0153  37.379261    29.9890      5.716  256.18661  256.43415    11.8556     7.3179 0.0000e+00
 147.516670      5.799    15.0152  37.379507    29.9890      5.747  256.18661  256.43415    11.2331     7.0712 0.0000e+00
 147.516672      5.834    15.0152  37.376986    29.9876      5.782  256.18937  256.43693    11.2019     7.0469 0.0000e+00
 147.516675      5.867    15.0152  37.377724    29.9876      5.814  256.18937  256.43693    11.2019     7.0469 0.0000e+00
 147.516678      5.892    15.0152  37.378831    29.9881      5.839  256.18851  256.43606    11.2097     7.0429 0.0000e+00
 147.516681      5.921    15.0152  37.377540    29.9886      5.868  256.18765  256.43520    11.2175     7.0389 -9.990e-29
 147.516684      5.943    15.0152  37.377232    29.9872      5.890  256.19019  256.43775    12.2447     7.1763 -9.990e-29
 147.516687      5.969    15.0154  37.377540    29.9873      5.916  256.18885  256.43642    12.2759     7.2410 -9.990e-29
 147.516690      5.992    15.0162  37.382275    29.9903      5.939  256.17948  256.42706    12.1980     7.1966 -9.990e-29
 147.516693      6.024    15.0163  37.381660    29.9889      5.970  256.18097  256.42858    12.1514     7.0672 0.0000e+00
 147.516696      6.051    15.0165  37.378831    29.9885      5.997  256.17959  256.42722    12.1980     6.9378 0.0000e+00
 147.516698      6.087    15.0168  37.380123    29.9885      6.033  256.17959  256.42722    12.1980     6.9378 0.0000e+00
 147.516701      6.122    15.0171  37.380676    29.9885      6.067  256.17843  256.42612    12.2292     6.9216 0.0000e+00
 147.516704      6.148    15.0176  37.378831    29.9867      6.093  256.17786  256.42556    12.3070     6.9459 0.0000e+00
 147.516707      6.173    15.0177  37.379016    29.9866      6.118  256.17814  256.42584    12.4938     7.1642 0.0000e+00
 147.516710      6.198    15.0177  37.377048    29.9867      6.143  256.17786  256.42556    12.7584     7.4311 -9.990e-29
 147.516713      6.220    15.0172  37.377909    29.9862      6.165  256.18168  256.42935    12.7117     7.4837 -9.990e-29
 147.516716      6.242    15.0170  37.380677    29.9887      6.186  256.17794  256.42558    12.7272     7.4715 -9.990e-29
 147.516719      6.257    15.0171  37.381230    29.9892      6.201  256.17678  256.42442    17.0852     7.9002 -9.990e-29
 147.516722      6.271    15.0170  37.380861    29.9889      6.215  256.17766  256.42530    17.0696     7.8880 -9.990e-29
 147.516725      6.288    15.0170  37.377295    29.9857      6.231  256.18328  256.43094    17.0541     7.9082 -9.990e-29
 147.516727      6.302    15.0169  37.378832    29.9871      6.246  256.18116  256.42881    17.1941     7.8759 -9.990e-29
 147.516730      6.300    15.0167  37.375758    29.9846      6.244  256.18687  256.43453    16.8984     7.9163 -9.990e-29
 147.516733      6.302    15.0165  37.376987    29.9858      6.246  256.18553  256.43317    15.3109     7.5241 -9.990e-29
 147.516736      6.308    15.0165  37.376864    29.9857      6.251  256.18572  256.43336    15.3576     7.5039 -9.990e-29
 147.516739      6.309    15.0162  37.377910    29.9868      6.253  256.18525  256.43287    15.3264     7.5120 -9.990e-29
 147.516742      6.309    15.0164  37.377971    29.9868      6.253  256.18457  256.43219    15.3109     7.5120 -9.990e-29
 147.516745      6.315    15.0164  37.379263    29.9879      6.258  256.18255  256.43016    19.2953     9.9948 -9.990e-29
 147.516748      6.318    15.0162  37.380370    29.9891      6.262  256.18169  256.42928    19.2175    10.0029 -9.990e-29
 147.516751      6.322    15.0163  37.379755    29.9884      6.266  256.18207  256.42968    19.1864    10.0392 -9.990e-29
 147.516753      6.320    15.0163  37.375143    29.9843      6.264  256.18931  256.43695    19.3264     9.9867 -9.990e-29
 147.516756      6.324    15.0165  37.376004    29.9849      6.268  256.18708  256.43473    18.9685     9.1213 -9.990e-29
 147.516759      6.326    15.0166  37.377664    29.9863      6.269  256.18418  256.43182    19.0307     9.0930 -9.990e-29
 147.516762      6.326    15.0166  37.378832    29.9874      6.269  256.18235  256.42998    19.0930     9.1375 -9.990e-29
 147.516765      6.328    15.0169  37.380431    29.9885      6.271  256.17867  256.42630    18.9062     9.1092 -9.990e-29
 147.516768      6.328    15.0169  37.378586    29.9869      6.271  256.18156  256.42922    17.7856     8.0902 -9.990e-29
 147.516771      6.328    15.0172  37.378832    29.9869      6.271  256.18001  256.42767    17.8790     8.0902 -9.990e-29
 147.516774      6.328    15.0175  37.377725    29.9857      6.271  256.18087  256.42855    17.8323     8.1064 -9.990e-29
 147.516777      6.328    15.0178  37.379939    29.9875      6.271  256.17622  256.42391    17.7233     8.1104 -9.990e-29
 147.516780      6.328    15.0178  37.377971    29.9857      6.271  256.17931  256.42701    17.7856     8.1145 -9.990e-29
 147.516782      6.323    15.0177  37.378156    29.9859      6.266  256.17931  256.42701    19.0152     8.8787 -9.990e-29
 147.516785      6.317    15.0175  37.378832    29.9866      6.261  256.17883  256.42651    19.0619     8.8585 -9.990e-29
 147.516788      6.314    15.0175  37.378586    29.9864      6.257  256.17921  256.42690    19.0619     8.8585 -9.990e-29
 147.516791      6.314    15.0174  37.379754    29.9876      6.257  256.17796  256.42563    18.9373     8.8706 -9.990e-29
 147.516794      6.306    15.0176  37.378402    29.9862      6.250  256.17920  256.42690    20.4782     8.9879 -9.990e-29
 147.516797      6.301    15.0175  37.379508    29.9873      6.244  256.17776  256.42543    20.5716     8.9839 -9.990e-29
 147.516800      6.299    15.0173  37.377049    29.9852      6.242  256.18250  256.43018    20.6027     8.9555 -9.990e-29
