seaocn-cb/data/ctd_cnv/SBE19plus_01907321_2024_05_24_Cast38.cnv
* Sea-Bird SBE19plus  Data File:
* FileName = E:\Prandtl_Daten\2024\CTD\raw\SBE19plus_01907321_2024_05_24_Cast38.hex
* Software version 2.6.1.12
* Temperature SN = 7321
* Conductivity SN = 7321
* System UpLoad Time = May 24 2024 09:13:36
* <ApplicationData>
* <Seaterm232>
** 20240524
** Sea Practical 2024
** MCat 24.05 CTD_Z2
** NMEA Latitude = 054 2.14N
** NMEA Longitude = 008 30.06E
** waterdepth = 7m
** Andreas
# nquan = 11
# nvalues = 165                         
# units = specified
# name 0 = timeJ: Julian Days
# name 1 = prdM: Pressure, Strain Gauge [db]
# name 2 = tv290C: Temperature [ITS-90, deg C]
# name 3 = c0mS/cm: Conductivity [mS/cm]
# name 4 = sal00: Salinity, Practical [PSU]
# name 5 = depSM: Depth [salt water, m], lat = 54.00
# name 6 = oxsatMm/Kg: Oxygen Saturation, Weiss [umol/kg]
# name 7 = oxsolMm/Kg: Oxygen Saturation, Garcia & Gordon [umol/kg]
# name 8 = turbWETntu0: Turbidity, WET Labs ECO [NTU]
# name 9 = flECO-AFL: Fluorescence, WET Labs ECO-AFL/FL [mg/m^3]
# name 10 = flag:  0.000e+00
# span 0 = 145.381843, 145.382318       
# span 1 =      0.882,      5.269       
# span 2 =    14.6297,    14.6382       
# span 3 =  36.875784,  36.898400       
# span 4 =    29.8279,    29.8500       
# span 5 =      0.874,      5.222       
# span 6 =  258.39469,  258.45231       
# span 7 =  258.62365,  258.68089       
# span 8 =     5.8945,    12.8206       
# span 9 =     5.7591,     8.4258       
# span 10 = 0.0000e+00, 0.0000e+00      
# interval = seconds: 0.25
# start_time = May 24 2024 09:08:38 [Instrument's time stamp, header]
# bad_flag = -9.990e-29
*END*
[from data line 132]
 145.382225      4.756    14.6339  36.890216    29.8440      4.714  258.42489  258.65368    10.3303     8.0579 -9.990e-29
 145.382228      4.780    14.6345  36.890583    29.8426      4.737  258.42415  258.65297    10.2525     8.1387 -9.990e-29
 145.382231      4.818    14.6344  36.889238    29.8426      4.775  258.42440  258.65323    10.2837     8.1185 0.0000e+00
 145.382234      4.864    14.6345  36.889116    29.8426      4.820  258.42415  258.65297    10.2525     8.0983 0.0000e+00
 145.382237      4.909    14.6347  36.889422    29.8425      4.865  258.42466  258.65349     9.5988     7.1804 0.0000e+00
 145.382240      4.950    14.6347  36.886486    29.8422      4.905  258.42415  258.65299     9.5988     7.1804 0.0000e+00
 145.382242      4.988    14.6347  36.888933    29.8410      4.943  258.42595  258.65480     9.5366     7.1945 0.0000e+00
 145.382245      5.016    14.6347  36.885141    29.8422      4.971  258.42415  258.65299     9.4743     7.2087 -9.990e-29
 145.382248      5.037    14.6347  36.885630    29.8392      4.992  258.42947  258.65834     8.4004     7.1238 -9.990e-29
 145.382251      5.052    14.6344  36.885447    29.8392      5.007  258.43066  258.65951     8.3226     7.0712 -9.990e-29
 145.382254      5.072    14.6342  36.886486    29.8403      5.027  258.42989  258.65872     8.2914     7.0267 -9.990e-29
 145.382257      5.096    14.6346  36.886303    29.8398      5.050  258.42873  258.65758     8.3381     7.0753 -9.990e-29
 145.382260      5.117    14.6356  36.887404    29.8416      5.072  258.41994  258.64884     7.9179     6.8973 -9.990e-29
 145.382263      5.150    14.6358  36.889239    29.8412      5.104  258.42004  258.64896     7.8557     6.8771 0.0000e+00
 145.382266      5.181    14.6359  36.888566    29.8408      5.135  258.42015  258.64907     7.8245     6.8569 0.0000e+00
 145.382269      5.227    14.6361  36.887160    29.8400      5.180  258.42041  258.64935     7.8089     6.8549 0.0000e+00
 145.382271      5.254    14.6363  36.886303    29.8392      5.207  258.42067  258.64962     7.8245     6.8529 -9.990e-29
 145.382274      5.256    14.6359  36.885631    29.8381      5.209  258.42460  258.65355     9.8323     7.1925 -9.990e-29
 145.382277      5.253    14.6358  36.886976    29.8394      5.206  258.42304  258.65196     9.7856     7.1763 -9.990e-29
 145.382280      5.240    14.6359  36.883796    29.8365      5.193  258.42783  258.65678     9.8012     7.1925 -9.990e-29
 145.382283      5.227    14.6363  36.883368    29.8358      5.180  258.42703  258.65601     9.5988     7.2047 -9.990e-29
 145.382286      5.207    14.6363  36.885019    29.8373      5.160  258.42438  258.65334    12.7117     7.7627 -9.990e-29
 145.382289      5.191    14.6365  36.882022    29.8345      5.144  258.42828  258.65728    12.8206     7.7910 -9.990e-29
 145.382292      5.172    14.6367  36.882022    29.8343      5.126  258.42739  258.65640    12.7117     7.7627 -9.990e-29
 145.382295      5.169    14.6367  36.878780    29.8314      5.123  258.43257  258.66161    12.6650     7.7950 -9.990e-29
 145.382297      5.174    14.6364  36.880432    29.8331      5.128  258.43111  258.66012    12.3537     7.7708 -9.990e-29
 145.382300      5.192    14.6369  36.882022    29.8342      5.146  258.42681  258.65583    11.4198     7.4432 -9.990e-29
 145.382303      5.213    14.6372  36.883551    29.8353      5.166  258.42290  258.65194    11.4043     7.4594 -9.990e-29
 145.382306      5.233    14.6377  36.880860    29.8325      5.186  258.42546  258.65454    11.4976     7.4190 -9.990e-29
 145.382309      5.249    14.6382  36.882450    29.8336      5.202  258.42116  258.65025    11.4821     7.4756 -9.990e-29
 145.382312      5.262    14.6378  36.875784    29.8279      5.215  258.43331  258.66243    12.0268     7.3098 -9.990e-29
 145.382315      5.265    14.6366  36.881533    29.8340      5.218  258.42882  258.65783    11.9957     7.3017 -9.990e-29
 145.382318      5.269    14.6357  36.880616    29.8338      5.222  258.43352  258.66249    11.9957     7.3179 -9.990e-29
