seaocn-cb/data/ctd_cnv/SBE19plus_01907321_2024_05_30_Cast114.cnv
* Sea-Bird SBE19plus  Data File:
* FileName = E:\Prandtl_Daten\2024\30052024\raw\SBE19plus_01907321_2024_05_30_Cast114.hex
* Software version 2.6.1.12
* Temperature SN = 7321
* Conductivity SN = 7321
* System UpLoad Time = May 30 2024 08:56:26
* <ApplicationData>
* <Seaterm232>
** 20240529
** Sea Practical 2024
** MCat 30.05 CTD_SP8
** NMEA Latitude = 54 08.509N
** NMEA Longitude = 008 17.957E
** waterdepth = 14.7m
** Isabelle
# nquan = 11
# nvalues = 442                         
# units = specified
# name 0 = timeJ: Julian Days
# name 1 = prdM: Pressure, Strain Gauge [db]
# name 2 = tv290C: Temperature [ITS-90, deg C]
# name 3 = c0mS/cm: Conductivity [mS/cm]
# name 4 = sal00: Salinity, Practical [PSU]
# name 5 = depSM: Depth [salt water, m], lat = 54.00
# name 6 = oxsatMm/Kg: Oxygen Saturation, Weiss [umol/kg]
# name 7 = oxsolMm/Kg: Oxygen Saturation, Garcia & Gordon [umol/kg]
# name 8 = turbWETntu0: Turbidity, WET Labs ECO [NTU]
# name 9 = flECO-AFL: Fluorescence, WET Labs ECO-AFL/FL [mg/m^3]
# name 10 = flag:  0.000e+00
# span 0 = 151.368906, 151.370182       
# span 1 =      0.620,     13.838       
# span 2 =    15.1461,    15.3507       
# span 3 =  38.055147,  38.155867       
# span 4 =    30.4036,    30.5247       
# span 5 =      0.614,     13.714       
# span 6 =  253.71489,  254.57944       
# span 7 =  253.97612,  254.82944       
# span 8 =    -3.5218,     6.5794       
# span 9 =     1.3616,     6.1007       
# span 10 = 0.0000e+00, 0.0000e+00      
# interval = seconds: 0.25
# start_time = May 30 2024 08:49:52 [Instrument's time stamp, header]
# bad_flag = -9.990e-29
*END*
 151.368906      0.620    15.3449  38.151215    30.4234      0.614  253.74036  254.00129    -3.1794     1.4303 0.0000e+00
 151.368909      0.656    15.3454  38.151339    30.4232      0.650  253.73877  253.99975    -3.2105     1.3697 0.0000e+00
 151.368912      0.731    15.3458  38.150223    30.4219      0.724  253.73845  253.99940    -3.3973     1.3616 0.0000e+00
 151.368915      0.813    15.3465  38.149107    30.4219      0.806  253.73794  253.99896    -3.3973     1.3616 0.0000e+00
 151.368918      0.901    15.3482  38.155184    30.4234      0.893  253.72223  253.98331    -3.3817     1.4142 0.0000e+00
 151.368921      0.987    15.3494  38.155184    30.4234      0.978  253.72121  253.98241    -3.2572     1.4142 0.0000e+00
 151.368924      1.054    15.3497  38.152146    30.4229      1.045  253.71793  253.97908    -3.3350     1.4344 0.0000e+00
 151.368927      1.116    15.3497  38.154936    30.4223      1.106  253.71724  253.97840    -3.3195     1.4344 0.0000e+00
 151.368929      1.167    15.3498  38.154502    30.4223      1.157  253.71724  253.97840    -3.3350     1.4344 0.0000e+00
 151.368932      1.205    15.3499  38.152890    30.4216      1.195  253.71847  253.97966    -3.3662     1.4223 0.0000e+00
 151.368935      1.236    15.3498  38.155867    30.4209      1.225  253.71987  253.98106    -3.4129     1.3778 -9.990e-29
 151.368938      1.253    15.3507  38.154069    30.4213      1.242  253.71489  253.97612    -3.2728     1.3737 -9.990e-29
 151.368941      1.249    15.3507  38.153573    30.4209      1.238  253.71565  253.97689    -3.2105     1.3939 -9.990e-29
 151.368944      1.244    15.3504  38.152705    30.4203      1.232  253.71815  253.97937    -3.0393     1.5759 -9.990e-29
 151.368947      1.240    15.3497  38.152147    30.4203      1.229  253.72133  253.98252    -2.9926     1.6568 -9.990e-29
 151.368950      1.236    15.3495  38.152457    30.4208      1.225  253.72172  253.98289    -3.0393     1.6527 -9.990e-29
 151.368953      1.244    15.3492  38.153387    30.4218      1.232  253.72145  253.98260    -3.2105     1.6285 -9.990e-29
 151.368955      1.258    15.3482  38.149109    30.4194      1.247  253.73080  253.99192    -3.2883     1.5516 -9.990e-29
 151.368958      1.295    15.3479  38.149791    30.4190      1.283  253.73303  253.99414    -3.3117     1.5476 0.0000e+00
 151.368961      1.344    15.3476  38.148427    30.4194      1.332  253.73454  253.99560    -3.3350     1.5516 0.0000e+00
 151.368964      1.401    15.3472  38.149853    30.4197      1.388  253.73525  253.99635    -3.3817     1.5678 0.0000e+00
 151.368967      1.457    15.3469  38.149110    30.4202      1.444  253.73588  253.99689    -3.3817     1.5719 0.0000e+00
 151.368970      1.512    15.3464  38.150908    30.4217      1.498  253.73659  253.99764    -3.3973     1.6123 0.0000e+00
 151.368973      1.555    15.3463  38.150784    30.4218      1.542  253.73656  253.99757    -3.3895     1.6204 0.0000e+00
 151.368976      1.587    15.3461  38.150660    30.4218      1.572  253.73725  253.99825    -3.5062     1.6123 -9.990e-29
 151.368979      1.607    15.3460  38.147560    30.4190      1.592  253.74255  254.00357    -3.2572     1.6285 -9.990e-29
 151.368981      1.619    15.3457  38.150040    30.4214      1.605  253.73989  254.00087    -3.1794     1.6689 -9.990e-29
 151.368984      1.629    15.3455  38.149544    30.4212      1.614  253.74153  254.00250    -3.1016     1.7013 -9.990e-29
 151.368987      1.636    15.3453  38.150475    30.4221      1.621  253.74068  254.00163    -3.0393     1.7296 -9.990e-29
 151.368990      1.649    15.3454  38.150041    30.4217      1.634  253.74107  254.00203    -3.1638     1.6810 -9.990e-29
 151.368993      1.663    15.3450  38.147995    30.4202      1.649  253.74569  254.00664    -3.1483     1.8307 -9.990e-29
 151.368996      1.687    15.3446  38.146445    30.4191      1.672  253.74954  254.01049    -3.2261     1.8630 -9.990e-29
 151.368999      1.711    15.3444  38.150041    30.4221      1.695  253.74499  254.00590    -3.2572     1.7740 -9.990e-29
 151.369002      1.747    15.3445  38.149793    30.4220      1.732  253.74491  254.00583    -3.1716     1.8104 0.0000e+00
 151.369005      1.798    15.3444  38.149545    30.4218      1.782  253.74499  254.00590    -3.0860     1.8307 0.0000e+00
 151.369008      1.853    15.3442  38.148863    30.4215      1.837  253.74736  254.00826    -3.0549     1.8307 0.0000e+00
 151.369010      1.906    15.3441  38.148864    30.4215      1.889  253.74768  254.00858    -2.9771     1.8307 0.0000e+00
 151.369013      1.952    15.3441  38.146570    30.4199      1.934  253.75012  254.01104    -2.9771     1.8266 0.0000e+00
 151.369016      1.988    15.3441  38.147128    30.4197      1.970  253.75069  254.01161    -2.9693     1.8245 0.0000e+00
 151.369019      2.015    15.3442  38.148864    30.4199      1.997  253.75012  254.01104    -2.9615     1.8104 -9.990e-29
 151.369022      2.039    15.3441  38.147748    30.4205      2.021  253.74949  254.01040    -2.3856     2.1056 -9.990e-29
 151.369025      2.059    15.3445  38.150228    30.4224      2.041  253.74422  254.00513    -2.2922     2.0490 -9.990e-29
 151.369028      2.083    15.3449  38.150228    30.4204      2.065  253.74558  254.00652    -3.5218     2.4089 -9.990e-29
 151.369031      2.109    15.3449  38.148430    30.4207      2.090  253.74540  254.00634    -3.5062     2.4250 0.0000e+00
 151.369034      2.140    15.3448  38.148864    30.4204      2.121  253.74558  254.00652    -3.4907     2.4089 0.0000e+00
 151.369036      2.174    15.3442  38.143037    30.4171      2.155  253.75655  254.01750    -3.4907     2.3887 0.0000e+00
 151.369039      2.216    15.3422  38.142293    30.4171      2.196  253.76527  254.02611    -3.4907     2.3887 0.0000e+00
 151.369042      2.256    15.3393  38.140806    30.4171      2.236  253.77832  254.03900    -3.0238     2.4979 0.0000e+00
 151.369045      2.299    15.3381  38.137459    30.4174      2.278  253.78527  254.04589    -2.9848     2.5282 0.0000e+00
 151.369048      2.326    15.3370  38.136467    30.4168      2.305  253.79222  254.05279    -3.0238     2.4979 -9.990e-29
 151.369051      2.346    15.3325  38.129649    30.4133      2.325  253.82113  254.08151    -2.7436     2.5140 -9.990e-29
 151.369054      2.342    15.3293  38.118616    30.4060      2.321  253.85007  254.11034    -3.0704     2.5383 -9.990e-29
 151.369057      2.324    15.3227  38.110187    30.4036      2.303  253.88745  254.14741    -3.0082     2.4453 -9.990e-29
 151.369060      2.307    15.3141  38.109259    30.4095      2.287  253.92108  254.18055    -2.8837     2.4170 -9.990e-29
 151.369063      2.298    15.3071  38.110127    30.4157      2.278  253.94583  254.20491    -2.8681     2.4736 -9.990e-29
 151.369065      2.304    15.3041  38.113227    30.4207      2.283  253.95206  254.21095    -2.8837     2.4776 -9.990e-29
 151.369068      2.320    15.3036  38.112359    30.4188      2.299  253.95815  254.21702    -3.0082     2.2876 -9.990e-29
 151.369071      2.360    15.3031  38.110624    30.4179      2.339  253.96236  254.22121    -3.0705     2.3058 0.0000e+00
 151.369074      2.411    15.3026  38.107649    30.4169      2.389  253.96656  254.22539    -3.1171     2.3240 0.0000e+00
 151.369077      2.482    15.3005  38.104551    30.4169      2.460  253.97923  254.23796    -3.1327     2.3402 0.0000e+00
 151.369080      2.562    15.2981  38.107341    30.4201      2.539  253.98395  254.24253    -3.1171     2.3927 0.0000e+00
 151.369083      2.650    15.2981  38.109014    30.4223      2.626  253.98395  254.24253    -3.1016     2.4615 0.0000e+00
 151.369086      2.736    15.2981  38.111927    30.4223      2.711  253.97667  254.23522    -3.0238     2.4615 0.0000e+00
 151.369089      2.807    15.2996  38.109696    30.4209      2.782  253.97524  254.23395    -2.9771     2.4615 0.0000e+00
 151.369091      2.856    15.3000  38.107465    30.4196      2.830  253.97495  254.23363    -2.9848     2.5484 0.0000e+00
 151.369094      2.887    15.3004  38.105854    30.4183      2.861  253.97524  254.23395    -2.9459     2.6636 -9.990e-29
 151.369097      2.894    15.2980  38.106908    30.4196      2.868  253.98511  254.24369    -3.1016     2.5989 -9.990e-29
 151.369100      2.881    15.2983  38.109697    30.4219      2.856  253.97963  254.23821    -2.7436     2.6111 -9.990e-29
 151.369103      2.863    15.2999  38.110874    30.4217      2.838  253.97200  254.23066    -2.6969     2.6434 -9.990e-29
 151.369106      2.847    15.3014  38.108767    30.4187      2.822  253.96945  254.22821    -3.1483     3.2581 -9.990e-29
 151.369109      2.841    15.3024  38.111060    30.4199      2.816  253.96213  254.22093    -3.3506     3.2176 -9.990e-29
 151.369112      2.843    15.3026  38.107589    30.4192      2.818  253.96262  254.22143    -3.0082     3.2095 -9.990e-29
 151.369115      2.871    15.3021  38.110378    30.4173      2.845  253.96835  254.22715    -3.0471     3.1650 0.0000e+00
 151.369117      2.909    15.3016  38.105420    30.4190      2.883  253.97280  254.23152    -3.0860     3.1974 0.0000e+00
 151.369120      2.960    15.3006  38.108519    30.4170      2.933  253.97408  254.23288    -3.0860     3.1893 0.0000e+00
 151.369123      3.017    15.2994  38.105235    30.4184      2.990  253.98256  254.24123    -3.1016     3.1893 0.0000e+00
 151.369126      3.062    15.2985  38.105235    30.4177      3.035  253.98591  254.24453    -3.1016     3.1772 0.0000e+00
 151.369129      3.103    15.2976  38.106413    30.4184      3.075  253.98926  254.24783    -3.1483     3.1651 -9.990e-29
 151.369132      3.123    15.2967  38.107033    30.4207      3.095  253.98999  254.24850    -2.7280     3.0680 -9.990e-29
 151.369135      3.133    15.2964  38.106785    30.4206      3.105  253.99125  254.24974    -2.8059     3.0842 -9.990e-29
 151.369138      3.144    15.2967  38.106661    30.4203      3.116  253.99029  254.24880    -2.7125     3.1125 -9.990e-29
 151.369141      3.155    15.2974  38.106537    30.4196      3.127  253.98788  254.24643    -3.1016     3.4441 -9.990e-29
 151.369144      3.173    15.2977  38.105917    30.4187      3.145  253.98838  254.24695    -3.0549     3.3996 -9.990e-29
 151.369146      3.205    15.2974  38.105670    30.4185      3.176  253.99027  254.24883    -3.1639     3.3956 0.0000e+00
 151.369149      3.239    15.2971  38.104740    30.4187      3.210  253.99216  254.25070    -3.0549     3.3996 0.0000e+00
 151.369152      3.287    15.2964  38.105236    30.4193      3.257  253.99403  254.25253    -2.9926     3.3915 0.0000e+00
 151.369155      3.338    15.2952  38.106104    30.4209      3.308  253.99707  254.25550    -2.9926     3.3713 0.0000e+00
 151.369158      3.394    15.2952  38.105857    30.4209      3.364  253.99707  254.25550    -2.8837     3.3713 0.0000e+00
 151.369161      3.447    15.2956  38.106910    30.4209      3.416  253.99772  254.25623    -2.7592     3.3389 0.0000e+00
 151.369164      3.508    15.2964  38.102944    30.4198      3.476  253.99444  254.25289    -2.7592     3.3389 0.0000e+00
 151.369167      3.553    15.2965  38.106105    30.4185      3.521  253.99499  254.25350    -2.8603     3.2985 0.0000e+00
 151.369170      3.582    15.2965  38.105919    30.4198      3.550  253.99227  254.25078    -2.9615     3.2581 -9.990e-29
 151.369172      3.602    15.2967  38.107221    30.4207      3.570  253.99000  254.24850    -2.8525     3.2702 -9.990e-29
 151.369175      3.617    15.2974  38.098297    30.4122      3.585  254.00121  254.25981    -2.9459     3.3025 -9.990e-29
 151.369178      3.630    15.2976  38.106415    30.4192      3.597  253.98778  254.24634    -3.0238     3.4683 -9.990e-29
 151.369181      3.640    15.2977  38.104556    30.4175      3.608  253.99037  254.24895    -3.1171     3.4683 -9.990e-29
 151.369184      3.650    15.2977  38.103131    30.4163      3.617  253.99258  254.25118    -3.2728     3.4522 -9.990e-29
 151.369187      3.663    15.2972  38.104308    30.4177      3.630  253.99251  254.25107    -2.9771     3.4238 -9.990e-29
 151.369190      3.683    15.2965  38.103627    30.4176      3.650  253.99619  254.25471    -3.0238     3.3915 -9.990e-29
 151.369193      3.703    15.2960  38.103379    30.4178      3.670  253.99861  254.25711    -2.8525     3.3834 -9.990e-29
 151.369196      3.721    15.2957  38.103193    30.4178      3.688  253.99978  254.25826    -3.0393     3.3753 -9.990e-29
 151.369198      3.745    15.2953  38.104557    30.4193      3.711  253.99914  254.25759    -3.0082     3.4198 -9.990e-29
 151.369201      3.770    15.2946  38.100529    30.4186      3.737  254.00389  254.26231    -2.6658     3.6503 -9.990e-29
 151.369204      3.805    15.2944  38.103193    30.4169      3.771  254.00808  254.26650    -2.6036     3.6119 0.0000e+00
 151.369207      3.836    15.2942  38.098918    30.4186      3.802  254.00722  254.26559    -2.6658     3.5735 0.0000e+00
 151.369210      3.874    15.2938  38.103132    30.4174      3.840  254.01227  254.27069    -2.6502     3.5735 0.0000e+00
 151.369213      3.918    15.2931  38.100529    30.4177      3.883  254.01389  254.27224    -2.6502     3.6543 0.0000e+00
 151.369216      3.965    15.2919  38.099848    30.4177      3.930  254.01961  254.27790    -1.9809     4.5156 0.0000e+00
 151.369219      4.009    15.2901  38.098485    30.4178      3.973  254.02813  254.28633    -1.9498     4.5561 0.0000e+00
 151.369222      4.057    15.2889  38.097804    30.4178      4.021  254.03386  254.29198    -1.9498     4.5601 0.0000e+00
 151.369225      4.099    15.2880  38.095883    30.4182      4.062  254.04034  254.29843    -2.0743     4.5601 0.0000e+00
 151.369227      4.137    15.2870  38.097371    30.4172      4.100  254.04154  254.29956    -2.5101     3.7393 0.0000e+00
 151.369230      4.172    15.2863  38.091546    30.4171      4.134  254.04867  254.30668    -2.5335     3.7312 0.0000e+00
 151.369233      4.199    15.2856  38.092848    30.4151      4.162  254.05580  254.31379    -2.5568     3.7231 -9.990e-29
 151.369236      4.221    15.2799  38.090246    30.4184      4.183  254.07931  254.33698    -2.6191     3.7554 -9.990e-29
 151.369239      4.243    15.2782  38.088201    30.4179      4.205  254.08887  254.34645    -2.3234     3.7595 -9.990e-29
 151.369242      4.257    15.2753  38.085538    30.4178      4.219  254.10373  254.36118    -2.2767     3.7595 -9.990e-29
 151.369245      4.266    15.2720  38.086220    30.4209      4.228  254.11487  254.37212    -2.3856     3.7716 -9.990e-29
 151.369248      4.275    15.2695  38.086963    30.4235      4.237  254.12300  254.38010    -2.4012     3.7918 -9.990e-29
 151.369251      4.283    15.2676  38.084423    30.4227      4.244  254.13419  254.39120    -2.4167     3.7635 -9.990e-29
 151.369253      4.301    15.2654  38.082627    30.4228      4.263  254.14511  254.40201    -3.1171     3.8889 -9.990e-29
 151.369256      4.325    15.2600  38.080645    30.4246      4.286  254.16967  254.42628    -3.1483     3.9091 -9.990e-29
 151.369259      4.359    15.2593  38.079902    30.4261      4.320  254.17085  254.42741    -3.1016     3.8849 0.0000e+00
 151.369262      4.398    15.2585  38.081947    30.4275      4.358  254.17081  254.42732    -3.0549     3.8606 0.0000e+00
 151.369265      4.443    15.2585  38.082752    30.4275      4.404  254.17081  254.42732    -2.9148     3.6341 0.0000e+00
 151.369268      4.503    15.2591  38.081947    30.4270      4.463  254.17081  254.42732    -2.8992     3.5937 0.0000e+00
 151.369271      4.565    15.2591  38.081266    30.4270      4.525  254.17007  254.42661    -2.9148     3.5856 0.0000e+00
 151.369274      4.622    15.2592  38.082257    30.4265      4.581  254.16908  254.42563    -2.8992     3.5937 0.0000e+00
 151.369277      4.669    15.2595  38.081948    30.4269      4.628  254.16847  254.42503    -2.9459     3.6058 0.0000e+00
 151.369280      4.697    15.2597  38.081328    30.4265      4.655  254.16785  254.42443    -2.8059     3.6301 -9.990e-29
 151.369282      4.713    15.2602  38.079717    30.4241      4.671  254.16930  254.42593    -2.7280     3.5856 -9.990e-29
