seaocn-cb/data/ctd_cnv/SBE19plus_01907321_2024_05_28_Cast92.cnv
* Sea-Bird SBE19plus  Data File:
* FileName = E:\Prandtl_Daten\2024\28052024\raw\SBE19plus_01907321_2024_05_28_Cast92.hex
* Software version 2.6.1.12
* Temperature SN = 7321
* Conductivity SN = 7321
* System UpLoad Time = May 28 2024 11:46:51
* <ApplicationData>
* <Seaterm232>
** 20240527
** Sea Practical 2024
** MCat 27.05 CTD_SP7
** NMEA Latitude = 54 8.35N
** NMEA Longitude = 008 20.85E
** waterdepth = 14.0m
** Isabelle
# nquan = 11
# nvalues = 478                         
# units = specified
# name 0 = timeJ: Julian Days
# name 1 = prdM: Pressure, Strain Gauge [db]
# name 2 = tv290C: Temperature [ITS-90, deg C]
# name 3 = c0mS/cm: Conductivity [mS/cm]
# name 4 = sal00: Salinity, Practical [PSU]
# name 5 = depSM: Depth [salt water, m], lat = 54.00
# name 6 = oxsatMm/Kg: Oxygen Saturation, Weiss [umol/kg]
# name 7 = oxsolMm/Kg: Oxygen Saturation, Garcia & Gordon [umol/kg]
# name 8 = turbWETntu0: Turbidity, WET Labs ECO [NTU]
# name 9 = flECO-AFL: Fluorescence, WET Labs ECO-AFL/FL [mg/m^3]
# name 10 = flag:  0.000e+00
# span 0 = 149.487167, 149.488547       
# span 1 =      0.408,     13.352       
# span 2 =    15.0699,    16.5850       
# span 3 =  37.169418,  37.825298       
# span 4 =    28.6906,    30.3416       
# span 5 =      0.405,     13.232       
# span 6 =  250.53985,  255.29177       
# span 7 =  250.87172,  255.53935       
# span 8 =    -4.1755,    16.7272       
# span 9 =     1.7417,     6.9620       
# span 10 = 0.0000e+00, 0.0000e+00      
# interval = seconds: 0.25
# start_time = May 28 2024 11:40:21 [Instrument's time stamp, header]
# bad_flag = -9.990e-29
*END*
[from data line 263]
 149.487928      7.624    15.5591  37.450804    29.6391      7.556  254.02011  254.29769    -3.1638     3.4441 -9.990e-29
 149.487931      7.654    15.5580  37.450866    29.6395      7.585  254.02515  254.30267    -3.2027     3.4744 0.0000e+00
 149.487934      7.694    15.5568  37.449881    29.6399      7.625  254.03019  254.30766    -3.2416     3.4602 0.0000e+00
 149.487937      7.750    15.5529  37.448405    29.6412      7.681  254.04693  254.32420    -3.3195     3.4602 0.0000e+00
 149.487940      7.816    15.5488  37.444591    29.6415      7.746  254.06844  254.34550    -3.8175     3.1448 0.0000e+00
 149.487943      7.880    15.5416  37.443177    29.6453      7.809  254.09747  254.37415    -3.8175     3.1448 0.0000e+00
 149.487946      7.942    15.5336  37.441393    29.6498      7.871  254.13061  254.40686    -3.8175     3.1489 0.0000e+00
 149.487948      7.993    15.5296  37.438318    29.6514      7.921  254.14816  254.42420    -3.8019     3.1570 0.0000e+00
 149.487951      8.020    15.5255  37.433828    29.6531      7.949  254.16571  254.44154    -3.8331     3.1651 -9.990e-29
 149.487954      8.031    15.5087  37.434628    29.6626      7.960  254.23476  254.50970    -3.8642     3.4845 -9.990e-29
 149.487957      8.033    15.5029  37.433829    29.6661      7.961  254.25751  254.53213    -3.7708     3.4805 -9.990e-29
 149.487960      8.020    15.4988  37.434630    29.6700      7.949  254.27189  254.54628    -3.6774     3.4926 -9.990e-29
 149.487963      8.013    15.4940  37.431985    29.6712      7.941  254.29392  254.56807    -3.8798     3.3470 -9.990e-29
 149.487966      8.015    15.4872  37.433154    29.6774      7.943  254.31776  254.59153    -3.8487     3.3632 -9.990e-29
 149.487969      8.022    15.4779  37.433771    29.6850      7.950  254.35188  254.62513    -3.9420     3.3389 -9.990e-29
 149.487972      8.039    15.4681  37.438448    29.6965      7.967  254.38182  254.65449    -3.7864     3.3632 -9.990e-29
 149.487975      8.063    15.4513  37.439249    29.7147      7.990  254.43503  254.70674    -3.5062     3.4764 -9.990e-29
 149.487977      8.095    15.4484  37.444850    29.7180      8.023  254.44404  254.71558    -3.5062     3.4926 0.0000e+00
 149.487980      8.136    15.4455  37.447312    29.7213      8.063  254.45305  254.72442    -3.5062     3.4926 0.0000e+00
 149.487983      8.174    15.4418  37.451743    29.7280      8.101  254.46038  254.73152    -3.5062     3.4926 0.0000e+00
 149.487986      8.214    15.4357  37.456114    29.7364      8.140  254.47664  254.74741    -3.5062     3.4926 0.0000e+00
 149.487989      8.256    15.4292  37.459807    29.7446      8.182  254.49540  254.76579    -3.0860     3.6826 0.0000e+00
 149.487992      8.290    15.4237  37.465962    29.7542      8.216  254.49540  254.76579    -3.0860     3.6826 0.0000e+00
 149.487995      8.320    15.4169  37.492433    29.7827      8.245  254.50683  254.77687    -3.1327     3.7029 0.0000e+00
 149.487998      8.345    15.4040  37.507704    29.8059      8.271  254.51664  254.78531    -3.1327     3.7029 0.0000e+00
 149.488001      8.371    15.3885  37.506721    29.8168      8.296  254.57665  254.84446    -2.7592     4.3054 0.0000e+00
 149.488003      8.396    15.3799  37.510540    29.8266      8.321  254.60309  254.87040    -2.6813     4.3094 0.0000e+00
 149.488006      8.429    15.3751  37.512265    29.8318      8.354  254.61836  254.88540    -2.6813     4.3054 0.0000e+00
 149.488009      8.462    15.3712  37.514297    29.8366      8.386  254.62509  254.89150    -2.6813     4.3175 0.0000e+00
 149.488012      8.506    15.3661  37.530002    29.8543      8.430  254.63023  254.89702    -2.8837     4.3175 0.0000e+00
 149.488015      8.541    15.3598  37.538072    29.8662      8.464  254.63642  254.90243    -2.9148     4.3175 0.0000e+00
 149.488018      8.573    15.3561  37.553227    29.8758      8.497  254.63881  254.90456    -2.9537     4.3175 0.0000e+00
 149.488021      8.603    15.3523  37.556309    29.8853      8.526  254.64120  254.90668    -2.9926     4.3013 -9.990e-29
 149.488024      8.624    15.3347  37.559020    29.9037      8.547  254.69858  254.96303    -2.9148     4.3054 -9.990e-29
 149.488027      8.641    15.3300  37.564012    29.9117      8.564  254.70846  254.97263    -2.7125     4.1355 -9.990e-29
 149.488030      8.650    15.3266  37.580896    29.9293      8.573  254.69525  254.95910    -2.6502     4.1274 -9.990e-29
 149.488032      8.659    15.3188  37.591312    29.9445      8.582  254.70874  254.97208    -2.5724     4.1194 -9.990e-29
 149.488035      8.666    15.3092  37.594518    29.9546      8.589  254.73983  255.00261    -2.5724     4.1072 -9.990e-29
 149.488038      8.683    15.3025  37.595073    29.9602      8.605  254.76417  255.02658    -2.1055     4.4388 -9.990e-29
 149.488041      8.703    15.2948  37.596861    29.9711      8.625  254.78432  255.04625    -2.2767     4.4550 -9.990e-29
 149.488044      8.732    15.2931  37.600807    29.9776      8.654  254.78185  255.04363    -2.2222     4.4529 0.0000e+00
 149.488047      8.761    15.2913  37.612519    29.9841      8.683  254.78432  255.04625    -2.2767     4.4550 0.0000e+00
 149.488050      8.801    15.2863  37.620657    29.9951      8.723  254.78552  255.04684    -2.5724     5.5185 0.0000e+00
 149.488053      8.836    15.2799  37.625467    30.0043      8.757  254.80239  255.06330    -2.6813     5.5225 0.0000e+00
 149.488056      8.865    15.2763  37.628366    30.0083      8.786  254.81362  255.07432    -2.6969     5.5205 0.0000e+00
 149.488058      8.891    15.2727  37.631696    30.0123      8.811  254.82484  255.08533    -2.6813     5.5225 -9.990e-29
 149.488061      8.914    15.2639  37.628367    30.0191      8.835  254.85822  255.11822    -2.9459     3.8727 -9.990e-29
 149.488064      8.933    15.2622  37.626580    30.0188      8.853  254.86745  255.12736    -2.9459     3.8525 -9.990e-29
 149.488067      8.953    15.2623  37.622695    30.0152      8.873  254.87290  255.13285    -2.7592     3.8323 -9.990e-29
 149.488070      8.971    15.2647  37.615544    30.0070      8.891  254.87494  255.13507    -2.9148     3.9091 -9.990e-29
 149.488073      8.995    15.2723  37.609995    29.9907      8.914  254.86503  255.12567    -2.4790     4.6369 -9.990e-29
 149.488076      9.027    15.2740  37.603646    29.9884      8.947  254.85998  255.12073    -2.5724     4.6227 0.0000e+00
 149.488079      9.068    15.2758  37.601488    29.9861      8.986  254.85493  255.11579    -2.5568     4.6369 0.0000e+00
 149.488082      9.120    15.2789  37.597050    29.9797      9.039  254.85013  255.11120    -2.6502     4.6450 0.0000e+00
 149.488084      9.177    15.2813  37.597112    29.9786      9.095  254.84128  255.10248    -2.5568     4.6450 0.0000e+00
 149.488087      9.230    15.2827  37.599022    29.9786      9.147  254.83308  255.09434    -2.5257     4.4590 0.0000e+00
 149.488090      9.281    15.2829  37.603769    29.9806      9.198  254.82883  255.09008    -2.4868     4.4529 0.0000e+00
 149.488093      9.321    15.2830  37.610057    29.9826      9.238  254.82458  255.08583    -2.4479     4.4590 -9.990e-29
 149.488096      9.345    15.2785  37.612091    29.9933      9.262  254.82870  255.08964    -2.4323     4.3903 -9.990e-29
 149.488099      9.352    15.2755  37.623743    30.0059      9.269  254.82176  255.08245    -1.8720     4.8027 -9.990e-29
 149.488102      9.351    15.2700  37.623189    30.0097      9.267  254.84340  255.10378    -1.9031     4.7866 -9.990e-29
 149.488105      9.336    15.2651  37.621710    30.0121      9.252  254.86413  255.12424    -1.8720     4.7906 -9.990e-29
 149.488108      9.320    15.2625  37.628246    30.0199      9.236  254.86393  255.12385    -1.9654     4.7866 -9.990e-29
 149.488111      9.305    15.2602  37.632993    30.0258      9.222  254.86504  255.12480    -1.8720     4.4105 -9.990e-29
 149.488113      9.296    15.2574  37.638173    30.0326      9.213  254.86782  255.12738    -1.9187     4.3903 -9.990e-29
 149.488116      9.305    15.2509  37.636940    30.0448      9.222  254.87948  255.13862    -1.9498     4.3943 -9.990e-29
 149.488119      9.332    15.2492  37.646314    30.0489      9.249  254.88105  255.14006    -1.9187     4.3943 0.0000e+00
 149.488122      9.378    15.2475  37.652605    30.0530      9.294  254.88261  255.14151    -1.8876     4.3943 0.0000e+00
 149.488125      9.440    15.2426  37.657416    30.0609      9.356  254.89360  255.15219    -1.4362     4.9240 0.0000e+00
 149.488128      9.515    15.2367  37.668519    30.0753      9.430  254.89862  255.15680    -1.4362     4.9240 0.0000e+00
 149.488131      9.588    15.2289  37.681105    30.0924      9.502  254.90862  255.16627    -1.2806     4.9240 0.0000e+00
 149.488134      9.663    15.2191  37.693507    30.1109      9.576  254.92620  255.18321    -1.2650     4.9160 0.0000e+00
 149.488137      9.719    15.2145  37.696593    30.1158      9.632  254.94105  255.19779    -0.6814     4.7603 0.0000e+00
 149.488139      9.761    15.2100  37.707393    30.1207      9.674  254.95590  255.21236    -0.0821     4.6046 -9.990e-29
 149.488142      9.785    15.1969  37.711405    30.1438      9.697  254.98194  255.23756    -0.2689     4.6208 -9.990e-29
 149.488145      9.794    15.1914  37.713442    30.1498      9.706  254.99950  255.25479    -0.2845     4.6693 -9.990e-29
 149.488148      9.796    15.1868  37.717824    30.1573      9.708  255.01019  255.26518    -0.7202     5.5629 -9.990e-29
 149.488151      9.789    15.1833  37.720355    30.1622      9.701  255.01937  255.27415    -0.8292     5.5872 -9.990e-29
 149.488154      9.789    15.1799  37.722454    30.1667      9.701  255.02894  255.28351    -0.6113     5.5589 -9.990e-29
 149.488157      9.788    15.1765  37.724059    30.1708      9.701  255.03928  255.29364    -0.6113     5.5468 -9.990e-29
 149.488160      9.808    15.1733  37.725355    30.1771      9.721  255.04444  255.29859    -0.5024     5.0211 -9.990e-29
 149.488163      9.836    15.1720  37.728442    30.1793      9.748  255.04691  255.30097    -0.4401     5.0332 0.0000e+00
 149.488166      9.872    15.1708  37.731281    30.1815      9.784  255.04937  255.30336    -0.3778     5.0453 0.0000e+00
 149.488168      9.918    15.1682  37.732208    30.1844      9.829  255.05787  255.31171    -0.3778     5.0453 0.0000e+00
 149.488171      9.954    15.1658  37.734986    30.1887      9.865  255.06260  255.31614    -0.4245     5.0777 0.0000e+00
 149.488174      9.982    15.1639  37.739492    30.1941      9.892  255.06261  255.31628    -0.6736     5.5589 0.0000e+00
 149.488177     10.007    15.1630  37.738196    30.1943      9.918  255.06712  255.32061    -0.6891     5.5670 0.0000e+00
 149.488180     10.033    15.1621  37.739308    30.1944      9.943  255.07163  255.32507    -0.6736     5.5589 -9.990e-29
 149.488183     10.049    15.1588  37.737271    30.1961      9.959  255.08564  255.33890    -0.6424     5.5751 -9.990e-29
 149.488186     10.066    15.1586  37.740419    30.1990      9.976  255.08132  255.33455     0.1202     5.2314 -9.990e-29
 149.488189     10.073    15.1586  37.742395    30.2008      9.983  255.07825  255.33146     0.1825     5.2475 -9.990e-29
 149.488192     10.093    15.1578  37.741284    30.2004     10.003  255.08291  255.33608     0.1825     5.2718 -9.990e-29
 149.488194     10.113    15.1562  37.742827    30.2030     10.023  255.08666  255.33973     0.6961     5.7570 -9.990e-29
 149.488197     10.146    15.1558  37.742827    30.2054     10.055  255.08481  255.33784     0.7973     5.7712 0.0000e+00
 149.488200     10.184    15.1553  37.747457    30.2078     10.093  255.08596  255.33879     0.8517     5.7813 0.0000e+00
 149.488203     10.237    15.1530  37.750977    30.2126     10.146  255.08596  255.33879     0.8517     5.7813 0.0000e+00
 149.488206     10.283    15.1505  37.751471    30.2150     10.191  255.09483  255.34752     0.8517     5.7570 0.0000e+00
 149.488209     10.329    15.1479  37.752830    30.2182     10.236  255.10236  255.35489     1.4899     5.5144 0.0000e+00
 149.488212     10.372    15.1450  37.758758    30.2257     10.279  255.10422  255.35653     1.4899     5.5144 0.0000e+00
 149.488215     10.412    15.1417  37.763512    30.2324     10.319  255.10906  255.36116     1.4899     5.5063 0.0000e+00
 149.488218     10.442    15.1404  37.765612    30.2344     10.348  255.11253  255.36455     1.4976     5.5225 0.0000e+00
 149.488220     10.471    15.1390  37.770059    30.2364     10.377  255.11600  255.36793     1.5833     5.5063 -9.990e-29
 149.488223     10.491    15.1325  37.774629    30.2494     10.397  255.12643  255.37792     2.6261     5.6923 -9.990e-29
 149.488226     10.515    15.1277  37.774506    30.2530     10.420  255.14498  255.39619     2.6572     5.7045 -9.990e-29
 149.488229     10.538    15.1241  37.775371    30.2565     10.444  255.15704  255.40804     2.4704     5.6883 -9.990e-29
 149.488232     10.557    15.1222  37.775618    30.2583     10.462  255.16395  255.41484     2.6727     5.7206 -9.990e-29
 149.488235     10.577    15.1206  37.777903    30.2615     10.482  255.16622  255.41700     3.4821     5.9754 -9.990e-29
 149.488238     10.591    15.1192  37.783338    30.2674     10.496  255.16298  255.41364     3.4043     5.9552 -9.990e-29
 149.488241     10.602    15.1178  37.783709    30.2688     10.507  255.16794  255.41852     3.6222     5.9471 -9.990e-29
 149.488244     10.604    15.1163  37.788712    30.2744     10.509  255.16566  255.41611     3.4665     5.9349 -9.990e-29
 149.488247     10.602    15.1144  37.785809    30.2733     10.507  255.17747  255.42783     2.8906     5.7489 -9.990e-29
 149.488249     10.600    15.1134  37.786736    30.2749     10.505  255.17980  255.43011     2.9218     5.7651 -9.990e-29
 149.488252     10.599    15.1129  37.788712    30.2771     10.504  255.17846  255.42872     2.7817     5.8056 -9.990e-29
 149.488255     10.611    15.1134  37.789515    30.2768     10.516  255.17616  255.42645     2.3303     6.1007 -9.990e-29
 149.488258     10.639    15.1129  37.788898    30.2772     10.543  255.17826  255.42852     2.2603     6.0926 0.0000e+00
 149.488261     10.682    15.1124  37.788836    30.2776     10.587  255.18036  255.43059     2.2681     6.0967 0.0000e+00
 149.488264     10.746    15.1114  37.789763    30.2791     10.650  255.18273  255.43290     2.2681     6.0846 0.0000e+00
 149.488267     10.815    15.1100  37.788713    30.2792     10.719  255.18937  255.43946     2.2836     6.0805 0.0000e+00
 149.488270     10.899    15.1091  37.790196    30.2803     10.802  255.19059  255.44063     2.4704     6.0684 0.0000e+00
 149.488273     10.976    15.1080  37.788220    30.2803     10.878  255.19809  255.44808     3.0463     5.2192 0.0000e+00
 149.488275     11.033    15.1080  37.784885    30.2788     10.934  255.20057  255.45057     3.1163     5.2151 0.0000e+00
 149.488278     11.071    15.1080  37.785565    30.2773     10.972  255.20305  255.45306     3.1864     5.2111 -9.990e-29
 149.488281     11.089    15.1086  37.781365    30.2736     10.990  255.20626  255.45633     3.0307     5.1788 -9.990e-29
 149.488284     11.095    15.1100  37.778462    30.2700     10.995  255.20585  255.45601     4.2914     5.3486 -9.990e-29
 149.488287     11.087    15.1117  37.778339    30.2686     10.988  255.19963  255.44989     4.3692     5.3891 -9.990e-29
 149.488290     11.071    15.1128  37.779821    30.2690     10.972  255.19294  255.44326     4.4159     5.3891 -9.990e-29
 149.488293     11.062    15.1132  37.782229    30.2709     10.963  255.18771  255.43804     4.2603     5.3567 -9.990e-29
 149.488296     11.064    15.1131  37.783217    30.2718     10.964  255.18646  255.43678     1.9724     5.3041 -9.990e-29
 149.488299     11.080    15.1126  37.785132    30.2754     10.981  255.18303  255.43329     1.7078     5.2799 -9.990e-29
 149.488302     11.111    15.1120  37.786738    30.2758     11.012  255.18542  255.43564     1.7700     5.2920 0.0000e+00
