seaocn-cb/data/ctd_cnv/SBE19plus_01907321_2024_05_23_Cast32.cnv
* Sea-Bird SBE19plus  Data File:
* FileName = E:\Prandtl_Daten\2024\CTD\raw\SBE19plus_01907321_2024_05_23_Cast32.hex
* Software version 2.6.1.12
* Temperature SN = 7321
* Conductivity SN = 7321
* System UpLoad Time = May 23 2024 11:55:40
* <ApplicationData>
* <Seaterm232>
** 20240523
** Sea Practical 2024
** MCat 23.05 CTD_NP1
** NMEA Latitude = 054 10.22N
** NMEA Longitude = 008 39.52E
** waterdepth = 16m
** Clemens
# nquan = 11
# nvalues = 583                         
# units = specified
# name 0 = timeJ: Julian Days
# name 1 = prdM: Pressure, Strain Gauge [db]
# name 2 = tv290C: Temperature [ITS-90, deg C]
# name 3 = c0mS/cm: Conductivity [mS/cm]
# name 4 = sal00: Salinity, Practical [PSU]
# name 5 = depSM: Depth [salt water, m], lat = 54.00
# name 6 = oxsatMm/Kg: Oxygen Saturation, Weiss [umol/kg]
# name 7 = oxsolMm/Kg: Oxygen Saturation, Garcia & Gordon [umol/kg]
# name 8 = turbWETntu0: Turbidity, WET Labs ECO [NTU]
# name 9 = flECO-AFL: Fluorescence, WET Labs ECO-AFL/FL [mg/m^3]
# name 10 = flag:  0.000e+00
# span 0 = 144.491536, 144.493220       
# span 1 =      0.425,     14.771       
# span 2 =    17.0877,    17.8804       
# span 3 =  35.853718,  36.150846       
# span 4 =    26.8717,    27.2815       
# span 5 =      0.421,     14.638       
# span 6 =  247.28075,  250.47494       
# span 7 =  247.67618,  250.83698       
# span 8 =    -3.9420,    -1.0315       
# span 9 =     4.3701,    13.6664       
# span 10 = 0.0000e+00, 0.0000e+00      
# interval = seconds: 0.25
# start_time = May 23 2024 11:46:03 [Instrument's time stamp, header]
# bad_flag = -9.990e-29
*END*
[from data line 525]
 144.493056     14.511    17.0969  35.971400    27.2697     14.381  250.43895  250.80143    -2.1988     9.6268 0.0000e+00
 144.493058     14.546    17.0962  35.975094    27.2697     14.416  250.44079  250.80324    -2.1210     9.6268 0.0000e+00
 144.493061     14.582    17.0958  35.970493    27.2696     14.452  250.44614  250.80855    -2.1833     9.6147 0.0000e+00
 144.493064     14.624    17.0951  35.969161    27.2696     14.493  250.44993  250.81230    -2.1833     9.6147 0.0000e+00
 144.493067     14.664    17.0950  35.970251    27.2700     14.533  250.44993  250.81230    -2.5724     9.2426 0.0000e+00
 144.493070     14.708    17.0949  35.973097    27.2711     14.576  250.44776  250.81012    -2.6113     9.2386 0.0000e+00
 144.493073     14.747    17.0950  35.972007    27.2723     14.614  250.44558  250.80794    -2.5724     9.2426 -9.990e-29
 144.493076     14.763    17.0954  35.974187    27.2730     14.631  250.44251  250.80488    -2.6813     9.2507 -9.990e-29
 144.493079     14.758    17.0946  35.969161    27.2693     14.625  250.45277  250.81513    -2.4790     9.3033 -9.990e-29
 144.493082     14.747    17.0942  35.974489    27.2740     14.615  250.44640  250.80871    -2.3078     9.2952 -9.990e-29
 144.493084     14.728    17.0935  35.972431    27.2728     14.596  250.45211  250.81440    -2.3389     9.2871 -9.990e-29
 144.493087     14.719    17.0936  35.969827    27.2705     14.587  250.45551  250.81782    -2.4634     9.3033 -9.990e-29
 144.493090     14.705    17.0937  35.975519    27.2752     14.573  250.44676  250.80905    -1.8409     8.9839 -9.990e-29
 144.493093     14.697    17.0937  35.975276    27.2750     14.566  250.44710  250.80939    -1.9343     8.9879 -9.990e-29
 144.493096     14.697    17.0932  35.974853    27.2750     14.566  250.44987  250.81214    -1.9809     8.9677 -9.990e-29
 144.493099     14.703    17.0923  35.971765    27.2730     14.571  250.45738  250.81962    -1.8720     9.0405 -9.990e-29
 144.493102     14.710    17.0920  35.974611    27.2756     14.578  250.45455  250.81677    -1.9654     9.0000 -9.990e-29
 144.493105     14.721    17.0918  35.971341    27.2730     14.589  250.45985  250.82207    -1.8720     9.5176 -9.990e-29
 144.493108     14.723    17.0920  35.972613    27.2739     14.591  250.45741  250.81964    -1.9187     9.4853 -9.990e-29
 144.493111     14.721    17.0920  35.975277    27.2762     14.589  250.45361  250.81582    -1.8876     9.4772 -9.990e-29
 144.493113     14.718    17.0920  35.973097    27.2743     14.586  250.45672  250.81894    -2.0432     9.4731 -9.990e-29
 144.493116     14.707    17.0922  35.975277    27.2761     14.575  250.45298  250.81520    -1.3584     9.1820 -9.990e-29
 144.493119     14.696    17.0919  35.974187    27.2753     14.564  250.45546  250.81768    -1.4829     9.1658 -9.990e-29
 144.493122     14.681    17.0917  35.974005    27.2753     14.550  250.45664  250.81885    -1.4518     9.1537 -9.990e-29
 144.493125     14.676    17.0915  35.975943    27.2771     14.544  250.45449  250.81668    -1.3895     9.1618 -9.990e-29
 144.493128     14.676    17.0910  35.968919    27.2715     14.544  250.46637  250.82858    -1.0315     9.3801 -9.990e-29
 144.493131     14.681    17.0905  35.975701    27.2775     14.550  250.45855  250.82069    -1.2339     9.4044 -9.990e-29
 144.493134     14.692    17.0903  35.976609    27.2785     14.560  250.45818  250.82031    -1.1405     9.3599 -9.990e-29
 144.493137     14.712    17.0899  35.977457    27.2794     14.580  250.45822  250.82033    -1.1094     9.3842 -9.990e-29
 144.493139     14.729    17.0901  35.975095    27.2773     14.597  250.46098  250.82311    -1.4829     9.6227 -9.990e-29
 144.493142     14.738    17.0901  35.974187    27.2765     14.605  250.46229  250.82442    -1.4518     9.6227 -9.990e-29
 144.493145     14.752    17.0902  35.975943    27.2780     14.620  250.45948  250.82161    -1.2806     9.6389 -9.990e-29
 144.493148     14.754    17.0898  35.976185    27.2784     14.622  250.46068  250.82279    -1.3895     9.6551 -9.990e-29
 144.493151     14.754    17.0894  35.979455    27.2815     14.622  250.45755  250.81963    -1.3428     9.6753 -9.990e-29
 144.493154     14.743    17.0892  35.976609    27.2792     14.611  250.46223  250.82431    -2.1677     8.8302 -9.990e-29
 144.493157     14.727    17.0890  35.974611    27.2776     14.595  250.46569  250.82778    -2.1522     8.8221 -9.990e-29
 144.493160     14.712    17.0887  35.973097    27.2766     14.580  250.46909  250.83116    -2.2455     8.8221 -9.990e-29
 144.493163     14.705    17.0884  35.975156    27.2785     14.573  250.46707  250.82912    -2.1055     8.8100 -9.990e-29
 144.493166     14.697    17.0882  35.973340    27.2771     14.566  250.47059  250.83264    -2.4167     9.5702 -9.990e-29
 144.493168     14.694    17.0879  35.971160    27.2755     14.562  250.47494  250.83698    -2.4634     9.5864 -9.990e-29
 144.493171     14.696    17.0879  35.974006    27.2779     14.564  250.47087  250.83291    -2.3856     9.5459 -9.990e-29
 144.493174     14.697    17.0877  35.977941    27.2813     14.566  250.46587  250.82788    -2.3078     9.5702 -9.990e-29
 144.493177     14.697    17.0880  35.977033    27.2803     14.566  250.46593  250.82796    -2.3545     9.5378 -9.990e-29
 144.493180     14.701    17.0882  35.976185    27.2795     14.569  250.46653  250.82856    -2.4479     9.5540 -9.990e-29
 144.493183     14.701    17.0888  35.976185    27.2791     14.569  250.46436  250.82643    -2.3545     9.5581 -9.990e-29
 144.493186     14.692    17.0887  35.977699    27.2804     14.560  250.46250  250.82456    -2.3234     9.5702 -9.990e-29
 144.493189     14.690    17.0886  35.974308    27.2777     14.558  250.46765  250.82972    -2.2144     9.4529 -9.990e-29
 144.493192     14.686    17.0884  35.976851    27.2799     14.555  250.46464  250.82669    -2.1833     9.4327 -9.990e-29
 144.493194     14.683    17.0885  35.972431    27.2761     14.551  250.47064  250.83271    -2.1210     9.4489 -9.990e-29
 144.493197     14.679    17.0885  35.977033    27.2800     14.548  250.46407  250.82612    -2.1522     9.4408 -9.990e-29
 144.493200     14.683    17.0887  35.976185    27.2792     14.551  250.46466  250.82672    -2.1210     9.4327 -9.990e-29
 144.493203     14.690    17.0889  35.978365    27.2809     14.559  250.46093  250.82299    -2.2144     8.0457 -9.990e-29
 144.493206     14.701    17.0888  35.978123    27.2807     14.569  250.46159  250.82365    -2.1522     8.0336 -9.990e-29
 144.493209     14.716    17.0885  35.974429    27.2778     14.584  250.46780  250.82987    -2.1677     8.0296 -9.990e-29
 144.493212     14.730    17.0889  35.975277    27.2783     14.598  250.46536  250.82744    -2.1833     8.0296 -9.990e-29
 144.493215     14.749    17.0888  35.974732    27.2779     14.616  250.46646  250.82853    -2.4323     9.5985 -9.990e-29
 144.493218     14.760    17.0887  35.972674    27.2762     14.627  250.46972  250.83179    -2.4012     9.5540 -9.990e-29
 144.493220     14.771    17.0886  35.975520    27.2786     14.638  250.46597  250.82803    -2.4790     9.5661 -9.990e-29
