seaocn-cb/data/ctd_cnv/SBE19plus_01907321_2024_05_21_Cast06.cnv
* Sea-Bird SBE19plus  Data File:
* FileName = E:\Prandtl_Daten\2024\CTD\raw\SBE19plus_01907321_2024_05_21_Cast06.hex
* Software version 2.6.1.12
* Temperature SN = 7321
* Conductivity SN = 7321
* System UpLoad Time = May 21 2024 14:21:20
* <ApplicationData>
* <Seaterm232>
** 20240521
** Sea Practical 2024
** MCat 21.05 CTD_SP1
** NMEA Latitude = 54 07.836N
** NMEA Longitude = 008 45.37E
** waterdepth = 13.0m
** Merle
# nquan = 11
# nvalues = 419                         
# units = specified
# name 0 = timeJ: Julian Days
# name 1 = prdM: Pressure, Strain Gauge [db]
# name 2 = tv290C: Temperature [ITS-90, deg C]
# name 3 = c0mS/cm: Conductivity [mS/cm]
# name 4 = sal00: Salinity, Practical [PSU]
# name 5 = depSM: Depth [salt water, m], lat = 54.00
# name 6 = oxsatMm/Kg: Oxygen Saturation, Weiss [umol/kg]
# name 7 = oxsolMm/Kg: Oxygen Saturation, Garcia & Gordon [umol/kg]
# name 8 = turbWETntu0: Turbidity, WET Labs ECO [NTU]
# name 9 = flECO-AFL: Fluorescence, WET Labs ECO-AFL/FL [mg/m^3]
# name 10 = flag:  0.000e+00
# span 0 = 142.588235, 142.589444       
# span 1 =      0.802,     11.628       
# span 2 =    17.8401,    18.1831       
# span 3 =  35.346887,  35.560755       
# span 4 =    26.2132,    26.2712       
# span 5 =      0.795,     11.524       
# span 6 =  246.97621,  248.53709       
# span 7 =  247.38650,  248.93445       
# span 8 =    -1.9810,    78.8128       
# span 9 =     3.1570,     8.6280       
# span 10 = 0.0000e+00, 0.0000e+00      
# interval = seconds: 0.25
# start_time = May 21 2024 14:04:57 [Instrument's time stamp, header]
# bad_flag = -9.990e-29
*END*
[from data line 263]
 142.588996      7.809    17.9616  35.418980    26.2460      7.739  247.98714  248.38912    10.8284     5.3810 0.0000e+00
 142.588999      7.842    17.9611  35.421327    26.2468      7.771  247.98782  248.38984    10.7973     5.3810 0.0000e+00
 142.589002      7.869    17.9609  35.421568    26.2471      7.798  247.98793  248.38990    10.7584     5.3931 0.0000e+00
 142.589005      7.898    17.9606  35.417476    26.2473      7.827  247.98872  248.39068    10.7194     5.4052 -9.990e-29
 142.589008      7.922    17.9603  35.421147    26.2471      7.851  247.99027  248.39222    11.2798     5.8339 -9.990e-29
 142.589010      7.940    17.9601  35.421327    26.2474      7.869  247.99098  248.39292    11.2642     5.8056 -9.990e-29
 142.589013      7.960    17.9604  35.420726    26.2467      7.889  247.99055  248.39251    11.2486     5.8136 -9.990e-29
 142.589016      7.976    17.9608  35.419221    26.2452      7.905  247.99104  248.39302    11.2486     5.8258 -9.990e-29
 142.589019      8.000    17.9619  35.421989    26.2470      7.929  247.98315  248.38516    12.2914     5.6600 -9.990e-29
 142.589022      8.028    17.9622  35.422230    26.2476      7.956  247.98057  248.38259    12.2914     5.6600 0.0000e+00
 142.589025      8.055    17.9625  35.424156    26.2470      7.983  247.98209  248.38414    12.2914     5.6600 0.0000e+00
 142.589028      8.088    17.9627  35.420726    26.2482      8.015  247.97800  248.38002    12.2914     5.6438 0.0000e+00
 142.589031      8.117    17.9629  35.425660    26.2471      8.044  247.97792  248.37997    12.3148     5.6378 0.0000e+00
 142.589034      8.146    17.9631  35.420907    26.2490      8.073  247.97375  248.37580    12.3537     5.6317 -9.990e-29
 142.589036      8.170    17.9631  35.420485    26.2447      8.097  247.98088  248.38295    11.7467     5.7206 -9.990e-29
 142.589039      8.194    17.9631  35.423915    26.2475      8.120  247.97618  248.37823    11.7467     5.7004 -9.990e-29
 142.589042      8.219    17.9634  35.422411    26.2461      8.146  247.97731  248.37938    11.7155     5.7045 -9.990e-29
 142.589045      8.243    17.9633  35.426082    26.2492      8.169  247.97260  248.37465    12.5249     5.8096 -9.990e-29
 142.589048      8.263    17.9634  35.421810    26.2456      8.189  247.97816  248.38023    12.5560     5.8460 -9.990e-29
 142.589051      8.276    17.9637  35.424578    26.2477      8.202  247.97310  248.37518    12.4938     5.8500 -9.990e-29
 142.589054      8.299    17.9640  35.423735    26.2482      8.225  247.97102  248.37310    12.7739     6.0280 -9.990e-29
 142.589057      8.325    17.9641  35.425420    26.2464      8.250  247.97349  248.37558    12.7194     6.0259 0.0000e+00
 142.589060      8.352    17.9640  35.421148    26.2445      8.278  247.97595  248.37806    12.6961     6.0239 0.0000e+00
 142.589063      8.381    17.9639  35.420727    26.2445      8.306  247.97595  248.37806    12.6961     6.0077 0.0000e+00
 142.589065      8.418    17.9636  35.424999    26.2481      8.343  247.97482  248.37686    12.7117     6.0077 0.0000e+00
 142.589068      8.449    17.9631  35.425000    26.2481      8.373  247.97482  248.37686    25.1475     6.9014 0.0000e+00
 142.589071      8.484    17.9630  35.421329    26.2469      8.408  247.97782  248.37987    25.2020     6.9823 0.0000e+00
 142.589074      8.513    17.9629  35.427587    26.2455      8.437  247.98082  248.38287    25.1475     7.0631 -9.990e-29
 142.589077      8.537    17.9635  35.422833    26.2463      8.460  247.97657  248.37864    25.1941     7.0550 -9.990e-29
 142.589080      8.562    17.9638  35.420908    26.2445      8.485  247.97796  248.38005    25.2564     7.0753 -9.990e-29
 142.589083      8.588    17.9625  35.417899    26.2429      8.511  247.98715  248.38921    30.2681     6.8286 -9.990e-29
 142.589086      8.602    17.9580  35.411281    26.2403      8.525  248.01266  248.41456    30.3303     6.7882 -9.990e-29
 142.589089      8.622    17.9516  35.403280    26.2379      8.545  248.04765  248.44933    30.2214     6.8245 -9.990e-29
 142.589091      8.639    17.9438  35.405026    26.2443      8.561  248.07399  248.47535    30.3459     6.8084 -9.990e-29
 142.589094      8.655    17.9375  35.403944    26.2474      8.578  248.09885  248.49995    29.5521     7.2208 -9.990e-29
 142.589097      8.679    17.9277  35.402681    26.2492      8.601  248.14254  248.54326    29.5366     7.3179 -9.990e-29
 142.589100      8.708    17.9263  35.398590    26.2488      8.630  248.15031  248.55097    29.5677     7.2916 0.0000e+00
 142.589103      8.743    17.9248  35.395342    26.2485      8.664  248.15807  248.55869    29.5988     7.2653 0.0000e+00
 142.589106      8.776    17.9212  35.392155    26.2485      8.697  248.17573  248.57621    30.0346     6.6143 0.0000e+00
 142.589109      8.810    17.9179  35.393418    26.2513      8.731  248.18632  248.58666    30.1280     6.6102 0.0000e+00
 142.589112      8.839    17.9157  35.394080    26.2513      8.760  248.19363  248.59388    30.0346     6.6143 0.0000e+00
 142.589115      8.867    17.9145  35.389329    26.2521      8.787  248.20148  248.60169    30.0502     6.6284 0.0000e+00
 142.589117      8.898    17.9132  35.389570    26.2509      8.818  248.20933  248.60950    29.9724     6.6466 -9.990e-29
 142.589120      8.918    17.9081  35.389750    26.2545      8.838  248.22771  248.62768    27.2642     6.6588 -9.990e-29
 142.589123      8.940    17.9056  35.387405    26.2542      8.860  248.24042  248.64029    27.1085     6.6749 -9.990e-29
 142.589126      8.959    17.9038  35.386142    26.2543      8.879  248.24880  248.64860    27.1397     6.6507 -9.990e-29
 142.589129      8.976    17.9031  35.391075    26.2588      8.896  248.24454  248.64429    27.1864     6.6668 -9.990e-29
 142.589132      8.996    17.9029  35.388909    26.2572      8.915  248.24848  248.64823    25.0852     6.7437 -9.990e-29
 142.589135      9.018    17.9030  35.389330    26.2577      8.937  248.24671  248.64647    24.8362     6.7235 -9.990e-29
 142.589138      9.047    17.9031  35.389751    26.2584      8.966  248.24536  248.64511    24.8829     6.7295 0.0000e+00
 142.589141      9.084    17.9031  35.391496    26.2591      9.002  248.24401  248.64376    24.8362     6.7235 0.0000e+00
 142.589144      9.115    17.9037  35.392158    26.2591      9.033  248.24091  248.64068    24.2603     6.3757 0.0000e+00
 142.589146      9.146    17.9046  35.390473    26.2591      9.064  248.23977  248.63959    24.2136     6.3636 0.0000e+00
 142.589149      9.184    17.9055  35.393421    26.2573      9.102  248.23929  248.63917    24.2603     6.3636 0.0000e+00
 142.589152      9.209    17.9059  35.387406    26.2574      9.127  248.23311  248.63298    24.2603     6.3676 0.0000e+00
 142.589155      9.242    17.9060  35.391677    26.2562      9.159  248.23423  248.63411    30.0035     6.5253 0.0000e+00
 142.589158      9.270    17.9061  35.390414    26.2568      9.187  248.23367  248.63355    30.0346     6.5354 0.0000e+00
 142.589161      9.295    17.9062  35.389331    26.2562      9.212  248.23423  248.63411    30.0035     6.5253 -9.990e-29
 142.589164      9.313    17.9056  35.389993    26.2562      9.230  248.23704  248.63690    30.1124     6.5455 -9.990e-29
 142.589167      9.333    17.9047  35.389572    26.2564      9.250  248.24078  248.64061    30.0346     6.5294 -9.990e-29
 142.589170      9.344    17.9039  35.384820    26.2530      9.261  248.25049  248.65030    30.2214     7.2208 -9.990e-29
 142.589172      9.366    17.9031  35.388068    26.2562      9.282  248.24887  248.64863    30.2836     7.1966 -9.990e-29
 142.589175      9.386    17.9010  35.388249    26.2561      9.302  248.25918  248.65887    30.2836     7.1804 -9.990e-29
 142.589178      9.412    17.9006  35.386324    26.2552      9.328  248.26251  248.66219    33.5910     7.9083 0.0000e+00
 142.589181      9.441    17.9002  35.383558    26.2551      9.357  248.26584  248.66551    36.8984     8.6240 0.0000e+00
 142.589184      9.474    17.8999  35.384219    26.2551      9.389  248.26584  248.66551    36.9140     8.6280 0.0000e+00
 142.589187      9.510    17.8995  35.386986    26.2569      9.425  248.26621  248.66586    36.9296     8.6240 0.0000e+00
 142.589190      9.540    17.8992  35.385904    26.2569      9.454  248.26645  248.66607    37.0074     8.6078 0.0000e+00
 142.589193      9.569    17.8979  35.382476    26.2569      9.483  248.27592  248.67550    47.2798     6.9297 0.0000e+00
 142.589196      9.603    17.8968  35.383318    26.2559      9.517  248.27945  248.67899    47.2875     6.9257 0.0000e+00
 142.589198      9.629    17.8957  35.383318    26.2570      9.543  248.28298  248.68247    47.2798     6.9297 -9.990e-29
 142.589201      9.645    17.8927  35.380552    26.2566      9.559  248.29786  248.69723    47.2953     6.9499 -9.990e-29
 142.589204      9.662    17.8917  35.382717    26.2590      9.575  248.29867  248.69800    44.3692     8.2803 -9.990e-29
 142.589207      9.676    17.8905  35.375620    26.2540      9.590  248.31319  248.71249    44.2447     8.2883 -9.990e-29
 142.589210      9.691    17.8882  35.375801    26.2555      9.604  248.32115  248.72036    44.3070     8.2803 -9.990e-29
 142.589213      9.715    17.8854  35.376884    26.2583      9.628  248.33040  248.72949    44.4004     8.2924 -9.990e-29
 142.589216      9.738    17.8808  35.371712    26.2589      9.651  248.35128  248.75020    51.9646     8.0902 -9.990e-29
 142.589219      9.764    17.8801  35.374118    26.2593      9.677  248.35386  248.75275    52.0191     8.1003 0.0000e+00
 142.589222      9.795    17.8794  35.374058    26.2589      9.707  248.35643  248.75529    51.9646     8.0983 0.0000e+00
 142.589225      9.822    17.8781  35.367683    26.2580      9.734  248.37027  248.76911    51.9646     8.0983 0.0000e+00
 142.589227      9.862    17.8764  35.369608    26.2580      9.774  248.37395  248.77271    51.9646     8.0862 0.0000e+00
 142.589230      9.890    17.8751  35.369368    26.2587      9.801  248.37902  248.77772    54.5949     7.7424 0.0000e+00
 142.589233      9.923    17.8737  35.363595    26.2595      9.834  248.38408  248.78273    57.3031     7.3987 -9.990e-29
 142.589236      9.945    17.8693  35.370451    26.2632      9.856  248.39903  248.79749    57.1786     7.3704 -9.990e-29
 142.589239      9.966    17.8671  35.363355    26.2588      9.877  248.41703  248.81543    57.2097     7.3583 -9.990e-29
 142.589242      9.987    17.8651  35.368287    26.2641      9.897  248.41781  248.81611    48.0735     7.1966 -9.990e-29
 142.589245     10.001    17.8636  35.363356    26.2610      9.912  248.42998  248.82825    47.9957     7.2047 -9.990e-29
 142.589248     10.023    17.8623  35.367445    26.2652      9.933  248.42940  248.82759    47.9646     7.2006 -9.990e-29
 142.589251     10.043    17.8624  35.369610    26.2650      9.953  248.42904  248.82724    45.2720     7.4432 -9.990e-29
 142.589253     10.069    17.8628  35.367265    26.2639      9.979  248.42900  248.82722    45.2953     7.4412 0.0000e+00
 142.589256     10.103    17.8632  35.365280    26.2646     10.013  248.42896  248.82719    45.3187     7.4392 0.0000e+00
 142.589259     10.136    17.8636  35.367686    26.2628     10.045  248.42519  248.82346    45.3187     7.4311 0.0000e+00
 142.589262     10.169    17.8641  35.365521    26.2624     10.078  248.42519  248.82346    45.3342     7.4311 0.0000e+00
 142.589265     10.202    17.8647  35.363356    26.2624     10.110  248.42519  248.82346    45.3342     7.4473 0.0000e+00
 142.589268     10.227    17.8649  35.369370    26.2626     10.136  248.42123  248.81953    52.4626     7.6414 0.0000e+00
 142.589271     10.257    17.8650  35.366363    26.2638     10.165  248.41899  248.81729    52.4782     7.6475 0.0000e+00
 142.589274     10.284    17.8649  35.362936    26.2626     10.192  248.42123  248.81953    52.4938     7.6535 -9.990e-29
 142.589277     10.306    17.8641  35.367867    26.2644     10.214  248.42233  248.82059    52.6805     7.6333 -9.990e-29
 142.589280     10.329    17.8634  35.367687    26.2646     10.237  248.42512  248.82335    56.6027     7.6292 -9.990e-29
 142.589282     10.349    17.8630  35.358246    26.2571     10.257  248.43941  248.83767    56.5716     7.6535 -9.990e-29
 142.589285     10.373    17.8624  35.363778    26.2620     10.280  248.43400  248.83221    56.5716     7.6414 -9.990e-29
 142.589288     10.397    17.8615  35.363478    26.2633     10.304  248.43625  248.83442    49.5833     7.8193 -9.990e-29
 142.589291     10.428    17.8614  35.364680    26.2647     10.335  248.43466  248.83281    49.5600     7.8233 0.0000e+00
 142.589294     10.457    17.8615  35.367687    26.2633     10.363  248.43625  248.83442    49.5366     7.8274 0.0000e+00
 142.589297     10.486    17.8615  35.363598    26.2643     10.392  248.43307  248.83121    49.5366     7.8274 0.0000e+00
 142.589300     10.517    17.8622  35.366364    26.2631     10.423  248.43145  248.82964    49.5054     7.8274 0.0000e+00
 142.589303     10.546    17.8629  35.365523    26.2631     10.452  248.43010  248.82832    38.4082     7.0308 0.0000e+00
 142.589306     10.578    17.8638  35.365944    26.2631     10.483  248.42606  248.82432    38.4082     7.0065 0.0000e+00
 142.589308     10.607    17.8652  35.369371    26.2629     10.512  248.41630  248.81460    38.4548     7.0065 0.0000e+00
 142.589311     10.632    17.8660  35.365763    26.2628     10.537  248.41580  248.81414    38.4626     6.9964 0.0000e+00
 142.589314     10.658    17.8668  35.373461    26.2608     10.562  248.41529  248.81367    38.4704     6.9863 -9.990e-29
 142.589317     10.678    17.8696  35.366785    26.2598     10.582  248.40349  248.80198    47.8089     7.5969 -9.990e-29
 142.589320     10.703    17.8714  35.367687    26.2594     10.608  248.39563  248.79419    47.6533     7.5928 -9.990e-29
 142.589323     10.722    17.8725  35.374303    26.2641     10.626  248.38242  248.78099    47.8401     7.5605 -9.990e-29
 142.589326     10.745    17.8727  35.367266    26.2582     10.649  248.39118  248.78980    47.7934     7.5605 -9.990e-29
 142.589329     10.769    17.8712  35.371296    26.2618     10.673  248.39249  248.79103    43.5599     7.8395 -9.990e-29
 142.589332     10.795    17.8709  35.370454    26.2620     10.698  248.39376  248.79228    43.6144     7.8274 0.0000e+00
 142.589334     10.826    17.8705  35.370454    26.2618     10.729  248.39503  248.79354    43.6222     7.8395 0.0000e+00
 142.589337     10.857    17.8701  35.368951    26.2620     10.759  248.39818  248.79667    43.6689     7.8152 0.0000e+00
 142.589340     10.887    17.8701  35.369793    26.2612     10.790  248.39870  248.79720    45.1941     7.0753 0.0000e+00
 142.589343     10.920    17.8703  35.368109    26.2620     10.823  248.39818  248.79667    45.3187     7.0672 0.0000e+00
 142.589346     10.951    17.8706  35.373221    26.2612     10.853  248.39628  248.79480    45.3187     7.0631 0.0000e+00
 142.589349     10.979    17.8706  35.369372    26.2638     10.880  248.39278  248.79128    45.3187     7.0631 0.0000e+00
 142.589352     11.004    17.8705  35.372379    26.2625     10.906  248.39453  248.79304    45.2953     7.4190 0.0000e+00
 142.589355     11.033    17.8704  35.370876    26.2638     10.935  248.39278  248.79128    45.3965     7.7748 -9.990e-29
 142.589358     11.052    17.8704  35.368951    26.2609     10.953  248.39753  248.79604    45.3498     7.7829 -9.990e-29
 142.589361     11.068    17.8708  35.372379    26.2635     10.969  248.39123  248.78975    45.1630     7.7505 -9.990e-29
 142.589363     11.088    17.8712  35.369613    26.2610     10.989  248.39379  248.79234    45.2564     7.7586 -9.990e-29
 142.589366     11.110    17.8710  35.374304    26.2641     11.010  248.38947  248.78799    45.5833     7.4715 -9.990e-29
 142.589369     11.137    17.8709  35.373222    26.2631     11.038  248.39169  248.79021    45.5677     7.4614 0.0000e+00
