seaocn-cb/data/ctd_cnv/SBE19plus_01907321_2024_05_27_Cast86.cnv
* Sea-Bird SBE19plus  Data File:
* FileName = E:\Prandtl_Daten\2024\27052024\raw\SBE19plus_01907321_2024_05_27_Cast86.hex
* Software version 2.6.1.12
* Temperature SN = 7321
* Conductivity SN = 7321
* System UpLoad Time = May 27 2024 12:33:47
* <ApplicationData>
* <Seaterm232>
** 20240527
** Sea Practical 2024
** MCat 27.05 CTD_SP5
** NMEA Latitude = 54 7.781N
** NMEA Longitude = 008 25.579E
** waterdepth = 10.7m
** Merle
# nquan = 11
# nvalues = 395                         
# units = specified
# name 0 = timeJ: Julian Days
# name 1 = prdM: Pressure, Strain Gauge [db]
# name 2 = tv290C: Temperature [ITS-90, deg C]
# name 3 = c0mS/cm: Conductivity [mS/cm]
# name 4 = sal00: Salinity, Practical [PSU]
# name 5 = depSM: Depth [salt water, m], lat = 54.00
# name 6 = oxsatMm/Kg: Oxygen Saturation, Weiss [umol/kg]
# name 7 = oxsolMm/Kg: Oxygen Saturation, Garcia & Gordon [umol/kg]
# name 8 = turbWETntu0: Turbidity, WET Labs ECO [NTU]
# name 9 = flECO-AFL: Fluorescence, WET Labs ECO-AFL/FL [mg/m^3]
# name 10 = flag:  0.000e+00
# span 0 = 148.520775, 148.521916       
# span 1 =      0.914,     10.374       
# span 2 =    15.7582,    15.8865       
# span 3 =  37.198317,  37.282095       
# span 4 =    29.2499,    29.2774       
# span 5 =      0.906,     10.281       
# span 6 =  253.04368,  253.64853       
# span 7 =  253.33985,  253.93851       
# span 8 =    -2.5413,    38.9062       
# span 9 =     1.7781,     6.0401       
# span 10 = 0.0000e+00, 0.0000e+00      
# interval = seconds: 0.25
# start_time = May 27 2024 12:28:33 [Instrument's time stamp, header]
# bad_flag = -9.990e-29
*END*
[from data line 132]
 148.521157      4.249    15.7835  37.212489    29.2632      4.211  253.53734  253.82852    -1.2027     3.7797 0.0000e+00
 148.521160      4.280    15.7832  37.209850    29.2620      4.242  253.54254  253.83373    -1.1405     3.7797 0.0000e+00
 148.521163      4.311    15.7831  37.209789    29.2620      4.273  253.54295  253.83413    -1.2027     3.7918 0.0000e+00
 148.521166      4.337    15.7823  37.210894    29.2624      4.298  253.54426  253.83540    -1.6541     4.1234 0.0000e+00
 148.521169      4.366    15.7815  37.208316    29.2630      4.327  253.54920  253.84030    -1.6696     4.1295 0.0000e+00
 148.521172      4.391    15.7808  37.203836    29.2624      4.352  253.55413  253.84519    -1.6852     4.1355 -9.990e-29
 148.521175      4.413    15.7767  37.206598    29.2639      4.374  253.57191  253.86277    -1.7786     4.0627 -9.990e-29
 148.521178      4.439    15.7750  37.202916    29.2619      4.399  253.58404  253.87484    -0.1755     3.3470 -9.990e-29
 148.521181      4.457    15.7734  37.204635    29.2646      4.417  253.58739  253.87809    -0.1911     3.3511 -9.990e-29
 148.521183      4.477    15.7728  37.202057    29.2628      4.437  253.59369  253.88437    -0.2066     3.3632 -9.990e-29
 148.521186      4.499    15.7728  37.202917    29.2636      4.459  253.59240  253.88307    -0.1599     3.3470 -9.990e-29
 148.521189      4.523    15.7726  37.204635    29.2645      4.483  253.59162  253.88229    -0.8292     3.9172 -9.990e-29
 148.521192      4.550    15.7726  37.203837    29.2645      4.510  253.59162  253.88229    -0.8292     3.9172 0.0000e+00
 148.521195      4.576    15.7726  37.201567    29.2645      4.535  253.59162  253.88229    -0.8292     3.9172 -9.990e-29
 148.521198      4.600    15.7722  37.201321    29.2649      4.558  253.59278  253.88342    -0.5335     3.9131 -9.990e-29
 148.521201      4.629    15.7723  37.204083    29.2645      4.587  253.59310  253.88375    -0.3233     3.8160 0.0000e+00
 148.521204      4.656    15.7723  37.203286    29.2641      4.614  253.59341  253.88407    -0.1132     3.7473 0.0000e+00
 148.521207      4.683    15.7723  37.202917    29.2640      4.641  253.59385  253.88450    -0.0977     3.7332 0.0000e+00
 148.521209      4.718    15.7723  37.201813    29.2638      4.676  253.59429  253.88494    -0.0821     3.7473 -9.990e-29
 148.521212      4.740    15.7721  37.206109    29.2668      4.697  253.59037  253.88099    -0.1288     3.7716 -9.990e-29
 148.521215      4.762    15.7718  37.202427    29.2637      4.719  253.59686  253.88749    -1.7475     3.7797 -9.990e-29
 148.521218      4.776    15.7715  37.201322    29.2630      4.734  253.59973  253.89035    -1.6852     3.8242 -9.990e-29
 148.521221      4.793    15.7714  37.201813    29.2635      4.750  253.59929  253.88990    -1.7475     3.7878 -9.990e-29
 148.521224      4.804    15.7719  37.200893    29.2623      4.761  253.59891  253.88955    -1.6230     3.7918 -9.990e-29
 148.521227      4.820    15.7722  37.202488    29.2635      4.777  253.59531  253.88596    -0.0354     3.7393 -9.990e-29
 148.521230      4.835    15.7717  37.203286    29.2641      4.791  253.59704  253.88766    -0.1132     3.7312 -9.990e-29
 148.521233      4.860    15.7716  37.202734    29.2635      4.817  253.59886  253.88947    -0.0977     3.7514 0.0000e+00
 148.521236      4.893    15.7714  37.201138    29.2641      4.849  253.59704  253.88766    -0.1132     3.7716 0.0000e+00
 148.521238      4.928    15.7713  37.204207    29.2654      4.883  253.59721  253.88780    -0.9381     3.8444 0.0000e+00
 148.521241      4.968    15.7713  37.203839    29.2654      4.923  253.59721  253.88780    -1.0160     3.8525 0.0000e+00
 148.521244      5.004    15.7712  37.201998    29.2637      4.960  253.59973  253.89033    -1.0160     3.8444 0.0000e+00
 148.521247      5.037    15.7708  37.199727    29.2637      4.992  253.60495  253.89550    -1.0315     3.8525 0.0000e+00
 148.521250      5.073    15.7705  37.201323    29.2630      5.028  253.60496  253.89554    -1.1716     3.8605 0.0000e+00
 148.521253      5.101    15.7702  37.201139    29.2639      5.055  253.60495  253.89550    -1.0315     3.8767 -9.990e-29
 148.521256      5.121    15.7688  37.198623    29.2625      5.075  253.61412  253.90462    -0.1599     3.5209 -9.990e-29
 148.521259      5.134    15.7688  37.203104    29.2665      5.088  253.60763  253.89810    -0.1599     3.5290 -9.990e-29
 148.521262      5.141    15.7683  37.199974    29.2641      5.095  253.61417  253.90463    -0.1755     3.5532 -9.990e-29
 148.521264      5.154    15.7674  37.198317    29.2633      5.108  253.61996  253.91038    -1.8097     3.9293 -9.990e-29
 148.521267      5.170    15.7667  37.203840    29.2686      5.124  253.61426  253.90461    -1.8253     3.9091 -9.990e-29
 148.521270      5.194    15.7657  37.202061    29.2669      5.147  253.62196  253.91227    -2.0588     3.9374 -9.990e-29
 148.521273      5.232    15.7658  37.201140    29.2685      5.185  253.61874  253.90904    -1.4907     4.0709 0.0000e+00
 148.521276      5.265    15.7659  37.205007    29.2688      5.218  253.61748  253.90779    -1.0160     4.1679 0.0000e+00
 148.521279      5.307    15.7660  37.203534    29.2695      5.259  253.61650  253.90681    -0.9693     4.1861 0.0000e+00
 148.521282      5.334    15.7660  37.202245    29.2688      5.287  253.61748  253.90779    -1.0160     4.1679 -9.990e-29
 148.521285      5.358    15.7648  37.205069    29.2710      5.310  253.61964  253.90988    -0.9381     4.1800 -9.990e-29
 148.521288      5.376    15.7644  37.205683    29.2719      5.328  253.62020  253.91042    -1.4051     3.9253 -9.990e-29
 148.521291      5.389    15.7641  37.205683    29.2721      5.341  253.62140  253.91160    -1.5452     3.9414 -9.990e-29
 148.521293      5.391    15.7639  37.203289    29.2701      5.343  253.62562  253.91583    -1.4051     3.9010 -9.990e-29
 148.521296      5.396    15.7639  37.199545    29.2668      5.348  253.63131  253.92154    -1.2961     3.9131 -9.990e-29
 148.521299      5.398    15.7635  37.203105    29.2702      5.350  253.62739  253.91758    -1.5140     3.9212 -9.990e-29
 148.521302      5.407    15.7625  37.202491    29.2702      5.359  253.63258  253.92272    -1.4051     3.7069 -9.990e-29
 148.521305      5.433    15.7624  37.202246    29.2706      5.384  253.63272  253.92285    -1.4440     3.7009 0.0000e+00
 148.521308      5.471    15.7623  37.202860    29.2704      5.422  253.63286  253.92298    -1.4051     3.6948 0.0000e+00
 148.521311      5.521    15.7622  37.202246    29.2704      5.471  253.63352  253.92365    -1.4051     3.6382 0.0000e+00
 148.521314      5.575    15.7622  37.202001    29.2702      5.525  253.63422  253.92434    -0.9848     3.3794 0.0000e+00
 148.521317      5.634    15.7620  37.200651    29.2702      5.583  253.63652  253.92660    -0.9226     3.3551 0.0000e+00
 148.521319      5.679    15.7613  37.202677    29.2692      5.629  253.63690  253.92702    -0.9226     3.3632 0.0000e+00
 148.521322      5.720    15.7611  37.199731    29.2703      5.668  253.63981  253.92988    -0.8525     3.3430 0.0000e+00
 148.521325      5.750    15.7608  37.199977    29.2692      5.699  253.64310  253.93316    -0.7825     3.3632 -9.990e-29
 148.521328      5.770    15.7605  37.201818    29.2713      5.719  253.64115  253.93118    -0.4712     4.0991 -9.990e-29
 148.521331      5.781    15.7605  37.202248    29.2716      5.730  253.64021  253.93024    -0.3156     4.1194 -9.990e-29
 148.521334      5.785    15.7603  37.203536    29.2729      5.733  253.63914  253.92916    -0.4712     4.0910 -9.990e-29
 148.521337      5.785    15.7600  37.202739    29.2724      5.733  253.64154  253.93154     0.6183     4.3094 -9.990e-29
 148.521340      5.785    15.7601  37.199302    29.2693      5.733  253.64616  253.93619     0.5405     4.3215 -9.990e-29
 148.521343      5.798    15.7599  37.200713    29.2707      5.746  253.64492  253.93493     0.6494     4.2892 -9.990e-29
 148.521345      5.811    15.7600  37.203844    29.2716      5.759  253.64297  253.93298     0.5249     4.3337 -9.990e-29
 148.521348      5.838    15.7600  37.201818    29.2708      5.786  253.64438  253.93439     0.0502     4.4752 0.0000e+00
 148.521351      5.867    15.7600  37.199977    29.2708      5.815  253.64314  253.93316    -0.3000     4.6167 0.0000e+00
 148.521354      5.898    15.7601  37.201143    29.2700      5.845  253.64578  253.93580    -0.3467     4.6167 0.0000e+00
 148.521357      5.929    15.7601  37.199302    29.2693      5.876  253.64654  253.93657    -0.3467     4.6086 0.0000e+00
 148.521360      5.958    15.7600  37.199057    29.2693      5.905  253.64654  253.93657    -0.3467     4.6086 0.0000e+00
 148.521363      5.988    15.7599  37.203292    29.2711      5.934  253.64447  253.93448     0.3303     4.4671 0.0000e+00
 148.521366      6.017    15.7597  37.205256    29.2730      5.963  253.64171  253.93170     1.0852     4.3256 -9.990e-29
 148.521369      6.040    15.7597  37.205256    29.2748      5.986  253.63906  253.92903     1.0229     4.2892 -9.990e-29
 148.521372      6.064    15.7597  37.204090    29.2737      6.010  253.64084  253.93082     1.0541     4.3134 -9.990e-29
 148.521374      6.086    15.7596  37.202065    29.2720      6.032  253.64423  253.93421     1.1475     4.1921 -9.990e-29
 148.521377      6.104    15.7595  37.205931    29.2754      6.050  253.63867  253.92862     1.1941     4.1881 -9.990e-29
 148.521380      6.128    15.7593  37.204336    29.2705      6.073  253.64853  253.93851     1.1475     4.1921 -9.990e-29
 148.521383      6.161    15.7593  37.200040    29.2730      6.106  253.64425  253.93422     0.2214     4.0465 0.0000e+00
 148.521386      6.194    15.7593  37.205686    29.2717      6.138  253.64594  253.93592    -0.6424     3.9010 0.0000e+00
 148.521389      6.221    15.7594  37.201574    29.2736      6.165  253.64296  253.93293    -0.6735     3.8949 0.0000e+00
 148.521392      6.250    15.7594  37.205011    29.2717      6.194  253.64594  253.93592    -0.6424     3.8889 -9.990e-29
 148.521395      6.272    15.7595  37.205686    29.2752      6.216  253.63914  253.92910    -0.5802     3.9172 -9.990e-29
 148.521398      6.285    15.7596  37.204643    29.2742      6.229  253.64043  253.93040    -0.6424     3.9091 -9.990e-29
 148.521400      6.294    15.7597  37.204766    29.2742      6.238  253.63995  253.92993     1.5677     4.2366 -9.990e-29
 148.521403      6.307    15.7597  37.205257    29.2747      6.250  253.63922  253.92919     1.5988     4.2568 -9.990e-29
 148.521406      6.320    15.7594  37.203416    29.2732      6.263  253.64291  253.93288     1.5988     4.2488 -9.990e-29
 148.521409      6.340    15.7595  37.205012    29.2748      6.283  253.63984  253.92980     2.7817     4.6895 -9.990e-29
 148.521412      6.365    15.7596  37.205257    29.2750      6.308  253.63905  253.92901     2.7584     4.6854 0.0000e+00
 148.521415      6.404    15.7597  37.205932    29.2748      6.346  253.63965  253.92963     2.7350     4.6895 0.0000e+00
 148.521418      6.444    15.7597  37.204828    29.2742      6.386  253.63965  253.92963     2.7350     4.7178 0.0000e+00
 148.521421      6.489    15.7598  37.203846    29.2742      6.431  253.63965  253.92963     2.8284     4.7340 0.0000e+00
 148.521424      6.535    15.7598  37.207038    29.2760      6.476  253.63617  253.92611     3.0307     5.1667 0.0000e+00
 148.521427      6.578    15.7594  37.207958    29.2760      6.520  253.63617  253.92611     3.0307     5.1788 0.0000e+00
 148.521429      6.613    15.7592  37.205688    29.2763      6.554  253.63865  253.92858     2.9918     5.1829 0.0000e+00
 148.521432      6.640    15.7590  37.205504    29.2754      6.581  253.64112  253.93105     2.9529     5.1869 -9.990e-29
 148.521435      6.662    15.7590  37.206854    29.2765      6.603  253.63967  253.92960     1.3965     4.0547 -9.990e-29
 148.521438      6.673    15.7590  37.202005    29.2722      6.614  253.64703  253.93699     1.4432     4.0466 -9.990e-29
 148.521441      6.679    15.7588  37.203172    29.2734      6.619  253.64586  253.93580     1.2564     4.0627 -9.990e-29
 148.521444      6.681    15.7586  37.205258    29.2754      6.621  253.64359  253.93350     1.3031     4.0587 -9.990e-29
 148.521447      6.679    15.7582  37.206118    29.2764      6.619  253.64377  253.93366     1.2564     4.0264 -9.990e-29
 148.521450      6.681    15.7582  37.203663    29.2743      6.621  253.64750  253.93740     5.3342     4.3094 -9.990e-29
 148.521453      6.684    15.7584  37.206363    29.2764      6.625  253.64251  253.93241     5.4587     4.3256 -9.990e-29
 148.521455      6.697    15.7590  37.205258    29.2751      6.637  253.64211  253.93205     5.3498     4.3215 -9.990e-29
 148.521458      6.721    15.7602  37.206793    29.2729      6.661  253.63954  253.92955     1.5988     4.5035 -9.990e-29
 148.521461      6.759    15.7606  37.203847    29.2729      6.699  253.63756  253.92759     1.6066     4.5015 0.0000e+00
 148.521464      6.803    15.7610  37.204522    29.2729      6.742  253.63557  253.92562     1.6144     4.4995 0.0000e+00
 148.521467      6.856    15.7614  37.208512    29.2729      6.795  253.63404  253.92414     1.6299     4.4995 0.0000e+00
 148.521470      6.909    15.7619  37.203418    29.2739      6.847  253.62806  253.91811     1.6299     4.4833 0.0000e+00
 148.521473      6.956    15.7622  37.206793    29.2718      6.894  253.63033  253.92046     4.2914     3.8161 0.0000e+00
 148.521476      6.993    15.7623  37.204523    29.2728      6.930  253.62904  253.91915     4.2914     3.8100 0.0000e+00
 148.521479      7.024    15.7624  37.208328    29.2718      6.961  253.63033  253.92046     4.2914     3.8039 -9.990e-29
 148.521481      7.044    15.7626  37.205934    29.2729      6.981  253.62763  253.91775     4.4004     3.8039 -9.990e-29
 148.521484      7.058    15.7626  37.208880    29.2754      6.995  253.62317  253.91327     3.7467     4.2609 -9.990e-29
 148.521487      7.062    15.7625  37.205505    29.2725      6.999  253.62859  253.91871     3.7467     4.2568 -9.990e-29
 148.521490      7.066    15.7631  37.209555    29.2756      7.002  253.62007  253.91020     3.6533     4.2488 -9.990e-29
 148.521493      7.060    15.7634  37.204645    29.2711      6.997  253.62662  253.91679     3.8089     4.2568 -9.990e-29
 148.521496      7.069    15.7634  37.206364    29.2726      7.006  253.62402  253.91418     3.8245     4.2326 -9.990e-29
 148.521499      7.078    15.7636  37.209126    29.2749      7.015  253.61895  253.90910     3.7622     4.1072 -9.990e-29
 148.521502      7.102    15.7639  37.209433    29.2762      7.039  253.61509  253.90525     3.7778     4.0991 -9.990e-29
 148.521505      7.133    15.7642  37.210906    29.2756      7.069  253.61486  253.90504     3.7856     4.0930 0.0000e+00
 148.521508      7.171    15.7644  37.210047    29.2751      7.107  253.61509  253.90525     3.7778     4.0991 0.0000e+00
 148.521510      7.208    15.7646  37.208881    29.2747      7.143  253.61463  253.90483     2.2681     4.8513 0.0000e+00
 148.521513      7.252    15.7648  37.210047    29.2747      7.187  253.61322  253.90343     2.2681     4.8674 0.0000e+00
 148.521516      7.293    15.7648  37.210047    29.2747      7.228  253.61322  253.90343     2.3770     4.8674 0.0000e+00
 148.521519      7.332    15.7643  37.207285    29.2731      7.266  253.61921  253.90942     2.3926     4.8674 0.0000e+00
 148.521522      7.361    15.7641  37.207470    29.2729      7.295  253.61982  253.91002     2.5949     4.5197 0.0000e+00
 148.521525      7.387    15.7639  37.210477    29.2731      7.320  253.62043  253.91062     2.8128     4.1598 -9.990e-29
 148.521528      7.405    15.7641  37.207040    29.2726      7.339  253.62052  253.91071     2.7661     4.1638 -9.990e-29
 148.521531      7.418    15.7638  37.208636    29.2742      7.351  253.61929  253.90946     2.8751     4.1921 -9.990e-29
