seaocn-cb/data/ctd_cnv/SBE19plus_01907321_2024_05_28_Cast95.cnv
* Sea-Bird SBE19plus  Data File:
* FileName = E:\Prandtl_Daten\2024\28052024\raw\SBE19plus_01907321_2024_05_28_Cast95.hex
* Software version 2.6.1.12
* Temperature SN = 7321
* Conductivity SN = 7321
* System UpLoad Time = May 28 2024 12:31:30
* <ApplicationData>
* <Seaterm232>
** 20240527
** Sea Practical 2024
** MCat 27.05 CTD_SP7
** NMEA Latitude = 54 8.36N
** NMEA Longitude = 008 20.85E
** waterdepth = 14.4m
** Maja
# nquan = 11
# nvalues = 488                         
# units = specified
# name 0 = timeJ: Julian Days
# name 1 = prdM: Pressure, Strain Gauge [db]
# name 2 = tv290C: Temperature [ITS-90, deg C]
# name 3 = c0mS/cm: Conductivity [mS/cm]
# name 4 = sal00: Salinity, Practical [PSU]
# name 5 = depSM: Depth [salt water, m], lat = 54.00
# name 6 = oxsatMm/Kg: Oxygen Saturation, Weiss [umol/kg]
# name 7 = oxsolMm/Kg: Oxygen Saturation, Garcia & Gordon [umol/kg]
# name 8 = turbWETntu0: Turbidity, WET Labs ECO [NTU]
# name 9 = flECO-AFL: Fluorescence, WET Labs ECO-AFL/FL [mg/m^3]
# name 10 = flag:  0.000e+00
# span 0 = 149.518194, 149.519604       
# span 1 =      0.962,     13.925       
# span 2 =    14.9370,    17.3688       
# span 3 =  37.225378,  37.919650       
# span 4 =    28.1974,    30.5289       
# span 5 =      0.953,     13.801       
# span 6 =  247.55880,  255.64355       
# span 7 =  247.92679,  255.88267       
# span 8 =    -4.5490,     7.3264       
# span 9 =     1.7579,     8.8969       
# span 10 = 0.0000e+00, 0.0000e+00      
# interval = seconds: 0.25
# start_time = May 28 2024 12:24:04 [Instrument's time stamp, header]
# bad_flag = -9.990e-29
*END*
[from data line 263]
 149.518955      8.542    15.0765  37.802669    30.3184      8.465  255.29242  255.54047    -1.1405     5.8096 -9.990e-29
 149.518958      8.523    15.0744  37.805078    30.3221      8.447  255.29649  255.54441    -1.2183     5.7732 -9.990e-29
 149.518961      8.529    15.0675  37.804893    30.3265      8.452  255.32453  255.57205    -1.7942     5.3648 -9.990e-29
 149.518964      8.571    15.0671  37.803905    30.3267      8.494  255.32644  255.57394    -1.7319     5.3789 0.0000e+00
 149.518967      8.638    15.0666  37.803535    30.3265      8.561  255.32835  255.57583    -1.7475     5.3931 0.0000e+00
 149.518970      8.726    15.0666  37.802053    30.3261      8.648  255.32951  255.57700    -1.6697     5.3931 0.0000e+00
 149.518973      8.802    15.0665  37.802856    30.3259      8.723  255.33305  255.58050    -1.2339     5.3931 0.0000e+00
 149.518976      8.861    15.0665  37.799335    30.3246      8.781  255.33258  255.58007    -1.2339     5.3830 0.0000e+00
 149.518979      8.906    15.0665  37.800880    30.3231      8.827  255.33564  255.58314    -1.2339     5.3608 -9.990e-29
 149.518981      8.931    15.0660  37.800448    30.3244      8.852  255.33569  255.58316    -1.3428     5.2961 -9.990e-29
 149.518984      8.935    15.0652  37.804154    30.3283      8.855  255.33309  255.58048    -1.2494     5.3405 -9.990e-29
 149.518987      8.933    15.0642  37.801992    30.3272      8.854  255.34025  255.58760    -1.0315     6.0280 -9.990e-29
 149.518990      8.921    15.0636  37.800633    30.3265      8.841  255.34470  255.59202    -1.0782     6.0077 -9.990e-29
 149.518993      8.915    15.0640  37.804216    30.3293      8.835  255.33734  255.58466    -1.2183     5.9996 -9.990e-29
 149.518996      8.928    15.0638  37.806872    30.3332      8.848  255.33176  255.57904    -0.9381     6.0724 -9.990e-29
 149.518999      8.957    15.0633  37.808355    30.3340      8.877  255.33308  255.58033    -0.9615     6.0906 0.0000e+00
 149.519002      9.008    15.0627  37.809282    30.3348      8.928  255.33441  255.58162    -0.9381     6.1088 0.0000e+00
 149.519005      9.074    15.0599  37.812495    30.3398      8.993  255.33989  255.58691    -0.8448     6.1088 0.0000e+00
 149.519008      9.143    15.0562  37.821268    30.3505      9.062  255.34043  255.58718    -0.7981     6.1048 0.0000e+00
 149.519010      9.198    15.0538  37.828807    30.3558      9.116  255.34370  255.59028    -0.7047     5.7308 0.0000e+00
 149.519013      9.236    15.0513  37.831032    30.3610      9.154  255.34697  255.59338    -0.5646     5.3567 -9.990e-29
 149.519016      9.260    15.0396  37.828191    30.3695      9.177  255.39214  255.63788    -0.3623     5.4093 -9.990e-29
 149.519019      9.273    15.0373  37.831837    30.3746      9.190  255.39515  255.64072    -0.4245     5.3688 -9.990e-29
 149.519022      9.282    15.0352  37.833691    30.3778      9.199  255.40010  255.64553    -0.4245     5.3850 -9.990e-29
 149.519025      9.288    15.0328  37.832764    30.3789      9.205  255.41056  255.65586    -0.5957     6.3797 -9.990e-29
 149.519028      9.295    15.0317  37.832641    30.3796      9.212  255.41482  255.66007    -0.3778     6.3919 -9.990e-29
 149.519031      9.308    15.0336  37.833444    30.3789      9.225  255.40623  255.65158    -0.4712     6.4404 -9.990e-29
 149.519034      9.337    15.0342  37.833506    30.3790      9.254  255.40334  255.64871    -0.6347     6.4546 0.0000e+00
 149.519036      9.383    15.0347  37.834618    30.3790      9.299  255.40045  255.64585    -0.7981     6.4687 0.0000e+00
 149.519039      9.428    15.0347  37.837399    30.3797      9.344  255.40045  255.64585    -0.8915     6.4849 0.0000e+00
 149.519042      9.487    15.0338  37.834619    30.3797      9.402  255.40400  255.64935    -0.8915     6.4849 0.0000e+00
 149.519045      9.532    15.0334  37.830417    30.3781      9.447  255.40876  255.65410    -0.8759     6.4586 0.0000e+00
 149.519048      9.571    15.0330  37.822817    30.3765      9.485  255.41352  255.65885    -0.8136     6.4323 -9.990e-29
 149.519051      9.594    15.0370  37.821087    30.3650      9.509  255.41308  255.65871     0.2603     6.1290 -9.990e-29
 149.519054      9.613    15.0414  37.820407    30.3611      9.527  255.39788  255.64377     0.3381     6.1452 -9.990e-29
 149.519057      9.629    15.0440  37.824176    30.3624      9.543  255.38210  255.62812     0.3226     6.2059 -9.990e-29
 149.519060      9.644    15.0434  37.820901    30.3599      9.557  255.38928  255.63529     0.1202     7.2896 -9.990e-29
 149.519062      9.656    15.0432  37.819295    30.3586      9.570  255.39267  255.63868     0.0891     7.2936 -9.990e-29
 149.519065      9.675    15.0443  37.822507    30.3607      9.588  255.38358  255.62963     0.0268     7.2208 -9.990e-29
 149.519068      9.700    15.0440  37.825288    30.3721      9.613  255.36513  255.61107    -0.0043     7.2370 -9.990e-29
 149.519071      9.740    15.0423  37.835051    30.3715      9.653  255.37453  255.62040    -0.5879     6.3717 0.0000e+00
 149.519074      9.784    15.0407  37.831035    30.3721      9.696  255.38394  255.62972    -1.1405     5.5063 0.0000e+00
 149.519077      9.830    15.0376  37.834372    30.3764      9.742  255.39036  255.63594    -1.1716     5.4821 0.0000e+00
 149.519080      9.868    15.0353  37.833199    30.3764      9.780  255.40094  255.64639    -1.2494     5.4821 0.0000e+00
 149.519083      9.905    15.0346  37.830418    30.3763      9.816  255.40545  255.65088    -1.2806     5.4922 0.0000e+00
 149.519086      9.930    15.0340  37.825290    30.3756      9.841  255.40997  255.65537    -1.2494     5.5023 -9.990e-29
 149.519089      9.941    15.0377  37.821088    30.3644      9.852  255.41067  255.65635    -1.5452     5.4861 -9.990e-29
 149.519091      9.946    15.0413  37.816701    30.3577      9.857  255.40419  255.65010    -1.6074     5.5225 -9.990e-29
 149.519094      9.957    15.0454  37.811079    30.3495      9.868  255.39760  255.64379    -1.2961     5.5144 -9.990e-29
 149.519097      9.970    15.0498  37.809287    30.3445      9.881  255.38385  255.63031    -0.9537     6.1129 -9.990e-29
 149.519100      9.994    15.0536  37.813673    30.3459      9.904  255.36170  255.60835    -0.7514     6.1290 -9.990e-29
 149.519103     10.029    15.0533  37.814167    30.3456      9.939  255.36380  255.61044    -0.8448     6.1290 0.0000e+00
 149.519106     10.078    15.0530  37.812993    30.3459      9.988  255.36497  255.61157    -0.9381     6.1290 0.0000e+00
 149.519109     10.142    15.0528  37.813982    30.3462     10.051  255.36590  255.61252    -1.1716     5.7732 0.0000e+00
 149.519112     10.206    15.0520  37.814847    30.3472     10.114  255.36685  255.61340    -1.1716     5.7732 0.0000e+00
 149.519115     10.257    15.0514  37.813736    30.3472     10.165  255.37124  255.61776    -1.1716     5.7570 0.0000e+00
 149.519117     10.310    15.0513  37.813303    30.3470     10.217  255.37145  255.61798    -1.1716     5.7792 0.0000e+00
 149.519120     10.348    15.0514  37.813921    30.3467     10.255  255.37166  255.61819    -1.1716     5.7368 -9.990e-29
 149.519123     10.362    15.0512  37.813551    30.3470     10.270  255.37189  255.61840     0.8362     5.9147 -9.990e-29
 149.519126     10.364    15.0511  37.814354    30.3478     10.271  255.37092  255.61743     0.9296     5.9673 -9.990e-29
 149.519129     10.355    15.0506  37.816640    30.3503     10.262  255.36937  255.61583     0.7895     5.9754 -9.990e-29
 149.519132     10.344    15.0497  37.818555    30.3527     10.252  255.36985  255.61624     0.9607     5.9390 -9.990e-29
 149.519135     10.341    15.0481  37.817072    30.3526     10.248  255.37798  255.62429     2.1591     6.9014 -9.990e-29
 149.519138     10.344    15.0472  37.820409    30.3563     10.252  255.37624  255.62248     2.4237     6.9256 -9.990e-29
 149.519141     10.363    15.0431  37.825970    30.3725     10.270  255.36873  255.61462     2.2525     6.8043 -9.990e-29
 149.519144     10.399    15.0405  37.835053    30.3776     10.306  255.37329  255.61901     1.8867     6.8447 0.0000e+00
 149.519146     10.448    15.0378  37.842037    30.3828     10.355  255.37786  255.62339     1.5210     6.8569 0.0000e+00
 149.519149     10.508    15.0316  37.854831    30.3990     10.414  255.38107  255.62616     1.4432     6.8569 0.0000e+00
 149.519152     10.563    15.0228  37.873685    30.4227     10.469  255.38493  255.62936     1.4120     6.8569 0.0000e+00
 149.519155     10.622    15.0097  37.883269    30.4415     10.527  255.41926  255.66285     1.4432     6.8488 0.0000e+00
 149.519158     10.667    14.9972  37.887722    30.4551     10.572  255.45929  255.70212     2.2681     6.0320 0.0000e+00
 149.519161     10.704    14.9920  37.893969    30.4620     10.608  255.47412  255.71662     2.3615     6.0077 0.0000e+00
 149.519164     10.731    14.9868  37.894155    30.4689     10.635  255.48894  255.73112     2.2681     6.0320 -9.990e-29
 149.519167     10.748    14.9736  37.894218    30.4793     10.651  255.53816  255.77956     2.2681     6.0401 -9.990e-29
 149.519170     10.759    14.9690  37.897496    30.4859     10.662  255.55040  255.79152     2.2369     6.0360 -9.990e-29
 149.519172     10.771    14.9652  37.900835    30.4918     10.675  255.55936  255.80023     3.7934     6.8569 -9.990e-29
 149.519175     10.786    14.9611  37.897929    30.4936     10.689  255.57747  255.81811     3.8556     6.8529 -9.990e-29
 149.519178     10.813    14.9612  37.899290    30.4944     10.716  255.57569  255.81632     3.7389     6.8246 0.0000e+00
 149.519181     10.844    14.9611  37.901207    30.4952     10.747  255.57390  255.81453     3.6222     6.8529 0.0000e+00
 149.519184     10.886    14.9605  37.903743    30.4980     10.789  255.57390  255.81453     2.1436     6.9661 0.0000e+00
 149.519187     10.930    14.9588  37.906773    30.5020     10.832  255.57418  255.81463     2.1436     7.0186 0.0000e+00
 149.519190     10.974    14.9564  37.908443    30.5054     10.876  255.58085  255.82114     2.0969     7.0186 0.0000e+00
 149.519193     11.016    14.9551  37.909742    30.5076     10.917  255.58376  255.82397     1.9568     7.0186 0.0000e+00
 149.519196     11.062    14.9546  37.911660    30.5089     10.962  255.58430  255.82447     1.9413     6.6891 0.0000e+00
 149.519198     11.087    14.9540  37.910423    30.5101     10.988  255.58483  255.82496     1.9568     6.3555 -9.990e-29
 149.519201     11.083    14.9518  37.912402    30.5125     10.984  255.59207  255.83207     2.0502     6.3353 -9.990e-29
 149.519204     11.065    14.9501  37.912217    30.5136     10.966  255.59844  255.83834     2.0346     6.3353 -9.990e-29
 149.519207     11.040    14.9495  37.914196    30.5159     10.941  255.59791  255.83776     2.6727     6.4930 -9.990e-29
 149.519210     11.016    14.9485  37.915433    30.5178     10.917  255.59943  255.83921     2.5794     6.4970 -9.990e-29
 149.519213     10.994    14.9477  37.912835    30.5161     10.896  255.60669  255.84644     2.6727     6.5011 -9.990e-29
 149.519216     11.003    14.9478  37.912402    30.5156     10.905  255.60680  255.84656     2.6105     6.4728 -9.990e-29
 149.519219     11.036    14.9455  37.913516    30.5192     10.937  255.61232  255.85194     2.1591     6.8731 -9.990e-29
 149.519222     11.078    14.9455  37.914444    30.5200     10.979  255.61103  255.85064     2.2914     6.8731 0.0000e+00
 149.519225     11.133    14.9455  37.916114    30.5200     11.033  255.61103  255.85063     2.3926     6.8731 0.0000e+00
 149.519227     11.186    14.9455  37.915310    30.5200     11.085  255.61103  255.85063     2.4237     6.8812 0.0000e+00
 149.519230     11.242    14.9451  37.913331    30.5200     11.141  255.61591  255.85551     2.4393     6.8812 0.0000e+00
 149.519233     11.290    14.9436  37.913950    30.5202     11.188  255.62047  255.85998     3.0307     6.0522 0.0000e+00
 149.519236     11.333    14.9430  37.913950    30.5207     11.232  255.62266  255.86213     3.1397     6.0259 0.0000e+00
 149.519239     11.366    14.9425  37.912157    30.5211     11.265  255.62485  255.86428     3.2486     6.0522 -9.990e-29
 149.519242     11.381    14.9413  37.914198    30.5222     11.279  255.62883  255.86820     3.2175     6.0280 -9.990e-29
 149.519245     11.397    14.9418  37.912652    30.5204     11.295  255.62954  255.86894     2.4548     6.8529 -9.990e-29
 149.519248     11.406    14.9418  37.913518    30.5211     11.304  255.62789  255.86730     2.5949     6.8488 -9.990e-29
 149.519251     11.426    14.9416  37.912652    30.5205     11.324  255.63014  255.86953     2.6105     6.8488 -9.990e-29
 149.519253     11.450    14.9412  37.915312    30.5223     11.348  255.62947  255.86883     3.5910     7.9568 -9.990e-29
 149.519256     11.479    14.9412  37.914198    30.5222     11.376  255.62963  255.86899     3.5755     7.9123 0.0000e+00
 149.519259     11.516    14.9412  37.914013    30.5223     11.413  255.62947  255.86883     3.5599     7.8961 0.0000e+00
 149.519262     11.558    14.9412  37.914879    30.5228     11.455  255.62816  255.86752     3.5599     7.8961 0.0000e+00
 149.519265     11.596    14.9414  37.916363    30.5240     11.492  255.62527  255.86463     3.6844     7.8961 0.0000e+00
 149.519268     11.631    14.9419  37.917106    30.5240     11.527  255.62527  255.86463     3.6844     7.8719 0.0000e+00
 149.519271     11.662    14.9422  37.913766    30.5226     11.558  255.62386  255.86327     3.0152     7.5504 0.0000e+00
 149.519274     11.691    14.9424  37.915869    30.5209     11.587  255.62563  255.86507     2.3459     7.2289 -9.990e-29
 149.519277     11.713    14.9422  37.916673    30.5236     11.608  255.62167  255.86107     2.2525     7.1683 -9.990e-29
 149.519280     11.730    14.9429  37.915869    30.5223     11.624  255.62034  255.85979     2.2681     7.1925 -9.990e-29
 149.519282     11.739    14.9432  37.916859    30.5229     11.633  255.61763  255.85709     3.7155     7.2896 -9.990e-29
 149.519285     11.748    14.9435  37.915993    30.5220     11.643  255.61813  255.85761     3.5599     7.2491 -9.990e-29
 149.519288     11.764    14.9435  37.915189    30.5213     11.659  255.61940  255.85889     3.5288     7.2168 -9.990e-29
 149.519291     11.788    14.9420  37.914199    30.5222     11.682  255.62533  255.86473     3.1552     8.8666 -9.990e-29
 149.519294     11.818    14.9418  37.914942    30.5225     11.712  255.62577  255.86516     3.1163     8.8969 0.0000e+00
 149.519297     11.858    14.9417  37.915313    30.5227     11.751  255.62595  255.86533     3.0930     8.8666 0.0000e+00
 149.519300     11.894    14.9417  37.915313    30.5227     11.788  255.62595  255.86533     3.0930     8.8504 0.0000e+00
 149.519303     11.925    14.9422  37.915684    30.5226     11.818  255.62465  255.86407     3.0930     8.8464 0.0000e+00
 149.519306     11.962    14.9422  37.914880    30.5220     11.854  255.62465  255.86407     3.0930     7.1278 0.0000e+00
 149.519308     11.995    14.9421  37.914942    30.5219     11.887  255.62515  255.86456     3.0930     7.1197 0.0000e+00
 149.519311     12.027    14.9418  37.913335    30.5220     11.920  255.62515  255.86456     3.1864     7.1197 0.0000e+00
 149.519314     12.060    14.9418  37.916427    30.5234     11.952  255.62459  255.86396     3.0152     7.1480 0.0000e+00
 149.519317     12.089    14.9419  37.916365    30.5237     11.981  255.62355  255.86294     3.2175     7.1480 0.0000e+00
 149.519320     12.126    14.9427  37.919519    30.5240     12.017  255.61575  255.85521     3.3576     6.9863 0.0000e+00
 149.519323     12.170    14.9427  37.918221    30.5240     12.061  255.61575  255.85521     3.6222     6.9863 0.0000e+00
 149.519326     12.213    14.9424  37.916675    30.5233     12.104  255.62140  255.86082     3.6222     7.0186 0.0000e+00
 149.519329     12.252    14.9412  37.915562    30.5233     12.142  255.62655  255.86583     3.6533     7.0186 0.0000e+00
