seaocn-cb/data/ctd_cnv/SBE19plus_01907321_2024_05_25_Cast56.cnv
* Sea-Bird SBE19plus  Data File:
* FileName = E:\Prandtl_Daten\2024\25052024\raw\SBE19plus_01907321_2024_05_25_Cast56.hex
* Software version 2.6.1.12
* Temperature SN = 7321
* Conductivity SN = 7321
* System UpLoad Time = May 25 2024 10:00:31
* <ApplicationData>
* <Seaterm232>
** 20240525
** Sea Practical 2024
** MCat 25.05 CTD_SP11
** NMEA Latitude = 054 9.26N
** NMEA Longitude = 008 9.96E
** waterdepth =19m
** Clemens
# nquan = 11
# nvalues = 667                         
# units = specified
# name 0 = timeJ: Julian Days
# name 1 = prdM: Pressure, Strain Gauge [db]
# name 2 = tv290C: Temperature [ITS-90, deg C]
# name 3 = c0mS/cm: Conductivity [mS/cm]
# name 4 = sal00: Salinity, Practical [PSU]
# name 5 = depSM: Depth [salt water, m], lat = 54.00
# name 6 = oxsatMm/Kg: Oxygen Saturation, Weiss [umol/kg]
# name 7 = oxsolMm/Kg: Oxygen Saturation, Garcia & Gordon [umol/kg]
# name 8 = turbWETntu0: Turbidity, WET Labs ECO [NTU]
# name 9 = flECO-AFL: Fluorescence, WET Labs ECO-AFL/FL [mg/m^3]
# name 10 = flag:  0.000e+00
# span 0 = 146.411597, 146.413524       
# span 1 =      0.652,     18.051       
# span 2 =    12.7364,    14.6499       
# span 3 =  37.479537,  37.897255       
# span 4 =    30.7088,    32.1734       
# span 5 =      0.646,     17.889       
# span 6 =  256.75224,  264.39928       
# span 7 =  256.97429,  264.49397       
# span 8 =    -5.0160,     1.8634       
# span 9 =     4.6289,     8.6401       
# span 10 = 0.0000e+00, 0.0000e+00      
# interval = seconds: 0.25
# start_time = May 25 2024 09:51:19 [Instrument's time stamp, header]
# bad_flag = -9.990e-29
*END*
[from data line 132]
 146.411979      4.510    14.5153  37.777894    30.7371      4.469  257.45631  257.67109    -4.5490     7.6656 -9.990e-29
 146.411982      4.513    14.5154  37.781229    30.7400      4.473  257.45038  257.66514    -4.4557     7.7384 -9.990e-29
 146.411985      4.519    14.5156  37.781661    30.7403      4.479  257.44911  257.66388    -4.4712     7.6818 -9.990e-29
 146.411988      4.537    14.5160  37.783390    30.7397      4.497  257.44780  257.66260    -4.7047     8.2277 -9.990e-29
 146.411991      4.565    14.5159  37.781414    30.7377      4.524  257.45245  257.66726    -4.6269     8.2338 0.0000e+00
 146.411994      4.601    14.5157  37.776536    30.7356      4.560  257.45711  257.67192    -4.5802     8.2398 0.0000e+00
 146.411997      4.643    14.5142  37.769373    30.7308      4.602  257.47414  257.68892    -4.5490     8.2398 0.0000e+00
 146.411999      4.693    14.5104  37.766780    30.7302      4.651  257.49277  257.70734    -4.5335     8.1994 0.0000e+00
 146.412002      4.742    14.5065  37.761965    30.7296      4.700  257.51556  257.72993    -4.5024     7.2653 0.0000e+00
 146.412005      4.799    14.5023  37.753260    30.7293      4.756  257.54577  257.75994    -4.5024     7.2572 0.0000e+00
 146.412008      4.846    14.4971  37.753507    30.7284      4.803  257.56504  257.77889    -4.5490     7.2653 0.0000e+00
 146.412011      4.890    14.4949  37.748693    30.7289      4.846  257.57730  257.79103    -4.5801     7.2592 0.0000e+00
 146.412014      4.922    14.4927  37.755978    30.7284      4.878  257.58956  257.80318    -4.5490     7.2653 -9.990e-29
 146.412017      4.946    14.4892  37.753138    30.7352      4.902  257.59572  257.80909    -4.7825     7.4028 -9.990e-29
 146.412020      4.964    14.4888  37.751718    30.7342      4.920  257.59975  257.81311    -4.7825     7.3785 -9.990e-29
 146.412023      4.973    14.4879  37.746656    30.7303      4.929  257.61108  257.82442    -4.7825     7.3987 -9.990e-29
 146.412025      4.981    14.4862  37.743755    30.7291      4.936  257.62240  257.83566    -4.7358     7.9163 -9.990e-29
 146.412028      4.994    14.4804  37.741286    30.7319      4.949  257.64784  257.86076    -4.8136     7.8840 -9.990e-29
 146.412031      5.026    14.4794  37.741780    30.7323      4.981  257.65245  257.86531    -4.7903     7.8961 0.0000e+00
 146.412034      5.079    14.4783  37.740917    30.7327      5.034  257.65198  257.86473    -4.7669     7.8840 0.0000e+00
 146.412037      5.130    14.4783  37.744806    30.7339      5.084  257.65290  257.86571    -4.6424     7.4068 0.0000e+00
 146.412040      5.179    14.4787  37.742645    30.7339      5.133  257.65290  257.86571    -4.5179     7.4028 0.0000e+00
 146.412043      5.218    14.4788  37.741534    30.7333      5.171  257.65337  257.86619    -4.5101     7.3906 0.0000e+00
 146.412046      5.243    14.4789  37.741781    30.7327      5.196  257.65384  257.86668    -4.5179     7.4028 -9.990e-29
 146.412049      5.254    14.4783  37.740115    30.7319      5.207  257.65846  257.87127    -4.5802     7.3947 -9.990e-29
 146.412052      5.250    14.4773  37.731411    30.7249      5.203  257.67652  257.88933    -4.1755     7.2653 -9.990e-29
 146.412054      5.240    14.4732  37.727153    30.7242      5.193  257.69897  257.91156    -4.1599     7.2410 -9.990e-29
 146.412057      5.227    14.4693  37.726968    30.7271      5.180  257.71398  257.92634    -4.4090     7.2694 -9.990e-29
 146.412060      5.223    14.4665  37.726290    30.7287      5.177  257.72576  257.93795    -4.3311     7.2289 -9.990e-29
 146.412063      5.233    14.4630  37.722957    30.7256      5.186  257.75000  257.96202    -4.4557     8.4541 -9.990e-29
 146.412066      5.263    14.4615  37.719686    30.7242      5.216  257.75993  257.97188    -4.5491     8.4420 0.0000e+00
 146.412069      5.311    14.4601  37.714194    30.7228      5.263  257.76986  257.98174    -4.5335     8.4299 0.0000e+00
 146.412072      5.367    14.4561  37.707962    30.7205      5.319  257.79525  258.00693    -4.5335     8.3975 0.0000e+00
 146.412075      5.435    14.4516  37.704199    30.7204      5.386  257.81840  258.02984    -4.5179     7.1602 0.0000e+00
 146.412078      5.491    14.4470  37.698646    30.7191      5.442  257.84530  258.05650    -4.5179     7.1278 0.0000e+00
 146.412080      5.557    14.4426  37.691921    30.7191      5.508  257.87294  258.08392    -4.5802     7.1278 0.0000e+00
 146.412083      5.615    14.4371  37.691614    30.7205      5.565  257.89428  258.10492    -4.5802     7.1278 0.0000e+00
 146.412086      5.667    14.4351  37.688468    30.7206      5.616  257.90463  258.11516    -4.7280     6.9539 0.0000e+00
 146.412089      5.700    14.4331  37.688468    30.7208      5.649  257.91498  258.12540    -4.8759     6.7437 -9.990e-29
 146.412092      5.725    14.4291  37.694515    30.7295      5.674  257.92057  258.13069    -4.7047     6.7113 -9.990e-29
 146.412095      5.743    14.4299  37.692479    30.7270      5.692  257.92069  258.13088    -4.8448     6.7639 -9.990e-29
 146.412098      5.758    14.4301  37.687852    30.7226      5.706  257.92730  258.13755    -4.9226     6.7315 -9.990e-29
 146.412101      5.765    14.4294  37.687297    30.7227      5.713  257.93109  258.14129    -4.6113     6.8933 -9.990e-29
 146.412104      5.763    14.4281  37.685384    30.7219      5.712  257.93880  258.14894    -4.5490     6.9297 -9.990e-29
 146.412106      5.756    14.4264  37.678290    30.7168      5.704  257.95689  258.16698    -4.5179     6.9459 -9.990e-29
 146.412109      5.748    14.4229  37.676563    30.7180      5.697  257.97296  258.18285    -4.5490     6.9256 -9.990e-29
 146.412112      5.752    14.4188  37.679710    30.7242      5.701  257.98377  258.19338    -4.5802     7.4796 -9.990e-29
 146.412115      5.765    14.4168  37.671505    30.7183      5.713  258.00454  258.21409    -4.6580     7.4918 -9.990e-29
 146.412118      5.783    14.4083  37.663055    30.7088      5.731  258.06612  258.27528    -4.5802     7.4998 -9.990e-29
 146.412121      5.809    14.4042  37.653620    30.7098      5.757  258.08572  258.29465    -4.5490     7.6070 0.0000e+00
 146.412124      5.843    14.4001  37.648687    30.7088      5.791  258.10532  258.31402    -4.5490     7.6980 0.0000e+00
 146.412127      5.894    14.3926  37.639932    30.7094      5.842  258.14841  258.35671    -4.5490     7.6980 0.0000e+00
 146.412130      5.955    14.3846  37.633643    30.7094      5.901  258.18925  258.39710    -4.5490     7.6980 0.0000e+00
 146.412133      6.022    14.3761  37.629575    30.7107      5.968  258.22853  258.43589    -4.4401     7.6858 0.0000e+00
 146.412135      6.088    14.3689  37.621438    30.7114      6.033  258.26920  258.47618    -4.3311     7.1480 0.0000e+00
 146.412138      6.139    14.3620  37.616137    30.7114      6.084  258.30440  258.51099    -4.3000     7.1440 0.0000e+00
 146.412141      6.173    14.3584  37.609912    30.7114      6.118  258.32318  258.52958    -4.2923     7.1319 0.0000e+00
 146.412144      6.201    14.3548  37.605968    30.7114      6.145  258.34197  258.54816    -4.2845     7.1440 -9.990e-29
 146.412147      6.221    14.3428  37.601592    30.7134      6.165  258.40172  258.60723    -4.2222     7.1036 -9.990e-29
 146.412150      6.237    14.3378  37.600175    30.7160      6.182  258.42310  258.62832    -4.3000     7.5160 -9.990e-29
 146.412153      6.254    14.3335  37.596477    30.7161      6.198  258.44558  258.65056    -4.3467     7.5362 -9.990e-29
 146.412156      6.270    14.3279  37.591424    30.7159      6.214  258.47518  258.67984    -4.2845     7.5160 -9.990e-29
 146.412159      6.290    14.3145  37.587234    30.7190      6.234  258.54044  258.74434    -4.3467     7.5969 -9.990e-29
 146.412161      6.325    14.3096  37.583106    30.7179      6.268  258.56819  258.77183    -4.3000     7.6212 0.0000e+00
 146.412164      6.356    14.3047  37.572077    30.7190      6.299  258.59594  258.79931    -4.3467     7.6454 0.0000e+00
 146.412167      6.383    14.2964  37.564192    30.7198      6.326  258.63444  258.83731    -4.3312     7.6494 0.0000e+00
 146.412170      6.411    14.2880  37.560190    30.7228      6.353  258.67293  258.87532    -4.4090     7.6535 -9.990e-29
 146.412173      6.434    14.2500  37.565121    30.7539      6.377  258.81765  259.01764    -4.0510     8.6240 -9.990e-29
 146.412176      6.453    14.2414  37.568758    30.7640      6.395  258.84466  259.04409    -4.0043     8.6401 -9.990e-29
 146.412179      6.460    14.2421  37.567464    30.7623      6.402  258.84418  259.04366    -4.0666     8.6361 -9.990e-29
 146.412182      6.467    14.2426  37.565246    30.7598      6.409  258.84577  259.04530    -4.0199     8.5916 -9.990e-29
 146.412185      6.475    14.2404  37.557729    30.7548      6.417  258.86669  259.06614    -4.2378     8.4905 -9.990e-29
 146.412187      6.493    14.2018  37.548983    30.7750      6.435  259.03394  259.23105    -4.3778     8.4865 -9.990e-29
 146.412190      6.519    14.1911  37.546214    30.7837      6.460  259.07498  259.27141    -4.3467     8.4905 0.0000e+00
 146.412193      6.550    14.1804  37.546525    30.7923      6.491  259.11602  259.31178    -4.3156     8.4865 0.0000e+00
 146.412196      6.593    14.1626  37.543447    30.8037      6.534  259.18978  259.38443    -4.2378     8.4582 0.0000e+00
 146.412199      6.644    14.1418  37.545914    30.8226      6.585  259.26600  259.45930    -4.0354     7.8880 0.0000e+00
 146.412202      6.695    14.1208  37.547888    30.8411      6.635  259.34386  259.53581    -4.0043     7.8880 0.0000e+00
 146.412205      6.750    14.0977  37.542347    30.8545      6.690  259.44209  259.63261    -4.0199     7.9123 0.0000e+00
 146.412208      6.797    14.0595  37.538163    30.8812      6.737  259.59631  259.78442    -4.0199     7.9123 0.0000e+00
 146.412211      6.839    14.0206  37.537121    30.9115      6.778  259.74846  259.93409    -4.0199     6.6102 0.0000e+00
 146.412214      6.872    14.0067  37.536385    30.9224      6.811  259.80308  259.98781    -4.0355     6.6041 0.0000e+00
 146.412216      6.898    13.9927  37.526780    30.9332      6.836  259.85770  260.04153    -4.0199     6.6102 -9.990e-29
 146.412219      6.914    13.9275  37.516562    30.9675      6.852  260.14295  260.32271    -4.0821     6.5860 -9.990e-29
 146.412222      6.932    13.8742  37.515152    31.0091      6.870  260.35187  260.52817    -4.0199     7.3866 -9.990e-29
 146.412225      6.949    13.8334  37.513556    31.0406      6.887  260.51267  260.68632    -3.9576     7.3826 -9.990e-29
 146.412228      6.965    13.8061  37.512512    31.0617      6.903  260.62047  260.79232    -4.1444     7.3785 -9.990e-29
 146.412231      6.985    13.7858  37.507342    31.0734      6.923  260.70810  260.87866    -4.0043     7.4109 -9.990e-29
 146.412234      7.009    13.7437  37.503712    31.1037      6.946  260.87843  261.04625    -4.1132     6.9863 -9.990e-29
 146.412237      7.036    13.7340  37.503222    31.1101      6.973  260.91915  261.08633    -4.0976     7.0045 0.0000e+00
 146.412240      7.067    13.7340  37.500023    31.1101      7.004  260.91915  261.08633    -4.0976     7.0045 0.0000e+00
 146.412242      7.100    13.7242  37.496331    31.1166      7.037  260.95988  261.12642    -4.0821     7.0227 -9.990e-29
 146.412245      7.124    13.6684  37.490361    31.1487      7.060  261.20109  261.36404    -4.1911     7.8395 -9.990e-29
 146.412248      7.149    13.6684  37.485747    31.1487      7.085  261.20109  261.36404    -4.1911     7.8395 0.0000e+00
 146.412251      7.175    13.6684  37.492521    31.1487      7.110  261.20109  261.36404    -4.1911     7.8395 -9.990e-29
 146.412254      7.197    13.6477  37.490366    31.1698      7.132  261.27400  261.43552    -3.8953     7.8476 -9.990e-29
 146.412257      7.222    13.6420  37.486612    31.1709      7.158  261.30239  261.46357    -4.0977     7.8355 -9.990e-29
 146.412260      7.246    13.6343  37.484397    31.1751      7.181  261.33624  261.49692    -4.0354     7.2370 -9.990e-29
 146.412263      7.271    13.6059  37.481813    31.1938      7.206  261.45542  261.61423    -3.9732     7.2694 -9.990e-29
 146.412266      7.299    13.5989  37.479537    31.1997      7.233  261.48225  261.64059    -3.9887     7.2653 0.0000e+00
 146.412269      7.326    13.5919  37.480031    31.2056      7.260  261.50908  261.66695    -3.9732     7.2613 0.0000e+00
 146.412271      7.354    13.5809  37.481387    31.2159      7.288  261.54982  261.70693    -3.9887     6.6830 0.0000e+00
 146.412274      7.385    13.5721  37.481881    31.2235      7.319  261.58340  261.73991    -3.9887     6.6668 0.0000e+00
 146.412277      7.414    13.5653  37.483359    31.2304      7.347  261.60729  261.76334    -4.0510     6.6668 0.0000e+00
 146.412280      7.450    13.5604  37.482806    31.2339      7.383  261.62745  261.78316    -4.0510     6.6668 0.0000e+00
 146.412283      7.485    13.5553  37.483361    31.2386      7.418  261.64659  261.80196    -4.0510     6.2867 0.0000e+00
 146.412286      7.525    13.5440  37.484593    31.2489      7.458  261.68838  261.84297    -4.0510     6.2827 0.0000e+00
 146.412289      7.567    13.5385  37.487488    31.2548      7.499  261.70758  261.86178    -4.0977     6.2806 0.0000e+00
 146.412292      7.604    13.5330  37.489890    31.2606      7.536  261.72678  261.88059    -4.0510     6.2746 -9.990e-29
 146.412295      7.627    13.5188  37.491246    31.2756      7.559  261.77575  261.92857    -4.0354     6.2908 -9.990e-29
 146.412297      7.648    13.5143  37.488537    31.2768      7.579  261.79808  261.95062    -4.0510     6.3029 -9.990e-29
 146.412300      7.670    13.5064  37.488600    31.2834      7.601  261.82891  261.98091    -4.0510     6.3231 -9.990e-29
 146.412303      7.691    13.4892  37.487616    31.2976      7.623  261.89550  262.04633    -4.0354     6.2908 -9.990e-29
 146.412306      7.717    13.4849  37.488849    31.3014      7.648  261.91188  262.06241    -3.8253     6.6527 0.0000e+00
 146.412309      7.746    13.4806  37.489465    31.3053      7.677  261.92825  262.07848    -3.6152     6.9742 0.0000e+00
 146.412312      7.781    13.4705  37.488420    31.3126      7.711  261.96953  262.11908    -3.6152     7.0146 0.0000e+00
 146.412315      7.813    13.4602  37.488298    31.3209      7.743  262.01010  262.15895    -3.6152     7.0025 0.0000e+00
 146.412318      7.850    13.4488  37.489285    31.3312      7.779  262.05308  262.20114    -3.6152     7.0025 0.0000e+00
 146.412321      7.879    13.4394  37.492918    31.3422      7.808  262.08356  262.23094    -3.5841     6.3029 0.0000e+00
 146.412323      7.914    13.4374  37.494335    31.3445      7.843  262.09010  262.23734    -3.5841     6.2948 0.0000e+00
 146.412326      7.939    13.4355  37.494766    31.3468      7.868  262.09663  262.24373    -3.5841     6.3029 -9.990e-29
 146.412329      7.963    13.4335  37.495628    31.3496      7.892  262.10219  262.24915    -3.5062     6.2665 -9.990e-29
 146.412332      7.972    13.4331  37.497291    31.3514      7.901  262.10081  262.24772    -3.9420     6.8043 -9.990e-29
 146.412335      7.978    13.4324  37.495198    31.3501      7.906  262.10722  262.25410    -4.0977     6.8245 -9.990e-29
 146.412338      7.981    13.4286  37.491319    31.3496      7.910  262.12866  262.27532    -4.0977     6.8124 -9.990e-29
 146.412341      7.981    13.4215  37.492121    31.3561      7.910  262.15504  262.30120    -4.0510     6.7679 -9.990e-29
 146.412344      7.994    13.4165  37.492244    31.3603      7.922  262.17428  262.32010    -4.0821     6.8043 -9.990e-29
 146.412347      8.016    13.4104  37.493661    31.3671      7.944  262.19520  262.34058    -3.8175     6.8124 -9.990e-29
 146.412350      8.053    13.4096  37.494092    31.3668      7.980  262.19975  262.34508    -3.8487     6.8003 0.0000e+00
 146.412352      8.100    13.4089  37.492123    31.3671      8.028  262.20429  262.34959    -3.8798     6.8124 0.0000e+00
