seaocn-cb/data/ctd_cnv/SBE19plus_01907321_2024_05_27_Cast77.cnv
* Sea-Bird SBE19plus  Data File:
* FileName = E:\Prandtl_Daten\2024\27052024\raw\SBE19plus_01907321_2024_05_27_Cast77.hex
* Software version 2.6.1.12
* Temperature SN = 7321
* Conductivity SN = 7321
* System UpLoad Time = May 27 2024 10:36:43
* <ApplicationData>
* <Seaterm232>
** 20240527
** Sea Practical 2024
** MCat 27.05 CTD_SP5
** NMEA Latitude = 54 7.781N
** NMEA Longitude = 008 25.579E
** waterdepth = 9.6m
** Clemens
# nquan = 11
# nvalues = 305                         
# units = specified
# name 0 = timeJ: Julian Days
# name 1 = prdM: Pressure, Strain Gauge [db]
# name 2 = tv290C: Temperature [ITS-90, deg C]
# name 3 = c0mS/cm: Conductivity [mS/cm]
# name 4 = sal00: Salinity, Practical [PSU]
# name 5 = depSM: Depth [salt water, m], lat = 54.00
# name 6 = oxsatMm/Kg: Oxygen Saturation, Weiss [umol/kg]
# name 7 = oxsolMm/Kg: Oxygen Saturation, Garcia & Gordon [umol/kg]
# name 8 = turbWETntu0: Turbidity, WET Labs ECO [NTU]
# name 9 = flECO-AFL: Fluorescence, WET Labs ECO-AFL/FL [mg/m^3]
# name 10 = flag:  0.000e+00
# span 0 = 148.429679, 148.430558       
# span 1 =      0.579,      8.894       
# span 2 =    16.1321,    16.3188       
# span 3 =  36.907116,  37.110702       
# span 4 =    28.7324,    28.8016       
# span 5 =      0.574,      8.814       
# span 6 =  251.68969,  252.63685       
# span 7 =  252.00906,  252.94872       
# span 8 =    -2.6813,   194.0969       
# span 9 =     1.8185,     6.8933       
# span 10 = 0.0000e+00, 0.0000e+00      
# interval = seconds: 0.25
# start_time = May 27 2024 10:15:57 [Instrument's time stamp, header]
# bad_flag = -9.990e-29
*END*
[from data line 132]
 148.430061      4.773    16.1488  36.979623    28.7933      4.730  252.51864  252.83021     3.4976     4.2447 -9.990e-29
 148.430064      4.806    16.1483  36.978276    28.7944      4.763  252.51951  252.83105     3.1941     3.9718 0.0000e+00
 148.430067      4.853    16.1477  36.979746    28.7933      4.810  252.52037  252.83188     2.8906     3.6988 0.0000e+00
 148.430069      4.904    16.1465  36.973318    28.7937      4.860  252.53273  252.84417     2.7817     3.6988 0.0000e+00
 148.430072      4.955    16.1458  36.976318    28.7937      4.911  252.53448  252.84596     2.7817     3.6826 0.0000e+00
 148.430075      5.006    16.1453  36.976012    28.7938      4.962  252.53273  252.84417     2.8906     3.6826 0.0000e+00
 148.430078      5.048    16.1452  36.978951    28.7951      5.003  252.53396  252.84535     2.8906     3.7716 0.0000e+00
 148.430081      5.088    16.1452  36.977359    28.7957      5.043  252.53261  252.84400     2.8206     3.7918 0.0000e+00
 148.430084      5.120    16.1451  36.980788    28.7951      5.074  252.53396  252.84535     2.7506     3.7716 -9.990e-29
 148.430087      5.145    16.1464  36.980788    28.7958      5.099  252.52599  252.83744     4.5560     3.9738 -9.990e-29
 148.430090      5.176    16.1467  36.979319    28.7967      5.130  252.52318  252.83463     4.5560     3.9698 0.0000e+00
 148.430093      5.202    16.1469  36.981890    28.7958      5.156  252.52421  252.83570     4.5560     3.9738 0.0000e+00
 148.430095      5.231    16.1470  36.978523    28.7945      5.185  252.52421  252.83570     4.5871     3.9859 0.0000e+00
 148.430098      5.261    16.1470  36.975890    28.7945      5.214  252.52421  252.83570     4.6961     3.9859 0.0000e+00
 148.430101      5.287    16.1468  36.980360    28.7958      5.239  252.52607  252.83751     4.8206     3.6746 0.0000e+00
 148.430104      5.316    16.1464  36.979319    28.7958      5.268  252.52607  252.83751     4.8517     3.6746 0.0000e+00
 148.430107      5.343    16.1458  36.977850    28.7949      5.295  252.53067  252.84210     4.8517     3.6665 0.0000e+00
 148.430110      5.374    16.1451  36.974667    28.7935      5.326  252.53813  252.84954     4.7272     3.6786 0.0000e+00
 148.430113      5.405    16.1444  36.974973    28.7929      5.357  252.54039  252.85176     4.7272     3.6786 0.0000e+00
 148.430116      5.443    16.1434  36.973565    28.7929      5.395  252.54611  252.85744     4.4004     4.0344 0.0000e+00
 148.430119      5.480    16.1424  36.972647    28.7929      5.431  252.55110  252.86238     4.3226     4.0344 0.0000e+00
 148.430122      5.520    16.1416  36.972219    28.7928      5.471  252.55506  252.86630     4.3226     4.0304 0.0000e+00
 148.430124      5.553    16.1410  36.971484    28.7931      5.503  252.55827  252.86949     4.3226     4.0304 0.0000e+00
 148.430127      5.586    16.1400  36.971056    28.7932      5.536  252.56282  252.87399     5.2564     4.0587 0.0000e+00
 148.430130      5.613    16.1387  36.972832    28.7932      5.563  252.56499  252.87609     5.3809     4.0587 0.0000e+00
 148.430133      5.640    16.1382  36.969220    28.7944      5.590  252.56934  252.88043     5.3964     4.0426 0.0000e+00
 148.430136      5.667    16.1378  36.969404    28.7932      5.617  252.57369  252.88476     5.4120     4.0264 -9.990e-29
 148.430139      5.686    16.1372  36.970628    28.7948      5.635  252.57401  252.88504     7.5288     4.6086 -9.990e-29
 148.430142      5.704    16.1364  36.971485    28.7961      5.653  252.57545  252.88643     7.4043     4.6289 -9.990e-29
 148.430145      5.726    16.1360  36.967200    28.7927      5.674  252.58365  252.89464     7.5288     4.6167 -9.990e-29
 148.430148      5.747    16.1348  36.968119    28.7941      5.696  252.58687  252.89780     6.5638     4.3701 -9.990e-29
 148.430150      5.779    16.1347  36.967874    28.7939      5.727  252.58783  252.89876     6.5949     4.3741 0.0000e+00
 148.430153      5.818    16.1346  36.967201    28.7941      5.766  252.58687  252.89780     6.5638     4.3701 0.0000e+00
 148.430156      5.866    16.1344  36.969711    28.7944      5.814  252.58880  252.89972     6.5949     4.3660 0.0000e+00
 148.430159      5.915    16.1339  36.967446    28.7944      5.862  252.59118  252.90207     6.5327     4.3660 0.0000e+00
 148.430162      5.964    16.1337  36.965916    28.7941      5.911  252.59404  252.90490     6.5949     4.3579 0.0000e+00
 148.430165      6.003    16.1334  36.966773    28.7941      5.949  252.59409  252.90497     6.7194     4.0910 0.0000e+00
 148.430168      6.037    16.1331  36.968120    28.7949      5.983  252.59410  252.90493     6.7895     4.0870 0.0000e+00
 148.430171      6.066    16.1328  36.964876    28.7957      6.012  252.59415  252.90497     6.8595     4.0830 -9.990e-29
 148.430174      6.086    16.1325  36.966529    28.7945      6.032  252.59775  252.90857     6.8751     4.0466 -9.990e-29
 148.430177      6.103    16.1327  36.967018    28.7948      6.048  252.59643  252.90725     7.5599     4.2568 -9.990e-29
 148.430179      6.117    16.1326  36.964509    28.7927      6.063  252.60048  252.91131     7.6222     4.2568 -9.990e-29
 148.430182      6.139    16.1325  36.964937    28.7945      6.084  252.59770  252.90852     7.5288     4.2407 -9.990e-29
 148.430185      6.168    16.1324  36.966590    28.7936      6.113  252.59960  252.91042     8.5327     4.3781 0.0000e+00
 148.430188      6.201    16.1324  36.964264    28.7936      6.146  252.60008  252.91089     9.4587     4.4995 0.0000e+00
 148.430191      6.239    16.1324  36.965427    28.7932      6.183  252.60034  252.91117     9.4587     4.4995 0.0000e+00
 148.430194      6.278    16.1324  36.965060    28.7936      6.222  252.60008  252.91089     9.4587     4.4954 0.0000e+00
 148.430197      6.312    16.1324  36.965856    28.7935      6.256  252.59961  252.91044     9.4665     4.4894 0.0000e+00
 148.430200      6.340    16.1325  36.967203    28.7938      6.283  252.59888  252.90970     9.5054     4.4954 -9.990e-29
 148.430203      6.362    16.1321  36.965734    28.7919      6.305  252.60416  252.91498    13.3965     4.4873 -9.990e-29
 148.430205      6.391    16.1322  36.963347    28.7921      6.334  252.60366  252.91448    13.3731     4.5156 0.0000e+00
 148.430208      6.418    16.1322  36.963836    28.7919      6.361  252.60416  252.91498    13.3654     4.4873 0.0000e+00
 148.430211      6.449    16.1322  36.962918    28.7915      6.392  252.60453  252.91536    13.3654     4.5439 0.0000e+00
 148.430214      6.486    16.1325  36.958389    28.7890      6.428  252.60721  252.91807    13.3965     4.6005 0.0000e+00
 148.430217      6.521    16.1325  36.960348    28.7890      6.462  252.60721  252.91807    13.3965     4.6369 0.0000e+00
 148.430220      6.557    16.1326  36.961756    28.7890      6.498  252.60683  252.91769    13.3965     4.6410 0.0000e+00
 148.430223      6.583    16.1327  36.960225    28.7895      6.524  252.60508  252.91595    13.4587     4.6410 0.0000e+00
 148.430226      6.612    16.1328  36.961205    28.7895      6.553  252.60508  252.91595    13.5521     4.5844 0.0000e+00
 148.430229      6.639    16.1329  36.962001    28.7895      6.580  252.60508  252.91595    13.5521     4.5520 0.0000e+00
 148.430231      6.668    16.1331  36.959307    28.7878      6.609  252.60649  252.91738    13.5833     4.5520 0.0000e+00
 148.430234      6.697    16.1331  36.959491    28.7878      6.638  252.60649  252.91738    13.6144     4.5439 0.0000e+00
 148.430237      6.736    16.1329  36.960409    28.7879      6.676  252.60649  252.91738    22.3303     4.5156 0.0000e+00
 148.430240      6.767    16.1328  36.959308    28.7879      6.706  252.60800  252.91888    22.4860     4.5156 0.0000e+00
 148.430243      6.811    16.1328  36.957961    28.7872      6.750  252.60800  252.91888    22.4393     4.5237 0.0000e+00
 148.430246      6.855    16.1330  36.958818    28.7867      6.793  252.61033  252.92121    22.4393     4.5237 0.0000e+00
 148.430249      6.897    16.1333  36.956370    28.7872      6.835  252.60788  252.91877    17.3031     4.5358 0.0000e+00
 148.430252      6.930    16.1334  36.959676    28.7863      6.868  252.60760  252.91852    17.2876     4.5116 0.0000e+00
 148.430255      6.955    16.1335  36.960227    28.7876      6.893  252.60484  252.91575    17.3031     4.5399 -9.990e-29
 148.430258      6.973    16.1336  36.956248    28.7845      6.911  252.60938  252.92032    17.3654     4.5075 -9.990e-29
 148.430260      6.982    16.1336  36.961757    28.7893      6.920  252.60147  252.91237    17.3498     4.5116 -9.990e-29
 148.430263      6.991    16.1336  36.958819    28.7868      6.929  252.60586  252.91678    13.5521     4.5682 -9.990e-29
 148.430266      7.004    16.1334  36.957962    28.7861      6.941  252.60774  252.91866    13.6611     4.5520 -9.990e-29
 148.430269      7.028    16.1330  36.957717    28.7866      6.965  252.60899  252.91989    13.7545     4.5520 -9.990e-29
 148.430272      7.053    16.1330  36.958146    28.7865      6.990  252.60899  252.91989    16.6572     4.8027 0.0000e+00
 148.430275      7.086    16.1331  36.957962    28.7864      7.023  252.60899  252.91989    19.5599     5.0534 0.0000e+00
 148.430278      7.130    16.1331  36.957289    28.7857      7.066  252.60971  252.92062    19.5599     5.0534 0.0000e+00
 148.430281      7.176    16.1330  36.955453    28.7857      7.112  252.61061  252.92150    19.5288     5.0575 0.0000e+00
 148.430284      7.230    16.1329  36.957534    28.7861      7.166  252.61061  252.92150    19.5288     5.0575 0.0000e+00
 148.430286      7.285    16.1329  36.957718    28.7861      7.220  252.61061  252.92150    29.2253     5.1020 0.0000e+00
 148.430289      7.338    16.1332  36.955209    28.7838      7.272  252.61293  252.92386    29.3342     5.1141 0.0000e+00
 148.430292      7.380    16.1333  36.953189    28.7829      7.314  252.61400  252.92494    29.4121     5.1161 0.0000e+00
 148.430295      7.414    16.1334  36.955882    28.7819      7.348  252.61507  252.92602    29.3342     5.1141 -9.990e-29
 148.430298      7.436    16.1340  36.956250    28.7841      7.370  252.60844  252.91940    34.8906     5.1060 -9.990e-29
 148.430301      7.453    16.1344  36.954781    28.7825      7.386  252.60884  252.91983    34.6416     5.1303 -9.990e-29
 148.430304      7.467    16.1346  36.952088    28.7800      7.401  252.61226  252.92328    34.9218     5.1303 -9.990e-29
 148.430307      7.480    16.1348  36.949333    28.7775      7.413  252.61578  252.92682    34.7661     5.1141 -9.990e-29
 148.430310      7.495    16.1360  36.952516    28.7737      7.428  252.61602  252.92714    44.3692     5.7045 -9.990e-29
 148.430313      7.524    16.1362  36.945967    28.7756      7.457  252.61181  252.92293    44.2758     5.6964 0.0000e+00
 148.430315      7.557    16.1364  36.950619    28.7763      7.489  252.60798  252.91912    44.2914     5.7045 0.0000e+00
 148.430318      7.599    16.1368  36.949578    28.7763      7.531  252.60760  252.91872    44.2914     5.7045 0.0000e+00
 148.430321      7.652    16.1374  36.949334    28.7756      7.584  252.60597  252.91715    44.3226     5.7045 0.0000e+00
 148.430324      7.703    16.1377  36.948661    28.7747      7.634  252.60580  252.91700    44.7428     5.3365 0.0000e+00
 148.430327      7.747    16.1381  36.947743    28.7738      7.678  252.60570  252.91692    44.8050     5.3122 0.0000e+00
 148.430330      7.782    16.1383  36.948232    28.7738      7.712  252.60460  252.91582    44.7895     5.3243 0.0000e+00
 148.430333      7.807    16.1385  36.945233    28.7738      7.737  252.60349  252.91472    44.8362     5.3122 -9.990e-29
 148.430336      7.822    16.1392  36.943948    28.7695      7.752  252.60720  252.91850    70.0035     5.9713 -9.990e-29
 148.430339      7.824    16.1393  36.947069    28.7722      7.754  252.60224  252.91353    70.0969     5.9673 -9.990e-29
 148.430341      7.822    16.1394  36.947375    28.7724      7.752  252.60149  252.91277    70.1436     5.9471 -9.990e-29
 148.430344      7.827    16.1398  36.942112    28.7675      7.757  252.60783  252.91917    70.2214     5.9552 -9.990e-29
 148.430347      7.840    16.1408  36.942418    28.7670      7.770  252.60360  252.91499    72.8362     5.9673 -9.990e-29
 148.430350      7.874    16.1412  36.942357    28.7659      7.804  252.60392  252.91533    72.8362     5.9612 0.0000e+00
 148.430353      7.929    16.1415  36.940338    28.7648      7.858  252.60360  252.91499    72.8362     5.9552 0.0000e+00
 148.430356      7.993    16.1421  36.940460    28.7644      7.921  252.60169  252.91316    72.8829     5.9552 0.0000e+00
 148.430359      8.064    16.1424  36.940522    28.7643      7.992  252.60074  252.91222    72.9296     5.9552 0.0000e+00
 148.430362      8.135    16.1424  36.940767    28.7642      8.062  252.60074  252.91222    74.4704     5.9713 0.0000e+00
 148.430365      8.192    16.1425  36.938747    28.7635      8.118  252.60148  252.91297    74.5404     5.9713 0.0000e+00
 148.430367      8.230    16.1424  36.936238    28.7627      8.156  252.60345  252.91494    74.4704     5.9713 -9.990e-29
 148.430370      8.252    16.1429  36.938258    28.7618      8.178  252.60212  252.91364    74.5638     5.9633 -9.990e-29
 148.430373      8.259    16.1433  36.938074    28.7614      8.185  252.60089  252.91244    66.8595     6.4283 -9.990e-29
 148.430376      8.263    16.1436  36.938258    28.7613      8.189  252.59972  252.91128    66.7350     6.4404 -9.990e-29
 148.430379      8.266    16.1437  36.937156    28.7603      8.192  252.60077  252.91234    66.8284     6.4081 -9.990e-29
 148.430382      8.279    16.1440  36.940889    28.7633      8.205  252.59431  252.90587    66.8751     6.4000 -9.990e-29
 148.430385      8.290    16.1434  36.939849    28.7603      8.216  252.60236  252.91391    55.8556     5.6883 -9.990e-29
 148.430388      8.317    16.1433  36.936912    28.7602      8.243  252.60305  252.91459    55.9257     5.6802 0.0000e+00
 148.430391      8.354    16.1432  36.936606    28.7603      8.279  252.60236  252.91391    55.9646     5.6883 0.0000e+00
 148.430394      8.405    16.1430  36.940767    28.7607      8.330  252.60357  252.91510    55.9646     5.7045 0.0000e+00
 148.430396      8.452    16.1430  36.937157    28.7610      8.377  252.60314  252.91468    55.9646     5.7045 0.0000e+00
 148.430399      8.505    16.1430  36.937463    28.7610      8.429  252.60314  252.91468    64.5716     5.9471 0.0000e+00
 148.430402      8.555    16.1429  36.942114    28.7631      8.478  252.60014  252.91166    64.6260     5.9471 0.0000e+00
 148.430405      8.589    16.1428  36.941135    28.7652      8.513  252.59714  252.90863    64.5716     5.9471 -9.990e-29
 148.430408      8.613    16.1422  36.941870    28.7653      8.536  252.59964  252.91110    64.6650     5.9713 -9.990e-29
 148.430411      8.628    16.1422  36.942788    28.7661      8.550  252.59828  252.90974    95.3887     6.4849 -9.990e-29
 148.430414      8.639    16.1422  36.940462    28.7641      8.561  252.60175  252.91322    95.2019     6.4606 -9.990e-29
 148.430417      8.655    16.1424  36.943033    28.7662      8.578  252.59703  252.90850    95.4665     6.4768 -9.990e-29
 148.430420      8.679    16.1428  36.939851    28.7626      8.601  252.60161  252.91312   120.3226     6.6143 -9.990e-29
 148.430422      8.711    16.1429  36.939177    28.7620      8.633  252.60199  252.91351   120.3692     6.5981 0.0000e+00
 148.430425      8.750    16.1429  36.938076    28.7620      8.671  252.60199  252.91351   120.3692     6.5981 0.0000e+00
 148.430428      8.790    16.1430  36.935139    28.7614      8.711  252.60237  252.91390   120.4159     6.5819 -9.990e-29
 148.430431      8.806    16.1444  36.933792    28.7567      8.727  252.60338  252.91501   120.3070     6.6183 -9.990e-29
 148.430434      8.815    16.1450  36.917516    28.7422      8.736  252.62554  252.93730   139.5443     6.7396 -9.990e-29
