seaocn-cb/data/ctd_cnv/SBE19plus_01907321_2024_05_27_Cast68.cnv
* Sea-Bird SBE19plus  Data File:
* FileName = E:\Prandtl_Daten\2024\27052024\raw\SBE19plus_01907321_2024_05_27_Cast68.hex
* Software version 2.6.1.12
* Temperature SN = 7321
* Conductivity SN = 7321
* System UpLoad Time = May 27 2024 07:30:26
* <ApplicationData>
* <Seaterm232>
** 20240527
** Sea Practical 2024
** MCat 27.05 CTD_SP2
** NMEA Latitude = 054 06.114N
** NMEA Longitude = 008 34.923E
** waterdepth =13.9 m
** Merle
# nquan = 11
# nvalues = 463                         
# units = specified
# name 0 = timeJ: Julian Days
# name 1 = prdM: Pressure, Strain Gauge [db]
# name 2 = tv290C: Temperature [ITS-90, deg C]
# name 3 = c0mS/cm: Conductivity [mS/cm]
# name 4 = sal00: Salinity, Practical [PSU]
# name 5 = depSM: Depth [salt water, m], lat = 54.00
# name 6 = oxsatMm/Kg: Oxygen Saturation, Weiss [umol/kg]
# name 7 = oxsolMm/Kg: Oxygen Saturation, Garcia & Gordon [umol/kg]
# name 8 = turbWETntu0: Turbidity, WET Labs ECO [NTU]
# name 9 = flECO-AFL: Fluorescence, WET Labs ECO-AFL/FL [mg/m^3]
# name 10 = flag:  0.000e+00
# span 0 = 148.308536, 148.309873       
# span 1 =      0.501,     12.816       
# span 2 =    17.1176,    17.7804       
# span 3 =  36.281442,  36.471330       
# span 4 =    27.2240,    27.5183       
# span 5 =      0.497,     12.701       
# span 6 =  247.20571,  249.91788       
# span 7 =  247.59551,  250.27969       
# span 8 =     0.4159,    28.6961       
# span 9 =     3.9798,     8.3328       
# span 10 = 0.0000e+00, 0.0000e+00      
# interval = seconds: 0.25
# start_time = May 27 2024 07:22:46 [Instrument's time stamp, header]
# bad_flag = -9.990e-29
*END*
[from data line 263]
 148.309297      7.563    17.5607  36.384656    27.3057      7.495  248.13256  248.51341    13.5988     5.9754 -9.990e-29
 148.309300      7.561    17.5593  36.385082    27.3069      7.494  248.13691  248.51770    13.4899     5.9228 -9.990e-29
 148.309303      7.554    17.5582  36.378027    27.3018      7.487  248.15108  248.53186    13.3654     5.9188 -9.990e-29
 148.309306      7.547    17.5571  36.383319    27.3070      7.479  248.14770  248.52841    13.2564     5.9633 -9.990e-29
 148.309308      7.550    17.5561  36.384231    27.3084      7.483  248.15014  248.53079    14.6883     5.9147 -9.990e-29
 148.309311      7.567    17.5554  36.381798    27.3088      7.499  248.15263  248.53326    14.5638     5.8622 -9.990e-29
 148.309314      7.602    17.5552  36.384231    27.3086      7.534  248.15406  248.53467    14.5794     5.8986 0.0000e+00
 148.309317      7.656    17.5550  36.383319    27.3084      7.588  248.15548  248.53609    14.5638     5.9349 0.0000e+00
 148.309320      7.722    17.5541  36.382468    27.3082      7.653  248.16010  248.54067    13.7856     6.0037 0.0000e+00
 148.309323      7.784    17.5523  36.380401    27.3082      7.714  248.16950  248.55001    13.5521     6.0805 0.0000e+00
 148.309326      7.842    17.5504  36.381313    27.3097      7.772  248.17505  248.55548    13.7233     6.0684 0.0000e+00
 148.309329      7.882    17.5490  36.380219    27.3102      7.812  248.18107  248.56144    13.6066     6.0744 0.0000e+00
 148.309332      7.910    17.5476  36.377543    27.3107      7.839  248.18710  248.56741    13.7233     6.0684 -9.990e-29
 148.309334      7.923    17.5417  36.377848    27.3126      7.852  248.21205  248.59212    14.1124     5.5993 -9.990e-29
 148.309337      7.917    17.5386  36.374868    27.3122      7.846  248.22764  248.60759    14.2525     5.6519 -9.990e-29
 148.309340      7.914    17.5349  36.377362    27.3168      7.843  248.23774  248.61752    14.0813     5.5225 -9.990e-29
 148.309343      7.901    17.5323  36.376024    27.3174      7.830  248.24918  248.62885    14.0657     5.6195 -9.990e-29
 148.309346      7.903    17.5308  36.375538    27.3180      7.832  248.25542  248.63502    15.0307     5.7570 -9.990e-29
 148.309349      7.919    17.5287  36.376146    27.3196      7.848  248.26282  248.64233    15.1864     5.7732 -9.990e-29
 148.309352      7.945    17.5282  36.375782    27.3194      7.873  248.26577  248.64526    15.1942     5.7813 0.0000e+00
 148.309355      7.981    17.5276  36.374444    27.3196      7.910  248.26872  248.64819    15.1864     5.7894 0.0000e+00
 148.309358      8.027    17.5268  36.376025    27.3198      7.955  248.26962  248.64905    13.5521     6.4081 0.0000e+00
 148.309361      8.079    17.5259  36.373775    27.3211      8.007  248.27440  248.65379    13.5521     6.4323 0.0000e+00
 148.309363      8.134    17.5258  36.375296    27.3211      8.061  248.27495  248.65434    13.6299     6.4323 0.0000e+00
 148.309366      8.180    17.5257  36.375357    27.3212      8.107  248.27468  248.65407    13.6533     6.4586 0.0000e+00
 148.309369      8.218    17.5256  36.373776    27.3213      8.144  248.27495  248.65434    13.6766     6.4849 -9.990e-29
 148.309372      8.242    17.5258  36.373776    27.3198      8.168  248.27658  248.65598    12.8517     5.6479 -9.990e-29
 148.309375      8.256    17.5257  36.373350    27.3195      8.182  248.27749  248.65689    12.8829     5.7409 -9.990e-29
 148.309378      8.260    17.5249  36.374445    27.3209      8.186  248.27874  248.65810    12.9762     5.6640 -9.990e-29
 148.309381      8.260    17.5228  36.371100    27.3196      8.186  248.29145  248.67073    12.8984     5.7004 -9.990e-29
 148.309384      8.267    17.5208  36.373594    27.3230      8.193  248.29506  248.67425    14.1747     6.4081 -9.990e-29
 148.309387      8.282    17.5165  36.371344    27.3229      8.208  248.31616  248.69518    14.4548     6.4242 -9.990e-29
 148.309389      8.315    17.5155  36.370007    27.3237      8.241  248.31971  248.69868    14.4859     6.4262 0.0000e+00
 148.309392      8.353    17.5145  36.370250    27.3229      8.278  248.32325  248.70218    14.4548     6.4242 0.0000e+00
 148.309395      8.397    17.5122  36.366054    27.3244      8.322  248.33748  248.71633    13.9101     5.9713 0.0000e+00
 148.309398      8.446    17.5104  36.367332    27.3235      8.371  248.34220  248.72097    13.9101     5.9552 0.0000e+00
 148.309401      8.492    17.5081  36.364048    27.3247      8.416  248.35547  248.73415    13.9101     5.9713 0.0000e+00
 148.309404      8.523    17.5067  36.366421    27.3255      8.447  248.35906  248.73768    13.9257     5.9673 0.0000e+00
 148.309407      8.550    17.5053  36.366238    27.3274      8.474  248.36266  248.74120    13.7856     5.9794 -9.990e-29
 148.309410      8.572    17.5022  36.368489    27.3312      8.495  248.37121  248.74961    15.1241     5.7651 -9.990e-29
 148.309413      8.580    17.5022  36.368489    27.3312      8.503  248.37122  248.74962    15.1552     5.7772 -9.990e-29
 148.309416      8.580    17.5025  36.368671    27.3311      8.503  248.36972  248.74814    15.1241     5.7489 -9.990e-29
 148.309418      8.591    17.5044  36.367698    27.3290      8.514  248.36399  248.74249    14.9062     6.1210 -9.990e-29
 148.309421      8.603    17.5072  36.370678    27.3296      8.526  248.34964  248.72825    14.8595     6.2018 -9.990e-29
 148.309424      8.625    17.5130  36.372928    27.3275      8.548  248.32491  248.70376    14.5949     6.2099 -9.990e-29
 148.309427      8.662    17.5146  36.372927    27.3274      8.584  248.31752  248.69644    14.7117     6.1937 0.0000e+00
 148.309430      8.702    17.5162  36.375117    27.3272      8.624  248.31013  248.68911    14.5949     6.2099 0.0000e+00
 148.309433      8.753    17.5186  36.371954    27.3230      8.675  248.30594  248.68504    14.5949     7.1642 0.0000e+00
 148.309436      8.795    17.5193  36.371346    27.3222      8.716  248.30360  248.68273    14.5405     7.1905 0.0000e+00
 148.309439      8.832    17.5201  36.372441    27.3214      8.752  248.30125  248.68042    14.5949     7.1642 -9.990e-29
 148.309442      8.853    17.5203  36.373596    27.3232      8.774  248.29752  248.67668    14.5794     7.1966 -9.990e-29
 148.309444      8.872    17.5199  36.374691    27.3243      8.792  248.29723  248.67637    17.2253     6.0684 -9.990e-29
 148.309447      8.884    17.5200  36.372684    27.3226      8.805  248.29974  248.67889    17.1319     6.0846 -9.990e-29
 148.309450      8.894    17.5198  36.374448    27.3242      8.814  248.29820  248.67733    17.1319     6.0927 -9.990e-29
 148.309453      8.910    17.5189  36.372441    27.3231      8.830  248.30410  248.68321    17.3187     6.0441 -9.990e-29
 148.309456      8.927    17.5157  36.372441    27.3239      8.847  248.31807  248.69705    13.0696     5.8500 -9.990e-29
 148.309459      8.952    17.5150  36.370860    27.3239      8.872  248.32160  248.70054    12.9918     5.8864 0.0000e+00
 148.309462      8.981    17.5143  36.369583    27.3239      8.901  248.32512  248.70404    12.9140     5.9026 0.0000e+00
 148.309465      9.019    17.5124  36.371773    27.3238      8.939  248.32918  248.70800    12.9140     5.9228 0.0000e+00
 148.309468      9.060    17.5104  36.366483    27.3269      8.978  248.34370  248.72247    15.7622     6.1371 0.0000e+00
 148.309470      9.105    17.5058  36.367152    27.3275      9.024  248.36008  248.73864    15.8245     6.1371 0.0000e+00
 148.309473      9.140    17.4992  36.365146    27.3302      9.058  248.38698  248.76527    15.8401     6.1250 0.0000e+00
 148.309476      9.173    17.4949  36.362715    27.3311      9.090  248.40646  248.78457    15.8401     6.1210 0.0000e+00
 148.309479      9.198    17.4930  36.363810    27.3328      9.116  248.41265  248.79067    15.8323     6.1230 0.0000e+00
 148.309482      9.224    17.4911  36.363141    27.3345      9.141  248.41883  248.79677    15.7778     6.1210 -9.990e-29
 148.309485      9.242    17.4846  36.359615    27.3354      9.159  248.44881  248.82649    15.9334     6.1816 -9.990e-29
 148.309488      9.264    17.4815  36.361561    27.3390      9.181  248.45720  248.83474    16.1513     6.1816 -9.990e-29
 148.309491      9.278    17.4789  36.358947    27.3386      9.195  248.47075  248.84819    16.0891     6.1533 -9.990e-29
 148.309494      9.289    17.4764  36.359373    27.3406      9.206  248.47911  248.85644    17.5210     7.3502 -9.990e-29
 148.309497      9.306    17.4754  36.358278    27.3404      9.223  248.48436  248.86165    17.6299     7.2734 -9.990e-29
 148.309499      9.322    17.4736  36.358947    27.3407      9.239  248.49279  248.87001    17.4587     7.3462 -9.990e-29
 148.309502      9.348    17.4721  36.357123    27.3417      9.264  248.49816  248.87531    16.5171     6.8973 0.0000e+00
 148.309505      9.375    17.4707  36.357185    27.3427      9.291  248.50352  248.88061    15.7155     6.4485 0.0000e+00
 148.309508      9.410    17.4681  36.355178    27.3427      9.326  248.51592  248.89291    15.7155     6.4242 0.0000e+00
 148.309511      9.443    17.4640  36.350071    27.3426      9.358  248.53822  248.91506    15.8556     6.3959 0.0000e+00
 148.309514      9.489    17.4585  36.347397    27.3426      9.404  248.56206  248.93867    15.8712     6.3878 0.0000e+00
 148.309517      9.527    17.4512  36.347824    27.3479      9.442  248.58864  248.96493    17.5988     6.3878 0.0000e+00
 148.309520      9.565    17.4486  36.349648    27.3505      9.480  248.59709  248.97326    17.6455     6.5435 0.0000e+00
 148.309523      9.596    17.4459  36.343630    27.3530      9.510  248.60554  248.98159    17.5988     6.6992 -9.990e-29
 148.309525      9.614    17.4391  36.347217    27.3555      9.528  248.63398  249.00974    17.8012     6.7032 -9.990e-29
 148.309528      9.631    17.4371  36.344421    27.3545      9.544  248.64532  249.02101    18.0035     6.7194 -9.990e-29
 148.309531      9.643    17.4350  36.344299    27.3558      9.557  248.65321  249.02881    13.3654     6.1210 -9.990e-29
 148.309534      9.653    17.4318  36.344057    27.3578      9.566  248.66559  249.04105    13.5210     6.0846 -9.990e-29
 148.309537      9.669    17.4281  36.343632    27.3599      9.582  248.67977  249.05507    13.4587     6.0320 -9.990e-29
 148.309540      9.687    17.4247  36.344301    27.3611      9.601  248.69432  249.06948    14.8595     6.1897 -9.990e-29
 148.309543      9.713    17.4245  36.342295    27.3622      9.626  248.69352  249.06867    14.8907     6.1614 0.0000e+00
 148.309546      9.747    17.4243  36.344544    27.3615      9.660  248.69432  249.06948    14.9218     6.1897 0.0000e+00
 148.309549      9.791    17.4243  36.342538    27.3632      9.704  248.69272  249.06785    14.9840     6.1816 0.0000e+00
 148.309552      9.833    17.4258  36.346733    27.3640      9.745  248.68414  249.05932    14.9996     6.2018 0.0000e+00
 148.309554      9.868    17.4269  36.349165    27.3642      9.780  248.67828  249.05350    15.2564     6.4364 0.0000e+00
 148.309557      9.895    17.4280  36.348678    27.3645      9.807  248.67241  249.04768    15.5288     6.6911 -9.990e-29
 148.309560      9.917    17.4331  36.348313    27.3604      9.828  248.65481  249.03030    15.3420     6.6830 -9.990e-29
 148.309563      9.936    17.4356  36.348313    27.3587      9.847  248.64556  249.02117    15.2953     6.6466 -9.990e-29
 148.309566      9.948    17.4374  36.348739    27.3578      9.859  248.63849  249.01417    15.3420     6.6830 -9.990e-29
 148.309569      9.967    17.4388  36.351171    27.3589      9.877  248.62984  249.00557    15.9023     6.2423 -9.990e-29
 148.309572      9.987    17.4401  36.347401    27.3551      9.897  248.63019  249.00599    15.5910     6.1897 -9.990e-29
 148.309575     10.012    17.4402  36.347644    27.3556      9.923  248.62894  249.00475    15.7622     6.1816 0.0000e+00
 148.309578     10.038    17.4401  36.348982    27.3561      9.948  248.62770  249.00351    15.9334     6.1897 0.0000e+00
 148.309580     10.069    17.4398  36.350745    27.3564      9.979  248.62770  249.00351    17.4899     6.2746 0.0000e+00
 148.309583     10.111    17.4395  36.348739    27.3573     10.020  248.63086  249.00663    17.5366     6.2746 0.0000e+00
 148.309586     10.147    17.4383  36.348861    27.3565     10.057  248.63503  249.01075    17.6299     6.2746 0.0000e+00
 148.309589     10.188    17.4365  36.346551    27.3573     10.096  248.64477  249.02043    17.6299     6.2989 0.0000e+00
 148.309592     10.217    17.4345  36.347646    27.3588     10.125  248.65065  249.02622    18.4704     6.3514 0.0000e+00
 148.309595     10.244    17.4340  36.347403    27.3590     10.152  248.65268  249.02822    18.5949     6.3818 0.0000e+00
 148.309598     10.270    17.4335  36.348497    27.3592     10.178  248.65471  249.03023    18.4704     6.3514 -9.990e-29
 148.309601     10.282    17.4327  36.343816    27.3568     10.190  248.66285  249.03836    18.4704     6.3393 -9.990e-29
 148.309604     10.301    17.4322  36.347220    27.3599     10.208  248.65993  249.03539    15.5910     6.0765 -9.990e-29
 148.309606     10.312    17.4320  36.347221    27.3601     10.219  248.66056  249.03601    15.6066     6.0846 -9.990e-29
 148.309609     10.319    17.4315  36.347221    27.3604     10.226  248.66241  249.03784    15.6222     6.0967 -9.990e-29
 148.309612     10.333    17.4314  36.347646    27.3609     10.241  248.66244  249.03786    15.5288     6.1048 -9.990e-29
 148.309615     10.352    17.4309  36.346734    27.3609     10.259  248.66434  249.03975    13.5988     6.5091 -9.990e-29
 148.309618     10.377    17.4307  36.347403    27.3595     10.284  248.66821  249.04361    13.6222     6.5354 0.0000e+00
 148.309621     10.416    17.4304  36.343452    27.3580     10.322  248.67207  249.04747    13.5988     6.5617 0.0000e+00
 148.309624     10.465    17.4288  36.341628    27.3580     10.371  248.68052  249.05586    13.6299     6.5617 0.0000e+00
 148.309627     10.520    17.4247  36.343453    27.3610     10.425  248.69311  249.06826    13.6299     6.5617 0.0000e+00
 148.309630     10.573    17.4184  36.337435    27.3618     10.478  248.72473  249.09964    16.2292     6.4040 0.0000e+00
 148.309633     10.620    17.4138  36.333667    27.3625     10.525  248.74451  249.11923    16.2603     6.3777 0.0000e+00
 148.309635     10.655    17.4091  36.335249    27.3641     10.559  248.76430  249.13882    16.2292     6.3514 -9.990e-29
 148.309638     10.677    17.3920  36.332149    27.3743     10.581  248.82971  249.20349    16.0580     6.3272 -9.990e-29
 148.309641     10.680    17.3859  36.332332    27.3786     10.585  248.85197  249.22548    13.9879     6.4930 -9.990e-29
 148.309644     10.684    17.3828  36.330266    27.3790     10.588  248.86660  249.23999    13.9879     6.4566 -9.990e-29
 148.309647     10.677    17.3788  36.328807    27.3804     10.581  248.88346  249.25667    14.1591     6.4161 -9.990e-29
 148.309650     10.671    17.3728  36.327714    27.3835     10.576  248.90690  249.27985    14.0813     6.4566 -9.990e-29
 148.309653     10.680    17.3675  36.326134    27.3858     10.585  248.92887  249.30160    15.6222     6.2504 -9.990e-29
 148.309656     10.704    17.3562  36.322366    27.3910     10.608  248.97455  249.34680    15.4976     6.3151 -9.990e-29
 148.309659     10.742    17.3527  36.323279    27.3932     10.646  248.98769  249.35978    15.4899     6.3009 0.0000e+00
 148.309661     10.801    17.3492  36.323037    27.3955     10.704  249.00083  249.37277    15.4976     6.2867 0.0000e+00
 148.309664     10.863    17.3421  36.319756    27.3976     10.766  249.03201  249.40365    15.4821     6.2706 0.0000e+00
 148.309667     10.923    17.3375  36.320850    27.4016     10.825  249.04745  249.41889    15.1864     5.9794 0.0000e+00
 148.309670     10.967    17.3354  36.319939    27.4026     10.869  249.05581  249.42716    15.1397     5.9511 0.0000e+00
