seaocn-cb/data/ctd_cnv/SBE19plus_01907321_2024_05_29_Cast106.cnv
* Sea-Bird SBE19plus  Data File:
* FileName = E:\Prandtl_Daten\2024\29052024\raw\SBE19plus_01907321_2024_05_29_Cast106.hex
* Software version 2.6.1.12
* Temperature SN = 7321
* Conductivity SN = 7321
* System UpLoad Time = May 29 2024 11:22:07
* <ApplicationData>
* <Seaterm232>
** 20240527
** Sea Practical 2024
** MCat 27.05 CTD_Z3
** NMEA Latitude = 54 03.027N
** NMEA Longitude = 008 24.543E
** waterdepth = 15.5m
** Isabelle
# nquan = 11
# nvalues = 476                         
# units = specified
# name 0 = timeJ: Julian Days
# name 1 = prdM: Pressure, Strain Gauge [db]
# name 2 = tv290C: Temperature [ITS-90, deg C]
# name 3 = c0mS/cm: Conductivity [mS/cm]
# name 4 = sal00: Salinity, Practical [PSU]
# name 5 = depSM: Depth [salt water, m], lat = 54.00
# name 6 = oxsatMm/Kg: Oxygen Saturation, Weiss [umol/kg]
# name 7 = oxsolMm/Kg: Oxygen Saturation, Garcia & Gordon [umol/kg]
# name 8 = turbWETntu0: Turbidity, WET Labs ECO [NTU]
# name 9 = flECO-AFL: Fluorescence, WET Labs ECO-AFL/FL [mg/m^3]
# name 10 = flag:  0.000e+00
# span 0 = 150.469624, 150.470998       
# span 1 =      0.758,     14.852       
# span 2 =    15.6102,    15.6177       
# span 3 =  37.749182,  37.767662       
# span 4 =    29.8579,    29.8781       
# span 5 =      0.751,     14.719       
# span 6 =  253.33169,  253.35278       
# span 7 =  253.61026,  253.63116       
# span 8 =     1.9568,    14.4082       
# span 9 =     8.2964,    11.0542       
# span 10 = 0.0000e+00, 0.0000e+00      
# interval = seconds: 0.25
# start_time = May 29 2024 11:14:42 [Instrument's time stamp, header]
# bad_flag = -9.990e-29
*END*
[from data line 132]
 150.470006      4.886    15.6126  37.761088    29.8734      4.842  253.34229  253.62073     6.5482     9.6086 0.0000e+00
 150.470009      4.946    15.6126  37.763126    29.8739      4.902  253.34146  253.61990     6.5171     9.6227 0.0000e+00
 150.470012      5.024    15.6126  37.762694    29.8742      4.979  253.34046  253.61890     6.5171     9.6066 0.0000e+00
 150.470014      5.110    15.6126  37.763868    29.8739      5.064  253.34146  253.61990     6.5171     9.6066 0.0000e+00
 150.470017      5.190    15.6126  37.762448    29.8736      5.144  253.34164  253.62009     3.6222     8.5795 0.0000e+00
 150.470020      5.243    15.6127  37.761337    29.8731      5.197  253.34266  253.62110     3.5366     8.5512 0.0000e+00
 150.470023      5.282    15.6126  37.762016    29.8726      5.234  253.34367  253.62211     3.6222     8.5795 -9.990e-29
 150.470026      5.298    15.6127  37.763436    29.8744      5.251  253.34020  253.61864     3.4976     8.5593 -9.990e-29
 150.470029      5.296    15.6128  37.763807    29.8746      5.249  253.33905  253.61749     5.4899     9.5500 -9.990e-29
 150.470032      5.289    15.6129  37.762510    29.8734      5.242  253.34073  253.61918     5.2253     9.5702 -9.990e-29
 150.470035      5.278    15.6127  37.763807    29.8747      5.231  253.33962  253.61806     5.4587     9.5742 -9.990e-29
 150.470038      5.265    15.6127  37.763127    29.8741      5.218  253.34065  253.61909     5.2875     9.5419 -9.990e-29
 150.470041      5.264    15.6125  37.763189    29.8743      5.217  253.34114  253.61957     3.7934    10.0837 -9.990e-29
 150.470043      5.273    15.6124  37.761337    29.8728      5.226  253.34456  253.62299     3.9023    10.1080 -9.990e-29
 150.470046      5.296    15.6127  37.763189    29.8735      5.249  253.34173  253.62017     3.7934    10.1039 -9.990e-29
 150.470049      5.331    15.6126  37.762448    29.8717      5.283  253.34538  253.62383     3.7778    10.0756 0.0000e+00
 150.470052      5.375    15.6125  37.758065    29.8734      5.327  253.34266  253.62109     3.7934    10.0473 0.0000e+00
 150.470055      5.435    15.6125  37.762263    29.8734      5.387  253.34266  253.62109     6.8906     9.9382 0.0000e+00
 150.470058      5.501    15.6125  37.764363    29.8751      5.452  253.33949  253.61791     7.0307     9.9382 0.0000e+00
 150.470061      5.559    15.6128  37.764425    29.8751      5.509  253.33949  253.61791     7.0307     9.9543 0.0000e+00
 150.470064      5.614    15.6128  37.762696    29.8736      5.564  253.34123  253.61967     7.0307     9.9543 0.0000e+00
 150.470067      5.665    15.6127  37.761832    29.8732      5.614  253.34224  253.62068     2.0346     8.5754 0.0000e+00
 150.470069      5.718    15.6126  37.762264    29.8732      5.667  253.34224  253.62068     2.0191     8.5714 0.0000e+00
 150.470072      5.754    15.6126  37.763685    29.8739      5.703  253.34146  253.61989     2.0113     8.5674 0.0000e+00
 150.470075      5.780    15.6125  37.763994    29.8746      5.728  253.34068  253.61911     2.0035     8.5714 -9.990e-29
 150.470078      5.794    15.6122  37.764117    29.8752      5.742  253.34122  253.61962     3.2953     9.4489 -9.990e-29
 150.470081      5.800    15.6123  37.764426    29.8754      5.748  253.34046  253.61886     3.3109     9.4934 -9.990e-29
 150.470084      5.794    15.6128  37.763438    29.8742      5.743  253.34020  253.61864     3.2175     9.5014 -9.990e-29
 150.470087      5.791    15.6127  37.762450    29.8734      5.739  253.34200  253.62044     3.2486     9.4772 -9.990e-29
 150.470090      5.785    15.6129  37.764426    29.8749      5.733  253.33810  253.61654     4.7584    11.0259 -9.990e-29
 150.470093      5.787    15.6128  37.764364    29.8750      5.735  253.33878  253.61722     4.7584    11.0259 -9.990e-29
 150.470095      5.792    15.6128  37.762697    29.8735      5.740  253.34104  253.61949     4.5716    11.0138 -9.990e-29
 150.470098      5.811    15.6126  37.763870    29.8723      5.759  253.34430  253.62275     4.8362    11.0542 -9.990e-29
 150.470101      5.845    15.6127  37.761154    29.8734      5.793  253.34210  253.62054     5.1708    10.7711 0.0000e+00
 150.470104      5.898    15.6126  37.763871    29.8723      5.845  253.34430  253.62275     5.5054    10.4881 0.0000e+00
 150.470107      5.964    15.6127  37.761154    29.8733      5.911  253.34050  253.61896     5.5054    10.4436 0.0000e+00
 150.470110      6.041    15.6130  37.762760    29.8730      5.987  253.34050  253.61896     5.5677    10.4436 0.0000e+00
 150.470113      6.105    15.6132  37.762698    29.8730      6.050  253.33976  253.61823     5.4899    10.4436 0.0000e+00
 150.470116      6.168    15.6136  37.762451    29.8725      6.113  253.33976  253.61823     4.5249     8.9070 0.0000e+00
 150.470119      6.214    15.6136  37.761587    29.8720      6.158  253.34005  253.61855     4.5093     8.9070 0.0000e+00
 150.470122      6.245    15.6136  37.761772    29.8719      6.189  253.34021  253.61871     4.4859     8.8928 0.0000e+00
 150.470124      6.276    15.6135  37.761340    29.8720      6.220  253.34037  253.61886     4.5093     8.9151 -9.990e-29
 150.470127      6.298    15.6136  37.760229    29.8705      6.241  253.34217  253.62068     5.7233     9.5014 -9.990e-29
 150.470130      6.316    15.6139  37.761093    29.8711      6.259  253.33998  253.61850     5.7545     9.5338 -9.990e-29
 150.470133      6.332    15.6136  37.760661    29.8709      6.276  253.34153  253.62004     5.7233     9.5014 -9.990e-29
 150.470136      6.342    15.6135  37.760908    29.8712      6.285  253.34175  253.62024     5.7233     9.5095 -9.990e-29
 150.470139      6.352    15.6135  37.760044    29.8704      6.296  253.34307  253.62158     5.5833    10.0554 -9.990e-29
 150.470142      6.362    15.6135  37.758686    29.8692      6.305  253.34515  253.62366     5.5521    10.0595 -9.990e-29
 150.470145      6.369    15.6135  37.758068    29.8687      6.312  253.34610  253.62461     5.4587    10.0837 -9.990e-29
 150.470148      6.391    15.6136  37.760229    29.8705      6.334  253.34223  253.62074     5.5366    10.0514 -9.990e-29
 150.470150      6.415    15.6137  37.759735    29.8700      6.357  253.34270  253.62122     5.5833    10.0595 -9.990e-29
 150.470153      6.438    15.6139  37.760044    29.8722      6.380  253.33761  253.61612     5.9412     9.5540 -9.990e-29
 150.470156      6.467    15.6139  37.762514    29.8715      6.409  253.33899  253.61750     5.9957     9.5580 0.0000e+00
 150.470159      6.494    15.6139  37.760909    29.8709      6.436  253.34037  253.61889     6.0502     9.5621 0.0000e+00
 150.470162      6.524    15.6138  37.760909    29.8709      6.465  253.34068  253.61920     6.0502     9.5621 0.0000e+00
 150.470165      6.558    15.6136  37.759612    29.8709      6.499  253.34219  253.62068     5.5366     9.3114 0.0000e+00
 150.470168      6.589    15.6134  37.760909    29.8712      6.530  253.34219  253.62068     5.5366     9.3114 0.0000e+00
 150.470171      6.628    15.6134  37.761095    29.8712      6.568  253.34219  253.62068     5.5210     9.3114 0.0000e+00
 150.470174      6.664    15.6134  37.760477    29.8713      6.605  253.34193  253.62042     5.5210     9.3154 0.0000e+00
 150.470177      6.697    15.6134  37.761836    29.8714      6.637  253.34103  253.61953     4.6494     9.5904 0.0000e+00
 150.470179      6.735    15.6135  37.761342    29.8714      6.675  253.34103  253.61953     4.5871     9.5944 0.0000e+00
 150.470182      6.768    15.6137  37.760663    29.8707      6.708  253.34150  253.62001     4.5560     9.6147 0.0000e+00
 150.470185      6.807    15.6137  37.757823    29.8707      6.746  253.34150  253.62001     4.5871     9.6147 0.0000e+00
 150.470188      6.843    15.6137  37.761836    29.8708      6.782  253.34089  253.61940     4.6650     9.7441 0.0000e+00
 150.470191      6.871    15.6138  37.760910    29.8709      6.809  253.34024  253.61875     4.7428     9.7481 0.0000e+00
 150.470194      6.902    15.6138  37.761157    29.8709      6.840  253.34024  253.61875     4.7272     9.7441 0.0000e+00
 150.470197      6.931    15.6138  37.762022    29.8717      6.869  253.33923  253.61774     4.7272     9.7360 0.0000e+00
 150.470200      6.974    15.6138  37.763133    29.8724      6.912  253.33844  253.61694     4.6961     9.7360 0.0000e+00
 150.470203      7.020    15.6137  37.762763    29.8727      6.957  253.33756  253.61606     3.8245     9.0688 0.0000e+00
 150.470205      7.066    15.6136  37.765789    29.8727      7.003  253.33844  253.61694     3.7934     9.0688 0.0000e+00
 150.470208      7.115    15.6133  37.762763    29.8742      7.051  253.33774  253.61620     3.8245     9.0364 0.0000e+00
 150.470211      7.159    15.6133  37.764431    29.8734      7.095  253.33886  253.61732     3.8090     9.0364 0.0000e+00
 150.470214      7.195    15.6132  37.764246    29.8742      7.131  253.33774  253.61620     3.8245     9.0364 -9.990e-29
 150.470217      7.211    15.6130  37.763690    29.8737      7.147  253.33978  253.61824     4.2603     9.0688 -9.990e-29
 150.470220      7.218    15.6129  37.764925    29.8749      7.154  253.33820  253.61664     4.2914     9.0445 -9.990e-29
 150.470223      7.206    15.6129  37.765975    29.8758      7.141  253.33659  253.61502     4.3848     9.0728 -9.990e-29
 150.470226      7.186    15.6129  37.761591    29.8719      7.121  253.34326  253.62173     5.5366     9.9341 -9.990e-29
 150.470229      7.153    15.6131  37.760911    29.8712      7.089  253.34340  253.62188     5.5210     9.9341 -9.990e-29
 150.470231      7.122    15.6132  37.759615    29.8700      7.058  253.34507  253.62356     5.5521     9.9543 -9.990e-29
 150.470234      7.106    15.6132  37.759244    29.8697      7.042  253.34562  253.62412     5.5210     9.9341 -9.990e-29
 150.470237      7.105    15.6135  37.760479    29.8705      7.042  253.34257  253.62107     4.9762     9.7117 -9.990e-29
 150.470240      7.136    15.6138  37.761158    29.8715      7.072  253.33966  253.61817     5.0385     9.7077 -9.990e-29
 150.470243      7.193    15.6138  37.761837    29.8712      7.128  253.34021  253.61872     5.0307     9.6996 0.0000e+00
 150.470246      7.270    15.6138  37.761159    29.8714      7.205  253.33966  253.61817     5.0385     9.6915 0.0000e+00
 150.470249      7.365    15.6139  37.761838    29.8709      7.299  253.34075  253.61926     5.0541     9.6713 0.0000e+00
 150.470252      7.470    15.6140  37.756467    29.8665      7.403  253.34714  253.62570    10.2681     9.3073 0.0000e+00
 150.470255      7.574    15.6143  37.753936    29.8645      7.506  253.34714  253.62570    10.2836     9.2993 0.0000e+00
 150.470258      7.673    15.6148  37.754924    29.8640      7.604  253.34798  253.62664    10.2681     9.2993 0.0000e+00
 150.470260      7.757    15.6153  37.752763    29.8621      7.687  253.34669  253.62530    10.3303     9.2871 0.0000e+00
 150.470263      7.821    15.6156  37.752270    29.8617      7.751  253.34720  253.62588    10.8828     9.1395 0.0000e+00
 150.470266      7.864    15.6160  37.751838    29.8612      7.794  253.34642  253.62512    11.5132     8.9758 -9.990e-29
 150.470269      7.872    15.6166  37.751838    29.8603      7.801  253.34477  253.62350    11.4510     8.9919 -9.990e-29
 150.470272      7.865    15.6166  37.752517    29.8609      7.794  253.34373  253.62245    11.5910     8.9919 -9.990e-29
 150.470275      7.837    15.6167  37.751158    29.8597      7.767  253.34549  253.62423    10.1903     9.6389 -9.990e-29
 150.470278      7.797    15.6168  37.750479    29.8590      7.727  253.34621  253.62496    10.2525     9.5864 -9.990e-29
 150.470281      7.749    15.6168  37.750417    29.8590      7.680  253.34627  253.62502    10.2836     9.6511 -9.990e-29
 150.470284      7.700    15.6168  37.750726    29.8593      7.631  253.34577  253.62452    10.1903     9.6308 -9.990e-29
 150.470286      7.666    15.6166  37.751158    29.8598      7.597  253.34568  253.62442    10.9529    10.0312 -9.990e-29
 150.470289      7.642    15.6168  37.749182    29.8579      7.573  253.34780  253.62656    11.0619    10.0069 -9.990e-29
 150.470292      7.644    15.6169  37.749305    29.8579      7.575  253.34732  253.62608    10.9529    10.0109 -9.990e-29
 150.470295      7.669    15.6168  37.750725    29.8592      7.600  253.34546  253.62421    11.0463     9.9867 -9.990e-29
 150.470298      7.725    15.6168  37.750479    29.8591      7.656  253.34616  253.62491    10.9529    10.0029 -9.990e-29
 150.470301      7.811    15.6165  37.751343    29.8598      7.742  253.34612  253.62485    11.5288     9.6106 -9.990e-29
 150.470304      7.906    15.6166  37.751159    29.8595      7.835  253.34623  253.62497    11.4743     9.6005 0.0000e+00
 150.470307      8.003    15.6167  37.750665    29.8598      7.931  253.34612  253.62485    11.5288     9.6106 0.0000e+00
 150.470310      8.083    15.6168  37.751406    29.8598      8.010  253.34496  253.62371    11.4198     9.6268 0.0000e+00
 150.470313      8.149    15.6168  37.753012    29.8598      8.076  253.34496  253.62371    11.0307    10.0837 0.0000e+00
 150.470315      8.196    15.6167  37.751407    29.8605      8.123  253.34409  253.62282    10.9918    10.0938 0.0000e+00
 150.470318      8.225    15.6166  37.753259    29.8598      8.152  253.34562  253.62435    10.9529    10.1039 -9.990e-29
 150.470321      8.242    15.6167  37.752518    29.8607      8.168  253.34365  253.62239    11.0307    10.0635 -9.990e-29
 150.470324      8.254    15.6166  37.752703    29.8610      8.181  253.34367  253.62240     7.8089     9.3801 -9.990e-29
 150.470327      8.267    15.6168  37.752271    29.8616      8.193  253.34170  253.62043     7.8089     9.3559 -9.990e-29
 150.470330      8.293    15.6168  37.753629    29.8615      8.219  253.34213  253.62086     7.8011     9.3600 0.0000e+00
 150.470333      8.322    15.6167  37.753259    29.8614      8.248  253.34257  253.62130     7.8089     9.3640 0.0000e+00
 150.470336      8.361    15.6165  37.752951    29.8614      8.286  253.34257  253.62130     8.0424     9.7441 0.0000e+00
 150.470339      8.405    15.6164  37.755112    29.8612      8.329  253.34365  253.62237     8.0580     9.7764 0.0000e+00
 150.470341      8.447    15.6164  37.752951    29.8629      8.371  253.34156  253.62025     8.0580     9.7764 0.0000e+00
 150.470344      8.487    15.6164  37.754865    29.8621      8.411  253.34255  253.62126     8.0113     9.7723 0.0000e+00
 150.470347      8.512    15.6164  37.752704    29.8629      8.436  253.34110  253.61981     7.9179     9.7683 -9.990e-29
 150.470350      8.529    15.6162  37.752519    29.8610      8.452  253.34558  253.62429     6.0813     9.0607 -9.990e-29
 150.470353      8.533    15.6162  37.753939    29.8622      8.456  253.34342  253.62212     6.0035     9.0405 -9.990e-29
 150.470356      8.526    15.6161  37.755606    29.8638      8.449  253.34146  253.62014     6.0191     9.0445 -9.990e-29
 150.470359      8.518    15.6161  37.755544    29.8637      8.442  253.34126  253.61994     6.0035     9.0526 -9.990e-29
 150.470362      8.509    15.6161  37.754495    29.8628      8.433  253.34285  253.62154     6.7194    10.0029 -9.990e-29
 150.470365      8.503    15.6161  37.756038    29.8642      8.427  253.34049  253.61917     6.7506    10.0109 -9.990e-29
 150.470367      8.507    15.6162  37.756903    29.8649      8.431  253.33888  253.61756     6.8284    10.0109 -9.990e-29
 150.470370      8.520    15.6158  37.756470    29.8644      8.444  253.34170  253.62036     8.1825     9.8896 -9.990e-29
 150.470373      8.553    15.6158  37.756038    29.8659      8.476  253.33932  253.61797     8.2603     9.8775 0.0000e+00
 150.470376      8.607    15.6157  37.759373    29.8656      8.530  253.33999  253.61864     8.2759     9.8654 0.0000e+00
 150.470379      8.675    15.6157  37.757397    29.8671      8.597  253.33856  253.61719     8.2914     9.8654 0.0000e+00
