seaocn-cb/data/ctd_cnv/SBE19plus_01907321_2024_05_28_Cast88.cnv
* Sea-Bird SBE19plus  Data File:
* FileName = E:\Prandtl_Daten\2024\28052024\raw\SBE19plus_01907321_2024_05_28_Cast88.hex
* Software version 2.6.1.12
* Temperature SN = 7321
* Conductivity SN = 7321
* System UpLoad Time = May 28 2024 09:56:03
* <ApplicationData>
* <Seaterm232>
** 20240527
** Sea Practical 2024
** MCat 27.05 CTD_SP2
** NMEA Latitude = 54 06.08N
** NMEA Longitude = 008 34.61E
** waterdepth = 13.7m
** Isabelle
# nquan = 11
# nvalues = 428                         
# units = specified
# name 0 = timeJ: Julian Days
# name 1 = prdM: Pressure, Strain Gauge [db]
# name 2 = tv290C: Temperature [ITS-90, deg C]
# name 3 = c0mS/cm: Conductivity [mS/cm]
# name 4 = sal00: Salinity, Practical [PSU]
# name 5 = depSM: Depth [salt water, m], lat = 54.00
# name 6 = oxsatMm/Kg: Oxygen Saturation, Weiss [umol/kg]
# name 7 = oxsolMm/Kg: Oxygen Saturation, Garcia & Gordon [umol/kg]
# name 8 = turbWETntu0: Turbidity, WET Labs ECO [NTU]
# name 9 = flECO-AFL: Fluorescence, WET Labs ECO-AFL/FL [mg/m^3]
# name 10 = flag:  0.000e+00
# span 0 = 149.410483, 149.411719       
# span 1 =      1.259,     12.961       
# span 2 =    17.0754,    17.7232       
# span 3 =  36.202089,  36.384865       
# span 4 =    27.1655,    27.5732       
# span 5 =      1.248,     12.844       
# span 6 =  247.54940,  250.03064       
# span 7 =  247.93718,  250.39038       
# span 8 =    -1.5763,    30.8751       
# span 9 =     4.1679,     7.8597       
# span 10 = 0.0000e+00, 0.0000e+00      
# interval = seconds: 0.25
# start_time = May 28 2024 09:49:47 [Instrument's time stamp, header]
# bad_flag = -9.990e-29
*END*
[from data line 394]
 149.411623     12.724    17.0831  36.313775    27.5677     12.610  250.00255  250.36264    14.8906     5.9633 0.0000e+00
 149.411626     12.764    17.0814  36.315356    27.5701     12.650  250.00646  250.36647    15.0930     6.2301 0.0000e+00
 149.411629     12.804    17.0794  36.315356    27.5715     12.690  250.01416  250.37408    15.0930     6.2301 0.0000e+00
 149.411632     12.841    17.0780  36.314202    27.5715     12.726  250.02105  250.38091    15.0930     6.2059 0.0000e+00
 149.411635     12.879    17.0771  36.313533    27.5715     12.764  250.02510  250.38493    15.0930     6.2059 0.0000e+00
 149.411638     12.923    17.0768  36.314445    27.5721     12.807  250.02569  250.38550    22.6028     6.4444 0.0000e+00
 149.411641     12.952    17.0765  36.313108    27.5727     12.836  250.02628  250.38607    30.1436     6.6911 -9.990e-29
 149.411644     12.954    17.0754  36.314202    27.5732     12.838  250.03064  250.39038    30.1280     6.6911 -9.990e-29
 149.411646     12.949    17.0768  36.314202    27.5722     12.833  250.02541  250.38522    29.8945     6.6628 -9.990e-29
 149.411649     12.939    17.0806  36.315114    27.5704     12.824  250.00997  250.36994    29.3654     7.8355 -9.990e-29
 149.411652     12.926    17.0845  36.315903    27.5685     12.811  249.99439  250.35454    29.2875     7.8274 -9.990e-29
 149.411655     12.925    17.0867  36.316207    27.5672     12.809  249.98566  250.34590    29.3654     7.8597 -9.990e-29
 149.411658     12.912    17.0875  36.316207    27.5667     12.796  249.98288  250.34316    29.2875     7.8476 -9.990e-29
 149.411661     12.908    17.0870  36.315113    27.5660     12.792  249.98598  250.34625    30.8751     6.5617 -9.990e-29
 149.411664     12.906    17.0867  36.313350    27.5648     12.790  249.98972  250.34999    30.8595     6.5900 -9.990e-29
 149.411667     12.912    17.0861  36.316024    27.5674     12.796  249.98806  250.34828    30.8595     6.5011 -9.990e-29
 149.411670     12.912    17.0856  36.315477    27.5673     12.796  249.99069  250.35089    30.6572     6.5011 -9.990e-29
 149.411672     12.912    17.0856  36.315356    27.5672     12.796  249.99086  250.35106    30.7506     6.5172 -9.990e-29
 149.411675     12.914    17.0859  36.313533    27.5655     12.798  249.99254  250.35277    26.4548     6.5900 -9.990e-29
 149.411678     12.919    17.0857  36.314201    27.5662     12.803  249.99220  250.35242    26.5638     6.5819 -9.990e-29
 149.411681     12.923    17.0851  36.314201    27.5666     12.807  249.99436  250.35454    26.3615     6.5900 -9.990e-29
 149.411684     12.925    17.0839  36.314627    27.5678     12.809  249.99836  250.35849    26.3303     6.6507 -9.990e-29
 149.411687     12.925    17.0836  36.316025    27.5692     12.809  249.99759  250.35770    24.4626     6.5900 -9.990e-29
 149.411690     12.919    17.0843  36.316207    27.5688     12.804  249.99457  250.35471    24.4159     6.5981 -9.990e-29
 149.411693     12.910    17.0859  36.315538    27.5672     12.795  249.98968  250.34989    24.5405     6.6224 -9.990e-29
 149.411696     12.907    17.0876  36.315538    27.5660     12.791  249.98322  250.34351    24.5093     6.6021 -9.990e-29
 149.411698     12.898    17.0891  36.315720    27.5652     12.782  249.97742  250.33778    22.7661     6.8003 -9.990e-29
 149.411701     12.900    17.0900  36.314444    27.5635     12.784  249.97586  250.33627    22.6727     6.8043 -9.990e-29
 149.411704     12.909    17.0908  36.317118    27.5652     12.793  249.96929  250.32971    22.6727     6.7801 -9.990e-29
 149.411707     12.922    17.0926  36.316024    27.5630     12.806  249.96409  250.32461    22.7194     6.7558 -9.990e-29
 149.411710     12.937    17.0948  36.316449    27.5619     12.821  249.95519  250.31581    19.3887     6.3029 -9.990e-29
 149.411713     12.949    17.0964  36.317604    27.5618     12.833  249.94771  250.30839    19.3420     6.2665 -9.990e-29
 149.411716     12.959    17.0981  36.313531    27.5572     12.843  249.94707  250.30785    19.2175     6.2867 -9.990e-29
 149.411719     12.961    17.0989  36.316023    27.5587     12.844  249.94075  250.30155    19.4354     6.2665 -9.990e-29
