seaocn-cb/data/ctd_cnv/SBE19plus_01907321_2024_05_28_Cast102.cnv
* Sea-Bird SBE19plus  Data File:
* FileName = E:\Prandtl_Daten\2024\28052024\raw\SBE19plus_01907321_2024_05_28_Cast102.hex
* Software version 2.6.1.12
* Temperature SN = 7321
* Conductivity SN = 7321
* System UpLoad Time = May 28 2024 14:29:27
* <ApplicationData>
* <Seaterm232>
** 20240527
** Sea Practical 2024
** MCat 27.05 CTD_SP5
** NMEA Latitude = 54 07.69N
** NMEA Longitude = 008 25.483E
** waterdepth = 10.8m
** Isabelle
# nquan = 11
# nvalues = 414                         
# units = specified
# name 0 = timeJ: Julian Days
# name 1 = prdM: Pressure, Strain Gauge [db]
# name 2 = tv290C: Temperature [ITS-90, deg C]
# name 3 = c0mS/cm: Conductivity [mS/cm]
# name 4 = sal00: Salinity, Practical [PSU]
# name 5 = depSM: Depth [salt water, m], lat = 54.00
# name 6 = oxsatMm/Kg: Oxygen Saturation, Weiss [umol/kg]
# name 7 = oxsolMm/Kg: Oxygen Saturation, Garcia & Gordon [umol/kg]
# name 8 = turbWETntu0: Turbidity, WET Labs ECO [NTU]
# name 9 = flECO-AFL: Fluorescence, WET Labs ECO-AFL/FL [mg/m^3]
# name 10 = flag:  0.000e+00
# span 0 = 149.600185, 149.601380       
# span 1 =      0.510,     10.168       
# span 2 =    15.6669,    17.4191       
# span 3 =  37.326303,  37.791051       
# span 4 =    28.5759,    29.4613       
# span 5 =      0.505,     10.077       
# span 6 =  246.67997,  253.79125       
# span 7 =  247.04770,  254.07545       
# span 8 =    -4.6424,     2.2836       
# span 9 =     1.6265,     3.7635       
# span 10 = 0.0000e+00, 0.0000e+00      
# interval = seconds: 0.25
# start_time = May 28 2024 14:23:02 [Instrument's time stamp, header]
# bad_flag = -9.990e-29
*END*
[from data line 132]
 149.600567      3.888    15.9586  37.336291    29.2426      3.853  252.69469  252.99430    -3.5062     2.9063 -9.990e-29
 149.600570      3.910    15.9546  37.337459    29.2469      3.875  252.70717  253.00657    -3.9109     2.7122 -9.990e-29
 149.600573      3.923    15.9533  37.333218    29.2442      3.888  252.71860  253.01796    -3.8642     2.7243 -9.990e-29
 149.600576      3.927    15.9509  37.335862    29.2482      3.892  252.72355  253.02276    -3.8020     2.7243 -9.990e-29
 149.600579      3.932    15.9469  37.339550    29.2544      3.897  252.73286  253.03184    -3.7864     2.7122 -9.990e-29
 149.600582      3.932    15.9407  37.336477    29.2563      3.897  252.76094  253.05962    -3.8798     2.6353 -9.990e-29
 149.600584      3.934    15.9334  37.337708    29.2627      3.899  252.78612  253.08441    -3.6774     2.6434 -9.990e-29
 149.600587      3.937    15.9279  37.338261    29.2673      3.902  252.80608  253.10407    -3.6774     2.6636 -9.990e-29
 149.600590      3.950    15.9225  37.339061    29.2720      3.915  252.82507  253.12278    -3.8175     2.6717 -9.990e-29
 149.600593      3.965    15.9171  37.335190    29.2726      3.930  252.85110  253.14855    -3.7086     2.7203 -9.990e-29
 149.600596      3.987    15.9103  37.337710    29.2793      3.951  252.87340  253.17049    -3.7708     2.7364 -9.990e-29
 149.600599      4.013    15.9083  37.337157    29.2807      3.977  252.88092  253.17791    -3.7630     2.7283 0.0000e+00
 149.600602      4.044    15.9064  37.337035    29.2821      4.007  252.88845  253.18533    -3.7708     2.7203 0.0000e+00
 149.600605      4.080    15.9021  37.334516    29.2830      4.044  252.90830  253.20497    -3.7708     2.6798 0.0000e+00
 149.600608      4.113    15.8988  37.336483    29.2871      4.076  252.91753  253.21401    -3.8175     2.6394 0.0000e+00
 149.600611      4.146    15.8953  37.335623    29.2883      4.109  252.93190  253.22821    -3.8175     2.6394 0.0000e+00
 149.600613      4.177    15.8910  37.331260    29.2890      4.140  252.95453  253.25063    -3.8331     2.6434 0.0000e+00
 149.600616      4.208    15.8876  37.334518    29.2937      4.170  252.96269  253.25860    -3.8642     2.6434 0.0000e+00
 149.600619      4.244    15.8847  37.334580    29.2959      4.206  252.97331  253.26906    -4.0043     2.6919 0.0000e+00
 149.600622      4.272    15.8816  37.336117    29.2963      4.234  252.98258  253.27816    -4.0821     2.7324 0.0000e+00
 149.600625      4.303    15.8805  37.330647    29.2979      4.264  252.99072  253.28626    -4.0432     2.7243 0.0000e+00
 149.600628      4.330    15.8795  37.337470    29.2963      4.291  252.99886  253.29436    -4.0821     2.7566 -9.990e-29
 149.600631      4.352    15.8779  37.337163    29.3031      4.313  252.99500  253.29038    -3.5529     2.7203 -9.990e-29
 149.600634      4.370    15.8776  37.334028    29.3006      4.331  253.00063  253.29601    -3.5685     2.7122 -9.990e-29
 149.600637      4.392    15.8770  37.337224    29.3038      4.353  252.99819  253.29353    -3.5996     2.7041 -9.990e-29
 149.600639      4.412    15.8749  37.334766    29.3032      4.373  253.00993  253.30516    -3.5374     2.7041 -9.990e-29
 149.600642      4.432    15.8712  37.333599    29.3049      4.393  253.02535  253.32040    -3.2728     3.1893 -9.990e-29
 149.600645      4.445    15.8677  37.336058    29.3097      4.406  253.03500  253.32985    -3.3039     3.1651 -9.990e-29
 149.600648      4.458    15.8653  37.335628    29.3111      4.418  253.04456  253.33929    -3.2728     3.2055 -9.990e-29
 149.600651      4.473    15.8631  37.336735    29.3137      4.433  253.05120  253.34581    -3.4129     3.1731 -9.990e-29
 149.600654      4.495    15.8608  37.338640    29.3170      4.454  253.05695  253.35142    -2.8370     3.1408 -9.990e-29
 149.600657      4.520    15.8516  37.336981    29.3224      4.480  253.09380  253.38780    -2.9148     3.1529 -9.990e-29
 149.600660      4.551    15.8484  37.337044    29.3259      4.510  253.10407  253.39789    -2.9459     3.1670 0.0000e+00
 149.600663      4.584    15.8451  37.339564    29.3294      4.543  253.11434  253.40798    -2.9148     3.1651 0.0000e+00
 149.600666      4.617    15.8394  37.334771    29.3294      4.576  253.14296  253.43632    -2.9771     3.1812 0.0000e+00
 149.600668      4.653    15.8352  37.336308    29.3338      4.612  253.15638  253.44951    -3.2883     3.4077 0.0000e+00
 149.600671      4.682    15.8294  37.337416    29.3391      4.641  253.17637  253.46919    -3.2883     3.4077 0.0000e+00
 149.600674      4.710    15.8269  37.334958    29.3399      4.668  253.18773  253.48042    -3.2338     3.4077 0.0000e+00
 149.600677      4.735    15.8243  37.335634    29.3407      4.693  253.19908  253.49165    -3.1794     3.4077 -9.990e-29
 149.600680      4.754    15.8165  37.339323    29.3503      4.711  253.22186  253.51399    -3.2416     2.9912 -9.990e-29
 149.600683      4.770    15.8144  37.339139    29.3516      4.728  253.22986  253.52188    -3.3506     2.9993 -9.990e-29
 149.600686      4.778    15.8121  37.340921    29.3549      4.735  253.23577  253.52766    -3.2572     2.9750 -9.990e-29
 149.600689      4.785    15.8107  37.338463    29.3538      4.742  253.24483  253.53666    -3.3350     2.9952 -9.990e-29
 149.600692      4.790    15.8103  37.341352    29.3567      4.747  253.24224  253.53402    -3.2261     2.6515 -9.990e-29
 149.600694      4.803    15.8088  37.337234    29.3541      4.760  253.25381  253.54555    -3.2261     2.6596 -9.990e-29
 149.600697      4.827    15.8052  37.338279    29.3558      4.784  253.26915  253.56070    -3.3973     2.6556 -9.990e-29
 149.600700      4.854    15.8051  37.336128    29.3577      4.811  253.26621  253.55774    -3.4596     2.5303 0.0000e+00
 149.600703      4.898    15.8052  37.340431    29.3588      4.854  253.26326  253.55478    -3.5218     2.4049 0.0000e+00
 149.600706      4.943    15.8053  37.339755    29.3588      4.899  253.26326  253.55478    -3.5374     2.4049 0.0000e+00
 149.600709      4.991    15.8053  37.336743    29.3563      4.946  253.26801  253.55956    -3.5841     2.4089 0.0000e+00
 149.600712      5.037    15.8033  37.333794    29.3563      4.992  253.27991  253.57137    -3.6152     2.4089 0.0000e+00
 149.600715      5.071    15.8023  37.338281    29.3578      5.026  253.28038  253.57177    -3.6075     2.4048 0.0000e+00
 149.600718      5.099    15.8012  37.336130    29.3606      5.053  253.28085  253.57217    -3.6308     2.4008 -9.990e-29
 149.600720      5.110    15.7982  37.333795    29.3589      5.064  253.29922  253.59041    -3.3662     2.3402 -9.990e-29
 149.600723      5.113    15.7967  37.333487    29.3597      5.068  253.30502  253.59614    -3.3195     2.3563 -9.990e-29
 149.600726      5.108    15.7958  37.335639    29.3623      5.062  253.30532  253.59638    -3.3350     2.3321 -9.990e-29
 149.600729      5.110    15.7955  37.334594    29.3616      5.064  253.30779  253.59884    -3.2728     2.5666 -9.990e-29
 149.600732      5.113    15.7955  37.332689    29.3599      5.068  253.31068  253.60174    -3.2105     2.5949 -9.990e-29
 149.600735      5.135    15.7948  37.333918    29.3644      5.089  253.30649  253.59749    -3.3195     2.6394 -9.990e-29
 149.600738      5.163    15.7946  37.337237    29.3639      5.117  253.30875  253.59974    -3.2961     2.6718 0.0000e+00
 149.600741      5.206    15.7943  37.335639    29.3634      5.160  253.31101  253.60199    -3.3195     2.7041 0.0000e+00
 149.600744      5.261    15.7932  37.334287    29.3634      5.214  253.31694  253.60787    -3.3506     2.7122 0.0000e+00
 149.600747      5.314    15.7910  37.336316    29.3664      5.267  253.32250  253.61329    -3.3506     2.7122 0.0000e+00
 149.600749      5.367    15.7887  37.335456    29.3664      5.319  253.33213  253.62282    -3.2883     2.7122 0.0000e+00
 149.600752      5.407    15.7878  37.331769    29.3664      5.359  253.33835  253.62899    -3.1483     2.6657 0.0000e+00
 149.600755      5.435    15.7869  37.328881    29.3654      5.386  253.34456  253.63517    -3.0082     2.6192 -9.990e-29
 149.600758      5.440    15.7831  37.329004    29.3658      5.391  253.36329  253.65371    -3.1483     2.5747 -9.990e-29
 149.600761      5.433    15.7812  37.331278    29.3692      5.384  253.36666  253.65697    -3.0082     2.5989 -9.990e-29
 149.600764      5.413    15.7799  37.330848    29.3698      5.364  253.37234  253.66258    -3.1171     2.5949 -9.990e-29
 149.600767      5.389    15.7781  37.333491    29.3735      5.341  253.37514  253.66527    -2.2300     2.6879 -9.990e-29
 149.600770      5.371    15.7759  37.332016    29.3738      5.323  253.38566  253.67568    -2.1522     2.7324 -9.990e-29
 149.600773      5.369    15.7736  37.332139    29.3756      5.321  253.39377  253.68367    -2.1522     2.7647 -9.990e-29
 149.600775      5.383    15.7708  37.332016    29.3748      5.335  253.40950  253.69927    -3.0082     2.5868 -9.990e-29
 149.600778      5.422    15.7701  37.328821    29.3762      5.373  253.41065  253.70038    -3.0082     2.5888 0.0000e+00
 149.600781      5.482    15.7694  37.330849    29.3759      5.433  253.41180  253.70148    -3.0082     2.5909 0.0000e+00
 149.600784      5.551    15.7676  37.327408    29.3776      5.502  253.42387  253.71348    -3.0393     2.5909 0.0000e+00
 149.600787      5.633    15.7657  37.331526    29.3773      5.583  253.42479  253.71427    -3.0393     2.5706 0.0000e+00
 149.600790      5.708    15.7642  37.326303    29.3809      5.657  253.43370  253.72305    -2.9304     2.3402 0.0000e+00
 149.600793      5.781    15.7637  37.331957    29.3802      5.730  253.43589  253.72528    -2.9226     2.3381 0.0000e+00
 149.600796      5.832    15.7631  37.331097    29.3831      5.780  253.43370  253.72305    -2.9304     2.3402 -9.990e-29
 149.600799      5.852    15.7602  37.332634    29.3858      5.800  253.44368  253.73287    -2.9771     2.3078 -9.990e-29
 149.600802      5.863    15.7580  37.331774    29.3867      5.810  253.45329  253.74236    -2.3856     2.6273 -9.990e-29
 149.600804      5.846    15.7556  37.332143    29.3888      5.794  253.46161  253.75055    -2.5101     2.5747 -9.990e-29
 149.600807      5.825    15.7527  37.331775    29.3906      5.773  253.47312  253.76191    -2.4790     2.5868 -9.990e-29
 149.600810      5.803    15.7500  37.330423    29.3915      5.751  253.48553  253.77418    -2.3389     2.5989 -9.990e-29
 149.600813      5.783    15.7477  37.332820    29.3952      5.731  253.49017  253.77869    -2.3856     2.5626 -9.990e-29
 149.600816      5.767    15.7450  37.332021    29.3966      5.715  253.50175  253.79012    -2.6346     2.8982 -9.990e-29
 149.600819      5.772    15.7421  37.331714    29.3984      5.720  253.51288  253.80111    -2.6191     2.8901 -9.990e-29
 149.600822      5.796    15.7358  37.330424    29.4040      5.744  253.53551  253.82339    -2.6658     2.9305 -9.990e-29
 149.600825      5.829    15.7349  37.332637    29.4040      5.777  253.53994  253.82779    -2.7748     2.7931 0.0000e+00
 149.600828      5.876    15.7340  37.331101    29.4040      5.823  253.54438  253.83218    -2.8837     2.6717 0.0000e+00
 149.600830      5.936    15.7322  37.330179    29.4039      5.883  253.55263  253.84034    -2.9615     2.6717 0.0000e+00
 149.600833      5.993    15.7290  37.326308    29.4044      5.939  253.57039  253.85796    -2.9615     2.6717 0.0000e+00
 149.600836      6.051    15.7253  37.327661    29.4073      5.997  253.58229  253.86965    -2.8837     2.6717 0.0000e+00
 149.600839      6.100    15.7227  37.331287    29.4123      6.046  253.58659  253.87378    -2.7125     2.3280 0.0000e+00
 149.600842      6.139    15.7218  37.329506    29.4124      6.084  253.59166  253.87880    -2.6502     2.3260 0.0000e+00
 149.600845      6.168    15.7208  37.331288    29.4123      6.113  253.59672  253.88382    -2.5880     2.3240 -9.990e-29
 149.600848      6.188    15.7178  37.327662    29.4129      6.133  253.61081  253.89776    -2.6502     2.3402 -9.990e-29
 149.600851      6.197    15.7168  37.330674    29.4162      6.142  253.60979  253.89667    -2.3389     2.5989 -9.990e-29
 149.600854      6.210    15.7158  37.330182    29.4165      6.154  253.61439  253.90123    -2.3234     2.5909 -9.990e-29
 149.600856      6.217    15.7148  37.326741    29.4142      6.162  253.62318  253.90998    -2.3856     2.6192 -9.990e-29
 149.600859      6.225    15.7139  37.331535    29.4191      6.169  253.61946  253.90618    -2.3856     2.5747 -9.990e-29
 149.600862      6.232    15.7131  37.331535    29.4197      6.176  253.62242  253.90910    -2.4323     2.5989 -9.990e-29
 149.600865      6.248    15.7130  37.328831    29.4174      6.193  253.62713  253.91382    -2.4479     2.6353 -9.990e-29
 149.600868      6.268    15.7131  37.330429    29.4187      6.212  253.62412  253.91081    -2.3389     2.6596 -9.990e-29
 149.600871      6.297    15.7132  37.328462    29.4169      6.241  253.62683  253.91354    -2.3545     2.6677 -9.990e-29
 149.600874      6.321    15.7140  37.332027    29.4192      6.265  253.61895  253.90568    -2.4479     2.3563 -9.990e-29
 149.600877      6.351    15.7137  37.331720    29.4190      6.294  253.62065  253.90737    -2.4634     2.3624 0.0000e+00
 149.600880      6.383    15.7134  37.330859    29.4188      6.326  253.62235  253.90905    -2.4479     2.3685 0.0000e+00
 149.600883      6.411    15.7123  37.329569    29.4185      6.353  253.62848  253.91512    -2.4634     2.3806 0.0000e+00
 149.600885      6.442    15.7115  37.328832    29.4185      6.384  253.63056  253.91712    -2.4479     2.4008 0.0000e+00
 149.600888      6.471    15.7113  37.331536    29.4192      6.413  253.63247  253.91907    -2.1210     2.4695 0.0000e+00
 149.600891      6.502    15.7113  37.329508    29.4192      6.444  253.63190  253.91850    -2.1210     2.4695 0.0000e+00
 149.600894      6.535    15.7115  37.329508    29.4191      6.476  253.63190  253.91850    -2.1366     2.4453 0.0000e+00
 149.600897      6.564    15.7115  37.329570    29.4191      6.505  253.63190  253.91850    -2.1366     2.4453 0.0000e+00
 149.600900      6.595    15.7109  37.330184    29.4200      6.536  253.63182  253.91843    -1.9965     2.7728 0.0000e+00
 149.600903      6.626    15.7108  37.331967    29.4209      6.567  253.63208  253.91863    -1.9732     2.7829 0.0000e+00
 149.600906      6.653    15.7107  37.331107    29.4218      6.594  253.63118  253.91772    -1.9965     2.7930 -9.990e-29
 149.600909      6.677    15.7109  37.332827    29.4223      6.617  253.62901  253.91556    -1.8409     2.8011 -9.990e-29
 149.600911      6.692    15.7114  37.333626    29.4227      6.632  253.62603  253.91260    -1.9031     2.7930 -9.990e-29
 149.600914      6.699    15.7119  37.333503    29.4222      6.639  253.62444  253.91104    -1.3895     2.9750 -9.990e-29
 149.600917      6.701    15.7111  37.332950    29.4223      6.641  253.62824  253.91480    -1.4518     2.9912 -9.990e-29
 149.600920      6.695    15.7100  37.332459    29.4226      6.635  253.63284  253.91935    -1.4829     2.9669 -9.990e-29
 149.600923      6.697    15.7085  37.331537    29.4229      6.637  253.63987  253.92630    -1.3584     2.9386 -9.990e-29
 149.600926      6.706    15.7068  37.330616    29.4234      6.646  253.64779  253.93414    -0.7514     2.7000 -9.990e-29
 149.600929      6.724    15.7025  37.328711    29.4262      6.664  253.66446  253.95059    -0.6580     2.7486 -9.990e-29
 149.600932      6.763    15.7019  37.330186    29.4265      6.702  253.66732  253.95341    -0.6346     2.7203 0.0000e+00
 149.600935      6.814    15.7012  37.329756    29.4268      6.753  253.66936  253.95535    -0.6580     2.7405 0.0000e+00
 149.600937      6.874    15.7003  37.332461    29.4289      6.813  253.67018  253.95623    -1.9187     2.7243 0.0000e+00
 149.600940      6.942    15.6996  37.330863    29.4298      6.880  253.67449  253.96046    -1.9809     2.7243 0.0000e+00
