seaocn-cb/data/ctd_cnv/SBE19plus_01907321_2024_05_28_Cast95.cnv
* Sea-Bird SBE19plus  Data File:
* FileName = E:\Prandtl_Daten\2024\28052024\raw\SBE19plus_01907321_2024_05_28_Cast95.hex
* Software version 2.6.1.12
* Temperature SN = 7321
* Conductivity SN = 7321
* System UpLoad Time = May 28 2024 12:31:30
* <ApplicationData>
* <Seaterm232>
** 20240527
** Sea Practical 2024
** MCat 27.05 CTD_SP7
** NMEA Latitude = 54 8.36N
** NMEA Longitude = 008 20.85E
** waterdepth = 14.4m
** Maja
# nquan = 11
# nvalues = 488                         
# units = specified
# name 0 = timeJ: Julian Days
# name 1 = prdM: Pressure, Strain Gauge [db]
# name 2 = tv290C: Temperature [ITS-90, deg C]
# name 3 = c0mS/cm: Conductivity [mS/cm]
# name 4 = sal00: Salinity, Practical [PSU]
# name 5 = depSM: Depth [salt water, m], lat = 54.00
# name 6 = oxsatMm/Kg: Oxygen Saturation, Weiss [umol/kg]
# name 7 = oxsolMm/Kg: Oxygen Saturation, Garcia & Gordon [umol/kg]
# name 8 = turbWETntu0: Turbidity, WET Labs ECO [NTU]
# name 9 = flECO-AFL: Fluorescence, WET Labs ECO-AFL/FL [mg/m^3]
# name 10 = flag:  0.000e+00
# span 0 = 149.518194, 149.519604       
# span 1 =      0.962,     13.925       
# span 2 =    14.9370,    17.3688       
# span 3 =  37.225378,  37.919650       
# span 4 =    28.1974,    30.5289       
# span 5 =      0.953,     13.801       
# span 6 =  247.55880,  255.64355       
# span 7 =  247.92679,  255.88267       
# span 8 =    -4.5490,     7.3264       
# span 9 =     1.7579,     8.8969       
# span 10 = 0.0000e+00, 0.0000e+00      
# interval = seconds: 0.25
# start_time = May 28 2024 12:24:04 [Instrument's time stamp, header]
# bad_flag = -9.990e-29
*END*
 149.518194      0.962    17.3688  37.292236    28.1974      0.953  247.55880  247.92679    -3.9265     1.7983 0.0000e+00
 149.518197      0.997    17.3048  37.254716    28.2104      0.988  247.84476  248.21007    -3.8331     1.7862 0.0000e+00
 149.518200      1.055    17.2280  37.253621    28.2630      1.045  248.12592  248.48778    -3.8331     1.7821 0.0000e+00
 149.518203      1.108    17.1449  37.246569    28.3151      1.098  248.43946  248.79757    -3.8642     1.7579 0.0000e+00
 149.518206      1.152    17.0754  37.244490    28.3621      1.141  248.69669  249.05161    -3.9732     1.7579 0.0000e+00
 149.518209      1.188    17.0524  37.243636    28.3779      1.178  248.78144  249.13530    -3.9732     1.7721 0.0000e+00
 149.518212      1.215    17.0294  37.235597    28.3936      1.205  248.86619  249.21899    -3.9732     1.7943 -9.990e-29
 149.518215      1.237    16.9327  37.228356    28.4497      1.226  249.24118  249.58955    -3.8953     2.1137 -9.990e-29
 149.518218      1.268    16.8920  37.229466    28.4796      1.257  249.38921  249.73566    -3.8020     2.1218 0.0000e+00
 149.518220      1.301    16.8512  37.231993    28.5095      1.290  249.53724  249.88177    -3.7086     2.1137 0.0000e+00
 149.518223      1.338    16.7746  37.226968    28.5595      1.326  249.82612  250.16704    -3.7086     2.0207 0.0000e+00
 149.518226      1.376    16.7259  37.225378    28.5928      1.364  250.00810  250.34671    -3.7708     2.0126 0.0000e+00
 149.518229      1.416    16.6940  37.226303    28.6163      1.404  250.12439  250.46146    -3.8798     2.0126 0.0000e+00
 149.518232      1.463    16.6684  37.227780    28.6357      1.450  250.21667  250.55251    -3.8798     2.0288 0.0000e+00
 149.518235      1.504    16.6563  37.227230    28.6442      1.490  250.26201  250.59726    -3.9109     2.0773 0.0000e+00
 149.518238      1.537    16.6441  37.231284    28.6526      1.523  250.30736  250.64202    -3.9420     2.1258 -9.990e-29
 149.518241      1.557    16.6094  37.235216    28.6842      1.543  250.42403  250.75697    -3.8798     2.1420 -9.990e-29
 149.518244      1.562    16.5884  37.229263    28.6941      1.548  250.51019  250.84214    -3.8487     2.1946 -9.990e-29
 149.518247      1.566    16.5668  37.241053    28.7197      1.552  250.57283  250.90366    -3.9732     2.1339 -9.990e-29
 149.518249      1.582    16.5312  37.244128    28.7479      1.568  250.70006  251.02914    -3.7397     2.0975 -9.990e-29
 149.518252      1.600    16.4944  37.238483    28.7760      1.586  250.83325  251.16051    -3.8020     2.0894 -9.990e-29
 149.518255      1.631    16.4931  37.246159    28.7768      1.617  250.83871  251.16591    -3.7709     2.0975 0.0000e+00
 149.518258      1.666    16.4931  37.245668    28.7768      1.651  250.83871  251.16591    -3.7709     2.0975 0.0000e+00
 149.518261      1.693    16.4917  37.246160    28.7775      1.678  250.84418  251.17131    -3.7397     2.1056 -9.990e-29
 149.518264      1.712    16.4736  37.247758    28.7923      1.696  250.90798  251.23421    -4.1755     2.2876 -9.990e-29
 149.518267      1.734    16.4477  37.247823    28.8110      1.718  251.00408  251.32904    -4.2533     2.2674 -9.990e-29
 149.518270      1.755    16.3957  37.250528    28.8508      1.740  251.19308  251.51544    -3.7397     2.5626 -9.990e-29
 149.518273      1.787    16.3875  37.250469    28.8575      1.771  251.22240  251.54435    -3.7008     2.5363 0.0000e+00
 149.518275      1.828    16.3792  37.252129    28.8641      1.812  251.25172  251.57325    -3.7397     2.5100 0.0000e+00
 149.518278      1.887    16.3644  37.254404    28.8767      1.870  251.30346  251.62424    -3.6619     2.5100 0.0000e+00
 149.518281      1.947    16.3586  37.255818    28.8815      1.929  251.32398  251.64447    -3.6541     2.5282 0.0000e+00
 149.518284      1.998    16.3528  37.259934    28.8863      1.980  251.34449  251.66469    -3.5218     2.5585 -9.990e-29
 149.518287      2.022    16.3260  37.267244    28.9155      2.004  251.42726  251.74605    -4.4245     2.2552 -9.990e-29
 149.518290      2.022    16.3149  37.265587    28.9221      2.004  251.47096  251.78921    -4.2689     2.2431 -9.990e-29
 149.518293      2.020    16.3041  37.268352    28.9323      2.002  251.50693  251.82462    -4.4090     2.2714 -9.990e-29
 149.518296      2.014    16.2895  37.270626    28.9449      1.996  251.55765  251.87460    -4.3778     2.2633 -9.990e-29
 149.518299      2.025    16.2609  37.271611    28.9684      2.007  251.65930  251.97478    -4.5024     2.9669 -9.990e-29
 149.518302      2.055    16.2540  37.273823    28.9733      2.036  251.68498  252.00011    -4.4557     2.9851 0.0000e+00
 149.518304      2.096    16.2472  37.273641    28.9782      2.078  251.71066  252.02545    -4.4090     2.9669 0.0000e+00
 149.518307      2.166    16.2350  37.272721    28.9862      2.146  251.75745  252.07163    -4.3156     2.9790 0.0000e+00
 149.518310      2.246    16.2238  37.269038    28.9911      2.226  251.80446  252.11810    -4.3156     2.9790 0.0000e+00
 149.518313      2.306    16.2181  37.267934    28.9948      2.285  251.82664  252.14000    -4.2378     2.9831 0.0000e+00
 149.518316      2.332    16.2124  37.271129    28.9985      2.311  251.84882  252.16189    -4.3156     2.9871 -9.990e-29
 149.518319      2.324    16.1975  37.270577    29.0115      2.304  251.90013  252.21242    -4.3467     2.9831 -9.990e-29
 149.518322      2.293    16.1898  37.267015    29.0141      2.273  251.93405  252.24598    -4.3934     3.1691 -9.990e-29
 149.518325      2.275    16.1840  37.269289    29.0203      2.255  251.95245  252.26406    -4.3000     3.1287 -9.990e-29
 149.518328      2.264    16.1794  37.267938    29.0225      2.244  251.97146  252.28285    -4.4090     3.1610 -9.990e-29
 149.518330      2.283    16.1724  37.267017    29.0308      2.262  251.99226  252.30327    -4.1132     2.7728 -9.990e-29
 149.518333      2.317    16.1709  37.271624    29.0296      2.296  252.00144  252.31239    -4.0042     2.7870 0.0000e+00
 149.518336      2.381    16.1695  37.266527    29.0308      2.360  252.01062  252.32152    -3.9887     2.7809 0.0000e+00
 149.518339      2.461    16.1668  37.269905    29.0333      2.439  252.01548  252.32622    -3.9887     2.8011 0.0000e+00
 149.518342      2.542    16.1652  37.270889    29.0333      2.519  252.02033  252.33098    -4.1132     2.7809 0.0000e+00
 149.518345      2.609    16.1644  37.267081    29.0342      2.586  252.02587  252.33649    -4.1288     2.7789 0.0000e+00
 149.518348      2.656    16.1637  37.271565    29.0330      2.633  252.03140  252.34200    -4.1132     2.7445 -9.990e-29
 149.518351      2.678    16.1635  37.274083    29.0393      2.654  252.02192  252.33246    -4.1599     2.9629 -9.990e-29
 149.518354      2.678    16.1636  37.269047    29.0348      2.654  252.02882  252.33940    -4.0821     2.9022 -9.990e-29
 149.518356      2.668    16.1624  37.269538    29.0361      2.644  252.03285  252.34337    -3.9420     2.9103 -9.990e-29
 149.518359      2.662    16.1608  37.269907    29.0376      2.638  252.03826  252.34870    -3.8953     3.4724 -9.990e-29
 149.518362      2.662    16.1587  37.268863    29.0382      2.638  252.04757  252.35791    -4.1132     3.5088 -9.990e-29
 149.518365      2.671    16.1573  37.272733    29.0426      2.647  252.04689  252.35713    -4.1132     3.4845 -9.990e-29
 149.518368      2.693    16.1563  37.272057    29.0404      2.669  252.05592  252.36613    -4.3000     3.3308 -9.990e-29
 149.518371      2.724    16.1562  37.269293    29.0410      2.700  252.05541  252.36561    -4.2378     3.3086 0.0000e+00
 149.518374      2.764    16.1560  37.270583    29.0416      2.739  252.05592  252.36613    -4.3000     3.2864 0.0000e+00
 149.518377      2.813    16.1552  37.270461    29.0421      2.788  252.05753  252.36765    -4.1755     3.2864 0.0000e+00
 149.518380      2.870    16.1548  37.271874    29.0436      2.844  252.05753  252.36765    -4.1288     3.3066 0.0000e+00
 149.518383      2.923    16.1545  37.273655    29.0436      2.897  252.05753  252.36765    -4.0821     4.0466 0.0000e+00
 149.518385      2.965    16.1531  37.270339    29.0441      2.938  252.06643  252.37647    -4.0821     4.0668 0.0000e+00
 149.518388      3.009    16.1508  37.269049    29.0441      2.982  252.07702  252.38695    -4.1132     4.0668 0.0000e+00
 149.518391      3.042    16.1496  37.268866    29.0449      3.014  252.08149  252.39137    -4.1989     4.0526 0.0000e+00
 149.518394      3.067    16.1484  37.266225    29.0456      3.040  252.08596  252.39578    -4.2845     4.0385 -9.990e-29
 149.518397      3.083    16.1434  37.264260    29.0453      3.056  252.11164  252.42122    -3.9109     3.7756 -9.990e-29
 149.518400      3.096    16.1403  37.262910    29.0464      3.069  252.12529  252.43472    -3.8642     3.7676 -9.990e-29
 149.518403      3.113    16.1365  37.262235    29.0485      3.085  252.14032  252.44956    -3.8487     3.8201 -9.990e-29
 149.518406      3.125    16.1336  37.263586    29.0518      3.097  252.14905  252.45814    -3.7708     3.7756 -9.990e-29
 149.518409      3.149    16.1303  37.262911    29.0523      3.121  252.16499  252.47393    -3.9576     3.7756 -9.990e-29
 149.518411      3.184    16.1294  37.261314    29.0518      3.155  252.17016  252.47906    -3.8642     3.7999 0.0000e+00
 149.518414      3.220    16.1285  37.258797    29.0514      3.191  252.17533  252.48418    -3.8953     3.8242 0.0000e+00
 149.518417      3.255    16.1251  37.256034    29.0514      3.226  252.19229  252.50099    -3.8798     3.8242 0.0000e+00
 149.518420      3.288    16.1234  37.258368    29.0537      3.258  252.19712  252.50572    -3.8876     3.6705 0.0000e+00
 149.518423      3.320    16.1216  37.256956    29.0560      3.291  252.20195  252.51045    -3.8798     3.5007 -9.990e-29
 149.518426      3.337    16.1172  37.257079    29.0581      3.307  252.22030  252.52859    -4.1288     3.5371 -9.990e-29
 149.518429      3.348    16.1144  37.259966    29.0626      3.318  252.22644  252.53456    -4.2066     3.5411 -9.990e-29
 149.518432      3.357    16.1114  37.257510    29.0627      3.327  252.24114  252.54913    -3.8798     4.2932 -9.990e-29
 149.518435      3.364    16.1089  37.256957    29.0641      3.334  252.25151  252.55937    -3.8798     4.2973 -9.990e-29
 149.518438      3.382    16.1073  37.259046    29.0644      3.352  252.25897  252.56675    -3.8175     4.2892 -9.990e-29
 149.518440      3.413    16.1062  37.255975    29.0664      3.383  252.26105  252.56877    -3.7786     4.3134 0.0000e+00
 149.518443      3.463    16.1050  37.258801    29.0667      3.432  252.26313  252.57078    -3.8175     4.2892 0.0000e+00
 149.518446      3.528    16.1026  37.254871    29.0684      3.497  252.27797  252.58553    -3.9732     4.0789 0.0000e+00
 149.518449      3.593    16.0986  37.256960    29.0702      3.560  252.28980  252.59714    -4.1132     4.0668 0.0000e+00
 149.518452      3.653    16.0931  37.250943    29.0714      3.620  252.31939  252.62648    -4.1911     4.0587 0.0000e+00
 149.518455      3.702    16.0893  37.248303    29.0719      3.669  252.33583  252.64273    -4.1989     4.0547 0.0000e+00
 149.518458      3.737    16.0854  37.244436    29.0736      3.703  252.35227  252.65898    -4.2066     4.0506 -9.990e-29
 149.518461      3.759    16.0733  37.245726    29.0801      3.725  252.40117  252.70727    -4.1132     4.5965 -9.990e-29
 149.518464      3.770    16.0689  37.242595    29.0807      3.736  252.42255  252.72844    -4.1755     4.5642 -9.990e-29
 149.518466      3.771    16.0641  37.245052    29.0863      3.738  252.43646  252.74210    -4.0510     4.5439 -9.990e-29
 149.518469      3.762    16.0610  37.243947    29.0876      3.729  252.45003  252.75551    -3.0393     4.0506 -9.990e-29
 149.518472      3.759    16.0579  37.250087    29.0952      3.725  252.45217  252.75746    -2.9771     4.0668 -9.990e-29
 149.518475      3.759    16.0559  37.246465    29.0936      3.725  252.46533  252.77054    -3.1171     4.0587 -9.990e-29
 149.518478      3.770    16.0547  37.250149    29.0976      3.736  252.46430  252.76942    -2.8681     4.0587 -9.990e-29
 149.518481      3.784    16.0492  37.251378    29.0992      3.750  252.48902  252.79387    -4.0043     4.3094 -9.990e-29
 149.518484      3.823    16.0468  37.247387    29.1035      3.788  252.49352  252.79823    -4.0743     4.3013 0.0000e+00
 149.518487      3.874    16.0444  37.253344    29.1079      3.839  252.49801  252.80258    -4.1444     4.3094 0.0000e+00
 149.518490      3.932    16.0389  37.251503    29.1103      3.897  252.52136  252.82566    -4.1444     4.3013 0.0000e+00
 149.518492      3.992    16.0319  37.252056    29.1159      3.957  252.54678  252.85071    -4.1132     4.3215 0.0000e+00
 149.518495      4.052    16.0254  37.251075    29.1198      4.016  252.57241  252.87601    -4.0666     4.9766 0.0000e+00
 149.518498      4.114    16.0195  37.251751    29.1247      4.078  252.59347  252.89677    -3.9420     4.9766 0.0000e+00
 149.518501      4.155    16.0170  37.255559    29.1282      4.117  252.60016  252.90332    -3.9109     4.9685 0.0000e+00
 149.518504      4.189    16.0144  37.257894    29.1317      4.152  252.60685  252.90986    -3.9420     4.9604 -9.990e-29
 149.518507      4.206    16.0020  37.259246    29.1440      4.168  252.64780  252.95014    -3.9732     4.0749 -9.990e-29
 149.518510      4.207    15.9962  37.258571    29.1477      4.170  252.67054  252.97259    -3.9420     4.0870 -9.990e-29
 149.518513      4.200    15.9913  37.262932    29.1550      4.162  252.68216  252.98392    -4.1288     4.0506 -9.990e-29
 149.518516      4.193    15.9857  37.270241    29.1655      4.155  252.69202  252.99345    -3.9732     4.0264 -9.990e-29
 149.518519      4.189    15.9766  37.279393    29.1801      4.152  252.71250  253.01340    -4.0043     4.8391 -9.990e-29
 149.518521      4.207    15.9539  37.279948    29.2082      4.170  252.77802  253.07765    -4.0977     4.8108 -9.990e-29
 149.518524      4.238    15.9479  37.292419    29.2152      4.200  252.79619  253.09549    -4.1444     4.8148 0.0000e+00
 149.518527      4.280    15.9418  37.298319    29.2222      4.242  252.81436  253.11333    -4.0977     4.8108 0.0000e+00
 149.518530      4.339    15.9322  37.306368    29.2362      4.300  252.83795  253.13638    -4.1288     3.9414 0.0000e+00
 149.518533      4.403    15.9229  37.310302    29.2465      4.363  252.86713  253.16504    -4.0510     3.9131 0.0000e+00
 149.518536      4.465    15.9133  37.313437    29.2562      4.425  252.89810  253.19549    -4.0199     3.9172 0.0000e+00
 149.518539      4.510    15.9092  37.322533    29.2632      4.470  252.90686  253.20400    -4.0043     3.9071 0.0000e+00
 149.518542      4.548    15.9050  37.324439    29.2703      4.508  252.91561  253.21251    -4.0199     3.9172 -9.990e-29
 149.518545      4.570    15.8845  37.326960    29.2892      4.530  252.98558  253.28137    -4.2533     3.9778 -9.990e-29
 149.518547      4.581    15.8753  37.336733    29.3046      4.540  253.00557  253.30082    -4.3934     3.9819 -9.990e-29
 149.518550      4.580    15.8632  37.347123    29.3226      4.539  253.03500  253.32954    -4.5490     3.9859 -9.990e-29
 149.518553      4.572    15.8501  37.359234    29.3428      4.531  253.06565  253.35943    -4.4090     4.0142 -9.990e-29
 149.518556      4.578    15.8354  37.380325    29.3721      4.537  253.08893  253.38180    -3.5996     4.1396 -9.990e-29
 149.518559      4.591    15.8167  37.393795    29.3978      4.549  253.13879  253.43059    -3.8020     4.1679 -9.990e-29
 149.518562      4.614    15.7861  37.399824    29.4304      4.573  253.23581  253.52591    -3.8798     4.1274 -9.990e-29
 149.518565      4.651    15.7808  37.405239    29.4407      4.609  253.24465  253.53443    -3.9654     4.1052 0.0000e+00
 149.518568      4.698    15.7755  37.419757    29.4510      4.656  253.25350  253.54294    -4.0510     4.0830 0.0000e+00
 149.518571      4.755    15.7609  37.426219    29.4676      4.712  253.29877  253.58738    -4.0510     4.0830 0.0000e+00
