seaocn-cb/data/ctd_cnv/SBE19plus_01907321_2024_05_27_Cast78.cnv
* Sea-Bird SBE19plus  Data File:
* FileName = E:\Prandtl_Daten\2024\27052024\raw\SBE19plus_01907321_2024_05_27_Cast78.hex
* Software version 2.6.1.12
* Temperature SN = 7321
* Conductivity SN = 7321
* System UpLoad Time = May 27 2024 10:41:40
* <ApplicationData>
* <Seaterm232>
** 20240527
** Sea Practical 2024
** MCat 27.05 CTD_SP5
** NMEA Latitude = 54 7.781N
** NMEA Longitude = 008 25.579E
** waterdepth = 9.8m
** Clemens
# nquan = 11
# nvalues = 298                         
# units = specified
# name 0 = timeJ: Julian Days
# name 1 = prdM: Pressure, Strain Gauge [db]
# name 2 = tv290C: Temperature [ITS-90, deg C]
# name 3 = c0mS/cm: Conductivity [mS/cm]
# name 4 = sal00: Salinity, Practical [PSU]
# name 5 = depSM: Depth [salt water, m], lat = 54.00
# name 6 = oxsatMm/Kg: Oxygen Saturation, Weiss [umol/kg]
# name 7 = oxsolMm/Kg: Oxygen Saturation, Garcia & Gordon [umol/kg]
# name 8 = turbWETntu0: Turbidity, WET Labs ECO [NTU]
# name 9 = flECO-AFL: Fluorescence, WET Labs ECO-AFL/FL [mg/m^3]
# name 10 = flag:  0.000e+00
# span 0 = 148.438791, 148.439650       
# span 1 =      0.975,      8.811       
# span 2 =    16.0720,    16.2561       
# span 3 =  36.967892,  37.130641       
# span 4 =    28.8336,    28.8702       
# span 5 =      0.966,      8.732       
# span 6 =  251.89138,  252.81030       
# span 7 =  252.20745,  253.11808       
# span 8 =    -2.1989,   122.2992       
# span 9 =     2.1420,     6.0927       
# span 10 = 0.0000e+00, 0.0000e+00      
# interval = seconds: 0.25
# start_time = May 27 2024 10:30:19 [Instrument's time stamp, header]
# bad_flag = -9.990e-29
*END*
 148.438791      0.975    16.2472  37.116597    28.8430      0.966  251.94286  252.25858    -1.6385     2.4776 0.0000e+00
 148.438793      1.000    16.2444  37.110466    28.8397      0.992  251.96245  252.27806    -1.7164     2.4938 0.0000e+00
 148.438796      1.108    16.2408  37.106604    28.8397      1.098  251.98171  252.29717    -1.7475     2.4938 0.0000e+00
 148.438799      1.265    16.2360  37.111571    28.8466      1.254  251.98171  252.29717    -2.0121     2.1663 0.0000e+00
 148.438802      1.429    16.2360  37.124142    28.8564      1.416  251.97804  252.29309    -2.1833     2.1541 0.0000e+00
 148.438805      1.566    16.2406  37.126840    28.8564      1.552  251.95256  252.26788    -2.1833     2.1461 0.0000e+00
 148.438808      1.655    16.2443  37.130641    28.8554      1.640  251.93599  252.25149    -2.1989     2.1441 0.0000e+00
 148.438811      1.704    16.2480  37.126594    28.8543      1.689  251.91942  252.23510    -2.1522     2.1420 -9.990e-29
 148.438814      1.699    16.2559  37.129782    28.8478      1.684  251.89138  252.20745    -1.4206     2.6070 -9.990e-29
 148.438817      1.653    16.2561  37.122975    28.8418      1.638  251.90054  252.21667    -1.4051     2.5787 -9.990e-29
 148.438819      1.588    16.2536  37.124324    28.8448      1.574  251.90779  252.22378    -1.4051     2.6111 -9.990e-29
 148.438822      1.529    16.2502  37.120461    28.8439      1.516  251.92606  252.24191    -1.4829     2.5868 -9.990e-29
 148.438825      1.498    16.2485  37.118867    28.8438      1.485  251.93499  252.25076    -1.1716     2.9993 -9.990e-29
 148.438828      1.511    16.2453  37.104398    28.8336      1.498  251.96844  252.28413    -1.1094     3.0518 -9.990e-29
 148.438831      1.562    16.2365  37.107097    28.8423      1.548  251.99711  252.31235    -1.1872     3.0478 -9.990e-29
 148.438834      1.626    16.2238  37.103910    28.8480      1.611  252.05042  252.36504    -1.3428     2.7364 -9.990e-29
 148.438837      1.692    16.2222  37.103114    28.8487      1.677  252.05720  252.37174    -1.3117     2.7445 0.0000e+00
 148.438840      1.757    16.2206  37.102072    28.8494      1.742  252.06398  252.37844    -1.3428     2.7364 0.0000e+00
 148.438843      1.816    16.2189  37.103115    28.8515      1.800  252.06875  252.38313    -1.4829     2.7324 0.0000e+00
 148.438845      1.858    16.2180  37.102747    28.8519      1.841  252.06875  252.38313    -1.4829     2.7324 0.0000e+00
 148.438848      1.894    16.2180  37.107100    28.8537      1.877  252.06984  252.38416    -0.9304     2.9467 0.0000e+00
 148.438851      1.920    16.2180  37.108326    28.8556      1.903  252.06647  252.38078    -0.3623     3.1610 -9.990e-29
 148.438854      1.929    16.2227  37.107284    28.8523      1.912  252.04855  252.36309    -0.4712     3.1812 -9.990e-29
 148.438857      1.936    16.2235  37.095697    28.8417      1.919  252.06276  252.37741    -0.3156     3.1812 -9.990e-29
 148.438860      1.951    16.2179  37.084051    28.8357      1.933  252.10103  252.41546    -0.5957     3.1570 -9.990e-29
 148.438863      1.969    16.2071  37.078659    28.8389      1.952  252.14949  252.46341    -0.6736     2.9063 -9.990e-29
 148.438866      1.984    16.1965  37.079702    28.8474      1.966  252.18748  252.50086    -0.7514     2.8982 -9.990e-29
 148.438869      2.002    16.1889  37.078232    28.8513      1.984  252.21878  252.53179    -0.6891     2.9224 -9.990e-29
 148.438872      2.027    16.1879  37.077803    28.8517      2.009  252.22323  252.53619    -0.4946     3.0073 0.0000e+00
 148.438874      2.059    16.1868  37.077068    28.8513      2.040  252.22768  252.54059    -0.4712     3.0923 0.0000e+00
 148.438877      2.089    16.1853  37.072778    28.8514      2.071  252.23672  252.54956    -0.3856     3.1044 0.0000e+00
 148.438880      2.119    16.1837  37.071921    28.8507      2.100  252.24576  252.55853    -0.4712     3.1165 -9.990e-29
 148.438883      2.139    16.1779  37.073024    28.8551      2.120  252.26698  252.57946    -0.4090     3.0923 -9.990e-29
 148.438886      2.159    16.1765  37.076886    28.8594      2.140  252.26664  252.57902    -1.9031     3.0437 -9.990e-29
 148.438889      2.168    16.1788  37.086876    28.8664      2.149  252.24310  252.55554    -1.9187     3.0599 -9.990e-29
 148.438892      2.179    16.1930  37.092086    28.8654      2.159  252.17378  252.48688    -2.1366     3.0154 -9.990e-29
 148.438895      2.204    16.1973  37.097663    28.8644      2.185  252.15418  252.46748    -2.0277     2.9345 0.0000e+00
 148.438898      2.248    16.2016  37.102505    28.8633      2.228  252.13458  252.44808    -2.0121     2.8537 0.0000e+00
 148.438900      2.299    16.2093  37.105938    28.8607      2.279  252.10076  252.41464    -2.0121     2.8416 0.0000e+00
 148.438903      2.361    16.2157  37.103975    28.8543      2.340  252.07976  252.39397    -2.0121     2.8173 0.0000e+00
 148.438906      2.421    16.2199  37.107102    28.8540      2.400  252.05958  252.37398    -1.8564     2.8416 0.0000e+00
 148.438909      2.461    16.2215  37.108205    28.8533      2.439  252.05279  252.36726    -1.8487     2.8335 0.0000e+00
 148.438912      2.491    16.2231  37.111148    28.8526      2.468  252.04599  252.36054    -1.8564     2.8497 -9.990e-29
 148.438915      2.500    16.2298  37.106365    28.8462      2.477  252.02388  252.33879    -1.2494     3.0882 -9.990e-29
 148.438918      2.503    16.2307  37.103729    28.8432      2.481  252.02420  252.33917    -1.1405     3.0640 -9.990e-29
 148.438921      2.501    16.2290  37.100725    28.8419      2.479  252.03525  252.35015    -1.1716     3.0316 -9.990e-29
 148.438924      2.496    16.2244  37.094595    28.8399      2.474  252.06142  252.37612    -1.1405     3.7837 -9.990e-29
 148.438927      2.492    16.2176  37.088344    28.8395      2.470  252.09616  252.41055    -1.2494     3.7554 -9.990e-29
 148.438929      2.492    16.2104  37.083012    28.8400      2.470  252.13074  252.44480    -1.0160     3.7635 -9.990e-29
 148.438932      2.511    16.1954  37.080316    28.8454      2.488  252.19654  252.50988    -1.3739     3.7756 -9.990e-29
 148.438935      2.538    16.1923  37.076640    28.8481      2.515  252.20755  252.52073    -1.3817     3.7817 0.0000e+00
 148.438938      2.589    16.1891  37.077560    28.8491      2.566  252.21856  252.53158    -1.3739     3.7878 0.0000e+00
 148.438941      2.640    16.1835  37.071003    28.8507      2.617  252.24931  252.56208    -1.3895     3.8201 0.0000e+00
 148.438944      2.698    16.1797  37.073210    28.8525      2.674  252.26013  252.57271    -1.5140     3.8201 0.0000e+00
 148.438947      2.757    16.1773  37.069717    28.8537      2.732  252.27465  252.58711    -1.5763     3.5815 0.0000e+00
 148.438950      2.804    16.1758  37.069411    28.8534      2.779  252.28058  252.59296    -1.6230     3.5775 0.0000e+00
 148.438953      2.843    16.1742  37.071434    28.8544      2.817  252.28651  252.59882    -1.6697     3.5735 -9.990e-29
 148.438955      2.863    16.1706  37.068431    28.8561      2.837  252.30148  252.61361    -1.6697     3.5330 -9.990e-29
 148.438958      2.883    16.1698  37.061875    28.8510      2.857  252.31424  252.62638    -1.6852     3.5411 -9.990e-29
 148.438961      2.892    16.1687  37.061201    28.8513      2.866  252.31944  252.63153    -1.2806     3.7029 -9.990e-29
 148.438964      2.899    16.1661  37.057157    28.8496      2.873  252.33505  252.64703    -1.1405     3.6948 -9.990e-29
 148.438967      2.905    16.1622  37.055074    28.8507      2.879  252.35283  252.66462    -1.0782     3.7352 -9.990e-29
 148.438970      2.919    16.1584  37.055871    28.8541      2.893  252.36573  252.67732    -1.2027     3.7514 -9.990e-29
 148.438973      2.941    16.1546  37.057587    28.8561      2.915  252.38132  252.69272    -1.1094     3.8525 -9.990e-29
 148.438976      2.974    16.1540  37.055075    28.8565      2.947  252.38377  252.69514    -1.1405     3.8504 0.0000e+00
 148.438979      3.012    16.1533  37.055014    28.8561      2.985  252.38622  252.69756    -1.1094     3.8525 0.0000e+00
 148.438981      3.049    16.1518  37.050786    28.8552      3.021  252.39823  252.70952    -1.1094     3.8484 0.0000e+00
 148.438984      3.089    16.1506  37.049623    28.8548      3.061  252.40375  252.71498    -1.0471     3.7978 0.0000e+00
 148.438987      3.118    16.1493  37.049378    28.8552      3.090  252.40927  252.72044    -1.1094     3.7271 -9.990e-29
 148.438990      3.131    16.1443  37.049869    28.8591      3.103  252.42779  252.73871    -1.1716     3.7190 -9.990e-29
 148.438993      3.147    16.1416  37.042455    28.8546      3.119  252.44903  252.75985    -1.1872     3.7271 -9.990e-29
 148.438996      3.155    16.1384  37.042150    28.8566      3.126  252.46117  252.77183    -0.3623     3.7433 -9.990e-29
 148.438999      3.175    16.1354  37.041476    28.8582      3.146  252.47357  252.78408    -0.4245     3.7190 -9.990e-29
 148.439002      3.197    16.1312  37.041354    28.8579      3.168  252.49522  252.80554    -0.4090     3.7231 -9.990e-29
 148.439005      3.231    16.1304  37.037617    28.8596      3.202  252.49655  252.80682    -0.4167     3.7433 0.0000e+00
 148.439008      3.264    16.1295  37.040068    28.8588      3.235  252.49788  252.80810    -0.4090     3.7635 0.0000e+00
 148.439010      3.312    16.1272  37.035351    28.8598      3.282  252.51332  252.82346     0.5249     3.8606 0.0000e+00
 148.439013      3.361    16.1239  37.033759    28.8598      3.331  252.52830  252.83828     0.5871     3.8686 0.0000e+00
 148.439016      3.410    16.1205  37.031003    28.8598      3.380  252.54502  252.85484     0.5871     3.8606 0.0000e+00
 148.439019      3.450    16.1189  37.027451    28.8595      3.419  252.55382  252.86356     0.6182     3.8544 0.0000e+00
 148.439022      3.478    16.1173  37.024511    28.8591      3.447  252.56262  252.87229     0.5871     3.8403 -9.990e-29
 148.439025      3.498    16.1125  37.028370    28.8634      3.467  252.57924  252.88867     1.6766     4.2488 -9.990e-29
 148.439028      3.507    16.1112  37.028554    28.8645      3.476  252.58377  252.89312     1.5521     4.2609 -9.990e-29
 148.439031      3.514    16.1101  37.025798    28.8629      3.483  252.59178  252.90110     1.4899     4.2204 -9.990e-29
 148.439034      3.536    16.1070  37.022000    28.8608      3.505  252.61089  252.92008     1.3031     4.4469 -9.990e-29
 148.439036      3.564    16.1058  37.020837    28.8621      3.532  252.61505  252.92417     1.3342     4.4328 0.0000e+00
 148.439039      3.600    16.1045  37.021695    28.8634      3.568  252.61921  252.92827     1.3031     4.4469 0.0000e+00
 148.439042      3.637    16.1026  37.020654    28.8638      3.604  252.62767  252.93664     1.3654     4.4307 0.0000e+00
 148.439045      3.668    16.1014  37.022247    28.8638      3.635  252.63011  252.93900     1.7545     4.4307 0.0000e+00
 148.439048      3.699    16.1009  37.017592    28.8644      3.665  252.63554  252.94441     1.7778     4.3720 0.0000e+00
 148.439051      3.724    16.1003  37.018388    28.8628      3.691  252.64097  252.94983     1.8012     4.3134 -9.990e-29
 148.439054      3.744    16.0988  37.018572    28.8647      3.711  252.64522  252.95400     1.9257     4.2932 -9.990e-29
 148.439057      3.759    16.0981  37.019552    28.8661      3.725  252.64646  252.95520     1.8167     4.3256 -9.990e-29
 148.439060      3.770    16.0974  37.019307    28.8664      3.736  252.64952  252.95823     3.0930     3.9900 -9.990e-29
 148.439063      3.777    16.0971  37.017592    28.8651      3.743  252.65299  252.96169     3.0930     3.9900 -9.990e-29
 148.439065      3.794    16.0969  37.018144    28.8657      3.760  252.65307  252.96176     3.0463     3.9738 -9.990e-29
 148.439068      3.815    16.0958  37.018818    28.8647      3.781  252.66010  252.96875     2.0657     4.0223 -9.990e-29
 148.439071      3.844    16.0956  37.016062    28.8645      3.810  252.66165  252.97029     2.0502     3.9900 0.0000e+00
 148.439074      3.877    16.0954  37.015204    28.8647      3.843  252.66099  252.96958     2.0657     4.0183 0.0000e+00
 148.439077      3.910    16.0949  37.017899    28.8669      3.875  252.66266  252.97124     2.0346     3.9738 0.0000e+00
 148.439080      3.941    16.0946  37.017593    28.8669      3.906  252.66152  252.97008     2.2525     3.9738 0.0000e+00
 148.439083      3.979    16.0945  37.018573    28.8669      3.944  252.66266  252.97124     2.8595     3.9495 0.0000e+00
 148.439086      4.023    16.0942  37.015634    28.8678      3.987  252.66197  252.97051     2.8595     3.9495 0.0000e+00
 148.439089      4.072    16.0941  37.019309    28.8654      4.036  252.66683  252.97540     2.8906     3.9495 0.0000e+00
 148.439091      4.130    16.0938  37.014287    28.8660      4.094  252.67022  252.97875     2.8906     3.9455 0.0000e+00
 148.439094      4.187    16.0934  37.015634    28.8646      4.150  252.67070  252.97926     4.3381     3.9333 0.0000e+00
 148.439097      4.242    16.0930  37.013185    28.8652      4.204  252.67342  252.98193     4.3381     3.8100 0.0000e+00
 148.439100      4.277    16.0926  37.013369    28.8644      4.238  252.67661  252.98511     4.3381     3.6867 -9.990e-29
 148.439103      4.288    16.0899  37.010674    28.8642      4.249  252.69056  252.99894     4.3226     3.6503 -9.990e-29
 148.439106      4.275    16.0887  37.012022    28.8663      4.237  252.69333  253.00164     4.1825     3.7190 -9.990e-29
 148.439109      4.251    16.0878  37.010858    28.8659      4.213  252.69835  253.00662     6.3459     3.7514 -9.990e-29
 148.439112      4.224    16.0869  37.005040    28.8615      4.186  252.71033  253.01859     6.3459     3.7635 -9.990e-29
 148.439115      4.227    16.0860  37.007245    28.8640      4.190  252.71033  253.01853     6.4704     3.7595 -9.990e-29
 148.439117      4.247    16.0835  37.007000    28.8652      4.210  252.72065  253.02873     9.8945     4.0587 -9.990e-29
 148.439120      4.286    16.0831  37.006572    28.8662      4.248  252.72126  253.02932     9.8556     4.0567 0.0000e+00
 148.439123      4.341    16.0827  37.007981    28.8652      4.302  252.72187  253.02990     9.8167     4.0547 0.0000e+00
 148.439126      4.392    16.0819  37.002040    28.8647      4.353  252.73309  253.04106     9.8167     4.0506 0.0000e+00
 148.439129      4.447    16.0812  37.004123    28.8635      4.407  252.73347  253.04150     9.8167     4.0506 0.0000e+00
 148.439132      4.500    16.0807  37.002286    28.8638      4.459  252.73796  253.04592    14.6572     4.2124 0.0000e+00
 148.439135      4.545    16.0800  37.002041    28.8635      4.505  252.74075  253.04867    14.6572     4.2488 0.0000e+00
 148.439138      4.591    16.0795  36.999776    28.8632      4.550  252.74425  253.05216    14.6105     4.2609 0.0000e+00
 148.439141      4.619    16.0791  37.001368    28.8625      4.577  252.74775  253.05564    14.5638     4.2488 -9.990e-29
 148.439144      4.635    16.0782  37.000694    28.8639      4.593  252.74970  253.05754    14.7039     4.2326 -9.990e-29
 148.439146      4.642    16.0779  36.998429    28.8622      4.601  252.75429  253.06212    15.8712     4.4145 -9.990e-29
 148.439149      4.649    16.0777  36.999837    28.8635      4.608  252.75278  253.06061    15.8401     4.4469 -9.990e-29
 148.439152      4.660    16.0777  36.999347    28.8631      4.619  252.75352  253.06135    15.8712     4.4550 -9.990e-29
 148.439155      4.675    16.0772  36.997327    28.8598      4.633  252.76166  253.06949     7.1085     3.9455 -9.990e-29
 148.439158      4.702    16.0771  36.995122    28.8605      4.660  252.76098  253.06879     7.0618     3.9536 0.0000e+00
 148.439161      4.735    16.0770  36.996653    28.8612      4.693  252.76029  253.06809     7.0152     3.9455 0.0000e+00
 148.439164      4.772    16.0770  36.996837    28.8614      4.729  252.76003  253.06784     7.0152     3.9455 0.0000e+00
 148.439167      4.803    16.0772  36.998246    28.8624      4.760  252.75705  253.06485     6.8595     3.9253 0.0000e+00
