seaocn-cb/data/ctd_cnv/SBE19plus_01907321_2024_05_25_Cast55.cnv
* Sea-Bird SBE19plus  Data File:
* FileName = E:\Prandtl_Daten\2024\25052024\raw\SBE19plus_01907321_2024_05_25_Cast55.hex
* Software version 2.6.1.12
* Temperature SN = 7321
* Conductivity SN = 7321
* System UpLoad Time = May 25 2024 09:38:31
* <ApplicationData>
* <Seaterm232>
** 20240525
** Sea Practical 2024
** MCat 25.05 CTD_SP10
** NMEA Latitude = 054 9.14N
** NMEA Longitude = 008 12.65E
** waterdepth =18.2m
** Till
# nquan = 11
# nvalues = 653                         
# units = specified
# name 0 = timeJ: Julian Days
# name 1 = prdM: Pressure, Strain Gauge [db]
# name 2 = tv290C: Temperature [ITS-90, deg C]
# name 3 = c0mS/cm: Conductivity [mS/cm]
# name 4 = sal00: Salinity, Practical [PSU]
# name 5 = depSM: Depth [salt water, m], lat = 54.00
# name 6 = oxsatMm/Kg: Oxygen Saturation, Weiss [umol/kg]
# name 7 = oxsolMm/Kg: Oxygen Saturation, Garcia & Gordon [umol/kg]
# name 8 = turbWETntu0: Turbidity, WET Labs ECO [NTU]
# name 9 = flECO-AFL: Fluorescence, WET Labs ECO-AFL/FL [mg/m^3]
# name 10 = flag:  0.000e+00
# span 0 = 146.396933, 146.398819       
# span 1 =      0.552,     17.498       
# span 2 =    13.1472,    14.9242       
# span 3 =  37.674355,  37.897683       
# span 4 =    30.3760,    31.7546       
# span 5 =      0.547,     17.342       
# span 6 =  255.96201,  262.92266       
# span 7 =  256.20160,  263.04797       
# span 8 =    -5.2183,     5.8478       
# span 9 =     3.9010,     9.8249       
# span 10 = 0.0000e+00, 0.0000e+00      
# interval = seconds: 0.25
# start_time = May 25 2024 09:30:10 [Instrument's time stamp, header]
# bad_flag = -9.990e-29
*END*
 146.396933      0.552    14.9235  37.738623    30.3828      0.547  255.96596  256.20554    -4.9693     3.9131 -9.990e-29
 146.396936      0.558    14.9234  37.740043    30.3841      0.553  255.96402  256.20358    -4.6736     3.9131 -9.990e-29
 146.396939      0.580    14.9232  37.738809    30.3843      0.574  255.96493  256.20448    -4.8759     3.9010 -9.990e-29
 146.396942      0.622    14.9232  37.740043    30.3843      0.616  255.96493  256.20448    -4.8759     3.9010 0.0000e+00
 146.396944      0.665    14.9232  37.740167    30.3843      0.659  255.96493  256.20448    -4.8759     3.9010 -9.990e-29
 146.396947      0.687    14.9236  37.737081    30.3812      0.681  255.96790  256.20750    -4.8292     4.1477 -9.990e-29
 146.396950      0.705    14.9237  37.740167    30.3839      0.699  255.96276  256.20234    -4.8292     4.1274 -9.990e-29
 146.396953      0.709    14.9240  37.736587    30.3805      0.703  255.96724  256.20687    -4.9381     4.1355 -9.990e-29
 146.396956      0.707    14.9242  37.735291    30.3792      0.701  255.96870  256.20835    -4.7202     4.2528 -9.990e-29
 146.396959      0.719    14.9239  37.739056    30.3839      0.712  255.96201  256.20160    -4.9226     4.2407 -9.990e-29
 146.396962      0.755    14.9238  37.740291    30.3839      0.748  255.96241  256.20200    -4.8837     4.2346 0.0000e+00
 146.396965      0.815    14.9237  37.740168    30.3839      0.808  255.96210  256.20166    -4.8448     4.2407 0.0000e+00
 146.396968      0.905    14.9235  37.741217    30.3839      0.897  255.96282  256.20241    -4.8448     4.2851 0.0000e+00
 146.396970      1.005    14.9231  37.739736    30.3839      0.996  255.96595  256.20550    -4.8603     4.2851 0.0000e+00
 146.396973      1.085    14.9226  37.737267    30.3824      1.076  255.97163  256.21117    -4.8603     4.3013 0.0000e+00
 146.396976      1.149    14.9225  37.737515    30.3822      1.139  255.97190  256.21142    -4.8370     4.3134 0.0000e+00
 146.396979      1.182    14.9224  37.740046    30.3824      1.171  255.97216  256.21168    -4.7981     4.3418 -9.990e-29
 146.396982      1.187    14.9219  37.739058    30.3842      1.177  255.97178  256.21126    -4.8448     4.5965 -9.990e-29
 146.396985      1.165    14.9221  37.735910    30.3812      1.155  255.97586  256.21538    -4.8448     4.6208 -9.990e-29
 146.396988      1.129    14.9221  37.737268    30.3824      1.119  255.97369  256.21320    -4.7981     4.6289 -9.990e-29
 146.396991      1.095    14.9218  37.739490    30.3847      1.085  255.97133  256.21081    -4.9381     4.6572 -9.990e-29
 146.396994      1.076    14.9212  37.737514    30.3834      1.067  255.97676  256.21621    -5.0160     4.0061 -9.990e-29
 146.396997      1.091    14.9203  37.732391    30.3795      1.081  255.98804  256.22748    -5.1094     4.0991 -9.990e-29
 146.396999      1.125    14.9188  37.736836    30.3815      1.115  255.99245  256.23180    -5.0160     4.0223 -9.990e-29
 146.397002      1.184    14.9186  37.733318    30.3835      1.173  255.98989  256.22921    -4.9459     4.0991 0.0000e+00
 146.397005      1.253    14.9184  37.737515    30.3853      1.242  255.99048  256.22974    -4.8759     4.1760 0.0000e+00
 146.397008      1.322    14.9179  37.736837    30.3855      1.310  255.99048  256.22974    -4.8759     4.1760 0.0000e+00
 146.397011      1.373    14.9177  37.736837    30.3854      1.361  255.99122  256.23047    -4.8292     4.1739 0.0000e+00
 146.397014      1.410    14.9175  37.736405    30.3856      1.397  255.99196  256.23120    -4.8759     4.1598 -9.990e-29
 146.397017      1.423    14.9180  37.732640    30.3814      1.410  255.99658  256.23588    -5.1405     4.3741 -9.990e-29
 146.397020      1.428    14.9185  37.735232    30.3833      1.416  255.99075  256.23006    -5.2183     4.3781 -9.990e-29
 146.397023      1.426    14.9193  37.736652    30.3839      1.414  255.98531  256.22466    -5.0938     4.4065 -9.990e-29
 146.397025      1.421    14.9201  37.740541    30.3868      1.408  255.97627  256.21564    -5.0004     4.3984 -9.990e-29
 146.397028      1.423    14.9207  37.737701    30.3838      1.410  255.97843  256.21785    -5.0315     4.3741 -9.990e-29
 146.397031      1.441    14.9210  37.734985    30.3816      1.428  255.98070  256.22016    -5.0160     4.1517 -9.990e-29
 146.397034      1.477    14.9209  37.735541    30.3813      1.464  255.98164  256.22110    -4.9693     4.1537 0.0000e+00
 146.397037      1.525    14.9209  37.734738    30.3810      1.511  255.98258  256.22204    -4.9537     4.1557 0.0000e+00
 146.397040      1.585    14.9204  37.734183    30.3808      1.571  255.98524  256.22467    -4.9537     4.1800 0.0000e+00
 146.397043      1.645    14.9193  37.731282    30.3791      1.631  255.99421  256.23359    -5.0160     4.4873 0.0000e+00
 146.397046      1.707    14.9148  37.725111    30.3791      1.692  256.02083  256.26001    -5.1094     4.4995 0.0000e+00
 146.397049      1.766    14.9091  37.731346    30.3870      1.750  256.03254  256.27133    -5.1094     4.4873 0.0000e+00
 146.397052      1.819    14.9084  37.732642    30.3877      1.802  256.03488  256.27360    -5.1094     4.4712 0.0000e+00
 146.397054      1.861    14.9082  37.731531    30.3883      1.844  256.03490  256.27364    -5.0471     4.4672 0.0000e+00
 146.397057      1.890    14.9084  37.732643    30.3877      1.873  256.03492  256.27367    -4.9848     4.4712 -9.990e-29
 146.397060      1.899    14.9084  37.733075    30.3890      1.882  256.03251  256.27125    -5.0627     4.4914 -9.990e-29
 146.397063      1.901    14.9101  37.733815    30.3884      1.884  256.02495  256.26378    -5.0315     4.5116 -9.990e-29
 146.397066      1.882    14.9106  37.729556    30.3842      1.865  256.02991  256.26881    -4.7047     4.4995 -9.990e-29
 146.397069      1.861    14.9088  37.722705    30.3795      1.844  256.04739  256.28623    -4.7047     4.5075 -9.990e-29
 146.397072      1.839    14.9045  37.725360    30.3853      1.822  256.05975  256.29831    -4.8292     4.5075 -9.990e-29
 146.397075      1.830    14.9002  37.722212    30.3857      1.813  256.08070  256.31903    -4.7202     4.4792 -9.990e-29
 146.397078      1.833    14.8969  37.725114    30.3910      1.817  256.08890  256.32702    -4.8448     4.5035 -9.990e-29
 146.397080      1.850    14.8952  37.723139    30.3869      1.833  256.10439  256.34246    -4.8759     4.4145 -9.990e-29
 146.397083      1.888    14.8936  37.719189    30.3858      1.871  256.11505  256.35303    -4.7903     4.4449 0.0000e+00
 146.397086      1.956    14.8919  37.713821    30.3869      1.938  256.12568  256.36340    -4.8448     4.4469 0.0000e+00
 146.397089      2.033    14.8897  37.719931    30.3921      2.014  256.12568  256.36340    -4.7514     4.4752 0.0000e+00
 146.397092      2.104    14.8897  37.722029    30.3921      2.085  256.12096  256.35868    -4.7514     4.6895 0.0000e+00
 146.397095      2.166    14.8905  37.721042    30.3926      2.146  256.11886  256.35663    -4.7514     4.6915 0.0000e+00
 146.397098      2.211    14.8913  37.720055    30.3915      2.192  256.11675  256.35457    -4.7514     4.6936 -9.990e-29
 146.397101      2.235    14.8913  37.721968    30.3923      2.215  256.11504  256.35286    -4.7514     4.6895 -9.990e-29
 146.397104      2.252    14.8911  37.720055    30.3907      2.231  256.11894  256.35676    -4.7514     5.1464 -9.990e-29
 146.397106      2.259    14.8909  37.718265    30.3893      2.239  256.12265  256.36046    -4.8136     5.1788 -9.990e-29
 146.397109      2.270    14.8854  37.713205    30.3760      2.250  256.17468  256.41232    -4.7669     5.1626 -9.990e-29
 146.397112      2.301    14.8794  37.698581    30.3764      2.280  256.20487  256.44219    -4.7903     5.1080 0.0000e+00
 146.397115      2.343    14.8734  37.689081    30.3767      2.322  256.23506  256.47206    -4.8136     5.0615 0.0000e+00
 146.397118      2.398    14.8584  37.692846    30.3918      2.376  256.28610  256.52219    -4.8603     5.0615 0.0000e+00
 146.397121      2.450    14.8485  37.696735    30.4030      2.429  256.31746  256.55294    -4.8603     5.0615 0.0000e+00
 146.397124      2.498    14.8463  37.698155    30.4053      2.476  256.32463  256.55998    -4.8058     5.0413 0.0000e+00
 146.397127      2.533    14.8441  37.690504    30.4076      2.510  256.33180  256.56701    -4.7514     5.0211 -9.990e-29
 146.397130      2.540    14.8427  37.697291    30.4079      2.517  256.33843  256.57356    -5.0315     6.1007 -9.990e-29
 146.397133      2.525    14.8472  37.703029    30.4096      2.503  256.31249  256.54784    -5.0782     6.0846 -9.990e-29
 146.397135      2.507    14.8534  37.701486    30.4034      2.484  256.29139  256.52712    -5.2183     6.0846 -9.990e-29
 146.397138      2.490    14.8561  37.702781    30.4025      2.468  256.27916  256.51504    -4.9070     6.1169 -9.990e-29
 146.397141      2.478    14.8573  37.700559    30.3995      2.455  256.27802  256.51399    -4.7514     5.9916 -9.990e-29
 146.397144      2.477    14.8533  37.694636    30.3994      2.455  256.29880  256.53456    -4.8448     6.0320 -9.990e-29
 146.397147      2.503    14.8498  37.696981    30.4019      2.481  256.31281  256.54836    -4.7903     6.0239 0.0000e+00
 146.397150      2.549    14.8462  37.696365    30.4044      2.526  256.32682  256.56216    -4.7669     6.0158 0.0000e+00
 146.397153      2.611    14.8408  37.692109    30.4048      2.588  256.34617  256.58099    -4.7669     5.5548 0.0000e+00
 146.397156      2.684    14.8382  37.703463    30.4170      2.660  256.34617  256.58099    -4.7669     5.5508 0.0000e+00
 146.397159      2.753    14.8364  37.726853    30.4393      2.729  256.31587  256.55040    -4.8136     5.5508 0.0000e+00
 146.397161      2.812    14.8364  37.729754    30.4423      2.787  256.31335  256.54783    -4.8759     5.5912 0.0000e+00
 146.397164      2.857    14.8369  37.733827    30.4434      2.832  256.30651  256.54103    -4.9459     5.7308 0.0000e+00
 146.397167      2.883    14.8378  37.734445    30.4445      2.857  256.29967  256.53423    -5.0160     5.8703 -9.990e-29
 146.397170      2.905    14.8415  37.729445    30.4376      2.879  256.29241  256.52723    -5.0782     5.9673 -9.990e-29
 146.397173      2.917    14.8420  37.728210    30.4361      2.891  256.29263  256.52749    -5.1094     5.9673 -9.990e-29
 146.397176      2.921    14.8421  37.727346    30.4352      2.895  256.29342  256.52829    -5.0004     5.9673 -9.990e-29
 146.397179      2.927    14.8421  37.730371    30.4379      2.901  256.28864  256.52349    -5.0938     6.7113 -9.990e-29
 146.397182      2.938    14.8416  37.737716    30.4449      2.911  256.27905  256.51381    -5.1405     6.7235 -9.990e-29
 146.397185      2.948    14.8382  37.749137    30.4712      2.922  256.25012  256.48448    -5.0160     6.7356 -9.990e-29
 146.397188      2.974    14.8366  37.764078    30.4770      2.948  256.24820  256.48244    -4.9459     6.3131 0.0000e+00
 146.397190      3.009    14.8350  37.774206    30.4828      2.982  256.24629  256.48039    -4.8759     5.8905 0.0000e+00
 146.397193      3.054    14.8339  37.799528    30.5011      3.027  256.21951  256.45340    -4.8136     5.8743 0.0000e+00
 146.397196      3.096    14.8339  37.793722    30.5011      3.068  256.21951  256.45340    -4.8136     5.8743 0.0000e+00
 146.397199      3.132    14.8348  37.784458    30.4963      3.104  256.22352  256.45750    -4.8292     5.8804 0.0000e+00
 146.397202      3.169    14.8357  37.771180    30.4914      3.140  256.22753  256.46160    -4.8448     5.8864 -9.990e-29
 146.397205      3.194    14.8374  37.766549    30.4740      3.166  256.24954  256.48384    -4.7669     5.4942 -9.990e-29
 146.397208      3.220    14.8385  37.756794    30.4644      3.191  256.26093  256.49537    -4.8759     5.4942 -9.990e-29
 146.397211      3.245    14.8401  37.735680    30.4441      3.216  256.28798  256.52267    -4.8603     5.4821 -9.990e-29
 146.397214      3.260    14.8413  37.735310    30.4429      3.231  256.28422  256.51899    -4.8292     5.2435 -9.990e-29
 146.397216      3.273    14.8421  37.742162    30.4484      3.243  256.27020  256.50496    -4.8136     4.6855 -9.990e-29
 146.397219      3.293    14.8433  37.739754    30.4453      3.263  256.26966  256.50451    -4.8448     4.6612 -9.990e-29
 146.397222      3.307    14.8561  37.738951    30.4302      3.278  256.23030  256.46595    -4.7981     4.6976 -9.990e-29
 146.397225      3.338    14.8609  37.734012    30.4245      3.308  256.21548  256.45144    -4.8058     4.5864 0.0000e+00
 146.397228      3.367    14.8657  37.729629    30.4187      3.337  256.20066  256.43692    -4.8136     4.5116 0.0000e+00
 146.397231      3.406    14.8750  37.734010    30.4154      3.375  256.15863  256.39539    -4.8136     4.4752 0.0000e+00
 146.397234      3.439    14.8805  37.735553    30.4124      3.408  256.13530  256.37238    -4.7825     4.5116 0.0000e+00
 146.397237      3.475    14.8867  37.735243    30.4074      3.444  256.11258  256.35002    -4.7825     4.5439 0.0000e+00
 146.397240      3.510    14.8898  37.727774    30.3990      3.479  256.11104  256.34872    -4.8136     5.6115 0.0000e+00
 146.397242      3.543    14.8905  37.728700    30.3980      3.511  256.10886  256.34659    -4.8369     5.6216 0.0000e+00
 146.397245      3.576    14.8898  37.733762    30.3990      3.544  256.11104  256.34872    -4.8136     5.6115 -9.990e-29
 146.397248      3.598    14.8824  37.736355    30.4116      3.566  256.12687  256.36406    -4.6736     5.6357 -9.990e-29
 146.397251      3.622    14.8814  37.731788    30.4083      3.589  256.13788  256.37504    -4.8292     5.6883 -9.990e-29
 146.397254      3.644    14.8829  37.738701    30.4133      3.611  256.12145  256.35865    -4.7514     5.6883 -9.990e-29
 146.397257      3.658    14.8841  37.746171    30.4191      3.626  256.10502  256.34223    -4.8136     5.6802 -9.990e-29
 146.397260      3.677    14.8837  37.757469    30.4295      3.644  256.08864  256.32575    -4.7514     5.7125 -9.990e-29
 146.397263      3.697    14.8821  37.766546    30.4389      3.664  256.08041  256.31736    -5.0938     5.6964 -9.990e-29
 146.397266      3.715    14.8790  37.762779    30.4328      3.682  256.10736  256.34419    -5.1094     5.6317 -9.990e-29
 146.397269      3.744    14.8792  37.757037    30.4316      3.711  256.10811  256.34497    -5.1250     5.6357 0.0000e+00
 146.397271      3.775    14.8790  37.754815    30.4304      3.741  256.10886  256.34574    -5.1094     5.6317 0.0000e+00
 146.397274      3.808    14.8787  37.745431    30.4226      3.774  256.12690  256.36380    -4.9848     5.5993 0.0000e+00
 146.397277      3.843    14.8775  37.743271    30.4216      3.808  256.13469  256.37153    -4.8603     4.5399 0.0000e+00
 146.397280      3.885    14.8762  37.736357    30.4170      3.850  256.15069  256.38750    -4.8292     4.4995 0.0000e+00
 146.397283      3.928    14.8762  37.736851    30.4164      3.893  256.15086  256.38768    -4.7669     4.4995 0.0000e+00
 146.397286      3.970    14.8763  37.734444    30.4145      3.935  256.15316  256.39019    -4.7514     4.5075 0.0000e+00
 146.397289      4.003    14.8775  37.728518    30.4109      3.967  256.15326  256.39020    -4.7592     5.2657 0.0000e+00
 146.397292      4.036    14.8788  37.730678    30.4073      4.000  256.15316  256.39019    -4.7514     6.0239 -9.990e-29
 146.397295      4.058    14.8834  37.732407    30.4072      4.021  256.12991  256.36719    -4.8759     6.0320 -9.990e-29
 146.397297      4.069    14.8844  37.736172    30.4097      4.032  256.11991  256.35721    -4.7514     6.0441 -9.990e-29
 146.397300      4.076    14.8861  37.736172    30.4084      4.040  256.11352  256.35093    -4.7825     7.9123 -9.990e-29
 146.397303      4.076    14.8877  37.737715    30.4086      4.040  256.10528  256.34276    -4.8448     7.9851 -9.990e-29
 146.397306      4.080    14.8877  37.739134    30.4098      4.043  256.10275  256.34023    -4.7514     8.0012 -9.990e-29
 146.397309      4.089    14.8862  37.738641    30.4106      4.052  256.10934  256.34673    -4.8759     7.9568 -9.990e-29
