seaocn-cb/data/ctd_cnv/SBE19plus_01907321_2024_05_24_Cast35.cnv
* Sea-Bird SBE19plus  Data File:
* FileName = E:\Prandtl_Daten\2024\CTD\raw\SBE19plus_01907321_2024_05_24_Cast35.hex
* Software version 2.6.1.12
* Temperature SN = 7321
* Conductivity SN = 7321
* System UpLoad Time = May 24 2024 07:45:16
* <ApplicationData>
* <Seaterm232>
** 20240524
** Sea Practical 2024
** MCat 23.05 CTD_SP2
** NMEA Latitude = 054 6.07N
** NMEA Longitude = 008 34.90E
** waterdepth = 12m
** Till
# nquan = 11
# nvalues = 482                         
# units = specified
# name 0 = timeJ: Julian Days
# name 1 = prdM: Pressure, Strain Gauge [db]
# name 2 = tv290C: Temperature [ITS-90, deg C]
# name 3 = c0mS/cm: Conductivity [mS/cm]
# name 4 = sal00: Salinity, Practical [PSU]
# name 5 = depSM: Depth [salt water, m], lat = 54.00
# name 6 = oxsatMm/Kg: Oxygen Saturation, Weiss [umol/kg]
# name 7 = oxsolMm/Kg: Oxygen Saturation, Garcia & Gordon [umol/kg]
# name 8 = turbWETntu0: Turbidity, WET Labs ECO [NTU]
# name 9 = flECO-AFL: Fluorescence, WET Labs ECO-AFL/FL [mg/m^3]
# name 10 = flag:  0.000e+00
# span 0 = 145.318325, 145.319716       
# span 1 =      0.511,     11.890       
# span 2 =    16.2548,    16.7993       
# span 3 =  35.106200,  35.273749       
# span 4 =    26.7461,    27.2496       
# span 5 =      0.506,     11.783       
# span 6 =  252.79844,  254.66261       
# span 7 =  253.15170,  254.98950       
# span 8 =    -2.9304,     0.6494       
# span 9 =     4.5156,     8.2600       
# span 10 = 0.0000e+00, 0.0000e+00      
# interval = seconds: 0.25
# start_time = May 24 2024 07:37:03 [Instrument's time stamp, header]
# bad_flag = -9.990e-29
*END*
[from data line 263]
 145.319086      7.590    16.3385  35.194882    27.1281      7.522  254.44601  254.77720    -1.8019     6.4081 0.0000e+00
 145.319089      7.619    16.3376  35.192541    27.1274      7.551  254.45182  254.78297    -1.8253     6.4283 -9.990e-29
 145.319091      7.632    16.3408  35.181858    27.1141      7.564  254.45870  254.79009    -1.9498     6.9459 -9.990e-29
 145.319094      7.632    16.3454  35.184438    27.1131      7.564  254.43686  254.76846    -1.9809     6.9135 -9.990e-29
 145.319097      7.625    16.3473  35.190380    27.1170      7.556  254.42091  254.75256    -1.9654     6.9216 -9.990e-29
 145.319100      7.610    16.3454  35.187859    27.1161      7.542  254.43209  254.76367    -1.8720     6.9256 -9.990e-29
 145.319103      7.603    16.3431  35.190860    27.1202      7.535  254.43634  254.76779    -1.8409     6.9580 -9.990e-29
 145.319106      7.599    16.3426  35.190020    27.1198      7.531  254.43945  254.77088    -1.6852     7.2127 -9.990e-29
 145.319109      7.612    16.3418  35.191040    27.1258      7.544  254.43316  254.76451    -1.7786     7.1966 -9.990e-29
 145.319112      7.639    16.3407  35.196382    27.1273      7.571  254.43607  254.76737    -1.7086     7.1784 0.0000e+00
 145.319115      7.688    16.3396  35.198123    27.1288      7.620  254.43899  254.77023    -1.7786     7.1602 0.0000e+00
 145.319117      7.749    16.3366  35.198544    27.1312      7.679  254.45020  254.78130    -1.9498     6.4525 0.0000e+00
 145.319120      7.816    16.3345  35.200045    27.1326      7.746  254.45609  254.78708    -1.9654     6.4485 0.0000e+00
 145.319123      7.886    16.3333  35.197705    27.1338      7.815  254.46019  254.79107    -1.9654     6.4242 0.0000e+00
 145.319126      7.942    16.3333  35.202147    27.1346      7.871  254.46084  254.79177    -1.9654     6.3878 0.0000e+00
 145.319129      7.986    16.3330  35.200046    27.1358      7.914  254.46051  254.79142    -1.9265     6.3393 0.0000e+00
 145.319132      8.026    16.3333  35.199806    27.1346      7.954  254.46084  254.79177    -2.0432     6.2908 -9.990e-29
 145.319135      8.040    16.3352  35.197705    27.1313      7.968  254.45688  254.78792    -2.1833     6.2908 -9.990e-29
 145.319138      8.046    16.3356  35.200046    27.1330      7.974  254.45187  254.78290    -2.1366     6.2867 -9.990e-29
 145.319141      8.044    16.3351  35.197885    27.1316      7.972  254.45724  254.78826    -0.1911     7.4918 -9.990e-29
 145.319144      8.039    16.3342  35.198725    27.1329      7.967  254.45941  254.79038    -0.1911     7.4392 -9.990e-29
 145.319146      8.033    16.3329  35.197705    27.1329      7.961  254.46589  254.79681    -0.1599     7.3947 -9.990e-29
 145.319149      8.035    16.3320  35.200226    27.1356      7.963  254.46557  254.79643    -0.1132     7.4554 -9.990e-29
 145.319152      8.044    16.3314  35.199626    27.1355      7.972  254.46864  254.79948    -0.2066     7.4473 -9.990e-29
 145.319155      8.059    16.3309  35.201067    27.1331      7.987  254.47564  254.80647    -2.3701     7.5403 -9.990e-29
 145.319158      8.088    16.3306  35.196385    27.1357      8.016  254.47276  254.80355    -2.3701     7.5221 0.0000e+00
 145.319161      8.115    16.3302  35.201967    27.1383      8.043  254.47068  254.80142    -2.3701     7.5403 0.0000e+00
 145.319164      8.157    16.3297  35.202688    27.1392      8.084  254.47068  254.80142    -2.3701     7.5039 0.0000e+00
 145.319167      8.196    16.3289  35.202148    27.1393      8.122  254.47461  254.80531    -2.1833     6.3797 0.0000e+00
 145.319170      8.238    16.3282  35.202388    27.1400      8.164  254.47707  254.80774    -2.1833     6.3514 0.0000e+00
 145.319172      8.285    16.3280  35.202989    27.1400      8.211  254.47714  254.80779    -2.1833     6.3474 0.0000e+00
 145.319175      8.336    16.3269  35.201068    27.1406      8.262  254.48405  254.81466    -2.1833     6.3474 0.0000e+00
 145.319178      8.373    16.3259  35.202989    27.1420      8.298  254.48405  254.81466    -1.9498     6.7356 0.0000e+00
 145.319181      8.415    16.3259  35.204730    27.1437      8.340  254.48363  254.81417    -1.9343     6.7356 0.0000e+00
 145.319184      8.455    16.3263  35.206411    27.1437      8.379  254.48000  254.81059    -1.8409     6.7235 0.0000e+00
 145.319187      8.493    16.3268  35.204070    27.1444      8.417  254.47868  254.80923    -1.9343     6.7235 0.0000e+00
 145.319190      8.526    16.3270  35.206831    27.1433      8.450  254.47734  254.80793    -2.0043     6.7275 0.0000e+00
 145.319193      8.553    16.3272  35.200889    27.1444      8.477  254.47468  254.80527    -2.2300     6.7315 -9.990e-29
 145.319196      8.572    16.3266  35.201069    27.1398      8.495  254.48542  254.81602    -2.1988     6.7518 -9.990e-29
 145.319198      8.588    16.3269  35.200889    27.1395      8.512  254.48445  254.81507    -2.0432     6.7396 -9.990e-29
 145.319201      8.590    16.3278  35.203890    27.1414      8.513  254.47659  254.80723    -2.2144     6.7315 -9.990e-29
 145.319204      8.590    16.3281  35.204070    27.1414      8.513  254.47508  254.80573    -2.6346     7.1359 -9.990e-29
 145.319207      8.585    16.3275  35.203470    27.1413      8.508  254.47845  254.80908    -2.5724     7.1197 -9.990e-29
 145.319210      8.585    16.3268  35.205811    27.1437      8.508  254.47746  254.80805    -2.6191     7.1440 -9.990e-29
 145.319213      8.583    16.3259  35.202810    27.1418      8.506  254.48564  254.81619    -2.6813     7.1197 -9.990e-29
 145.319216      8.592    16.3256  35.204311    27.1433      8.515  254.48466  254.81519    -0.3934     7.4311 -9.990e-29
 145.319219      8.612    16.3262  35.205571    27.1436      8.535  254.48096  254.81152    -0.3934     7.4715 -9.990e-29
 145.319222      8.643    16.3261  35.205151    27.1438      8.566  254.48082  254.81137    -0.3623     7.4634 0.0000e+00
 145.319225      8.689    16.3261  35.205572    27.1440      8.611  254.48091  254.81141    -0.3934     7.4554 0.0000e+00
 145.319227      8.743    16.3252  35.207733    27.1464      8.665  254.48091  254.81141    -2.1522     6.8771 0.0000e+00
 145.319230      8.811    16.3231  35.211996    27.1505      8.732  254.48270  254.81308    -2.1677     6.8609 0.0000e+00
 145.319233      8.876    16.3204  35.208754    27.1515      8.797  254.49700  254.82715    -2.1522     6.8609 0.0000e+00
 145.319236      8.944    16.3187  35.213918    27.1541      8.864  254.49810  254.82836    -2.1522     6.8569 0.0000e+00
 145.319239      8.998    16.3181  35.210676    27.1551      8.918  254.50175  254.83188    -2.1288     6.6386 0.0000e+00
 145.319242      9.039    16.3175  35.212597    27.1541      8.958  254.50650  254.83660    -2.1522     6.4000 -9.990e-29
 145.319245      9.060    16.3174  35.211577    27.1549      8.979  254.50550  254.83560    -2.1677     6.4323 -9.990e-29
 145.319248      9.073    16.3186  35.207915    27.1509      8.992  254.50628  254.83646    -2.1833     6.4040 -9.990e-29
 145.319251      9.069    16.3190  35.210496    27.1529      8.988  254.50090  254.83108    -2.2144     6.4081 -9.990e-29
 145.319253      9.060    16.3189  35.210076    27.1526      8.979  254.50214  254.83232    -2.7125     8.0538 -9.990e-29
 145.319256      9.042    16.3180  35.212177    27.1550      8.961  254.50243  254.83255    -2.6502     8.0498 -9.990e-29
 145.319259      9.031    16.3175  35.212417    27.1556      8.950  254.50393  254.83403    -2.7125     8.0538 -9.990e-29
 145.319262      9.033    16.3175  35.210916    27.1543      8.952  254.50616  254.83626    -2.7436     8.0134 -9.990e-29
 145.319265      9.044    16.3173  35.210496    27.1549      8.963  254.50631  254.83640    -2.0432     6.7235 -9.990e-29
 145.319268      9.080    16.3163  35.211457    27.1543      8.999  254.51218  254.84224    -2.0977     6.7437 0.0000e+00
 145.319271      9.124    16.3153  35.208576    27.1549      9.042  254.51806  254.84808    -2.1366     6.7599 0.0000e+00
 145.319274      9.186    16.3132  35.212598    27.1586      9.104  254.52020  254.85009    -2.1522     6.7599 0.0000e+00
 145.319277      9.252    16.3111  35.212839    27.1602      9.169  254.52826  254.85805    -2.4012     6.1573 0.0000e+00
 145.319280      9.316    16.3100  35.213920    27.1619      9.233  254.53073  254.86046    -2.4012     6.1573 0.0000e+00
 145.319282      9.372    16.3087  35.215181    27.1638      9.288  254.53417  254.86382    -2.4012     6.1573 0.0000e+00
 145.319285      9.418    16.3080  35.215842    27.1645      9.334  254.53633  254.86595    -2.3857     6.1573 0.0000e+00
 145.319288      9.449    16.3073  35.214101    27.1653      9.364  254.53849  254.86807    -2.3701     6.1573 -9.990e-29
 145.319291      9.462    16.3074  35.213921    27.1636      9.377  254.54105  254.87065    -2.5413     6.6668 -9.990e-29
 145.319294      9.456    16.3094  35.214521    27.1628      9.371  254.53240  254.86209    -2.5101     6.6952 -9.990e-29
 145.319297      9.451    16.3103  35.215001    27.1625      9.366  254.52796  254.85769    -2.2767     6.6830 -9.990e-29
 145.319300      9.442    16.3107  35.215421    27.1627      9.357  254.52609  254.85584    -2.4634     6.6790 -9.990e-29
 145.319303      9.442    16.3115  35.214581    27.1614      9.357  254.52423  254.85402    -2.6658     7.1885 -9.990e-29
 145.319306      9.447    16.3114  35.213920    27.1609      9.363  254.52552  254.85532    -2.7592     7.2168 -9.990e-29
 145.319308      9.464    16.3099  35.214521    27.1639      9.379  254.52766  254.85737    -2.6035     7.1723 -9.990e-29
 145.319311      9.496    16.3093  35.216262    27.1631      9.411  254.53205  254.86174    -2.5257     7.0510 0.0000e+00
 145.319314      9.540    16.3087  35.213501    27.1639      9.455  254.53629  254.86583    -2.4479     6.9337 0.0000e+00
 145.319317      9.586    16.3066  35.219264    27.1687      9.500  254.53644  254.86611    -2.4479     6.9337 0.0000e+00
 145.319320      9.644    16.3053  35.219025    27.1693      9.558  254.54165  254.87112    -2.4479     6.9337 0.0000e+00
 145.319323      9.697    16.3039  35.219865    27.1710      9.610  254.54570  254.87511    -2.4479     6.9256 0.0000e+00
 145.319326      9.746    16.3017  35.219446    27.1721      9.659  254.55473  254.88403    -2.4479     6.4768 0.0000e+00
 145.319329      9.783    16.3009  35.220947    27.1733      9.695  254.55704  254.88630    -2.3934     6.4687 0.0000e+00
 145.319332      9.813    16.3000  35.220527    27.1746      9.726  254.55935  254.88856    -2.4790     6.4768 -9.990e-29
 145.319334      9.830    16.2992  35.219266    27.1736      9.742  254.56467  254.89385    -2.4012     6.4930 -9.990e-29
 145.319337      9.848    16.3013  35.219086    27.1720      9.760  254.55688  254.88616    -2.9148     6.6183 -9.990e-29
 145.319340      9.861    16.3040  35.217945    27.1692      9.773  254.54833  254.87775    -2.9304     6.6385 -9.990e-29
 145.319343      9.874    16.3052  35.219025    27.1693      9.786  254.54208  254.87155    -2.9148     6.6062 -9.990e-29
 145.319346      9.890    16.3050  35.220767    27.1710      9.802  254.54044  254.86988    -2.8059     6.6021 -9.990e-29
 145.319349      9.914    16.3050  35.219866    27.1701      9.826  254.54148  254.87093    -2.8992     6.6305 -9.990e-29
 145.319352      9.936    16.3033  35.220106    27.1762      9.847  254.53947  254.86881    -2.3856     6.4930 -9.990e-29
 145.319355      9.964    16.3033  35.225630    27.1762      9.875  254.53947  254.86881    -2.3856     6.4930 0.0000e+00
 145.319358      9.995    16.3033  35.222869    27.1762      9.905  254.53947  254.86881    -2.3856     6.4930 -9.990e-29
 145.319361     10.015    16.2972  35.223710    27.1787      9.925  254.56593  254.89499    -2.3389     6.4930 -9.990e-29
 145.319363     10.039    16.2962  35.223950    27.1796      9.949  254.56962  254.89863    -1.6852     7.3340 -9.990e-29
 145.319366     10.064    16.2964  35.223530    27.1791      9.974  254.56933  254.89835    -1.6230     7.3300 -9.990e-29
 145.319369     10.086    16.2974  35.223290    27.1782      9.996  254.56597  254.89504    -1.7164     7.3260 -9.990e-29
 145.319372     10.108    16.2982  35.224370    27.1786     10.017  254.56128  254.89038    -1.7164     7.3260 -9.990e-29
 145.319375     10.128    16.2980  35.224671    27.1814     10.037  254.55720  254.88628    -2.4479     7.6454 -9.990e-29
 145.319378     10.155    16.2967  35.227553    27.1818     10.064  254.56342  254.89244    -2.4479     7.6434 0.0000e+00
 145.319381     10.190    16.2953  35.226292    27.1822     10.099  254.56964  254.89859    -2.4479     7.6454 0.0000e+00
 145.319384     10.221    16.2925  35.228034    27.1856     10.130  254.57793  254.90674    -2.4167     7.6414 0.0000e+00
 145.319387     10.256    16.2899  35.227374    27.1867     10.164  254.58119  254.90977    -1.9187     6.9944 0.0000e+00
 145.319389     10.290    16.2888  35.235481    27.1944     10.198  254.58119  254.90977    -1.9187     6.9944 0.0000e+00
 145.319392     10.323    16.2888  35.236562    27.1944     10.231  254.58119  254.90977    -1.9187     6.9863 0.0000e+00
 145.319395     10.356    16.2888  35.234820    27.1951     10.263  254.57991  254.90848    -1.9187     7.0065 0.0000e+00
 145.319398     10.383    16.2894  35.236802    27.1951     10.290  254.57679  254.90540    -1.9187     6.9863 0.0000e+00
 145.319401     10.410    16.2899  35.237402    27.1951     10.317  254.57631  254.90496    -2.1055     6.9216 0.0000e+00
 145.319404     10.437    16.2902  35.235061    27.1953     10.344  254.57406  254.90268    -2.2144     6.9216 0.0000e+00
 145.319407     10.470    16.2903  35.238724    27.1948     10.376  254.57282  254.90147    -2.1833     6.9378 0.0000e+00
 145.319410     10.497    16.2903  35.237223    27.1948     10.403  254.57282  254.90147    -2.2300     6.9459 0.0000e+00
 145.319413     10.525    16.2903  35.236802    27.1948     10.431  254.57282  254.90147    -2.1833     7.1036 0.0000e+00
 145.319416     10.554    16.2903  35.241907    27.1966     10.460  254.56968  254.89831    -2.2144     7.1097 0.0000e+00
 145.319418     10.580    16.2904  35.243829    27.1987     10.485  254.56558  254.89421    -2.1833     7.1036 -9.990e-29
 145.319421     10.604    16.2897  35.239985    27.1976     10.509  254.57126  254.89986    -2.2144     7.1561 -9.990e-29
 145.319424     10.627    16.2888  35.242568    27.2004     10.532  254.57085  254.89939    -2.1366     6.5738 -9.990e-29
 145.319427     10.644    16.2883  35.244069    27.2020     10.548  254.57049  254.89900    -2.0743     6.5455 -9.990e-29
 145.319430     10.656    16.2886  35.240406    27.1986     10.561  254.57469  254.90324    -2.1210     6.5860 -9.990e-29
 145.319433     10.667    16.2895  35.233800    27.1924     10.572  254.58109  254.90972    -2.1988     6.5294 -9.990e-29
 145.319436     10.682    16.2914  35.228636    27.1867     10.586  254.58163  254.91038    -1.6230     7.7829 -9.990e-29
 145.319439     10.691    16.2924  35.233560    27.1902     10.595  254.57029  254.89906    -1.6852     7.7667 -9.990e-29
 145.319442     10.713    16.2932  35.234641    27.1906     10.617  254.56560  254.89440    -1.6385     7.7667 -9.990e-29
 145.319444     10.737    16.2923  35.238724    27.1985     10.641  254.55669  254.88540    -1.7475     7.7425 -9.990e-29
 145.319447     10.768    16.2914  35.243168    27.2015     10.671  254.55617  254.88482    -2.0666     7.3482 0.0000e+00
 145.319450     10.806    16.2904  35.248694    27.2045     10.709  254.55669  254.88540    -2.3856     6.9539 0.0000e+00
 145.319453     10.850    16.2871  35.248935    27.2068     10.753  254.56803  254.89646    -2.3856     6.9176 0.0000e+00
 145.319456     10.897    16.2841  35.246413    27.2069     10.800  254.58358  254.91188    -2.3545     6.9176 0.0000e+00
 145.319459     10.947    16.2821  35.249416    27.2107     10.849  254.58659  254.91478    -2.2767     6.9095 0.0000e+00
