seaocn-cb/data/ctd_cnv/SBE19plus_01907321_2024_05_25_Cast47.cnv
* Sea-Bird SBE19plus  Data File:
* FileName = E:\Prandtl_Daten\2024\25052024\raw\SBE19plus_01907321_2024_05_25_Cast47.hex
* Software version 2.6.1.12
* Temperature SN = 7321
* Conductivity SN = 7321
* System UpLoad Time = May 25 2024 07:00:25
* <ApplicationData>
* <Seaterm232>
** 20240525
** Sea Practical 2024
** MCat 25.05 CTD_SP2
** NMEA Latitude = 054 06.12N
** NMEA Longitude = 008 35.04E
** waterdepth = 12,5m
** Maja
# nquan = 11
# nvalues = 391                         
# units = specified
# name 0 = timeJ: Julian Days
# name 1 = prdM: Pressure, Strain Gauge [db]
# name 2 = tv290C: Temperature [ITS-90, deg C]
# name 3 = c0mS/cm: Conductivity [mS/cm]
# name 4 = sal00: Salinity, Practical [PSU]
# name 5 = depSM: Depth [salt water, m], lat = 54.00
# name 6 = oxsatMm/Kg: Oxygen Saturation, Weiss [umol/kg]
# name 7 = oxsolMm/Kg: Oxygen Saturation, Garcia & Gordon [umol/kg]
# name 8 = turbWETntu0: Turbidity, WET Labs ECO [NTU]
# name 9 = flECO-AFL: Fluorescence, WET Labs ECO-AFL/FL [mg/m^3]
# name 10 = flag:  0.000e+00
# span 0 = 146.286409, 146.287538       
# span 1 =      0.614,     11.355       
# span 2 =    16.6138,    17.1650       
# span 3 =  35.783805,  35.818501       
# span 4 =    27.0802,    27.4665       
# span 5 =      0.609,     11.254       
# span 6 =  250.42570,  252.48870       
# span 7 =  250.79205,  252.82972       
# span 8 =    -1.8720,     5.7545       
# span 9 =     4.0466,     6.3272       
# span 10 = 0.0000e+00, 0.0000e+00      
# interval = seconds: 0.25
# start_time = May 25 2024 06:51:12 [Instrument's time stamp, header]
# bad_flag = -9.990e-29
*END*
[from data line 132]
 146.286791      4.648    16.9037  35.811928    27.2688      4.607  251.38980  251.74427    -1.1094     4.2245 -9.990e-29
 146.286794      4.652    16.9004  35.808182    27.2679      4.610  251.40789  251.76222    -1.2494     4.2285 -9.990e-29
 146.286797      4.643    16.8982  35.808847    27.2700      4.601  251.41528  251.76951    -0.1755     4.7704 -9.990e-29
 146.286800      4.632    16.8973  35.810599    27.2720      4.591  251.41584  251.77002    -0.0666     4.7259 -9.990e-29
 146.286803      4.623    16.8968  35.808363    27.2705      4.582  251.42091  251.77509    -0.0510     4.7906 -9.990e-29
 146.286806      4.628    16.8967  35.809511    27.2716      4.587  251.41988  251.77404    -0.0666     4.7502 -9.990e-29
 146.286808      4.650    16.8968  35.811023    27.2714      4.609  251.41929  251.77346    -0.3000     4.6369 -9.990e-29
 146.286811      4.690    16.8969  35.809512    27.2719      4.648  251.41837  251.77254    -0.1366     4.6471 0.0000e+00
 146.286814      4.751    16.8968  35.810600    27.2723      4.708  251.41745  251.77161    -0.2222     4.6369 0.0000e+00
 146.286817      4.822    16.8967  35.811930    27.2725      4.779  251.41745  251.77161    -0.0821     4.6248 0.0000e+00
 146.286820      4.895    16.8960  35.810177    27.2735      4.851  251.42153  251.77566    -0.2222     4.5763 0.0000e+00
 146.286823      4.955    16.8945  35.811689    27.2745      4.911  251.42496  251.77901    -0.8292     4.2649 0.0000e+00
 146.286826      5.002    16.8939  35.810359    27.2746      4.958  251.42841  251.78242    -0.8370     4.2528 0.0000e+00
 146.286829      5.035    16.8932  35.813019    27.2745      4.990  251.43185  251.78584    -0.8292     4.2649 -9.990e-29
 146.286832      5.054    16.8915  35.811931    27.2770      5.009  251.43610  251.79001    -0.9693     4.2407 -9.990e-29
 146.286834      5.056    16.8905  35.811266    27.2771      5.010  251.44077  251.79464    -0.4712     4.7906 -9.990e-29
 146.286837      5.048    16.8902  35.811448    27.2774      5.003  251.44175  251.79560    -0.4557     4.8027 -9.990e-29
 146.286840      5.043    16.8899  35.808184    27.2749      4.998  251.44738  251.80124    -0.6424     4.7582 -9.990e-29
 146.286843      5.041    16.8898  35.808849    27.2755      4.996  251.44704  251.80088    -0.3311     4.8391 -9.990e-29
 146.286846      5.052    16.8894  35.810662    27.2771      5.007  251.44643  251.80025    -0.5802     4.7582 -9.990e-29
 146.286849      5.085    16.8892  35.810360    27.2778      5.039  251.44610  251.79991    -0.6580     4.7522 0.0000e+00
 146.286852      5.134    16.8890  35.811690    27.2771      5.088  251.44643  251.80025    -0.5802     4.7582 0.0000e+00
 146.286855      5.191    16.8887  35.807520    27.2784      5.144  251.44828  251.80204    -0.7358     4.7461 0.0000e+00
 146.286858      5.262    16.8881  35.812355    27.2778      5.215  251.45305  251.80686    -1.2183     4.4307 0.0000e+00
 146.286861      5.322    16.8871  35.809515    27.2778      5.274  251.45643  251.81015    -1.2494     4.4307 0.0000e+00
 146.286863      5.380    16.8863  35.805345    27.2766      5.332  251.46239  251.81608    -1.2338     4.4448 0.0000e+00
 146.286866      5.421    16.8855  35.810181    27.2754      5.372  251.46835  251.82202    -1.2494     4.4590 -9.990e-29
 146.286869      5.444    16.8819  35.808851    27.2807      5.396  251.47694  251.83043    -1.2494     4.4267 -9.990e-29
 146.286872      5.459    16.8799  35.806011    27.2797      5.410  251.48847  251.84188    -1.3117     5.3041 -9.990e-29
 146.286875      5.457    16.8785  35.811269    27.2851      5.408  251.48614  251.83946    -1.4985     5.2718 -9.990e-29
 146.286878      5.453    16.8779  35.809698    27.2842      5.405  251.49088  251.84418    -1.4673     5.3122 -9.990e-29
 146.286881      5.450    16.8779  35.812357    27.2864      5.401  251.48704  251.84032    -1.4829     5.2758 -9.990e-29
 146.286884      5.446    16.8776  35.809275    27.2840      5.397  251.49272  251.84601    -0.3934     4.7704 -9.990e-29
 146.286887      5.464    16.8765  35.810786    27.2843      5.416  251.49747  251.85070    -0.4868     4.7663 -9.990e-29
 146.286889      5.493    16.8760  35.808792    27.2848      5.444  251.49897  251.85218    -0.5024     4.7926 0.0000e+00
 146.286892      5.546    16.8756  35.809094    27.2852      5.497  251.50046  251.85366    -0.4868     4.7663 0.0000e+00
 146.286895      5.608    16.8742  35.811028    27.2859      5.558  251.50296  251.85608    -0.3000     4.5965 0.0000e+00
 146.286898      5.676    16.8731  35.808007    27.2874      5.625  251.51168  251.86477    -0.1288     4.5965 0.0000e+00
 146.286901      5.734    16.8725  35.809276    27.2874      5.683  251.51168  251.86477    -0.1288     4.5965 0.0000e+00
 146.286904      5.782    16.8723  35.814293    27.2897      5.730  251.50937  251.86239    -0.0821     4.5641 0.0000e+00
 146.286907      5.818    16.8720  35.810788    27.2919      5.766  251.50669  251.85969    -0.1599     4.5156 -9.990e-29
 146.286910      5.834    16.8701  35.806013    27.2862      5.782  251.52578  251.87874    -0.4557     4.6208 -9.990e-29
 146.286913      5.842    16.8690  35.808612    27.2891      5.790  251.52605  251.87895    -0.5490     4.6774 -9.990e-29
 146.286916      5.842    16.8680  35.805349    27.2871      5.790  251.53478  251.88765    -0.4712     4.7097 -9.990e-29
 146.286918      5.836    16.8673  35.809277    27.2909      5.784  251.53158  251.88440    -0.5646     4.7016 -9.990e-29
 146.286921      5.833    16.8671  35.811030    27.2925      5.781  251.52998  251.88277     1.0541     4.5237 -9.990e-29
 146.286924      5.853    16.8678  35.810788    27.2933      5.801  251.52504  251.87786     0.9607     4.4873 -9.990e-29
 146.286927      5.886    16.8679  35.812541    27.2927      5.833  251.52553  251.87836     0.9918     4.4934 0.0000e+00
 146.286930      5.933    16.8680  35.811453    27.2927      5.880  251.52504  251.87786     0.9607     4.4995 0.0000e+00
 146.286933      5.997    16.8680  35.812118    27.2922      5.943  251.52602  251.87885    -0.3156     4.9038 0.0000e+00
 146.286936      6.062    16.8680  35.810608    27.2927      6.008  251.52478  251.87762    -0.5490     4.9402 0.0000e+00
 146.286939      6.125    16.8683  35.813630    27.2938      6.070  251.52174  251.87458    -0.3778     4.9240 0.0000e+00
 146.286942      6.172    16.8685  35.814718    27.2941      6.117  251.52020  251.87304    -0.4712     4.9321 0.0000e+00
 146.286944      6.214    16.8687  35.810608    27.2944      6.158  251.51865  251.87150    -0.3778     4.9240 -9.990e-29
 146.286947      6.238    16.8685  35.809097    27.2897      6.182  251.52741  251.88029    -0.5335     4.2326 -9.990e-29
 146.286950      6.245    16.8684  35.809943    27.2906      6.189  251.52682  251.87968    -0.4401     4.2568 -9.990e-29
 146.286953      6.247    16.8680  35.810608    27.2914      6.191  251.52709  251.87994    -0.4090     4.2568 -9.990e-29
 146.286956      6.241    16.8676  35.810790    27.2918      6.186  251.52868  251.88150     0.2292     4.8513 -9.990e-29
 146.286959      6.238    16.8669  35.810367    27.2919      6.182  251.53177  251.88456     0.0424     4.8553 -9.990e-29
 146.286962      6.240    16.8659  35.811273    27.2934      6.184  251.53417  251.88691     0.0891     4.8472 -9.990e-29
 146.286965      6.263    16.8642  35.811273    27.2921      6.207  251.54480  251.89747     0.0268     4.8715 -9.990e-29
 146.286968      6.300    16.8638  35.808433    27.2943      6.243  251.54289  251.89554     0.2369     4.7199 0.0000e+00
 146.286970      6.362    16.8635  35.813027    27.2941      6.305  251.54480  251.89747     0.4471     4.5682 0.0000e+00
 146.286973      6.426    16.8625  35.809401    27.2965      6.368  251.54510  251.89763     0.4471     4.5682 0.0000e+00
 146.286976      6.491    16.8617  35.814720    27.2953      6.433  251.54996  251.90255     0.2603     4.5642 0.0000e+00
 146.286979      6.555    16.8615  35.810187    27.2977      6.497  251.54853  251.90106     0.2603     4.5358 0.0000e+00
 146.286982      6.606    16.8615  35.813028    27.2965      6.547  251.55057  251.90310     0.3382     4.4085 0.0000e+00
 146.286985      6.635    16.8615  35.809281    27.2977      6.576  251.54853  251.90106     0.4938     4.2811 -9.990e-29
 146.286988      6.657    16.8608  35.811034    27.2965      6.598  251.55391  251.90642     0.0891     4.3418 -9.990e-29
 146.286991      6.659    16.8610  35.809946    27.2954      6.600  251.55486  251.90738     0.3226     4.3458 -9.990e-29
 146.286994      6.657    16.8610  35.810187    27.2956      6.598  251.55451  251.90703    -0.1444     4.9766 -9.990e-29
 146.286997      6.645    16.8612  35.809281    27.2948      6.585  251.55519  251.90773    -0.2689     5.0090 -9.990e-29
 146.286999      6.637    16.8618  35.812121    27.2967      6.578  251.54862  251.90116    -0.1132     4.9766 -9.990e-29
 146.287002      6.641    16.8628  35.809945    27.2970      6.582  251.54335  251.89594     0.3381     4.9240 -9.990e-29
 146.287005      6.667    16.8631  35.813209    27.2957      6.607  251.54403  251.89663     0.2992     4.9160 0.0000e+00
 146.287008      6.707    16.8628  35.810792    27.2952      6.647  251.54470  251.89732     0.3226     4.9079 0.0000e+00
 146.287011      6.765    16.8627  35.811034    27.2952      6.705  251.54685  251.89945     0.3226     4.8553 0.0000e+00
 146.287014      6.838    16.8615  35.811457    27.2963      6.777  251.55092  251.90345     0.3226     4.8270 0.0000e+00
 146.287017      6.902    16.8595  35.811458    27.2963      6.840  251.55837  251.91082     0.2136     4.8108 0.0000e+00
 146.287020      6.962    16.8581  35.808194    27.2976      6.900  251.56678  251.91912     0.2136     4.2568 0.0000e+00
 146.287023      7.019    16.8577  35.811458    27.2974      6.956  251.56757  251.91994     0.2292     4.2528 0.0000e+00
 146.287025      7.051    16.8573  35.811942    27.2991      6.988  251.56678  251.91912     0.2447     4.2488 -9.990e-29
 146.287028      7.070    16.8550  35.812124    27.3012      7.006  251.57450  251.92674     0.1513     4.2407 -9.990e-29
 146.287031      7.075    16.8529  35.809283    27.3002      7.012  251.58665  251.93880     2.2214     4.7946 -9.990e-29
 146.287034      7.066    16.8509  35.809948    27.3021      7.003  251.59310  251.94516     2.1436     4.7866 -9.990e-29
 146.287037      7.053    16.8497  35.811459    27.3043      6.990  251.59555  251.94754     2.3148     4.6936 -9.990e-29
 146.287040      7.048    16.8483  35.809102    27.3032      6.985  251.60421  251.95615     2.4082     4.7582 -9.990e-29
 146.287043      7.057    16.8442  35.812366    27.3093      6.994  251.61401  251.96574     0.9918     4.4469 -9.990e-29
 146.287046      7.084    16.8428  35.813031    27.3100      7.021  251.61976  251.97143     1.0463     4.4853 0.0000e+00
 146.287049      7.126    16.8414  35.812367    27.3095      7.062  251.62550  251.97711     1.0541     4.5237 0.0000e+00
 146.287052      7.188    16.8392  35.809285    27.3102      7.124  251.63834  251.98986     1.0541     4.5520 0.0000e+00
 146.287054      7.257    16.8372  35.808621    27.3102      7.192  251.64399  251.99535    -0.1755     4.7461 0.0000e+00
 146.287057      7.321    16.8362  35.813335    27.3142      7.256  251.64675  251.99819    -0.1755     4.7785 0.0000e+00
 146.287060      7.383    16.8358  35.812127    27.3142      7.317  251.64732  251.99866    -0.2378     4.7785 0.0000e+00
 146.287063      7.429    16.8354  35.809105    27.3132      7.362  251.65091  252.00224    -0.1677     4.7866 0.0000e+00
 146.287066      7.460    16.8350  35.812550    27.3121      7.393  251.65449  252.00582    -0.2845     4.7946 -9.990e-29
 146.287069      7.480    16.8329  35.810375    27.3146      7.413  251.66072  252.01194     0.6961     4.5965 -9.990e-29
 146.287072      7.485    16.8320  35.808622    27.3137      7.418  251.66666  252.01785     0.6338     4.6450 -9.990e-29
 146.287075      7.480    16.8312  35.813216    27.3182      7.413  251.66310  252.01423     0.6494     4.6167 -9.990e-29
 146.287078      7.476    16.8309  35.811282    27.3168      7.409  251.66713  252.01826     0.5405     4.5925 -9.990e-29
 146.287080      7.480    16.8305  35.813458    27.3188      7.413  251.66522  252.01632     1.1475     4.9038 -9.990e-29
 146.287083      7.496    16.8293  35.811705    27.3143      7.429  251.67906  252.03014     1.1008     4.9321 -9.990e-29
 146.287086      7.531    16.8291  35.807112    27.3171      7.464  251.67511  252.02615     1.1319     4.9301 0.0000e+00
 146.287089      7.573    16.8290  35.813458    27.3171      7.505  251.67620  252.02724     1.1008     4.9281 0.0000e+00
 146.287092      7.628    16.8290  35.810194    27.3176      7.560  251.67115  252.02217     0.9918     4.9160 0.0000e+00
 146.287095      7.682    16.8298  35.811464    27.3171      7.614  251.67100  252.02207     0.8206     4.9119 0.0000e+00
 146.287098      7.737    16.8309  35.809409    27.3154      7.668  251.66998  252.02111     0.8829     4.9119 0.0000e+00
 146.287101      7.781    16.8321  35.810799    27.3151      7.711  251.66335  252.01454     0.7428     4.9160 0.0000e+00
 146.287104      7.818    16.8328  35.808200    27.3139      7.748  251.66277  252.01399    -0.0977     4.9362 0.0000e+00
 146.287106      7.845    16.8334  35.812552    27.3123      7.775  251.66218  252.01344    -1.0782     4.9160 -9.990e-29
 146.287109      7.854    16.8350  35.809288    27.3121      7.784  251.65445  252.00578    -0.8136     4.8189 -9.990e-29
 146.287112      7.854    16.8354  35.809107    27.3117      7.784  251.65316  252.00451    -0.8136     4.8513 -9.990e-29
 146.287115      7.858    16.8354  35.810618    27.3130      7.788  251.65098  252.00232    -0.9848     4.8553 -9.990e-29
 146.287118      7.865    16.8354  35.812370    27.3144      7.795  251.64845  251.99978    -0.8448     4.7623 -9.990e-29
 146.287121      7.885    16.8352  35.813881    27.3128      7.815  251.65255  252.00388    -0.5957     4.7866 -9.990e-29
 146.287124      7.914    16.8349  35.810195    27.3144      7.844  251.65115  252.00247    -0.7280     4.7623 0.0000e+00
 146.287127      7.962    16.8346  35.813640    27.3151      7.891  251.65224  252.00353    -0.5957     4.7380 0.0000e+00
 146.287130      8.015    16.8345  35.812371    27.3151      7.943  251.65224  252.00353    -0.0043     4.6289 0.0000e+00
 146.287133      8.080    16.8338  35.809531    27.3151      8.008  251.65885  252.01012     0.1358     4.6289 0.0000e+00
 146.287135      8.137    16.8326  35.811284    27.3154      8.064  251.66098  252.01219     0.1358     4.5965 0.0000e+00
 146.287138      8.193    16.8309  35.811042    27.3163      8.120  251.66785  252.01898     0.3226     4.6652 0.0000e+00
 146.287141      8.237    16.8303  35.810438    27.3164      8.164  251.67031  252.02141     0.1981     4.7077 0.0000e+00
 146.287144      8.265    16.8298  35.810801    27.3165      8.191  251.67277  252.02385     0.3381     4.8189 -9.990e-29
 146.287147      8.279    16.8242  35.812796    27.3223      8.205  251.69040  252.04121     0.3537     4.7582 -9.990e-29
 146.287150      8.285    16.8209  35.812555    27.3243      8.211  251.70312  252.05378     0.4159     4.7663 -9.990e-29
 146.287153      8.278    16.8186  35.809956    27.3237      8.203  251.71583  252.06640    -0.4868     5.5993 -9.990e-29
 146.287156      8.278    16.8174  35.811286    27.3256      8.203  251.71824  252.06874    -0.6424     5.6034 -9.990e-29
 146.287159      8.281    16.8157  35.814127    27.3292      8.207  251.72062  252.07103    -0.5957     5.5751 -9.990e-29
 146.287161      8.296    16.8124  35.812556    27.3297      8.222  251.73589  252.08616    -0.8759     5.6236 -9.990e-29
 146.287164      8.323    16.8117  35.812133    27.3292      8.249  251.74059  252.09083     0.0268     5.2051 0.0000e+00
