seaocn-cb/data/ctd_cnv/SBE19plus_01907321_2024_05_29_Cast108.cnv
* Sea-Bird SBE19plus  Data File:
* FileName = E:\Prandtl_Daten\2024\29052024\raw\SBE19plus_01907321_2024_05_29_Cast108.hex
* Software version 2.6.1.12
* Temperature SN = 7321
* Conductivity SN = 7321
* System UpLoad Time = May 29 2024 12:27:42
* <ApplicationData>
* <Seaterm232>
** 20240527
** Sea Practical 2024
** MCat 27.05 CTD_SP7
** NMEA Latitude = 54 08.33N
** NMEA Longitude = 008 20.72E
** waterdepth = 14.2m
** Till
# nquan = 11
# nvalues = 432                         
# units = specified
# name 0 = timeJ: Julian Days
# name 1 = prdM: Pressure, Strain Gauge [db]
# name 2 = tv290C: Temperature [ITS-90, deg C]
# name 3 = c0mS/cm: Conductivity [mS/cm]
# name 4 = sal00: Salinity, Practical [PSU]
# name 5 = depSM: Depth [salt water, m], lat = 54.00
# name 6 = oxsatMm/Kg: Oxygen Saturation, Weiss [umol/kg]
# name 7 = oxsolMm/Kg: Oxygen Saturation, Garcia & Gordon [umol/kg]
# name 8 = turbWETntu0: Turbidity, WET Labs ECO [NTU]
# name 9 = flECO-AFL: Fluorescence, WET Labs ECO-AFL/FL [mg/m^3]
# name 10 = flag:  0.000e+00
# span 0 = 150.514942, 150.516189       
# span 1 =      0.706,     13.126       
# span 2 =    15.0194,    15.0336       
# span 3 =  37.929334,  37.964071       
# span 4 =    30.4747,    30.4983       
# span 5 =      0.700,     13.009       
# span 6 =  255.19658,  255.30805       
# span 7 =  255.44096,  255.55187       
# span 8 =     0.4626,    11.5210       
# span 9 =     2.8941,     6.2423       
# span 10 = 0.0000e+00, 0.0000e+00      
# interval = seconds: 0.25
# start_time = May 29 2024 12:20:08 [Instrument's time stamp, header]
# bad_flag = -9.990e-29
*END*
[from data line 394]
 150.516082     11.633    15.0269  37.949571    30.4869     11.529  255.25092  255.49505     9.7078     5.0332 -9.990e-29
 150.516085     11.679    15.0273  37.949818    30.4868     11.574  255.24911  255.49326     9.2564     5.3203 -9.990e-29
 150.516088     11.768    15.0275  37.948767    30.4857     11.663  255.25024  255.49440     9.3187     5.3203 -9.990e-29
 150.516091     11.890    15.0276  37.949819    30.4845     11.784  255.25167  255.49585     9.1786     5.3122 -9.990e-29
 150.516094     12.033    15.0275  37.947592    30.4854     11.925  255.25074  255.49491     8.9295     5.1788 0.0000e+00
 150.516097     12.183    15.0274  37.949387    30.4848     12.073  255.25167  255.49585     8.6805     5.0696 0.0000e+00
 150.516100     12.312    15.0274  37.947841    30.4862     12.202  255.24981  255.49397     8.5560     5.0575 0.0000e+00
 150.516102     12.418    15.0274  37.950625    30.4858     12.307  255.25011  255.49427     8.5405     5.0575 0.0000e+00
 150.516105     12.495    15.0275  37.949141    30.4865     12.383  255.24907  255.49322     8.5482     5.0534 0.0000e+00
 150.516108     12.535    15.0275  37.952049    30.4858     12.423  255.25011  255.49427     8.5405     5.0494 -9.990e-29
 150.516111     12.541    15.0279  37.950502    30.4867     12.428  255.24655  255.49073     9.7856     4.9119 -9.990e-29
 150.516114     12.530    15.0280  37.946480    30.4830     12.417  255.25227  255.49648     9.8323     4.9200 -9.990e-29
 150.516117     12.490    15.0279  37.952048    30.4880     12.378  255.24380  255.48797     9.8012     4.9402 -9.990e-29
 150.516120     12.448    15.0279  37.951368    30.4875     12.336  255.24514  255.48930     6.8284     5.0413 -9.990e-29
 150.516123     12.408    15.0279  37.950873    30.4870     12.296  255.24560  255.48977     6.6727     5.0373 -9.990e-29
 150.516126     12.382    15.0282  37.952048    30.4879     12.271  255.24287  255.48705     6.7973     5.0332 -9.990e-29
 150.516128     12.371    15.0283  37.951367    30.4872     12.260  255.24364  255.48783     6.7973     5.0292 -9.990e-29
 150.516131     12.382    15.0282  37.951120    30.4871     12.271  255.24432  255.48851     6.7506     5.0534 -9.990e-29
 150.516134     12.413    15.0285  37.951182    30.4869     12.302  255.24309  255.48729     7.3887     4.9645 -9.990e-29
 150.516137     12.448    15.0284  37.952296    30.4879     12.336  255.24165  255.48585     7.3731     5.0049 -9.990e-29
 150.516140     12.486    15.0281  37.952482    30.4867     12.374  255.24538  255.48957     7.3264     4.9806 -9.990e-29
 150.516143     12.522    15.0281  37.950687    30.4877     12.410  255.24374  255.48791     7.4431     5.3081 0.0000e+00
 150.516146     12.552    15.0281  37.952977    30.4877     12.439  255.24374  255.48791     7.4431     5.3081 0.0000e+00
 150.516149     12.577    15.0280  37.952049    30.4888     12.465  255.24210  255.48626     7.5599     5.6357 -9.990e-29
 150.516152     12.601    15.0281  37.951801    30.4877     12.488  255.24368  255.48786     7.5599     5.6600 -9.990e-29
 150.516155     12.623    15.0279  37.947594    30.4840     12.510  255.25087  255.49507     7.5910     5.6195 -9.990e-29
 150.516157     12.646    15.0277  37.951616    30.4878     12.533  255.24545  255.48961     5.5210     5.9673 -9.990e-29
 150.516160     12.663    15.0276  37.951802    30.4858     12.549  255.24926  255.49343     5.5054     5.9552 -9.990e-29
 150.516163     12.692    15.0276  37.949389    30.4847     12.578  255.25135  255.49553     5.4665     5.9552 0.0000e+00
 150.516166     12.728    15.0276  37.946914    30.4858     12.614  255.24926  255.49343     5.5054     5.9552 0.0000e+00
 150.516169     12.778    15.0274  37.950688    30.4860     12.663  255.25023  255.49438     6.6572     5.5832 0.0000e+00
 150.516172     12.847    15.0273  37.949389    30.4860     12.732  255.25023  255.49438     6.7506     5.5427 0.0000e+00
 150.516175     12.922    15.0273  37.948338    30.4851     12.806  255.25221  255.49637     6.7506     5.5144 0.0000e+00
 150.516178     12.993    15.0273  37.945802    30.4851     12.877  255.25229  255.49645     6.7817     5.5063 0.0000e+00
 150.516181     13.059    15.0273  37.948524    30.4852     12.942  255.25229  255.49645     6.7817     5.4942 0.0000e+00
 150.516183     13.097    15.0273  37.948957    30.4854     12.980  255.25196  255.49612     8.1669     5.2900 0.0000e+00
 150.516186     13.123    15.0273  37.946235    30.4856     13.005  255.25164  255.49579     9.5521     5.0737 -9.990e-29
 150.516189     13.126    15.0274  37.948772    30.4853     13.009  255.25137  255.49553     9.5833     5.0413 -9.990e-29
