seaocn-cb/data/ctd_cnv/SBE19plus_01907321_2024_05_28_Cast95.cnv
* Sea-Bird SBE19plus  Data File:
* FileName = E:\Prandtl_Daten\2024\28052024\raw\SBE19plus_01907321_2024_05_28_Cast95.hex
* Software version 2.6.1.12
* Temperature SN = 7321
* Conductivity SN = 7321
* System UpLoad Time = May 28 2024 12:31:30
* <ApplicationData>
* <Seaterm232>
** 20240527
** Sea Practical 2024
** MCat 27.05 CTD_SP7
** NMEA Latitude = 54 8.36N
** NMEA Longitude = 008 20.85E
** waterdepth = 14.4m
** Maja
# nquan = 11
# nvalues = 488                         
# units = specified
# name 0 = timeJ: Julian Days
# name 1 = prdM: Pressure, Strain Gauge [db]
# name 2 = tv290C: Temperature [ITS-90, deg C]
# name 3 = c0mS/cm: Conductivity [mS/cm]
# name 4 = sal00: Salinity, Practical [PSU]
# name 5 = depSM: Depth [salt water, m], lat = 54.00
# name 6 = oxsatMm/Kg: Oxygen Saturation, Weiss [umol/kg]
# name 7 = oxsolMm/Kg: Oxygen Saturation, Garcia & Gordon [umol/kg]
# name 8 = turbWETntu0: Turbidity, WET Labs ECO [NTU]
# name 9 = flECO-AFL: Fluorescence, WET Labs ECO-AFL/FL [mg/m^3]
# name 10 = flag:  0.000e+00
# span 0 = 149.518194, 149.519604       
# span 1 =      0.962,     13.925       
# span 2 =    14.9370,    17.3688       
# span 3 =  37.225378,  37.919650       
# span 4 =    28.1974,    30.5289       
# span 5 =      0.953,     13.801       
# span 6 =  247.55880,  255.64355       
# span 7 =  247.92679,  255.88267       
# span 8 =    -4.5490,     7.3264       
# span 9 =     1.7579,     8.8969       
# span 10 = 0.0000e+00, 0.0000e+00      
# interval = seconds: 0.25
# start_time = May 28 2024 12:24:04 [Instrument's time stamp, header]
# bad_flag = -9.990e-29
*END*
[from data line 132]
 149.518576      4.868    15.7390  37.427145    29.4846      4.825  253.37935  253.66679    -3.9887     4.0627 0.0000e+00
 149.518579      4.908    15.7365  37.435144    29.4900      4.864  253.38261  253.66988    -3.9810     4.2548 0.0000e+00
 149.518582      4.937    15.7340  37.439328    29.4953      4.893  253.38586  253.67298    -3.9420     4.4631 -9.990e-29
 149.518585      4.957    15.7186  37.447760    29.5179      4.913  253.42466  253.71088    -3.8487     4.4671 -9.990e-29
 149.518588      4.959    15.7064  37.448500    29.5276      4.915  253.46904  253.75460    -3.7553     4.4307 -9.990e-29
 149.518591      4.965    15.6985  37.451024    29.5357      4.920  253.49474  253.77987    -3.8953     4.4509 -9.990e-29
 149.518594      4.972    15.6921  37.458163    29.5468      4.928  253.50811  253.79284    -4.2845     5.4861 -9.990e-29
 149.518597      4.988    15.6781  37.462226    29.5751      4.944  253.52930  253.81315    -4.3934     5.4982 -9.990e-29
 149.518600      5.014    15.6744  37.478599    29.5808      4.969  253.53812  253.82175    -4.4012     5.5103 0.0000e+00
 149.518602      5.056    15.6707  37.485249    29.5865      5.011  253.54694  253.83035    -4.3934     5.4982 0.0000e+00
 149.518605      5.098    15.6603  37.503659    29.6104      5.052  253.55817  253.84089    -4.1132     5.0090 0.0000e+00
 149.518608      5.142    15.6440  37.521519    29.6382      5.096  253.59173  253.87345    -4.0821     4.9847 0.0000e+00
 149.518611      5.187    15.6231  37.526449    29.6583      5.141  253.66263  253.94319    -4.0666     4.9685 0.0000e+00
 149.518614      5.224    15.6153  37.536490    29.6686      5.177  253.68415  253.96425    -4.0355     4.9685 0.0000e+00
 149.518617      5.257    15.6076  37.547888    29.6788      5.210  253.70566  253.98531    -4.0043     4.9685 -9.990e-29
 149.518620      5.281    15.5754  37.554728    29.7190      5.233  253.79854  254.07631    -4.0977     5.3082 -9.990e-29
 149.518623      5.299    15.5605  37.556640    29.7319      5.251  253.85153  254.12849    -3.9732     5.3122 -9.990e-29
 149.518626      5.315    15.5500  37.560030    29.7427      5.268  253.88549  254.16184    -4.0510     5.3486 -9.990e-29
 149.518628      5.337    15.5420  37.572354    29.7596      5.289  253.89663  254.17247    -3.8020     5.0817 -9.990e-29
 149.518631      5.361    15.5174  37.575621    29.7878      5.313  253.97265  254.24706    -3.7708     5.0332 -9.990e-29
 149.518634      5.395    15.5119  37.583202    29.7932      5.347  253.99110  254.26521    -3.7864     5.0433 0.0000e+00
 149.518637      5.430    15.5119  37.585977    29.7932      5.382  253.99110  254.26521    -3.7864     5.0433 0.0000e+00
 149.518640      5.463    15.5064  37.589676    29.7985      5.414  254.00955  254.28335    -3.8020     5.0534 -9.990e-29
 149.518643      5.483    15.4906  37.595717    29.8190      5.434  254.05398  254.32684    -3.9265     5.2677 -9.990e-29
 149.518646      5.509    15.4808  37.603300    29.8331      5.459  254.07907  254.35133    -3.9420     5.2394 -9.990e-29
 149.518649      5.525    15.4706  37.598555    29.8367      5.476  254.12483  254.39657    -3.7708     5.2677 -9.990e-29
 149.518652      5.543    15.4648  37.602377    29.8444      5.494  254.14040  254.41180    -3.8175     5.2475 -9.990e-29
 149.518655      5.563    15.4570  37.611562    29.8590      5.514  254.15453  254.42542    -4.1755     4.8796 -9.990e-29
 149.518657      5.594    15.4536  37.612303    29.8653      5.544  254.16091  254.43158    -4.0977     4.8634 0.0000e+00
 149.518660      5.635    15.4502  37.620811    29.8717      5.584  254.16729  254.43775    -4.0199     4.8796 0.0000e+00
 149.518663      5.682    15.4427  37.625251    29.8813      5.631  254.18837  254.45838    -4.0199     4.8917 0.0000e+00
 149.518666      5.727    15.4330  37.639064    29.9009      5.676  254.20380  254.47318    -3.7086     5.4780 0.0000e+00
 149.518669      5.771    15.4152  37.641533    29.9165      5.719  254.26658  254.53496    -3.7086     5.5104 0.0000e+00
 149.518672      5.808    15.3978  37.646962    29.9346      5.756  254.32389  254.59126    -3.8487     5.5104 0.0000e+00
 149.518675      5.841    15.3907  37.651959    29.9421      5.788  254.34657  254.61352    -3.8798     5.5164 0.0000e+00
 149.518678      5.870    15.3836  37.650912    29.9497      5.817  254.36924  254.63579    -3.8487     5.5104 -9.990e-29
 149.518681      5.891    15.3668  37.659855    29.9695      5.839  254.42036  254.68591    -4.0510     4.8229 -9.990e-29
 149.518683      5.912    15.3597  37.660843    29.9758      5.859  254.44549  254.71064    -4.0821     4.7502 -9.990e-29
 149.518686      5.926    15.3524  37.662078    29.9824      5.873  254.47112  254.73585    -4.1444     4.7663 -9.990e-29
 149.518689      5.946    15.3429  37.667568    29.9945      5.893  254.49836  254.76252    -4.0821     4.7946 -9.990e-29
 149.518692      5.959    15.3346  37.666521    29.9999      5.906  254.53101  254.79472    -3.8331     5.1222 -9.990e-29
 149.518695      5.976    15.3223  37.671025    30.0128      5.922  254.57146  254.83445    -3.8487     5.1626 -9.990e-29
 149.518698      6.007    15.3210  37.670470    30.0162      5.953  254.57210  254.83499    -3.8487     5.1485 0.0000e+00
 149.518701      6.036    15.3197  37.675899    30.0196      5.982  254.57274  254.83554    -3.8487     5.1626 0.0000e+00
 149.518704      6.062    15.3172  37.675591    30.0212      6.007  254.58259  254.84526    -3.5996     5.6762 0.0000e+00
 149.518707      6.089    15.3140  37.676455    30.0244      6.034  254.59327  254.85575    -3.5996     5.6762 0.0000e+00
 149.518709      6.116    15.3104  37.674975    30.0258      6.062  254.60903  254.87132    -3.5996     5.6762 0.0000e+00
 149.518712      6.149    15.3081  37.676024    30.0285      6.094  254.61620  254.87836    -3.6463     5.6681 0.0000e+00
 149.518715      6.186    15.3058  37.677258    30.0314      6.130  254.62309  254.88510    -3.7708     4.7785 0.0000e+00
 149.518718      6.231    15.3030  37.680652    30.0364      6.176  254.62810  254.88994    -3.7864     4.7785 0.0000e+00
 149.518721      6.275    15.2978  37.681455    30.0411      6.219  254.64648  254.90802    -3.8487     4.7785 0.0000e+00
 149.518724      6.319    15.2913  37.681332    30.0460      6.263  254.67126  254.93243    -3.8487     4.7866 0.0000e+00
 149.518727      6.359    15.2849  37.683307    30.0527      6.302  254.69249  254.95329    -3.9576     5.6236 0.0000e+00
 149.518730      6.390    15.2836  37.682444    30.0533      6.333  254.69799  254.95872    -3.9654     5.6337 0.0000e+00
 149.518733      6.418    15.2823  37.683987    30.0539      6.360  254.70350  254.96415    -3.9576     5.6438 -9.990e-29
 149.518736      6.441    15.2745  37.684604    30.0617      6.384  254.72942  254.98962    -3.8331     5.5953 -9.990e-29
 149.518738      6.454    15.2692  37.685839    30.0668      6.396  254.74739  255.00728    -3.8175     5.6600 -9.990e-29
 149.518741      6.465    15.2643  37.684852    30.0697      6.407  254.76734  255.02696    -3.5062     5.3203 -9.990e-29
 149.518744      6.476    15.2615  37.687691    30.0744      6.418  254.77376  255.03320    -3.5374     5.2920 -9.990e-29
 149.518747      6.485    15.2581  37.684853    30.0745      6.427  254.79073  255.05001    -3.3506     5.3567 -9.990e-29
 149.518750      6.505    15.2477  37.690592    30.0893      6.447  254.81825  255.07687    -3.6463     5.1464 -9.990e-29
 149.518753      6.538    15.2461  37.692567    30.0915      6.479  254.82252  255.08105    -3.6386     5.1605 0.0000e+00
 149.518756      6.574    15.2445  37.694788    30.0937      6.515  254.82680  255.08523    -3.6308     5.1747 0.0000e+00
 149.518759      6.609    15.2407  37.693493    30.0954      6.550  254.84285  255.10108    -3.5529     5.1747 0.0000e+00
 149.518762      6.652    15.2375  37.693926    30.0983      6.593  254.85448  255.11252    -3.5529     5.1828 0.0000e+00
 149.518764      6.691    15.2366  37.695098    30.0986      6.631  254.85870  255.11669    -3.5529     5.5023 0.0000e+00
 149.518767      6.735    15.2366  37.693494    30.0986      6.674  254.85870  255.11669    -3.5529     5.5144 0.0000e+00
 149.518770      6.778    15.2373  37.692322    30.0976      6.718  254.85651  255.11454    -3.5218     5.5023 0.0000e+00
 149.518773      6.820    15.2375  37.693063    30.0971      6.759  254.85634  255.11439    -3.5140     5.5003 0.0000e+00
 149.518776      6.855    15.2373  37.693742    30.0976      6.794  254.85651  255.11454    -3.5218     5.4861 -9.990e-29
 149.518779      6.880    15.2355  37.691274    30.0974      6.819  254.86633  255.12428    -3.4440     5.5832 -9.990e-29
 149.518782      6.893    15.2346  37.691644    30.0984      6.832  254.86898  255.12687    -3.6463     5.5710 -9.990e-29
 149.518785      6.899    15.2337  37.691521    30.0990      6.837  254.87268  255.13052    -3.6152     5.5468 -9.990e-29
 149.518788      6.904    15.2324  37.691274    30.0997      6.842  254.87803  255.13580    -3.4440     5.5589 -9.990e-29
 149.518791      6.915    15.2307  37.693742    30.1032      6.853  254.88063  255.13828    -2.9148     5.7934 -9.990e-29
 149.518793      6.928    15.2290  37.694607    30.1053      6.866  254.88543  255.14298    -2.8837     5.7287 -9.990e-29
 149.518796      6.939    15.2271  37.697630    30.1094      6.877  254.88804  255.14546    -3.0082     5.7611 -9.990e-29
 149.518799      6.961    15.2204  37.700531    30.1197      6.898  254.90417  255.16118    -2.9459     4.9321 -9.990e-29
 149.518802      6.996    15.2187  37.703431    30.1221      6.933  254.90889  255.16579    -2.9926     4.9059 0.0000e+00
 149.518805      7.041    15.2169  37.705838    30.1245      6.978  254.91360  255.17039    -3.0393     4.8957 0.0000e+00
 149.518808      7.098    15.2138  37.708061    30.1288      7.034  254.92186  255.17846    -3.0393     4.8957 0.0000e+00
 149.518811      7.158    15.2076  37.712505    30.1375      7.094  254.93834  255.19455    -3.1483     4.8957 0.0000e+00
 149.518814      7.222    15.2003  37.712259    30.1429      7.157  254.96649  255.22229    -3.0704     4.7582 0.0000e+00
 149.518817      7.273    15.1938  37.714914    30.1503      7.208  254.98690  255.24231    -3.1483     4.7582 0.0000e+00
 149.518819      7.307    15.1921  37.718926    30.1534      7.242  254.99007  255.24536    -3.1560     4.7583 0.0000e+00
 149.518822      7.335    15.1904  37.718494    30.1564      7.269  254.99323  255.24842    -3.2416     4.7744 -9.990e-29
 149.518825      7.349    15.1834  37.720223    30.1629      7.284  255.01779  255.27257    -2.6813     5.0413 -9.990e-29
 149.518828      7.360    15.1778  37.720841    30.1678      7.295  255.03784  255.29229    -2.5724     5.0292 -9.990e-29
 149.518831      7.360    15.1732  37.722014    30.1723      7.295  255.05322  255.30741    -2.6658     5.0575 -9.990e-29
 149.518834      7.364    15.1697  37.725717    30.1783      7.298  255.06058  255.31454    -2.6813     5.0453 -9.990e-29
 149.518837      7.370    15.1657  37.728187    30.1836      7.304  255.07190  255.32562    -2.8059     5.0575 -9.990e-29
 149.518840      7.386    15.1612  37.731273    30.1898      7.320  255.08431  255.33774    -2.6969     5.2880 -9.990e-29
 149.518843      7.408    15.1575  37.733311    30.1944      7.342  255.09487  255.34808    -2.7747     5.3122 -9.990e-29
 149.518845      7.439    15.1577  37.733311    30.1949      7.372  255.09295  255.34616    -2.7280     5.2880 0.0000e+00
 149.518848      7.483    15.1575  37.734854    30.1949      7.416  255.09487  255.34808    -2.7747     5.2637 0.0000e+00
 149.518851      7.537    15.1571  37.733497    30.1955      7.470  255.09639  255.34957    -2.8525     5.0696 0.0000e+00
 149.518854      7.587    15.1548  37.734732    30.1977      7.519  255.10295  255.35599    -2.8525     5.0696 0.0000e+00
 149.518857      7.638    15.1527  37.738374    30.2021      7.569  255.10517  255.35807    -2.8370     5.0696 0.0000e+00
 149.518860      7.682    15.1519  37.737078    30.2026      7.613  255.10903  255.36184    -2.7592     5.0696 0.0000e+00
 149.518863      7.718    15.1513  37.739300    30.2021      7.649  255.11043  255.36329    -2.7436     5.2192 0.0000e+00
 149.518866      7.753    15.1511  37.735412    30.2028      7.684  255.11280  255.36561    -2.7514     5.2233 0.0000e+00
 149.518869      7.779    15.1509  37.736152    30.2013      7.709  255.11657  255.36939    -2.7436     5.2273 -9.990e-29
 149.518872      7.790    15.1499  37.735412    30.2021      7.720  255.12067  255.37343    -2.6502     5.2799 -9.990e-29
 149.518874      7.791    15.1489  37.738375    30.2055      7.722  255.11984  255.37252    -2.6346     5.3405 -9.990e-29
 149.518877      7.791    15.1475  37.739857    30.2079      7.722  255.12278  255.37537    -2.6191     5.4780 -9.990e-29
 149.518880      7.791    15.1465  37.741030    30.2097      7.722  255.12474  255.37726    -2.6969     5.5104 -9.990e-29
 149.518883      7.802    15.1454  37.747265    30.2161      7.733  255.11910  255.37151    -2.6813     5.4861 -9.990e-29
 149.518886      7.823    15.1392  37.750290    30.2295      7.753  255.12733  255.37932    -2.3701     5.5144 -9.990e-29
 149.518889      7.866    15.1371  37.756959    30.2317      7.796  255.13459  255.38645    -2.2923     5.4962 0.0000e+00
 149.518892      7.921    15.1349  37.758133    30.2338      7.850  255.14185  255.39358    -2.2144     5.5144 0.0000e+00
 149.518895      7.985    15.1300  37.763196    30.2421      7.913  255.15234  255.40375    -2.2144     5.5306 0.0000e+00
 149.518898      8.047    15.1243  37.768137    30.2509      7.975  255.16622  255.41727    -2.1522     5.5306 0.0000e+00
 149.518900      8.103    15.1186  37.772707    30.2593      8.031  255.18037  255.43107    -2.0743     5.1828 0.0000e+00
 149.518903      8.147    15.1154  37.774190    30.2624      8.074  255.19131  255.44182    -2.0120     5.1727 0.0000e+00
 149.518906      8.178    15.1122  37.776291    30.2655      8.105  255.20225  255.45257    -2.0743     5.1626 -9.990e-29
 149.518909      8.191    15.1050  37.782220    30.2782      8.118  255.21681  255.46666    -1.9187     5.1747 -9.990e-29
 149.518912      8.193    15.1021  37.779997    30.2785      8.119  255.23135  255.48104    -1.7631     6.1129 -9.990e-29
 149.518915      8.182    15.0975  37.784444    30.2860      8.109  255.24156  255.49096    -1.7631     6.0927 -9.990e-29
 149.518918      8.171    15.0943  37.783456    30.2876      8.098  255.25532  255.50454    -1.7319     6.0765 -9.990e-29
 149.518921      8.160    15.0937  37.785803    30.2902      8.087  255.25397  255.50314    -1.8409     6.1412 -9.990e-29
 149.518924      8.178    15.0931  37.787656    30.2924      8.105  255.25296  255.50208    -1.7631     5.5548 -9.990e-29
 149.518927      8.216    15.0914  37.787780    30.2940      8.143  255.25885  255.50787    -1.7553     5.5083 0.0000e+00
 149.518929      8.277    15.0897  37.788460    30.2956      8.203  255.26473  255.51365    -1.7475     5.4982 0.0000e+00
 149.518932      8.355    15.0863  37.788090    30.2979      8.281  255.27816  255.52689    -1.7164     5.4982 0.0000e+00
 149.518935      8.437    15.0850  37.788461    30.2992      8.362  255.28258  255.53123    -1.6074     5.4982 0.0000e+00
 149.518938      8.507    15.0835  37.790191    30.3018      8.431  255.28545  255.53400    -1.4518     5.1667 0.0000e+00
 149.518941      8.558    15.0828  37.790006    30.3023      8.481  255.28852  255.53703    -1.4440     5.1586 0.0000e+00
 149.518944      8.585    15.0820  37.790871    30.3028      8.508  255.29159  255.54005    -1.4362     5.1505 -9.990e-29
 149.518947      8.593    15.0812  37.790253    30.3037      8.516  255.29442  255.54283    -1.5140     5.1626 -9.990e-29
 149.518950      8.587    15.0796  37.793897    30.3081      8.510  255.29454  255.54283    -1.1716     5.7975 -9.990e-29
