seaocn-cb/data/ctd_cnv/SBE19plus_01907321_2024_05_29_Cast111.cnv
* Sea-Bird SBE19plus  Data File:
* FileName = E:\Prandtl_Daten\2024\29052024\raw\SBE19plus_01907321_2024_05_29_Cast111.hex
* Software version 2.6.1.12
* Temperature SN = 7321
* Conductivity SN = 7321
* System UpLoad Time = May 29 2024 14:31:59
* <ApplicationData>
* <Seaterm232>
** 20240529
** Sea Practical 2024
** MCat 27.05 CTD_SP2
** NMEA Latitude = 54 06.51N
** NMEA Longitude = 008 34.32E
** waterdepth = 15.95m
** clemens
# nquan = 11
# nvalues = 512                         
# units = specified
# name 0 = timeJ: Julian Days
# name 1 = prdM: Pressure, Strain Gauge [db]
# name 2 = tv290C: Temperature [ITS-90, deg C]
# name 3 = c0mS/cm: Conductivity [mS/cm]
# name 4 = sal00: Salinity, Practical [PSU]
# name 5 = depSM: Depth [salt water, m], lat = 54.00
# name 6 = oxsatMm/Kg: Oxygen Saturation, Weiss [umol/kg]
# name 7 = oxsolMm/Kg: Oxygen Saturation, Garcia & Gordon [umol/kg]
# name 8 = turbWETntu0: Turbidity, WET Labs ECO [NTU]
# name 9 = flECO-AFL: Fluorescence, WET Labs ECO-AFL/FL [mg/m^3]
# name 10 = flag:  0.000e+00
# span 0 = 150.588383, 150.589861       
# span 1 =      0.282,     15.382       
# span 2 =    16.1922,    16.3730       
# span 3 =  36.468595,  36.604020       
# span 4 =    28.2291,    28.4357       
# span 5 =      0.279,     15.244       
# span 6 =  252.36810,  252.93026       
# span 7 =  252.69358,  253.24633       
# span 8 =    -2.2300,    12.9451       
# span 9 =     4.1517,     6.9499       
# span 10 = 0.0000e+00, 0.0000e+00      
# interval = seconds: 0.25
# start_time = May 29 2024 14:06:01 [Instrument's time stamp, header]
# bad_flag = -9.990e-29
*END*
 150.588383      0.282    16.3408  36.495972    28.2419      0.279  252.51038  252.83436    -0.5646     5.0494 -9.990e-29
 150.588385      0.293    16.3417  36.498834    28.2437      0.290  252.50251  252.82653    -0.6113     5.0615 -9.990e-29
 150.588388      0.315    16.3423  36.498652    28.2445      0.312  252.49835  252.82238    -0.7202     5.0413 -9.990e-29
 150.588391      0.351    16.3424  36.500235    28.2442      0.348  252.49843  252.82246    -0.7825     5.0433 0.0000e+00
 150.588394      0.413    16.3423  36.499748    28.2445      0.410  252.49850  252.82254    -0.7202     5.0413 0.0000e+00
 150.588397      0.477    16.3418  36.500418    28.2450      0.473  252.49997  252.82398    -0.5179     4.6248 0.0000e+00
 150.588400      0.517    16.3412  36.500845    28.2456      0.513  252.50179  252.82577    -0.4479     4.6188 0.0000e+00
 150.588403      0.543    16.3407  36.503220    28.2461      0.538  252.50361  252.82756    -0.5179     4.6127 -9.990e-29
 150.588406      0.563    16.3401  36.502429    28.2479      0.558  252.50342  252.82733    -0.4090     4.6046 -9.990e-29
 150.588409      0.569    16.3405  36.500845    28.2463      0.563  252.50455  252.82848    -0.7514     4.6895 -9.990e-29
 150.588411      0.565    16.3409  36.502002    28.2470      0.560  252.50132  252.82527    -0.5957     4.6895 -9.990e-29
 150.588414      0.559    16.3408  36.501089    28.2462      0.554  252.50297  252.82692    -0.6891     4.7138 -9.990e-29
 150.588417      0.554    16.3396  36.499384    28.2456      0.549  252.51003  252.83394    -0.7202     4.6814 -9.990e-29
 150.588420      0.569    16.3375  36.502003    28.2482      0.563  252.51607  252.83986    -0.6424     4.9402 -9.990e-29
 150.588423      0.621    16.3366  36.500663    28.2478      0.616  252.52094  252.84470    -0.7280     4.9240 0.0000e+00
 150.588426      0.689    16.3358  36.498410    28.2481      0.683  252.52580  252.84953    -0.7202     4.9240 0.0000e+00
 150.588429      0.764    16.3329  36.496827    28.2481      0.757  252.53910  252.86269    -0.7825     4.9079 0.0000e+00
 150.588432      0.818    16.3319  36.499751    28.2500      0.811  252.54044  252.86398    -0.7513     4.8148 0.0000e+00
 150.588435      0.853    16.3310  36.500177    28.2519      0.845  252.54179  252.86527    -0.7825     4.7057 -9.990e-29
 150.588438      0.860    16.3309  36.500421    28.2526      0.853  252.54143  252.86490    -0.9693     4.6572 -9.990e-29
 150.588440      0.859    16.3317  36.499995    28.2516      0.851  252.53902  252.86253    -1.0160     4.6814 -9.990e-29
 150.588443      0.839    16.3325  36.499751    28.2509      0.831  252.53634  252.85989    -0.8759     4.7340 -9.990e-29
 150.588446      0.822    16.3327  36.500421    28.2513      0.815  252.53443  252.85799    -0.7981     5.1909 -9.990e-29
 150.588449      0.828    16.3322  36.498837    28.2511      0.820  252.53717  252.86071    -0.5802     5.1788 -9.990e-29
 150.588452      0.860    16.3328  36.499812    28.2501      0.853  252.53609  252.85967    -0.5958     5.1990 0.0000e+00
 150.588455      0.911    16.3334  36.498411    28.2491      0.903  252.53502  252.85863    -0.5802     5.1788 0.0000e+00
 150.588458      0.990    16.3347  36.499325    28.2491      0.981  252.52886  252.85253    -0.6113     4.8472 0.0000e+00
 150.588461      1.067    16.3364  36.504197    28.2489      1.057  252.51503  252.83875    -0.6736     4.8472 0.0000e+00
 150.588464      1.140    16.3405  36.504075    28.2489      1.129  252.50009  252.82401    -0.6736     4.8553 0.0000e+00
 150.588466      1.200    16.3433  36.506633    28.2479      1.189  252.48760  252.81165    -0.6269     4.8634 0.0000e+00
 150.588469      1.238    16.3461  36.508886    28.2470      1.227  252.47511  252.79930    -0.5802     4.8553 -9.990e-29
 150.588472      1.256    16.3551  36.509129    28.2428      1.245  252.43748  252.76210    -1.5763     4.3013 -9.990e-29
 150.588475      1.257    16.3587  36.511078    28.2419      1.245  252.42095  252.74574    -1.7786     4.3094 -9.990e-29
 150.588478      1.253    16.3630  36.510651    28.2385      1.242  252.40551  252.73050    -1.7475     4.2892 -9.990e-29
 150.588481      1.244    16.3664  36.505778    28.2319      1.233  252.39995  252.72514    -1.2650     4.1598 -9.990e-29
 150.588484      1.242    16.3641  36.504194    28.2322      1.231  252.41109  252.73617    -1.2961     4.1517 -9.990e-29
 150.588487      1.248    16.3578  36.503403    28.2360      1.236  252.43592  252.76070    -1.3739     4.1598 -9.990e-29
 150.588490      1.258    16.3487  36.504196    28.2448      1.247  252.46578  252.79010    -1.5452     4.1881 -9.990e-29
 150.588492      1.284    16.3486  36.506206    28.2448      1.273  252.46638  252.79070    -1.4907     4.3519 0.0000e+00
 150.588495      1.326    16.3487  36.506024    28.2448      1.314  252.46578  252.79010    -1.4362     4.4792 0.0000e+00
 150.588498      1.375    16.3502  36.506816    28.2442      1.363  252.45947  252.78385    -1.4051     4.4833 0.0000e+00
 150.588501      1.430    16.3537  36.509130    28.2437      1.417  252.44273  252.76728    -1.2494     4.4833 0.0000e+00
 150.588504      1.492    16.3563  36.505780    28.2391      1.479  252.43801  252.76270    -1.2494     4.4873 0.0000e+00
 150.588507      1.552    16.3574  36.506876    28.2391      1.538  252.43217  252.75692    -1.5140     4.4873 0.0000e+00
 150.588510      1.596    16.3579  36.508216    28.2394      1.582  252.42937  252.75414    -1.5762     4.4994 0.0000e+00
 150.588513      1.625    16.3584  36.510044    28.2396      1.611  252.42658  252.75136    -1.5140     4.5116 -9.990e-29
 150.588516      1.645    16.3607  36.511323    28.2406      1.631  252.41353  252.73840    -1.7942     4.5439 -9.990e-29
 150.588519      1.643    16.3620  36.509982    28.2386      1.629  252.41065  252.73560    -2.2300     4.4226 -9.990e-29
 150.588521      1.640    16.3624  36.510470    28.2386      1.625  252.40811  252.73308    -2.0121     4.4348 -9.990e-29
 150.588524      1.640    16.3636  36.511931    28.2391      1.625  252.40170  252.72672    -2.1522     4.4307 -9.990e-29
 150.588527      1.654    16.3670  36.510896    28.2361      1.639  252.38958  252.71477    -1.2339     4.4145 -9.990e-29
 150.588530      1.680    16.3676  36.511322    28.2355      1.665  252.38763  252.71285    -1.3350     4.4327 0.0000e+00
 150.588533      1.727    16.3682  36.510896    28.2349      1.712  252.38569  252.71094    -1.4051     4.4307 0.0000e+00
 150.588536      1.784    16.3701  36.512114    28.2346      1.768  252.37694  252.70228    -1.4362     4.4509 0.0000e+00
 150.588539      1.842    16.3728  36.511139    28.2318      1.826  252.36810  252.69358    -1.4518     4.4550 0.0000e+00
 150.588542      1.899    16.3728  36.508642    28.2296      1.882  252.36810  252.69358    -1.4518     4.4590 0.0000e+00
 150.588545      1.946    16.3730  36.507546    28.2291      1.929  252.37218  252.69769    -0.6502     4.4874 0.0000e+00
 150.588547      1.982    16.3716  36.507486    28.2296      1.965  252.37831  252.70375     0.1513     4.5197 -9.990e-29
 150.588550      1.995    16.3637  36.506207    28.2340      1.977  252.40974  252.73480     0.0268     4.4752 -9.990e-29
 150.588553      1.997    16.3604  36.500421    28.2314      1.979  252.43103  252.75595     0.0580     4.5318 -9.990e-29
 150.588556      1.993    16.3554  36.499082    28.2337      1.976  252.45151  252.77620     0.3692     4.8755 -9.990e-29
 150.588559      1.993    16.3475  36.494698    28.2356      1.976  252.48802  252.81235     0.4471     4.8472 -9.990e-29
 150.588562      1.999    16.3392  36.489036    28.2365      1.981  252.52734  252.85129     0.4004     4.8715 -9.990e-29
 150.588565      2.016    16.3325  36.489950    28.2421      1.998  252.55148  252.87509     0.3848     4.8917 -9.990e-29
 150.588568      2.041    16.3208  36.487515    28.2502      2.023  252.59567  252.91871    -0.1132     4.3701 -9.990e-29
 150.588571      2.079    16.3191  36.489830    28.2511      2.061  252.60246  252.92541    -0.1599     4.4004 0.0000e+00
 150.588573      2.131    16.3174  36.489282    28.2506      2.112  252.60925  252.93212    -0.1132     4.3943 0.0000e+00
 150.588576      2.180    16.3149  36.485507    28.2521      2.160  252.62426  252.94704    -0.2066     4.4307 0.0000e+00
 150.588579      2.240    16.3125  36.486604    28.2532      2.220  252.63177  252.95442    -0.6113     4.5399 0.0000e+00
 150.588582      2.298    16.3090  36.483864    28.2534      2.278  252.64921  252.97169    -0.6736     4.5480 0.0000e+00
 150.588585      2.340    16.3070  36.483500    28.2546      2.319  252.65707  252.97946    -0.6424     4.5581 0.0000e+00
 150.588588      2.377    16.3050  36.482587    28.2559      2.356  252.66493  252.98722    -0.6736     4.5763 -9.990e-29
 150.588591      2.397    16.2988  36.480821    28.2579      2.375  252.69198  253.01398    -0.6891     4.5965 -9.990e-29
 150.588594      2.413    16.2980  36.487276    28.2640      2.392  252.68546  253.00739    -1.7164     4.3215 -9.990e-29
 150.588597      2.426    16.3010  36.490016    28.2642      2.404  252.67019  252.99225    -1.5296     4.3134 -9.990e-29
 150.588600      2.441    16.3062  36.490381    28.2609      2.419  252.64995  252.97226    -1.6852     4.3134 -9.990e-29
 150.588602      2.459    16.3178  36.492634    28.2473      2.437  252.61550  252.93842     0.3070     6.8488 -9.990e-29
 150.588605      2.492    16.3194  36.484169    28.2501      2.470  252.60260  252.92557     0.2681     6.8650 0.0000e+00
 150.588608      2.525    16.3210  36.493424    28.2514      2.502  252.58969  252.91272     0.3070     6.8650 0.0000e+00
 150.588611      2.559    16.3228  36.493059    28.2514      2.537  252.58358  252.90670     0.3848     6.8812 0.0000e+00
 150.588614      2.596    16.3238  36.490866    28.2498      2.573  252.58173  252.90490     0.3848     6.8731 0.0000e+00
 150.588617      2.625    16.3247  36.491963    28.2482      2.601  252.57987  252.90309     0.3848     6.8812 -9.990e-29
 150.588620      2.647    16.3225  36.487274    28.2466      2.623  252.59340  252.91653     1.3498     5.1869 -9.990e-29
 150.588623      2.663    16.3182  36.489528    28.2516      2.639  252.60615  252.92906     1.3965     5.1505 -9.990e-29
 150.588626      2.676    16.3146  36.487945    28.2528      2.652  252.62215  252.94489     1.2564     5.1828 -9.990e-29
 150.588628      2.685    16.3113  36.487276    28.2545      2.661  252.63558  252.95816    -0.0821     5.2799 -9.990e-29
 150.588631      2.696    16.3076  36.486850    28.2568      2.672  252.65016  252.97257    -0.2222     5.2597 -9.990e-29
 150.588634      2.712    16.3015  36.483745    28.2605      2.688  252.67423  252.99633    -0.2066     5.2354 -9.990e-29
 150.588637      2.745    16.3004  36.486181    28.2580      2.720  252.68378  253.00584    -0.2144     5.2354 0.0000e+00
 150.588640      2.792    16.2994  36.478631    28.2573      2.767  252.69332  253.01536    -0.2222     5.2354 0.0000e+00
 150.588643      2.845    16.2977  36.479423    28.2570      2.820  252.69854  253.02050    -0.3156     5.2880 0.0000e+00
 150.588646      2.907    16.2950  36.476805    28.2573      2.881  252.71277  253.03460    -0.4090     5.2880 0.0000e+00
 150.588649      2.969    16.2922  36.476136    28.2584      2.943  252.72441  253.04611    -0.4245     5.2880 0.0000e+00
 150.588652      3.030    16.2895  36.475710    28.2599      3.003  252.73508  253.05665    -0.4090     5.2880 0.0000e+00
 150.588655      3.077    16.2885  36.477050    28.2600      3.050  252.73706  253.05857     0.7428     5.1141 0.0000e+00
 150.588657      3.110    16.2881  36.474371    28.2609      3.082  252.74057  253.06207     0.7662     5.1100 0.0000e+00
 150.588660      3.137    16.2877  36.474128    28.2600      3.109  252.74408  253.06557     0.7428     5.1060 -9.990e-29
 150.588663      3.150    16.2851  36.471510    28.2594      3.122  252.75805  253.07942     0.8829     5.1222 -9.990e-29
 150.588666      3.148    16.2836  36.475468    28.2638      3.120  252.75764  253.07892     0.6805     5.6438 -9.990e-29
 150.588669      3.148    16.2828  36.471328    28.2609      3.120  252.76711  253.08837     0.5249     5.6236 -9.990e-29
 150.588672      3.143    16.2818  36.473032    28.2630      3.115  252.76822  253.08943     0.5716     5.6276 -9.990e-29
 150.588675      3.147    16.2812  36.471510    28.2621      3.119  252.77260  253.09379     0.5249     5.6236 -9.990e-29
 150.588678      3.159    16.2806  36.472850    28.2637      3.131  252.77305  253.09419     1.5833     5.1141 -9.990e-29
 150.588681      3.181    16.2800  36.472607    28.2658      3.153  252.77261  253.09372     1.6766     5.1384 -9.990e-29
 150.588683      3.207    16.2802  36.474799    28.2659      3.178  252.77135  253.09247     1.6688     5.1303 0.0000e+00
 150.588686      3.247    16.2804  36.475286    28.2658      3.218  252.77261  253.09372     1.6611     5.1222 0.0000e+00
 150.588689      3.291    16.2804  36.472607    28.2656      3.261  252.77186  253.09298     1.5210     5.1100 0.0000e+00
 150.588692      3.336    16.2802  36.474738    28.2656      3.307  252.77290  253.09399     0.3381     4.9483 0.0000e+00
 150.588695      3.386    16.2797  36.475286    28.2660      3.355  252.77290  253.09399     0.2914     4.9321 0.0000e+00
 150.588698      3.437    16.2791  36.474373    28.2664      3.406  252.77640  253.09747     0.3381     4.9321 0.0000e+00
 150.588701      3.477    16.2789  36.474800    28.2663      3.446  252.77686  253.09791     0.3381     4.9301 0.0000e+00
 150.588704      3.517    16.2787  36.476626    28.2666      3.486  252.77731  253.09835     0.4315     4.9362 -9.990e-29
 150.588707      3.539    16.2779  36.474374    28.2668      3.507  252.78131  253.10231     0.6494     5.1505 -9.990e-29
 150.588709      3.565    16.2772  36.475957    28.2686      3.533  252.78140  253.10236     0.9607     5.1828 -9.990e-29
 150.588712      3.585    16.2764  36.472182    28.2660      3.553  252.79004  253.11099     0.8984     5.1828 -9.990e-29
 150.588715      3.605    16.2755  36.474618    28.2687      3.572  252.79008  253.11096     1.8790     5.4780 -9.990e-29
 150.588718      3.628    16.2750  36.473461    28.2681      3.596  252.79363  253.11449     1.8634     5.4335 -9.990e-29
 150.588721      3.652    16.2745  36.473279    28.2688      3.619  252.79475  253.11559     1.9257     5.4659 -9.990e-29
 150.588724      3.681    16.2743  36.473948    28.2689      3.648  252.79537  253.11620     1.8401     5.4417 0.0000e+00
 150.588727      3.716    16.2742  36.473949    28.2690      3.683  252.79599  253.11681     1.8167     5.4659 0.0000e+00
 150.588730      3.760    16.2736  36.473888    28.2694      3.726  252.79822  253.11902     1.8167     5.4659 0.0000e+00
 150.588733      3.802    16.2728  36.473949    28.2698      3.768  252.80119  253.12194     1.8478     5.4659 0.0000e+00
 150.588736      3.842    16.2722  36.473280    28.2700      3.808  252.80249  253.12318     1.8790     5.4538 0.0000e+00
 150.588738      3.878    16.2720  36.475959    28.2711      3.844  252.80356  253.12426     1.8634     5.4254 0.0000e+00
 150.588741      3.904    16.2717  36.473280    28.2725      3.869  252.80249  253.12318     1.8790     5.4538 -9.990e-29
 150.588744      3.920    16.2706  36.474620    28.2720      3.885  252.80844  253.12909     1.9879     5.1909 -9.990e-29
 150.588747      3.929    16.2708  36.472610    28.2702      3.894  252.81082  253.13149     2.1436     5.1747 -9.990e-29
 150.588750      3.940    16.2710  36.475715    28.2727      3.905  252.80531  253.12597     2.0191     5.2030 -9.990e-29
 150.588753      3.948    16.2704  36.474741    28.2723      3.912  252.80919  253.12982     2.3303     5.9875 -9.990e-29
 150.588756      3.951    16.2698  36.473463    28.2716      3.916  252.81321  253.13382     2.2681     5.9713 -9.990e-29
 150.588759      3.962    16.2694  36.472854    28.2714      3.927  252.81563  253.13623     2.3615     5.9713 -9.990e-29
