seaocn-cb/data/ctd_cnv/SBE19plus_01907321_2024_05_27_Cast76.cnv
* Sea-Bird SBE19plus  Data File:
* FileName = E:\Prandtl_Daten\2024\27052024\raw\SBE19plus_01907321_2024_05_27_Cast76.hex
* Software version 2.6.1.12
* Temperature SN = 7321
* Conductivity SN = 7321
* System UpLoad Time = May 27 2024 10:06:42
* <ApplicationData>
* <Seaterm232>
** 20240527
** Sea Practical 2024
** MCat 27.05 CTD_SP5
** NMEA Latitude = 54 7.781N
** NMEA Longitude = 008 25.579E
** waterdepth = 9.3m
** Merle
# nquan = 11
# nvalues = 291                         
# units = specified
# name 0 = timeJ: Julian Days
# name 1 = prdM: Pressure, Strain Gauge [db]
# name 2 = tv290C: Temperature [ITS-90, deg C]
# name 3 = c0mS/cm: Conductivity [mS/cm]
# name 4 = sal00: Salinity, Practical [PSU]
# name 5 = depSM: Depth [salt water, m], lat = 54.00
# name 6 = oxsatMm/Kg: Oxygen Saturation, Weiss [umol/kg]
# name 7 = oxsolMm/Kg: Oxygen Saturation, Garcia & Gordon [umol/kg]
# name 8 = turbWETntu0: Turbidity, WET Labs ECO [NTU]
# name 9 = flECO-AFL: Fluorescence, WET Labs ECO-AFL/FL [mg/m^3]
# name 10 = flag:  0.000e+00
# span 0 = 148.417841, 148.418681       
# span 1 =      0.952,      8.309       
# span 2 =    16.2755,    16.3695       
# span 3 =  36.902322,  36.969973       
# span 4 =    28.6191,    28.6569       
# span 5 =      0.943,      8.234       
# span 6 =  251.70544,  252.12849       
# span 7 =  252.02810,  252.44679       
# span 8 =     5.2720,   132.5716       
# span 9 =     3.3490,     6.4687       
# span 10 = 0.0000e+00, 0.0000e+00      
# interval = seconds: 0.25
# start_time = May 27 2024 10:00:16 [Instrument's time stamp, header]
# bad_flag = -9.990e-29
*END*
[from data line 132]
 148.418223      4.555    16.2775  36.922441    28.6525      4.514  252.11916  252.43755    16.4004     4.7299 0.0000e+00
 148.418226      4.597    16.2775  36.924032    28.6525      4.556  252.11916  252.43755    16.3537     4.7299 0.0000e+00
 148.418229      4.650    16.2776  36.921891    28.6519      4.608  252.11973  252.43812    16.2603     4.7704 0.0000e+00
 148.418232      4.693    16.2777  36.920178    28.6511      4.651  252.12056  252.43896    16.2292     4.8088 0.0000e+00
 148.418235      4.732    16.2779  36.921096    28.6502      4.689  252.12139  252.43980    16.1980     4.7704 -9.990e-29
 148.418238      4.757    16.2784  36.921891    28.6513      4.715  252.11678  252.43522    16.4159     4.7946 -9.990e-29
 148.418241      4.774    16.2787  36.919750    28.6492      4.731  252.11876  252.43722    21.5677     4.9200 -9.990e-29
 148.418244      4.773    16.2791  36.921952    28.6509      4.731  252.11429  252.43276    21.8634     4.9321 -9.990e-29
 148.418247      4.777    16.2794  36.924277    28.6526      4.735  252.10965  252.42812    21.5988     4.9321 -9.990e-29
 148.418249      4.770    16.2793  36.919016    28.6482      4.727  252.11774  252.43623    21.8323     4.9321 -9.990e-29
 148.418252      4.765    16.2793  36.924461    28.6529      4.722  252.10967  252.42813    18.5949     5.0049 -9.990e-29
 148.418255      4.774    16.2794  36.922319    28.6510      4.731  252.11255  252.43103    18.5015     4.9928 -9.990e-29
 148.418258      4.796    16.2792  36.924889    28.6517      4.753  252.11200  252.43047    18.4860     4.9928 -9.990e-29
 148.418261      4.838    16.2792  36.923115    28.6516      4.794  252.11229  252.43076    18.5405     4.9867 0.0000e+00
 148.418264      4.889    16.2792  36.922748    28.6517      4.845  252.11200  252.43047    18.4860     4.9928 0.0000e+00
 148.418267      4.945    16.2792  36.923544    28.6514      4.901  252.11258  252.43105    17.9568     5.1909 0.0000e+00
 148.418270      5.000    16.2792  36.922198    28.6516      4.955  252.11230  252.43077    17.8323     5.1909 0.0000e+00
 148.418273      5.049    16.2792  36.922994    28.6512      5.004  252.11288  252.43135    17.8867     5.1889 0.0000e+00
 148.418275      5.086    16.2792  36.923116    28.6516      5.040  252.11230  252.43077    17.8167     5.1747 -9.990e-29
 148.418278      5.111    16.2791  36.926481    28.6547      5.066  252.10777  252.42622    17.0696     5.5912 -9.990e-29
 148.418281      5.129    16.2790  36.921464    28.6504      5.083  252.11551  252.43398    17.0541     5.5589 -9.990e-29
 148.418284      5.138    16.2790  36.921770    28.6506      5.092  252.11507  252.43353    16.9918     5.5629 -9.990e-29
 148.418287      5.140    16.2791  36.924034    28.6525      5.094  252.11111  252.42957    17.1319     5.5670 -9.990e-29
 148.418290      5.144    16.2791  36.922749    28.6514      5.098  252.11302  252.43149    18.1903     5.5670 -9.990e-29
 148.418293      5.159    16.2791  36.925135    28.6519      5.113  252.11204  252.43051    18.1124     5.5832 -9.990e-29
 148.418296      5.184    16.2791  36.923422    28.6519      5.138  252.11196  252.43043    18.0502     5.5751 0.0000e+00
 148.418299      5.222    16.2791  36.923545    28.6520      5.176  252.11188  252.43035    17.9879     5.5670 0.0000e+00
 148.418302      5.263    16.2792  36.924708    28.6529      5.216  252.10988  252.42834    16.1047     4.8553 0.0000e+00
 148.418304      5.310    16.2792  36.924708    28.6529      5.263  252.10988  252.42834    16.1047     4.8553 0.0000e+00
 148.418307      5.356    16.2792  36.922689    28.6513      5.308  252.11268  252.43115    16.1047     4.8472 0.0000e+00
 148.418310      5.396    16.2792  36.922872    28.6513      5.348  252.11268  252.43115    16.0268     4.8391 0.0000e+00
 148.418313      5.432    16.2792  36.924280    28.6519      5.384  252.11149  252.42996    16.0191     4.8391 0.0000e+00
 148.418316      5.458    16.2793  36.919752    28.6525      5.409  252.11031  252.42878    16.0268     4.8391 -9.990e-29
 148.418319      5.467    16.2791  36.926054    28.6542      5.418  252.10860  252.42705    14.6261     4.9685 -9.990e-29
 148.418322      5.471    16.2787  36.925993    28.6544      5.422  252.10990  252.42833    14.5638     4.9887 -9.990e-29
 148.418325      5.469    16.2785  36.924219    28.6530      5.420  252.11343  252.43186    14.6261     4.9928 -9.990e-29
 148.418328      5.469    16.2783  36.925626    28.6544      5.420  252.11225  252.43065    16.0268     5.4982 -9.990e-29
 148.418330      5.474    16.2779  36.926238    28.6516      5.425  252.11854  252.43696    16.1358     5.4942 -9.990e-29
 148.418333      5.503    16.2779  36.922200    28.6522      5.454  252.11785  252.43626    16.0813     5.4901 0.0000e+00
 148.418336      5.534    16.2778  36.923546    28.6529      5.485  252.11717  252.43556    16.1358     5.4861 0.0000e+00
 148.418339      5.582    16.2778  36.924892    28.6529      5.532  252.11717  252.43556    19.7000     5.2030 0.0000e+00
 148.418342      5.633    16.2779  36.923118    28.6524      5.582  252.11726  252.43566    19.7778     5.1747 0.0000e+00
 148.418345      5.686    16.2779  36.922201    28.6524      5.635  252.11726  252.43566    19.7311     5.1747 0.0000e+00
 148.418348      5.740    16.2781  36.923853    28.6518      5.689  252.11563  252.43404    19.7311     5.1828 0.0000e+00
 148.418351      5.791    16.2787  36.923119    28.6529      5.740  252.11464  252.43308    19.1241     5.3769 0.0000e+00
 148.418354      5.831    16.2788  36.925321    28.6527      5.779  252.11242  252.43086    19.0852     5.3971 0.0000e+00
 148.418356      5.866    16.2790  36.925627    28.6535      5.814  252.11019  252.42864    19.0463     5.3769 -9.990e-29
 148.418359      5.888    16.2791  36.923547    28.6518      5.835  252.11225  252.43072    19.1241     5.4214 -9.990e-29
 148.418362      5.903    16.2793  36.926423    28.6542      5.850  252.10740  252.42586    19.0619     5.3850 -9.990e-29
 148.418365      5.915    16.2796  36.922446    28.6506      5.862  252.11240  252.43089    19.0152     5.0453 -9.990e-29
 148.418368      5.915    16.2796  36.924710    28.6525      5.863  252.10904  252.42752    19.0930     5.0615 -9.990e-29
 148.418371      5.923    16.2798  36.922323    28.6503      5.870  252.11168  252.43018    19.0152     5.0656 -9.990e-29
 148.418374      5.930    16.2800  36.926056    28.6533      5.877  252.10525  252.42375    19.0774     5.0656 -9.990e-29
 148.418377      5.943    16.2800  36.924710    28.6522      5.889  252.10725  252.42576    25.5366     5.0453 -9.990e-29
 148.418380      5.961    16.2800  36.925322    28.6527      5.908  252.10666  252.42515    25.7700     5.0656 -9.990e-29
 148.418383      5.986    16.2799  36.924894    28.6528      5.933  252.10690  252.42539    25.8167     5.0130 -9.990e-29
 148.418385      6.016    16.2797  36.925383    28.6512      5.962  252.11057  252.42906    22.4081     5.1626 0.0000e+00
 148.418388      6.060    16.2796  36.921467    28.6497      6.005  252.11423  252.43272    18.9996     5.3122 0.0000e+00
 148.418391      6.094    16.2796  36.912474    28.6497      6.040  252.11423  252.43272    18.9996     5.3405 0.0000e+00
 148.418394      6.143    16.2796  36.923364    28.6509      6.088  252.11143  252.42992    18.9529     5.3405 0.0000e+00
 148.418397      6.184    16.2796  36.922997    28.6509      6.128  252.11116  252.42965    18.9373     5.3001 0.0000e+00
 148.418400      6.211    16.2798  36.922875    28.6508      6.155  252.11093  252.42943    18.6105     5.2819 0.0000e+00
 148.418403      6.238    16.2800  36.926302    28.6506      6.182  252.11042  252.42893    18.2836     5.2637 -9.990e-29
 148.418406      6.258    16.2795  36.920183    28.6486      6.202  252.11624  252.43474    17.8945     5.2233 -9.990e-29
 148.418409      6.271    16.2790  36.925384    28.6534      6.215  252.11035  252.42879    17.9724     5.2718 -9.990e-29
 148.418411      6.285    16.2787  36.926975    28.6513      6.229  252.11547  252.43392    20.4315     4.9928 -9.990e-29
 148.418414      6.315    16.2787  36.922753    28.6527      6.258  252.11303  252.43147    20.5638     4.9787 0.0000e+00
 148.418417      6.346    16.2787  36.926058    28.6533      6.289  252.11324  252.43166    20.5249     4.9847 0.0000e+00
 148.418420      6.390    16.2784  36.924895    28.6533      6.333  252.11324  252.43166    20.5249     4.9685 0.0000e+00
 148.418423      6.432    16.2784  36.924467    28.6533      6.374  252.11324  252.43166    20.5249     4.9847 0.0000e+00
 148.418426      6.472    16.2784  36.925813    28.6530      6.414  252.11390  252.43233    24.5249     6.3434 0.0000e+00
 148.418429      6.512    16.2785  36.924284    28.6535      6.454  252.11253  252.43094    24.6494     6.3434 0.0000e+00
 148.418432      6.550    16.2787  36.925385    28.6535      6.492  252.11170  252.43014    24.6805     6.3555 0.0000e+00
 148.418435      6.575    16.2788  36.925630    28.6536      6.517  252.11108  252.42952    24.7817     6.3535 0.0000e+00
 148.418438      6.605    16.2789  36.926670    28.6536      6.546  252.11045  252.42890    24.6805     6.3636 -9.990e-29
 148.418440      6.623    16.2793  36.925141    28.6528      6.564  252.10970  252.42817    25.5210     5.6195 -9.990e-29
 148.418443      6.634    16.2791  36.926732    28.6543      6.575  252.10795  252.42640    25.5988     5.6276 -9.990e-29
 148.418446      6.643    16.2793  36.926670    28.6541      6.584  252.10745  252.42590    25.3965     5.6438 -9.990e-29
 148.418449      6.649    16.2797  36.927160    28.6543      6.589  252.10522  252.42370    31.8868     5.6519 -9.990e-29
 148.418452      6.658    16.2798  36.927405    28.6544      6.598  252.10456  252.42304    31.9646     5.5589 -9.990e-29
 148.418455      6.671    16.2798  36.922143    28.6499      6.611  252.11236  252.43087    32.0891     5.5912 -9.990e-29
 148.418458      6.691    16.2800  36.928078    28.6523      6.631  252.10705  252.42555    32.1358     5.5670 -9.990e-29
 148.418461      6.717    16.2802  36.925141    28.6520      6.656  252.10677  252.42528    30.1280     5.5245 0.0000e+00
 148.418464      6.746    16.2804  36.924713    28.6517      6.685  252.10705  252.42555    28.1669     5.4821 0.0000e+00
 148.418466      6.780    16.2804  36.922204    28.6517      6.720  252.10649  252.42502    28.1202     5.4780 0.0000e+00
 148.418469      6.810    16.2805  36.927650    28.6516      6.749  252.10537  252.42391    28.1047     5.4780 0.0000e+00
 148.418472      6.843    16.2805  36.924896    28.6529      6.781  252.10361  252.42213    27.9957     5.4780 0.0000e+00
 148.418475      6.881    16.2805  36.926304    28.6529      6.819  252.10423  252.42275    22.2214     5.2637 0.0000e+00
 148.418478      6.919    16.2804  36.926304    28.6529      6.857  252.10423  252.42275    22.2214     5.2516 0.0000e+00
 148.418481      6.963    16.2804  36.925570    28.6523      6.901  252.10535  252.42386    22.2214     5.2354 0.0000e+00
 148.418484      7.003    16.2804  36.920859    28.6483      6.940  252.11235  252.43089    22.3303     5.2516 0.0000e+00
 148.418487      7.049    16.2804  36.902322    28.6483      6.986  252.11235  252.43089    28.5249     6.0603 0.0000e+00
 148.418490      7.089    16.2804  36.927161    28.6429      7.026  252.12129  252.43988    28.5249     6.0785 0.0000e+00
 148.418492      7.116    16.2804  36.913640    28.6536      7.053  252.10276  252.42127    28.5249     6.0967 -9.990e-29
 148.418495      7.136    16.2808  36.924714    28.6513      7.072  252.10521  252.42375    28.6961     6.0967 -9.990e-29
 148.418498      7.140    16.2809  36.921104    28.6480      7.076  252.10995  252.42852    28.4159     6.0724 -9.990e-29
 148.418501      7.142    16.2811  36.924897    28.6512      7.078  252.10374  252.42229    35.8712     5.7125 -9.990e-29
 148.418504      7.140    16.2810  36.929425    28.6551      7.076  252.09733  252.41586    35.6689     5.6923 -9.990e-29
 148.418507      7.147    16.2812  36.926488    28.6525      7.083  252.10108  252.41963    35.6689     5.6640 -9.990e-29
 148.418510      7.163    16.2815  36.923123    28.6518      7.099  252.10063  252.41920    43.6844     5.6681 -9.990e-29
 148.418513      7.202    16.2815  36.925999    28.6496      7.137  252.10445  252.42304    43.6688     5.6903 0.0000e+00
 148.418516      7.238    16.2815  36.920859    28.6509      7.173  252.10105  252.41963    43.6533     5.6681 0.0000e+00
 148.418519      7.284    16.2817  36.925143    28.6506      7.218  252.10105  252.41963    43.6533     5.6923 0.0000e+00
 148.418521      7.331    16.2820  36.925143    28.6506      7.265  252.10105  252.41963    43.6222     5.6923 0.0000e+00
 148.418524      7.378    16.2822  36.923124    28.6491      7.312  252.10138  252.42000    43.6689     5.7651 0.0000e+00
 148.418527      7.426    16.2823  36.923552    28.6491      7.359  252.10138  252.42000    43.6377     5.7651 0.0000e+00
 148.418530      7.459    16.2825  36.924715    28.6495      7.392  252.09978  252.41841    43.6533     5.7409 0.0000e+00
 148.418533      7.484    16.2827  36.926061    28.6498      7.417  252.09817  252.41681    43.6377     5.7004 -9.990e-29
 148.418536      7.497    16.2828  36.921778    28.6471      7.430  252.10194  252.42060    42.4082     5.6519 -9.990e-29
 148.418539      7.495    16.2832  36.924715    28.6494      7.428  252.09638  252.41505    42.3926     5.6115 -9.990e-29
 148.418542      7.491    16.2832  36.923124    28.6480      7.424  252.09874  252.41741    42.4860     5.6317 -9.990e-29
 148.418545      7.488    16.2833  36.925388    28.6499      7.421  252.09478  252.41345    42.5015     5.6276 -9.990e-29
 148.418547      7.497    16.2832  36.925143    28.6491      7.430  252.09646  252.41513    55.6844     5.6438 -9.990e-29
 148.418550      7.523    16.2832  36.924470    28.6494      7.455  252.09598  252.41464    55.6611     5.6458 0.0000e+00
 148.418553      7.564    16.2832  36.925143    28.6491      7.497  252.09621  252.41488    55.6844     5.6438 0.0000e+00
 148.418556      7.612    16.2833  36.924471    28.6490      7.544  252.09621  252.41488    55.8089     5.6276 0.0000e+00
 148.418559      7.667    16.2837  36.923369    28.6478      7.598  252.09637  252.41507    55.8245     5.6276 0.0000e+00
 148.418562      7.723    16.2839  36.920188    28.6458      7.654  252.09637  252.41507    70.5015     5.9471 0.0000e+00
 148.418565      7.773    16.2842  36.921779    28.6454      7.703  252.09814  252.41688    70.6416     5.9471 0.0000e+00
 148.418568      7.811    16.2845  36.921289    28.6458      7.741  252.09577  252.41452    70.5015     5.9471 -9.990e-29
 148.418571      7.831    16.2859  36.923186    28.6460      7.761  252.08861  252.40742    70.5015     5.9430 -9.990e-29
 148.418573      7.846    16.2863  36.923370    28.6459      7.776  252.08684  252.40567    72.8829     5.8743 -9.990e-29
 148.418576      7.846    16.2871  36.922207    28.6443      7.776  252.08556  252.40443    72.8362     5.9026 -9.990e-29
 148.418579      7.848    16.2873  36.920188    28.6425      7.777  252.08795  252.40684    72.7584     5.8824 -9.990e-29
 148.418582      7.855    16.2875  36.921962    28.6438      7.785  252.08442  252.40332    72.9140     5.8864 -9.990e-29
 148.418585      7.875    16.2880  36.921534    28.6431      7.805  252.08326  252.40218    87.4043     6.0846 -9.990e-29
 148.418588      7.899    16.2885  36.923186    28.6425      7.828  252.08185  252.40080    87.4821     6.0765 -9.990e-29
 148.418591      7.935    16.2886  36.921289    28.6430      7.864  252.08022  252.39917    87.6222     6.0886 0.0000e+00
 148.418594      7.964    16.2888  36.922697    28.6431      7.893  252.07858  252.39754    87.4821     6.1007 0.0000e+00
 148.418597      7.999    16.2892  36.922574    28.6431      7.928  252.07767  252.39668    87.7622     6.1048 0.0000e+00
