seaocn-cb/data/ctd_cnv/SBE19plus_01907321_2024_05_28_Cast93.cnv
* Sea-Bird SBE19plus  Data File:
* FileName = E:\Prandtl_Daten\2024\28052024\raw\SBE19plus_01907321_2024_05_28_Cast93.hex
* Software version 2.6.1.12
* Temperature SN = 7321
* Conductivity SN = 7321
* System UpLoad Time = May 28 2024 12:01:24
* <ApplicationData>
* <Seaterm232>
** 20240527
** Sea Practical 2024
** MCat 27.05 CTD_SP7
** NMEA Latitude = 54 8.36N
** NMEA Longitude = 008 20.85E
** waterdepth = 14.0m
** Isabelle
# nquan = 11
# nvalues = 492                         
# units = specified
# name 0 = timeJ: Julian Days
# name 1 = prdM: Pressure, Strain Gauge [db]
# name 2 = tv290C: Temperature [ITS-90, deg C]
# name 3 = c0mS/cm: Conductivity [mS/cm]
# name 4 = sal00: Salinity, Practical [PSU]
# name 5 = depSM: Depth [salt water, m], lat = 54.00
# name 6 = oxsatMm/Kg: Oxygen Saturation, Weiss [umol/kg]
# name 7 = oxsolMm/Kg: Oxygen Saturation, Garcia & Gordon [umol/kg]
# name 8 = turbWETntu0: Turbidity, WET Labs ECO [NTU]
# name 9 = flECO-AFL: Fluorescence, WET Labs ECO-AFL/FL [mg/m^3]
# name 10 = flag:  0.000e+00
# span 0 = 149.497471, 149.498892       
# span 1 =      0.604,     13.278       
# span 2 =    15.0169,    16.7800       
# span 3 =  37.166234,  37.867699       
# span 4 =    28.5925,    30.4204       
# span 5 =      0.599,     13.159       
# span 6 =  249.74419,  255.42519       
# span 7 =  250.08513,  255.66939       
# span 8 =    -4.3311,    10.0502       
# span 9 =     1.7781,     7.8415       
# span 10 = 0.0000e+00, 0.0000e+00      
# interval = seconds: 0.25
# start_time = May 28 2024 11:54:51 [Instrument's time stamp, header]
# bad_flag = -9.990e-29
*END*
[from data line 394]
 149.498611     11.336    15.0312  37.847603    30.3924     11.234  255.39467  255.63978     2.0969     5.3405 0.0000e+00
 149.498614     11.393    15.0308  37.846615    30.3925     11.290  255.39706  255.64215     2.1047     5.3183 0.0000e+00
 149.498617     11.429    15.0303  37.849705    30.3924     11.327  255.39945  255.64451     2.0969     5.2961 -9.990e-29
 149.498620     11.449    15.0295  37.848778    30.3950     11.347  255.39928  255.64429     1.8634     5.3567 -9.990e-29
 149.498623     11.451    15.0289  37.850632    30.3971     11.348  255.39870  255.64365     2.6572     5.7409 -9.990e-29
 149.498626     11.442    15.0283  37.848593    30.3957     11.339  255.40393  255.64886     2.6572     5.7085 -9.990e-29
 149.498628     11.429    15.0288  37.851930    30.3983     11.327  255.39694  255.64188     2.4548     5.7611 -9.990e-29
 149.498631     11.422    15.0295  37.854155    30.3998     11.319  255.39083  255.63580     2.5949     5.7085 -9.990e-29
 149.498634     11.425    15.0289  37.854402    30.4004     11.323  255.39248  255.63741     2.4548     5.7651 -9.990e-29
 149.498637     11.444    15.0265  37.855947    30.4054     11.341  255.39638  255.64114     2.3615     5.9875 -9.990e-29
 149.498640     11.477    15.0262  37.857864    30.4060     11.374  255.39697  255.64171     2.2759     5.9633 0.0000e+00
 149.498643     11.520    15.0259  37.858606    30.4065     11.417  255.39756  255.64228     2.1903     5.9835 0.0000e+00
 149.498646     11.566    15.0247  37.858791    30.4075     11.462  255.40166  255.64631     2.1280     5.9390 0.0000e+00
 149.498649     11.619    15.0236  37.857741    30.4076     11.515  255.40769  255.65228     2.1280     5.8662 0.0000e+00
 149.498652     11.668    15.0229  37.859286    30.4094     11.564  255.40791  255.65245     1.8945     5.8662 0.0000e+00
 149.498655     11.710    15.0224  37.859040    30.4097     11.605  255.41001  255.65452     2.0347     5.8662 0.0000e+00
 149.498657     11.741    15.0219  37.859967    30.4100     11.636  255.41210  255.65658     1.8790     5.8662 -9.990e-29
 149.498660     11.759    15.0212  37.857618    30.4092     11.654  255.41697  255.66143     2.9529     6.5900 -9.990e-29
 149.498663     11.769    15.0212  37.858360    30.4099     11.663  255.41581  255.66026     2.7817     6.5779 -9.990e-29
 149.498666     11.778    15.0212  37.859720    30.4111     11.672  255.41369  255.65813     2.7194     6.5617 -9.990e-29
 149.498669     11.780    15.0214  37.858854    30.4101     11.674  255.41417  255.65863     2.8906     6.5294 -9.990e-29
 149.498672     11.787    15.0219  37.860152    30.4109     11.681  255.41040  255.65488     3.1085     6.8973 -9.990e-29
 149.498675     11.800    15.0234  37.861141    30.4097     11.694  255.40462  255.64919     3.1397     6.9176 -9.990e-29
 149.498678     11.827    15.0238  37.860152    30.4098     11.721  255.40240  255.64699     3.0152     6.9378 0.0000e+00
 149.498681     11.860    15.0242  37.861141    30.4097     11.754  255.40322  255.64784     2.8906     6.9176 0.0000e+00
 149.498683     11.902    15.0242  37.859040    30.4100     11.795  255.40189  255.64646     2.8595     6.9014 0.0000e+00
 149.498686     11.955    15.0236  37.861389    30.4083     11.848  255.40322  255.64784     2.5794     6.4364 0.0000e+00
 149.498689     12.009    15.0226  37.857928    30.4106     11.902  255.40911  255.65354     2.5327     6.3595 0.0000e+00
 149.498692     12.062    15.0213  37.862379    30.4123     11.954  255.41142  255.65595     2.4860     6.3595 0.0000e+00
 149.498695     12.106    15.0209  37.860648    30.4127     11.998  255.41208  255.65649     2.5094     6.4181 0.0000e+00
 149.498698     12.141    15.0205  37.862132    30.4123     12.032  255.41505  255.65944     2.4860     6.4768 -9.990e-29
 149.498701     12.165    15.0197  37.862317    30.4144     12.056  255.41537  255.65971     3.7622     6.2746 -9.990e-29
 149.498704     12.177    15.0201  37.864852    30.4164     12.068  255.40995  255.65429     3.8089     6.2989 -9.990e-29
 149.498707     12.181    15.0201  37.862812    30.4145     12.072  255.41315  255.65751     3.6533     6.3393 -9.990e-29
 149.498709     12.185    15.0197  37.862503    30.4146     12.075  255.41509  255.65943     4.8829     6.9054 -9.990e-29
 149.498712     12.183    15.0189  37.863245    30.4158     12.074  255.41683  255.66111     4.7895     6.8973 -9.990e-29
 149.498715     12.192    15.0185  37.864172    30.4170     12.083  255.41683  255.66109     4.7584     6.9095 -9.990e-29
 149.498718     12.206    15.0189  37.863245    30.4160     12.097  255.41647  255.66076     4.9762     7.1602 -9.990e-29
 149.498721     12.236    15.0190  37.863492    30.4157     12.126  255.41687  255.66116     5.0229     7.1763 0.0000e+00
 149.498724     12.270    15.0190  37.862812    30.4155     12.160  255.41647  255.66076     5.0229     7.1642 0.0000e+00
 149.498727     12.316    15.0192  37.863245    30.4154     12.206  255.41665  255.66097     5.0696     7.1925 0.0000e+00
 149.498730     12.356    15.0192  37.862318    30.4146     12.245  255.41665  255.66097     5.0229     7.1642 0.0000e+00
 149.498733     12.405    15.0189  37.859722    30.4146     12.294  255.41689  255.66113     4.9607     7.1561 0.0000e+00
 149.498736     12.442    15.0184  37.864606    30.4174     12.330  255.41689  255.66113     4.5093     6.4849 0.0000e+00
 149.498738     12.478    15.0184  37.865038    30.4174     12.367  255.41689  255.66113     4.5093     6.4849 0.0000e+00
 149.498741     12.504    15.0184  37.862813    30.4168     12.392  255.41813  255.66238     4.5171     6.4970 0.0000e+00
 149.498744     12.529    15.0185  37.865533    30.4157     12.417  255.41945  255.66371     4.5716     6.5334 -9.990e-29
 149.498747     12.548    15.0185  37.863493    30.4162     12.435  255.41812  255.66238     5.3498     6.2625 -9.990e-29
 149.498750     12.570    15.0184  37.863246    30.4161     12.457  255.41910  255.66335     5.2875     6.2746 -9.990e-29
 149.498753     12.582    15.0187  37.863246    30.4159     12.470  255.41794  255.66222     5.2097     6.2948 -9.990e-29
 149.498756     12.601    15.0187  37.863493    30.4161     12.488  255.41757  255.66184     5.4276     6.2665 -9.990e-29
 149.498759     12.621    15.0183  37.863061    30.4160     12.508  255.41971  255.66396     5.9101     6.5577 -9.990e-29
 149.498762     12.637    15.0175  37.861948    30.4161     12.524  255.42351  255.66773     6.1903     6.5819 -9.990e-29
 149.498764     12.666    15.0174  37.862505    30.4168     12.553  255.42284  255.66705     6.1592     6.6143 0.0000e+00
 149.498767     12.696    15.0175  37.863927    30.4169     12.582  255.42217  255.66636     6.1903     6.6466 0.0000e+00
 149.498770     12.739    15.0175  37.863494    30.4175     12.625  255.42201  255.66621     6.6416     6.9580 0.0000e+00
 149.498773     12.780    15.0180  37.865967    30.4188     12.665  255.41641  255.66063     6.6416     6.9903 0.0000e+00
 149.498776     12.818    15.0183  37.866709    30.4188     12.703  255.41468  255.65891     6.5871     7.0106 0.0000e+00
 149.498779     12.849    15.0186  37.867698    30.4189     12.734  255.41295  255.65719     6.5171     7.0631 -9.990e-29
 149.498782     12.873    15.0197  37.865967    30.4174     12.757  255.41008  255.65440     6.5327     6.9539 -9.990e-29
 149.498785     12.895    15.0200  37.864422    30.4158     12.779  255.41136  255.65570     6.9529     6.4121 -9.990e-29
 149.498788     12.909    15.0198  37.866585    30.4179     12.793  255.40885  255.65316     6.9218     6.4808 -9.990e-29
 149.498791     12.920    15.0196  37.866956    30.4183     12.804  255.40885  255.65315     7.0619     6.4970 -9.990e-29
 149.498793     12.938    15.0197  37.866153    30.4176     12.822  255.40983  255.65415     7.1241     6.5334 -9.990e-29
 149.498796     12.962    15.0182  37.863495    30.4164     12.846  255.41984  255.66408     9.2253     7.8274 -9.990e-29
 149.498799     12.991    15.0177  37.863495    30.4177     12.875  255.41970  255.66391     9.1942     7.8415 0.0000e+00
 149.498802     13.024    15.0175  37.865720    30.4190     12.907  255.41956  255.66374     9.2253     7.8274 0.0000e+00
 149.498805     13.071    15.0175  37.866462    30.4190     12.954  255.41785  255.66203     9.1630     7.8072 0.0000e+00
 149.498808     13.117    15.0177  37.865968    30.4188     13.000  255.41785  255.66203     7.3264     6.4121 0.0000e+00
 149.498811     13.159    15.0177  37.864176    30.4188     13.041  255.41870  255.66288     7.2798     6.3959 0.0000e+00
 149.498814     13.193    15.0176  37.866154    30.4183     13.075  255.41966  255.66386     7.3031     6.3918 0.0000e+00
 149.498817     13.223    15.0174  37.866154    30.4193     13.104  255.41870  255.66288     7.2798     6.3959 -9.990e-29
 149.498819     13.233    15.0179  37.866277    30.4190     13.115  255.41679  255.66099     8.7117     7.1521 -9.990e-29
 149.498822     13.223    15.0177  37.864856    30.4179     13.104  255.41959  255.66380     8.9607     7.1036 -9.990e-29
 149.498825     13.202    15.0175  37.867452    30.4204     13.084  255.41638  255.66055     8.8206     7.1197 -9.990e-29
 149.498828     13.184    15.0178  37.864176    30.4172     13.066  255.42035  255.66456     8.6183     7.1197 -9.990e-29
 149.498831     13.170    15.0177  37.865288    30.4183     13.052  255.41888  255.66308     8.9607     7.1197 -9.990e-29
 149.498834     13.157    15.0178  37.864608    30.4176     13.039  255.41965  255.66386     8.8362     6.0482 -9.990e-29
 149.498837     13.159    15.0172  37.863248    30.4169     13.041  255.42411  255.66829     8.7117     5.9592 -9.990e-29
 149.498840     13.161    15.0169  37.863681    30.4174     13.043  255.42430  255.66847     8.8673     6.0118 -9.990e-29
 149.498843     13.186    15.0172  37.862383    30.4160     13.068  255.42519  255.66939     8.8984     5.9916 -9.990e-29
 149.498845     13.212    15.0175  37.866463    30.4194     13.093  255.41764  255.66183     8.2914     6.5779 -9.990e-29
 149.498848     13.234    15.0178  37.865288    30.4182     13.115  255.41863  255.66284     8.2759     6.5091 -9.990e-29
 149.498851     13.252    15.0179  37.863249    30.4162     13.133  255.42126  255.66549     8.3537     6.5091 -9.990e-29
 149.498854     13.257    15.0179  37.864176    30.4171     13.139  255.41981  255.66403     8.2914     6.5536 -9.990e-29
 149.498857     13.256    15.0177  37.864361    30.4174     13.137  255.42039  255.66460     8.3848     6.4485 -9.990e-29
 149.498860     13.245    15.0176  37.864856    30.4179     13.126  255.41990  255.66410     8.3070     6.5294 -9.990e-29
 149.498863     13.221    15.0175  37.865474    30.4185     13.103  255.41920  255.66339     8.3070     6.4687 -9.990e-29
 149.498866     13.201    15.0178  37.867699    30.4203     13.083  255.41483  255.65902     8.1980     6.4849 -9.990e-29
 149.498869     13.176    15.0183  37.863681    30.4163     13.058  255.41908  255.66333     8.3537     5.9916 -9.990e-29
 149.498872     13.163    15.0186  37.864361    30.4167     13.045  255.41685  255.66111     8.2292     6.0118 -9.990e-29
 149.498874     13.163    15.0180  37.864855    30.4176     13.045  255.41839  255.66262     8.2914     6.0522 -9.990e-29
 149.498877     13.179    15.0173  37.862816    30.4163     13.061  255.42422  255.66842     8.3226     6.0522 -9.990e-29
 149.498880     13.199    15.0172  37.865536    30.4189     13.081  255.42054  255.66471     8.2603     5.9875 -9.990e-29
 149.498883     13.225    15.0173  37.864361    30.4177     13.106  255.42182  255.66601     9.8634     6.8569 -9.990e-29
 149.498886     13.249    15.0175  37.864856    30.4180     13.130  255.42019  255.66439    10.0502     6.8286 -9.990e-29
 149.498889     13.267    15.0175  37.864609    30.4178     13.148  255.42088  255.66507     9.9879     6.7639 -9.990e-29
 149.498892     13.278    15.0174  37.863249    30.4166     13.159  255.42331  255.66751    10.0035     6.7356 -9.990e-29
