seaocn-cb/data/ctd_cnv/SBE19plus_01907321_2024_05_25_Cast52.cnv
* Sea-Bird SBE19plus  Data File:
* FileName = E:\Prandtl_Daten\2024\25052024\raw\SBE19plus_01907321_2024_05_25_Cast52.hex
* Software version 2.6.1.12
* Temperature SN = 7321
* Conductivity SN = 7321
* System UpLoad Time = May 25 2024 08:31:18
* <ApplicationData>
* <Seaterm232>
** 20240525
** Sea Practical 2024
** MCat 25.05 CTD_SP7
** NMEA Latitude = 054 8.23N
** NMEA Longitude = 008 20.51E
** waterdepth = 11.3m
** Till
# nquan = 11
# nvalues = 353                         
# units = specified
# name 0 = timeJ: Julian Days
# name 1 = prdM: Pressure, Strain Gauge [db]
# name 2 = tv290C: Temperature [ITS-90, deg C]
# name 3 = c0mS/cm: Conductivity [mS/cm]
# name 4 = sal00: Salinity, Practical [PSU]
# name 5 = depSM: Depth [salt water, m], lat = 54.00
# name 6 = oxsatMm/Kg: Oxygen Saturation, Weiss [umol/kg]
# name 7 = oxsolMm/Kg: Oxygen Saturation, Garcia & Gordon [umol/kg]
# name 8 = turbWETntu0: Turbidity, WET Labs ECO [NTU]
# name 9 = flECO-AFL: Fluorescence, WET Labs ECO-AFL/FL [mg/m^3]
# name 10 = flag:  0.000e+00
# span 0 = 146.351687, 146.352705       
# span 1 =      0.869,     10.440       
# span 2 =    14.1008,    15.7338       
# span 3 =  36.505183,  37.272086       
# span 4 =    28.6857,    30.5994       
# span 5 =      0.862,     10.347       
# span 6 =  254.79405,  259.89044       
# span 7 =  255.08705,  260.08350       
# span 8 =    -3.9732,    10.5482       
# span 9 =     3.8039,     8.7736       
# span 10 = 0.0000e+00, 0.0000e+00      
# interval = seconds: 0.25
# start_time = May 25 2024 08:24:58 [Instrument's time stamp, header]
# bad_flag = -9.990e-29
*END*
 146.351687      0.869    15.7335  36.506887    28.6859      0.862  254.79603  255.08903    -3.4595     4.0061 -9.990e-29
 146.351690      0.870    15.7337  36.506095    28.6863      0.862  254.79405  255.08705    -3.6308     3.9414 -9.990e-29
 146.351693      0.920    15.7338  36.507618    28.6857      0.912  254.79494  255.08794    -3.5607     3.9090 0.0000e+00
 146.351696      0.995    15.7337  36.506278    28.6863      0.987  254.79432  255.08730    -3.4907     3.9091 0.0000e+00
 146.351698      1.077    15.7334  36.508289    28.6871      1.068  254.79502  255.08796    -3.4907     3.9091 0.0000e+00
 146.351701      1.160    15.7328  36.509446    28.6879      1.149  254.79502  255.08796    -3.4751     3.9374 0.0000e+00
 146.351704      1.214    15.7326  36.508533    28.6882      1.203  254.79633  255.08927    -3.4985     4.0223 0.0000e+00
 146.351707      1.247    15.7324  36.505183    28.6879      1.236  254.79764  255.09057    -3.4129     4.1072 -9.990e-29
 146.351710      1.247    15.7318  36.505853    28.6860      1.236  254.80414  255.09706    -3.7241     4.0910 -9.990e-29
 146.351713      1.240    15.7320  36.509690    28.6893      1.229  254.79770  255.09060    -3.6619     4.1194 -9.990e-29
 146.351716      1.245    15.7320  36.509629    28.6892      1.234  254.79750  255.09040    -3.4751     4.1477 -9.990e-29
 146.351719      1.260    15.7320  36.507619    28.6888      1.249  254.79818  255.09108    -3.4751     4.1962 -9.990e-29
 146.351722      1.300    15.7319  36.509203    28.6889      1.288  254.79831  255.09120    -3.4907     4.1881 0.0000e+00
 146.351725      1.342    15.7319  36.509447    28.6888      1.330  254.79843  255.09132    -3.5062     4.1962 0.0000e+00
 146.351727      1.382    15.7319  36.506950    28.6881      1.370  254.80049  255.09339    -3.5529     4.3114 0.0000e+00
 146.351730      1.413    15.7318  36.509386    28.6870      1.400  254.80255  255.09546    -3.5996     4.4428 -9.990e-29
 146.351733      1.435    15.7322  36.506706    28.6864      1.422  254.80145  255.09438    -3.5529     4.4752 -9.990e-29
 146.351736      1.444    15.7325  36.507315    28.6867      1.431  254.79932  255.09227    -3.4129     4.4550 -9.990e-29
 146.351739      1.453    15.7286  36.507864    28.6930      1.440  254.80846  255.10117    -3.5529     3.8242 -9.990e-29
 146.351742      1.481    15.7275  36.511214    28.6930      1.467  254.81422  255.10688    -3.5374     3.8444 0.0000e+00
 146.351745      1.522    15.7263  36.509387    28.6930      1.509  254.81998  255.11259    -3.5529     3.8646 0.0000e+00
 146.351748      1.592    15.7263  36.507743    28.6918      1.577  254.82343  255.11603    -3.5218     3.8646 0.0000e+00
 146.351751      1.661    15.7264  36.505185    28.6904      1.646  254.82389  255.11652    -3.5529     3.8686 0.0000e+00
 146.351753      1.710    15.7268  36.509631    28.6889      1.695  254.82435  255.11701    -3.5062     3.8727 -9.990e-29
 146.351756      1.732    15.7280  36.510972    28.6931      1.717  254.81108  255.10376    -3.6774     3.8039 -9.990e-29
 146.351759      1.736    15.7285  36.509692    28.6916      1.720  254.81122  255.10394    -3.6308     3.8161 -9.990e-29
 146.351762      1.728    15.7283  36.507195    28.6896      1.713  254.81562  255.10834    -3.4440     3.8161 -9.990e-29
 146.351765      1.703    15.7270  36.507622    28.6909      1.688  254.82007  255.11272    -3.6152     3.9980 -9.990e-29
 146.351768      1.679    15.7265  36.509632    28.6930      1.664  254.81880  255.11141    -3.5374     3.9333 -9.990e-29
 146.351771      1.677    15.7260  36.509266    28.6932      1.662  254.82100  255.11359    -3.6774     4.0223 -9.990e-29
 146.351774      1.716    15.7257  36.509388    28.6931      1.700  254.82317  255.11575    -3.5841     4.0244 0.0000e+00
 146.351777      1.787    15.7254  36.508536    28.6932      1.771  254.82275  255.11530    -3.5529     4.0223 0.0000e+00
 146.351780      1.871    15.7254  36.509876    28.6931      1.854  254.82436  255.11692    -3.5218     3.9900 0.0000e+00
 146.351782      1.935    15.7254  36.508841    28.6936      1.918  254.82356  255.11611    -3.5374     3.9839 0.0000e+00
 146.351785      1.975    15.7254  36.506283    28.6931      1.958  254.82436  255.11692    -3.5218     3.9900 -9.990e-29
 146.351788      1.986    15.7260  36.506709    28.6908      1.968  254.82553  255.11813    -3.3817     4.3175 -9.990e-29
 146.351791      1.975    15.7263  36.506100    28.6900      1.957  254.82525  255.11787    -3.2883     4.3094 -9.990e-29
 146.351794      1.940    15.7260  36.509267    28.6930      1.923  254.82161  255.11420    -3.2883     4.3054 -9.990e-29
 146.351797      1.904    15.7251  36.509389    28.6938      1.887  254.82472  255.11725    -3.3817     4.3337 -9.990e-29
 146.351800      1.878    15.7246  36.510546    28.6951      1.862  254.82474  255.11725    -3.3350     4.3256 -9.990e-29
 146.351803      1.911    15.7216  36.510059    28.6958      1.894  254.83913  255.13149    -3.2105     4.0708 -9.990e-29
 146.351806      1.984    15.7209  36.508841    28.6960      1.966  254.84232  255.13465    -3.2260     4.0607 0.0000e+00
 146.351808      2.083    15.7202  36.508050    28.6961      2.064  254.84551  255.13780    -3.2416     4.0708 0.0000e+00
 146.351811      2.176    15.7195  36.510731    28.6973      2.156  254.84659  255.13880    -3.3506     4.0627 0.0000e+00
 146.351814      2.251    15.7195  36.508964    28.6973      2.230  254.84659  255.13880    -3.4595     4.0627 0.0000e+00
 146.351817      2.309    15.7205  36.507624    28.6961      2.288  254.84435  255.13665    -3.5140     4.0465 0.0000e+00
 146.351820      2.345    15.7214  36.508599    28.6948      2.324  254.84177  255.13413    -3.5685     4.0304 -9.990e-29
 146.351823      2.354    15.7247  36.508294    28.6930      2.333  254.82814  255.12067    -3.7086     4.0304 -9.990e-29
 146.351826      2.353    15.7253  36.506101    28.6906      2.332  254.82907  255.12165    -3.3817     4.7866 -9.990e-29
 146.351829      2.341    15.7248  36.511218    28.6955      2.321  254.82339  255.11590    -3.5374     4.7744 -9.990e-29
 146.351832      2.336    15.7235  36.510304    28.6956      2.315  254.82959  255.12204    -3.1794     4.8189 -9.990e-29
 146.351834      2.351    15.7204  36.507381    28.6982      2.330  254.84070  255.13299    -3.2261     4.6086 -9.990e-29
 146.351837      2.385    15.7183  36.510731    28.6998      2.364  254.84865  255.14082    -3.0627     4.6086 0.0000e+00
 146.351840      2.427    15.7162  36.510975    28.7014      2.406  254.85659  255.14865    -3.0393     4.6086 0.0000e+00
 146.351843      2.468    15.7139  36.510306    28.7028      2.445  254.86599  255.15793    -2.9692     4.6430 0.0000e+00
 146.351846      2.495    15.7115  36.511890    28.7042      2.472  254.87538  255.16720    -3.0393     4.6774 -9.990e-29
 146.351849      2.513    15.7059  36.512073    28.7099      2.491  254.89437  255.18588    -3.1171     4.6289 -9.990e-29
 146.351852      2.526    15.7054  36.512743    28.7108      2.503  254.89516  255.18664    -3.3195     4.2851 -9.990e-29
 146.351855      2.528    15.7033  36.512013    28.7117      2.505  254.90440  255.19577    -3.3350     4.3256 -9.990e-29
 146.351858      2.533    15.7013  36.512074    28.7132      2.511  254.91182  255.20309    -3.4129     4.3054 -9.990e-29
 146.351861      2.537    15.7000  36.512318    28.7143      2.514  254.91627  255.20747    -3.4284     4.2973 -9.990e-29
 146.351863      2.551    15.6990  36.511648    28.7145      2.529  254.92120  255.21235    -3.7708     5.2758 -9.990e-29
 146.351866      2.573    15.6959  36.512014    28.7176      2.550  254.93130  255.22228    -3.8175     5.3324 -9.990e-29
 146.351869      2.614    15.6946  36.512745    28.7189      2.590  254.93591  255.22682    -3.6852     5.3041 0.0000e+00
 146.351872      2.657    15.6933  36.513415    28.7201      2.634  254.94052  255.23136    -3.5529     5.2758 0.0000e+00
 146.351875      2.718    15.6862  36.516097    28.7276      2.693  254.96323  255.25368    -3.0860     4.4590 0.0000e+00
 146.351878      2.778    15.6772  36.519022    28.7367      2.753  254.99338  255.28333    -3.0860     4.4550 0.0000e+00
 146.351881      2.842    15.6677  36.526151    28.7498      2.816  255.01891  255.30831    -3.1171     4.4550 0.0000e+00
 146.351884      2.889    15.6591  36.528345    28.7577      2.863  255.04834  255.33727    -3.1638     4.4550 0.0000e+00
 146.351887      2.933    15.6553  36.521706    28.7578      2.907  255.06799  255.35674    -3.3194     4.4449 0.0000e+00
 146.351889      2.971    15.6514  36.525849    28.7577      2.945  255.08764  255.37621    -3.5218     4.4995 -9.990e-29
 146.351892      2.995    15.6428  36.525910    28.7676      2.968  255.11431  255.40239    -3.6619     4.4469 -9.990e-29
 146.351895      3.011    15.6392  36.525728    28.7700      2.985  255.12811  255.41601    -3.5218     4.5116 -9.990e-29
 146.351898      3.019    15.6359  36.525485    28.7723      2.992  255.14141  255.42912    -3.5841     4.4833 -9.990e-29
 146.351901      3.021    15.6325  36.526704    28.7758      2.994  255.15246  255.43999    -3.8487     4.6733 -9.990e-29
 146.351904      3.015    15.6293  36.529933    28.7810      2.988  255.15984  255.44718    -3.4129     4.5884 -9.990e-29
 146.351907      3.009    15.6261  36.529690    28.7831      2.982  255.17222  255.45939    -3.5374     4.6289 -9.990e-29
 146.351910      3.011    15.6236  36.531700    28.7867      2.984  255.17876  255.46578    -3.7553     4.6369 -9.990e-29
 146.351913      3.017    15.6216  36.532432    28.7888      2.990  255.18545  255.47236    -3.1327     5.1626 -9.990e-29
 146.351916      3.037    15.6198  36.535966    28.7932      3.010  255.18696  255.47376    -2.9304     5.2030 -9.990e-29
 146.351918      3.062    15.6145  36.536880    28.7949      3.035  255.21085  255.49738    -3.0549     5.1909 -9.990e-29
 146.351921      3.104    15.6128  36.533529    28.7998      3.076  255.21098  255.49739    -3.0549     4.9604 0.0000e+00
 146.351924      3.159    15.6111  36.541816    28.8046      3.131  255.21111  255.49741    -3.0549     4.7542 0.0000e+00
 146.351927      3.221    15.6042  36.547789    28.8148      3.192  255.22843  255.51432    -3.0393     4.7340 0.0000e+00
 146.351930      3.277    15.5950  36.550471    28.8239      3.248  255.25947  255.54485    -3.0082     4.7502 0.0000e+00
 146.351933      3.327    15.5875  36.548461    28.8275      3.297  255.29108  255.57608    -3.0393     4.7340 0.0000e+00
 146.351936      3.363    15.5855  36.548218    28.8289      3.333  255.29908  255.58397    -3.1794     4.7199 0.0000e+00
 146.351939      3.389    15.5835  36.549559    28.8303      3.358  255.30708  255.59186    -3.3506     4.6895 -9.990e-29
 146.351942      3.394    15.5784  36.545538    28.8316      3.364  255.33040  255.61493    -3.4751     4.6774 -9.990e-29
 146.351944      3.390    15.5775  36.546452    28.8331      3.360  255.33260  255.61707    -3.3817     4.6531 -9.990e-29
 146.351947      3.390    15.5771  36.544380    28.8316      3.360  255.33727  255.62174    -3.2105     4.7057 -9.990e-29
 146.351950      3.405    15.5773  36.542004    28.8340      3.374  255.33183  255.61629    -2.7747     5.2961 -9.990e-29
 146.351953      3.445    15.5761  36.547366    28.8378      3.414  255.33136  255.61574    -2.7436     5.2981 0.0000e+00
 146.351956      3.500    15.5749  36.554070    28.8416      3.469  255.33183  255.61629    -2.7125     5.3001 0.0000e+00
 146.351959      3.564    15.5701  36.555655    28.8465      3.532  255.34680  255.63082    -2.7125     5.3001 0.0000e+00
 146.351962      3.618    15.5677  36.555595    28.8482      3.586  255.35601  255.63990    -3.0627     4.9948 0.0000e+00
 146.351965      3.655    15.5653  36.556083    28.8499      3.622  255.36522  255.64898    -3.5996     4.6572 -9.990e-29
 146.351968      3.677    15.5555  36.563884    28.8643      3.644  255.39003  255.67322    -3.3662     4.7097 -9.990e-29
 146.351970      3.690    15.5509  36.561447    28.8656      3.657  255.41147  255.69442    -3.5685     4.6895 -9.990e-29
 146.351973      3.693    15.5471  36.564556    28.8711      3.660  255.42139  255.70412    -3.4751     4.6289 -9.990e-29
 146.351976      3.690    15.5451  36.565227    28.8731      3.657  255.42786  255.71047    -3.3817     4.6127 -9.990e-29
 146.351979      3.679    15.5424  36.564983    28.8748      3.646  255.43842  255.72089    -3.7397     4.6491 -9.990e-29
 146.351982      3.668    15.5404  36.570164    28.8809      3.635  255.43826  255.72059    -3.3817     4.6005 -9.990e-29
 146.351985      3.679    15.5377  36.569006    28.8830      3.646  255.44849  255.73067    -3.2728     4.7946 -9.990e-29
 146.351988      3.710    15.5367  36.570347    28.8849      3.677  255.45040  255.73251    -3.2495     4.7744 0.0000e+00
 146.351991      3.768    15.5356  36.572969    28.8868      3.735  255.45230  255.73435    -3.2572     4.7785 0.0000e+00
 146.351994      3.832    15.5322  36.574615    28.8881      3.798  255.46269  255.74456    -3.2572     4.7785 0.0000e+00
 146.351997      3.885    15.5295  36.569435    28.8903      3.850  255.48117  255.76292    -3.2883     4.7946 0.0000e+00
 146.351999      3.922    15.5283  36.570593    28.8902      3.887  255.48355  255.76523    -3.4440     4.9321 0.0000e+00
 146.352002      3.953    15.5281  36.570837    28.8903      3.917  255.48448  255.76614    -3.3662     4.9443 0.0000e+00
 146.352005      3.980    15.5283  36.570349    28.8902      3.944  255.48355  255.76523    -3.4440     4.9564 -9.990e-29
 146.352008      4.000    15.5277  36.576810    28.8959      3.964  255.47680  255.75841    -3.6774     4.9726 -9.990e-29
 146.352011      4.018    15.5256  36.576140    28.8969      3.983  255.48593  255.76743    -3.5529     4.6976 -9.990e-29
 146.352014      4.040    15.5232  36.575714    28.8983      4.004  255.49589  255.77726    -3.4129     4.6895 -9.990e-29
 146.352017      4.062    15.5204  36.577969    28.9002      4.026  255.50641  255.78763    -3.3973     4.6976 -9.990e-29
 146.352020      4.095    15.5198  36.575714    28.9019      4.059  255.50676  255.78794    -3.4362     4.8472 0.0000e+00
 146.352023      4.141    15.5192  36.578397    28.9035      4.104  255.50711  255.78824    -3.4751     4.9685 0.0000e+00
 146.352025      4.193    15.5161  36.582116    28.9090      4.156  255.51311  255.79406    -3.6308     4.9847 0.0000e+00
 146.352028      4.239    15.5147  36.586688    28.9119      4.201  255.51470  255.79557    -3.6697     4.9766 0.0000e+00
 146.352031      4.274    15.5134  36.587542    28.9149      4.236  255.51630  255.79707    -3.6308     4.9847 -9.990e-29
 146.352034      4.288    15.5071  36.591810    28.9241      4.250  255.53272  255.81312    -3.6463     5.0009 -9.990e-29
 146.352037      4.292    15.5040  36.592786    28.9272      4.254  255.54290  255.82313    -3.5529     4.9928 -9.990e-29
 146.352040      4.290    15.5004  36.589555    28.9270      4.252  255.56194  255.84199    -3.5529     4.9968 -9.990e-29
 146.352043      4.288    15.4975  36.592908    28.9320      4.250  255.56757  255.84744    -3.5841     4.9604 -9.990e-29
 146.352046      4.292    15.4954  36.596932    28.9372      4.254  255.56977  255.84950    -3.5062     5.0009 -9.990e-29
 146.352049      4.296    15.4933  36.598335    28.9399      4.257  255.57540  255.85501    -3.2105     5.1303 -9.990e-29
 146.352052      4.319    15.4864  36.600530    28.9490      4.281  255.59464  255.87385    -3.4440     5.0696 -9.990e-29
 146.352054      4.347    15.4844  36.602970    28.9546      4.308  255.59535  255.87442    -3.4596     5.0737 0.0000e+00
 146.352057      4.389    15.4824  36.612178    28.9601      4.349  255.59607  255.87499    -3.4440     5.0777 0.0000e+00
 146.352060      4.442    15.4778  36.611691    28.9630      4.402  255.61450  255.89318    -3.1794     5.5710 0.0000e+00
 146.352063      4.491    15.4742  36.610106    28.9642      4.451  255.63074  255.90924    -3.0704     5.5710 0.0000e+00
