seaocn-cb/data/ctd_cnv/SBE19plus_01907321_2024_05_27_Cast70.cnv
* Sea-Bird SBE19plus  Data File:
* FileName = E:\Prandtl_Daten\2024\27052024\raw\SBE19plus_01907321_2024_05_27_Cast70.hex
* Software version 2.6.1.12
* Temperature SN = 7321
* Conductivity SN = 7321
* System UpLoad Time = May 27 2024 08:58:26
* <ApplicationData>
* <Seaterm232>
** 20240527
** Sea Practical 2024
** MCat 27.05 CTD_SP5
** NMEA Latitude = 54 7.781N
** NMEA Longitude = 008 25.579E
** waterdepth = 8m
** Maja
# nquan = 11
# nvalues = 231                         
# units = specified
# name 0 = timeJ: Julian Days
# name 1 = prdM: Pressure, Strain Gauge [db]
# name 2 = tv290C: Temperature [ITS-90, deg C]
# name 3 = c0mS/cm: Conductivity [mS/cm]
# name 4 = sal00: Salinity, Practical [PSU]
# name 5 = depSM: Depth [salt water, m], lat = 54.00
# name 6 = oxsatMm/Kg: Oxygen Saturation, Weiss [umol/kg]
# name 7 = oxsolMm/Kg: Oxygen Saturation, Garcia & Gordon [umol/kg]
# name 8 = turbWETntu0: Turbidity, WET Labs ECO [NTU]
# name 9 = flECO-AFL: Fluorescence, WET Labs ECO-AFL/FL [mg/m^3]
# name 10 = flag:  0.000e+00
# span 0 = 148.356155, 148.356820       
# span 1 =      0.887,      6.987       
# span 2 =    16.4116,    16.6864       
# span 3 =  36.798815,  36.914724       
# span 4 =    28.2606,    28.5484       
# span 5 =      0.880,      6.924       
# span 6 =  250.76644,  251.63219       
# span 7 =  251.10541,  251.95729       
# span 8 =    -2.5101,     5.7078       
# span 9 =     3.3268,     6.3878       
# span 10 = 0.0000e+00, 0.0000e+00      
# interval = seconds: 0.25
# start_time = May 27 2024 08:30:06 [Instrument's time stamp, header]
# bad_flag = -9.990e-29
*END*
 148.356155      0.887    16.6774  36.803879    28.2678      0.880  250.79942  251.13802    -2.3545     3.7716 -9.990e-29
 148.356157      0.902    16.6782  36.802657    28.2679      0.894  250.79527  251.13390    -2.5101     3.8484 -9.990e-29
 148.356160      0.942    16.6786  36.804674    28.2666      0.934  250.79541  251.13407    -2.5101     3.8302 0.0000e+00
 148.356163      1.010    16.6790  36.802413    28.2666      1.001  250.79527  251.13390    -2.5101     3.8120 0.0000e+00
 148.356166      1.088    16.6795  36.804246    28.2666      1.078  250.79112  251.12982    -2.2611     3.3955 0.0000e+00
 148.356169      1.174    16.6798  36.806019    28.2666      1.163  250.79071  251.12942    -2.2455     3.3511 0.0000e+00
 148.356172      1.254    16.6798  36.803758    28.2659      1.243  250.79071  251.12942    -2.1055     3.3511 0.0000e+00
 148.356175      1.316    16.6797  36.802414    28.2654      1.304  250.79215  251.13087    -2.1755     3.3369 0.0000e+00
 148.356178      1.360    16.6796  36.802903    28.2649      1.348  250.79360  251.13232    -2.1055     3.3551 -9.990e-29
 148.356181      1.380    16.6799  36.804247    28.2662      1.368  250.78976  251.12848    -2.1522     3.6422 -9.990e-29
 148.356183      1.387    16.6803  36.803453    28.2652      1.375  250.78940  251.12815    -2.2922     3.7109 -9.990e-29
 148.356186      1.395    16.6809  36.806019    28.2670      1.382  250.78356  251.12231    -2.1522     3.7109 -9.990e-29
 148.356189      1.402    16.6812  36.805836    28.2666      1.390  250.78262  251.12139    -2.2300     3.7676 -9.990e-29
 148.356192      1.406    16.6809  36.806691    28.2676      1.393  250.78259  251.12134    -2.0432     3.7271 -9.990e-29
 148.356195      1.400    16.6809  36.804430    28.2656      1.388  250.78587  251.12463    -2.1677     3.7069 -9.990e-29
 148.356198      1.386    16.6808  36.803331    28.2648      1.373  250.78776  251.12653    -2.1833     3.7109 -9.990e-29
 148.356201      1.362    16.6810  36.804797    28.2659      1.350  250.78501  251.12378    -2.0743     3.7554 -9.990e-29
 148.356204      1.365    16.6805  36.806019    28.2675      1.353  250.78472  251.12345    -2.1988     3.5128 -9.990e-29
 148.356207      1.395    16.6807  36.806264    28.2664      1.382  250.78568  251.12443    -2.1210     3.4845 0.0000e+00
 148.356209      1.453    16.6808  36.804125    28.2654      1.440  250.78570  251.12449    -2.1988     3.4885 0.0000e+00
 148.356212      1.530    16.6812  36.803759    28.2648      1.516  250.78570  251.12449    -2.1988     3.4885 0.0000e+00
 148.356215      1.612    16.6815  36.803759    28.2646      1.597  250.78484  251.12363    -2.1988     3.7109 0.0000e+00
 148.356218      1.683    16.6819  36.803698    28.2642      1.668  250.78345  251.12227    -2.1988     3.7190 0.0000e+00
 148.356221      1.747    16.6828  36.801987    28.2630      1.731  250.78234  251.12121    -2.1522     3.7271 0.0000e+00
 148.356224      1.794    16.6832  36.803759    28.2626      1.778  250.77970  251.11859    -2.1755     3.7230 0.0000e+00
 148.356227      1.827    16.6836  36.805837    28.2630      1.811  250.77706  251.11596    -2.0121     3.7271 -9.990e-29
 148.356230      1.849    16.6844  36.804676    28.2632      1.832  250.77273  251.11166    -2.2300     3.6382 -9.990e-29
 148.356233      1.872    16.6849  36.804248    28.2633      1.856  250.77023  251.10918    -2.4323     3.6907 -9.990e-29
 148.356236      1.902    16.6850  36.805165    28.2627      1.885  250.77087  251.10983    -2.3312     3.8221 0.0000e+00
 148.356238      1.944    16.6850  36.803882    28.2628      1.926  250.77068  251.10964    -2.2300     3.9050 0.0000e+00
 148.356241      1.985    16.6850  36.804676    28.2628      1.968  250.77068  251.10964    -2.1833     3.9333 0.0000e+00
 148.356244      2.031    16.6849  36.805166    28.2631      2.013  250.77064  251.10960    -2.1444     3.9192 0.0000e+00
 148.356247      2.062    16.6848  36.800888    28.2633      2.044  250.77060  251.10955    -2.1055     3.9333 -9.990e-29
 148.356250      2.075    16.6837  36.801561    28.2610      2.056  250.77980  251.11872    -2.1210     3.8767 -9.990e-29
 148.356253      2.077    16.6827  36.800400    28.2607      2.058  250.78543  251.12430    -1.9187     3.8484 -9.990e-29
 148.356256      2.070    16.6821  36.802172    28.2626      2.051  250.78497  251.12381    -1.8409     3.7554 -9.990e-29
 148.356259      2.068    16.6815  36.801316    28.2624      2.049  250.78864  251.12745    -2.0743     3.8120 -9.990e-29
 148.356262      2.082    16.6811  36.801316    28.2626      2.064  250.78986  251.12865    -2.1055     3.8403 -9.990e-29
 148.356264      2.104    16.6806  36.804555    28.2621      2.085  250.79304  251.13182    -1.8409     3.5613 -9.990e-29
 148.356267      2.146    16.6807  36.800400    28.2632      2.127  250.79109  251.12986    -1.8954     3.5795 0.0000e+00
 148.356270      2.203    16.6807  36.802906    28.2642      2.183  250.78913  251.12789    -1.8720     3.5654 0.0000e+00
 148.356273      2.263    16.6809  36.803456    28.2645      2.243  250.78775  251.12652    -1.9498     3.5654 0.0000e+00
 148.356276      2.320    16.6816  36.804923    28.2645      2.299  250.78293  251.12172    -2.3389     3.3511 0.0000e+00
 148.356279      2.363    16.6823  36.805167    28.2649      2.342  250.78019  251.11901    -2.4012     3.3390 0.0000e+00
 148.356282      2.402    16.6830  36.805411    28.2645      2.380  250.77744  251.11631    -2.3389     3.3268 -9.990e-29
 148.356285      2.416    16.6844  36.803578    28.2621      2.395  250.77463  251.11357    -2.3856     3.3349 -9.990e-29
 148.356288      2.422    16.6848  36.802662    28.2610      2.400  250.77445  251.11341    -2.2455     4.0910 -9.990e-29
 148.356291      2.431    16.6855  36.806511    28.2639      2.409  250.76644  251.10541    -2.1522     4.0587 -9.990e-29
 148.356293      2.456    16.6864  36.802662    28.2607      2.434  250.76710  251.10614    -2.1522     4.1355 -9.990e-29
 148.356296      2.507    16.6859  36.803578    28.2606      2.485  250.76960  251.10862    -2.1055     4.1093 0.0000e+00
 148.356299      2.568    16.6855  36.802662    28.2607      2.545  250.77210  251.11110    -2.1055     4.1355 0.0000e+00
 148.356302      2.637    16.6834  36.801318    28.2608      2.613  250.78167  251.12057    -2.0743     4.4509 0.0000e+00
 148.356305      2.697    16.6809  36.802663    28.2637      2.673  250.78914  251.12792    -2.1055     4.4509 0.0000e+00
 148.356308      2.755    16.6795  36.802236    28.2645      2.731  250.79477  251.13348    -2.0899     4.4489 0.0000e+00
 148.356311      2.805    16.6780  36.801747    28.2653      2.780  250.80040  251.13904    -2.1055     4.4226 -9.990e-29
 148.356314      2.828    16.6741  36.800892    28.2669      2.803  250.81694  251.15540    -1.8876     4.3094 -9.990e-29
 148.356317      2.841    16.6733  36.798815    28.2657      2.816  250.82299  251.16143    -1.9965     4.3296 -9.990e-29
 148.356319      2.836    16.6726  36.799182    28.2665      2.810  250.82518  251.16358    -2.0121     4.3175 -9.990e-29
 148.356322      2.836    16.6723  36.801076    28.2684      2.810  250.82364  251.16201    -2.0588     4.3215 -9.990e-29
 148.356325      2.838    16.6725  36.799731    28.2671      2.812  250.82469  251.16308    -2.2922     4.4833 -9.990e-29
 148.356328      2.854    16.6720  36.800893    28.2684      2.828  250.82483  251.16319    -2.1677     4.5399 -9.990e-29
 148.356331      2.877    16.6701  36.799487    28.2685      2.852  250.83385  251.17213    -2.0588     4.4752 -9.990e-29
 148.356334      2.901    16.6660  36.799060    28.2711      2.875  250.84994  251.18802    -2.0588     4.4752 -9.990e-29
 148.356337      2.929    16.6622  36.799427    28.2740      2.902  250.86335  251.20126    -1.8097     4.4752 -9.990e-29
 148.356340      2.952    16.6564  36.801078    28.2801      2.926  250.88181  251.21942    -1.8720     4.4428 -9.990e-29
 148.356343      2.978    16.6547  36.801750    28.2814      2.951  250.88833  251.22586    -1.9343     4.4489 0.0000e+00
 148.356345      3.007    16.6529  36.801751    28.2826      2.980  250.89485  251.23229    -1.8720     4.4428 0.0000e+00
 148.356348      3.040    16.6480  36.802240    28.2864      3.013  250.91233  251.24953    -1.9965     4.4348 0.0000e+00
 148.356351      3.091    16.6428  36.800652    28.2887      3.063  250.93405  251.27102    -2.0432     4.3296 0.0000e+00
 148.356354      3.155    16.6355  36.803770    28.2964      3.127  250.95650  251.29310    -2.2611     4.2811 0.0000e+00
 148.356357      3.230    16.6272  36.806704    28.3048      3.201  250.98345  251.31963    -2.1522     4.2811 0.0000e+00
 148.356360      3.306    16.6167  36.806706    28.3122      3.276  251.02255  251.35822    -2.1522     4.3134 0.0000e+00
 148.356363      3.370    16.6116  36.806952    28.3159      3.340  251.04145  251.37688    -1.8643     4.5520 0.0000e+00
 148.356366      3.412    16.6064  36.801759    28.3196      3.381  251.06036  251.39554    -1.5763     4.7906 -9.990e-29
 148.356369      3.436    16.5964  36.804692    28.3247      3.405  251.10092  251.43564    -1.4829     4.7380 -9.990e-29
 148.356372      3.446    16.5960  36.807625    28.3276      3.416  251.09846  251.43314    -1.5452     4.7542 -9.990e-29
 148.356374      3.437    16.5947  36.808237    28.3290      3.406  251.10211  251.43672    -0.8759     5.0817 -9.990e-29
 148.356377      3.432    16.5938  36.805609    28.3274      3.401  251.10957  251.44415    -0.8759     5.0413 -9.990e-29
 148.356380      3.439    16.5921  36.809215    28.3317      3.408  251.11067  251.44514    -0.8448     5.1303 -9.990e-29
 148.356383      3.454    16.5878  36.808421    28.3356      3.423  251.12482  251.45909    -0.2533     4.4873 -9.990e-29
 148.356386      3.485    16.5867  36.810315    28.3347      3.454  251.13186  251.46609    -0.2844     4.4934 0.0000e+00
 148.356389      3.529    16.5856  36.806283    28.3356      3.497  251.13890  251.47309    -0.3156     4.4995 0.0000e+00
 148.356392      3.585    16.5838  36.810988    28.3390      3.553  251.13902  251.47309    -0.4401     4.4995 0.0000e+00
 148.356395      3.645    16.5806  36.815511    28.3451      3.613  251.14425  251.47814    -0.4401     4.4712 0.0000e+00
 148.356398      3.707    16.5748  36.815512    28.3492      3.674  251.16576  251.49937    -0.3311     4.4712 0.0000e+00
 148.356400      3.758    16.5707  36.826943    28.3570      3.725  251.17300  251.50637    -0.3234     4.4793 0.0000e+00
 148.356403      3.789    16.5665  36.827922    28.3648      3.755  251.18024  251.51338    -0.3311     4.4873 -9.990e-29
 148.356406      3.806    16.5474  36.837153    28.3870      3.772  251.23639  251.56855    -0.4712     4.5237 -9.990e-29
 148.356409      3.808    16.5400  36.834036    28.3896      3.773  251.26845  251.60028    -0.4245     4.5480 -9.990e-29
 148.356412      3.811    16.5357  36.837338    28.3955      3.777  251.27994  251.61154    -1.0471     4.5399 -9.990e-29
 148.356415      3.817    16.5323  36.839845    28.4000      3.783  251.28867  251.62009    -0.8603     4.4550 -9.990e-29
 148.356418      3.828    16.5291  36.837033    28.3999      3.793  251.30488  251.63615    -0.8136     4.5237 -9.990e-29
 148.356421      3.846    16.5282  36.835077    28.3998      3.811  251.30939  251.64063    -1.2027     4.8108 -9.990e-29
 148.356424      3.879    16.5277  36.836239    28.4026      3.844  251.30701  251.63821    -1.1871     4.8027 0.0000e+00
 148.356427      3.921    16.5272  36.841985    28.4054      3.886  251.30939  251.64063    -1.1716     4.8108 0.0000e+00
 148.356429      3.972    16.5235  36.839357    28.4058      3.936  251.32241  251.65340    -1.1716     4.8149 0.0000e+00
 148.356432      4.028    16.5184  36.839847    28.4074      3.992  251.34076  251.67149    -1.2806     4.8149 0.0000e+00
 148.356435      4.092    16.5177  36.835507    28.4098      4.055  251.34256  251.67326    -1.4051     4.6693 0.0000e+00
 148.356438      4.149    16.5165  36.840520    28.4109      4.112  251.34287  251.67350    -1.4362     4.5965 0.0000e+00
 148.356441      4.200    16.5165  36.843210    28.4140      4.162  251.34287  251.67350    -1.4362     4.6693 0.0000e+00
 148.356444      4.240    16.5144  36.847490    28.4173      4.202  251.34760  251.67811    -1.4207     4.6430 0.0000e+00
 148.356447      4.269    16.5123  36.844984    28.4206      4.231  251.35233  251.68273    -1.3273     4.6895 -9.990e-29
 148.356450      4.291    16.5074  36.844373    28.4214      4.253  251.37536  251.70553    -0.1599     4.5318 -9.990e-29
 148.356453      4.315    16.5081  36.845473    28.4219      4.276  251.37104  251.70124    -0.1288     4.5318 -9.990e-29
 148.356455      4.326    16.5090  36.845229    28.4210      4.287  251.36808  251.69833    -0.0666     4.4792 -9.990e-29
 148.356458      4.342    16.5090  36.843211    28.4193      4.303  251.37104  251.70131    -0.1288     4.5561 -9.990e-29
 148.356461      4.360    16.5088  36.844129    28.4212      4.321  251.36902  251.69926    -1.2183     5.3324 -9.990e-29
 148.356464      4.388    16.5085  36.845229    28.4207      4.348  251.37153  251.70177    -1.1794     5.3142 0.0000e+00
 148.356467      4.424    16.5081  36.843456    28.4212      4.385  251.37405  251.70427    -1.2183     5.2961 0.0000e+00
 148.356470      4.466    16.5058  36.844129    28.4223      4.426  251.38063  251.71062    -1.1405     5.2880 0.0000e+00
 148.356473      4.504    16.5040  36.849510    28.4282      4.464  251.38155  251.71165    -1.0938     4.6814 0.0000e+00
 148.356476      4.543    16.5033  36.848409    28.4282      4.502  251.38417  251.71412    -1.0393     4.6733 0.0000e+00
 148.356479      4.575    16.5025  36.846820    28.4283      4.535  251.38770  251.71762    -0.9848     4.6652 -9.990e-29
 148.356481      4.599    16.5028  36.845230    28.4253      4.558  251.39149  251.72143    -1.0004     4.7340 -9.990e-29
 148.356484      4.617    16.5033  36.846575    28.4261      4.576  251.38741  251.71738    -0.7981     5.0575 -9.990e-29
 148.356487      4.630    16.5033  36.848165    28.4275      4.589  251.38539  251.71535    -1.1094     5.0130 -9.990e-29
 148.356490      4.647    16.5029  36.847982    28.4276      4.605  251.38687  251.71682    -0.8915     5.0898 -9.990e-29
 148.356493      4.672    16.4988  36.853118    28.4390      4.630  251.38780  251.71748    -0.8448     4.9847 -9.990e-29
 148.356496      4.721    16.4962  36.857887    28.4436      4.679  251.39259  251.72213    -0.8759     4.9078 0.0000e+00
 148.356499      4.778    16.4936  36.864553    28.4483      4.735  251.39738  251.72677    -0.9070     4.8553 0.0000e+00
 148.356502      4.838    16.4877  36.861924    28.4503      4.795  251.42331  251.75243    -1.0627     4.8553 0.0000e+00
 148.356505      4.900    16.4830  36.864187    28.4555      4.856  251.43753  251.76641    -1.0627     4.8553 0.0000e+00
 148.356508      4.960    16.4804  36.865656    28.4586      4.916  251.44507  251.77381    -0.9226     4.8270 0.0000e+00
 148.356510      5.010    16.4789  36.869814    28.4615      4.965  251.44792  251.77657    -0.8837     4.8230 0.0000e+00
 148.356513      5.044    16.4773  36.864617    28.4644      4.999  251.45077  251.77933    -0.9226     4.8189 -9.990e-29
 148.356516      5.068    16.4734  36.861805    28.4603      5.023  251.47704  251.80546    -0.8759     4.8108 -9.990e-29
 148.356519      5.077    16.4746  36.865106    28.4622      5.032  251.46767  251.79613    -0.9848     4.8593 -9.990e-29
 148.356522      5.079    16.4754  36.863272    28.4601      5.033  251.46735  251.79586    -0.3778     4.2811 -9.990e-29
 148.356525      5.082    16.4759  36.861804    28.4585      5.037  251.46769  251.79624    -0.3778     4.2568 -9.990e-29
 148.356528      5.090    16.4762  36.861009    28.4576      5.044  251.46765  251.79622    -0.1755     4.2973 -9.990e-29
 148.356531      5.112    16.4765  36.863516    28.4595      5.066  251.46278  251.79135    -0.1755     4.3013 -9.990e-29
