seaocn-cb/data/ctd_cnv/SBE19plus_01907321_2024_05_27_Cast76.cnv
* Sea-Bird SBE19plus  Data File:
* FileName = E:\Prandtl_Daten\2024\27052024\raw\SBE19plus_01907321_2024_05_27_Cast76.hex
* Software version 2.6.1.12
* Temperature SN = 7321
* Conductivity SN = 7321
* System UpLoad Time = May 27 2024 10:06:42
* <ApplicationData>
* <Seaterm232>
** 20240527
** Sea Practical 2024
** MCat 27.05 CTD_SP5
** NMEA Latitude = 54 7.781N
** NMEA Longitude = 008 25.579E
** waterdepth = 9.3m
** Merle
# nquan = 11
# nvalues = 291                         
# units = specified
# name 0 = timeJ: Julian Days
# name 1 = prdM: Pressure, Strain Gauge [db]
# name 2 = tv290C: Temperature [ITS-90, deg C]
# name 3 = c0mS/cm: Conductivity [mS/cm]
# name 4 = sal00: Salinity, Practical [PSU]
# name 5 = depSM: Depth [salt water, m], lat = 54.00
# name 6 = oxsatMm/Kg: Oxygen Saturation, Weiss [umol/kg]
# name 7 = oxsolMm/Kg: Oxygen Saturation, Garcia & Gordon [umol/kg]
# name 8 = turbWETntu0: Turbidity, WET Labs ECO [NTU]
# name 9 = flECO-AFL: Fluorescence, WET Labs ECO-AFL/FL [mg/m^3]
# name 10 = flag:  0.000e+00
# span 0 = 148.417841, 148.418681       
# span 1 =      0.952,      8.309       
# span 2 =    16.2755,    16.3695       
# span 3 =  36.902322,  36.969973       
# span 4 =    28.6191,    28.6569       
# span 5 =      0.943,      8.234       
# span 6 =  251.70544,  252.12849       
# span 7 =  252.02810,  252.44679       
# span 8 =     5.2720,   132.5716       
# span 9 =     3.3490,     6.4687       
# span 10 = 0.0000e+00, 0.0000e+00      
# interval = seconds: 0.25
# start_time = May 27 2024 10:00:16 [Instrument's time stamp, header]
# bad_flag = -9.990e-29
*END*
[from data line 263]
 148.418602      8.067    16.2898  36.919515    28.6400      7.995  252.07819  252.39723    93.2097     6.1493 0.0000e+00
 148.418605      8.094    16.2899  36.919760    28.6400      8.022  252.07896  252.39800    93.1474     6.1472 0.0000e+00
 148.418608      8.125    16.2901  36.920617    28.6400      8.052  252.07819  252.39723    93.2408     6.1452 -9.990e-29
 148.418611      8.148    16.2905  36.918353    28.6385      8.075  252.07880  252.39786   102.9529     6.0846 -9.990e-29
 148.418614      8.177    16.2906  36.918047    28.6381      8.104  252.07897  252.39804   102.7817     6.0603 -9.990e-29
 148.418617      8.197    16.2907  36.919516    28.6393      8.124  252.07620  252.39527   102.8128     6.0805 -9.990e-29
 148.418620      8.217    16.2908  36.917619    28.6376      8.144  252.07872  252.39781   102.8751     6.0603 -9.990e-29
 148.418623      8.237    16.2910  36.919944    28.6395      8.164  252.07469  252.39377    99.8089     6.2140 -9.990e-29
 148.418626      8.236    16.2912  36.918843    28.6383      8.162  252.07541  252.39451    99.6377     6.2423 -9.990e-29
 148.418628      8.234    16.2913  36.913948    28.6341      8.160  252.08236  252.40149    99.7311     6.2140 -9.990e-29
 148.418631      8.236    16.2913  36.919271    28.6386      8.162  252.07448  252.39358    99.6689     6.1978 -9.990e-29
 148.418634      8.249    16.2910  36.916579    28.6366      8.175  252.07968  252.39878    94.9062     6.0765 -9.990e-29
 148.418637      8.260    16.2905  36.916946    28.6372      8.186  252.08094  252.40002    95.1397     6.1088 -9.990e-29
 148.418640      8.269    16.2904  36.918170    28.6383      8.195  252.07944  252.39850    94.9840     6.0684 -9.990e-29
 148.418643      8.280    16.2903  36.919271    28.6393      8.206  252.07811  252.39717    95.1241     6.0927 -9.990e-29
 148.418646      8.284    16.2901  36.921046    28.6410      8.209  252.07639  252.39542    95.3109     6.0724 -9.990e-29
 148.418649      8.282    16.2900  36.918598    28.6390      8.207  252.08031  252.39936   110.1436     6.3959 -9.990e-29
 148.418652      8.267    16.2898  36.919027    28.6395      8.193  252.08057  252.39960   110.0813     6.4081 -9.990e-29
 148.418655      8.251    16.2899  36.918904    28.6393      8.177  252.08015  252.39918   110.2214     6.3797 -9.990e-29
 148.418657      8.234    16.2900  36.915906    28.6367      8.161  252.08427  252.40333   110.1436     6.4121 -9.990e-29
 148.418660      8.233    16.2903  36.917007    28.6374      8.159  252.08144  252.40051   132.3226     6.1371 -9.990e-29
 148.418663      8.231    16.2906  36.915845    28.6362      8.157  252.08226  252.40134   132.5716     6.1371 -9.990e-29
 148.418666      8.245    16.2907  36.916334    28.6365      8.171  252.08094  252.40003   132.5093     6.1735 -9.990e-29
 148.418669      8.265    16.2910  36.917497    28.6373      8.191  252.07802  252.39712   132.4315     6.1776 -9.990e-29
 148.418672      8.281    16.2915  36.915661    28.6354      8.207  252.07895  252.39808   130.6416     6.4404 -9.990e-29
 148.418675      8.296    16.2918  36.916090    28.6355      8.222  252.07712  252.39627   130.6261     6.4687 -9.990e-29
 148.418678      8.307    16.2919  36.916334    28.6356      8.232  252.07646  252.39561   130.7194     6.4404 -9.990e-29
 148.418681      8.309    16.2923  36.912419    28.6320      8.234  252.08075  252.39995   130.4548     6.3959 -9.990e-29
