seaocn-cb/data/ctd_cnv/SBE19plus_01907321_2024_05_23_Cast21.cnv
* Sea-Bird SBE19plus  Data File:
* FileName = E:\Prandtl_Daten\2024\CTD\raw\SBE19plus_01907321_2024_05_23_Cast21.hex
* Software version 2.6.1.12
* Temperature SN = 7321
* Conductivity SN = 7321
* System UpLoad Time = May 23 2024 07:36:37
* <ApplicationData>
* <Seaterm232>
** 20240522
** Sea Practical 2024
** MCat 23.05 CTD_NP1
** NMEA Latitude = 054 10.26N
** NMEA Longitude = 008 39.54E
** waterdepth = 13.5m
** Andreas
# nquan = 11
# nvalues = 391                         
# units = specified
# name 0 = timeJ: Julian Days
# name 1 = prdM: Pressure, Strain Gauge [db]
# name 2 = tv290C: Temperature [ITS-90, deg C]
# name 3 = c0mS/cm: Conductivity [mS/cm]
# name 4 = sal00: Salinity, Practical [PSU]
# name 5 = depSM: Depth [salt water, m], lat = 54.00
# name 6 = oxsatMm/Kg: Oxygen Saturation, Weiss [umol/kg]
# name 7 = oxsolMm/Kg: Oxygen Saturation, Garcia & Gordon [umol/kg]
# name 8 = turbWETntu0: Turbidity, WET Labs ECO [NTU]
# name 9 = flECO-AFL: Fluorescence, WET Labs ECO-AFL/FL [mg/m^3]
# name 10 = flag:  0.000e+00
# span 0 = 144.311612, 144.312740       
# span 1 =      0.717,     12.166       
# span 2 =    16.8585,    16.9149       
# span 3 =  34.933070,  35.270074       
# span 4 =    26.5269,    26.8369       
# span 5 =      0.710,     12.057       
# span 6 =  252.23286,  252.67011       
# span 7 =  252.58953,  253.02869       
# span 8 =    -3.1016,    14.3615       
# span 9 =     4.2932,    10.7186       
# span 10 = 0.0000e+00, 0.0000e+00      
# interval = seconds: 0.25
# start_time = May 23 2024 07:27:35 [Instrument's time stamp, header]
# bad_flag = -9.990e-29
*END*
[from data line 263]
 144.312373      8.529    16.8893  35.252521    26.8060      8.453  252.25329  252.60996     6.8751     7.5201 0.0000e+00
 144.312376      8.562    16.8894  35.255344    26.8055      8.485  252.25268  252.60938     6.7817     7.5201 0.0000e+00
 144.312378      8.596    16.8895  35.252101    26.8049      8.519  252.25268  252.60938     6.7506     7.4998 0.0000e+00
 144.312381      8.629    16.8895  35.250600    26.8049      8.552  252.25268  252.60938     6.7506     7.4473 0.0000e+00
 144.312384      8.664    16.8895  35.255525    26.8067      8.586  252.25032  252.60700     6.8284     7.3826 0.0000e+00
 144.312387      8.689    16.8895  35.254204    26.8067      8.611  252.25032  252.60700     6.8284     7.3826 0.0000e+00
 144.312390      8.720    16.8895  35.253183    26.8067      8.642  252.25032  252.60700     6.8284     7.3866 0.0000e+00
 144.312393      8.750    16.8895  35.256366    26.8059      8.671  252.25181  252.60850     6.7194     7.3866 0.0000e+00
 144.312396      8.777    16.8896  35.251441    26.8064      8.699  252.25048  252.60717     6.5015     6.9196 0.0000e+00
 144.312399      8.802    16.8895  35.255105    26.8044      8.724  252.25435  252.61105     6.2836     6.4485 -9.990e-29
 144.312402      8.824    16.8896  35.256607    26.8086      8.745  252.24630  252.60297     6.5638     6.4081 -9.990e-29
 144.312405      8.846    16.8895  35.257027    26.8090      8.767  252.24603  252.60270     6.2214     6.7882 -9.990e-29
 144.312407      8.874    16.8894  35.257027    26.8089      8.794  252.24681  252.60348     6.3070     6.7922 0.0000e+00
 144.312410      8.905    16.8893  35.256607    26.8090      8.825  252.24759  252.60425     6.2369     6.7962 0.0000e+00
 144.312413      8.939    16.8886  35.256907    26.8095      8.859  252.24998  252.60661     6.2681     6.8326 0.0000e+00
 144.312416      8.974    16.8881  35.257028    26.8095      8.894  252.25170  252.60831     6.2681     6.8326 0.0000e+00
 144.312419      9.014    16.8875  35.255286    26.8097      8.933  252.25643  252.61301     7.3576     6.6830 0.0000e+00
 144.312422      9.047    16.8867  35.255707    26.8094      8.966  252.25865  252.61520     7.5443     6.6830 0.0000e+00
 144.312425      9.076    16.8859  35.254686    26.8097      8.995  252.26147  252.61795     7.5443     6.6952 0.0000e+00
 144.312428      9.107    16.8854  35.257449    26.8121      9.026  252.26326  252.61978     7.5443     6.6952 0.0000e+00
 144.312431      9.133    16.8846  35.257870    26.8121      9.051  252.26369  252.62013     7.5599     6.6911 0.0000e+00
 144.312433      9.162    16.8843  35.255948    26.8122      9.080  252.26773  252.62417     7.9023     6.6305 0.0000e+00
 144.312436      9.188    16.8841  35.256368    26.8119      9.105  252.26837  252.62480     7.9646     6.6042 0.0000e+00
 144.312439      9.215    16.8838  35.254687    26.8122      9.132  252.26901  252.62542     7.9023     6.5779 -9.990e-29
 144.312442      9.239    16.8826  35.257209    26.8129      9.156  252.27342  252.62978     8.3537     6.6466 -9.990e-29
 144.312445      9.266    16.8822  35.256369    26.8125      9.183  252.27592  252.63227     8.2759     6.6062 0.0000e+00
 144.312448      9.299    16.8819  35.254867    26.8129      9.216  252.27842  252.63475     8.2603     6.5698 0.0000e+00
 144.312451      9.334    16.8814  35.255949    26.8134      9.250  252.27875  252.63506     8.2292     6.5698 0.0000e+00
 144.312454      9.365    16.8808  35.257210    26.8148      9.281  252.27945  252.63571     8.2292     6.6143 0.0000e+00
 144.312457      9.399    16.8801  35.257631    26.8148      9.315  252.28135  252.63759     8.0580     7.0833 0.0000e+00
 144.312459      9.428    16.8799  35.253366    26.8156      9.344  252.28359  252.63979     7.9957     7.1278 0.0000e+00
 144.312462      9.461    16.8794  35.258051    26.8158      9.377  252.28633  252.64252     8.0424     7.1076 0.0000e+00
 144.312465      9.492    16.8790  35.257031    26.8158      9.407  252.28633  252.64252     7.9957     7.1278 0.0000e+00
 144.312468      9.525    16.8785  35.255109    26.8158      9.440  252.28862  252.64477     7.7934     7.4634 0.0000e+00
 144.312471      9.556    16.8783  35.257631    26.8156      9.471  252.28981  252.64597     7.7622     7.4836 0.0000e+00
 144.312474      9.582    16.8782  35.255950    26.8168      9.496  252.28862  252.64477     7.7311     7.5039 -9.990e-29
 144.312477      9.607    16.8783  35.255950    26.8153      9.521  252.29076  252.64693     7.7934     7.4715 -9.990e-29
 144.312480      9.627    16.8784  35.256130    26.8167      9.541  252.28804  252.64420     8.5716     6.8933 -9.990e-29
 144.312483      9.653    16.8783  35.257632    26.8169      9.566  252.28790  252.64406     8.5793     6.9055 0.0000e+00
 144.312486      9.682    16.8783  35.258052    26.8171      9.595  252.28776  252.64392     8.5716     6.8933 0.0000e+00
 144.312488      9.711    16.8783  35.258533    26.8175      9.624  252.28709  252.64324     8.5405     6.9176 0.0000e+00
 144.312491      9.751    16.8782  35.259794    26.8186      9.664  252.28561  252.64175     8.5249     6.9539 0.0000e+00
 144.312494      9.784    16.8782  35.259795    26.8186      9.697  252.28561  252.64175     8.1669     7.5928 0.0000e+00
 144.312497      9.817    16.8781  35.258053    26.8186      9.729  252.28561  252.64175     8.1669     7.6009 0.0000e+00
 144.312500      9.852    16.8781  35.261296    26.8172      9.763  252.28846  252.64460     8.1980     7.6050 0.0000e+00
 144.312503      9.881    16.8778  35.256371    26.8199      9.792  252.28410  252.64023     8.4004     7.6333 0.0000e+00
 144.312506      9.906    16.8778  35.262979    26.8203      9.817  252.28514  252.64125     9.5054     9.2346 0.0000e+00
 144.312509      9.935    16.8777  35.261477    26.8203      9.847  252.28514  252.64125     9.5054     9.2426 0.0000e+00
 144.312512      9.963    16.8774  35.260216    26.8200      9.874  252.28728  252.64338     9.4432     9.2629 0.0000e+00
 144.312514      9.990    16.8774  35.260877    26.8197      9.901  252.28775  252.64385     9.4432     9.2730 0.0000e+00
 144.312517     10.016    16.8774  35.262559    26.8200      9.926  252.28728  252.64338     9.4432     9.2831 -9.990e-29
 144.312520     10.040    16.8767  35.260636    26.8226      9.950  252.28649  252.64254     9.7856     7.7425 -9.990e-29
 144.312523     10.067    16.8766  35.263400    26.8208      9.977  252.29002  252.64608     9.8011     7.7768 0.0000e+00
 144.312526     10.096    16.8765  35.258955    26.8189     10.006  252.29355  252.64961     9.7856     7.7586 0.0000e+00
 144.312529     10.129    16.8758  35.258294    26.8189     10.038  252.29393  252.64995     9.7078     7.7991 0.0000e+00
 144.312532     10.162    16.8757  35.260877    26.8203     10.071  252.29613  252.65215     7.0307     7.7910 0.0000e+00
 144.312535     10.197    16.8755  35.259796    26.8203     10.105  252.29613  252.65215     6.8906     7.7991 0.0000e+00
 144.312538     10.229    16.8751  35.254691    26.8193     10.138  252.30149  252.65749     6.7973     7.7910 0.0000e+00
 144.312541     10.262    16.8748  35.258055    26.8193     10.170  252.30238  252.65835     6.8906     7.7708 0.0000e+00
 144.312543     10.293    16.8744  35.258535    26.8193     10.201  252.30238  252.65835     8.9296     7.3907 0.0000e+00
 144.312546     10.321    16.8744  35.257214    26.8194     10.228  252.30350  252.65947     8.9918     7.3704 0.0000e+00
 144.312549     10.356    16.8743  35.255292    26.8189     10.263  252.30461  252.66059     9.0541     7.3907 -9.990e-29
 144.312552     10.376    16.8735  35.256133    26.8184     10.283  252.30901  252.66496     9.0229     7.4432 -9.990e-29
 144.312555     10.405    16.8733  35.256794    26.8191     10.311  252.30901  252.66494    10.5482     8.2156 -9.990e-29
 144.312558     10.427    16.8731  35.257034    26.8195     10.333  252.30961  252.66553    10.3926     8.2843 -9.990e-29
 144.312561     10.450    16.8720  35.257875    26.8196     10.357  252.31465  252.67053    10.3615     8.2803 -9.990e-29
 144.312564     10.476    16.8717  35.256374    26.8199     10.382  252.31590  252.67177     9.4665     7.7991 0.0000e+00
 144.312567     10.507    16.8713  35.256374    26.8201     10.413  252.31716  252.67301     8.5716     7.3179 0.0000e+00
 144.312569     10.532    16.8708  35.257215    26.8201     10.438  252.31815  252.67396     8.5560     7.2977 0.0000e+00
 144.312572     10.563    16.8704  35.254873    26.8208     10.469  252.32280  252.67861     8.5560     7.2815 0.0000e+00
 144.312575     10.592    16.8699  35.256134    26.8208     10.498  252.32318  252.67896     8.5560     7.2977 0.0000e+00
 144.312578     10.625    16.8694  35.257156    26.8208     10.530  252.32328  252.67904     8.6183     7.3057 0.0000e+00
 144.312581     10.654    16.8690  35.254032    26.8209     10.559  252.32784  252.68358     8.9918     9.2507 0.0000e+00
 144.312584     10.691    16.8689  35.255534    26.8209     10.595  252.32784  252.68358     9.0074     9.3114 0.0000e+00
 144.312587     10.722    16.8688  35.256375    26.8209     10.626  252.32784  252.68358     9.0074     9.3114 0.0000e+00
 144.312590     10.755    16.8687  35.254213    26.8200     10.658  252.33041  252.68615     9.0074     9.3114 0.0000e+00
 144.312593     10.786    16.8687  35.254213    26.8199     10.689  252.33058  252.68631     9.6533     8.0761 0.0000e+00
 144.312595     10.813    16.8686  35.256135    26.8200     10.716  252.33074  252.68647    10.3926     6.8326 -9.990e-29
 144.312598     10.835    16.8684  35.260220    26.8212     10.738  252.32980  252.68552    10.3770     6.7962 -9.990e-29
 144.312601     10.861    16.8683  35.255535    26.8229     10.763  252.32750  252.68320    10.2525     6.8852 0.0000e+00
 144.312604     10.888    16.8681  35.259379    26.8246     10.790  252.32681  252.68248    10.1280     6.9256 0.0000e+00
 144.312607     10.915    16.8678  35.259139    26.8246     10.818  252.32681  252.68248    10.1280     6.9256 0.0000e+00
 144.312610     10.945    16.8676  35.257637    26.8246     10.847  252.32681  252.68248    10.1280     6.9256 0.0000e+00
 144.312613     10.981    16.8676  35.260220    26.8248     10.883  252.32811  252.68377    10.1591     6.9378 0.0000e+00
 144.312616     11.012    16.8675  35.259139    26.8248     10.913  252.32811  252.68377    11.4976     7.1763 0.0000e+00
 144.312619     11.049    16.8675  35.255355    26.8248     10.950  252.32811  252.68377    11.4976     7.1763 0.0000e+00
 144.312622     11.078    16.8676  35.260881    26.8244     10.979  252.32717  252.68285    11.4976     7.1723 0.0000e+00
 144.312624     11.112    16.8678  35.258959    26.8262     11.013  252.32532  252.68097    11.5599     7.1723 0.0000e+00
 144.312627     11.143    16.8678  35.262563    26.8259     11.044  252.32457  252.68025    11.6066     7.1966 0.0000e+00
 144.312630     11.171    16.8678  35.261302    26.8274     11.071  252.32198  252.67764    11.5599     7.2330 -9.990e-29
 144.312633     11.193    16.8675  35.262984    26.8280     11.093  252.32265  252.67829    11.6066     7.8476 -9.990e-29
 144.312636     11.217    16.8673  35.264726    26.8296     11.116  252.32077  252.67639    11.3887     7.8597 -9.990e-29
 144.312639     11.237    16.8672  35.262804    26.8271     11.136  252.32544  252.68108    11.8401     7.6575 -9.990e-29
 144.312642     11.262    16.8672  35.261723    26.8284     11.161  252.32359  252.67922    11.9724     7.6292 0.0000e+00
 144.312645     11.291    16.8671  35.264726    26.8295     11.190  252.32242  252.67803    12.0580     7.6292 0.0000e+00
 144.312648     11.326    16.8670  35.264486    26.8295     11.225  252.32242  252.67803    12.0580     7.6292 0.0000e+00
 144.312650     11.357    16.8667  35.263886    26.8295     11.255  252.32400  252.67958    12.0580     7.6292 0.0000e+00
 144.312653     11.397    16.8663  35.265147    26.8305     11.295  252.32400  252.67958    12.9296     7.5322 0.0000e+00
 144.312656     11.434    16.8662  35.267731    26.8312     11.331  252.32400  252.67958    12.9296     7.5160 0.0000e+00
 144.312659     11.474    16.8660  35.265688    26.8312     11.371  252.32451  252.68007    12.9296     7.5160 0.0000e+00
 144.312662     11.505    16.8658  35.261964    26.8312     11.402  252.32536  252.68090    12.9607     7.5443 0.0000e+00
 144.312665     11.538    16.8657  35.265989    26.8316     11.434  252.32599  252.68153    14.0969     7.5443 0.0000e+00
 144.312668     11.563    16.8656  35.265989    26.8317     11.460  252.32567  252.68122    14.2292     7.5261 0.0000e+00
 144.312671     11.589    16.8655  35.265989    26.8317     11.485  252.32599  252.68153    14.3615     7.4958 -9.990e-29
 144.312674     11.611    16.8654  35.269653    26.8349     11.507  252.32104  252.67655    14.2058     7.4634 -9.990e-29
 144.312677     11.634    16.8653  35.270074    26.8353     11.530  252.32075  252.67626    14.2681     7.4634 -9.990e-29
 144.312679     11.660    16.8654  35.269413    26.8346     11.555  252.32141  252.67692    11.9646     7.5120 -9.990e-29
 144.312682     11.684    16.8653  35.270074    26.8347     11.579  252.32175  252.67726    11.9957     7.5362 -9.990e-29
 144.312685     11.711    16.8653  35.269414    26.8341     11.606  252.32284  252.67836    11.9413     7.5362 0.0000e+00
 144.312688     11.744    16.8653  35.267912    26.8347     11.639  252.32175  252.67726    11.9957     7.5362 0.0000e+00
 144.312691     11.773    16.8653  35.269654    26.8334     11.668  252.32393  252.67945    12.3848     7.2289 0.0000e+00
 144.312694     11.811    16.8654  35.266651    26.8346     11.705  252.32150  252.67701    12.4626     7.2168 0.0000e+00
 144.312697     11.842    16.8653  35.269414    26.8337     11.736  252.32339  252.67891    12.5405     7.1844 0.0000e+00
 144.312700     11.877    16.8653  35.268333    26.8340     11.771  252.32339  252.67891    12.4626     7.1844 0.0000e+00
 144.312703     11.914    16.8650  35.268393    26.8339     11.807  252.32458  252.68007    12.1980     7.8233 0.0000e+00
 144.312705     11.945    16.8648  35.267913    26.8340     11.838  252.32587  252.68136    12.0891     7.8334 0.0000e+00
 144.312708     11.970    16.8645  35.269655    26.8339     11.863  252.32716  252.68264    12.1980     7.8233 -9.990e-29
 144.312711     11.990    16.8636  35.269415    26.8357     11.883  252.32845  252.68388    12.2759     7.8880 -9.990e-29
 144.312714     12.012    16.8634  35.262987    26.8305     11.905  252.33868  252.69414    12.0424     7.8031 -9.990e-29
 144.312717     12.031    16.8630  35.265570    26.8329     11.923  252.33621  252.69163    11.9957     7.6899 -9.990e-29
 144.312720     12.054    16.8616  35.264309    26.8349     11.946  252.34003  252.69538    11.9490     7.6737 -9.990e-29
 144.312723     12.084    16.8612  35.266832    26.8341     11.975  252.34327  252.69861    11.9412     7.7162 0.0000e+00
 144.312726     12.124    16.8612  35.264309    26.8341     12.015  252.34327  252.69861    11.9412     7.7162 0.0000e+00
 144.312729     12.155    16.8608  35.264490    26.8332     12.046  252.34651  252.70184    11.9334     7.7586 -9.990e-29
 144.312731     12.162    16.8601  35.263409    26.8330     12.053  252.35064  252.70594    12.3537     8.0619 -9.990e-29
 144.312734     12.162    16.8594  35.265391    26.8351     12.053  252.35028  252.70554    12.4471     8.0417 -9.990e-29
 144.312737     12.164    16.8589  35.263229    26.8336     12.055  252.35559  252.71083    12.4782     8.1145 -9.990e-29
 144.312740     12.166    16.8585  35.266833    26.8369     12.057  252.35163  252.70684    11.4198     7.5928 -9.990e-29
