seaocn-cb/data/ctd_cnv/SBE19plus_01907321_2024_05_23_Cast25.cnv
* Sea-Bird SBE19plus  Data File:
* FileName = E:\Prandtl_Daten\2024\CTD\raw\SBE19plus_01907321_2024_05_23_Cast25.hex
* Software version 2.6.1.12
* Temperature SN = 7321
* Conductivity SN = 7321
* System UpLoad Time = May 23 2024 09:11:03
* <ApplicationData>
* <Seaterm232>
** 20240522
** Sea Practical 2024
** MCat 23.05 CTD_NP5
** NMEA Latitude = 054 07.76N
** NMEA Longitude = 008 46.70E
** waterdepth = 11m
** Andreas
# nquan = 11
# nvalues = 326                         
# units = specified
# name 0 = timeJ: Julian Days
# name 1 = prdM: Pressure, Strain Gauge [db]
# name 2 = tv290C: Temperature [ITS-90, deg C]
# name 3 = c0mS/cm: Conductivity [mS/cm]
# name 4 = sal00: Salinity, Practical [PSU]
# name 5 = depSM: Depth [salt water, m], lat = 54.00
# name 6 = oxsatMm/Kg: Oxygen Saturation, Weiss [umol/kg]
# name 7 = oxsolMm/Kg: Oxygen Saturation, Garcia & Gordon [umol/kg]
# name 8 = turbWETntu0: Turbidity, WET Labs ECO [NTU]
# name 9 = flECO-AFL: Fluorescence, WET Labs ECO-AFL/FL [mg/m^3]
# name 10 = flag:  0.000e+00
# span 0 = 144.377836, 144.378776       
# span 1 =      0.791,     10.388       
# span 2 =    14.5265,    15.3016       
# span 3 =  36.429154,  36.642929       
# span 4 =    28.9810,    29.7014       
# span 5 =      0.784,     10.295       
# span 6 =  256.47068,  259.24338       
# span 7 =  256.74052,  259.46765       
# span 8 =    -4.5179,     2.6727       
# span 9 =     4.6046,     7.8638       
# span 10 = 0.0000e+00, 0.0000e+00      
# interval = seconds: 0.25
# start_time = May 23 2024 09:02:38 [Instrument's time stamp, header]
# bad_flag = -9.990e-29
*END*
[from data line 132]
 144.378218      5.088    14.9734  36.514667    29.2509      5.043  257.70751  257.95883    -2.7747     7.2491 -9.990e-29
 144.378220      5.074    14.9464  36.515949    29.2722      5.028  257.81000  258.05977    -2.6502     7.2532 -9.990e-29
 144.378223      5.070    14.9296  36.512844    29.2820      5.025  257.87980  258.12863    -2.7125     7.2289 -9.990e-29
 144.378226      5.079    14.9220  36.519546    29.2937      5.034  257.89898  258.14732    -2.7125     7.2451 -9.990e-29
 144.378229      5.095    14.9122  36.515100    29.2971      5.050  257.94381  258.19163    -2.9459     7.4796 -9.990e-29
 144.378232      5.117    14.9029  36.513396    29.3037      5.072  257.98052  258.22781    -2.9926     7.4392 -9.990e-29
 144.378235      5.145    14.9024  36.514675    29.3048      5.099  257.98156  258.22881    -2.8914     7.4432 0.0000e+00
 144.378238      5.186    14.9018  36.516198    29.3059      5.140  257.98260  258.22981    -2.7903     7.4392 0.0000e+00
 144.378241      5.230    14.8976  36.517113    29.3098      5.184  257.99754  258.24451    -2.7903     7.0510 0.0000e+00
 144.378244      5.276    14.8942  36.519550    29.3145      5.229  258.00681  258.25356    -2.8837     6.7962 0.0000e+00
 144.378247      5.316    14.8891  36.521317    29.3199      5.269  258.02367  258.27011    -2.8837     6.7962 0.0000e+00
 144.378249      5.358    14.8797  36.521318    29.3254      5.310  258.06028  258.30618    -2.8059     6.8286 0.0000e+00
 144.378252      5.405    14.8720  36.513096    29.3254      5.357  258.10308  258.34860    -2.8059     6.8326 0.0000e+00
 144.378255      5.457    14.8701  36.510234    29.3254      5.408  258.11125  258.35667    -3.0860     7.0267 0.0000e+00
 144.378258      5.513    14.8701  36.512670    29.3243      5.464  258.11481  258.36027    -3.3350     7.0591 0.0000e+00
 144.378261      5.564    14.8706  36.509320    29.3230      5.514  258.11481  258.36027    -3.3350     7.0672 0.0000e+00
 144.378264      5.613    14.8706  36.507493    29.3214      5.563  258.11773  258.36321    -3.3350     7.0753 0.0000e+00
 144.378267      5.663    14.8709  36.503595    29.3177      5.612  258.11773  258.36321    -3.5841     7.0672 0.0000e+00
 144.378270      5.705    14.8723  36.501281    29.3156      5.654  258.11909  258.36470    -3.6152     7.0409 0.0000e+00
 144.378273      5.738    14.8737  36.497078    29.3134      5.686  258.11543  258.36114    -3.5841     7.0065 -9.990e-29
 144.378275      5.756    14.8837  36.491231    29.2970      5.704  258.09270  258.33905    -3.6463     7.0874 -9.990e-29
 144.378278      5.754    14.8912  36.486785    29.2874      5.703  258.07056  258.31738    -2.9771     7.1036 -9.990e-29
 144.378281      5.739    14.8995  36.484774    29.2793      5.688  258.04129  258.28860    -3.0860     7.1642 -9.990e-29
 144.378284      5.721    14.9080  36.478319    29.2673      5.670  258.01873  258.26657    -2.9615     7.1521 -9.990e-29
 144.378287      5.703    14.9168  36.477465    29.2599      5.652  257.98582  258.23418    -3.0704     7.0753 -9.990e-29
 144.378290      5.692    14.9249  36.472776    29.2497      5.641  257.96195  258.21080    -2.9304     7.0955 -9.990e-29
 144.378293      5.707    14.9349  36.474115    29.2505      5.656  257.90854  258.15789    -2.9615     7.1561 -9.990e-29
 144.378296      5.739    14.9342  36.482091    29.2513      5.688  257.91085  258.16016    -2.9615     7.1723 0.0000e+00
 144.378299      5.787    14.9334  36.482761    29.2522      5.735  257.91317  258.16243    -2.9615     7.1723 0.0000e+00
 144.378302      5.843    14.9291  36.487694    29.2598      5.791  257.92209  258.17107    -3.0860     7.1723 0.0000e+00
 144.378304      5.905    14.9238  36.487025    29.2598      5.852  257.94374  258.19242    -3.2728     6.6911 0.0000e+00
 144.378307      5.973    14.9207  36.480145    29.2631      5.919  257.95611  258.20462    -3.3817     6.6668 0.0000e+00
 144.378310      6.037    14.9200  36.486782    29.2651      5.983  257.95611  258.20462    -3.3817     6.6628 0.0000e+00
 144.378313      6.101    14.9191  36.495065    29.2737      6.046  257.95611  258.20462    -3.2416     6.6345 0.0000e+00
 144.378316      6.155    14.9101  36.507429    29.2914      6.100  257.96463  258.21238    -2.9926     6.6345 0.0000e+00
 144.378319      6.199    14.8940  36.519127    29.3139      6.144  258.00864  258.25538    -2.8837     6.6345 0.0000e+00
 144.378322      6.243    14.8838  36.524673    29.3241      6.187  258.04382  258.28996    -2.8759     6.6406 0.0000e+00
 144.378325      6.274    14.8736  36.530280    29.3342      6.218  258.07900  258.32454    -2.8837     6.6749 -9.990e-29
 144.378328      6.298    14.8398  36.531927    29.3660      6.241  258.19865  258.44218    -3.1483     7.2410 -9.990e-29
 144.378330      6.318    14.8297  36.535644    29.3770      6.261  258.23229  258.47520    -3.2572     7.2330 -9.990e-29
 144.378333      6.338    14.8222  36.531807    29.3792      6.281  258.26722  258.50973    -3.1327     7.2289 -9.990e-29
 144.378336      6.349    14.8201  36.529370    29.3786      6.292  258.27941  258.52182    -3.0860     7.2289 -9.990e-29
 144.378339      6.351    14.8244  36.524253    29.3708      6.294  258.27090  258.51359    -3.1483     7.2168 -9.990e-29
 144.378342      6.354    14.8324  36.517307    29.3585      6.297  258.25072  258.49392    -3.0082     7.2653 -9.990e-29
 144.378345      6.352    14.8428  36.514199    29.3479      6.296  258.21521  258.45905    -2.9615     7.2208 -9.990e-29
 144.378348      6.356    14.8521  36.510665    29.3378      6.299  258.18484  258.42923    -3.1950     7.2330 -9.990e-29
 144.378351      6.365    14.8601  36.508715    29.3300      6.308  258.15671  258.40158    -3.0860     7.2370 -9.990e-29
 144.378354      6.374    14.8670  36.508654    29.3248      6.317  258.13034  258.37560    -2.5724     7.0106 -9.990e-29
 144.378356      6.396    14.8712  36.510176    29.3230      6.339  258.11128  258.35678    -2.6191     7.0308 -9.990e-29
 144.378359      6.418    14.8716  36.511759    29.3245      6.361  258.10704  258.35254    -2.7280     6.9580 -9.990e-29
 144.378362      6.451    14.8710  36.512125    29.3246      6.393  258.10992  258.35538    -2.7125     7.1339 0.0000e+00
 144.378365      6.491    14.8703  36.511516    29.3245      6.433  258.11279  258.35823    -2.7280     7.2572 0.0000e+00
 144.378368      6.536    14.8683  36.508837    29.3248      6.478  258.12480  258.37014    -2.6969     7.3098 0.0000e+00
 144.378371      6.589    14.8646  36.514867    29.3321      6.530  258.12985  258.37493    -2.5101     7.3260 0.0000e+00
 144.378374      6.658    14.8614  36.512736    29.3321      6.599  258.14546  258.39038    -2.5101     7.3260 0.0000e+00
 144.378377      6.724    14.8611  36.511762    29.3325      6.664  258.14751  258.39241    -3.1171     6.8731 0.0000e+00
 144.378380      6.790    14.8609  36.512432    29.3325      6.729  258.14913  258.39402    -3.1171     6.8650 0.0000e+00
 144.378383      6.857    14.8601  36.512859    29.3325      6.796  258.15044  258.39529    -3.1483     6.8650 0.0000e+00
 144.378385      6.923    14.8597  36.510666    29.3336      6.861  258.15574  258.40058    -3.0860     6.8448 0.0000e+00
 144.378388      6.988    14.8581  36.511763    29.3341      6.926  258.16029  258.40502    -3.0860     6.9014 0.0000e+00
 144.378391      7.038    14.8563  36.512190    29.3355      6.975  258.16666  258.41129    -3.0626     6.9176 0.0000e+00
 144.378394      7.080    14.8546  36.512861    29.3370      7.016  258.17303  258.41756    -3.0393     6.9903 -9.990e-29
 144.378397      7.100    14.8482  36.508719    29.3388      7.036  258.20355  258.44773    -3.1016     6.9944 -9.990e-29
 144.378400      7.107    14.8467  36.510851    29.3417      7.043  258.20582  258.44991    -2.9771     6.9823 -9.990e-29
 144.378403      7.096    14.8457  36.512679    29.3441      7.032  258.20678  258.45080    -3.1794     7.2572 -9.990e-29
 144.378406      7.076    14.8454  36.511521    29.3433      7.012  258.20980  258.45380    -3.1483     7.2208 -9.990e-29
 144.378409      7.054    14.8450  36.513592    29.3455      6.991  258.20799  258.45195    -3.1016     7.1844 -9.990e-29
 144.378411      7.028    14.8451  36.512435    29.3444      6.966  258.20951  258.45349    -2.9459     7.2208 -9.990e-29
 144.378414      7.012    14.8448  36.515785    29.3476      6.949  258.20537  258.44931    -3.1794     7.2006 -9.990e-29
 144.378417      7.005    14.8441  36.511521    29.3443      6.942  258.21481  258.45874    -3.4129     7.2370 -9.990e-29
 144.378420      7.012    14.8427  36.514689    29.3482      6.950  258.21514  258.45897    -3.1327     7.2896 -9.990e-29
 144.378423      7.032    14.8389  36.514689    29.3526      6.970  258.22724  258.47083    -3.3817     6.7962 -9.990e-29
 144.378426      7.067    14.8385  36.516456    29.3509      7.004  258.23242  258.47600    -3.3662     6.8003 0.0000e+00
 144.378429      7.118    14.8389  36.512010    29.3493      7.054  258.23734  258.48099    -3.3506     6.7962 0.0000e+00
 144.378432      7.186    14.8392  36.509573    29.3477      7.121  258.23734  258.48099    -3.3506     6.7760 0.0000e+00
 144.378435      7.270    14.8407  36.512436    29.3463      7.205  258.22690  258.47062    -3.3350     6.7760 0.0000e+00
 144.378437      7.355    14.8426  36.509330    29.3434      7.290  258.22445  258.46830    -3.3350     6.7760 0.0000e+00
 144.378440      7.441    14.8456  36.507746    29.3397      7.374  258.21542  258.45946    -3.3350     6.4485 0.0000e+00
 144.378443      7.519    14.8495  36.503848    29.3333      7.452  258.20648  258.45077    -3.4129     6.4283 0.0000e+00
 144.378446      7.580    14.8525  36.504640    29.3317      7.512  258.19366  258.43812    -3.4129     6.4161 0.0000e+00
 144.378449      7.625    14.8533  36.503970    29.3308      7.557  258.19079  258.43530    -3.4362     6.4222 0.0000e+00
 144.378452      7.654    14.8542  36.505309    29.3298      7.586  258.18791  258.43248    -3.3506     6.4161 -9.990e-29
 144.378455      7.663    14.8559  36.503726    29.3283      7.595  258.18178  258.42644    -3.2728     7.1076 -9.990e-29
 144.378458      7.669    14.8562  36.503848    29.3282      7.600  258.18040  258.42508    -3.1483     7.0348 -9.990e-29
 144.378461      7.670    14.8559  36.502203    29.3269      7.602  258.18419  258.42887    -3.0393     7.0591 -9.990e-29
 144.378464      7.674    14.8556  36.504640    29.3293      7.605  258.18152  258.42617    -3.0238     7.7829 -9.990e-29
 144.378466      7.689    14.8555  36.504883    29.3296      7.620  258.18144  258.42608    -3.1171     7.7505 -9.990e-29
 144.378469      7.705    14.8552  36.508111    29.3327      7.636  258.17753  258.42212    -3.0860     7.7950 -9.990e-29
 144.378472      7.720    14.8545  36.507990    29.3331      7.651  258.18040  258.42496    -2.8681     7.8395 -9.990e-29
 144.378475      7.740    14.8535  36.505736    29.3318      7.671  258.18786  258.43237    -2.7436     7.5079 -9.990e-29
 144.378478      7.762    14.8522  36.508416    29.3353      7.692  258.18897  258.43339    -2.8059     7.4675 -9.990e-29
 144.378481      7.785    14.8513  36.510427    29.3377      7.716  258.18907  258.43342    -2.6191     7.5403 -9.990e-29
 144.378484      7.805    14.8507  36.509757    29.3375      7.735  258.19253  258.43685    -2.8059     7.5160 -9.990e-29
 144.378487      7.833    14.8504  36.508661    29.3368      7.763  258.19547  258.43978    -2.6813     7.4837 -9.990e-29
 144.378490      7.858    14.8523  36.505311    29.3323      7.788  258.19338  258.43783    -3.3195     7.2977 -9.990e-29
 144.378492      7.888    14.8535  36.505311    29.3305      7.817  258.19038  258.43490    -3.3973     7.3240 0.0000e+00
 144.378495      7.918    14.8547  36.503301    29.3287      7.848  258.18737  258.43197    -3.3195     7.3421 0.0000e+00
 144.378498      7.948    14.8578  36.501717    29.3250      7.877  258.17770  258.42249    -3.3973     7.3502 0.0000e+00
 144.378501      7.984    14.8610  36.501047    29.3220      7.913  258.16659  258.41157    -3.3506     7.7344 0.0000e+00
 144.378504      8.024    14.8637  36.500437    29.3194      7.953  258.15687  258.40201    -3.3506     7.7465 0.0000e+00
 144.378507      8.077    14.8666  36.496600    29.3138      8.005  258.15197  258.39731    -3.3506     7.7465 0.0000e+00
 144.378510      8.130    14.8696  36.497696    29.3124      8.057  258.13837  258.38387    -3.2261     7.6939 0.0000e+00
 144.378513      8.185    14.8723  36.495747    29.3094      8.112  258.13107  258.37675    -3.4440     7.2694 0.0000e+00
 144.378516      8.232    14.8735  36.497879    29.3094      8.159  258.12148  258.36723    -3.3506     7.2208 0.0000e+00
 144.378519      8.276    14.8735  36.498854    29.3094      8.202  258.12148  258.36723    -3.3506     7.2087 0.0000e+00
 144.378521      8.313    14.8735  36.493738    29.3065      8.238  258.12866  258.37446    -3.2261     7.2087 0.0000e+00
 144.378524      8.344    14.8735  36.492825    29.3056      8.269  258.13061  258.37636    -3.1950     7.3927 0.0000e+00
 144.378527      8.376    14.8742  36.490876    29.3046      8.301  258.12866  258.37446    -3.2261     7.5767 -9.990e-29
 144.378530      8.400    14.8804  36.491058    29.2983      8.325  258.10709  258.35326    -3.1483     7.5848 -9.990e-29
 144.378533      8.415    14.8822  36.492398    29.2982      8.339  258.09813  258.34440    -3.0082     7.5888 -9.990e-29
 144.378536      8.438    14.8834  36.488378    29.2937      8.363  258.10005  258.34641    -3.0704     7.6211 -9.990e-29
 144.378539      8.458    14.8848  36.491728    29.2956      8.383  258.08910  258.33552    -3.0393     7.5160 -9.990e-29
 144.378542      8.482    14.8852  36.492154    29.2957      8.406  258.08695  258.33339    -2.9148     7.4918 -9.990e-29
 144.378545      8.502    14.8849  36.491910    29.2957      8.426  258.08854  258.33496    -3.1171     7.4877 -9.990e-29
 144.378547      8.518    14.8844  36.491484    29.2957      8.442  258.09131  258.33770    -3.1327     7.5484 -9.990e-29
 144.378550      8.524    14.8842  36.490571    29.2950      8.448  258.09335  258.33975    -2.6502     7.4271 -9.990e-29
 144.378553      8.537    14.8835  36.495747    29.3002      8.460  258.08784  258.33416    -2.8837     7.3502 -9.990e-29
 144.378556      8.557    14.8806  36.495078    29.3033      8.480  258.09744  258.34358    -2.7125     7.4190 -9.990e-29
 144.378559      8.582    14.8795  36.496844    29.3072      8.506  258.09632  258.34236    -2.8448     7.2997 0.0000e+00
 144.378562      8.612    14.8784  36.503727    29.3111      8.535  258.09744  258.34358    -2.8059     7.1966 0.0000e+00
 144.378565      8.652    14.8729  36.510427    29.3212      8.574  258.10602  258.35162    -2.9459     7.1966 0.0000e+00
 144.378568      8.699    14.8633  36.516215    29.3335      8.621  258.13406  258.37906    -2.9459     7.1966 0.0000e+00
 144.378571      8.743    14.8513  36.521151    29.3469      8.665  258.17265  258.41693    -2.9459     7.2127 0.0000e+00
 144.378573      8.785    14.8395  36.526270    29.3603      8.706  258.21034  258.45390    -2.7125     7.6050 0.0000e+00
 144.378576      8.818    14.8285  36.528708    29.3708      8.739  258.24930  258.49220    -2.6502     7.6575 0.0000e+00
 144.378579      8.853    14.8196  36.528953    29.3777      8.773  258.28370  258.52608    -2.6346     7.6575 0.0000e+00
 144.378582      8.893    14.8142  36.532061    29.3845      8.813  258.29959  258.54164    -2.6191     7.6575 0.0000e+00
 144.378585      8.940    14.8078  36.539677    29.3962      8.860  258.31247  258.55409    -2.6191     7.6535 0.0000e+00
 144.378588      8.984    14.7996  36.546869    29.4087      8.904  258.33285  258.57394    -1.7008     7.6535 0.0000e+00
 144.378591      9.032    14.7886  36.553268    29.4227      8.951  258.36546  258.60587    -1.7008     7.6858 0.0000e+00
