seaocn-cb/data/ctd_cnv/SBE19plus_01907321_2024_05_28_Cast88.cnv
* Sea-Bird SBE19plus  Data File:
* FileName = E:\Prandtl_Daten\2024\28052024\raw\SBE19plus_01907321_2024_05_28_Cast88.hex
* Software version 2.6.1.12
* Temperature SN = 7321
* Conductivity SN = 7321
* System UpLoad Time = May 28 2024 09:56:03
* <ApplicationData>
* <Seaterm232>
** 20240527
** Sea Practical 2024
** MCat 27.05 CTD_SP2
** NMEA Latitude = 54 06.08N
** NMEA Longitude = 008 34.61E
** waterdepth = 13.7m
** Isabelle
# nquan = 11
# nvalues = 428                         
# units = specified
# name 0 = timeJ: Julian Days
# name 1 = prdM: Pressure, Strain Gauge [db]
# name 2 = tv290C: Temperature [ITS-90, deg C]
# name 3 = c0mS/cm: Conductivity [mS/cm]
# name 4 = sal00: Salinity, Practical [PSU]
# name 5 = depSM: Depth [salt water, m], lat = 54.00
# name 6 = oxsatMm/Kg: Oxygen Saturation, Weiss [umol/kg]
# name 7 = oxsolMm/Kg: Oxygen Saturation, Garcia & Gordon [umol/kg]
# name 8 = turbWETntu0: Turbidity, WET Labs ECO [NTU]
# name 9 = flECO-AFL: Fluorescence, WET Labs ECO-AFL/FL [mg/m^3]
# name 10 = flag:  0.000e+00
# span 0 = 149.410483, 149.411719       
# span 1 =      1.259,     12.961       
# span 2 =    17.0754,    17.7232       
# span 3 =  36.202089,  36.384865       
# span 4 =    27.1655,    27.5732       
# span 5 =      1.248,     12.844       
# span 6 =  247.54940,  250.03064       
# span 7 =  247.93718,  250.39038       
# span 8 =    -1.5763,    30.8751       
# span 9 =     4.1679,     7.8597       
# span 10 = 0.0000e+00, 0.0000e+00      
# interval = seconds: 0.25
# start_time = May 28 2024 09:49:47 [Instrument's time stamp, header]
# bad_flag = -9.990e-29
*END*
[from data line 132]
 149.410865      5.216    17.3099  36.233653    27.3489      5.169  249.26977  249.64040     2.8284     5.2961 -9.990e-29
 149.410868      5.221    17.3098  36.232135    27.3477      5.175  249.27222  249.64286     2.9840     5.2961 -9.990e-29
 149.410871      5.223    17.3100  36.234564    27.3496      5.176  249.26818  249.63881     2.7661     5.3001 -9.990e-29
 149.410874      5.223    17.3105  36.233956    27.3488      5.176  249.26718  249.63784     0.8206     5.8298 -9.990e-29
 149.410877      5.232    17.3108  36.234564    27.3491      5.185  249.26509  249.63576     0.9451     5.8096 -9.990e-29
 149.410880      5.248    17.3103  36.232985    27.3477      5.201  249.26980  249.64046     0.9296     5.8096 -9.990e-29
 149.410883      5.281    17.3096  36.232560    27.3485      5.234  249.27179  249.64242     0.9296     5.8238 0.0000e+00
 149.410885      5.323    17.3089  36.233471    27.3494      5.276  249.27378  249.64438     0.9296     5.8379 0.0000e+00
 149.410888      5.380    17.3087  36.234079    27.3501      5.332  249.27378  249.64438     1.1163     6.0158 0.0000e+00
 149.410891      5.429    17.3087  36.234565    27.3501      5.381  249.27388  249.64446     1.1630     6.0158 0.0000e+00
 149.410894      5.477    17.3079  36.231468    27.3505      5.428  249.28040  249.65095     1.1630     6.0158 0.0000e+00
 149.410897      5.513    17.3074  36.233654    27.3496      5.464  249.28056  249.65109     1.0930     6.0219 0.0000e+00
 149.410900      5.542    17.3070  36.230558    27.3508      5.493  249.28072  249.65123     1.0229     6.0441 -9.990e-29
 149.410903      5.564    17.3064  36.232561    27.3503      5.514  249.28445  249.65494     0.7117     5.8703 -9.990e-29
 149.410906      5.577    17.3064  36.230133    27.3482      5.527  249.28789  249.65839     0.6494     5.8864 -9.990e-29
 149.410909      5.588    17.3064  36.232258    27.3500      5.538  249.28489  249.65538     0.6494     5.8581 -9.990e-29
 149.410911      5.599    17.3056  36.232562    27.3508      5.549  249.28756  249.65801     1.4276     5.7489 -9.990e-29
 149.410914      5.616    17.3053  36.231651    27.3503      5.566  249.29009  249.66053     1.3342     5.7813 -9.990e-29
 149.410917      5.632    17.3058  36.227704    27.3510      5.582  249.28637  249.65683     1.3654     5.7692 -9.990e-29
 149.410920      5.663    17.3059  36.232987    27.3514      5.613  249.28530  249.65576     1.1786     5.8460 0.0000e+00
 149.410923      5.700    17.3059  36.234080    27.3518      5.649  249.28423  249.65468     1.0852     5.9228 0.0000e+00
 149.410926      5.747    17.3065  36.235659    27.3518      5.696  249.28397  249.65450     1.0852     5.9228 0.0000e+00
 149.410929      5.791    17.3073  36.230801    27.3514      5.739  249.27986  249.65034     1.1008     5.9147 0.0000e+00
 149.410932      5.835    17.3073  36.234748    27.3511      5.783  249.28180  249.65229     1.1008     5.9066 0.0000e+00
 149.410935      5.878    17.3067  36.233898    27.3511      5.826  249.28180  249.65229     1.1630     5.8622 0.0000e+00
 149.410937      5.911    17.3063  36.231045    27.3511      5.858  249.28425  249.65469     1.7078     5.3729 0.0000e+00
 149.410940      5.948    17.3060  36.234810    27.3507      5.894  249.28582  249.65629     1.7233     5.3607 0.0000e+00
 149.410943      5.977    17.3057  36.232806    27.3525      5.923  249.28425  249.65469     1.7389     5.3729 -9.990e-29
 149.410946      5.999    17.3047  36.233899    27.3524      5.945  249.28927  249.65967     1.4276     5.3850 -9.990e-29
 149.410949      6.017    17.3047  36.231470    27.3504      5.963  249.29271  249.66312     1.5521     5.8783 -9.990e-29
 149.410952      6.025    17.3054  36.232806    27.3510      5.971  249.28805  249.65849     1.5521     5.9188 -9.990e-29
 149.410955      6.041    17.3054  36.231227    27.3497      5.987  249.29029  249.66074     1.5988     5.8945 -9.990e-29
 149.410958      6.059    17.3048  36.228920    27.3523      6.005  249.28900  249.65941     0.6183     5.9713 -9.990e-29
 149.410961      6.090    17.3045  36.233899    27.3507      6.036  249.29289  249.66331     0.5949     5.9551 0.0000e+00
 149.410964      6.121    17.3043  36.229710    27.3507      6.067  249.29679  249.66720     0.5716     5.9390 0.0000e+00
 149.410966      6.148    17.3036  36.231046    27.3507      6.093  249.29739  249.66776     0.5716     5.9390 0.0000e+00
 149.410969      6.187    17.3023  36.230378    27.3510      6.132  249.30329  249.67360     0.6183     5.9390 0.0000e+00
 149.410972      6.224    17.3013  36.229893    27.3512      6.168  249.30739  249.67767     1.2720     5.4942 0.0000e+00
 149.410975      6.264    17.3007  36.231654    27.3526      6.208  249.30770  249.67793     1.3187     5.4861 0.0000e+00
 149.410978      6.295    17.3007  36.231047    27.3526      6.238  249.30826  249.67851     1.3965     5.4861 0.0000e+00
 149.410981      6.329    17.3007  36.230136    27.3526      6.273  249.30826  249.67851     1.3965     5.5265 0.0000e+00
 149.410984      6.359    17.3006  36.231654    27.3525      6.302  249.30866  249.67890     1.3420     5.5305 0.0000e+00
 149.410987      6.384    17.3005  36.231047    27.3532      6.327  249.30806  249.67829     1.2875     5.5346 -9.990e-29
 149.410990      6.408    17.3006  36.229104    27.3510      6.351  249.31138  249.68162     0.2447     5.4497 -9.990e-29
 149.410992      6.430    17.2997  36.229711    27.3519      6.372  249.31428  249.68449     0.2136     5.4295 -9.990e-29
 149.410995      6.459    17.2997  36.229469    27.3519      6.401  249.31428  249.68449     0.2136     5.4295 0.0000e+00
 149.410998      6.490    17.2997  36.224854    27.3519      6.432  249.31428  249.68449     0.2136     5.4295 -9.990e-29
 149.411001      6.515    17.2984  36.228801    27.3521      6.457  249.32047  249.69062     0.3070     5.3648 -9.990e-29
 149.411004      6.548    17.2981  36.228619    27.3530      6.490  249.32049  249.69062     0.3070     5.3587 0.0000e+00
 149.411007      6.577    17.2978  36.230137    27.3521      6.518  249.32050  249.69062     0.3070     5.3527 0.0000e+00
 149.411010      6.610    17.2977  36.228133    27.3538      6.551  249.32050  249.69062     1.0074     5.1747 0.0000e+00
 149.411013      6.651    17.2976  36.232323    27.3557      6.591  249.31837  249.68847     1.0852     5.1747 0.0000e+00
 149.411016      6.682    17.2975  36.232991    27.3557      6.622  249.31837  249.68847     1.0852     5.1828 0.0000e+00
 149.411019      6.713    17.2976  36.231656    27.3562      6.653  249.31713  249.68723     1.0852     5.1869 0.0000e+00
 149.411021      6.740    17.2980  36.237182    27.3594      6.680  249.30969  249.67979    -0.3467     5.6357 0.0000e+00
 149.411024      6.769    17.2984  36.239003    27.3599      6.709  249.30703  249.67713    -0.3934     5.6479 0.0000e+00
 149.411027      6.797    17.2988  36.237182    27.3604      6.736  249.30436  249.67448    -0.3467     5.6357 -9.990e-29
 149.411030      6.815    17.3008  36.237182    27.3576      6.754  249.29955  249.66977    -0.3467     5.6074 -9.990e-29
 149.411033      6.830    17.3016  36.223762    27.3458      6.768  249.31544  249.68576    -0.5179     5.6195 -9.990e-29
 149.411036      6.846    17.3022  36.239853    27.3588      6.785  249.29054  249.66081     1.6922     6.1897 -9.990e-29
 149.411039      6.866    17.3042  36.242951    27.3653      6.805  249.27003  249.64034     1.6611     6.1654 -9.990e-29
 149.411042      6.899    17.3052  36.249145    27.3649      6.838  249.26601  249.63637     1.6222     6.1513 0.0000e+00
 149.411045      6.929    17.3061  36.249813    27.3653      6.867  249.26200  249.63239     1.5833     6.1371 0.0000e+00
 149.411047      6.967    17.3071  36.252243    27.3645      6.905  249.25498  249.62543     0.6650     5.7692 0.0000e+00
 149.411050      7.005    17.3077  36.250664    27.3641      6.943  249.25498  249.62543     0.5249     5.7692 0.0000e+00
 149.411053      7.042    17.3077  36.249145    27.3632      6.979  249.25683  249.62730     0.5871     5.7651 0.0000e+00
 149.411056      7.082    17.3073  36.249328    27.3632      7.018  249.25683  249.62730     0.5871     5.7247 0.0000e+00
 149.411059      7.122    17.3073  36.251332    27.3639      7.058  249.25533  249.62577     0.9296     5.4376 0.0000e+00
 149.411062      7.157    17.3076  36.250482    27.3639      7.093  249.25533  249.62577     1.0385     5.4012 0.0000e+00
 149.411065      7.188    17.3077  36.202089    27.3437      7.123  249.28951  249.66008     1.0619     5.4072 0.0000e+00
 149.411068      7.214    17.3076  36.245806    27.3235      7.149  249.32402  249.69471     1.1941     5.3769 -9.990e-29
 149.411071      7.232    17.3074  36.245624    27.3600      7.167  249.26314  249.63361     1.5521     6.0927 -9.990e-29
 149.411073      7.252    17.3068  36.245988    27.3607      7.187  249.26480  249.63524     1.5366     6.0603 -9.990e-29
 149.411076      7.276    17.3070  36.249814    27.3656      7.210  249.25571  249.62613     1.5833     6.1088 -9.990e-29
 149.411079      7.305    17.3074  36.252001    27.3663      7.240  249.25243  249.62287     1.5833     6.1007 0.0000e+00
 149.411082      7.343    17.3079  36.254248    27.3656      7.278  249.25083  249.62134     1.5833     6.0927 0.0000e+00
 149.411085      7.371    17.3090  36.250240    27.3628      7.305  249.25083  249.62134     0.9296     5.2718 0.0000e+00
 149.411088      7.400    17.3091  36.249997    27.3628      7.334  249.25083  249.62134     0.8362     5.2435 0.0000e+00
 149.411091      7.427    17.3091  36.251576    27.3638      7.361  249.24866  249.61917     0.8050     5.2314 0.0000e+00
 149.411094      7.454    17.3092  36.251819    27.3638      7.388  249.24803  249.61855     0.7661     5.2314 0.0000e+00
 149.411097      7.482    17.3093  36.250240    27.3638      7.415  249.24740  249.61793     0.8050     5.2314 -9.990e-29
 149.411100      7.507    17.3093  36.248236    27.3609      7.440  249.25280  249.62334     1.1163     5.5468 -9.990e-29
 149.411102      7.529    17.3090  36.250240    27.3627      7.462  249.25091  249.62142     1.1941     5.5265 -9.990e-29
 149.411105      7.555    17.3092  36.248479    27.3611      7.487  249.25279  249.62333     0.9918     5.5508 -9.990e-29
 149.411108      7.575    17.3094  36.252002    27.3650      7.507  249.24503  249.61555     1.0541     5.5225 -9.990e-29
 149.411111      7.604    17.3094  36.253338    27.3647      7.536  249.24536  249.61588     1.0697     5.4962 0.0000e+00
 149.411114      7.643    17.3095  36.252670    27.3650      7.574  249.24503  249.61555     1.0541     5.4901 0.0000e+00
 149.411117      7.684    17.3102  36.257529    27.3648      7.616  249.23895  249.60952     1.0229     5.4699 0.0000e+00
 149.411120      7.726    17.3102  36.254188    27.3648      7.657  249.23895  249.60952     0.4315     5.0009 0.0000e+00
 149.411123      7.765    17.3105  36.252245    27.3641      7.695  249.24141  249.61198     0.4082     4.9928 0.0000e+00
 149.411126      7.797    17.3102  36.253764    27.3635      7.728  249.24387  249.61443     0.4315     5.0009 -9.990e-29
 149.411128      7.821    17.3093  36.253096    27.3649      7.751  249.24610  249.61661     0.3848     4.9645 -9.990e-29
 149.411131      7.837    17.3095  36.253764    27.3652      7.767  249.24423  249.61476     0.2914     5.0049 -9.990e-29
 149.411134      7.861    17.3098  36.256193    27.3671      7.791  249.23989  249.61041     0.4938     5.4214 -9.990e-29
 149.411137      7.883    17.3098  36.255708    27.3666      7.812  249.24028  249.61081     0.6183     5.4578 -9.990e-29
 149.411140      7.908    17.3098  36.254250    27.3654      7.838  249.24235  249.61288     0.5093     5.4497 -9.990e-29
 149.411143      7.932    17.3095  36.257773    27.3686      7.861  249.23862  249.60912     0.4159     5.4254 -9.990e-29
 149.411146      7.955    17.3094  36.259535    27.3701      7.883  249.23645  249.60694     0.4315     5.6195 -9.990e-29
 149.411149      7.978    17.3097  36.259778    27.3665      7.907  249.24130  249.61182     0.3070     5.6276 -9.990e-29
 149.411152      8.008    17.3095  36.255465    27.3682      7.936  249.23935  249.60985     0.3304     5.6378 0.0000e+00
 149.411155      8.044    17.3093  36.259110    27.3698      7.972  249.23740  249.60789     0.3537     5.6276 0.0000e+00
 149.411157      8.078    17.3087  36.260871    27.3708      8.006  249.23740  249.60789     2.0035     5.2718 0.0000e+00
 149.411160      8.115    17.3075  36.258867    27.3717      8.042  249.24422  249.61459     2.0502     5.2354 0.0000e+00
 149.411163      8.148    17.3068  36.260872    27.3719      8.075  249.24457  249.61498     2.0502     5.2354 0.0000e+00
 149.411166      8.179    17.3063  36.259293    27.3720      8.106  249.24832  249.61868     2.0502     5.2435 0.0000e+00
 149.411169      8.210    17.3058  36.259050    27.3719      8.136  249.25053  249.62087     0.2759     5.3163 0.0000e+00
 149.411172      8.243    17.3052  36.256863    27.3720      8.169  249.25611  249.62642     0.0580     5.3244 0.0000e+00
 149.411175      8.276    17.3038  36.259111    27.3732      8.202  249.25819  249.62843     0.0580     5.3244 0.0000e+00
 149.411178      8.305    17.3028  36.257957    27.3735      8.231  249.26192  249.63209     0.0891     5.3284 0.0000e+00
 149.411181      8.332    17.3026  36.260205    27.3743      8.258  249.26273  249.63292     0.1669     5.3284 0.0000e+00
 149.411183      8.358    17.3023  36.260326    27.3753      8.283  249.26192  249.63209     0.2447     5.3284 -9.990e-29
 149.411186      8.380    17.3032  36.260387    27.3749      8.305  249.25860  249.62881     0.0891     5.3446 -9.990e-29
 149.411189      8.404    17.3046  36.258443    27.3723      8.329  249.25612  249.62640     0.2136     5.3810 -9.990e-29
 149.411192      8.425    17.3048  36.257957    27.3727      8.350  249.25458  249.62487     1.1008     5.6519 -9.990e-29
 149.411195      8.458    17.3043  36.259112    27.3734      8.383  249.25584  249.62611     1.1553     5.6883 0.0000e+00
 149.411198      8.486    17.3038  36.259962    27.3741      8.410  249.25710  249.62734     1.1008     5.7045 0.0000e+00
 149.411201      8.517    17.3030  36.261785    27.3761      8.441  249.25731  249.62751     1.1941     5.7045 0.0000e+00
 149.411204      8.552    17.3019  36.263972    27.3787      8.475  249.25825  249.62839     1.0696     5.6923 0.0000e+00
 149.411207      8.584    17.3003  36.262636    27.3787      8.508  249.26632  249.63640    -0.3623     5.1181 0.0000e+00
 149.411209      8.619    17.2984  36.263972    27.3810      8.542  249.27124  249.64122    -0.3623     5.1141 0.0000e+00
 149.411212      8.651    17.2977  36.263304    27.3813      8.573  249.27465  249.64460    -0.3078     5.1060 0.0000e+00
 149.411215      8.678    17.2969  36.264945    27.3815      8.600  249.27806  249.64798    -0.2222     5.1141 -9.990e-29
 149.411218      8.700    17.2946  36.263062    27.3828      8.622  249.28676  249.65658    -0.7669     5.5832 -9.990e-29
 149.411221      8.714    17.2948  36.263487    27.3830      8.636  249.28555  249.65537    -0.8448     5.5912 -9.990e-29
 149.411224      8.730    17.2964  36.262880    27.3814      8.652  249.28024  249.65015    -0.8136     5.5670 -9.990e-29
 149.411227      8.745    17.2983  36.263730    27.3809      8.667  249.27226  249.64224    -0.9537     5.5791 -9.990e-29
 149.411230      8.769    17.2948  36.267253    27.3876      8.690  249.27786  249.64766     0.3226     5.3082 -9.990e-29
 149.411233      8.801    17.2924  36.268955    27.3899      8.722  249.28517  249.65487     0.2603     5.3062 0.0000e+00
 149.411236      8.838    17.2901  36.270838    27.3923      8.759  249.29249  249.66207     0.3070     5.3082 0.0000e+00
 149.411238      8.880    17.2865  36.270596    27.3945      8.800  249.30611  249.67554     0.3070     5.3244 0.0000e+00
