seaocn-cb/data/ctd_cnv/SBE19plus_01907321_2024_05_29_Cast110.cnv
* Sea-Bird SBE19plus  Data File:
* FileName = E:\Prandtl_Daten\2024\29052024\raw\SBE19plus_01907321_2024_05_29_Cast110.hex
* Software version 2.6.1.12
* Temperature SN = 7321
* Conductivity SN = 7321
* System UpLoad Time = May 29 2024 13:34:29
* <ApplicationData>
* <Seaterm232>
** 20240529
** Sea Practical 2024
** MCat 27.05 CTD_M1
** NMEA Latitude = 54 06.03N
** NMEA Longitude = 008 25.25E
** waterdepth = 17m
** Till
# nquan = 11
# nvalues = 613                         
# units = specified
# name 0 = timeJ: Julian Days
# name 1 = prdM: Pressure, Strain Gauge [db]
# name 2 = tv290C: Temperature [ITS-90, deg C]
# name 3 = c0mS/cm: Conductivity [mS/cm]
# name 4 = sal00: Salinity, Practical [PSU]
# name 5 = depSM: Depth [salt water, m], lat = 54.00
# name 6 = oxsatMm/Kg: Oxygen Saturation, Weiss [umol/kg]
# name 7 = oxsolMm/Kg: Oxygen Saturation, Garcia & Gordon [umol/kg]
# name 8 = turbWETntu0: Turbidity, WET Labs ECO [NTU]
# name 9 = flECO-AFL: Fluorescence, WET Labs ECO-AFL/FL [mg/m^3]
# name 10 = flag:  0.000e+00
# span 0 = 150.559459, 150.561230       
# span 1 =      0.488,     16.390       
# span 2 =    15.2481,    15.3541       
# span 3 =  37.868360,  37.964588       
# span 4 =    30.2380,    30.2547       
# span 5 =      0.484,     16.244       
# span 6 =  253.99821,  254.54566       
# span 7 =  254.26095,  254.80309       
# span 8 =    -3.1950,     7.7000       
# span 9 =     3.1489,     7.1400       
# span 10 = 0.0000e+00, 0.0000e+00      
# interval = seconds: 0.25
# start_time = May 29 2024 13:24:08 [Instrument's time stamp, header]
# bad_flag = -9.990e-29
*END*
 150.559459      0.488    15.3449  37.958462    30.2526      0.484  254.03797  254.30022    -3.1794     3.6746 -9.990e-29
 150.559462      0.494    15.3467  37.960380    30.2529      0.490  254.02831  254.29066    -3.0704     3.6503 -9.990e-29
 150.559465      0.518    15.3503  37.962670    30.2520      0.513  254.01171  254.27424    -3.0860     3.6665 -9.990e-29
 150.559468      0.549    15.3509  37.962484    30.2522      0.544  254.00868  254.27123    -3.0860     3.4158 0.0000e+00
 150.559470      0.578    15.3514  37.963783    30.2520      0.573  254.00689  254.26950    -3.0860     3.1651 0.0000e+00
 150.559473      0.609    15.3516  37.962236    30.2515      0.604  254.00627  254.26887    -3.0237     3.1570 0.0000e+00
 150.559476      0.635    15.3517  37.963660    30.2507      0.629  254.00689  254.26950    -2.9615     3.1489 -9.990e-29
 150.559479      0.658    15.3515  37.961556    30.2502      0.653  254.00855  254.27116    -3.1950     3.1651 -9.990e-29
 150.559482      0.668    15.3515  37.961556    30.2502      0.662  254.00856  254.27117    -2.5724     3.8848 -9.990e-29
 150.559485      0.664    15.3522  37.962237    30.2503      0.658  254.00518  254.26782    -2.7280     3.8808 -9.990e-29
 150.559488      0.655    15.3522  37.964464    30.2522      0.649  254.00144  254.26407    -2.6502     3.9010 -9.990e-29
 150.559491      0.645    15.3527  37.964588    30.2520      0.640  253.99950  254.26215    -2.5724     3.8646 -9.990e-29
 150.559494      0.655    15.3539  37.963103    30.2491      0.649  253.99821  254.26095    -2.9615     3.3268 -9.990e-29
 150.559497      0.684    15.3541  37.962422    30.2485      0.678  253.99865  254.26139    -2.9226     3.3228 0.0000e+00
 150.559499      0.731    15.3539  37.961308    30.2479      0.725  253.99908  254.26184    -2.8837     3.3187 0.0000e+00
 150.559502      0.784    15.3538  37.958215    30.2477      0.777  254.00533  254.26803    -2.8837     3.2823 0.0000e+00
 150.559505      0.835    15.3530  37.960133    30.2477      0.828  254.00533  254.26803    -2.8525     3.2823 0.0000e+00
 150.559508      0.896    15.3526  37.961557    30.2493      0.888  254.00533  254.26799    -1.4518     3.3915 0.0000e+00
 150.559511      0.956    15.3524  37.962423    30.2493      0.947  254.00536  254.26799    -1.3739     3.3915 0.0000e+00
 150.559514      1.012    15.3524  37.961310    30.2503      1.003  254.00536  254.26799    -1.3739     3.4077 0.0000e+00
 150.559517      1.067    15.3526  37.962919    30.2502      1.057  254.00304  254.26570    -1.4829     3.3915 0.0000e+00
 150.559520      1.120    15.3526  37.962671    30.2503      1.110  254.00304  254.26570    -1.6541     3.3389 0.0000e+00
 150.559523      1.167    15.3525  37.963105    30.2505      1.157  254.00330  254.26596    -1.6852     3.3389 0.0000e+00
 150.559525      1.193    15.3523  37.958217    30.2508      1.182  254.00356  254.26621    -1.6541     3.3389 -9.990e-29
 150.559528      1.215    15.3503  37.954504    30.2447      1.204  254.02444  254.28703    -1.6385     3.3511 -9.990e-29
 150.559531      1.220    15.3474  37.952834    30.2454      1.209  254.03779  254.30023    -2.9459     3.4643 -9.990e-29
 150.559534      1.206    15.3442  37.948442    30.2440      1.195  254.05650  254.31879    -3.0393     3.4845 -9.990e-29
 150.559537      1.186    15.3406  37.943926    30.2428      1.175  254.07715  254.33926    -3.0082     3.5007 -9.990e-29
 150.559540      1.169    15.3374  37.948381    30.2492      1.159  254.08190  254.34381    -2.9304     3.4522 -9.990e-29
 150.559543      1.162    15.3358  37.946339    30.2486      1.151  254.09116  254.35299    -2.8214     3.6220 -9.990e-29
 150.559546      1.169    15.3343  37.943927    30.2476      1.159  254.10043  254.36219    -2.8837     3.6584 -9.990e-29
 150.559549      1.188    15.3319  37.944731    30.2500      1.177  254.10843  254.37006    -2.8837     3.6705 -9.990e-29
 150.559552      1.230    15.3314  37.944608    30.2507      1.219  254.10981  254.37140    -2.9148     3.6726 0.0000e+00
 150.559554      1.271    15.3309  37.945289    30.2514      1.260  254.11119  254.37275    -2.8837     3.6746 0.0000e+00
 150.559557      1.326    15.3307  37.945165    30.2514      1.314  254.11200  254.37355    -2.7747     3.6746 0.0000e+00
 150.559560      1.388    15.3305  37.942629    30.2511      1.376  254.11642  254.37793    -2.7436     3.6503 0.0000e+00
 150.559563      1.445    15.3300  37.944238    30.2510      1.432  254.11683  254.37839    -2.6813     3.6503 0.0000e+00
 150.559566      1.498    15.3298  37.943743    30.2510      1.484  254.11755  254.37905    -2.6269     3.6705 0.0000e+00
 150.559569      1.541    15.3296  37.942815    30.2510      1.528  254.11867  254.38017    -2.5724     3.6907 -9.990e-29
 150.559572      1.565    15.3295  37.947084    30.2540      1.551  254.11384  254.37531    -2.0432     4.0385 -9.990e-29
 150.559575      1.578    15.3300  37.944857    30.2516      1.564  254.11554  254.37705    -2.0743     4.0385 -9.990e-29
 150.559578      1.582    15.3310  37.949187    30.2547      1.568  254.10506  254.36660    -2.2611     4.0789 -9.990e-29
 150.559580      1.582    15.3322  37.949497    30.2540      1.568  254.09993  254.36154    -1.8097     4.4914 -9.990e-29
 150.559583      1.582    15.3332  37.947764    30.2517      1.568  254.09882  254.36050    -1.8876     4.4833 -9.990e-29
 150.559586      1.600    15.3343  37.949868    30.2527      1.586  254.09151  254.35323    -1.9187     4.4995 -9.990e-29
 150.559589      1.622    15.3330  37.943743    30.2469      1.608  254.10844  254.37015    -2.1522     4.1962 -9.990e-29
 150.559592      1.658    15.3319  37.942135    30.2469      1.644  254.11387  254.37552    -2.1989     4.0405 0.0000e+00
 150.559595      1.704    15.3308  37.940403    30.2469      1.689  254.11930  254.38089    -2.1522     3.8848 0.0000e+00
 150.559598      1.759    15.3287  37.937248    30.2458      1.743  254.13207  254.39356    -2.1988     3.8767 0.0000e+00
 150.559601      1.819    15.3263  37.935146    30.2458      1.803  254.14438  254.40575    -2.1055     3.8646 0.0000e+00
 150.559604      1.885    15.3228  37.935270    30.2485      1.868  254.15733  254.41850    -2.1055     3.8767 0.0000e+00
 150.559606      1.945    15.3202  37.933786    30.2492      1.928  254.16956  254.43059    -1.2027     4.2892 0.0000e+00
 150.559609      2.000    15.3193  37.933477    30.2497      1.982  254.17316  254.43415    -1.1716     4.2993 0.0000e+00
 150.559612      2.027    15.3184  37.932178    30.2503      2.009  254.17676  254.43770    -1.2027     4.2892 -9.990e-29
 150.559615      2.033    15.3160  37.930756    30.2498      2.014  254.19002  254.45084    -1.1094     4.2892 -9.990e-29
 150.559618      2.020    15.3147  37.929952    30.2500      2.002  254.19591  254.45667    -2.2611     4.8513 -9.990e-29
 150.559621      1.994    15.3135  37.930756    30.2517      1.977  254.19931  254.45999    -2.0743     4.8715 -9.990e-29
 150.559624      1.963    15.3127  37.929952    30.2516      1.946  254.20344  254.46409    -2.2300     4.8674 -9.990e-29
 150.559627      1.936    15.3126  37.929704    30.2514      1.919  254.20410  254.46474    -2.1988     4.8553 -9.990e-29
 150.559630      1.921    15.3127  37.926055    30.2481      1.904  254.20945  254.47012    -2.1833     4.8351 -9.990e-29
 150.559633      1.930    15.3126  37.928591    30.2505      1.913  254.20582  254.46647    -2.0899     4.8553 -9.990e-29
 150.559635      1.952    15.3124  37.929086    30.2511      1.935  254.20594  254.46657    -2.0899     4.8755 -9.990e-29
 150.559638      1.998    15.3120  37.929272    30.2519      1.980  254.20650  254.46710    -1.8097     4.8836 -9.990e-29
 150.559641      2.051    15.3119  37.929705    30.2522      2.033  254.20653  254.46712    -1.7008     4.5358 0.0000e+00
 150.559644      2.115    15.3118  37.930262    30.2525      2.096  254.20655  254.46714    -1.6230     4.1881 0.0000e+00
 150.559647      2.181    15.3117  37.930138    30.2525      2.161  254.20707  254.46766    -1.6230     4.1881 0.0000e+00
 150.559650      2.241    15.3114  37.929087    30.2518      2.221  254.20936  254.46994    -1.6230     4.1841 0.0000e+00
 150.559653      2.304    15.3114  37.929273    30.2518      2.284  254.20936  254.46994    -1.5452     4.1962 0.0000e+00
 150.559656      2.364    15.3113  37.929954    30.2518      2.343  254.20936  254.46994    -1.4518     4.6693 0.0000e+00
 150.559659      2.419    15.3112  37.925624    30.2492      2.398  254.21595  254.47654    -1.4518     4.6693 0.0000e+00
 150.559661      2.470    15.3110  37.925933    30.2492      2.448  254.21595  254.47654    -1.4051     4.6733 0.0000e+00
 150.559664      2.519    15.3109  37.928655    30.2508      2.497  254.21424  254.47479    -1.4829     4.6733 0.0000e+00
 150.559667      2.567    15.3109  37.927728    30.2512      2.544  254.21337  254.47392    -1.7553     5.0676 0.0000e+00
 150.559670      2.599    15.3108  37.928346    30.2508      2.576  254.21424  254.47479    -2.2300     5.4618 -9.990e-29
 150.559673      2.618    15.3107  37.927233    30.2505      2.594  254.21562  254.47617    -2.2144     5.4335 -9.990e-29
 150.559676      2.614    15.3104  37.929274    30.2525      2.591  254.21333  254.47385    -2.1055     5.4901 -9.990e-29
 150.559679      2.594    15.3105  37.927233    30.2506      2.571  254.21619  254.47673    -1.8409     5.8217 -9.990e-29
 150.559682      2.567    15.3102  37.921666    30.2459      2.544  254.22595  254.48651    -1.9343     5.8177 -9.990e-29
 150.559685      2.538    15.3086  37.921914    30.2474      2.515  254.23137  254.49184    -1.7631     5.8419 -9.990e-29
 150.559688      2.516    15.3067  37.920677    30.2478      2.494  254.24055  254.50092    -1.8564     5.8217 -9.990e-29
 150.559690      2.498    15.3047  37.921234    30.2498      2.475  254.24724  254.50749    -1.7164     5.7934 -9.990e-29
 150.559693      2.494    15.3031  37.918822    30.2489      2.472  254.25680  254.51698    -1.4051     5.4335 -9.990e-29
 150.559696      2.514    15.3019  37.914369    30.2459      2.492  254.26836  254.52850    -1.3273     5.4497 -9.990e-29
 150.559699      2.543    15.3002  37.919317    30.2509      2.520  254.26830  254.52831    -1.4673     5.4214 -9.990e-29
 150.559702      2.582    15.2999  37.918575    30.2506      2.559  254.27005  254.53006    -1.5762     5.2435 0.0000e+00
 150.559705      2.640    15.2997  37.917462    30.2503      2.617  254.27180  254.53180    -1.6852     5.0656 0.0000e+00
 150.559708      2.700    15.2997  37.916720    30.2503      2.676  254.27180  254.53180    -1.6852     5.0534 0.0000e+00
 150.559711      2.764    15.3001  37.919441    30.2517      2.740  254.26736  254.52736    -1.7475     5.0453 0.0000e+00
 150.559714      2.828    15.3002  37.920246    30.2517      2.803  254.26736  254.52736    -1.5452     5.0453 0.0000e+00
 150.559716      2.901    15.3002  37.916782    30.2520      2.875  254.26672  254.52672    -1.4829     5.4376 0.0000e+00
 150.559719      2.972    15.3001  37.919937    30.2509      2.946  254.26906  254.52907    -1.4051     5.4376 0.0000e+00
 150.559722      3.042    15.3000  37.918638    30.2509      3.015  254.26906  254.52907    -1.4829     5.4376 0.0000e+00
 150.559725      3.109    15.2993  37.916103    30.2497      3.082  254.27565  254.53563    -1.4829     5.4335 0.0000e+00
 150.559728      3.162    15.2989  37.916041    30.2495      3.134  254.27717  254.53713    -1.4829     5.4375 0.0000e+00
 150.559731      3.197    15.2985  37.914372    30.2497      3.168  254.27869  254.53863    -1.4829     5.4335 -9.990e-29
 150.559734      3.211    15.2968  37.915485    30.2505      3.183  254.28598  254.54583    -1.3428     5.4376 -9.990e-29
 150.559737      3.208    15.2964  37.915114    30.2506      3.179  254.28830  254.54812    -1.4829     5.4335 -9.990e-29
 150.559740      3.201    15.2956  37.913444    30.2497      3.172  254.29379  254.55358    -1.2806     5.4538 -9.990e-29
 150.559742      3.175    15.2953  37.913259    30.2497      3.147  254.29494  254.55472    -1.3117     5.9754 -9.990e-29
 150.559745      3.144    15.2950  37.912578    30.2493      3.116  254.29714  254.55690    -1.3273     5.9471 -9.990e-29
 150.559748      3.109    15.2946  37.911651    30.2489      3.082  254.30030  254.56004    -1.4518     5.9633 -9.990e-29
 150.559751      3.080    15.2943  37.914186    30.2513      3.053  254.29723  254.55694    -1.3739     5.9228 -9.990e-29
 150.559754      3.056    15.2941  37.912331    30.2499      3.029  254.30096  254.56067    -1.8876     5.7489 -9.990e-29
 150.559757      3.044    15.2938  37.911589    30.2495      3.016  254.30327  254.56297    -1.9965     5.7328 -9.990e-29
 150.559760      3.060    15.2939  37.910537    30.2484      3.033  254.30432  254.56404    -2.0743     5.8015 -9.990e-29
 150.559763      3.095    15.2937  37.912578    30.2504      3.067  254.30205  254.56175    -1.9498     5.7651 -9.990e-29
 150.559766      3.151    15.2932  37.909981    30.2472      3.123  254.31040  254.57008    -1.6385     5.3041 -9.990e-29
 150.559769      3.223    15.2932  37.908559    30.2483      3.194  254.30827  254.56795    -1.5762     5.3021 0.0000e+00
 150.559771      3.310    15.2932  37.911157    30.2475      3.281  254.30954  254.56923    -1.6385     5.3001 0.0000e+00
 150.559774      3.400    15.2932  37.908993    30.2494      3.369  254.30613  254.56581    -1.6385     5.3001 0.0000e+00
 150.559777      3.485    15.2938  37.914126    30.2489      3.454  254.30300  254.56272    -1.6385     5.7206 0.0000e+00
 150.559780      3.569    15.2940  37.911405    30.2499      3.537  254.30006  254.55978    -1.6385     5.7206 0.0000e+00
 150.559783      3.640    15.2943  37.912766    30.2499      3.608  254.30006  254.55978    -1.6541     5.7206 0.0000e+00
 150.559786      3.697    15.2945  37.914869    30.2507      3.664  254.29787  254.55759    -1.7241     5.7287 0.0000e+00
 150.559789      3.735    15.2946  37.914560    30.2515      3.702  254.29567  254.55540    -1.7942     5.7004 -9.990e-29
 150.559792      3.755    15.2950  37.912766    30.2494      3.722  254.29751  254.55727    -1.0160     5.6681 -9.990e-29
 150.559795      3.764    15.2953  37.914807    30.2509      3.731  254.29319  254.55296    -0.8759     5.6276 -9.990e-29
 150.559797      3.763    15.2957  37.914560    30.2504      3.729  254.29212  254.55191    -1.0160     5.6438 -9.990e-29
 150.559800      3.761    15.2960  37.917652    30.2529      3.727  254.28587  254.54566    -0.8759     5.5872 -9.990e-29
 150.559803      3.750    15.2972  37.916353    30.2508      3.716  254.28351  254.54338    -2.4012     5.5144 -9.990e-29
 150.559806      3.731    15.2986  37.918827    30.2519      3.698  254.27443  254.53436    -2.4479     5.4861 -9.990e-29
 150.559809      3.712    15.2997  37.919692    30.2519      3.678  254.26900  254.52899    -2.4323     5.5589 -9.990e-29
 150.559812      3.695    15.3004  37.918579    30.2503      3.662  254.26810  254.52813    -2.3389     5.5023 -9.990e-29
 150.559815      3.686    15.3006  37.919321    30.2509      3.653  254.26636  254.52639    -1.9965     5.5468 -9.990e-29
 150.559818      3.683    15.3006  37.917713    30.2494      3.650  254.26856  254.52861    -1.9187     5.5023 -9.990e-29
 150.559821      3.693    15.3006  37.915796    30.2478      3.660  254.27182  254.53188    -1.9187     5.5104 -9.990e-29
 150.559823      3.713    15.3006  37.916600    30.2478      3.680  254.27137  254.53143    -2.5101     5.5144 -9.990e-29
 150.559826      3.744    15.3006  37.915920    30.2480      3.711  254.27091  254.53096    -2.4712     5.5003 0.0000e+00
 150.559829      3.785    15.3006  37.916538    30.2478      3.751  254.27137  254.53143    -2.4479     5.4861 0.0000e+00
 150.559832      3.830    15.3002  37.915673    30.2483      3.796  254.27326  254.53330    -2.4479     5.4861 0.0000e+00
 150.559835      3.887    15.2997  37.916972    30.2478      3.852  254.27332  254.53332    -2.4479     5.4861 0.0000e+00
