seaocn-cb/data/ctd_cnv/SBE19plus_01907321_2024_05_23_Cast24.cnv
* Sea-Bird SBE19plus  Data File:
* FileName = E:\Prandtl_Daten\2024\CTD\raw\SBE19plus_01907321_2024_05_23_Cast24.hex
* Software version 2.6.1.12
* Temperature SN = 7321
* Conductivity SN = 7321
* System UpLoad Time = May 23 2024 08:50:29
* <ApplicationData>
* <Seaterm232>
** 20240522
** Sea Practical 2024
** MCat 23.05 CTD_NP4
** NMEA Latitude = 054 11.39N
** NMEA Longitude = 008 29.56E
** waterdepth = 9.3m
** Maja
# nquan = 11
# nvalues = 351                         
# units = specified
# name 0 = timeJ: Julian Days
# name 1 = prdM: Pressure, Strain Gauge [db]
# name 2 = tv290C: Temperature [ITS-90, deg C]
# name 3 = c0mS/cm: Conductivity [mS/cm]
# name 4 = sal00: Salinity, Practical [PSU]
# name 5 = depSM: Depth [salt water, m], lat = 54.00
# name 6 = oxsatMm/Kg: Oxygen Saturation, Weiss [umol/kg]
# name 7 = oxsolMm/Kg: Oxygen Saturation, Garcia & Gordon [umol/kg]
# name 8 = turbWETntu0: Turbidity, WET Labs ECO [NTU]
# name 9 = flECO-AFL: Fluorescence, WET Labs ECO-AFL/FL [mg/m^3]
# name 10 = flag:  0.000e+00
# span 0 = 144.363492, 144.364505       
# span 1 =      0.470,      8.314       
# span 2 =    15.6990,    16.1156       
# span 3 =  36.096305,  36.230331       
# span 4 =    28.1046,    28.4669       
# span 5 =      0.466,      8.240       
# span 6 =  253.86305,  255.35755       
# span 7 =  254.17777,  255.65052       
# span 8 =    -4.1911,    11.2798       
# span 9 =     3.3147,    11.6810       
# span 10 = 0.0000e+00, 0.0000e+00      
# interval = seconds: 0.25
# start_time = May 23 2024 08:42:05 [Instrument's time stamp, header]
# bad_flag = -9.990e-29
*END*
[from data line 263]
 144.364253      7.577    15.7761  36.194562    28.3808      7.510  255.11152  255.40871     5.4276     8.6806 -9.990e-29
 144.364256      7.594    15.7774  36.195472    28.3807      7.526  255.10530  255.40255     5.5054     8.6644 -9.990e-29
 144.364259      7.610    15.7785  36.194137    28.3787      7.542  255.10310  255.40041     5.6922     8.6887 -9.990e-29
 144.364262      7.630    15.7800  36.193651    28.3759      7.562  255.10011  255.39752     5.4587     8.6321 -9.990e-29
 144.364265      7.660    15.7804  36.192134    28.3771      7.591  255.09623  255.39364     5.8712     8.5431 0.0000e+00
 144.364268      7.698    15.7805  36.195472    28.3782      7.629  255.09234  255.38976     6.2836     8.4905 0.0000e+00
 144.364271      7.745    15.7805  36.196322    28.3782      7.676  255.09234  255.38976     6.2992     8.4663 0.0000e+00
 144.364274      7.791    15.7793  36.193045    28.3791      7.721  255.10183  255.39919     6.2992     8.4905 0.0000e+00
 144.364277      7.837    15.7780  36.195655    28.3800      7.766  255.10274  255.40002     6.2992     8.4663 0.0000e+00
 144.364280      7.875    15.7773  36.194138    28.3802      7.805  255.10663  255.40388     7.3731     8.2802 0.0000e+00
 144.364282      7.904    15.7766  36.198508    28.3800      7.833  255.11051  255.40773     8.4626     8.0619 -9.990e-29
 144.364285      7.928    15.7729  36.198509    28.3864      7.857  255.11784  255.41484     8.7272     8.1266 -9.990e-29
 144.364288      7.951    15.7718  36.198994    28.3877      7.880  255.12165  255.41859     8.4626     8.0902 -9.990e-29
 144.364291      7.973    15.7709  36.197902    28.3873      7.902  255.12666  255.42355     8.6183     8.2196 -9.990e-29
 144.364294      7.990    15.7698  36.198752    28.3889      7.918  255.12961  255.42645     8.4626     8.1913 -9.990e-29
 144.364297      8.015    15.7688  36.202091    28.3924      7.943  255.12819  255.42495     8.6027     8.2600 -9.990e-29
 144.364300      8.033    15.7673  36.200634    28.3922      7.962  255.13616  255.43286     8.4938     8.1630 -9.990e-29
 144.364303      8.057    15.7625  36.202941    28.3996      7.985  255.14774  255.44416    10.0191     8.3450 -9.990e-29
 144.364306      8.084    15.7625  36.205188    28.3996      8.012  255.14774  255.44416    10.0191     8.3450 0.0000e+00
 144.364308      8.110    15.7625  36.202760    28.3996      8.037  255.14774  255.44416    10.0191     8.3450 -9.990e-29
 144.364311      8.130    15.7592  36.205370    28.4022      8.057  255.16020  255.45645    10.1124     8.2681 -9.990e-29
 144.364314      8.152    15.7571  36.208042    28.4060      8.079  255.16433  255.46045    10.0657     8.2803 -9.990e-29
 144.364317      8.165    15.7552  36.206099    28.4057      8.092  255.17455  255.47058     8.4315    11.6810 -9.990e-29
 144.364320      8.172    15.7532  36.206282    28.4072      8.099  255.18185  255.47777     8.5871    11.6082 -9.990e-29
 144.364323      8.161    15.7522  36.206282    28.4079      8.088  255.18547  255.48135     8.5560    11.6446 -9.990e-29
 144.364326      8.159    15.7522  36.206464    28.4081      8.086  255.18550  255.48137     8.6183    11.6324 -9.990e-29
 144.364329      8.168    15.7515  36.208042    28.4100      8.095  255.18553  255.48135    10.1280     8.2924 -9.990e-29
 144.364332      8.181    15.7498  36.208650    28.4117      8.108  255.19127  255.48700    10.2214     8.2520 -9.990e-29
 144.364334      8.194    15.7481  36.208893    28.4131      8.120  255.19726  255.49291    10.4237     8.2439 -9.990e-29
 144.364337      8.210    15.7466  36.209136    28.4144      8.137  255.20265  255.49822    10.1903     8.2843 -9.990e-29
 144.364340      8.225    15.7452  36.211322    28.4173      8.151  255.20478  255.50026    11.2798     8.2843 -9.990e-29
 144.364343      8.232    15.7444  36.212900    28.4193      8.158  255.20572  255.50114    11.0930     8.3045 -9.990e-29
 144.364346      8.236    15.7435  36.211322    28.4186      8.162  255.21145  255.50683    11.1708     8.3167 -9.990e-29
 144.364349      8.238    15.7421  36.213083    28.4211      8.164  255.21391  255.50922    11.0619     8.2964 -9.990e-29
 144.364352      8.238    15.7411  36.213083    28.4218      8.164  255.21785  255.51310    10.6416     8.8706 -9.990e-29
 144.364355      8.230    15.7392  36.215997    28.4257      8.157  255.22067  255.51581    10.6261     8.9030 -9.990e-29
 144.364358      8.225    15.7364  36.217940    28.4294      8.151  255.22861  255.52358    10.6261     8.9192 -9.990e-29
 144.364361      8.214    15.7333  36.218426    28.4321      8.141  255.23966  255.53447    10.6727     8.8949 -9.990e-29
 144.364363      8.205    15.7305  36.219944    28.4355      8.131  255.24823  255.54289    10.7973     8.8868 -9.990e-29
 144.364366      8.194    15.7272  36.221706    28.4394      8.121  255.25825  255.55272     9.9568     9.9948 -9.990e-29
 144.364369      8.189    15.7225  36.223710    28.4445      8.115  255.27304  255.56726     9.8790     9.9867 -9.990e-29
 144.364372      8.181    15.7177  36.228325    28.4519      8.108  255.28446  255.57839     9.8945     9.9786 -9.990e-29
 144.364375      8.183    15.7127  36.229418    28.4565      8.110  255.30185  255.59551    10.0191    10.0231 -9.990e-29
 144.364378      8.190    15.7083  36.227233    28.4577      8.117  255.32212  255.61556     8.2292     7.9689 -9.990e-29
 144.364381      8.196    15.7048  36.229662    28.4623      8.122  255.33172  255.62497     8.2292     8.0012 -9.990e-29
 144.364384      8.212    15.7020  36.227598    28.4626      8.139  255.34576  255.63887     8.2759     7.9325 -9.990e-29
 144.364387      8.225    15.6999  36.228813    28.4651      8.151  255.35178  255.64478     8.2292     7.9568 -9.990e-29
 144.364389      8.234    15.6990  36.228327    28.4654      8.160  255.35615  255.64910     8.0113     8.0336 -9.990e-29
 144.364392      8.234    15.6992  36.227659    28.4646      8.160  255.35626  255.64923     7.9646     8.0498 -9.990e-29
 144.364395      8.229    15.6992  36.230331    28.4669      8.155  255.35219  255.64514     8.0580     8.0174 -9.990e-29
 144.364398      8.221    15.6992  36.226809    28.4639      8.148  255.35755  255.65052     8.0580     8.0457 -9.990e-29
 144.364401      8.209    15.6996  36.226566    28.4634      8.135  255.35670  255.64970     7.1552     8.1064 -9.990e-29
 144.364404      8.192    15.7000  36.226809    28.4633      8.119  255.35451  255.64752     6.9529     8.0902 -9.990e-29
 144.364407      8.181    15.7011  36.223712    28.4598      8.108  255.35499  255.64808     7.2175     8.1023 -9.990e-29
 144.364410      8.178    15.7030  36.220190    28.4554      8.104  255.35310  255.64631     7.0463     8.1104 -9.990e-29
 144.364413      8.174    15.7048  36.222376    28.4561      8.101  255.34311  255.63640     7.0619     8.0821 -9.990e-29
 144.364416      8.179    15.7060  36.224380    28.4569      8.106  255.33523  255.62857     7.8556     8.0376 -9.990e-29
 144.364418      8.190    15.7066  36.223833    28.4560      8.117  255.33365  255.62702     7.7000     8.0376 -9.990e-29
 144.364421      8.198    15.7071  36.223287    28.4551      8.124  255.33267  255.62608     7.8245     7.9932 -9.990e-29
 144.364424      8.203    15.7075  36.222376    28.4541      8.130  255.33255  255.62598     7.8712     8.0376 -9.990e-29
 144.364427      8.209    15.7078  36.223469    28.4548      8.135  255.32968  255.62312     6.9373     8.2560 -9.990e-29
 144.364430      8.209    15.7081  36.221708    28.4530      8.135  255.33115  255.62462     6.9840     8.1873 -9.990e-29
 144.364433      8.216    15.7086  36.221708    28.4527      8.142  255.32934  255.62283     6.9685     8.2520 -9.990e-29
 144.364436      8.214    15.7094  36.222133    28.4525      8.141  255.32567  255.61920     7.0152     8.1913 -9.990e-29
 144.364439      8.219    15.7098  36.220615    28.4509      8.146  255.32647  255.62003     5.3654     7.9729 -9.990e-29
 144.364442      8.229    15.7100  36.219947    28.4501      8.155  255.32658  255.62017     5.2253     7.9689 -9.990e-29
 144.364444      8.240    15.7102  36.222133    28.4519      8.166  255.32266  255.61623     5.2720     7.9891 -9.990e-29
 144.364447      8.249    15.7102  36.222801    28.4525      8.175  255.32164  255.61522     5.3965     7.9446 -9.990e-29
 144.364450      8.252    15.7103  36.221526    28.4513      8.179  255.32329  255.61687     4.7584     8.1994 -9.990e-29
 144.364453      8.254    15.7106  36.220372    28.4501      8.180  255.32383  255.61744     4.9918     8.1751 -9.990e-29
 144.364456      8.245    15.7111  36.219704    28.4491      8.171  255.32273  255.61637     4.8517     8.1387 -9.990e-29
 144.364459      8.234    15.7119  36.217275    28.4464      8.160  255.32340  255.61710     4.7428     8.1226 -9.990e-29
 144.364462      8.216    15.7130  36.216668    28.4451      8.142  255.32008  255.61384     4.8517     8.1994 -9.990e-29
 144.364465      8.196    15.7138  36.219279    28.4468      8.122  255.31307  255.60685     5.8167     8.3409 -9.990e-29
 144.364468      8.176    15.7144  36.219157    28.4463      8.102  255.31112  255.60494     5.5833     8.2520 -9.990e-29
 144.364470      8.157    15.7143  36.217518    28.4450      8.084  255.31391  255.60773     5.8478     8.2439 -9.990e-29
 144.364473      8.141    15.7139  36.217760    28.4455      8.068  255.31504  255.60884     5.9412     8.2317 -9.990e-29
 144.364476      8.126    15.7134  36.219521    28.4474      8.054  255.31417  255.60793     5.5988     7.6616 -9.990e-29
 144.364479      8.117    15.7131  36.218185    28.4464      8.045  255.31741  255.61116     5.5210     7.6211 -9.990e-29
 144.364482      8.115    15.7127  36.218185    28.4467      8.043  255.31892  255.61265     5.7078     7.6737 -9.990e-29
 144.364485      8.126    15.7126  36.219825    28.4482      8.054  255.31703  255.61075     5.3654     7.6656 -9.990e-29
 144.364488      8.141    15.7122  36.220371    28.4488      8.068  255.31802  255.61171     4.1047     8.0296 -9.990e-29
 144.364491      8.174    15.7123  36.220189    28.4478      8.101  255.31910  255.61280     4.3148     8.0336 0.0000e+00
 144.364494      8.212    15.7122  36.218186    28.4478      8.139  255.31942  255.61312     4.2914     8.0296 0.0000e+00
 144.364497      8.249    15.7123  36.219097    28.4474      8.175  255.31980  255.61351     4.4082     8.0235 0.0000e+00
 144.364499      8.283    15.7122  36.220190    28.4478      8.209  255.31942  255.61312     4.2914     8.0093 -9.990e-29
 144.364502      8.305    15.7124  36.219158    28.4477      8.231  255.31876  255.61247     3.9801     8.1994 -9.990e-29
 144.364505      8.314    15.7127  36.217518    28.4461      8.240  255.32005  255.61379     4.2292     8.2439 -9.990e-29
