seaocn-cb/data/ctd_cnv/SBE19plus_01907321_2024_05_30_Cast114.cnv
* Sea-Bird SBE19plus  Data File:
* FileName = E:\Prandtl_Daten\2024\30052024\raw\SBE19plus_01907321_2024_05_30_Cast114.hex
* Software version 2.6.1.12
* Temperature SN = 7321
* Conductivity SN = 7321
* System UpLoad Time = May 30 2024 08:56:26
* <ApplicationData>
* <Seaterm232>
** 20240529
** Sea Practical 2024
** MCat 30.05 CTD_SP8
** NMEA Latitude = 54 08.509N
** NMEA Longitude = 008 17.957E
** waterdepth = 14.7m
** Isabelle
# nquan = 11
# nvalues = 442                         
# units = specified
# name 0 = timeJ: Julian Days
# name 1 = prdM: Pressure, Strain Gauge [db]
# name 2 = tv290C: Temperature [ITS-90, deg C]
# name 3 = c0mS/cm: Conductivity [mS/cm]
# name 4 = sal00: Salinity, Practical [PSU]
# name 5 = depSM: Depth [salt water, m], lat = 54.00
# name 6 = oxsatMm/Kg: Oxygen Saturation, Weiss [umol/kg]
# name 7 = oxsolMm/Kg: Oxygen Saturation, Garcia & Gordon [umol/kg]
# name 8 = turbWETntu0: Turbidity, WET Labs ECO [NTU]
# name 9 = flECO-AFL: Fluorescence, WET Labs ECO-AFL/FL [mg/m^3]
# name 10 = flag:  0.000e+00
# span 0 = 151.368906, 151.370182       
# span 1 =      0.620,     13.838       
# span 2 =    15.1461,    15.3507       
# span 3 =  38.055147,  38.155867       
# span 4 =    30.4036,    30.5247       
# span 5 =      0.614,     13.714       
# span 6 =  253.71489,  254.57944       
# span 7 =  253.97612,  254.82944       
# span 8 =    -3.5218,     6.5794       
# span 9 =     1.3616,     6.1007       
# span 10 = 0.0000e+00, 0.0000e+00      
# interval = seconds: 0.25
# start_time = May 30 2024 08:49:52 [Instrument's time stamp, header]
# bad_flag = -9.990e-29
*END*
[from data line 394]
 151.370046     12.360    15.1539  38.086883    30.5113     12.249  254.55886  254.80936     2.8284     6.0765 -9.990e-29
 151.370049     12.386    15.1537  38.087937    30.5116     12.275  254.55916  254.80964     2.7739     5.7652 0.0000e+00
 151.370052     12.415    15.1535  38.088495    30.5120     12.304  254.55946  254.80993     2.7194     5.4861 0.0000e+00
 151.370055     12.457    15.1529  38.089796    30.5120     12.345  254.55978  254.81020     2.7194     5.4538 0.0000e+00
 151.370058     12.504    15.1526  38.086512    30.5137     12.392  254.56187  254.81226     2.7506     5.4457 0.0000e+00
 151.370061     12.564    15.1523  38.089796    30.5140     12.452  254.56210  254.81245     2.8128     5.4295 0.0000e+00
 151.370064     12.630    15.1517  38.091160    30.5141     12.517  254.56210  254.81245     3.8868     4.6895 0.0000e+00
 151.370067     12.696    15.1515  38.089115    30.5154     12.582  254.56469  254.81502     3.8868     4.6895 0.0000e+00
 151.370069     12.762    15.1513  38.090479    30.5154     12.647  254.56469  254.81502     3.8245     4.6895 0.0000e+00
 151.370072     12.820    15.1513  38.092524    30.5163     12.705  254.56312  254.81344     3.7700     4.6693 0.0000e+00
 151.370075     12.855    15.1513  38.089116    30.5172     12.740  254.56154  254.81185     3.7155     4.6410 -9.990e-29
 151.370078     12.879    15.1509  38.091161    30.5162     12.763  254.56515  254.81545     4.0424     5.1464 -9.990e-29
 151.370081     12.889    15.1506  38.092400    30.5176     12.774  254.56467  254.81494     3.9490     5.1505 -9.990e-29
 151.370084     12.889    15.1501  38.092029    30.5177     12.774  254.56699  254.81723     4.0735     5.1222 -9.990e-29
 151.370087     12.886    15.1500  38.090913    30.5167     12.770  254.56901  254.81926     4.0891     5.1667 -9.990e-29
 151.370090     12.875    15.1499  38.093082    30.5188     12.759  254.56621  254.81643     2.4082     4.9119 -9.990e-29
 151.370093     12.871    15.1501  38.092276    30.5179     12.756  254.56659  254.81684     2.5171     4.8876 -9.990e-29
 151.370095     12.867    15.1499  38.092710    30.5184     12.752  254.56649  254.81672     2.5794     4.9079 -9.990e-29
 151.370098     12.873    15.1499  38.087010    30.5133     12.758  254.57538  254.82565     2.5482     4.9321 -9.990e-29
 151.370101     12.891    15.1503  38.085151    30.5159     12.776  254.56884  254.81911     3.0930     5.2354 -9.990e-29
 151.370104     12.919    15.1504  38.090294    30.5155     12.803  254.56929  254.81957     3.1163     5.2294 0.0000e+00
 151.370107     12.959    15.1505  38.089364    30.5154     12.843  254.56884  254.81911     3.0930     5.2354 0.0000e+00
 151.370110     13.008    15.1506  38.090046    30.5150     12.891  254.56974  254.82002     3.1397     5.2961 0.0000e+00
 151.370113     13.062    15.1506  38.088869    30.5154     12.945  254.56784  254.81813     3.5288     5.3486 0.0000e+00
 151.370116     13.126    15.1506  38.090294    30.5152     13.009  254.56999  254.82029     3.5288     5.3567 0.0000e+00
 151.370119     13.190    15.1503  38.089613    30.5156     13.072  254.56781  254.81810     3.4976     5.4052 0.0000e+00
 151.370122     13.258    15.1501  38.093083    30.5183     13.139  254.56793  254.81815     3.4976     5.3931 0.0000e+00
 151.370124     13.321    15.1497  38.092526    30.5185     13.202  254.56793  254.81815     3.7467     5.3931 0.0000e+00
 151.370127     13.374    15.1495  38.093394    30.5189     13.255  254.56814  254.81835     5.1631     5.2192 0.0000e+00
 151.370130     13.405    15.1492  38.093332    30.5194     13.285  254.56835  254.81854     6.5794     5.0453 -9.990e-29
 151.370133     13.422    15.1486  38.093828    30.5202     13.302  254.57002  254.82017     6.4393     5.0292 -9.990e-29
 151.370136     13.424    15.1481  38.094757    30.5215     13.303  254.57060  254.82071     6.4393     5.0898 -9.990e-29
 151.370139     13.418    15.1477  38.095687    30.5226     13.298  254.57059  254.82067     5.3654     5.6195 -9.990e-29
 151.370142     13.406    15.1475  38.095873    30.5229     13.285  254.57087  254.82094     5.3965     5.6276 -9.990e-29
 151.370145     13.404    15.1476  38.095191    30.5222     13.284  254.57164  254.82173     5.4899     5.6802 -9.990e-29
 151.370148     13.411    15.1475  38.096740    30.5237     13.291  254.56981  254.81987     5.3965     5.6438 -9.990e-29
 151.370150     13.427    15.1470  38.096306    30.5244     13.307  254.57100  254.82103     5.6766     5.4861 -9.990e-29
 151.370153     13.453    15.1470  38.097112    30.5245     13.332  254.57076  254.82080     5.6066     5.4558 0.0000e+00
 151.370156     13.484    15.1470  38.097422    30.5247     13.363  254.57100  254.82103     5.5833     5.4780 0.0000e+00
 151.370159     13.530    15.1467  38.097422    30.5247     13.409  254.57172  254.82173     5.5366     5.4780 0.0000e+00
 151.370162     13.575    15.1464  38.095935    30.5238     13.454  254.57522  254.82523     3.9490     5.6640 0.0000e+00
 151.370165     13.627    15.1461  38.095192    30.5233     13.505  254.57728  254.82728     3.8556     5.6640 0.0000e+00
 151.370168     13.678    15.1461  38.093829    30.5233     13.555  254.57728  254.82728     3.6844     5.6802 0.0000e+00
 151.370171     13.720    15.1464  38.096370    30.5221     13.597  254.57944  254.82944     3.7934     5.6802 0.0000e+00
 151.370174     13.767    15.1467  38.090297    30.5222     13.644  254.57488  254.82493     3.7934     5.6802 0.0000e+00
 151.370177     13.800    15.1469  38.094759    30.5204     13.676  254.57893  254.82898     3.9880     5.4174 0.0000e+00
 151.370179     13.834    15.1470  38.093395    30.5222     13.710  254.57488  254.82493     4.1825     5.1303 -9.990e-29
 151.370182     13.838    15.1478  38.092962    30.5200     13.714  254.57481  254.82492     4.3070     5.2152 -9.990e-29
