seaocn-cb/data/ctd_cnv/SBE19plus_01907321_2024_05_25_Cast58.cnv
* Sea-Bird SBE19plus  Data File:
* FileName = E:\Prandtl_Daten\2024\25052024\raw\SBE19plus_01907321_2024_05_25_Cast58.hex
* Software version 2.6.1.12
* Temperature SN = 7321
* Conductivity SN = 7321
* System UpLoad Time = May 25 2024 12:11:58
* <ApplicationData>
* <Seaterm232>
** 20240525
** Sea Practical 2024
** MCat 25.05 CTD_SP2
** NMEA Latitude = 054 05.978N
** NMEA Longitude = 008 34.824E
** waterdepth =17m
** Isabelle
# nquan = 11
# nvalues = 572                         
# units = specified
# name 0 = timeJ: Julian Days
# name 1 = prdM: Pressure, Strain Gauge [db]
# name 2 = tv290C: Temperature [ITS-90, deg C]
# name 3 = c0mS/cm: Conductivity [mS/cm]
# name 4 = sal00: Salinity, Practical [PSU]
# name 5 = depSM: Depth [salt water, m], lat = 54.00
# name 6 = oxsatMm/Kg: Oxygen Saturation, Weiss [umol/kg]
# name 7 = oxsolMm/Kg: Oxygen Saturation, Garcia & Gordon [umol/kg]
# name 8 = turbWETntu0: Turbidity, WET Labs ECO [NTU]
# name 9 = flECO-AFL: Fluorescence, WET Labs ECO-AFL/FL [mg/m^3]
# name 10 = flag:  0.000e+00
# span 0 = 146.503704, 146.505356       
# span 1 =      0.522,     15.844       
# span 2 =    15.9873,    16.7291       
# span 3 =  35.900048,  36.256922       
# span 4 =    27.4741,    28.2798       
# span 5 =      0.517,     15.702       
# span 6 =  251.89102,  254.22005       
# span 7 =  252.23680,  254.52777       
# span 8 =    -0.4090,    18.8128       
# span 9 =     4.7502,     8.1792       
# span 10 = 0.0000e+00, 0.0000e+00      
# interval = seconds: 0.25
# start_time = May 25 2024 12:03:28 [Instrument's time stamp, header]
# bad_flag = -9.990e-29
*END*
 146.503704      0.522    16.7261  35.915104    27.4782      0.517  251.90862  252.25431    -0.3623     4.9928 -9.990e-29
 146.503707      0.536    16.7275  35.915225    27.4796      0.532  251.89897  252.24472    -0.4090     4.8027 -9.990e-29
 146.503709      0.578    16.7278  35.917948    27.4789      0.573  251.89887  252.24464    -0.3623     4.7966 0.0000e+00
 146.503712      0.637    16.7281  35.916617    27.4781      0.631  251.89897  252.24472    -0.4090     4.8027 0.0000e+00
 146.503715      0.715    16.7283  35.915528    27.4779      0.709  251.89878  252.24456    -0.4090     4.8270 0.0000e+00
 146.503718      0.797    16.7283  35.916618    27.4779      0.790  251.89825  252.24404    -0.4090     4.8270 0.0000e+00
 146.503721      0.870    16.7284  35.918615    27.4787      0.862  251.89636  252.24214    -0.0199     4.7886 0.0000e+00
 146.503724      0.913    16.7285  35.916013    27.4794      0.905  251.89446  252.24025     0.3692     4.7502 -9.990e-29
 146.503727      0.932    16.7286  35.920793    27.4812      0.923  251.89102  252.23680     0.5249     5.5225 -9.990e-29
 146.503730      0.924    16.7291  35.917949    27.4784      0.916  251.89330  252.23912     0.5560     5.4861 -9.990e-29
 146.503733      0.903    16.7290  35.915771    27.4767      0.894  251.89676  252.24259     0.4938     5.4982 -9.990e-29
 146.503736      0.883    16.7282  35.914803    27.4764      0.875  251.90124  252.24703     0.1047     5.5589 -9.990e-29
 146.503738      0.873    16.7276  35.918615    27.4800      0.866  251.89785  252.24360     0.0424     5.5832 -9.990e-29
 146.503741      0.895    16.7266  35.916437    27.4786      0.887  251.90510  252.25081     0.0580     5.5589 -9.990e-29
 146.503744      0.934    16.7265  35.916195    27.4783      0.925  251.90619  252.25190     0.1747     5.4901 0.0000e+00
 146.503747      0.985    16.7264  35.915348    27.4781      0.976  251.90728  252.25299     0.2914     5.4214 0.0000e+00
 146.503750      1.038    16.7261  35.910326    27.4781      1.029  251.90795  252.25364     0.2914     5.4214 0.0000e+00
 146.503753      1.085    16.7261  35.915772    27.4786      1.076  251.90795  252.25364     0.4004     5.4254 0.0000e+00
 146.503756      1.120    16.7261  35.916438    27.4789      1.110  251.90717  252.25286     0.4082     5.4416 0.0000e+00
 146.503759      1.153    16.7262  35.914017    27.4791      1.143  251.90638  252.25208     0.4004     5.4578 -9.990e-29
 146.503762      1.175    16.7271  35.917103    27.4790      1.164  251.90205  252.24779     1.0852     5.7045 -9.990e-29
 146.503764      1.195    16.7272  35.913594    27.4759      1.184  251.90686  252.25261     1.1008     5.6964 -9.990e-29
 146.503767      1.208    16.7269  35.919161    27.4809      1.197  251.90001  252.24572     1.1319     5.6964 -9.990e-29
 146.503770      1.226    16.7264  35.916619    27.4743      1.215  251.91375  252.25948     1.6299     5.7125 -9.990e-29
 146.503773      1.256    16.7258  35.910992    27.4757      1.244  251.91464  252.26034     1.6144     5.7125 0.0000e+00
 146.503776      1.294    16.7251  35.913171    27.4743      1.282  251.91553  252.26119     1.5988     5.7125 0.0000e+00
 146.503779      1.341    16.7221  35.906576    27.4770      1.329  251.93654  252.28209     1.5988     5.6883 0.0000e+00
 146.503782      1.394    16.7195  35.912083    27.4794      1.382  251.93843  252.28383     1.5833     5.6883 0.0000e+00
 146.503785      1.449    16.7195  35.911417    27.4799      1.436  251.93843  252.28383     1.4432     6.0846 0.0000e+00
 146.503788      1.498    16.7205  35.916439    27.4820      1.485  251.92815  252.27357     1.3965     6.0846 0.0000e+00
 146.503791      1.538    16.7216  35.917105    27.4824      1.524  251.92382  252.26930     1.3498     6.0886 0.0000e+00
 146.503793      1.571    16.7226  35.916016    27.4820      1.557  251.91950  252.26502     1.2564     6.0927 -9.990e-29
 146.503796      1.595    16.7239  35.914806    27.4791      1.581  251.91794  252.26353     0.3070     5.8339 -9.990e-29
 146.503799      1.609    16.7237  35.913596    27.4782      1.595  251.92032  252.26591     0.3381     5.8258 -9.990e-29
 146.503802      1.618    16.7232  35.913354    27.4783      1.604  251.92253  252.26810     0.3381     5.8015 -9.990e-29
 146.503805      1.620    16.7230  35.913354    27.4785      1.606  251.92314  252.26871     0.3537     5.8419 -9.990e-29
 146.503808      1.624    16.7226  35.914019    27.4794      1.609  251.92403  252.26956     0.2603     6.1695 -9.990e-29
 146.503811      1.637    16.7224  35.914443    27.4797      1.622  251.92432  252.26985     0.4159     6.2140 -9.990e-29
 146.503814      1.673    16.7220  35.914262    27.4805      1.658  251.92479  252.27030     0.3537     6.2302 0.0000e+00
 146.503817      1.710    16.7217  35.915532    27.4797      1.694  251.92526  252.27075     0.2914     6.2140 0.0000e+00
 146.503819      1.750    16.7217  35.912931    27.4796      1.734  251.92812  252.27361     0.2914     6.2099 0.0000e+00
 146.503822      1.786    16.7214  35.913596    27.4796      1.770  251.92982  252.27531     0.8439     6.1128 0.0000e+00
 146.503825      1.817    16.7217  35.916864    27.4796      1.801  251.92812  252.27361     1.3965     6.0158 -9.990e-29
 146.503828      1.839    16.7224  35.915230    27.4804      1.823  251.92300  252.26852     1.3187     5.9996 -9.990e-29
 146.503831      1.855    16.7226  35.915351    27.4804      1.839  251.92221  252.26774     1.3498     5.9996 -9.990e-29
 146.503834      1.866    16.7221  35.914928    27.4803      1.850  251.92438  252.26989     2.3148     5.9147 -9.990e-29
 146.503837      1.875    16.7226  35.917953    27.4826      1.859  251.91844  252.26396     2.3303     5.8824 -9.990e-29
 146.503840      1.887    16.7230  35.917288    27.4817      1.870  251.91757  252.26311     2.3459     5.8905 -9.990e-29
 146.503843      1.896    16.7235  35.916440    27.4807      1.879  251.91696  252.26253     2.4237     5.8945 -9.990e-29
 146.503845      1.916    16.7203  35.908756    27.4741      1.899  251.94395  252.28942     1.0696     6.0199 -9.990e-29
 146.503848      1.949    16.7182  35.906155    27.4757      1.931  251.95180  252.29717     1.0852     6.0118 0.0000e+00
 146.503851      1.998    16.7161  35.906398    27.4772      1.980  251.95964  252.30492     1.0852     6.0199 0.0000e+00
 146.503854      2.071    16.7121  35.909666    27.4801      2.053  251.97003  252.31510     1.0852     6.0037 0.0000e+00
 146.503857      2.148    16.7095  35.904584    27.4805      2.128  251.98732  252.33229     0.7895     5.9633 0.0000e+00
 146.503860      2.230    16.7084  35.904221    27.4805      2.210  251.99220  252.33712     0.7895     5.9633 0.0000e+00
 146.503863      2.301    16.7081  35.904826    27.4812      2.280  251.99228  252.33719     0.8517     5.9633 0.0000e+00
 146.503866      2.357    16.7077  35.905734    27.4819      2.336  251.99333  252.33821     0.8750     5.9552 0.0000e+00
 146.503869      2.394    16.7072  35.903133    27.4826      2.372  251.99438  252.33924     0.8984     5.9471 -9.990e-29
 146.503872      2.412    16.7054  35.905493    27.4836      2.391  252.00154  252.34632     1.0852     6.6507 -9.990e-29
 146.503874      2.419    16.7050  35.905311    27.4837      2.398  252.00335  252.34811     1.0696     6.6507 -9.990e-29
 146.503877      2.412    16.7048  35.902891    27.4818      2.391  252.00779  252.35255     1.1786     6.6668 -9.990e-29
 146.503880      2.390    16.7041  35.904646    27.4838      2.369  252.00769  252.35241     1.0852     6.7032 -9.990e-29
 146.503883      2.376    16.7034  35.907671    27.4868      2.355  252.00605  252.35073     1.3187     5.6438 -9.990e-29
 146.503886      2.367    16.7031  35.900048    27.4806      2.346  252.01837  252.36307     1.2720     5.6276 -9.990e-29
 146.503889      2.363    16.7018  35.905372    27.4859      2.342  252.01524  252.35986     1.3498     5.6519 -9.990e-29
 146.503892      2.377    16.6982  35.903739    27.4863      2.356  252.03243  252.37688     1.0696     5.8379 -9.990e-29
 146.503895      2.403    16.6987  35.902892    27.4864      2.381  252.03010  252.37457     1.0307     5.8278 0.0000e+00
 146.503898      2.438    16.6991  35.903981    27.4863      2.416  252.02778  252.37227     1.0696     5.8177 0.0000e+00
 146.503900      2.483    16.7003  35.902226    27.4843      2.461  252.02574  252.37029     1.1163     5.8177 0.0000e+00
 146.503903      2.527    16.7003  35.901985    27.4843      2.504  252.02549  252.37006     1.1163     5.8258 0.0000e+00
 146.503906      2.573    16.6989  35.911000    27.4927      2.550  252.02549  252.37006     0.5249     6.3312 0.0000e+00
 146.503909      2.609    16.6959  35.908580    27.4927      2.586  252.03319  252.37751     0.5249     6.3474 0.0000e+00
 146.503912      2.651    16.6932  35.909246    27.4951      2.627  252.04241  252.38660     0.5249     6.3474 0.0000e+00
 146.503915      2.686    16.6914  35.913179    27.4996      2.662  252.04348  252.38756     0.4938     6.3353 0.0000e+00
 146.503918      2.724    16.6894  35.915782    27.5031      2.700  252.04711  252.39108     0.4938     6.3353 0.0000e+00
 146.503921      2.750    16.6859  35.917113    27.5067      2.725  252.05873  252.40253     1.3498     6.1573 0.0000e+00
 146.503924      2.780    16.6816  35.917114    27.5096      2.756  252.07476  252.41836     1.3498     6.1533 0.0000e+00
 146.503927      2.813    16.6758  35.928915    27.5236      2.788  252.07976  252.42302     1.3498     6.1452 0.0000e+00
 146.503929      2.850    16.6657  35.937632    27.5379      2.824  252.10494  252.44769     1.3342     6.1331 0.0000e+00
 146.503932      2.899    16.6518  35.947923    27.5562      2.873  252.14258  252.48462     0.8362     5.5144 0.0000e+00
 146.503935      2.946    16.6369  35.959729    27.5765      2.920  252.18199  252.52325     0.8362     5.5144 0.0000e+00
 146.503938      2.994    16.6239  35.961487    27.5869      2.967  252.22834  252.56898     0.8517     5.5144 0.0000e+00
 146.503941      3.036    16.6142  35.963728    27.5954      3.009  252.26167  252.60184     0.8829     5.5387 0.0000e+00
 146.503944      3.074    16.6112  35.970510    27.6003      3.047  252.26810  252.60811     1.2331     5.7793 0.0000e+00
 146.503947      3.105    16.6082  35.972690    27.6053      3.077  252.27453  252.61438     1.6144     6.0927 -9.990e-29
 146.503950      3.125    16.6018  35.977232    27.6154      3.097  252.28901  252.62852     1.4899     6.0927 -9.990e-29
 146.503953      3.140    16.5984  35.977717    27.6182      3.112  252.30122  252.64056     1.4587     6.1048 -9.990e-29
 146.503955      3.142    16.5943  35.981229    27.6240      3.114  252.31175  252.65088     1.0074     6.3353 -9.990e-29
 146.503958      3.145    16.5913  35.977475    27.6228      3.117  252.32830  252.66731     0.9762     6.3272 -9.990e-29
 146.503961      3.138    16.5906  35.978807    27.6245      3.110  252.32912  252.66808     1.0541     6.3353 -9.990e-29
 146.503964      3.138    16.5907  35.981896    27.6270      3.110  252.32430  252.66325     1.1163     6.3636 -9.990e-29
 146.503967      3.138    16.5902  35.983834    27.6290      3.110  252.32331  252.66223     1.0074     6.3555 -9.990e-29
 146.503970      3.147    16.5882  35.985590    27.6385      3.119  252.31719  252.65596     1.6299     6.4930 -9.990e-29
 146.503973      3.173    16.5864  35.993281    27.6416      3.144  252.32067  252.65935     1.6144     6.4930 0.0000e+00
 146.503976      3.200    16.5846  35.997763    27.6447      3.171  252.32416  252.66274     1.6299     6.4930 0.0000e+00
 146.503979      3.238    16.5804  35.999217    27.6489      3.209  252.33803  252.67639     1.5988     6.4606 0.0000e+00
 146.503981      3.288    16.5759  36.000975    27.6533      3.258  252.35237  252.69052     1.1319     6.1857 0.0000e+00
 146.503984      3.335    16.5728  35.998310    27.6534      3.305  252.36644  252.70436     1.1163     6.1614 0.0000e+00
 146.503987      3.392    16.5715  36.002732    27.6579      3.361  252.36644  252.70436     1.1163     6.1614 0.0000e+00
 146.503990      3.452    16.5705  36.007336    27.6625      3.421  252.36342  252.70127     1.1163     6.1452 0.0000e+00
 146.503993      3.503    16.5668  36.018300    27.6744      3.471  252.36342  252.70127     1.1163     6.1048 0.0000e+00
 146.503996      3.556    16.5608  36.020906    27.6807      3.524  252.38044  252.71776     1.1163     6.0886 0.0000e+00
 146.503999      3.596    16.5537  36.026844    27.6907      3.564  252.39877  252.73572     1.1163     6.0886 0.0000e+00
 146.504002      3.636    16.5455  36.031450    27.6937      3.603  252.42303  252.75956     1.1319     6.1169 0.0000e+00
 146.504005      3.669    16.5428  36.019394    27.6970      3.636  252.44200  252.77843     1.7700     6.1978 0.0000e+00
 146.504008      3.698    16.5401  36.020909    27.6937      3.665  252.46096  252.79730     2.4082     6.2787 -9.990e-29
 146.504010      3.722    16.5412  36.026180    27.6987      3.688  252.44706  252.78341     2.3459     6.2787 -9.990e-29
 146.504013      3.747    16.5402  36.037146    27.7088      3.714  252.43468  252.77093     2.3459     6.2948 -9.990e-29
 146.504016      3.762    16.5355  36.039571    27.7141      3.728  252.44893  252.78493     2.3303     6.2867 -9.990e-29
 146.504019      3.778    16.5302  36.038481    27.7168      3.744  252.47077  252.80653     2.8906     6.2584 -9.990e-29
 146.504022      3.798    16.5268  36.040662    27.7210      3.764  252.48016  252.81574     2.8595     6.2948 -9.990e-29
 146.504025      3.809    16.5254  36.038481    27.7201      3.775  252.48888  252.82441     2.8906     6.2908 -9.990e-29
 146.504028      3.824    16.5242  36.043087    27.7248      3.790  252.48643  252.82188     2.7506     6.2867 -9.990e-29
 146.504031      3.831    16.5228  36.043935    27.7266      3.797  252.49071  252.82608     2.3615     6.1614 -9.990e-29
 146.504034      3.846    16.5215  36.042845    27.7265      3.811  252.49722  252.83254     2.2992     6.1573 -9.990e-29
 146.504036      3.853    16.5206  36.039997    27.7247      3.819  252.50477  252.84006     2.3303     6.1412 -9.990e-29
 146.504039      3.864    16.5203  36.042178    27.7268      3.830  252.50280  252.83807     2.3303     6.1533 -9.990e-29
 146.504042      3.875    16.5195  36.042603    27.7277      3.841  252.50495  252.84017     2.1591     6.4323 -9.990e-29
 146.504045      3.892    16.5218  36.047147    27.7344      3.857  252.48217  252.81745     2.1591     6.4364 -9.990e-29
 146.504048      3.921    16.5194  36.052298    27.7385      3.886  252.48689  252.82204     2.0891     6.4141 0.0000e+00
 146.504051      3.957    16.5171  36.057996    27.7425      3.922  252.49161  252.82663     2.0191     6.4364 0.0000e+00
 146.504054      4.003    16.5069  36.058239    27.7497      3.967  252.52989  252.86443     1.7856     6.7315 0.0000e+00
 146.504057      4.061    16.4948  36.064362    27.7633      4.025  252.56690  252.90081     1.7856     6.7356 0.0000e+00
 146.504060      4.119    16.4859  36.061758    27.7673      4.083  252.60446  252.93796     1.8167     6.7315 0.0000e+00
 146.504063      4.185    16.4786  36.068123    27.7777      4.148  252.62271  252.95582     1.8323     6.7194 0.0000e+00
 146.504065      4.247    16.4684  36.069397    27.7859      4.209  252.65946  252.99207     1.8323     6.7194 0.0000e+00
 146.504068      4.302    16.4597  36.069883    27.7923      4.263  252.69154  253.02374     2.7039     6.8003 0.0000e+00
 146.504071      4.353    16.4533  36.067460    27.7946      4.314  252.71932  253.05122     2.8128     6.8205 0.0000e+00
 146.504074      4.391    16.4516  36.065036    27.7948      4.352  252.72770  253.05952     2.8361     6.8225 0.0000e+00
 146.504077      4.417    16.4499  36.064369    27.7949      4.377  252.73607  253.06782     2.8128     6.8205 -9.990e-29
 146.504080      4.435    16.4584  36.065701    27.7896      4.395  252.70266  253.03482     2.7817     6.2625 -9.990e-29
