seaocn-cb/data/ctd_cnv/SBE19plus_01907321_2024_05_21_Cast05.cnv
* Sea-Bird SBE19plus  Data File:
* FileName = E:\Prandtl_Daten\2024\CTD\raw\SBE19plus_01907321_2024_05_21_Cast05.hex
* Software version 2.6.1.12
* Temperature SN = 7321
* Conductivity SN = 7321
* System UpLoad Time = May 21 2024 13:00:48
* <ApplicationData>
* <Seaterm232>
** 20240521
** Sea Practical 2024
** MCat 21.05 CTD_SP2
** NMEA Latitude = 54 06.053N
** NMEA Longitude = 008 34.25E
** waterdepth = 13.5m
** Merle
# nquan = 11
# nvalues = 431                         
# units = specified
# name 0 = timeJ: Julian Days
# name 1 = prdM: Pressure, Strain Gauge [db]
# name 2 = tv290C: Temperature [ITS-90, deg C]
# name 3 = c0mS/cm: Conductivity [mS/cm]
# name 4 = sal00: Salinity, Practical [PSU]
# name 5 = depSM: Depth [salt water, m], lat = 54.00
# name 6 = oxsatMm/Kg: Oxygen Saturation, Weiss [umol/kg]
# name 7 = oxsolMm/Kg: Oxygen Saturation, Garcia & Gordon [umol/kg]
# name 8 = turbWETntu0: Turbidity, WET Labs ECO [NTU]
# name 9 = flECO-AFL: Fluorescence, WET Labs ECO-AFL/FL [mg/m^3]
# name 10 = flag:  0.000e+00
# span 0 = 142.538244, 142.539488       
# span 1 =      0.659,     11.638       
# span 2 =    15.4830,    16.9352       
# span 3 =  35.627397,  35.841533       
# span 4 =    27.2622,    28.2060       
# span 5 =      0.653,     11.534       
# span 6 =  251.23400,  256.91837       
# span 7 =  251.58978,  257.20293       
# span 8 =    -3.4907,     3.0930       
# span 9 =     4.6875,    12.5423       
# span 10 = 0.0000e+00, 0.0000e+00      
# interval = seconds: 0.25
# start_time = May 21 2024 12:53:41 [Instrument's time stamp, header]
# bad_flag = -9.990e-29
*END*
 142.538244      0.659    16.9131  35.820134    27.2707      0.653  251.34063  251.69548    -2.5568     5.3041 -9.990e-29
 142.538247      0.662    16.9129  35.823216    27.2734      0.656  251.33712  251.69194    -2.4479     5.3405 -9.990e-29
 142.538249      0.680    16.9136  35.823458    27.2735      0.674  251.33341  251.68826    -2.2767     4.6895 -9.990e-29
 142.538252      0.719    16.9143  35.823882    27.2734      0.712  251.33002  251.68491    -2.2222     4.6875 0.0000e+00
 142.538255      0.764    16.9151  35.824728    27.2732      0.757  251.32664  251.68156    -2.2300     4.6895 0.0000e+00
 142.538258      0.821    16.9169  35.825816    27.2732      0.813  251.31830  251.67330    -2.2300     4.6895 0.0000e+00
 142.538261      0.877    16.9184  35.827992    27.2737      0.869  251.30963  251.66468    -2.2455     4.6936 0.0000e+00
 142.538264      0.927    16.9195  35.835609    27.2762      0.918  251.29998  251.65507    -2.4478     4.7361 0.0000e+00
 142.538267      0.959    16.9206  35.837362    27.2786      0.951  251.29033  251.64545    -2.6502     4.7785 -9.990e-29
 142.538270      0.978    16.9275  35.837603    27.2756      0.969  251.26151  251.61693    -2.6813     4.7340 -9.990e-29
 142.538273      0.985    16.9300  35.838933    27.2750      0.976  251.25001  251.60554    -2.7125     4.7299 -9.990e-29
 142.538275      0.987    16.9329  35.841533    27.2752      0.978  251.23544  251.59109    -2.2455     5.4335 -9.990e-29
 142.538278      0.987    16.9349  35.835608    27.2688      0.978  251.23623  251.59200    -2.0432     5.4012 -9.990e-29
 142.538281      0.988    16.9352  35.836514    27.2694      0.980  251.23400  251.58978    -2.1677     5.4133 -9.990e-29
 142.538284      0.988    16.9344  35.835003    27.2687      0.980  251.23927  251.59502    -2.3389     5.4012 -9.990e-29
 142.538287      0.992    16.9320  35.825392    27.2622      0.983  251.26208  251.61776    -2.4323     5.3688 -9.990e-29
 142.538290      1.014    16.9222  35.824304    27.2677      1.005  251.30083  251.65608    -2.6191     5.3729 -9.990e-29
 142.538293      1.047    16.9203  35.824063    27.2706      1.037  251.30541  251.66057    -2.4712     5.3689 0.0000e+00
 142.538296      1.100    16.9184  35.827811    27.2722      1.090  251.31000  251.66506    -2.4012     5.3729 0.0000e+00
 142.538299      1.171    16.9169  35.825152    27.2722      1.161  251.31944  251.67444    -2.4012     5.6074 0.0000e+00
 142.538302      1.240    16.9161  35.822130    27.2722      1.229  251.32692  251.68190    -2.4012     5.6317 0.0000e+00
 142.538304      1.301    16.9140  35.823219    27.2724      1.289  251.33312  251.68800    -2.3856     5.6438 0.0000e+00
 142.538307      1.343    16.9132  35.824307    27.2735      1.331  251.33560  251.69043    -2.3623     5.6498 0.0000e+00
 142.538310      1.368    16.9123  35.824972    27.2745      1.356  251.33807  251.69286    -2.3856     5.6559 -9.990e-29
 142.538313      1.375    16.9144  35.823521    27.2724      1.363  251.33118  251.68607    -2.1055     6.1735 -9.990e-29
 142.538316      1.370    16.9145  35.822131    27.2712      1.358  251.33287  251.68777    -1.9187     6.2423 -9.990e-29
 142.538319      1.366    16.9145  35.823219    27.2721      1.354  251.33130  251.68620    -2.2300     6.1897 -9.990e-29
 142.538322      1.361    16.9147  35.822372    27.2712      1.348  251.33158  251.68650    -2.3234     6.2059 -9.990e-29
 142.538325      1.373    16.9139  35.818202    27.2682      1.361  251.34069  251.69559    -2.7125     6.2504 -9.990e-29
 142.538328      1.393    16.9110  35.821043    27.2707      1.381  251.35059  251.70535    -2.7436     6.3191 -9.990e-29
 142.538330      1.425    16.9107  35.818867    27.2730      1.412  251.34855  251.70328    -2.7124     6.3009 0.0000e+00
 142.538333      1.466    16.9103  35.823643    27.2715      1.453  251.35059  251.70535    -2.6813     6.3191 0.0000e+00
 142.538336      1.512    16.9101  35.819049    27.2715      1.499  251.35377  251.70850    -2.4634     6.4687 0.0000e+00
 142.538339      1.560    16.9084  35.817357    27.2715      1.546  251.36273  251.71739    -2.4634     6.4808 0.0000e+00
 142.538342      1.604    16.9071  35.816269    27.2716      1.589  251.36847  251.72307    -2.4946     6.4748 0.0000e+00
 142.538345      1.642    16.9058  35.813852    27.2720      1.627  251.37422  251.72876    -2.6035     6.4808 -9.990e-29
 142.538348      1.665    16.9017  35.815787    27.2744      1.650  251.39042  251.74477    -2.0432     6.8084 -9.990e-29
 142.538351      1.682    16.9002  35.815605    27.2752      1.667  251.39626  251.75054    -2.2144     6.9216 -9.990e-29
 142.538354      1.685    16.8997  35.813732    27.2740      1.670  251.40082  251.75509    -2.1988     6.8933 -9.990e-29
 142.538356      1.680    16.8999  35.813006    27.2733      1.665  251.40124  251.75552    -2.2767     6.9539 -9.990e-29
 142.538359      1.678    16.8996  35.811919    27.2726      1.663  251.40404  251.75832    -2.0121     6.9297 -9.990e-29
 142.538362      1.680    16.8979  35.806419    27.2690      1.665  251.41816  251.77239    -2.6035     7.2694 -9.990e-29
 142.538365      1.695    16.8934  35.806661    27.2738      1.680  251.43232  251.78633    -2.7436     7.2451 -9.990e-29
 142.538368      1.722    16.8923  35.808414    27.2738      1.707  251.43777  251.79174    -2.7358     7.2329 0.0000e+00
 142.538371      1.769    16.8912  35.806662    27.2738      1.754  251.44322  251.79714    -2.7280     7.2451 0.0000e+00
 142.538374      1.826    16.8886  35.804487    27.2738      1.810  251.45598  251.80979    -2.4479     7.6454 0.0000e+00
 142.538377      1.888    16.8870  35.805152    27.2753      1.871  251.46124  251.81497    -2.3078     7.6454 0.0000e+00
 142.538380      1.950    16.8841  35.806240    27.2777      1.933  251.47053  251.82413    -2.3078     7.6454 0.0000e+00
 142.538383      1.999    16.8790  35.801648    27.2777      1.981  251.49636  251.84974    -2.4167     7.6818 0.0000e+00
 142.538385      2.040    16.8754  35.794699    27.2772      2.021  251.51515  251.86838    -2.5101     7.8901 0.0000e+00
 142.538388      2.071    16.8717  35.798628    27.2767      2.052  251.53394  251.88702    -2.6035     8.0983 -9.990e-29
 142.538391      2.087    16.8595  35.797058    27.2870      2.068  251.57665  251.92916    -2.3078     8.1064 -9.990e-29
 142.538394      2.089    16.8550  35.789263    27.2834      2.070  251.60492  251.95726    -2.5257     8.0983 -9.990e-29
 142.538397      2.091    16.8461  35.786122    27.2868      2.072  251.64317  251.99512    -1.8409     8.1387 -9.990e-29
 142.538400      2.087    16.8365  35.785096    27.2925      2.069  251.68083  252.03235    -1.9498     8.4986 -9.990e-29
 142.538403      2.089    16.8263  35.777485    27.2929      2.071  251.73019  252.08127    -2.0121     8.5269 -9.990e-29
 142.538406      2.104    16.8145  35.779903    27.3030      2.085  251.77154  252.12206    -2.0121     8.4622 -9.990e-29
 142.538409      2.124    16.8048  35.781837    27.3073      2.105  251.81181  252.16190    -2.4479     8.6725 -9.990e-29
 142.538411      2.164    16.8036  35.777306    27.3094      2.144  251.81427  252.16429    -2.4790     8.6967 0.0000e+00
 142.538414      2.204    16.8024  35.780327    27.3074      2.184  251.81673  252.16669    -2.5101     8.6725 0.0000e+00
 142.538417      2.246    16.7980  35.772051    27.3115      2.226  251.84513  252.19493    -2.5101     8.6604 0.0000e+00
 142.538420      2.290    16.7916  35.774650    27.3140      2.269  251.86581  252.21530    -2.5257     8.6361 0.0000e+00
 142.538423      2.326    16.7887  35.771630    27.3147      2.305  251.87883  252.22819    -2.4712     8.5047 0.0000e+00
 142.538426      2.356    16.7858  35.771630    27.3153      2.335  251.89185  252.24108    -2.6191     8.3490 -9.990e-29
 142.538429      2.374    16.7789  35.767946    27.3169      2.353  251.92349  252.27242    -2.6502     8.3611 -9.990e-29
 142.538432      2.392    16.7745  35.769457    27.3212      2.371  251.93800  252.28672    -2.6502     8.3369 -9.990e-29
 142.538435      2.401    16.7721  35.770786    27.3239      2.380  251.94504  252.29365    -2.5568     9.1254 -9.990e-29
 142.538437      2.418    16.7720  35.767947    27.3216      2.396  251.94978  252.29840    -2.3545     9.1213 -9.990e-29
 142.538440      2.430    16.7670  35.757255    27.3159      2.409  251.98384  252.33228    -2.4012     9.1133 -9.990e-29
 142.538443      2.451    16.7499  35.761847    27.3272      2.429  252.04939  252.39704    -2.4790     9.1294 -9.990e-29
 142.538446      2.480    16.7464  35.756835    27.3295      2.457  252.06238  252.40987    -2.4557     8.8423 0.0000e+00
 142.538449      2.520    16.7430  35.756836    27.3318      2.497  252.07537  252.42270    -2.4479     8.5552 0.0000e+00
 142.538452      2.554    16.7384  35.756655    27.3348      2.531  252.09327  252.44038    -2.4323     8.5350 0.0000e+00
 142.538455      2.594    16.7343  35.757079    27.3379      2.571  252.10813  252.45505    -2.3078     8.5310 0.0000e+00
 142.538458      2.629    16.7301  35.754482    27.3386      2.606  252.12799  252.47472    -2.3078     8.5350 0.0000e+00
 142.538461      2.669    16.7267  35.756415    27.3412      2.645  252.13787  252.48444    -2.7903     8.6321 0.0000e+00
 142.538464      2.700    16.7256  35.754000    27.3412      2.676  252.14572  252.49225    -2.8214     8.6321 0.0000e+00
 142.538466      2.727    16.7247  35.752067    27.3412      2.703  252.15097  252.49741    -2.8681     8.6159 0.0000e+00
 142.538469      2.757    16.7242  35.755087    27.3418      2.732  252.15146  252.49793    -3.0004     8.5956 0.0000e+00
 142.538472      2.786    16.7238  35.755329    27.3434      2.761  252.15097  252.49741    -2.8681     8.6159 -9.990e-29
 142.538475      2.809    16.7241  35.755329    27.3433      2.784  252.14941  252.49586    -2.5413     8.6240 -9.990e-29
 142.538478      2.826    16.7232  35.757081    27.3454      2.800  252.15027  252.49667    -2.4946     8.6361 -9.990e-29
 142.538481      2.842    16.7226  35.753155    27.3425      2.817  252.15846  252.50485    -2.3701     8.6199 -9.990e-29
 142.538484      2.858    16.7211  35.750558    27.3413      2.833  252.16780  252.51414    -2.2455     8.8383 -9.990e-29
 142.538487      2.873    16.7159  35.750136    27.3444      2.847  252.18789  252.53399    -2.1366     8.8423 -9.990e-29
 142.538490      2.891    16.7091  35.745969    27.3456      2.865  252.21991  252.56571    -2.3701     8.8342 -9.990e-29
 142.538492      2.910    16.7034  35.744037    27.3478      2.884  252.24436  252.58991    -2.0743     8.8545 -9.990e-29
 142.538495      2.928    16.6974  35.741864    27.3501      2.902  252.27040  252.61567    -2.2922     8.8868 -9.990e-29
 142.538498      2.948    16.6910  35.745549    27.3575      2.922  252.28914  252.63410    -2.5413     8.3409 -9.990e-29
 142.538501      2.972    16.6892  35.747301    27.3611      2.945  252.29184  252.63669    -2.5724     8.2883 -9.990e-29
 142.538504      3.005    16.6902  35.748388    27.3593      2.978  252.28987  252.63478    -2.5568     8.3126 0.0000e+00
 142.538507      3.045    16.6912  35.745791    27.3575      3.018  252.28791  252.63288    -2.5724     8.3369 0.0000e+00
 142.538510      3.081    16.6912  35.746395    27.3574      3.054  252.28791  252.63288    -2.9771     8.9798 0.0000e+00
 142.538513      3.127    16.6896  35.742047    27.3554      3.099  252.29959  252.64450    -3.0238     8.9839 0.0000e+00
 142.538516      3.160    16.6848  35.735586    27.3532      3.131  252.32724  252.67196    -2.9771     8.9839 0.0000e+00
 142.538519      3.192    16.6777  35.720975    27.3518      3.164  252.36477  252.70920    -2.9459     8.9839 0.0000e+00
 142.538521      3.222    16.6706  35.713613    27.3504      3.193  252.40230  252.74643    -2.8681     8.9839 -9.990e-29
 142.538524      3.244    16.6042  35.703837    27.3812      3.215  252.67970  253.02079    -3.0860     8.5916 -9.990e-29
 142.538527      3.273    16.5710  35.698891    27.3996      3.244  252.81292  253.15248    -2.9771     8.6078 -9.990e-29
 142.538530      3.287    16.5469  35.696902    27.4144      3.258  252.90783  253.24624    -3.0860     8.5350 -9.990e-29
 142.538533      3.307    16.5286  35.695214    27.4254      3.278  252.97975  253.31730    -2.4012     8.3490 -9.990e-29
 142.538536      3.324    16.5167  35.693646    27.4322      3.294  253.02741  253.36441    -2.5413     8.2641 -9.990e-29
 142.538539      3.338    16.5101  35.694733    27.4376      3.309  253.05081  253.38749    -2.6346     8.3086 -9.990e-29
 142.538542      3.358    16.5063  35.693647    27.4393      3.328  253.06692  253.40342    -2.5101     8.3005 -9.990e-29
 142.538545      3.379    16.5010  35.689966    27.4398      3.348  253.09270  253.42896    -2.1988     8.2722 -9.990e-29
 142.538547      3.402    16.4935  35.692381    27.4462      3.372  253.11889  253.45479    -2.3856     9.8573 -9.990e-29
 142.538550      3.433    16.4915  35.691476    27.4474      3.403  253.12692  253.46273    -2.4478     9.8290 0.0000e+00
 142.538553      3.468    16.4895  35.691054    27.4479      3.437  253.13495  253.47066    -2.4479     9.8451 0.0000e+00
 142.538556      3.499    16.4883  35.688881    27.4479      3.468  253.14404  253.47971    -2.4479     9.8007 0.0000e+00
 142.538559      3.530    16.4878  35.688037    27.4469      3.499  253.14463  253.48028    -1.8409     8.7008 0.0000e+00
 142.538562      3.561    16.4868  35.686950    27.4469      3.530  253.15121  253.48682    -1.8097     8.6927 0.0000e+00
 142.538565      3.589    16.4835  35.684356    27.4469      3.557  253.16768  253.50315    -1.8097     8.6927 0.0000e+00
 142.538568      3.616    16.4802  35.678080    27.4466      3.584  253.18495  253.52028    -1.7008     8.6806 0.0000e+00
 142.538571      3.644    16.4769  35.680857    27.4461      3.611  253.20222  253.53740    -1.5918     8.6684 -9.990e-29
 142.538573      3.665    16.4627  35.680013    27.4575      3.633  253.25338  253.58787    -2.4634     8.7210 -9.990e-29
 142.538576      3.685    16.4588  35.682850    27.4625      3.653  253.26401  253.59830    -2.3701     8.6361 -9.990e-29
 142.538579      3.704    16.4578  35.681522    27.4621      3.671  253.26999  253.60423    -2.4012     8.6684 -9.990e-29
 142.538582      3.726    16.4573  35.678928    27.4602      3.693  253.27567  253.60991    -2.3389     8.7857 -9.990e-29
 142.538585      3.749    16.4569  35.681945    27.4659      3.716  253.26800  253.60218    -2.4790     8.7898 -9.990e-29
 142.538588      3.777    16.4566  35.685204    27.4648      3.743  253.27162  253.60579    -2.3623     8.8161 0.0000e+00
 142.538591      3.804    16.4562  35.682187    27.4638      3.770  253.27523  253.60940    -2.4790     8.8383 0.0000e+00
 142.538594      3.835    16.4550  35.677419    27.4605      3.801  253.28658  253.62072    -2.4946     8.8423 0.0000e+00
 142.538597      3.872    16.4518  35.673920    27.4605      3.837  253.30409  253.63809    -2.8059     8.8989 0.0000e+00
 142.538600      3.910    16.4444  35.671326    27.4621      3.875  253.33599  253.66965    -2.9771     8.8989 0.0000e+00
 142.538602      3.948    16.4376  35.665293    27.4625      3.913  253.37111  253.70448    -2.9926     8.9030 0.0000e+00
 142.538605      3.981    16.4346  35.665293    27.4642      3.946  253.38253  253.71576    -3.0549     8.9111 0.0000e+00
 142.538608      4.008    16.4316  35.660950    27.4662      3.973  253.39395  253.72703    -2.9926     8.9475 -9.990e-29
 142.538611      4.027    16.4171  35.660287    27.4718      3.991  253.45654  253.78896    -2.0588     8.1266 -9.990e-29
 142.538614      4.034    16.4045  35.661616    27.4816      3.998  253.50299  253.83478    -2.2455     8.1185 -9.990e-29
 142.538617      4.041    16.3928  35.656368    27.4852      4.005  253.55544  253.88670    -2.0899     8.0740 -9.990e-29
 142.538620      4.036    16.3807  35.657456    27.4944      4.000  253.60007  253.93073    -2.4634     7.9244 -9.990e-29
