seaocn-cb/data/ctd_cnv/SBE19plus_01907321_2024_05_24_Cast42.cnv
* Sea-Bird SBE19plus  Data File:
* FileName = E:\Prandtl_Daten\2024\CTD\raw\SBE19plus_01907321_2024_05_24_Cast42.hex
* Software version 2.6.1.12
* Temperature SN = 7321
* Conductivity SN = 7321
* System UpLoad Time = May 24 2024 10:56:50
* <ApplicationData>
* <Seaterm232>
** 20240524
** Sea Practical 2024
** MCat 24.05 CTD_M1
** NMEA Latitude = 054 06.13N
** NMEA Longitude = 008 25.13E
** waterdepth = 15.5m
** Isabelle
# nquan = 11
# nvalues = 570                         
# units = specified
# name 0 = timeJ: Julian Days
# name 1 = prdM: Pressure, Strain Gauge [db]
# name 2 = tv290C: Temperature [ITS-90, deg C]
# name 3 = c0mS/cm: Conductivity [mS/cm]
# name 4 = sal00: Salinity, Practical [PSU]
# name 5 = depSM: Depth [salt water, m], lat = 54.00
# name 6 = oxsatMm/Kg: Oxygen Saturation, Weiss [umol/kg]
# name 7 = oxsolMm/Kg: Oxygen Saturation, Garcia & Gordon [umol/kg]
# name 8 = turbWETntu0: Turbidity, WET Labs ECO [NTU]
# name 9 = flECO-AFL: Fluorescence, WET Labs ECO-AFL/FL [mg/m^3]
# name 10 = flag:  0.000e+00
# span 0 = 145.450778, 145.452425       
# span 1 =      0.380,     14.687       
# span 2 =    14.3940,    14.5275       
# span 3 =  36.833322,  36.904664       
# span 4 =    29.9250,    30.0240       
# span 5 =      0.376,     14.555       
# span 6 =  258.81552,  259.37363       
# span 7 =  259.03783,  259.58917       
# span 8 =    -1.9343,    15.7155       
# span 9 =     4.1477,     9.4893       
# span 10 = 0.0000e+00, 0.0000e+00      
# interval = seconds: 0.25
# start_time = May 24 2024 10:47:14 [Instrument's time stamp, header]
# bad_flag = -9.990e-29
*END*
[from data line 394]
 145.451918     10.434    14.4007  36.874608    30.0092     10.340  259.35568  259.57053     8.5560     7.6373 -9.990e-29
 145.451921     10.455    14.4004  36.873874    30.0071     10.362  259.36065  259.57551     8.5716     7.6454 -9.990e-29
 145.451924     10.467    14.3998  36.877971    30.0114     10.373  259.35667  259.57145     8.4782     7.6292 -9.990e-29
 145.451927     10.468    14.3995  36.872345    30.0064     10.375  259.36666  259.58147     9.0229     8.0093 -9.990e-29
 145.451930     10.468    14.3996  36.876259    30.0099     10.375  259.36003  259.57481     9.0385     8.0336 -9.990e-29
 145.451933     10.466    14.4000  36.875280    30.0088     10.373  259.36014  259.57496     9.0852     8.0659 -9.990e-29
 145.451936     10.463    14.4001  36.873018    30.0067     10.369  259.36351  259.57835     9.0074     8.0296 -9.990e-29
 145.451939     10.463    14.4003  36.876259    30.0094     10.369  259.35738  259.57221     6.0346     7.9487 -9.990e-29
 145.451942     10.466    14.4004  36.874180    30.0075     10.373  259.36046  259.57531     6.1124     7.9770 -9.990e-29
 145.451944     10.477    14.4000  36.875036    30.0085     10.383  259.36055  259.57536     5.9568     7.9689 -9.990e-29
 145.451947     10.494    14.3998  36.873874    30.0101     10.400  259.35888  259.57367     6.2214     7.6697 -9.990e-29
 145.451950     10.519    14.4000  36.876626    30.0102     10.425  259.35761  259.57241     6.2370     7.6717 0.0000e+00
 145.451953     10.547    14.4001  36.877299    30.0104     10.452  259.35634  259.57115     6.2214     7.6697 0.0000e+00
 145.451956     10.576    14.4004  36.879684    30.0111     10.481  259.35132  259.56613     6.2525     7.6373 0.0000e+00
 145.451959     10.613    14.4011  36.878889    30.0111     10.518  259.34999  259.56485     6.2681     7.6373 0.0000e+00
 145.451962     10.655    14.4022  36.877299    30.0088     10.559  259.34849  259.56342     6.2681     7.6373 0.0000e+00
 145.451965     10.695    14.4029  36.876871    30.0078     10.599  259.34849  259.56342     5.4899     7.5767 0.0000e+00
 145.451968     10.744    14.4029  36.874853    30.0058     10.648  259.34869  259.56370     5.4899     7.5767 0.0000e+00
 145.451970     10.795    14.4027  36.871918    30.0057     10.699  259.35415  259.56911     5.5210     7.5645 0.0000e+00
 145.451973     10.839    14.4022  36.873875    30.0047     10.742  259.35523  259.57024     5.5988     7.5605 0.0000e+00
 145.451976     10.889    14.4019  36.872591    30.0047     10.791  259.35743  259.57238     5.7856     7.4392 0.0000e+00
 145.451979     10.940    14.4016  36.871429    30.0039     10.842  259.36052  259.57546     5.8012     7.4392 0.0000e+00
 145.451982     10.982    14.4012  36.869167    30.0021     10.884  259.36568  259.58061     5.8167     7.4554 0.0000e+00
 145.451985     11.022    14.4010  36.868984    30.0021     10.923  259.36568  259.58061     5.8167     7.4554 0.0000e+00
 145.451988     11.057    14.4009  36.873692    30.0042     10.958  259.36338  259.57828     5.8011     7.4594 0.0000e+00
 145.451991     11.088    14.4007  36.870023    30.0065     10.988  259.36016  259.57503     5.7856     7.4554 -9.990e-29
 145.451994     11.106    14.4006  36.869840    30.0031     11.006  259.36701  259.58191     5.7545     7.4513 -9.990e-29
 145.451997     11.124    14.4001  36.872103    30.0055     11.024  259.36512  259.57997     5.7856     7.4392 -9.990e-29
 145.451999     11.129    14.4001  36.871063    30.0046     11.030  259.36710  259.58196     6.7817     7.4918 -9.990e-29
 145.452002     11.139    14.4004  36.871430    30.0047     11.039  259.36534  259.58021     6.8440     7.5120 -9.990e-29
 145.452005     11.137    14.4005  36.873448    30.0064     11.037  259.36148  259.57635     6.7350     7.4998 -9.990e-29
 145.452008     11.137    14.4010  36.873693    30.0063     11.037  259.35933  259.57422     6.7506     7.5039 -9.990e-29
 145.452011     11.133    14.4010  36.871002    30.0039     11.033  259.36368  259.57859     6.7973     7.5281 -9.990e-29
 145.452014     11.127    14.4013  36.873693    30.0061     11.028  259.35815  259.57306     8.2292     8.7493 -9.990e-29
 145.452017     11.125    14.4023  36.871919    30.0037     11.026  259.35691  259.57189     8.3381     8.7291 -9.990e-29
 145.452020     11.125    14.4028  36.871430    30.0029     11.026  259.35594  259.57096     8.2447     8.7291 -9.990e-29
 145.452023     11.133    14.4023  36.866477    29.9987     11.033  259.36572  259.58075     8.2914     8.7615 -9.990e-29
 145.452025     11.152    14.4021  36.874121    30.0069     11.053  259.35238  259.56733     4.9607     9.4812 -9.990e-29
 145.452028     11.182    14.4023  36.875283    30.0066     11.082  259.35200  259.56696     5.0074     9.4853 0.0000e+00
 145.452031     11.220    14.4025  36.874855    30.0067     11.119  259.35163  259.56660     5.0229     9.4893 0.0000e+00
 145.452034     11.260    14.4031  36.876017    30.0062     11.159  259.34743  259.56243     5.0541     9.4893 0.0000e+00
 145.452037     11.317    14.4032  36.875528    30.0060     11.215  259.34743  259.56243     9.2253     7.9406 0.0000e+00
 145.452040     11.373    14.4032  36.873449    30.0060     11.271  259.34679  259.56181     9.2720     7.9406 0.0000e+00
 145.452043     11.437    14.4028  36.878647    30.0093     11.334  259.34672  259.56161     9.2720     7.9689 0.0000e+00
 145.452046     11.504    14.4017  36.879809    30.0105     11.401  259.34672  259.56161     9.2253     7.9689 0.0000e+00
 145.452049     11.568    14.4010  36.878464    30.0111     11.464  259.35188  259.56673     7.7934     7.7505 0.0000e+00
 145.452052     11.628    14.4004  36.879076    30.0105     11.524  259.35327  259.56809     7.7934     7.7505 0.0000e+00
 145.452054     11.688    14.4001  36.876630    30.0101     11.584  259.35845  259.57326     7.7934     7.7586 0.0000e+00
 145.452057     11.738    14.3997  36.877058    30.0099     11.632  259.35925  259.57404     7.7467     7.7586 0.0000e+00
 145.452060     11.785    14.3996  36.876692    30.0100     11.680  259.35985  259.57464     7.7233     7.7667 0.0000e+00
 145.452063     11.818    14.3995  36.875713    30.0099     11.712  259.36046  259.57524     7.7467     7.7586 -9.990e-29
 145.452066     11.840    14.3992  36.872595    30.0065     11.734  259.36860  259.58339     6.7506     7.7910 -9.990e-29
 145.452069     11.845    14.3992  36.877303    30.0107     11.739  259.36098  259.57573     6.7973     7.7748 -9.990e-29
 145.452072     11.840    14.3989  36.876386    30.0101     11.734  259.36334  259.57809     6.7661     7.7425 -9.990e-29
 145.452075     11.816    14.3989  36.879138    30.0126     11.710  259.35887  259.57359     7.0307     7.5848 -9.990e-29
 145.452078     11.785    14.3989  36.878649    30.0121     11.679  259.35964  259.57437     6.9996     7.5605 -9.990e-29
 145.452080     11.750    14.3993  36.877303    30.0106     11.645  259.36033  259.57509     6.9840     7.5605 -9.990e-29
 145.452083     11.719    14.3998  36.879138    30.0120     11.614  259.35558  259.57035     6.9840     7.5686 -9.990e-29
 145.452086     11.688    14.4001  36.877119    30.0099     11.583  259.35765  259.57246     8.5560     7.3219 -9.990e-29
 145.452089     11.662    14.3998  36.876202    30.0093     11.558  259.36030  259.57509     8.5249     7.2977 -9.990e-29
 145.452092     11.657    14.3998  36.876875    30.0099     11.553  259.35920  259.57400     8.5249     7.3219 -9.990e-29
 145.452095     11.666    14.3998  36.876447    30.0095     11.562  259.35961  259.57441     8.4315     7.2936 -9.990e-29
 145.452098     11.708    14.4000  36.878220    30.0110     11.603  259.35618  259.57097     7.9801     8.0943 -9.990e-29
 145.452101     11.763    14.4005  36.878465    30.0087     11.658  259.35738  259.57222     8.0268     8.1145 -9.990e-29
 145.452104     11.847    14.4005  36.876264    30.0099     11.741  259.35528  259.57011     8.0113     8.1023 0.0000e+00
 145.452106     11.938    14.4005  36.878894    30.0100     11.831  259.35385  259.56870     8.0113     8.0902 0.0000e+00
 145.452109     12.044    14.4005  36.877977    30.0100     11.936  259.35385  259.56870     7.9957     8.0781 0.0000e+00
 145.452112     12.148    14.4005  36.876693    30.0090     12.039  259.35688  259.57172     7.5288     7.4554 0.0000e+00
 145.452115     12.250    14.4003  36.875959    30.0086     12.140  259.35901  259.57384     7.5132     7.4513 0.0000e+00
 145.452118     12.338    14.3998  36.875715    30.0086     12.227  259.36152  259.57632     7.5288     7.4190 0.0000e+00
 145.452121     12.407    14.3997  36.876021    30.0089     12.296  259.36188  259.57667     7.5755     7.4129 0.0000e+00
 145.452124     12.458    14.3995  36.874370    30.0091     12.346  259.36224  259.57702     7.6377     7.4190 -9.990e-29
 145.452127     12.471    14.3990  36.876633    30.0100     12.359  259.36305  259.57780     7.0463     7.3179 -9.990e-29
 145.452130     12.456    14.3986  36.874126    30.0080     12.345  259.36857  259.58332     7.0774     7.3098 -9.990e-29
 145.452133     12.427    14.3986  36.875043    30.0089     12.316  259.36736  259.58209     7.1864     7.3502 -9.990e-29
 145.452135     12.389    14.3985  36.876205    30.0101     12.278  259.36575  259.58047     7.0930     7.5201 -9.990e-29
 145.452138     12.347    14.3986  36.875838    30.0096     12.236  259.36573  259.58046     7.0619     7.5160 -9.990e-29
 145.452141     12.305    14.3987  36.870762    30.0050     12.195  259.37363  259.58840     7.0307     7.4998 -9.990e-29
 145.452144     12.268    14.3988  36.876204    30.0099     12.158  259.36450  259.57924     7.0930     7.5241 -9.990e-29
 145.452147     12.244    14.3990  36.874736    30.0084     12.135  259.36598  259.58074     6.2369     7.4554 -9.990e-29
 145.452150     12.235    14.3996  36.875531    30.0086     12.125  259.36234  259.57713     6.2992     7.4554 -9.990e-29
 145.452153     12.241    14.3998  36.875959    30.0089     12.131  259.36106  259.57586     6.3459     7.4392 -9.990e-29
 145.452156     12.259    14.4000  36.874308    30.0072     12.149  259.36286  259.57769     6.3148     7.4473 -9.990e-29
 145.452159     12.301    14.4005  36.875042    30.0075     12.190  259.35965  259.57450     6.2525     7.4311 -9.990e-29
 145.452161     12.354    14.4010  36.871251    30.0083     12.243  259.35569  259.57056     4.9607     8.3126 -9.990e-29
 145.452164     12.421    14.4010  36.876449    30.0078     12.310  259.35650  259.57138     5.0385     8.2863 0.0000e+00
 145.452167     12.490    14.4010  36.875287    30.0072     12.378  259.35732  259.57220     5.0385     8.2803 0.0000e+00
 145.452170     12.565    14.4009  36.874860    30.0069     12.453  259.35865  259.57352     5.1163     8.2600 0.0000e+00
 145.452173     12.644    14.4008  36.874554    30.0067     12.530  259.35948  259.57436     7.9801     7.5241 0.0000e+00
 145.452176     12.716    14.4005  36.870335    30.0035     12.602  259.36747  259.58235     7.9801     7.4998 0.0000e+00
 145.452179     12.788    14.4005  36.870763    30.0035     12.673  259.36747  259.58235     8.0580     7.5241 0.0000e+00
 145.452182     12.842    14.4005  36.872598    30.0035     12.727  259.36735  259.58225     7.9646     7.4918 0.0000e+00
 145.452185     12.886    14.4005  36.870335    30.0040     12.771  259.36565  259.58054     7.8401     7.4048 0.0000e+00
 145.452188     12.919    14.4006  36.874372    30.0029     12.803  259.36735  259.58225     7.6222     7.2653 -9.990e-29
 145.452190     12.933    14.3999  36.873026    30.0059     12.818  259.36566  259.58050     7.5443     7.2572 -9.990e-29
 145.452193     12.941    14.3999  36.875289    30.0079     12.825  259.36201  259.57682     7.4976     7.2532 -9.990e-29
 145.452196     12.935    14.3998  36.873699    30.0065     12.819  259.36487  259.57970     8.2136     7.7384 -9.990e-29
 145.452199     12.928    14.3997  36.877797    30.0104     12.812  259.35882  259.57360     8.2136     7.7020 -9.990e-29
 145.452202     12.913    14.3996  36.876390    30.0092     12.797  259.36138  259.57617     8.2759     7.6899 -9.990e-29
 145.452205     12.899    14.3997  36.875289    30.0081     12.783  259.36286  259.57766     8.4159     7.7344 -9.990e-29
 145.452208     12.886    14.3996  36.876879    30.0096     12.770  259.36057  259.57536     8.2603     7.7303 -9.990e-29
 145.452211     12.877    14.3996  36.877980    30.0106     12.761  259.35878  259.57356    12.2447     8.3450 -9.990e-29
 145.452214     12.886    14.4001  36.877796    30.0100     12.770  259.35703  259.57184    12.1825     8.3490 -9.990e-29
 145.452216     12.904    14.4002  36.879509    30.0097     12.789  259.35716  259.57198    12.2914     8.3167 -9.990e-29
 145.452219     12.935    14.4004  36.877552    30.0105     12.819  259.35496  259.56977    11.5444     8.1206 0.0000e+00
 145.452222     12.979    14.4005  36.879570    30.0113     12.863  259.35275  259.56757    10.7973     7.9244 0.0000e+00
 145.452225     13.028    14.4010  36.881405    30.0125     12.912  259.34776  259.56260    10.7506     7.9204 0.0000e+00
 145.452228     13.087    14.4010  36.882751    30.0125     12.969  259.34776  259.56260    10.7194     7.8961 0.0000e+00
 145.452231     13.143    14.4008  36.881161    30.0137     13.026  259.34911  259.56393    10.7194     7.8799 0.0000e+00
 145.452234     13.198    14.3997  36.883607    30.0155     13.080  259.34956  259.56421    10.5794     7.7303 0.0000e+00
 145.452237     13.248    14.3986  36.886360    30.0155     13.129  259.34958  259.56432    10.5482     7.6980 0.0000e+00
 145.452240     13.286    14.3982  36.875719    30.0144     13.167  259.35965  259.57432    10.5482     7.7142 0.0000e+00
 145.452242     13.311    14.3978  36.885504    30.0098     13.192  259.36975  259.58443    10.5482     7.6980 -9.990e-29
 145.452245     13.324    14.3974  36.883180    30.0169     13.205  259.35916  259.57376     7.2953     7.8435 -9.990e-29
 145.452248     13.335    14.3974  36.885504    30.0189     13.215  259.35540  259.56999     7.2953     7.8314 -9.990e-29
 145.452251     13.342    14.3974  36.882079    30.0158     13.223  259.36095  259.57557     7.3109     7.8516 -9.990e-29
 145.452254     13.348    14.3973  36.883853    30.0176     13.228  259.35867  259.57326     7.4198     7.8476 -9.990e-29
 145.452257     13.360    14.3977  36.884220    30.0176     13.241  259.35662  259.57123     7.3264     7.8759 -9.990e-29
 145.452260     13.381    14.3983  36.885199    30.0186     13.261  259.35162  259.56626    10.6261     8.9798 -9.990e-29
 145.452263     13.406    14.3987  36.885871    30.0183     13.286  259.35027  259.56493    10.5716     8.9757 0.0000e+00
 145.452266     13.437    14.3990  36.885749    30.0179     13.317  259.34943  259.56411    10.5482     8.9798 0.0000e+00
 145.452269     13.472    14.3990  36.885443    30.0176     13.351  259.34943  259.56411    10.5171     8.9717 0.0000e+00
 145.452271     13.514    14.3987  36.883425    30.0160     13.393  259.35389  259.56858     9.2564     8.4137 0.0000e+00
 145.452274     13.554    14.3984  36.879939    30.0160     13.432  259.35610  259.57076     9.2564     8.4137 0.0000e+00
 145.452277     13.592    14.3983  36.883181    30.0161     13.470  259.35610  259.57076     9.2564     8.4541 0.0000e+00
 145.452280     13.627    14.3980  36.885872    30.0175     13.505  259.35496  259.56959     9.2875     8.4541 0.0000e+00
 145.452283     13.654    14.3977  36.882753    30.0189     13.532  259.35382  259.56842     9.3187     8.4541 -9.990e-29
 145.452286     13.676    14.3978  36.885689    30.0152     13.553  259.36011  259.57475     8.6650     8.2156 -9.990e-29
 145.452289     13.701    14.3978  36.881836    30.0150     13.578  259.36046  259.57511     8.6650     8.2075 0.0000e+00
 145.452292     13.729    14.3978  36.881408    30.0148     13.606  259.36054  259.57519     8.6650     8.2156 0.0000e+00
