seaocn-cb/data/ctd_cnv/SBE19plus_01907321_2024_05_25_Cast52.cnv
* Sea-Bird SBE19plus  Data File:
* FileName = E:\Prandtl_Daten\2024\25052024\raw\SBE19plus_01907321_2024_05_25_Cast52.hex
* Software version 2.6.1.12
* Temperature SN = 7321
* Conductivity SN = 7321
* System UpLoad Time = May 25 2024 08:31:18
* <ApplicationData>
* <Seaterm232>
** 20240525
** Sea Practical 2024
** MCat 25.05 CTD_SP7
** NMEA Latitude = 054 8.23N
** NMEA Longitude = 008 20.51E
** waterdepth = 11.3m
** Till
# nquan = 11
# nvalues = 353                         
# units = specified
# name 0 = timeJ: Julian Days
# name 1 = prdM: Pressure, Strain Gauge [db]
# name 2 = tv290C: Temperature [ITS-90, deg C]
# name 3 = c0mS/cm: Conductivity [mS/cm]
# name 4 = sal00: Salinity, Practical [PSU]
# name 5 = depSM: Depth [salt water, m], lat = 54.00
# name 6 = oxsatMm/Kg: Oxygen Saturation, Weiss [umol/kg]
# name 7 = oxsolMm/Kg: Oxygen Saturation, Garcia & Gordon [umol/kg]
# name 8 = turbWETntu0: Turbidity, WET Labs ECO [NTU]
# name 9 = flECO-AFL: Fluorescence, WET Labs ECO-AFL/FL [mg/m^3]
# name 10 = flag:  0.000e+00
# span 0 = 146.351687, 146.352705       
# span 1 =      0.869,     10.440       
# span 2 =    14.1008,    15.7338       
# span 3 =  36.505183,  37.272086       
# span 4 =    28.6857,    30.5994       
# span 5 =      0.862,     10.347       
# span 6 =  254.79405,  259.89044       
# span 7 =  255.08705,  260.08350       
# span 8 =    -3.9732,    10.5482       
# span 9 =     3.8039,     8.7736       
# span 10 = 0.0000e+00, 0.0000e+00      
# interval = seconds: 0.25
# start_time = May 25 2024 08:24:58 [Instrument's time stamp, header]
# bad_flag = -9.990e-29
*END*
[from data line 263]
 146.352448      8.101    14.4163  37.143275    30.2319      8.028  258.87503  259.08879    -1.0471     7.3300 -9.990e-29
 146.352451      8.110    14.3946  37.142786    30.2559      8.037  258.94664  259.15901    -0.8603     7.3260 -9.990e-29
 146.352454      8.126    14.3851  37.149595    30.2695      8.053  258.97240  259.18413     1.8634     7.9689 -9.990e-29
 146.352457      8.133    14.3751  37.163705    30.2900      8.060  258.98806  259.19907     1.7856     7.9446 -9.990e-29
 146.352459      8.133    14.3601  37.184874    30.3209      8.060  259.01178  259.22170     1.6611     7.9689 -9.990e-29
 146.352462      8.140    14.3376  37.196782    30.3494      8.068  259.07961  259.28804     1.6299     7.9689 -9.990e-29
 146.352465      8.151    14.2894  37.206789    30.4065      8.078  259.23168  259.43695     4.7895     7.3138 -9.990e-29
 146.352468      8.181    14.2789  37.218085    30.4197      8.107  259.26363  259.46820     4.7272     7.3158 0.0000e+00
 146.352471      8.213    14.2683  37.228892    30.4329      8.140  259.29558  259.49945     4.7895     7.3138 0.0000e+00
 146.352474      8.255    14.2489  37.237121    30.4557      8.181  259.35753  259.56012     4.7739     7.3057 0.0000e+00
 146.352477      8.308    14.2286  37.247255    30.4809      8.234  259.41953  259.62077     4.7739     7.3057 0.0000e+00
 146.352480      8.357    14.2093  37.250389    30.4989      8.282  259.48912  259.68913     3.2175     7.5726 0.0000e+00
 146.352483      8.408    14.1947  37.253400    30.5132      8.333  259.54088  259.73995     3.2175     7.5726 0.0000e+00
 146.352486      8.450    14.1850  37.251743    30.5193      8.375  259.58138  259.77984     3.3264     7.5726 0.0000e+00
 146.352488      8.492    14.1797  37.249226    30.5212      8.416  259.60585  259.80400     3.5288     7.5888 0.0000e+00
 146.352491      8.522    14.1761  37.251315    30.5259      8.445  259.61639  259.81430     3.5288     7.6292 0.0000e+00
 146.352494      8.551    14.1733  37.252666    30.5294      8.474  259.62523  259.82296     3.5288     7.6373 0.0000e+00
 146.352497      8.576    14.1719  37.255123    30.5316      8.499  259.62860  259.82623     3.5210     7.6333 0.0000e+00
 146.352500      8.602    14.1705  37.257211    30.5338      8.525  259.63198  259.82950     3.5288     7.6373 -9.990e-29
 146.352503      8.622    14.1593  37.259055    30.5462      8.545  259.66912  259.86591     3.6689     7.7586 -9.990e-29
 146.352506      8.644    14.1537  37.261819    30.5531      8.567  259.68609  259.88250     3.4198     7.7465 -9.990e-29
 146.352509      8.666    14.1493  37.262556    30.5573      8.589  259.70202  259.89815     3.3887     7.7303 -9.990e-29
 146.352512      8.684    14.1481  37.263171    30.5589      8.607  259.70596  259.90200     3.4198     7.7586 -9.990e-29
 146.352514      8.704    14.1471  37.263417    30.5598      8.626  259.70934  259.90532     4.3537     7.7991 -9.990e-29
 146.352517      8.721    14.1457  37.266365    30.5636      8.643  259.70975  259.90562     4.3226     7.7829 -9.990e-29
 146.352520      8.730    14.1439  37.267286    30.5659      8.652  259.71550  259.91124     4.3848     7.7667 -9.990e-29
 146.352523      8.743    14.1433  37.268208    30.5672      8.665  259.71632  259.91202     4.4471     7.8193 -9.990e-29
 146.352526      8.750    14.1418  37.269313    30.5694      8.672  259.72002  259.91563     4.3537     7.7788 -9.990e-29
 146.352529      8.766    14.1363  37.269498    30.5731      8.688  259.74263  259.93789     5.1941     7.8476 -9.990e-29
 146.352532      8.797    14.1344  37.268639    30.5760      8.719  259.74753  259.94265     5.2253     7.8415 0.0000e+00
 146.352535      8.830    14.1325  37.271710    30.5789      8.751  259.75242  259.94741     5.2564     7.8476 0.0000e+00
 146.352538      8.872    14.1303  37.270912    30.5799      8.793  259.76216  259.95702     5.2564     7.8355 0.0000e+00
 146.352541      8.916    14.1294  37.271158    30.5808      8.836  259.76527  259.96007     3.5443     7.6414 0.0000e+00
 146.352543      8.963    14.1282  37.271281    30.5816      8.883  259.76974  259.96447     3.5132     7.6211 0.0000e+00
 146.352546      9.005    14.1271  37.269992    30.5816      8.924  259.77623  259.97090     3.4043     7.6171 0.0000e+00
 146.352549      9.038    14.1255  37.268641    30.5816      8.957  259.78485  259.97942     3.4043     7.6171 0.0000e+00
 146.352552      9.074    14.1237  37.268211    30.5826      8.993  259.79254  259.98700     3.8556     8.1064 0.0000e+00
 146.352555      9.100    14.1228  37.267966    30.5833      9.018  259.79638  259.99078     3.9023     8.1185 0.0000e+00
 146.352558      9.127    14.1218  37.269808    30.5839      9.045  259.80021  259.99456     3.9490     8.1306 -9.990e-29
 146.352561      9.145    14.1205  37.268212    30.5851      9.063  259.80477  259.99903     3.6844     8.1023 -9.990e-29
 146.352564      9.171    14.1194  37.269072    30.5868      9.089  259.80773  260.00191     3.7467     7.4190 -9.990e-29
 146.352567      9.191    14.1183  37.268396    30.5858      9.109  259.81534  260.00947     3.6844     7.4473 -9.990e-29
 146.352569      9.224    14.1183  37.267107    30.5857      9.141  259.81560  260.00973     3.7856     7.4452 0.0000e+00
 146.352572      9.260    14.1183  37.266800    30.5858      9.177  259.81534  260.00947     3.6844     7.4432 0.0000e+00
 146.352575      9.291    14.1184  37.267967    30.5860      9.208  259.81448  260.00862     3.7778     7.4352 0.0000e+00
 146.352578      9.324    14.1185  37.269564    30.5864      9.241  259.81310  260.00724     3.6689     7.4271 -9.990e-29
 146.352581      9.344    14.1196  37.269994    30.5874      9.261  259.80575  259.99994     6.7973     8.4501 -9.990e-29
 146.352584      9.366    14.1193  37.268888    30.5866      9.283  259.80874  260.00292     6.8284     8.4824 -9.990e-29
 146.352587      9.379    14.1179  37.267722    30.5866      9.295  259.81588  260.00998     6.9840     8.4905 -9.990e-29
 146.352590      9.392    14.1160  37.269319    30.5896      9.308  259.82081  260.01478     7.1241     7.8719 -9.990e-29
 146.352593      9.405    14.1144  37.272083    30.5934      9.321  259.82238  260.01622     6.8906     7.9285 -9.990e-29
 146.352595      9.416    14.1140  37.271714    30.5929      9.331  259.82565  260.01947     6.8906     7.8597 -9.990e-29
 146.352598      9.441    14.1137  37.271162    30.5930      9.357  259.82692  260.02072     7.3887     7.7950 0.0000e+00
 146.352601      9.470    14.1134  37.271039    30.5932      9.386  259.82819  260.02198     7.8245     7.7667 0.0000e+00
 146.352604      9.507    14.1127  37.270732    30.5935      9.422  259.83133  260.02508     7.8245     7.7667 0.0000e+00
 146.352607      9.545    14.1122  37.270487    30.5937      9.460  259.83354  260.02721     7.8089     7.7748 0.0000e+00
 146.352610      9.585    14.1117  37.271715    30.5951      9.499  259.83379  260.02750     7.7467     7.7829 0.0000e+00
 146.352613      9.622    14.1113  37.271163    30.5952      9.536  259.83574  260.02939     7.6066     7.9710 0.0000e+00
 146.352616      9.647    14.1108  37.269320    30.5953      9.561  259.83795  260.03157     7.4665     8.1590 -9.990e-29
 146.352619      9.666    14.1090  37.270917    30.5965      9.579  259.84534  260.03885     7.0774     8.1630 -9.990e-29
 146.352622      9.686    14.1085  37.268645    30.5948      9.599  259.85111  260.04461     7.5599     8.1751 -9.990e-29
 146.352624      9.700    14.1079  37.269321    30.5959      9.613  259.85233  260.04579     7.1708     8.1509 -9.990e-29
 146.352627      9.715    14.1070  37.269567    30.5966      9.628  259.85584  260.04924     6.6727     7.4634 -9.990e-29
 146.352630      9.744    14.1067  37.269321    30.5972      9.657  259.85626  260.04963     6.5716     7.4938 0.0000e+00
 146.352633      9.773    14.1064  37.270242    30.5979      9.686  259.85667  260.05001     6.5171     7.5241 0.0000e+00
 146.352636      9.817    14.1064  37.270611    30.5979      9.729  259.85667  260.05001     6.4704     7.5322 0.0000e+00
 146.352639      9.859    14.1063  37.269997    30.5974      9.771  259.85667  260.05001     4.9296     7.8961 0.0000e+00
 146.352642      9.906    14.1063  37.268646    30.5974      9.818  259.85882  260.05214     4.9296     7.9285 0.0000e+00
 146.352645      9.952    14.1059  37.270243    30.5983      9.863  259.85882  260.05214     4.8984     7.9285 0.0000e+00
 146.352648      9.992    14.1059  37.272086    30.5987      9.903  259.85611  260.04941     5.1163     7.8799 0.0000e+00
 146.352650     10.029    14.1062  37.271288    30.5994      9.939  259.85547  260.04880     6.4549     7.7971 0.0000e+00
 146.352653     10.056    14.1065  37.269568    30.5987      9.966  259.85483  260.04818     8.0580     7.7142 -9.990e-29
 146.352656     10.067    14.1060  37.268892    30.5969      9.977  259.86053  260.05387     7.9179     7.6899 -9.990e-29
 146.352659     10.071    14.1050  37.269138    30.5979      9.980  259.86419  260.05746     7.9023     7.6616 -9.990e-29
 146.352662     10.074    14.1042  37.268217    30.5977      9.984  259.86889  260.06212     9.1630     8.0740 -9.990e-29
 146.352665     10.083    14.1036  37.267542    30.5975      9.993  259.87204  260.06524     9.4120     8.0821 -9.990e-29
 146.352668     10.089    14.1030  37.267542    30.5980      9.998  259.87436  260.06752     9.3187     8.1347 -9.990e-29
 146.352671     10.094    14.1027  37.267050    30.5978     10.004  259.87662  260.06976     9.2720     8.0821 -9.990e-29
 146.352674     10.110    14.1027  37.267726    30.5981     10.020  259.87585  260.06900     8.7584     7.9972 -9.990e-29
 146.352677     10.138    14.1031  37.267358    30.5975     10.047  259.87457  260.06776     8.7117     7.9992 0.0000e+00
 146.352679     10.172    14.1036  37.266805    30.5975     10.081  259.87330  260.06651     8.7584     7.9972 0.0000e+00
 146.352682     10.211    14.1036  37.267788    30.5975     10.119  259.87214  260.06534     8.7895     7.9770 0.0000e+00
 146.352685     10.249    14.1036  37.267542    30.5975     10.157  259.87214  260.06534     8.7895     7.9689 0.0000e+00
 146.352688     10.293    14.1035  37.266683    30.5975     10.201  259.87416  260.06736     8.6805     7.4392 0.0000e+00
 146.352691     10.336    14.1031  37.267297    30.5974     10.244  259.87541  260.06858     8.5793     7.4331 0.0000e+00
 146.352694     10.362    14.1026  37.266806    30.5980     10.269  259.87666  260.06980     8.6805     7.4392 -9.990e-29
 146.352697     10.377    14.1024  37.265148    30.5962     10.284  259.88109  260.07423     8.7272     7.4392 -9.990e-29
 146.352700     10.404    14.1020  37.264534    30.5960     10.311  259.88356  260.07668    10.4393     8.7736 -9.990e-29
 146.352703     10.424    14.1013  37.264964    30.5969     10.331  259.88577  260.07884    10.3615     8.7331 -9.990e-29
 146.352705     10.440    14.1008  37.263183    30.5957     10.347  259.89044  260.08350    10.5482     8.7655 -9.990e-29
