seaocn-cb/data/ctd_cnv/SBE19plus_01907321_2024_05_26_Cast66.cnv
* Sea-Bird SBE19plus  Data File:
* FileName = E:\Prandtl_Daten\2024\26052024\raw\SBE19plus_01907321_2024_05_26_Cast66.hex
* Software version 2.6.1.12
* Temperature SN = 7321
* Conductivity SN = 7321
* System UpLoad Time = May 26 2024 14:39:10
* <ApplicationData>
* <Seaterm232>
** 20240526
** Sea Practical 2024
** MCat 26.05 CTD_SP1
** NMEA Latitude = 054 07.808N
** NMEA Longitude = 008 46.636E
** waterdepth =15.5 m
** Merle
# nquan = 11
# nvalues = 580                         
# units = specified
# name 0 = timeJ: Julian Days
# name 1 = prdM: Pressure, Strain Gauge [db]
# name 2 = tv290C: Temperature [ITS-90, deg C]
# name 3 = c0mS/cm: Conductivity [mS/cm]
# name 4 = sal00: Salinity, Practical [PSU]
# name 5 = depSM: Depth [salt water, m], lat = 54.00
# name 6 = oxsatMm/Kg: Oxygen Saturation, Weiss [umol/kg]
# name 7 = oxsolMm/Kg: Oxygen Saturation, Garcia & Gordon [umol/kg]
# name 8 = turbWETntu0: Turbidity, WET Labs ECO [NTU]
# name 9 = flECO-AFL: Fluorescence, WET Labs ECO-AFL/FL [mg/m^3]
# name 10 = flag:  0.000e+00
# span 0 = 147.606030, 147.607705       
# span 1 =      0.497,     14.111       
# span 2 =    17.2845,    18.2020       
# span 3 =  36.177226,  36.560634       
# span 4 =    27.0221,    27.3217       
# span 5 =      0.493,     13.984       
# span 6 =  245.54715,  249.44113       
# span 7 =  245.95388,  249.81093       
# span 8 =    -3.1483,     5.1008       
# span 9 =     3.0963,     9.0647       
# span 10 = 0.0000e+00, 0.0000e+00      
# interval = seconds: 0.25
# start_time = May 26 2024 14:31:27 [Instrument's time stamp, header]
# bad_flag = -9.990e-29
*END*
[from data line 394]
 147.607170     10.552    17.3203  36.196151    27.3074     10.458  249.28687  249.65816    -0.9848     5.2394 0.0000e+00
 147.607173     10.589    17.3197  36.193480    27.3082     10.494  249.29093  249.66220    -0.9304     5.2535 0.0000e+00
 147.607176     10.618    17.3192  36.191963    27.3074     10.523  249.29499  249.66624    -0.9848     5.2394 -9.990e-29
 147.607179     10.638    17.3159  36.198337    27.3137     10.543  249.30020  249.67128     0.5871     5.4335 -9.990e-29
 147.607182     10.655    17.3162  36.192206    27.3084     10.559  249.30794  249.67907     0.5560     5.4254 -9.990e-29
 147.607185     10.660    17.3163  36.194148    27.3099     10.565  249.30458  249.67571     0.6183     5.4780 -9.990e-29
 147.607188     10.662    17.3146  36.188868    27.3066     10.566  249.31853  249.68960     0.6338     5.4174 -9.990e-29
 147.607190     10.669    17.3117  36.191964    27.3112     10.574  249.32497  249.69590    -0.9226     9.0486 -9.990e-29
 147.607193     10.678    17.3098  36.193299    27.3136     10.583  249.33020  249.70103    -0.7825     9.0647 -9.990e-29
 147.607196     10.700    17.3081  36.189536    27.3134     10.604  249.33863  249.70940    -1.0315     9.0162 -9.990e-29
 147.607199     10.731    17.3077  36.191722    27.3134     10.635  249.34018  249.71094    -0.4090     7.2977 0.0000e+00
 147.607202     10.775    17.3074  36.191297    27.3134     10.679  249.34173  249.71247     0.2136     5.5791 0.0000e+00
 147.607205     10.822    17.3054  36.190751    27.3134     10.726  249.34993  249.72059     0.2603     5.5751 0.0000e+00
 147.607208     10.874    17.3034  36.187535    27.3143     10.776  249.36192  249.73251     0.3226     5.5751 0.0000e+00
 147.607211     10.919    17.3015  36.189295    27.3146     10.821  249.36656  249.73705     0.3226     5.5751 0.0000e+00
 147.607214     10.956    17.3011  36.187353    27.3151     10.858  249.36949  249.73997    -0.0043     5.2819 0.0000e+00
 147.607216     10.985    17.3007  36.190206    27.3146     10.886  249.37241  249.74288    -0.3311     4.9887 -9.990e-29
 147.607219     11.007    17.2998  36.186443    27.3145     10.908  249.37712  249.74755    -0.4245     4.9726 -9.990e-29
 147.607222     11.019    17.2992  36.187172    27.3155     10.921  249.37826  249.74866    -0.3467     4.9604 -9.990e-29
 147.607225     11.030    17.2973  36.181588    27.3121     10.932  249.39327  249.76361    -0.4401     4.9928 -9.990e-29
 147.607228     11.034    17.2957  36.187111    27.3178     10.935  249.39133  249.76157    -0.4712     5.0898 -9.990e-29
 147.607231     11.049    17.2949  36.185352    27.3168     10.950  249.39660  249.76683    -0.4090     5.1181 -9.990e-29
 147.607234     11.069    17.2950  36.189297    27.3200     10.970  249.39073  249.76093    -0.3778     5.0979 -9.990e-29
 147.607237     11.092    17.2955  36.186444    27.3192     10.993  249.38976  249.75999     0.5249     5.7813 -9.990e-29
 147.607240     11.123    17.2957  36.188690    27.3181     11.024  249.39026  249.76050     0.6417     5.7732 0.0000e+00
 147.607242     11.156    17.2960  36.186687    27.3186     11.056  249.38976  249.75999     0.6494     5.7651 0.0000e+00
 147.607245     11.193    17.2960  36.188447    27.3179     11.092  249.38952  249.75978     0.7039     5.7631 0.0000e+00
 147.607248     11.227    17.2960  36.191118    27.3186     11.127  249.38829  249.75854     0.6494     5.7611 -9.990e-29
 147.607251     11.251    17.2981  36.186869    27.3159     11.150  249.38282  249.75318    -0.5802     5.0575 -9.990e-29
 147.607254     11.276    17.2986  36.189540    27.3178     11.175  249.37721  249.74757    -0.6736     5.0332 -9.990e-29
 147.607257     11.291    17.2987  36.187840    27.3163     11.190  249.37931  249.74968    -0.6113     5.0292 -9.990e-29
 147.607260     11.304    17.2985  36.187112    27.3158     11.202  249.38096  249.75133    -0.6891     5.0211 -9.990e-29
 147.607263     11.320    17.2982  36.188872    27.3175     11.219  249.37972  249.75007    -0.4245     6.2059 -9.990e-29
 147.607266     11.329    17.2978  36.185595    27.3150     11.228  249.38590  249.75625    -0.4712     6.2140 -9.990e-29
 147.607269     11.348    17.2975  36.185352    27.3153     11.246  249.38659  249.75693    -0.3467     6.2099 -9.990e-29
 147.607271     11.375    17.2976  36.185777    27.3159     11.273  249.38498  249.75532    -0.4012     6.2058 0.0000e+00
 147.607274     11.410    17.2977  36.187416    27.3153     11.307  249.38659  249.75693    -0.4557     6.2099 0.0000e+00
 147.607277     11.450    17.2977  36.183593    27.3165     11.347  249.38410  249.75441    -0.6736     6.3878 0.0000e+00
 147.607280     11.493    17.2976  36.188023    27.3161     11.390  249.38482  249.75515    -0.6736     6.4161 0.0000e+00
 147.607283     11.537    17.2974  36.186870    27.3161     11.434  249.38482  249.75515    -0.6736     6.4242 0.0000e+00
 147.607286     11.575    17.2975  36.185353    27.3156     11.472  249.38637  249.75669    -0.6580     6.4323 0.0000e+00
 147.607289     11.607    17.2974  36.188206    27.3150     11.503  249.38791  249.75824    -0.7047     6.4404 -9.990e-29
 147.607292     11.630    17.2976  36.183836    27.3135     11.526  249.38916  249.75951    -0.7047     5.3729 -9.990e-29
 147.607295     11.645    17.2969  36.183593    27.3138     11.540  249.39229  249.76261    -0.8136     5.3688 -9.990e-29
 147.607297     11.665    17.2956  36.187539    27.3180     11.560  249.39136  249.76160    -0.7202     5.3769 -9.990e-29
 147.607300     11.672    17.2952  36.186871    27.3177     11.568  249.39385  249.76407    -0.0821     5.4457 -9.990e-29
 147.607303     11.677    17.2948  36.185354    27.3167     11.573  249.39754  249.76776    -0.2378     5.4457 -9.990e-29
 147.607306     11.692    17.2948  36.186264    27.3175     11.587  249.39626  249.76647    -0.2689     5.4497 -9.990e-29
 147.607309     11.707    17.2942  36.183594    27.3156     11.602  249.40221  249.77240    -0.1755     5.4254 -9.990e-29
 147.607312     11.730    17.2935  36.184019    27.3175     11.625  249.40222  249.77238    -0.2222     5.0130 -9.990e-29
 147.607315     11.761    17.2936  36.185354    27.3176     11.656  249.40190  249.77206    -0.2067     5.0069 0.0000e+00
 147.607318     11.796    17.2936  36.185597    27.3175     11.690  249.40158  249.77174    -0.2222     5.0009 0.0000e+00
 147.607321     11.831    17.2936  36.185112    27.3172     11.725  249.40158  249.77174    -0.2378     4.9928 0.0000e+00
 147.607323     11.862    17.2936  36.185112    27.3171     11.755  249.40230  249.77247    -0.2378     4.9928 0.0000e+00
 147.607326     11.889    17.2933  36.183230    27.3159     11.782  249.40621  249.77637     0.9762     5.1303 0.0000e+00
 147.607329     11.915    17.2932  36.182260    27.3156     11.808  249.40722  249.77737     1.0229     5.1364 0.0000e+00
 147.607332     11.944    17.2931  36.181167    27.3152     11.837  249.40822  249.77837     0.9762     5.1303 -9.990e-29
 147.607335     11.960    17.2924  36.179165    27.3130     11.853  249.41509  249.78523     1.0541     5.1464 -9.990e-29
 147.607338     11.984    17.2924  36.181835    27.3153     11.876  249.41163  249.78176    -0.2378     4.8310 -9.990e-29
 147.607341     12.000    17.2923  36.185112    27.3181     11.893  249.40731  249.77742    -0.0199     4.7825 -9.990e-29
 147.607344     12.026    17.2920  36.184263    27.3175     11.918  249.40945  249.77955    -0.1911     4.8027 -9.990e-29
 147.607347     12.049    17.2914  36.181107    27.3161     11.942  249.41473  249.78482    -0.1132     5.0534 -9.990e-29
 147.607350     12.075    17.2914  36.182078    27.3165     11.967  249.41412  249.78420    -0.1677     5.0555 0.0000e+00
 147.607352     12.111    17.2914  36.183171    27.3161     12.003  249.41386  249.78397    -0.2222     5.0575 0.0000e+00
 147.607355     12.148    17.2919  36.181411    27.3163     12.039  249.41351  249.78359    -0.2222     5.0575 0.0000e+00
 147.607358     12.186    17.2921  36.183171    27.3158     12.077  249.41170  249.78181    -0.2300     5.0575 0.0000e+00
 147.607361     12.215    17.2924  36.180501    27.3163     12.106  249.40954  249.77966    -0.2222     5.0453 -9.990e-29
 147.607364     12.239    17.2926  36.182382    27.3155     12.129  249.41006  249.78020     0.3692     5.1100 -9.990e-29
 147.607367     12.263    17.2927  36.183353    27.3163     12.153  249.40839  249.77852     0.2136     5.1060 -9.990e-29
 147.607370     12.285    17.2931  36.185113    27.3174     12.175  249.40437  249.77451     0.2136     5.1303 -9.990e-29
 147.607373     12.301    17.2930  36.178316    27.3118     12.191  249.41430  249.78447     0.2914     5.1222 -9.990e-29
 147.607376     12.312    17.2926  36.182079    27.3152     12.202  249.41053  249.78066    -0.5024     5.2880 -9.990e-29
 147.607378     12.325    17.2919  36.178074    27.3124     12.214  249.41898  249.78910    -0.4090     5.3163 -9.990e-29
 147.607381     12.337    17.2909  36.182140    27.3164     12.227  249.41663  249.78669    -0.4090     5.3203 -9.990e-29
 147.607384     12.354    17.2903  36.183597    27.3181     12.243  249.41705  249.78708    -0.3467     5.3284 -9.990e-29
 147.607387     12.377    17.2909  36.182929    27.3154     12.267  249.41869  249.78876     0.6027     5.6923 -9.990e-29
 147.607390     12.405    17.2910  36.180926    27.3157     12.294  249.41775  249.78781     0.6027     5.6964 0.0000e+00
 147.607393     12.439    17.2910  36.181837    27.3160     12.328  249.41680  249.78687     0.6027     5.6923 0.0000e+00
 147.607396     12.474    17.2913  36.182504    27.3164     12.362  249.41495  249.78503     0.4938     5.7004 0.0000e+00
 147.607399     12.507    17.2914  36.183233    27.3164     12.395  249.41495  249.78503     0.3381     5.8864 0.0000e+00
 147.607402     12.540    17.2914  36.180502    27.3159     12.427  249.41498  249.78507     0.3381     5.9026 0.0000e+00
 147.607405     12.574    17.2914  36.182080    27.3155     12.462  249.41538  249.78547     0.3537     5.8864 0.0000e+00
 147.607407     12.607    17.2915  36.181595    27.3159     12.494  249.41498  249.78507     0.3692     5.8581 0.0000e+00
 147.607410     12.633    17.2915  36.182262    27.3158     12.520  249.41492  249.78501     0.4549     5.5872 0.0000e+00
 147.607413     12.662    17.2915  36.180078    27.3160     12.549  249.41445  249.78454     0.5560     5.3163 -9.990e-29
 147.607416     12.682    17.2901  36.181959    27.3167     12.568  249.42015  249.79018     0.5871     5.3041 -9.990e-29
 147.607419     12.697    17.2897  36.177650    27.3134     12.583  249.42780  249.79783     0.5560     5.3041 -9.990e-29
 147.607422     12.715    17.2892  36.179168    27.3150     12.601  249.42752  249.79752     0.5871     5.3203 -9.990e-29
 147.607425     12.739    17.2890  36.182688    27.3181     12.624  249.42348  249.79345     0.0891     4.9968 -9.990e-29
 147.607428     12.762    17.2891  36.177226    27.3146     12.648  249.42846  249.79846     0.0268     4.9321 -9.990e-29
 147.607431     12.790    17.2891  36.178743    27.3153     12.675  249.42712  249.79711     0.0735     4.9625 0.0000e+00
 147.607433     12.821    17.2892  36.180442    27.3160     12.706  249.42577  249.79576     0.1202     4.9928 0.0000e+00
 147.607436     12.850    17.2893  36.181414    27.3164     12.735  249.42494  249.79493     0.1902     5.4275 0.0000e+00
 147.607439     12.877    17.2893  36.181838    27.3167     12.762  249.42410  249.79409     0.2603     5.8622 -9.990e-29
 147.607442     12.901    17.2898  36.180503    27.3154     12.785  249.42392  249.79394     0.2759     5.8662 -9.990e-29
 147.607445     12.926    17.2898  36.180261    27.3154     12.811  249.42392  249.79394     0.2759     5.8662 0.0000e+00
 147.607448     12.952    17.2898  36.181171    27.3154     12.836  249.42392  249.79394     0.2759     5.8662 -9.990e-29
 147.607451     12.972    17.2888  36.182264    27.3178     12.856  249.42481  249.79478    -0.2066     5.9066 -9.990e-29
 147.607454     12.987    17.2885  36.182142    27.3179     12.870  249.42623  249.79618    -0.1288     5.8945 -9.990e-29
 147.607457     13.003    17.2885  36.180747    27.3167     12.886  249.42821  249.79817    -0.1132     5.8783 -9.990e-29
 147.607459     13.018    17.2887  36.177409    27.3137     12.901  249.43201  249.80200     0.9607     4.9160 -9.990e-29
 147.607462     13.039    17.2888  36.180747    27.3176     12.923  249.42512  249.79509     1.0852     4.8796 -9.990e-29
 147.607465     13.065    17.2889  36.182082    27.3180     12.948  249.42376  249.79374     1.0697     4.8897 0.0000e+00
 147.607468     13.098    17.2890  36.183357    27.3176     12.980  249.42512  249.79509     1.0541     4.8998 0.0000e+00
 147.607471     13.129    17.2891  36.180079    27.3157     13.011  249.42618  249.79619     1.0541     4.9240 0.0000e+00
 147.607474     13.167    17.2894  36.179837    27.3157     13.049  249.42618  249.79619     1.2875     5.4780 0.0000e+00
 147.607477     13.202    17.2899  36.183842    27.3158     13.083  249.41997  249.79002     1.3187     5.4942 0.0000e+00
 147.607480     13.234    17.2904  36.181415    27.3158     13.116  249.41997  249.79002     1.3187     5.4942 0.0000e+00
 147.607483     13.265    17.2904  36.180262    27.3149     13.147  249.42162  249.79167     1.3187     5.4942 0.0000e+00
 147.607486     13.291    17.2904  36.180080    27.3149     13.172  249.42191  249.79196     0.8596     5.3749 0.0000e+00
 147.607488     13.317    17.2904  36.181719    27.3148     13.197  249.42220  249.79224     0.3226     5.2435 -9.990e-29
 147.607491     13.333    17.2894  36.181415    27.3165     13.213  249.42403  249.79403     0.3692     5.2192 -9.990e-29
 147.607494     13.351    17.2888  36.181415    27.3169     13.232  249.42621  249.79618     0.2914     5.2718 -9.990e-29
 147.607497     13.366    17.2884  36.181415    27.3172     13.246  249.42776  249.79771     0.3070     5.4214 -9.990e-29
 147.607500     13.388    17.2879  36.180748    27.3170     13.268  249.43057  249.80050     0.3848     5.4538 -9.990e-29
 147.607503     13.409    17.2880  36.179838    27.3166     13.289  249.43071  249.80065     0.3848     5.4254 -9.990e-29
 147.607506     13.435    17.2881  36.180445    27.3164     13.315  249.43051  249.80046     0.5015     5.4517 0.0000e+00
 147.607509     13.461    17.2882  36.180081    27.3165     13.340  249.43031  249.80027     0.6183     5.4780 0.0000e+00
 147.607512     13.488    17.2882  36.180506    27.3162     13.367  249.42974  249.79972     0.6183     5.4942 0.0000e+00
 147.607514     13.519    17.2886  36.179413    27.3153     13.398  249.42974  249.79972     0.5249     5.4942 0.0000e+00
 147.607517     13.550    17.2888  36.178078    27.3147     13.429  249.43007  249.80007     0.5093     5.4982 0.0000e+00
 147.607520     13.579    17.2890  36.180749    27.3140     13.457  249.43041  249.80041     0.4938     5.4901 -9.990e-29
 147.607523     13.603    17.2895  36.181538    27.3164     13.481  249.42338  249.79339     1.1475     5.3850 -9.990e-29
 147.607526     13.625    17.2899  36.183601    27.3179     13.503  249.41893  249.78894     1.0852     5.3891 -9.990e-29
 147.607529     13.643    17.2905  36.182691    27.3167     13.521  249.41806  249.78811     1.0852     5.3729 -9.990e-29
 147.607532     13.659    17.2904  36.183358    27.3173     13.537  249.41744  249.78747     1.0696     5.3486 -9.990e-29
 147.607535     13.679    17.2904  36.182509    27.3166     13.557  249.41865  249.78869     1.2875     5.2556 -9.990e-29
 147.607538     13.696    17.2899  36.179838    27.3156     13.573  249.42276  249.79278     1.3187     5.2516 -9.990e-29
 147.607541     13.721    17.2896  36.180931    27.3165     13.598  249.42297  249.79298     1.2954     5.2394 0.0000e+00
 147.607543     13.752    17.2893  36.182388    27.3166     13.629  249.42318  249.79317     1.2720     5.2273 0.0000e+00
