seaocn-cb/data/ctd_cnv/SBE19plus_01907321_2024_05_24_Cast41.cnv
* Sea-Bird SBE19plus  Data File:
* FileName = E:\Prandtl_Daten\2024\CTD\raw\SBE19plus_01907321_2024_05_24_Cast41.hex
* Software version 2.6.1.12
* Temperature SN = 7321
* Conductivity SN = 7321
* System UpLoad Time = May 24 2024 10:25:22
* <ApplicationData>
* <Seaterm232>
** 20240524
** Sea Practical 2024
** MCat 24.05 CTD_Z5
** NMEA Latitude = 054 03.55N
** NMEA Longitude = 008 21.58E
** waterdepth = 14.5m
** Isabelle
# nquan = 11
# nvalues = 539                         
# units = specified
# name 0 = timeJ: Julian Days
# name 1 = prdM: Pressure, Strain Gauge [db]
# name 2 = tv290C: Temperature [ITS-90, deg C]
# name 3 = c0mS/cm: Conductivity [mS/cm]
# name 4 = sal00: Salinity, Practical [PSU]
# name 5 = depSM: Depth [salt water, m], lat = 54.00
# name 6 = oxsatMm/Kg: Oxygen Saturation, Weiss [umol/kg]
# name 7 = oxsolMm/Kg: Oxygen Saturation, Garcia & Gordon [umol/kg]
# name 8 = turbWETntu0: Turbidity, WET Labs ECO [NTU]
# name 9 = flECO-AFL: Fluorescence, WET Labs ECO-AFL/FL [mg/m^3]
# name 10 = flag:  0.000e+00
# span 0 = 145.430535, 145.432092       
# span 1 =      0.398,     13.588       
# span 2 =    14.2277,    14.8747       
# span 3 =  37.023026,  37.135658       
# span 4 =    29.8658,    30.3007       
# span 5 =      0.395,     13.466       
# span 6 =  257.11335,  259.75431       
# span 7 =  257.35449,  259.95714       
# span 8 =    -3.8798,     9.8634       
# span 9 =     3.3591,     8.0376       
# span 10 = 0.0000e+00, 0.0000e+00      
# interval = seconds: 0.25
# start_time = May 24 2024 10:18:43 [Instrument's time stamp, header]
# bad_flag = -9.990e-29
*END*
[from data line 132]
 145.430917      3.985    14.6928  37.048698    29.9414      3.950  257.94352  258.17461    -2.5257     6.8771 -9.990e-29
 145.430920      3.980    14.6844  37.046861    29.9462      3.944  257.97874  258.20935    -2.6035     6.9095 -9.990e-29
 145.430923      3.985    14.6745  37.047353    29.9543      3.950  258.01642  258.24643    -2.8370     6.8852 -9.990e-29
 145.430926      3.996    14.6679  37.046986    29.9590      3.961  258.04226  258.27188    -2.6969     6.8124 -9.990e-29
 145.430929      4.013    14.6649  37.047109    29.9614      3.977  258.05352  258.28297    -2.3856     6.9863 -9.990e-29
 145.430932      4.035    14.6633  37.050234    29.9654      3.999  258.05471  258.28403    -2.3078     7.1844 -9.990e-29
 145.430935      4.064    14.6661  37.050295    29.9634      4.028  258.04406  258.27355    -2.4634     7.0995 -9.990e-29
 145.430938      4.088    14.6637  37.046864    29.9627      4.051  258.05750  258.28687    -2.4946     7.1157 -9.990e-29
 145.430940      4.117    14.6614  37.047600    29.9629      4.080  258.06940  258.29865    -2.6269     7.0005 0.0000e+00
 145.430943      4.142    14.6614  37.043924    29.9629      4.105  258.06940  258.29865    -2.6269     7.0005 0.0000e+00
 145.430946      4.170    14.6591  37.039636    29.9630      4.132  258.08130  258.31042    -2.7592     6.8852 -9.990e-29
 145.430949      4.188    14.6450  37.043068    29.9731      4.151  258.13699  258.36528    -2.9771     6.8852 -9.990e-29
 145.430952      4.210    14.6395  37.043681    29.9763      4.172  258.15991  258.38788    -1.9498     7.5848 -9.990e-29
 145.430955      4.236    14.6394  37.041966    29.9775      4.198  258.15855  258.38650    -1.9343     7.5990 0.0000e+00
 145.430958      4.265    14.6395  37.044417    29.9763      4.227  258.15908  258.38708    -1.9187     7.6131 0.0000e+00
 145.430961      4.303    14.6394  37.041415    29.9754      4.265  258.15908  258.38708    -1.9187     7.6131 0.0000e+00
 145.430964      4.349    14.6394  37.039639    29.9754      4.310  258.16430  258.39228    -2.0121     7.6050 0.0000e+00
 145.430966      4.402    14.6367  37.039394    29.9759      4.362  258.17499  258.40281    -2.8837     6.6345 0.0000e+00
 145.430969      4.453    14.6318  37.035045    29.9761      4.413  258.20077  258.42833    -2.9304     6.6305 0.0000e+00
 145.430972      4.498    14.6255  37.033760    29.9796      4.458  258.22750  258.45470    -2.9771     6.6305 0.0000e+00
 145.430975      4.538    14.6225  37.034863    29.9824      4.498  258.23807  258.46509    -2.9538     6.6244 0.0000e+00
 145.430978      4.568    14.6195  37.033761    29.9852      4.527  258.24865  258.47548    -2.9771     6.6183 -9.990e-29
 145.430981      4.586    14.6149  37.034190    29.9881      4.545  258.26766  258.49421    -2.4167     6.4728 -9.990e-29
 145.430984      4.604    14.6138  37.032597    29.9875      4.563  258.27433  258.50083    -2.5101     6.5253 -9.990e-29
 145.430987      4.619    14.6114  37.031373    29.9883      4.578  258.28569  258.51206    -2.5101     6.5294 -9.990e-29
 145.430990      4.623    14.6083  37.029413    29.9889      4.581  258.30086  258.52706    -2.5257     6.4525 -9.990e-29
 145.430992      4.632    14.6064  37.031618    29.9924      4.590  258.30467  258.53073    -2.7125     6.5779 -9.990e-29
 145.430995      4.639    14.6051  37.030087    29.9920      4.597  258.31211  258.53812    -2.5413     6.5455 -9.990e-29
 145.430998      4.655    14.6043  37.031251    29.9936      4.614  258.31319  258.53914    -2.5880     6.5698 -9.990e-29
 145.431001      4.679    14.6033  37.029904    29.9932      4.637  258.31947  258.54537    -2.7280     6.5011 -9.990e-29
 145.431004      4.704    14.6016  37.030088    29.9955      4.662  258.32420  258.54998    -3.0549     7.0227 -9.990e-29
 145.431007      4.737    14.6016  37.031007    29.9964      4.695  258.32234  258.54812    -2.9537     7.0187 0.0000e+00
 145.431010      4.766    14.6016  37.033151    29.9964      4.724  258.32234  258.54812    -2.9537     7.0187 0.0000e+00
 145.431013      4.792    14.6017  37.034866    29.9973      4.749  258.32048  258.54626    -2.8525     7.0146 -9.990e-29
 145.431016      4.814    14.6043  37.040257    30.0017      4.771  258.29886  258.52474    -2.2611     7.4028 -9.990e-29
 145.431019      4.836    14.6077  37.036887    29.9960      4.793  258.29136  258.51747    -2.3078     7.3987 -9.990e-29
 145.431021      4.860    14.6090  37.036213    29.9944      4.816  258.28747  258.51366    -2.3701     7.3907 -9.990e-29
 145.431024      4.885    14.6083  37.036397    29.9951      4.841  258.28983  258.51598    -2.3389     7.3543 -9.990e-29
 145.431027      4.908    14.6072  37.033089    29.9930      4.865  258.29926  258.52536    -2.7436     7.3624 -9.990e-29
 145.431030      4.932    14.6032  37.031007    29.9953      4.888  258.31622  258.54209    -2.6346     7.2896 -9.990e-29
 145.431033      4.967    14.6018  37.032232    29.9965      4.923  258.32136  258.54715    -2.7669     7.2633 0.0000e+00
 145.431036      5.003    14.6004  37.032600    29.9978      4.959  258.32650  258.55221    -2.8370     7.2370 0.0000e+00
 145.431039      5.046    14.5996  37.032478    29.9978      5.000  258.33025  258.55590    -2.8370     7.2289 0.0000e+00
 145.431042      5.091    14.5996  37.031008    29.9983      5.046  258.33025  258.55590    -2.5568     7.2289 0.0000e+00
 145.431045      5.144    14.5996  37.033091    29.9985      5.098  258.33205  258.55771    -2.4790     7.2491 0.0000e+00
 145.431047      5.190    14.5961  37.029906    29.9987      5.143  258.34737  258.57284    -2.4790     7.2491 0.0000e+00
 145.431050      5.232    14.5920  37.026477    30.0002      5.185  258.36627  258.59150    -2.3701     7.2592 0.0000e+00
 145.431053      5.265    14.5878  37.026969    30.0019      5.218  258.38516  258.61016    -2.2611     7.2289 -9.990e-29
 145.431056      5.288    14.5651  37.027705    30.0205      5.241  258.47092  258.69454    -2.3078     6.1978 -9.990e-29
 145.431059      5.310    14.5572  37.024888    30.0240      5.263  258.50596  258.72913    -2.3856     6.2423 -9.990e-29
 145.431062      5.323    14.5451  37.024461    30.0330      5.275  258.55327  258.77572    -2.4012     6.2504 -9.990e-29
 145.431065      5.325    14.5331  37.024891    30.0427      5.277  258.59920  258.82091    -2.4790     6.1978 -9.990e-29
 145.431068      5.327    14.5272  37.025382    30.0477      5.279  258.62127  258.84262    -2.4323     6.2059 -9.990e-29
 145.431071      5.325    14.5269  37.025750    30.0482      5.277  258.62156  258.84289    -2.3856     6.1776 -9.990e-29
 145.431073      5.319    14.5257  37.023545    30.0472      5.272  258.63008  258.85136    -2.4167     6.1857 -9.990e-29
 145.431076      5.328    14.5247  37.026485    30.0506      5.281  258.62888  258.85007    -2.2767     6.1978 -9.990e-29
 145.431079      5.337    14.5268  37.030099    30.0522      5.290  258.61515  258.83645    -1.9187     8.0376 -9.990e-29
 145.431082      5.359    14.5397  37.034203    30.0433      5.312  258.56320  258.78526    -1.9187     8.0053 -9.990e-29
 145.431085      5.389    14.5414  37.031261    30.0403      5.340  258.55976  258.78195    -1.9576     8.0154 0.0000e+00
 145.431088      5.427    14.5418  37.027524    30.0396      5.378  258.55897  258.78118    -1.9654     8.0053 0.0000e+00
 145.431091      5.465    14.5418  37.028995    30.0375      5.417  258.55897  258.78118    -1.9965     7.8799 0.0000e+00
 145.431094      5.504    14.5387  37.024034    30.0396      5.455  258.57900  258.80105    -2.0743     7.8395 0.0000e+00
 145.431097      5.547    14.5326  37.026485    30.0444      5.498  258.59853  258.82021    -2.0743     7.8395 0.0000e+00
 145.431100      5.593    14.5270  37.025812    30.0481      5.543  258.62133  258.84268    -2.1677     7.8395 0.0000e+00
 145.431102      5.640    14.5237  37.025996    30.0508      5.590  258.63396  258.85510    -2.2144     6.7720 0.0000e+00
 145.431105      5.690    14.5213  37.027651    30.0537      5.639  258.64071  258.86169    -2.2144     6.7518 0.0000e+00
 145.431108      5.739    14.5179  37.024221    30.0542      5.688  258.65916  258.87996    -2.0432     6.7437 0.0000e+00
 145.431111      5.786    14.5135  37.026243    30.0589      5.735  258.67293  258.89346    -1.9343     6.7437 0.0000e+00
 145.431114      5.834    14.5100  37.028755    30.0638      5.782  258.68269  258.90298    -1.9187     6.4849 0.0000e+00
 145.431117      5.880    14.5092  37.027285    30.0639      5.827  258.68711  258.90736    -1.9109     6.4788 0.0000e+00
 145.431120      5.913    14.5083  37.027408    30.0638      5.860  258.69153  258.91173    -1.8876     6.4849 -9.990e-29
 145.431123      5.938    14.5069  37.023549    30.0615      5.885  258.70286  258.92301    -1.8409     6.4647 -9.990e-29
 145.431126      5.947    14.5067  37.025570    30.0635      5.894  258.70049  258.92061    -1.8097     6.4566 -9.990e-29
 145.431128      5.942    14.5066  37.025816    30.0638      5.889  258.70038  258.92050    -1.3428     6.3272 -9.990e-29
 145.431131      5.933    14.5058  37.027408    30.0659      5.880  258.70104  258.92108    -1.2961     6.3070 -9.990e-29
 145.431134      5.920    14.5010  37.027286    30.0694      5.867  258.71968  258.93944    -1.6852     6.3191 -9.990e-29
 145.431137      5.905    14.4954  37.029676    30.0760      5.853  258.73780  258.95720    -1.5452     6.2746 -9.990e-29
 145.431140      5.891    14.4893  37.030963    30.0819      5.838  258.75915  258.97817    -1.6541     6.3353 -9.990e-29
 145.431143      5.882    14.4873  37.030596    30.0831      5.829  258.76765  258.98654    -1.6074     6.3514 -9.990e-29
 145.431146      5.884    14.4904  37.032862    30.0827      5.831  258.75169  258.97077    -1.7631     6.3231 -9.990e-29
 145.431149      5.894    14.4903  37.034026    30.0832      5.842  258.75162  258.97068    -1.1716     7.7263 -9.990e-29
 145.431152      5.933    14.4869  37.033291    30.0860      5.880  258.76462  258.98347    -1.1638     7.7283 0.0000e+00
 145.431155      5.987    14.4835  37.033537    30.0887      5.934  258.77762  258.99626    -1.1716     7.7263 0.0000e+00
 145.431157      6.053    14.4791  37.033354    30.0919      5.999  258.79494  259.01332    -1.1560     7.7303 0.0000e+00
 145.431160      6.128    14.4743  37.032375    30.0947      6.073  258.81531  259.03341    -1.2027     7.6899 0.0000e+00
 145.431163      6.200    14.4674  37.032253    30.0999      6.145  258.84220  259.05988    -1.6074     6.3717 0.0000e+00
 145.431166      6.268    14.4606  37.032193    30.1051      6.212  258.86840  259.08567    -1.6385     6.3717 0.0000e+00
 145.431169      6.326    14.4561  37.033786    30.1100      6.270  258.88344  259.10042    -1.6230     6.3717 0.0000e+00
 145.431172      6.378    14.4520  37.033603    30.1130      6.321  258.89957  259.11631    -1.6385     6.3555 0.0000e+00
 145.431175      6.418    14.4491  37.033298    30.1152      6.360  258.91125  259.12781    -1.6697     6.3414 0.0000e+00
 145.431178      6.445    14.4461  37.033544    30.1173      6.387  258.92293  259.13931    -1.7164     6.3272 -9.990e-29
 145.431181      6.463    14.4382  37.032074    30.1223      6.405  258.95567  259.17157    -1.7319     6.1371 -9.990e-29
 145.431183      6.476    14.4366  37.032625    30.1241      6.418  258.96093  259.17674    -1.6852     6.0441 -9.990e-29
 145.431186      6.485    14.4362  37.030543    30.1225      6.427  258.96577  259.18157    -1.6074     6.0684 -9.990e-29
 145.431189      6.490    14.4359  37.033299    30.1252      6.432  258.96249  259.17825    -1.6074     6.7639 -9.990e-29
 145.431192      6.501    14.4357  37.031707    30.1239      6.443  258.96595  259.18170    -1.6230     6.7720 -9.990e-29
 145.431195      6.508    14.4354  37.031646    30.1241      6.450  258.96722  259.18296    -1.6541     6.7558 -9.990e-29
 145.431198      6.523    14.4346  37.033545    30.1264      6.465  258.96709  259.18277    -1.6074     6.7639 -9.990e-29
 145.431201      6.536    14.4344  37.033300    30.1263      6.478  258.96837  259.18404    -1.6697     6.8407 -9.990e-29
 145.431204      6.543    14.4349  37.031646    30.1244      6.485  258.96900  259.18471    -1.7475     6.8609 -9.990e-29
 145.431207      6.552    14.4351  37.032197    30.1248      6.494  258.96753  259.18324    -1.6385     6.8650 -9.990e-29
 145.431209      6.556    14.4355  37.034892    30.1269      6.497  258.96142  259.17714    -1.6541     6.9176 -9.990e-29
 145.431212      6.560    14.4365  37.034892    30.1262      6.501  258.95791  259.17369    -1.8720     6.6749 -9.990e-29
 145.431215      6.565    14.4380  37.036485    30.1265      6.506  258.94949  259.16534    -1.9965     6.6588 -9.990e-29
 145.431218      6.572    14.4393  37.035750    30.1247      6.513  258.94541  259.16136    -1.7631     6.6588 -9.990e-29
 145.431221      6.583    14.4389  37.035382    30.1234      6.524  258.94977  259.16570    -1.8097     6.6507 -9.990e-29
 145.431224      6.609    14.4386  37.033973    30.1229      6.549  258.95200  259.16791    -1.7864     6.5739 0.0000e+00
 145.431227      6.647    14.4389  37.032503    30.1232      6.587  258.94977  259.16570    -1.7631     6.4970 0.0000e+00
 145.431230      6.698    14.4400  37.034647    30.1225      6.638  258.94464  259.16063    -1.6385     6.4768 0.0000e+00
 145.431233      6.762    14.4437  37.033361    30.1191      6.701  258.93241  259.14864    -1.6385     6.4768 0.0000e+00
 145.431236      6.831    14.4469  37.030849    30.1143      6.770  258.92422  259.14066    -1.6852     6.5091 0.0000e+00
 145.431238      6.900    14.4519  37.029256    30.1089      6.839  258.90722  259.12399    -1.9809     6.6588 0.0000e+00
 145.431241      6.970    14.4591  37.029010    30.1031      6.907  258.87984  259.09705    -2.0743     6.6911 0.0000e+00
 145.431244      7.032    14.4659  37.025824    30.0949      6.969  258.85867  259.07631    -2.0899     6.6628 0.0000e+00
 145.431247      7.088    14.4733  37.026497    30.0898      7.025  258.82921  259.04730    -2.0899     6.6628 0.0000e+00
 145.431250      7.130    14.4762  37.029437    30.0889      7.066  258.81557  259.03383    -1.8253     6.5637 0.0000e+00
 145.431253      7.170    14.4791  37.029009    30.0880      7.106  258.80194  259.02036    -1.3739     6.4647 -9.990e-29
 145.431256      7.188    14.4759  37.027968    30.0891      7.124  258.81665  259.03489    -1.4051     6.3919 -9.990e-29
 145.431259      7.194    14.4730  37.026069    30.0896      7.130  258.83114  259.04921    -1.3428     6.4242 -9.990e-29
 145.431262      7.179    14.4718  37.028091    30.0924      7.115  258.83226  259.05025    -0.2378     6.2867 -9.990e-29
 145.431264      7.161    14.4715  37.026682    30.0914      7.097  258.83599  259.05396    -0.5335     6.2867 -9.990e-29
 145.431267      7.140    14.4680  37.029439    30.0966      7.076  258.84500  259.06274    -0.5024     6.3191 -9.990e-29
 145.431270      7.112    14.4611  37.029439    30.1019      7.049  258.87163  259.08895    -0.4401     6.2584 -9.990e-29
 145.431273      7.099    14.4571  37.033789    30.1090      7.036  258.88012  259.09716    -0.4401     6.3029 -9.990e-29
 145.431276      7.088    14.4568  37.034218    30.1096      7.025  258.88059  259.09761    -1.1249     7.6090 -9.990e-29
 145.431279      7.088    14.4541  37.036852    30.1140      7.025  258.88658  259.10343    -1.0627     7.6454 -9.990e-29
 145.431282      7.098    14.4467  37.033790    30.1170      7.034  258.92022  259.13664    -1.1405     7.6211 -9.990e-29
 145.431285      7.129    14.4273  37.035813    30.1309      7.065  258.99757  259.21281    -1.0782     6.7356 -9.990e-29
 145.431288      7.172    14.4233  37.032506    30.1367      7.108  259.00824  259.22322    -1.0082     6.7234 0.0000e+00
 145.431291      7.233    14.4193  37.038511    30.1425      7.168  259.01892  259.23363    -1.0782     6.7113 0.0000e+00
