seaocn-cb/data/ctd_cnv/SBE19plus_01907321_2024_05_24_Cast39.cnv
* Sea-Bird SBE19plus  Data File:
* FileName = E:\Prandtl_Daten\2024\CTD\raw\SBE19plus_01907321_2024_05_24_Cast39.hex
* Software version 2.6.1.12
* Temperature SN = 7321
* Conductivity SN = 7321
* System UpLoad Time = May 24 2024 09:38:21
* <ApplicationData>
* <Seaterm232>
** 20240524
** Sea Practical 2024
** MCat 24.05 CTD_Z3
** NMEA Latitude = 054 02.623N
** NMEA Longitude = 008 27.131E
** waterdepth = 14.2m
** Isabelle
# nquan = 11
# nvalues = 454                         
# units = specified
# name 0 = timeJ: Julian Days
# name 1 = prdM: Pressure, Strain Gauge [db]
# name 2 = tv290C: Temperature [ITS-90, deg C]
# name 3 = c0mS/cm: Conductivity [mS/cm]
# name 4 = sal00: Salinity, Practical [PSU]
# name 5 = depSM: Depth [salt water, m], lat = 54.00
# name 6 = oxsatMm/Kg: Oxygen Saturation, Weiss [umol/kg]
# name 7 = oxsolMm/Kg: Oxygen Saturation, Garcia & Gordon [umol/kg]
# name 8 = turbWETntu0: Turbidity, WET Labs ECO [NTU]
# name 9 = flECO-AFL: Fluorescence, WET Labs ECO-AFL/FL [mg/m^3]
# name 10 = flag:  0.000e+00
# span 0 = 145.397101, 145.398411       
# span 1 =      0.543,     12.839       
# span 2 =    14.4874,    15.3044       
# span 3 =  36.784595,  36.906838       
# span 4 =    29.3149,    29.9686       
# span 5 =      0.538,     12.724       
# span 6 =  255.87520,  258.97561       
# span 7 =  256.14265,  259.19564       
# span 8 =    -4.3311,    28.8984       
# span 9 =     2.8860,     8.9394       
# span 10 = 0.0000e+00, 0.0000e+00      
# interval = seconds: 0.25
# start_time = May 24 2024 09:30:36 [Instrument's time stamp, header]
# bad_flag = -9.990e-29
*END*
[from data line 263]
 145.397862      8.625    14.5103  36.884434    29.9322      8.548  258.91607  259.13750    18.3537     7.3805 0.0000e+00
 145.397865      8.663    14.5092  36.883823    29.9327      8.586  258.92083  259.14220    18.2992     7.4028 0.0000e+00
 145.397867      8.705    14.5072  36.885169    29.9354      8.627  258.92633  259.14757    18.2992     7.4109 0.0000e+00
 145.397870      8.745    14.5061  36.885475    29.9366      8.667  258.93027  259.15144    18.2525     7.4028 0.0000e+00
 145.397873      8.789    14.5048  36.886760    29.9387      8.710  258.93322  259.15430    17.7078     7.0591 0.0000e+00
 145.397876      8.829    14.5048  36.887677    29.9387      8.750  258.93322  259.15430    17.6611     7.0510 0.0000e+00
 145.397879      8.869    14.5048  36.887005    29.9393      8.790  258.93262  259.15369    17.6688     7.0510 0.0000e+00
 145.397882      8.907    14.5053  36.888595    29.9386      8.828  258.93111  259.15222    17.6299     7.0429 -9.990e-29
 145.397885      8.931    14.5068  36.889268    29.9394      8.851  258.92163  259.14281    17.2097     7.4715 -9.990e-29
 145.397888      8.955    14.5074  36.890246    29.9398      8.875  258.91772  259.13893    17.0696     7.4311 -9.990e-29
 145.397891      8.984    14.5084  36.889451    29.9383      8.904  258.91520  259.13648    17.1786     7.4877 -9.990e-29
 145.397894      9.008    14.5082  36.886332    29.9362      8.927  258.91976  259.14105    16.1825     7.4958 -9.990e-29
 145.397896      9.043    14.5079  36.887005    29.9356      8.962  258.92242  259.14371    16.1747     7.4796 0.0000e+00
 145.397899      9.074    14.5076  36.885170    29.9350      8.992  258.92509  259.14636    16.1669     7.4634 0.0000e+00
 145.397902      9.110    14.5073  36.883825    29.9349      9.029  258.92681  259.14806    16.1358     7.4634 0.0000e+00
 145.397905      9.154    14.5073  36.884865    29.9341      9.072  258.92681  259.14806    16.1358     7.4998 0.0000e+00
 145.397908      9.185    14.5081  36.884498    29.9340      9.103  258.92448  259.14578    15.2019     7.7546 0.0000e+00
 145.397911      9.221    14.5086  36.884253    29.9334      9.139  258.92357  259.14498    15.1552     7.7950 0.0000e+00
 145.397914      9.254    14.5095  36.881623    29.9303      9.171  258.92357  259.14498    15.1552     7.7950 0.0000e+00
 145.397917      9.281    14.5099  36.878443    29.9286      9.198  258.92481  259.14626    15.2019     7.7971 0.0000e+00
 145.397920      9.309    14.5102  36.879789    29.9269      9.225  258.92606  259.14754    15.2486     7.7991 -9.990e-29
 145.397922      9.329    14.5106  36.877954    29.9261      9.245  258.92541  259.14691    16.1202     7.6535 -9.990e-29
 145.397925      9.345    14.5101  36.880645    29.9289      9.262  258.92285  259.14430    16.1047     7.6737 -9.990e-29
 145.397928      9.363    14.5095  36.878199    29.9272      9.279  258.92916  259.15059    16.1202     7.6292 -9.990e-29
 145.397931      9.383    14.5088  36.878199    29.9277      9.299  258.93181  259.15321    16.0424     7.6616 -9.990e-29
 145.397934      9.405    14.5082  36.880462    29.9268      9.321  258.93705  259.15841    19.0930     7.1076 -9.990e-29
 145.397937      9.432    14.5081  36.876609    29.9265      9.348  258.93800  259.15936    19.1164     7.1117 0.0000e+00
 145.397940      9.467    14.5080  36.875814    29.9268      9.382  258.93705  259.15841    19.0930     7.1157 0.0000e+00
 145.397943      9.505    14.5080  36.878872    29.9261      9.420  258.93821  259.15958    18.9996     7.1844 0.0000e+00
 145.397946      9.551    14.5082  36.875937    29.9288      9.465  258.93492  259.15625    16.2292     7.4109 0.0000e+00
 145.397948      9.593    14.5085  36.879239    29.9288      9.507  258.93145  259.15281    16.1980     7.4190 0.0000e+00
 145.397951      9.629    14.5091  36.881380    29.9298      9.543  258.92596  259.14735    16.1980     7.4190 0.0000e+00
 145.397954      9.670    14.5101  36.881808    29.9298      9.583  258.92119  259.14263    16.1980     7.4190 0.0000e+00
 145.397957      9.702    14.5107  36.881808    29.9298      9.615  258.91856  259.14005    17.5521     7.5322 0.0000e+00
 145.397960      9.732    14.5107  36.882481    29.9297      9.645  258.91820  259.13968    17.5521     7.5362 0.0000e+00
 145.397963      9.759    14.5107  36.882237    29.9297      9.671  258.91820  259.13968    17.5677     7.5362 0.0000e+00
 145.397966      9.786    14.5107  36.880341    29.9297      9.699  258.91820  259.13968    17.5677     7.5241 0.0000e+00
 145.397969      9.814    14.5102  36.884255    29.9319      9.726  258.91704  259.13847    17.5677     7.5120 0.0000e+00
 145.397972      9.848    14.5094  36.888108    29.9360      9.760  258.91704  259.13847    14.6883     7.3300 0.0000e+00
 145.397975      9.890    14.5062  36.890433    29.9406      9.802  258.92271  259.14385    14.6727     7.3260 0.0000e+00
 145.397977      9.936    14.5029  36.888782    29.9406      9.847  258.93804  259.15899    14.6727     7.3057 0.0000e+00
 145.397980      9.982    14.5012  36.885847    29.9403      9.892  258.94955  259.17043    14.7973     7.3260 0.0000e+00
 145.397983     10.027    14.5012  36.885052    29.9397      9.937  258.94955  259.17043    22.0191     7.7425 0.0000e+00
 145.397986     10.065    14.5015  36.885847    29.9397      9.975  258.94906  259.16996    22.1747     7.7445 0.0000e+00
 145.397989     10.093    14.5019  36.887009    29.9397     10.002  258.94696  259.16788    22.3303     7.7465 -9.990e-29
 145.397992     10.113    14.5039  36.884257    29.9367     10.022  258.94162  259.16267    22.4082     7.8072 -9.990e-29
 145.397995     10.133    14.5042  36.885419    29.9375     10.042  258.93858  259.15965    18.3615     7.4918 -9.990e-29
 145.397998     10.142    14.5037  36.886765    29.9391     10.051  258.93848  259.15950    18.4393     7.4958 -9.990e-29
 145.398001     10.147    14.5031  36.888355    29.9410     10.056  258.93827  259.15924    18.1903     7.5241 -9.990e-29
 145.398003     10.155    14.5031  36.889028    29.9416     10.064  258.93719  259.15816    18.2836     7.5322 -9.990e-29
 145.398006     10.164    14.5028  36.890863    29.9435     10.073  258.93542  259.15635    20.0580     7.4796 -9.990e-29
 145.398009     10.184    14.5001  36.888111    29.9486     10.093  258.94031  259.16105    20.6338     7.5928 -9.990e-29
 145.398012     10.211    14.4995  36.894227    29.9491     10.120  258.94272  259.16342    20.6728     7.5605 0.0000e+00
 145.398015     10.248    14.4988  36.894350    29.9496     10.156  258.94513  259.16580    20.7117     7.5524 0.0000e+00
 145.398018     10.284    14.4976  36.893555    29.9499     10.192  258.95143  259.17202    20.9296     7.5281 0.0000e+00
 145.398021     10.332    14.4966  36.895329    29.9522     10.239  258.95143  259.17202    20.9296     7.3219 0.0000e+00
 145.398024     10.377    14.4962  36.896920    29.9540     10.284  258.95135  259.17184    20.9607     7.3219 0.0000e+00
 145.398027     10.425    14.4961  36.897165    29.9540     10.331  258.95135  259.17184    20.9607     7.3340 0.0000e+00
 145.398030     10.467    14.4958  36.895146    29.9542     10.373  258.95339  259.17384    21.1630     7.3421 0.0000e+00
 145.398032     10.520    14.4958  36.897349    29.9527     10.426  258.95521  259.17569    22.0346     7.4149 0.0000e+00
 145.398035     10.563    14.4959  36.895330    29.9527     10.469  258.95521  259.17569    22.0346     7.4473 0.0000e+00
 145.398038     10.605    14.4963  36.893740    29.9509     10.510  258.95603  259.17656    22.0191     7.4837 0.0000e+00
 145.398041     10.640    14.4966  36.891538    29.9500     10.545  258.95603  259.17656    21.9568     7.4958 0.0000e+00
 145.398044     10.671    14.4970  36.893312    29.9500     10.576  258.95412  259.17469    21.5054     7.5120 0.0000e+00
 145.398047     10.706    14.4971  36.893740    29.9502     10.610  258.95286  259.17344    21.4899     7.5281 0.0000e+00
 145.398050     10.735    14.4971  36.894964    29.9503     10.639  258.95286  259.17344    21.4587     7.5848 0.0000e+00
 145.398053     10.764    14.4971  36.893740    29.9508     10.668  258.95235  259.17291    21.4354     7.6111 0.0000e+00
 145.398056     10.791    14.4970  36.891539    29.9503     10.695  258.95349  259.17405    21.3809     7.6373 -9.990e-29
 145.398058     10.813    14.4960  36.896249    29.9534     10.716  258.95359  259.17407    22.6572     7.5848 -9.990e-29
 145.398061     10.833    14.4956  36.894475    29.9521     10.736  258.95793  259.17840    22.5171     7.6171 -9.990e-29
 145.398064     10.848    14.4953  36.892885    29.9509     10.751  258.96168  259.18214    22.4237     7.5848 -9.990e-29
 145.398067     10.862    14.4957  36.895392    29.9528     10.765  258.95618  259.17665    22.4237     7.6211 -9.990e-29
 145.398070     10.878    14.4956  36.893313    29.9510     10.781  258.95983  259.18031    20.6650     8.0174 -9.990e-29
 145.398073     10.893    14.4957  36.896004    29.9534     10.796  258.95521  259.17568    20.6650     8.0296 -9.990e-29
 145.398076     10.913    14.4959  36.893068    29.9505     10.815  258.95907  259.17958    20.6805     7.9770 -9.990e-29
 145.398079     10.935    14.4958  36.894659    29.9506     10.837  258.95940  259.17989    22.8284     7.4634 -9.990e-29
 145.398082     10.961    14.4957  36.893068    29.9521     10.862  258.95699  259.17747    22.9140     7.4473 0.0000e+00
 145.398084     10.993    14.4957  36.896249    29.9517     10.895  258.95816  259.17864    22.8284     7.4634 0.0000e+00
 145.398087     11.035    14.4957  36.894231    29.9535     10.936  258.95494  259.17540    22.9996     7.4311 0.0000e+00
 145.398090     11.085    14.4957  36.896250    29.9530     10.985  258.95536  259.17584    22.7194     7.5079 0.0000e+00
 145.398093     11.136    14.4957  36.895822    29.9530     11.036  258.95536  259.17584    20.5871     7.5726 0.0000e+00
 145.398096     11.194    14.4961  36.891968    29.9525     11.094  258.95536  259.17584    20.5871     7.5726 0.0000e+00
 145.398099     11.251    14.4961  36.895577    29.9525     11.150  258.95436  259.17486    20.6338     7.5403 0.0000e+00
 145.398102     11.300    14.4963  36.896923    29.9535     11.199  258.95134  259.17184    20.6338     7.5403 0.0000e+00
 145.398105     11.340    14.4966  36.897841    29.9535     11.238  258.95092  259.17147    20.6961     7.6171 0.0000e+00
 145.398108     11.375    14.4968  36.895578    29.9530     11.273  258.94997  259.17049    20.8362     7.7870 0.0000e+00
 145.398111     11.400    14.4970  36.896250    29.9517     11.298  258.95092  259.17147    21.2097     7.9568 -9.990e-29
 145.398113     11.415    14.4979  36.894660    29.9503     11.313  258.94919  259.16980    21.3498     7.9810 -9.990e-29
 145.398116     11.428    14.4975  36.895150    29.9510     11.325  258.94988  259.17046    21.3342     8.0012 -9.990e-29
 145.398119     11.435    14.4973  36.894538    29.9506     11.333  258.95145  259.17203    21.9568     8.0579 -9.990e-29
 145.398122     11.442    14.4976  36.892397    29.9484     11.340  258.95403  259.17464    22.0502     8.0781 -9.990e-29
 145.398125     11.453    14.4973  36.891969    29.9482     11.351  258.95561  259.17620    21.8323     8.0498 -9.990e-29
 145.398128     11.470    14.4972  36.890807    29.9473     11.367  258.95808  259.17868    21.9412     8.0700 -9.990e-29
 145.398131     11.492    14.4970  36.887198    29.9483     11.389  258.95751  259.17809    21.3965     8.1266 -9.990e-29
 145.398134     11.523    14.4971  36.891725    29.9477     11.419  258.95812  259.17871    21.3109     8.1408 0.0000e+00
 145.398137     11.559    14.4971  36.890624    29.9472     11.456  258.95777  259.17841    21.3965     8.1266 0.0000e+00
 145.398139     11.597    14.4976  36.889951    29.9472     11.494  258.95777  259.17841    21.3965     8.0498 0.0000e+00
 145.398142     11.645    14.4979  36.892398    29.9481     11.541  258.95269  259.17332    22.2058     7.4109 0.0000e+00
 145.398145     11.692    14.4986  36.893743    29.9483     11.588  258.94790  259.16857    22.2214     7.4028 0.0000e+00
 145.398148     11.736    14.4992  36.893744    29.9483     11.631  258.94558  259.16628    22.2369     7.4109 0.0000e+00
 145.398151     11.782    14.4998  36.893254    29.9483     11.676  258.94405  259.16479    22.3303     7.3987 0.0000e+00
 145.398154     11.816    14.5000  36.894906    29.9479     11.710  258.94200  259.16274    22.2992     7.4088 0.0000e+00
 145.398157     11.844    14.5002  36.895151    29.9485     11.738  258.93994  259.16069    22.3615     7.3987 -9.990e-29
 145.398160     11.864    14.4996  36.894539    29.9487     11.757  258.94291  259.16363    26.6105     7.3664 -9.990e-29
 145.398163     11.893    14.4988  36.898943    29.9532     11.787  258.93877  259.15941    26.3615     7.3907 -9.990e-29
 145.398166     11.917    14.4970  36.895824    29.9518     11.810  258.95086  259.17141    26.5171     7.3624 -9.990e-29
 145.398168     11.940    14.4929  36.900596    29.9613     11.833  258.95582  259.17607    25.9879     7.2815 -9.990e-29
 145.398171     11.981    14.4922  36.902798    29.9616     11.873  258.95931  259.17951    26.0113     7.2653 0.0000e+00
 145.398174     12.012    14.4914  36.902126    29.9616     11.904  258.96280  259.18296    26.0346     7.2491 0.0000e+00
 145.398177     12.052    14.4903  36.901025    29.9618     11.944  258.96705  259.18712    26.1280     7.2370 0.0000e+00
 145.398180     12.092    14.4900  36.902799    29.9628     11.983  258.96871  259.18881    26.1280     7.1278 0.0000e+00
 145.398183     12.123    14.4897  36.901882    29.9634     12.014  258.96845  259.18849    26.1280     7.1116 0.0000e+00
 145.398186     12.157    14.4895  36.903411    29.9636     12.048  258.96909  259.18913    26.0658     7.1197 0.0000e+00
 145.398189     12.192    14.4894  36.903717    29.9644     12.083  258.96845  259.18849    26.1903     7.1116 -9.990e-29
 145.398192     12.212    14.4895  36.903901    29.9648     12.103  258.96740  259.18744    24.3070     7.5767 -9.990e-29
 145.398194     12.236    14.4893  36.903840    29.9649     12.126  258.96811  259.18813    24.5871     7.6211 -9.990e-29
 145.398197     12.252    14.4895  36.902371    29.9634     12.142  258.96990  259.18994    24.4159     7.6252 -9.990e-29
 145.398200     12.276    14.4888  36.901882    29.9635     12.166  258.97334  259.19335    24.4938     7.5362 -9.990e-29
 145.398203     12.296    14.4882  36.904452    29.9661     12.186  258.97139  259.19134    26.9373     8.0215 -9.990e-29
 145.398206     12.325    14.4884  36.904391    29.9659     12.214  258.97067  259.19063    26.8673     8.0458 0.0000e+00
 145.398209     12.354    14.4886  36.904391    29.9661     12.243  258.96994  259.18992    26.8906     8.0296 0.0000e+00
 145.398212     12.389    14.4886  36.905737    29.9670     12.278  258.96779  259.18776    26.8906     8.0296 0.0000e+00
 145.398215     12.418    14.4887  36.906838    29.9670     12.306  258.96779  259.18776    26.8906     8.0215 0.0000e+00
 145.398218     12.447    14.4888  36.903229    29.9662     12.335  258.96736  259.18736    26.0346     7.5928 0.0000e+00
 145.398220     12.478    14.4889  36.905125    29.9662     12.366  258.96738  259.18737    26.0346     7.5928 0.0000e+00
 145.398223     12.511    14.4890  36.905309    29.9664     12.399  258.96736  259.18736    25.7545     7.6090 0.0000e+00
 145.398226     12.542    14.4892  36.906838    29.9671     12.429  258.96376  259.18376    25.7545     7.6171 0.0000e+00
 145.398229     12.576    14.4897  36.906838    29.9671     12.464  258.96245  259.18252    24.3381     7.6090 0.0000e+00
 145.398232     12.609    14.4902  36.905309    29.9653     12.496  258.96202  259.18204    24.2914     7.5605 0.0000e+00
 145.398235     12.642    14.4904  36.905309    29.9650     12.529  258.96245  259.18252    24.2447     7.5524 0.0000e+00
