seaocn-cb/data/ctd_cnv/SBE19plus_01907321_2024_05_29_Cast108.cnv
* Sea-Bird SBE19plus  Data File:
* FileName = E:\Prandtl_Daten\2024\29052024\raw\SBE19plus_01907321_2024_05_29_Cast108.hex
* Software version 2.6.1.12
* Temperature SN = 7321
* Conductivity SN = 7321
* System UpLoad Time = May 29 2024 12:27:42
* <ApplicationData>
* <Seaterm232>
** 20240527
** Sea Practical 2024
** MCat 27.05 CTD_SP7
** NMEA Latitude = 54 08.33N
** NMEA Longitude = 008 20.72E
** waterdepth = 14.2m
** Till
# nquan = 11
# nvalues = 432                         
# units = specified
# name 0 = timeJ: Julian Days
# name 1 = prdM: Pressure, Strain Gauge [db]
# name 2 = tv290C: Temperature [ITS-90, deg C]
# name 3 = c0mS/cm: Conductivity [mS/cm]
# name 4 = sal00: Salinity, Practical [PSU]
# name 5 = depSM: Depth [salt water, m], lat = 54.00
# name 6 = oxsatMm/Kg: Oxygen Saturation, Weiss [umol/kg]
# name 7 = oxsolMm/Kg: Oxygen Saturation, Garcia & Gordon [umol/kg]
# name 8 = turbWETntu0: Turbidity, WET Labs ECO [NTU]
# name 9 = flECO-AFL: Fluorescence, WET Labs ECO-AFL/FL [mg/m^3]
# name 10 = flag:  0.000e+00
# span 0 = 150.514942, 150.516189       
# span 1 =      0.706,     13.126       
# span 2 =    15.0194,    15.0336       
# span 3 =  37.929334,  37.964071       
# span 4 =    30.4747,    30.4983       
# span 5 =      0.700,     13.009       
# span 6 =  255.19658,  255.30805       
# span 7 =  255.44096,  255.55187       
# span 8 =     0.4626,    11.5210       
# span 9 =     2.8941,     6.2423       
# span 10 = 0.0000e+00, 0.0000e+00      
# interval = seconds: 0.25
# start_time = May 29 2024 12:20:08 [Instrument's time stamp, header]
# bad_flag = -9.990e-29
*END*
[from data line 263]
 150.515703      8.392    15.0212  37.937805    30.4815      8.317  255.28880  255.53267     7.0307     5.7489 0.0000e+00
 150.515706      8.439    15.0212  37.935579    30.4811      8.364  255.29071  255.53458     7.0307     5.7591 0.0000e+00
 150.515709      8.478    15.0212  37.937125    30.4801      8.402  255.29261  255.53649     7.0307     5.7489 -9.990e-29
 150.515712      8.501    15.0208  37.937311    30.4819      8.425  255.29138  255.53523     7.0930     5.7449 -9.990e-29
 150.515715      8.516    15.0205  37.936012    30.4809      8.440  255.29430  255.53814     9.7856     5.7894 -9.990e-29
 150.515718      8.520    15.0205  37.936878    30.4817      8.443  255.29294  255.53678     9.8634     5.7813 -9.990e-29
 150.515720      8.514    15.0202  37.932424    30.4780      8.438  255.30137  255.54522     9.8790     5.7530 -9.990e-29
 150.515723      8.501    15.0202  37.935579    30.4808      8.425  255.29613  255.53995     9.6922     5.7489 -9.990e-29
 150.515726      8.491    15.0202  37.931249    30.4770      8.415  255.30320  255.54706     7.7000     5.3001 -9.990e-29
 150.515729      8.478    15.0201  37.934465    30.4799      8.402  255.29844  255.54226     7.7622     5.3122 -9.990e-29
 150.515732      8.467    15.0197  37.932424    30.4784      8.391  255.30308  255.54690     7.7934     5.2961 -9.990e-29
 150.515735      8.456    15.0196  37.931744    30.4778      8.381  255.30443  255.54825     7.7778     5.3122 -9.990e-29
 150.515738      8.458    15.0195  37.934465    30.4803      8.382  255.30046  255.54425     7.6533     5.3122 -9.990e-29
 150.515741      8.471    15.0194  37.932919    30.4765      8.395  255.30805  255.55187     7.7934     5.1667 -9.990e-29
 150.515744      8.502    15.0194  37.930012    30.4781      8.426  255.30525  255.54906     7.7934     5.2011 0.0000e+00
 150.515747      8.551    15.0194  37.933600    30.4781      8.475  255.30444  255.54825     7.7934     5.1667 0.0000e+00
 150.515749      8.622    15.0195  37.931992    30.4796      8.545  255.30245  255.54624     7.7467     5.2354 0.0000e+00
 150.515752      8.710    15.0196  37.934466    30.4781      8.632  255.30444  255.54825     7.3887     5.3082 0.0000e+00
 150.515755      8.815    15.0196  37.931745    30.4778      8.736  255.30376  255.54759     7.3264     5.3082 0.0000e+00
 150.515758      8.932    15.0197  37.931993    30.4778      8.852  255.30376  255.54759     7.3109     5.3001 0.0000e+00
 150.515761      9.047    15.0198  37.935952    30.4809      8.966  255.29791  255.54171     7.3109     5.3001 0.0000e+00
 150.515764      9.140    15.0199  37.935767    30.4809      9.058  255.29783  255.54164     7.4510     5.4214 0.0000e+00
 150.515767      9.214    15.0200  37.935334    30.4807      9.132  255.29761  255.54142     7.5054     5.4234 0.0000e+00
 150.515770      9.255    15.0200  37.935705    30.4805      9.172  255.29783  255.54164     7.5599     5.4254 -9.990e-29
 150.515773      9.262    15.0202  37.933107    30.4783      9.179  255.30048  255.54433     7.4976     5.4335 -9.990e-29
 150.515775      9.238    15.0204  37.932179    30.4773      9.155  255.30134  255.54520     8.4938     5.1262 -9.990e-29
 150.515778      9.185    15.0205  37.929334    30.4747      9.103  255.30519  255.54908     8.5560     5.1303 -9.990e-29
 150.515781      9.112    15.0207  37.931746    30.4768      9.030  255.30078  255.54466     8.5249     5.1141 -9.990e-29
 150.515784      9.044    15.0208  37.932673    30.4776      8.963  255.29899  255.54287     8.5560     5.1303 -9.990e-29
 150.515787      8.988    15.0207  37.930632    30.4758      8.908  255.30245  255.54634     8.4471     5.1060 -9.990e-29
 150.515790      8.950    15.0207  37.933106    30.4780      8.870  255.29855  255.54242     8.9918     5.1747 -9.990e-29
 150.515793      8.939    15.0205  37.930632    30.4760      8.859  255.30329  255.54717     9.0852     5.1990 -9.990e-29
 150.515796      8.954    15.0206  37.930013    30.4753      8.874  255.30369  255.54758     9.1630     5.1909 -9.990e-29
 150.515799      9.002    15.0206  37.932178    30.4772      8.921  255.30032  255.54420     9.0385     5.1828 -9.990e-29
 150.515802      9.073    15.0206  37.931746    30.4768      8.992  255.30105  255.54493     6.4704     5.1181 -9.990e-29
 150.515804      9.162    15.0209  37.933849    30.4782      9.080  255.29748  255.54136     6.4548     5.1222 -9.990e-29
 150.515807      9.257    15.0209  37.933540    30.4792      9.174  255.29576  255.53964     6.4704     5.1202 0.0000e+00
 150.515810      9.350    15.0209  37.935767    30.4802      9.267  255.29404  255.53791     6.4860     5.1181 0.0000e+00
 150.515813      9.431    15.0212  37.936386    30.4802      9.346  255.29297  255.53685     6.7194     4.9038 0.0000e+00
 150.515816      9.495    15.0212  37.935768    30.4799      9.410  255.29297  255.53685     6.7194     4.9038 0.0000e+00
 150.515819      9.547    15.0212  37.935211    30.4798      9.462  255.29297  255.53685     6.7661     4.9079 0.0000e+00
 150.515822      9.593    15.0212  37.935768    30.4796      9.507  255.29316  255.53706     6.7194     4.9099 0.0000e+00
 150.515825      9.622    15.0212  37.936696    30.4798      9.536  255.29274  255.53663     6.7661     4.9079 -9.990e-29
 150.515828      9.639    15.0215  37.937067    30.4807      9.553  255.28986  255.53376     6.2836     5.7732 -9.990e-29
 150.515830      9.646    15.0215  37.935583    30.4793      9.560  255.29191  255.53581     6.3303     5.7570 -9.990e-29
 150.515833      9.646    15.0215  37.936140    30.4798      9.560  255.29103  255.53494     6.2525     5.7409 -9.990e-29
 150.515836      9.646    15.0216  37.936696    30.4803      9.560  255.28987  255.53377     6.3615     5.7247 -9.990e-29
 150.515839      9.648    15.0219  37.937562    30.4809      9.561  255.28764  255.53155     7.0307     5.6317 -9.990e-29
 150.515842      9.655    15.0217  37.936140    30.4797      9.568  255.29046  255.53437     7.0152     5.6195 -9.990e-29
 150.515845      9.662    15.0219  37.937995    30.4812      9.575  255.28668  255.53060     7.0930     5.6276 -9.990e-29
 150.515848      9.671    15.0219  37.935212    30.4788      9.584  255.29135  255.53527     7.1552     5.6074 -9.990e-29
 150.515851      9.689    15.0219  37.935583    30.4790      9.602  255.29048  255.53441     7.0619     5.5832 -9.990e-29
 150.515854      9.711    15.0219  37.936016    30.4811      9.624  255.28731  255.53122     6.9373     5.5629 -9.990e-29
 150.515856      9.740    15.0219  37.937810    30.4789      9.653  255.29106  255.53499     6.9529     5.5609 0.0000e+00
 150.515859      9.782    15.0219  37.932862    30.4790      9.695  255.29163  255.53555     6.9685     5.5629 0.0000e+00
 150.515862      9.826    15.0219  37.935460    30.4790      9.738  255.29163  255.53555     8.7584     6.1857 0.0000e+00
 150.515865      9.868    15.0217  37.936017    30.4794      9.780  255.29021  255.53413     8.7895     6.2059 0.0000e+00
 150.515868      9.903    15.0218  37.936697    30.4797      9.814  255.28998  255.53389     8.8051     6.2241 0.0000e+00
 150.515871      9.936    15.0217  37.935460    30.4801      9.847  255.28974  255.53365     8.8206     6.2423 -9.990e-29
 150.515874      9.959    15.0219  37.935584    30.4790      9.870  255.29094  255.53487     8.0891     5.8622 -9.990e-29
 150.515877      9.976    15.0218  37.936141    30.4795      9.887  255.29037  255.53429     8.0268     5.8986 -9.990e-29
 150.515880      9.998    15.0219  37.935770    30.4791      9.908  255.29067  255.53460     8.0424     5.8986 -9.990e-29
 150.515883     10.020    15.0219  37.936203    30.4797      9.930  255.28974  255.53366     7.9957     5.9026 -9.990e-29
 150.515885     10.051    15.0220  37.936388    30.4798      9.961  255.28893  255.53285     7.2331     5.6377 0.0000e+00
 150.515888     10.089    15.0221  37.936883    30.4799      9.999  255.28812  255.53205     6.4704     5.3729 0.0000e+00
 150.515891     10.137    15.0222  37.937069    30.4799     10.046  255.28812  255.53205     6.4704     5.3608 0.0000e+00
 150.515894     10.197    15.0222  37.935770    30.4800     10.106  255.28756  255.53150     6.5638     5.3608 0.0000e+00
 150.515897     10.260    15.0222  37.938678    30.4813     10.169  255.28483  255.52875     6.5794     5.3608 0.0000e+00
 150.515900     10.324    15.0224  37.939421    30.4813     10.232  255.28483  255.52875     8.0268     5.2637 0.0000e+00
 150.515903     10.378    15.0225  37.934224    30.4795     10.285  255.28693  255.53087     8.0268     5.2496 0.0000e+00
 150.515906     10.414    15.0226  37.937565    30.4771     10.321  255.29073  255.53470     8.0268     5.2354 -9.990e-29
 150.515909     10.432    15.0225  37.938246    30.4807     10.339  255.28474  255.52869     8.0580     5.2152 -9.990e-29
 150.515911     10.432    15.0226  37.939112    30.4814     10.339  255.28281  255.52675     8.5716     5.8379 -9.990e-29
 150.515914     10.422    15.0229  37.936390    30.4788     10.328  255.28620  255.53018     8.5093     5.7894 -9.990e-29
 150.515917     10.412    15.0230  37.940472    30.4823     10.319  255.27921  255.52317     8.5560     5.8177 -9.990e-29
 150.515920     10.403    15.0229  37.940844    30.4827     10.310  255.27891  255.52286     8.4938     5.8419 -9.990e-29
 150.515923     10.396    15.0232  37.936699    30.4788     10.303  255.28454  255.52853     7.0307     5.1707 -9.990e-29
 150.515926     10.403    15.0231  37.939544    30.4814     10.310  255.28037  255.52434     7.0307     5.1788 -9.990e-29
 150.515929     10.427    15.0231  37.938245    30.4756     10.334  255.29050  255.53451     6.9529     5.1747 -9.990e-29
 150.515932     10.462    15.0231  37.933111    30.4782     10.368  255.28605  255.53004     6.9918     5.1747 0.0000e+00
 150.515935     10.505    15.0231  37.938988    30.4782     10.411  255.28512  255.52913     7.0307     5.1747 0.0000e+00
 150.515938     10.556    15.0232  37.936205    30.4791     10.462  255.28399  255.52798    11.5132     5.4942 0.0000e+00
 150.515940     10.611    15.0232  37.937133    30.4791     10.516  255.28399  255.52798    11.5132     5.5144 0.0000e+00
 150.515943     10.653    15.0231  37.937566    30.4793     10.558  255.28381  255.52780    11.5210     5.5165 0.0000e+00
 150.515946     10.688    15.0231  37.937133    30.4795     10.592  255.28363  255.52761    11.4821     5.5185 -9.990e-29
 150.515949     10.708    15.0232  37.936638    30.4786     10.612  255.28454  255.52854     9.7233     5.7813 -9.990e-29
 150.515952     10.722    15.0232  37.937999    30.4798     10.626  255.28241  255.52640     9.7545     5.7611 -9.990e-29
 150.515955     10.731    15.0235  37.938680    30.4802     10.635  255.28048  255.52448     9.7545     5.7611 -9.990e-29
 150.515958     10.744    15.0234  37.938741    30.4803     10.648  255.28068  255.52468     9.8323     5.7409 -9.990e-29
 150.515961     10.766    15.0236  37.935339    30.4791     10.670  255.28169  255.52570    10.7817     5.9147 -9.990e-29
 150.515964     10.796    15.0236  37.937566    30.4791     10.699  255.28199  255.52600    10.7662     5.8986 0.0000e+00
 150.515966     10.839    15.0235  37.937566    30.4792     10.742  255.28223  255.52623    10.7506     5.8824 0.0000e+00
 150.515969     10.890    15.0235  37.937814    30.4792     10.792  255.28229  255.52630    10.6727     5.8703 0.0000e+00
 150.515972     10.950    15.0234  37.935216    30.4789     10.852  255.28366  255.52766     9.2875     5.3203 0.0000e+00
 150.515975     11.009    15.0234  37.937134    30.4789     10.910  255.28366  255.52766     9.2720     5.3122 0.0000e+00
 150.515978     11.071    15.0233  37.938248    30.4798     10.971  255.28198  255.52597     9.2875     5.3203 0.0000e+00
 150.515981     11.122    15.0233  37.938434    30.4799     11.022  255.28182  255.52581     9.2953     5.3223 0.0000e+00
 150.515984     11.158    15.0232  37.935588    30.4800     11.058  255.28198  255.52597     9.3187     5.3324 -9.990e-29
 150.515987     11.182    15.0233  37.939176    30.4806     11.082  255.28056  255.52455     9.0852     5.2516 -9.990e-29
 150.515990     11.188    15.0234  37.939795    30.4811     11.087  255.27931  255.52330     9.0541     5.2758 -9.990e-29
 150.515992     11.193    15.0235  37.940352    30.4815     11.093  255.27815  255.52214     8.9607     5.2597 -9.990e-29
 150.515995     11.193    15.0237  37.939795    30.4809     11.093  255.27815  255.52216     9.1163     5.2192 -9.990e-29
 150.515998     11.202    15.0240  37.938929    30.4798     11.102  255.27836  255.52239     8.9918     5.4901 -9.990e-29
 150.516001     11.216    15.0241  37.940599    30.4813     11.116  255.27546  255.51948     9.0541     5.5104 -9.990e-29
 150.516004     11.220    15.0243  37.942269    30.4826     11.120  255.27197  255.51599     9.1008     5.5225 -9.990e-29
 150.516007     11.231    15.0242  37.937815    30.4787     11.130  255.27925  255.52330     9.1008     5.4901 -9.990e-29
 150.516010     11.238    15.0246  37.940228    30.4805     11.138  255.27402  255.51808    10.6105     5.3850 -9.990e-29
 150.516013     11.237    15.0244  37.941589    30.4819     11.136  255.27276  255.51679    10.5171     5.3608 -9.990e-29
 150.516016     11.239    15.0245  37.939424    30.4799     11.138  255.27586  255.51992    10.5949     5.3931 -9.990e-29
 150.516019     11.237    15.0244  37.938929    30.4795     11.136  255.27693  255.52098    10.5482     5.3729 -9.990e-29
 150.516021     11.233    15.0243  37.939671    30.4803     11.133  255.27605  255.52009     8.5716     5.5144 -9.990e-29
 150.516024     11.240    15.0245  37.939547    30.4800     11.140  255.27567  255.51972     8.5249     5.4942 -9.990e-29
 150.516027     11.257    15.0243  37.941156    30.4819     11.156  255.27317  255.51720     8.6650     5.5023 -9.990e-29
 150.516030     11.286    15.0243  37.941527    30.4815     11.185  255.27387  255.51790     8.5638     5.5084 0.0000e+00
 150.516033     11.341    15.0243  37.940661    30.4811     11.239  255.27457  255.51860     8.6650     5.5144 0.0000e+00
 150.516036     11.418    15.0243  37.938744    30.4794     11.315  255.27681  255.52086     8.7584     5.7772 0.0000e+00
 150.516039     11.509    15.0242  37.938930    30.4794     11.405  255.27681  255.52086     8.7584     5.7772 0.0000e+00
 150.516042     11.616    15.0242  37.939796    30.4794     11.512  255.27681  255.52086     8.7428     5.7368 0.0000e+00
 150.516045     11.736    15.0242  37.938065    30.4788     11.631  255.27946  255.52351     8.6961     5.7206 0.0000e+00
 150.516047     11.848    15.0241  37.937817    30.4788     11.742  255.27946  255.52351     8.3070     4.9847 0.0000e+00
 150.516050     11.944    15.0239  37.940602    30.4802     11.837  255.27818  255.52220     8.2603     4.9847 0.0000e+00
 150.516053     12.015    15.0239  37.939550    30.4807     11.908  255.27733  255.52135     8.2292     4.9745 0.0000e+00
 150.516056     12.052    15.0239  37.936210    30.4802     11.944  255.27818  255.52220     8.1980     4.9887 -9.990e-29
 150.516059     12.046    15.0239  37.939674    30.4803     11.938  255.27800  255.52203    11.0463     5.1181 -9.990e-29
 150.516062     12.011    15.0239  37.941592    30.4821     11.904  255.27526  255.51927    11.0307     5.1060 -9.990e-29
 150.516065     11.953    15.0241  37.943200    30.4833     11.846  255.27184  255.51584    10.9840     5.1262 -9.990e-29
 150.516068     11.869    15.0246  37.944004    30.4837     11.763  255.26849  255.51253    11.0307     5.1060 -9.990e-29
 150.516071     11.787    15.0249  37.945365    30.4847     11.681  255.26515  255.50919     9.7545     5.0656 -9.990e-29
 150.516073     11.712    15.0254  37.948334    30.4870     11.607  255.25871  255.50275     9.8167     5.0453 -9.990e-29
 150.516076     11.650    15.0262  37.948272    30.4863     11.546  255.25558  255.49967     9.7233     5.0615 -9.990e-29
