seaocn-cb/data/ctd_cnv/SBE19plus_01907321_2024_05_24_Cast41.cnv
* Sea-Bird SBE19plus  Data File:
* FileName = E:\Prandtl_Daten\2024\CTD\raw\SBE19plus_01907321_2024_05_24_Cast41.hex
* Software version 2.6.1.12
* Temperature SN = 7321
* Conductivity SN = 7321
* System UpLoad Time = May 24 2024 10:25:22
* <ApplicationData>
* <Seaterm232>
** 20240524
** Sea Practical 2024
** MCat 24.05 CTD_Z5
** NMEA Latitude = 054 03.55N
** NMEA Longitude = 008 21.58E
** waterdepth = 14.5m
** Isabelle
# nquan = 11
# nvalues = 539                         
# units = specified
# name 0 = timeJ: Julian Days
# name 1 = prdM: Pressure, Strain Gauge [db]
# name 2 = tv290C: Temperature [ITS-90, deg C]
# name 3 = c0mS/cm: Conductivity [mS/cm]
# name 4 = sal00: Salinity, Practical [PSU]
# name 5 = depSM: Depth [salt water, m], lat = 54.00
# name 6 = oxsatMm/Kg: Oxygen Saturation, Weiss [umol/kg]
# name 7 = oxsolMm/Kg: Oxygen Saturation, Garcia & Gordon [umol/kg]
# name 8 = turbWETntu0: Turbidity, WET Labs ECO [NTU]
# name 9 = flECO-AFL: Fluorescence, WET Labs ECO-AFL/FL [mg/m^3]
# name 10 = flag:  0.000e+00
# span 0 = 145.430535, 145.432092       
# span 1 =      0.398,     13.588       
# span 2 =    14.2277,    14.8747       
# span 3 =  37.023026,  37.135658       
# span 4 =    29.8658,    30.3007       
# span 5 =      0.395,     13.466       
# span 6 =  257.11335,  259.75431       
# span 7 =  257.35449,  259.95714       
# span 8 =    -3.8798,     9.8634       
# span 9 =     3.3591,     8.0376       
# span 10 = 0.0000e+00, 0.0000e+00      
# interval = seconds: 0.25
# start_time = May 24 2024 10:18:43 [Instrument's time stamp, header]
# bad_flag = -9.990e-29
*END*
 145.430535      0.398    14.7854  37.079192    29.8989      0.395  257.53642  257.77275    -2.8059     4.3094 -9.990e-29
 145.430538      0.408    14.7699  37.077722    29.9274      0.404  257.56674  257.80201    -2.7436     4.3013 -9.990e-29
 145.430541      0.435    14.7728  37.097645    29.9399      0.431  257.52937  257.76469    -2.7669     4.3316 0.0000e+00
 145.430544      0.482    14.7757  37.130631    29.9284      0.478  257.49201  257.72738    -2.7436     4.3013 0.0000e+00
 145.430547      0.535    14.8014  37.125906    29.9284      0.530  257.40063  257.63755    -2.7903     4.3013 0.0000e+00
 145.430550      0.581    14.8079  37.110882    29.9045      0.576  257.40063  257.63755    -2.9615     3.9980 0.0000e+00
 145.430553      0.634    14.8079  37.080907    29.9000      0.628  257.44745  257.68509    -3.1016     3.9738 0.0000e+00
 145.430556      0.699    14.7778  37.073985    29.9000      0.693  257.57397  257.80989    -3.1016     3.9738 0.0000e+00
 145.430558      0.763    14.7529  37.071353    29.9167      0.756  257.67397  257.90844    -3.1171     3.9536 0.0000e+00
 145.430561      0.816    14.7458  37.072029    29.9224      0.809  257.70076  257.93481    -3.2339     3.8201 0.0000e+00
 145.430564      0.845    14.7387  37.078158    29.9282      0.838  257.72755  257.96118    -3.5529     3.6665 -9.990e-29
 145.430567      0.851    14.7409  37.083183    29.9365      0.843  257.70130  257.93497    -3.4440     3.5815 -9.990e-29
 145.430570      0.831    14.7512  37.079750    29.9255      0.823  257.66711  257.90142    -3.5374     3.6422 -9.990e-29
 145.430573      0.800    14.7584  37.087226    29.9267      0.793  257.62759  257.86226    -3.1483     4.0061 -9.990e-29
 145.430576      0.771    14.7643  37.088819    29.9236      0.764  257.60242  257.83743    -3.3195     3.9697 -9.990e-29
 145.430579      0.778    14.7703  37.086612    29.9170      0.771  257.58274  257.81812    -3.3350     4.0102 -9.990e-29
 145.430582      0.816    14.7874  37.089063    29.9107      0.809  257.50482  257.74115    -2.8525     5.0049 -9.990e-29
 145.430584      0.860    14.7913  37.094272    29.9069      0.853  257.49146  257.72803    -2.9926     4.9847 0.0000e+00
 145.430587      0.906    14.7913  37.092433    29.9069      0.898  257.49146  257.72803    -2.9926     4.9847 0.0000e+00
 145.430590      0.942    14.7952  37.077231    29.9031      0.934  257.47810  257.71490    -3.1327     4.9645 -9.990e-29
 145.430593      0.966    14.7877  37.071165    29.8897      0.958  257.54042  257.77695    -2.9771     4.9928 -9.990e-29
 145.430596      0.986    14.7741  37.073618    29.9024      0.977  257.58913  257.82483    -2.8525     4.9887 -9.990e-29
 145.430599      0.988    14.7679  37.068839    29.9029      0.979  257.62053  257.85590    -3.1794     4.8270 -9.990e-29
 145.430602      0.990    14.7602  37.067921    29.9080      0.981  257.65167  257.88659    -2.8681     4.8068 -9.990e-29
 145.430605      0.992    14.7501  37.064551    29.9127      0.983  257.69581  257.93016    -2.9459     4.7704 -9.990e-29
 145.430608      1.004    14.7426  37.064123    29.9180      0.995  257.72528  257.95920    -2.9615     4.8310 -9.990e-29
 145.430611      1.019    14.7378  37.066024    29.9234      1.010  257.74077  257.97439    -3.3973     3.9859 -9.990e-29
 145.430613      1.034    14.7366  37.064982    29.9247      1.025  257.74481  257.97835    -3.1327     3.9536 -9.990e-29
 145.430616      1.063    14.7374  37.066453    29.9272      1.053  257.73593  257.96949    -3.1249     3.9212 0.0000e+00
 145.430619      1.098    14.7383  37.073378    29.9296      1.088  257.72705  257.96064    -3.1327     3.8889 0.0000e+00
 145.430622      1.161    14.7489  37.104087    29.9450      1.151  257.63768  257.87167    -3.4129     3.3591 0.0000e+00
 145.430625      1.241    14.7786  37.125176    29.9450      1.230  257.48971  257.72530    -3.4751     3.3591 0.0000e+00
 145.430628      1.325    14.8176  37.135658    29.9244      1.314  257.32340  257.56121    -3.5841     3.3591 0.0000e+00
 145.430631      1.413    14.8485  37.134305    29.8995      1.400  257.20725  257.44687    -3.6308     3.3591 0.0000e+00
 145.430634      1.493    14.8677  37.129520    29.8805      1.480  257.14113  257.38191    -3.5841     3.6058 0.0000e+00
 145.430637      1.557    14.8710  37.124307    29.8757      1.543  257.13279  257.37378    -3.6075     3.6159 0.0000e+00
 145.430639      1.595    14.8742  37.124552    29.8708      1.581  257.12444  257.36564    -3.5841     3.6260 -9.990e-29
 145.430642      1.610    14.8702  37.124307    29.8739      1.596  257.14005  257.38101    -3.5685     3.5896 -9.990e-29
 145.430645      1.605    14.8695  37.129091    29.8787      1.590  257.13512  257.37601    -3.6774     3.6139 -9.990e-29
 145.430648      1.583    14.8706  37.129949    29.8787      1.568  257.12963  257.37058    -3.5062     4.4469 -9.990e-29
 145.430651      1.544    14.8725  37.132218    29.8792      1.530  257.11867  257.35971    -3.4284     4.4226 -9.990e-29
 145.430654      1.504    14.8742  37.131481    29.8773      1.491  257.11335  257.35449    -3.4440     4.4550 -9.990e-29
 145.430657      1.475    14.8747  37.120872    29.8674      1.462  257.12806  257.36931    -3.5529     4.4550 -9.990e-29
 145.430660      1.464    14.8680  37.113270    29.8658      1.451  257.16595  257.40686    -3.8798     4.2811 -9.990e-29
 145.430663      1.469    14.8583  37.123572    29.8824      1.456  257.18667  257.42695    -3.8642     4.3054 -9.990e-29
 145.430666      1.487    14.8576  37.119280    29.8791      1.474  257.19612  257.43639    -3.8487     4.2973 -9.990e-29
 145.430668      1.511    14.8571  37.119342    29.8795      1.498  257.19780  257.43804    -3.7708     4.2892 -9.990e-29
 145.430671      1.539    14.8565  37.119526    29.8726      1.525  257.21360  257.45386    -3.3195     4.3458 -9.990e-29
 145.430674      1.577    14.8538  37.111065    29.8669      1.563  257.23754  257.47771    -3.4129     4.3094 0.0000e+00
 145.430677      1.619    14.8511  37.093838    29.8721      1.604  257.26148  257.50156    -3.3195     4.3256 0.0000e+00
 145.430680      1.667    14.8363  37.093350    29.8721      1.652  257.31902  257.55823    -3.5062     4.2730 0.0000e+00
 145.430683      1.710    14.8248  37.095497    29.8828      1.695  257.35973  257.59826    -3.4751     3.9697 0.0000e+00
 145.430686      1.756    14.8208  37.097950    29.8883      1.740  257.37060  257.60887    -3.5218     3.9536 0.0000e+00
 145.430689      1.810    14.8208  37.098502    29.8886      1.794  257.37060  257.60887    -3.5841     3.9455 0.0000e+00
 145.430692      1.872    14.8226  37.100647    29.8886      1.856  257.36019  257.59854    -3.7086     3.9455 0.0000e+00
 145.430694      1.936    14.8251  37.100218    29.8891      1.919  257.35150  257.59001    -3.6930     3.9455 0.0000e+00
 145.430697      2.006    14.8281  37.115668    29.8868      1.988  257.31943  257.55873    -3.7086     4.2811 0.0000e+00
 145.430700      2.073    14.8358  37.090654    29.8775      2.055  257.31529  257.55386    -3.7864     4.3256 0.0000e+00
 145.430703      2.133    14.8366  37.099053    29.8731      2.114  257.31588  257.55510    -3.8409     4.3276 0.0000e+00
 145.430706      2.181    14.8358  37.100463    29.8775      2.161  257.31233  257.55147    -3.7864     4.3296 -9.990e-29
 145.430709      2.206    14.8320  37.089736    29.8720      2.187  257.34155  257.58054    -3.5529     4.1557 -9.990e-29
 145.430712      2.214    14.8264  37.090717    29.8771      2.194  257.36145  257.60011    -3.3817     4.1032 -9.990e-29
 145.430715      2.208    14.8214  37.094089    29.8840      2.188  257.37550  257.61383    -3.4440     4.1355 -9.990e-29
 145.430718      2.185    14.8206  37.097032    29.8873      2.165  257.37405  257.61231    -3.4284     4.0870 -9.990e-29
 145.430720      2.157    14.8216  37.096786    29.8863      2.138  257.37031  257.60864    -3.3662     4.9402 -9.990e-29
 145.430723      2.132    14.8237  37.101568    29.8890      2.113  257.35477  257.59319    -3.5996     4.8917 -9.990e-29
 145.430726      2.110    14.8276  37.114749    29.8978      2.091  257.31887  257.55742    -3.4595     4.9766 -9.990e-29
 145.430729      2.101    14.8379  37.119285    29.8939      2.082  257.27201  257.51113    -3.4284     4.8998 -9.990e-29
 145.430732      2.112    14.8492  37.126335    29.8916      2.093  257.21766  257.45738    -3.3195     5.1545 -9.990e-29
 145.430735      2.134    14.8656  37.129523    29.8748      2.115  257.16239  257.40311    -3.2728     5.1343 -9.990e-29
 145.430738      2.172    14.8650  37.121550    29.8758      2.153  257.16408  257.40476    -3.2416     5.1727 0.0000e+00
 145.430741      2.216    14.8643  37.122593    29.8748      2.196  257.16576  257.40640    -3.2728     5.2111 0.0000e+00
 145.430744      2.265    14.8610  37.113826    29.8713      2.245  257.19231  257.43282    -3.2105     5.2192 0.0000e+00
 145.430747      2.311    14.8516  37.105856    29.8713      2.290  257.24082  257.48084    -3.1794     6.1573 0.0000e+00
 145.430749      2.358    14.8361  37.090900    29.8713      2.337  257.32422  257.56344    -3.0393     6.1573 0.0000e+00
 145.430752      2.404    14.8153  37.079993    29.8760      2.382  257.42150  257.65958    -3.0393     6.1493 0.0000e+00
 145.430755      2.440    14.7961  37.069699    29.8815      2.419  257.51164  257.74867    -3.0393     6.1493 0.0000e+00
 145.430758      2.471    14.7773  37.062960    29.8898      2.449  257.59437  257.83035    -2.9148     6.9823 0.0000e+00
 145.430761      2.501    14.7586  37.052545    29.8949      2.478  257.68325  257.91819    -2.7903     6.9823 0.0000e+00
 145.430764      2.530    14.7366  37.048014    29.9077      2.507  257.77510  258.00879    -2.7903     6.9782 0.0000e+00
 145.430767      2.570    14.7171  37.046669    29.9214      2.547  257.85218  258.08473    -2.8059     6.9782 0.0000e+00
 145.430770      2.614    14.7035  37.043239    29.9288      2.590  257.91025  258.14201    -2.9771     7.2613 0.0000e+00
 145.430773      2.657    14.6949  37.038094    29.9307      2.634  257.95138  258.18268    -2.9148     7.2613 0.0000e+00
 145.430775      2.703    14.6854  37.036196    29.9363      2.679  257.99115  258.22190    -2.9771     7.2572 0.0000e+00
 145.430778      2.756    14.6755  37.034176    29.9421      2.731  258.03259  258.26276    -2.9148     7.2451 0.0000e+00
 145.430781      2.800    14.6697  37.036873    29.9478      2.775  258.05305  258.28287    -2.4868     7.1642 0.0000e+00
 145.430784      2.832    14.6638  37.036017    29.9535      2.807  258.07352  258.30297    -1.9654     7.0833 -9.990e-29
 145.430787      2.854    14.6452  37.033139    29.9644      2.829  258.15115  258.37953    -2.1833     7.0550 -9.990e-29
 145.430790      2.867    14.6359  37.030077    29.9689      2.841  258.19216  258.42000    -1.9343     7.0833 -9.990e-29
 145.430793      2.864    14.6276  37.030323    29.9755      2.838  258.22376  258.45110    -2.0899     7.0550 -9.990e-29
 145.430796      2.842    14.6226  37.031181    29.9801      2.816  258.24145  258.46848    -2.8525     7.3421 -9.990e-29
 145.430799      2.814    14.6201  37.030569    29.9815      2.789  258.25239  258.47928    -2.9459     7.3219 -9.990e-29
 145.430802      2.789    14.6179  37.032468    29.9849      2.764  258.25754  258.48429    -2.7747     7.3340 -9.990e-29
 145.430804      2.772    14.6160  37.030814    29.9849      2.747  258.26781  258.49445    -2.7747     7.3057 -9.990e-29
 145.430807      2.765    14.6121  37.033755    29.9906      2.740  258.27806  258.50445    -2.5880     7.4756 -9.990e-29
 145.430810      2.780    14.6105  37.036145    29.9887      2.755  258.28975  258.51607    -2.6502     7.5524 -9.990e-29
 145.430813      2.814    14.6098  37.030325    29.9879      2.789  258.29525  258.52153    -2.7125     7.5261 0.0000e+00
 145.430816      2.858    14.6090  37.027140    29.9887      2.832  258.30075  258.52700    -2.6502     7.4998 0.0000e+00
 145.430819      2.918    14.6058  37.030081    29.9921      2.892  258.30840  258.53443    -2.7280     6.9701 0.0000e+00
 145.430822      2.984    14.6028  37.028305    29.9927      2.957  258.32273  258.54860    -2.6346     6.9620 0.0000e+00
 145.430825      3.050    14.5972  37.027081    29.9959      3.022  258.34644  258.57199    -2.7280     6.9620 0.0000e+00
 145.430828      3.117    14.5906  37.026285    30.0003      3.089  258.37328  258.59844    -2.7436     6.9176 0.0000e+00
 145.430830      3.181    14.5865  37.027144    30.0042      3.153  258.38778  258.61269    -3.2883     5.6681 0.0000e+00
 145.430833      3.239    14.5865  37.025735    30.0042      3.210  258.38778  258.61269    -3.3506     5.6600 0.0000e+00
 145.430836      3.288    14.5878  37.027818    30.0038      3.259  258.38178  258.60676    -3.3506     5.6681 0.0000e+00
 145.430839      3.318    14.5941  37.029409    29.9996      3.288  258.35602  258.58137    -3.3350     5.6459 0.0000e+00
 145.430842      3.351    14.6005  37.036819    29.9954      3.321  258.33026  258.55599    -3.2572     5.6802 -9.990e-29
 145.430845      3.374    14.6503  37.038715    29.9653      3.344  258.12290  258.35153    -2.9148     6.0482 -9.990e-29
 145.430848      3.396    14.6757  37.042204    29.9489      3.366  258.01929  258.24941    -2.8525     6.0118 -9.990e-29
 145.430851      3.414    14.6929  37.041222    29.9348      3.384  257.95480  258.18595    -2.9615     5.9996 -9.990e-29
 145.430854      3.427    14.7021  37.041221    29.9277      3.397  257.91927  258.15097    -2.9771     6.0320 -9.990e-29
 145.430856      3.436    14.7054  37.041343    29.9253      3.406  257.90645  258.13834    -3.0860     5.4295 -9.990e-29
 145.430859      3.438    14.7081  37.042139    29.9240      3.407  257.89490  258.12695    -3.0393     5.4618 -9.990e-29
 145.430862      3.433    14.7091  37.042813    29.9238      3.402  257.88971  258.12181    -3.0082     5.4861 -9.990e-29
 145.430865      3.431    14.7108  37.045876    29.9252      3.400  257.87837  258.11054    -2.9771     5.4699 -9.990e-29
 145.430868      3.435    14.7136  37.044405    29.9217      3.404  257.86985  258.10220    -3.0238     5.4659 -9.990e-29
 145.430871      3.427    14.7161  37.045018    29.9204      3.397  257.85946  258.09196    -3.0393     5.5063 -9.990e-29
 145.430874      3.435    14.7181  37.046855    29.9205      3.404  257.84861  258.08121    -3.0238     5.4659 -9.990e-29
 145.430877      3.442    14.7209  37.046426    29.9179      3.411  257.83843  258.07120    -3.0393     5.4457 -9.990e-29
 145.430880      3.458    14.7357  37.056903    29.9277      3.427  257.74389  257.97736    -3.3039     6.3151 -9.990e-29
 145.430883      3.491    14.7459  37.070016    29.9231      3.460  257.69894  257.93299    -3.3428     6.2908 0.0000e+00
 145.430885      3.531    14.7561  37.077246    29.9185      3.500  257.65399  257.88861    -3.3039     6.2746 0.0000e+00
 145.430888      3.588    14.7747  37.081166    29.9078      3.556  257.57641  257.81210    -3.2728     6.2746 0.0000e+00
 145.430891      3.652    14.7893  37.082697    29.8979      3.619  257.51761  257.75415    -3.1950     6.2746 0.0000e+00
 145.430894      3.715    14.7971  37.077915    29.8862      3.682  257.50641  257.74349    -2.8992     6.4687 0.0000e+00
 145.430897      3.779    14.7971  37.071113    29.8845      3.746  257.50641  257.74349    -2.8992     6.4728 0.0000e+00
 145.430900      3.840    14.7844  37.063638    29.8845      3.805  257.56711  257.80350    -2.8992     6.4728 0.0000e+00
 145.430903      3.889    14.7664  37.062966    29.8977      3.854  257.63727  257.87261    -2.8214     6.4728 0.0000e+00
 145.430906      3.931    14.7582  37.058924    29.9022      3.896  257.67223  257.90710    -2.7903     6.6325 0.0000e+00
 145.430909      3.958    14.7499  37.054943    29.9067      3.923  257.70719  257.94159    -2.7592     6.8003 -9.990e-29
 145.430911      3.980    14.7182  37.051391    29.9243      3.944  257.84143  258.07400    -2.5880     6.8084 -9.990e-29
