seaocn-cb/data/ctd_cnv/SBE19plus_01907321_2024_05_27_Cast69.cnv
* Sea-Bird SBE19plus  Data File:
* FileName = E:\Prandtl_Daten\2024\27052024\raw\SBE19plus_01907321_2024_05_27_Cast69.hex
* Software version 2.6.1.12
* Temperature SN = 7321
* Conductivity SN = 7321
* System UpLoad Time = May 27 2024 08:56:54
* <ApplicationData>
* <Seaterm232>
** 20240527
** Sea Practical 2024
** MCat 27.05 CTD_SP5
** NMEA Latitude = 54 7.781N
** NMEA Longitude = 008 25.579E
** waterdepth = 8m
** Maja
# nquan = 11
# nvalues = 318                         
# units = specified
# name 0 = timeJ: Julian Days
# name 1 = prdM: Pressure, Strain Gauge [db]
# name 2 = tv290C: Temperature [ITS-90, deg C]
# name 3 = c0mS/cm: Conductivity [mS/cm]
# name 4 = sal00: Salinity, Practical [PSU]
# name 5 = depSM: Depth [salt water, m], lat = 54.00
# name 6 = oxsatMm/Kg: Oxygen Saturation, Weiss [umol/kg]
# name 7 = oxsolMm/Kg: Oxygen Saturation, Garcia & Gordon [umol/kg]
# name 8 = turbWETntu0: Turbidity, WET Labs ECO [NTU]
# name 9 = flECO-AFL: Fluorescence, WET Labs ECO-AFL/FL [mg/m^3]
# name 10 = flag:  0.000e+00
# span 0 = 148.345654, 148.346571       
# span 1 =      0.680,      6.911       
# span 2 =    16.3458,    16.5409       
# span 3 =  36.898909,  36.943920       
# span 4 =    28.4514,    28.6213       
# span 5 =      0.674,      6.849       
# span 6 =  251.15139,  251.84004       
# span 7 =  251.48280,  252.16187       
# span 8 =    -2.2300,     7.8556       
# span 9 =     3.1246,     6.4849       
# span 10 = 0.0000e+00, 0.0000e+00      
# interval = seconds: 0.25
# start_time = May 27 2024 08:16:25 [Instrument's time stamp, header]
# bad_flag = -9.990e-29
*END*
[from data line 263]
 148.346415      6.781    16.3496  36.941165    28.6162      6.721  251.82319  252.14506     1.9724     6.4687 -9.990e-29
 148.346418      6.794    16.3496  36.941716    28.6166      6.733  251.82238  252.14425     0.5560     4.2488 -9.990e-29
 148.346421      6.816    16.3496  36.943675    28.6183      6.755  251.81950  252.14136     0.6338     4.2326 -9.990e-29
 148.346424      6.834    16.3496  36.943430    28.6181      6.773  251.81987  252.14174     0.6183     4.1921 -9.990e-29
 148.346427      6.847    16.3498  36.942389    28.6171      6.786  251.82082  252.14269     0.7428     4.2811 -9.990e-29
 148.346429      6.860    16.3501  36.939574    28.6144      6.798  251.82377  252.14568     2.3615     5.7166 -9.990e-29
 148.346432      6.872    16.3497  36.940737    28.6157      6.811  251.82357  252.14545     2.4237     5.7368 -9.990e-29
 148.346435      6.871    16.3494  36.940003    28.6153      6.809  251.82586  252.14773     2.2836     5.7530 -9.990e-29
 148.346438      6.871    16.3487  36.938473    28.6144      6.809  251.83052  252.15237     2.3303     5.7489 -9.990e-29
 148.346441      6.863    16.3485  36.940064    28.6160      6.802  251.82907  252.15090     2.4082     5.7611 -9.990e-29
 148.346444      6.854    16.3481  36.942145    28.6181      6.793  251.82750  252.14929     2.5171     5.2718 -9.990e-29
 148.346447      6.836    16.3480  36.939146    28.6156      6.775  251.83222  252.15402     2.5949     5.2637 -9.990e-29
 148.346450      6.816    16.3481  36.940982    28.6171      6.755  251.82919  252.15100     2.5327     5.3001 -9.990e-29
 148.346453      6.799    16.3479  36.940003    28.6164      6.739  251.83123  252.15303     2.4860     5.2394 -9.990e-29
 148.346455      6.783    16.3479  36.940982    28.6172      6.722  251.82978  252.15157     5.1941     6.1007 -9.990e-29
 148.346458      6.777    16.3480  36.937800    28.6144      6.717  251.83417  252.15599     5.1475     6.0603 -9.990e-29
 148.346461      6.790    16.3479  36.939146    28.6156      6.730  251.83249  252.15430     5.1475     6.1250 -9.990e-29
 148.346464      6.803    16.3481  36.941410    28.6175      6.742  251.82856  252.15035     5.2408     6.0805 -9.990e-29
 148.346467      6.823    16.3484  36.942390    28.6181      6.762  251.82592  252.14773     2.8284     5.4538 -9.990e-29
 148.346470      6.836    16.3489  36.940309    28.6159      6.775  251.82719  252.14903     2.8284     5.4740 -9.990e-29
 148.346473      6.843    16.3488  36.938718    28.6146      6.782  251.82984  252.15169     2.8284     5.4093 -9.990e-29
 148.346476      6.850    16.3488  36.943246    28.6185      6.789  251.82316  252.14499     2.9840     5.4093 -9.990e-29
 148.346479      6.851    16.3490  36.939146    28.6149      6.789  251.82861  252.15047     3.5599     4.8027 -9.990e-29
 148.346481      6.841    16.3494  36.938901    28.6144      6.780  251.82747  252.14934     3.6689     4.8998 -9.990e-29
 148.346484      6.823    16.3496  36.943246    28.6180      6.762  251.82044  252.14230     3.7000     4.8351 -9.990e-29
 148.346487      6.805    16.3493  36.940309    28.6156      6.744  251.82567  252.14753     3.7467     4.8472 -9.990e-29
 148.346490      6.787    16.3494  36.938901    28.6144      6.726  251.82744  252.14931     3.3887     4.8593 -9.990e-29
 148.346493      6.774    16.3494  36.942144    28.6172      6.713  251.82264  252.14450     3.0463     5.0534 -9.990e-29
 148.346496      6.779    16.3493  36.943430    28.6183      6.719  251.82105  252.14289     2.9685     5.0453 -9.990e-29
 148.346499      6.796    16.3491  36.942512    28.6177      6.735  251.82331  252.14515     3.1552     5.0898 -9.990e-29
 148.346502      6.820    16.3490  36.940676    28.6162      6.759  251.82634  252.14818     3.0930     5.0696 -9.990e-29
 148.346505      6.852    16.3489  36.939819    28.6155      6.791  251.82792  252.14977     4.1669     5.0534 -9.990e-29
 148.346508      6.874    16.3486  36.940982    28.6167      6.813  251.82742  252.14925     3.9646     5.0453 -9.990e-29
 148.346510      6.900    16.3487  36.938963    28.6149      6.838  251.82981  252.15166     4.0268     5.0615 -9.990e-29
 148.346513      6.907    16.3487  36.941655    28.6172      6.845  251.82614  252.14797     3.9490     5.0615 -9.990e-29
 148.346516      6.907    16.3489  36.940003    28.6156      6.845  251.82768  252.14953     7.7311     5.3324 -9.990e-29
 148.346519      6.900    16.3489  36.940493    28.6161      6.838  251.82695  252.14880     7.8556     5.4254 -9.990e-29
 148.346522      6.885    16.3489  36.943002    28.6182      6.823  251.82324  252.14507     7.7622     5.3648 -9.990e-29
 148.346525      6.863    16.3485  36.940003    28.6159      6.802  251.82916  252.15099     7.8556     5.3405 -9.990e-29
 148.346528      6.839    16.3481  36.941655    28.6177      6.778  251.82821  252.15001     6.1280     5.0615 -9.990e-29
 148.346531      6.808    16.3480  36.940492    28.6167      6.748  251.83021  252.15201     5.9257     5.0615 -9.990e-29
 148.346534      6.779    16.3478  36.934434    28.6117      6.718  251.84004  252.16187     6.0346     5.0413 -9.990e-29
 148.346536      6.757    16.3478  36.942083    28.6183      6.697  251.82874  252.15052     6.1280     5.0211 -9.990e-29
 148.346539      6.741    16.3476  36.940982    28.6174      6.681  251.83096  252.15273     6.0346     5.0373 -9.990e-29
 148.346542      6.732    16.3473  36.942145    28.6187      6.671  251.83044  252.15219     4.1202     4.4590 -9.990e-29
 148.346545      6.730    16.3471  36.938718    28.6159      6.670  251.83610  252.15787     3.9334     4.4226 -9.990e-29
 148.346548      6.735    16.3471  36.940982    28.6178      6.675  251.83276  252.15451     4.0268     4.4226 -9.990e-29
 148.346551      6.750    16.3475  36.938289    28.6152      6.690  251.83524  252.15703     4.0113     4.4550 -9.990e-29
 148.346554      6.761    16.3472  36.938718    28.6171      6.700  251.83348  252.15525     3.2486     4.6572 -9.990e-29
 148.346557      6.792    16.3470  36.940309    28.6174      6.731  251.83431  252.15605     3.3109     4.6612 0.0000e+00
 148.346560      6.821    16.3467  36.940431    28.6176      6.760  251.83513  252.15686     3.2486     4.6572 0.0000e+00
 148.346563      6.856    16.3465  36.940982    28.6180      6.794  251.83549  252.15720     3.2875     4.6248 0.0000e+00
 148.346565      6.885    16.3463  36.938535    28.6183      6.823  251.83584  252.15755     3.2019     4.5844 -9.990e-29
 148.346568      6.901    16.3458  36.943920    28.6213      6.840  251.83363  252.15530     2.6883     4.2407 -9.990e-29
 148.346571      6.911    16.3458  36.942757    28.6202      6.849  251.83505  252.15673     2.6727     4.2326 -9.990e-29
