seaocn-cb/data/ctd_cnv/SBE19plus_01907321_2024_05_25_Cast51.cnv
* Sea-Bird SBE19plus  Data File:
* FileName = E:\Prandtl_Daten\2024\25052024\raw\SBE19plus_01907321_2024_05_25_Cast51.hex
* Software version 2.6.1.12
* Temperature SN = 7321
* Conductivity SN = 7321
* System UpLoad Time = May 25 2024 08:13:16
* <ApplicationData>
* <Seaterm232>
** 20240525
** Sea Practical 2024
** MCat 25.05 CTD_SP6
** NMEA Latitude = 054 07.96N
** NMEA Longitude = 008 23.01E
** waterdepth = 9.2m
** Till
# nquan = 11
# nvalues = 344                         
# units = specified
# name 0 = timeJ: Julian Days
# name 1 = prdM: Pressure, Strain Gauge [db]
# name 2 = tv290C: Temperature [ITS-90, deg C]
# name 3 = c0mS/cm: Conductivity [mS/cm]
# name 4 = sal00: Salinity, Practical [PSU]
# name 5 = depSM: Depth [salt water, m], lat = 54.00
# name 6 = oxsatMm/Kg: Oxygen Saturation, Weiss [umol/kg]
# name 7 = oxsolMm/Kg: Oxygen Saturation, Garcia & Gordon [umol/kg]
# name 8 = turbWETntu0: Turbidity, WET Labs ECO [NTU]
# name 9 = flECO-AFL: Fluorescence, WET Labs ECO-AFL/FL [mg/m^3]
# name 10 = flag:  0.000e+00
# span 0 = 146.338909, 146.339902       
# span 1 =      0.462,      8.235       
# span 2 =    15.5285,    15.9479       
# span 3 =  36.401980,  36.672390       
# span 4 =    28.4522,    28.9715       
# span 5 =      0.458,      8.162       
# span 6 =  254.10922,  255.34347       
# span 7 =  254.41388,  255.62457       
# span 8 =    -3.6463,     1.4276       
# span 9 =     3.6058,     6.7720       
# span 10 = 0.0000e+00, 0.0000e+00      
# interval = seconds: 0.25
# start_time = May 25 2024 08:06:34 [Instrument's time stamp, header]
# bad_flag = -9.990e-29
*END*
 146.338909      0.604    15.9477  36.421447    28.4572      0.599  254.10922  254.41388    -3.3195     3.7514 -9.990e-29
 146.338912      0.631    15.9479  36.417675    28.4538      0.626  254.11432  254.41900    -3.2728     4.0870 -9.990e-29
 146.338915      0.655    15.9477  36.419683    28.4557      0.649  254.11191  254.41657    -3.0238     4.1153 -9.990e-29
 146.338918      0.675    15.9475  36.418953    28.4552      0.669  254.11393  254.41858    -2.9926     4.1355 -9.990e-29
 146.338921      0.684    15.9473  36.417493    28.4541      0.678  254.11704  254.42169    -2.9771     4.0668 -9.990e-29
 146.338924      0.666    15.9473  36.416154    28.4530      0.660  254.11904  254.42370    -3.0082     4.1234 -9.990e-29
 146.338927      0.641    15.9474  36.417492    28.4540      0.635  254.11641  254.42107    -3.0082     4.5520 -9.990e-29
 146.338929      0.617    15.9473  36.417918    28.4545      0.611  254.11606  254.42071    -2.8837     4.5763 -9.990e-29
 146.338932      0.591    15.9471  36.416397    28.4533      0.586  254.11924  254.42389    -3.1327     4.6005 -9.990e-29
 146.338935      0.562    15.9465  36.414572    28.4522      0.557  254.12439  254.42902    -3.0704     4.5439 -9.990e-29
 146.338938      0.533    15.9458  36.417005    28.4548      0.528  254.12313  254.42771    -3.1794     4.0668 -9.990e-29
 146.338941      0.509    15.9452  36.419500    28.4574      0.505  254.12177  254.42631    -2.9148     4.0102 -9.990e-29
 146.338944      0.486    15.9449  36.418953    28.4572      0.481  254.12379  254.42831    -2.9771     4.0102 -9.990e-29
 146.338947      0.464    15.9442  36.414389    28.4537      0.460  254.13307  254.43759    -2.9304     4.0587 -9.990e-29
 146.338950      0.462    15.9429  36.416154    28.4541      0.458  254.13923  254.44368    -3.2728     3.9172 -9.990e-29
 146.338953      0.489    15.9426  36.413720    28.4541      0.485  254.14049  254.44492    -3.1016     3.9172 0.0000e+00
 146.338955      0.535    15.9423  36.413477    28.4541      0.530  254.14174  254.44616    -3.1483     3.9172 0.0000e+00
 146.338958      0.595    15.9417  36.412139    28.4542      0.590  254.14621  254.45061    -2.9304     3.9617 0.0000e+00
 146.338961      0.646    15.9410  36.412382    28.4542      0.640  254.14859  254.45295    -2.9771     4.2771 0.0000e+00
 146.338964      0.693    15.9406  36.412808    28.4547      0.687  254.14995  254.45428    -2.9148     4.2832 0.0000e+00
 146.338967      0.732    15.9401  36.405690    28.4552      0.725  254.15130  254.45561    -2.9771     4.2771 -9.990e-29
 146.338970      0.752    15.9382  36.408732    28.4530      0.745  254.16473  254.46897    -2.8525     4.3215 -9.990e-29
 146.338973      0.745    15.9365  36.407455    28.4531      0.738  254.17299  254.47715    -3.0393     4.3094 -9.990e-29
 146.338976      0.715    15.9351  36.411227    28.4574      0.709  254.17273  254.47680    -2.9771     4.3134 -9.990e-29
 146.338979      0.679    15.9344  36.405934    28.4533      0.673  254.18341  254.48747    -2.9459     4.2892 -9.990e-29
 146.338981      0.617    15.9345  36.409462    28.4563      0.611  254.17745  254.48150    -3.0238     4.3175 -9.990e-29
 146.338984      0.545    15.9340  36.409584    28.4568      0.540  254.17934  254.48336    -3.0238     4.3175 -9.990e-29
 146.338987      0.498    15.9332  36.407272    28.4554      0.493  254.18582  254.48981    -2.9926     3.9738 -9.990e-29
 146.338990      0.479    15.9322  36.407272    28.4561      0.475  254.18944  254.49338    -3.1794     3.9495 -9.990e-29
 146.338993      0.496    15.9314  36.403682    28.4535      0.491  254.19788  254.50180    -2.9459     3.9536 -9.990e-29
 146.338996      0.527    15.9308  36.408793    28.4584      0.522  254.19261  254.49647    -2.9771     4.0142 -9.990e-29
 146.338999      0.569    15.9302  36.402588    28.4535      0.564  254.20441  254.50827    -3.3195     3.6786 -9.990e-29
 146.339002      0.609    15.9296  36.405691    28.4566      0.603  254.20187  254.50568    -3.2728     3.6584 -9.990e-29
 146.339005      0.633    15.9294  36.407699    28.4585      0.627  254.19976  254.50355    -3.3506     3.7029 -9.990e-29
 146.339008      0.643    15.9292  36.403257    28.4547      0.638  254.20707  254.51088    -3.3817     3.7029 -9.990e-29
 146.339010      0.640    15.9291  36.404535    28.4559      0.634  254.20544  254.50924    -3.2416     4.0304 -9.990e-29
 146.339013      0.629    15.9291  36.407273    28.4583      0.623  254.20131  254.50509    -3.2728     3.9455 -9.990e-29
 146.339016      0.603    15.9291  36.405447    28.4567      0.598  254.20404  254.50784    -3.4440     3.9778 -9.990e-29
 146.339019      0.569    15.9299  36.407029    28.4576      0.564  254.19892  254.50274    -3.3506     3.9859 -9.990e-29
 146.339022      0.525    15.9307  36.405934    28.4561      0.520  254.19752  254.50139    -3.2416     3.9738 -9.990e-29
 146.339025      0.490    15.9311  36.407029    28.4567      0.486  254.19404  254.49793    -3.3039     3.7797 -9.990e-29
 146.339028      0.478    15.9314  36.405021    28.4548      0.473  254.19615  254.50006    -3.2416     3.8161 -9.990e-29
 146.339031      0.487    15.9310  36.406116    28.4560      0.483  254.19602  254.49990    -3.0549     3.7797 -9.990e-29
 146.339034      0.534    15.9301  36.407942    28.4582      0.530  254.19662  254.50045    -3.2883     3.8080 -9.990e-29
 146.339036      0.602    15.9295  36.407029    28.4578      0.597  254.20045  254.50425    -2.8525     3.7676 -9.990e-29
 146.339039      0.666    15.9295  36.407273    28.4580      0.660  254.20012  254.50392    -2.8681     3.8161 -9.990e-29
 146.339042      0.717    15.9295  36.404170    28.4553      0.710  254.20482  254.50864    -2.8837     3.8242 -9.990e-29
 146.339045      0.739    15.9297  36.406117    28.4568      0.732  254.20100  254.50482    -2.8525     3.8161 -9.990e-29
 146.339048      0.733    15.9300  36.406117    28.4566      0.727  254.19978  254.50362    -3.4595     3.8970 -9.990e-29
 146.339051      0.700    15.9301  36.401980    28.4530      0.694  254.20570  254.50956    -3.3195     3.9536 -9.990e-29
 146.339054      0.658    15.9310  36.410376    28.4596      0.653  254.18940  254.49326    -3.3195     3.9455 -9.990e-29
 146.339057      0.604    15.9315  36.407698    28.4569      0.598  254.19159  254.49549    -3.3350     3.9253 -9.990e-29
 146.339060      0.547    15.9318  36.408124    28.4571      0.542  254.19001  254.49392    -3.1171     3.8606 -9.990e-29
 146.339063      0.491    15.9322  36.406603    28.4556      0.486  254.19076  254.49470    -2.8059     3.8323 -9.990e-29
 146.339065      0.467    15.9326  36.407272    28.4559      0.463  254.18822  254.49218    -2.7436     3.8606 -9.990e-29
 146.339068      0.489    15.9330  36.407454    28.4557      0.484  254.18615  254.49013    -2.8525     3.8282 -9.990e-29
 146.339071      0.536    15.9330  36.409462    28.4574      0.531  254.18315  254.48712    -2.8525     3.8727 -9.990e-29
 146.339074      0.576    15.9333  36.410375    28.4580      0.571  254.18089  254.48487    -3.1327     3.6422 -9.990e-29
 146.339077      0.611    15.9334  36.410253    28.4578      0.606  254.18049  254.48447    -3.3039     3.6422 -9.990e-29
 146.339080      0.624    15.9335  36.408124    28.4559      0.618  254.18340  254.48740    -3.1171     3.6058 -9.990e-29
 146.339083      0.611    15.9332  36.409037    28.4569      0.606  254.18323  254.48721    -3.2728     3.6139 -9.990e-29
 146.339086      0.604    15.9327  36.408124    28.4564      0.599  254.18641  254.49037    -3.3662     3.9980 -9.990e-29
 146.339089      0.589    15.9326  36.408793    28.4571      0.584  254.18600  254.48995    -3.3817     3.9697 -9.990e-29
 146.339091      0.569    15.9324  36.408550    28.4571      0.564  254.18696  254.49090    -3.1794     4.0223 -9.990e-29
 146.339094      0.556    15.9325  36.411227    28.4593      0.552  254.18262  254.48655    -3.3350     3.9576 -9.990e-29
 146.339097      0.555    15.9328  36.411470    28.4593      0.550  254.18104  254.48498    -3.2416     4.0547 -9.990e-29
 146.339100      0.593    15.9329  36.405021    28.4536      0.588  254.19048  254.49447    -3.2416     4.0668 -9.990e-29
 146.339103      0.660    15.9338  36.411714    28.4580      0.655  254.17852  254.48252    -3.3195     4.0466 -9.990e-29
 146.339106      0.726    15.9339  36.410801    28.4579      0.720  254.17808  254.48208    -3.3584     4.1639 0.0000e+00
 146.339109      0.783    15.9339  36.410802    28.4579      0.776  254.17808  254.48208    -3.3584     4.1639 0.0000e+00
 146.339112      0.810    15.9340  36.413905    28.4578      0.803  254.17764  254.48165    -3.3973     4.2811 -9.990e-29
 146.339115      0.817    15.9342  36.407029    28.4543      0.810  254.18244  254.48649    -3.4440     4.3337 -9.990e-29
 146.339117      0.808    15.9343  36.412140    28.4587      0.801  254.17443  254.47845    -3.2416     4.3256 -9.990e-29
 146.339120      0.795    15.9343  36.409280    28.4562      0.788  254.17873  254.48277    -3.4284     4.3337 -9.990e-29
 146.339123      0.793    15.9349  36.412809    28.4562      0.786  254.17569  254.47976    -3.2572     4.1234 -9.990e-29
 146.339126      0.821    15.9349  36.409706    28.4560      0.813  254.17593  254.48000    -3.2183     4.1153 0.0000e+00
 146.339129      0.872    15.9349  36.409402    28.4562      0.864  254.17569  254.47976    -3.1794     4.1234 0.0000e+00
 146.339132      0.918    15.9349  36.410376    28.4566      0.909  254.17443  254.47850    -2.8681     4.1072 0.0000e+00
 146.339135      0.945    15.9350  36.411228    28.4570      0.936  254.17395  254.47801    -2.8292     4.0446 0.0000e+00
 146.339138      0.976    15.9349  36.412384    28.4574      0.967  254.17347  254.47752    -2.7903     3.9617 -9.990e-29
 146.339141      0.992    15.9350  36.408612    28.4551      0.983  254.17713  254.48121    -2.9304     3.9212 -9.990e-29
 146.339144      1.012    15.9349  36.408977    28.4540      1.003  254.17948  254.48356    -3.2105     4.0223 -9.990e-29
 146.339146      1.038    15.9350  36.407273    28.4554      1.028  254.17653  254.48061    -3.2105     4.0142 0.0000e+00
 146.339149      1.078    15.9349  36.410802    28.4561      1.068  254.17586  254.47993    -3.2105     4.0061 0.0000e+00
 146.339152      1.125    15.9350  36.409707    28.4561      1.115  254.17586  254.47993    -3.0704     4.0061 0.0000e+00
 146.339155      1.178    15.9350  36.409160    28.4555      1.168  254.17633  254.48041    -3.0704     4.0264 0.0000e+00
 146.339158      1.242    15.9351  36.409039    28.4555      1.231  254.17633  254.48041    -3.3350     4.0951 0.0000e+00
 146.339161      1.298    15.9351  36.412811    28.4570      1.287  254.17306  254.47713    -3.3817     4.1436 0.0000e+00
 146.339164      1.350    15.9352  36.411047    28.4578      1.337  254.17187  254.47593    -3.3583     4.1477 0.0000e+00
 146.339167      1.379    15.9352  36.411047    28.4570      1.366  254.17306  254.47713    -3.3817     4.1517 -9.990e-29
 146.339170      1.397    15.9352  36.410256    28.4563      1.385  254.17428  254.47836    -3.3195     4.1153 -9.990e-29
 146.339172      1.397    15.9350  36.411047    28.4571      1.384  254.17369  254.47776    -3.0860     5.1667 -9.990e-29
 146.339175      1.393    15.9351  36.409708    28.4559      1.381  254.17541  254.47948    -3.2572     5.1141 -9.990e-29
 146.339178      1.392    15.9354  36.408796    28.4548      1.379  254.17557  254.47967    -3.1171     5.0858 -9.990e-29
 146.339181      1.404    15.9356  36.410134    28.4559      1.392  254.17296  254.47706    -3.0393     5.0858 -9.990e-29
 146.339184      1.423    15.9358  36.411960    28.4573      1.410  254.16931  254.47341    -2.8992     4.7097 -9.990e-29
 146.339187      1.450    15.9360  36.413237    28.4583      1.437  254.16680  254.47090    -2.9771     4.6572 -9.990e-29
 146.339190      1.474    15.9361  36.411047    28.4592      1.461  254.16478  254.46888    -3.1171     4.7016 -9.990e-29
 146.339193      1.503    15.9359  36.414394    28.4581      1.490  254.16785  254.47195    -3.0860     4.8472 0.0000e+00
 146.339196      1.538    15.9356  36.411534    28.4570      1.524  254.17092  254.47501    -3.1171     4.9928 0.0000e+00
 146.339198      1.569    15.9355  36.410804    28.4565      1.555  254.17234  254.47643    -3.1171     5.0211 0.0000e+00
 146.339201      1.602    15.9353  36.410378    28.4562      1.587  254.17361  254.47769    -3.1794     5.0373 0.0000e+00
 146.339204      1.647    15.9351  36.408371    28.4562      1.633  254.17361  254.47769    -3.2261     5.0373 0.0000e+00
 146.339207      1.695    15.9349  36.411474    28.4566      1.680  254.17659  254.48064    -3.2261     4.6572 0.0000e+00
 146.339210      1.740    15.9346  36.410257    28.4570      1.725  254.17659  254.48064    -3.1638     4.6369 0.0000e+00
 146.339213      1.797    15.9341  36.410379    28.4566      1.781  254.17855  254.48257    -3.0860     4.6369 0.0000e+00
 146.339216      1.848    15.9334  36.409041    28.4563      1.831  254.18301  254.48701    -3.0549     4.6410 0.0000e+00
 146.339219      1.895    15.9331  36.407033    28.4557      1.878  254.18590  254.48989    -3.0004     4.6491 0.0000e+00
 146.339222      1.924    15.9327  36.411110    28.4551      1.907  254.18879  254.49276    -2.9459     4.6572 -9.990e-29
 146.339225      1.943    15.9324  36.409711    28.4576      1.925  254.18599  254.48993    -3.1794     4.8027 -9.990e-29
 146.339227      1.950    15.9326  36.408798    28.4566      1.933  254.18646  254.49042    -2.7592     4.7663 -9.990e-29
 146.339230      1.952    15.9322  36.404357    28.4531      1.935  254.19497  254.49893    -3.0704     4.7744 -9.990e-29
 146.339233      1.954    15.9319  36.409467    28.4577      1.936  254.18817  254.49209    -3.1171     4.6531 -9.990e-29
 146.339236      1.961    15.9317  36.411110    28.4593      1.944  254.18661  254.49050    -3.0082     4.7259 -9.990e-29
 146.339239      1.974    15.9316  36.409285    28.4578      1.956  254.18967  254.49357    -3.1794     4.6733 -9.990e-29
 146.339242      1.996    15.9308  36.406365    28.4591      1.978  254.19144  254.49529    -3.0393     4.7542 -9.990e-29
 146.339245      2.025    15.9306  36.410137    28.4594      2.007  254.19228  254.49612    -3.0160     4.7340 0.0000e+00
 146.339248      2.056    15.9303  36.410441    28.4591      2.038  254.19311  254.49694    -2.9926     4.7138 0.0000e+00
 146.339251      2.092    15.9301  36.404357    28.4581      2.074  254.19993  254.50373    -2.9304     4.7138 0.0000e+00
 146.339253      2.129    15.9295  36.407947    28.4579      2.110  254.20290  254.50676    -2.9304     4.7785 0.0000e+00
 146.339256      2.185    15.9289  36.407278    28.4581      2.166  254.20291  254.50665    -3.2728     4.8513 0.0000e+00
 146.339259      2.229    15.9284  36.408617    28.4579      2.209  254.20309  254.50686    -3.3195     4.8513 0.0000e+00
 146.339262      2.273    15.9276  36.403446    28.4576      2.253  254.21159  254.51529    -3.3195     4.8310 0.0000e+00
 146.339265      2.315    15.9273  36.405697    28.4576      2.294  254.21159  254.51529    -3.3195     4.8310 0.0000e+00
 146.339268      2.351    15.9272  36.407279    28.4584      2.330  254.21101  254.51470    -3.2183     4.8290 0.0000e+00
 146.339271      2.379    15.9270  36.409713    28.4592      2.358  254.21043  254.51411    -3.3195     4.8310 -9.990e-29
 146.339274      2.404    15.9270  36.404115    28.4565      2.383  254.21523  254.51893    -2.9304     5.5144 -9.990e-29
 146.339277      2.428    15.9269  36.407279    28.4593      2.406  254.21078  254.51445    -3.0393     5.5468 -9.990e-29
 146.339280      2.446    15.9270  36.404846    28.4571      2.424  254.21416  254.51785    -3.0860     5.5589 -9.990e-29
 146.339282      2.463    15.9272  36.407462    28.4592      2.441  254.20962  254.51330    -1.6385     4.8189 -9.990e-29
 146.339285      2.486    15.9270  36.405454    28.4576      2.464  254.21326  254.51695    -1.8097     4.8472 -9.990e-29
