seaocn-cb/data/ctd_cnv/SBE19plus_01907321_2024_05_22_Cast10.cnv
* Sea-Bird SBE19plus  Data File:
* FileName = E:\Prandtl_Daten\2024\CTD\raw\SBE19plus_01907321_2024_05_21_Cast10.hex
* Software version 2.6.1.12
* Temperature SN = 7321
* Conductivity SN = 7321
* System UpLoad Time = May 22 2024 10:25:14
* <ApplicationData>
* <Seaterm232>
** 20240522
** Sea Practical 2024
** MCat 22.05 CTD_SP3
** NMEA Latitude = 54 07.255N
** NMEA Longitude = 008 30.420E
** waterdepth = 6.76m
** Isabelle
# nquan = 11
# nvalues = 190                         
# units = specified
# name 0 = timeJ: Julian Days
# name 1 = prdM: Pressure, Strain Gauge [db]
# name 2 = tv290C: Temperature [ITS-90, deg C]
# name 3 = c0mS/cm: Conductivity [mS/cm]
# name 4 = sal00: Salinity, Practical [PSU]
# name 5 = depSM: Depth [salt water, m], lat = 54.00
# name 6 = oxsatMm/Kg: Oxygen Saturation, Weiss [umol/kg]
# name 7 = oxsolMm/Kg: Oxygen Saturation, Garcia & Gordon [umol/kg]
# name 8 = turbWETntu0: Turbidity, WET Labs ECO [NTU]
# name 9 = flECO-AFL: Fluorescence, WET Labs ECO-AFL/FL [mg/m^3]
# name 10 = flag:  0.000e+00
# span 0 = 143.430911, 143.431458       
# span 1 =      0.386,      5.133       
# span 2 =    14.7625,    14.8480       
# span 3 =  36.300099,  36.333268       
# span 4 =    29.1818,    29.2397       
# span 5 =      0.383,      5.087       
# span 6 =  258.48291,  258.82832       
# span 7 =  258.72835,  259.06887       
# span 8 =    -2.4323,    22.2214       
# span 9 =     8.1711,    16.4161       
# span 10 = 0.0000e+00, 0.0000e+00      
# interval = seconds: 0.25
# start_time = May 22 2024 10:19:14 [Instrument's time stamp, header]
# bad_flag = -9.990e-29
*END*
 143.430911      0.386    14.8473  36.331563    29.1837      0.383  258.48375  258.72915    -2.1677     8.1711 0.0000e+00
 143.430914      0.426    14.8473  36.329983    29.1824      0.423  258.48718  258.73257    -2.2767     8.1711 0.0000e+00
 143.430917      0.501    14.8473  36.327734    29.1824      0.497  258.48718  258.73257    -2.2767     8.1873 0.0000e+00
 143.430920      0.581    14.8474  36.331503    29.1835      0.576  258.48367  258.72907    -1.9498     8.7978 0.0000e+00
 143.430923      0.651    14.8480  36.331929    29.1835      0.645  258.48291  258.72835    -1.9498     8.8059 0.0000e+00
 143.430926      0.718    14.8480  36.330531    29.1821      0.712  258.48291  258.72835    -1.9498     8.8100 0.0000e+00
 143.430929      0.773    14.8476  36.328646    29.1821      0.766  258.48772  258.73311    -1.9498     8.8181 0.0000e+00
 143.430932      0.824    14.8470  36.330166    29.1826      0.817  258.48773  258.73315    -1.9187     9.4974 0.0000e+00
 143.430935      0.884    14.8468  36.330167    29.1827      0.876  258.48865  258.73401    -1.9187     9.5096 0.0000e+00
 143.430938      0.930    14.8465  36.329073    29.1829      0.922  258.48956  258.73491    -1.9187     9.5217 -9.990e-29
 143.430940      0.950    14.8460  36.330714    29.1837      0.941  258.49052  258.73585    -1.8720     9.4934 -9.990e-29
 143.430943      0.954    14.8454  36.330592    29.1841      0.945  258.49340  258.73869    -1.4985     9.6430 -9.990e-29
 143.430946      0.928    14.8450  36.330592    29.1844      0.920  258.49487  258.74014    -1.4051     9.6268 -9.990e-29
 143.430949      0.888    14.8446  36.327310    29.1818      0.880  258.50155  258.74682    -1.5140     9.6349 -9.990e-29
 143.430952      0.848    14.8442  36.329984    29.1845      0.840  258.49877  258.74400    -1.3117     9.6066 -9.990e-29
 143.430955      0.821    14.8443  36.328404    29.1830      0.813  258.50097  258.74621    -1.2650     9.6308 -9.990e-29
 143.430958      0.833    14.8438  36.329316    29.1842      0.826  258.50132  258.74653    -0.5179     8.9758 -9.990e-29
 143.430961      0.881    14.8436  36.329316    29.1868      0.873  258.49775  258.74293    -0.4090     8.9960 -9.990e-29
 143.430964      0.956    14.8435  36.332173    29.1874      0.947  258.49751  258.74267    -0.4946     8.9839 0.0000e+00
 143.430966      1.048    14.8433  36.333268    29.1868      1.039  258.49775  258.74293    -0.5802     8.9960 0.0000e+00
 143.430969      1.121    14.8431  36.331809    29.1868      1.111  258.50022  258.74538    -1.5763     9.4327 0.0000e+00
 143.430972      1.185    14.8431  36.328405    29.1859      1.175  258.50311  258.74826    -1.7164     9.4529 0.0000e+00
 143.430975      1.229    14.8430  36.330594    29.1849      1.218  258.50454  258.74970    -1.6697     9.4650 0.0000e+00
 143.430978      1.260    14.8429  36.329986    29.1859      1.249  258.50311  258.74826    -1.7631     9.4772 -9.990e-29
 143.430981      1.264    14.8431  36.329500    29.1847      1.252  258.50398  258.74915    -2.4323     8.5714 -9.990e-29
 143.430984      1.255    14.8431  36.330533    29.1857      1.243  258.50263  258.74779    -2.3856     8.5714 -9.990e-29
 143.430987      1.240    14.8431  36.330594    29.1857      1.229  258.50252  258.74768    -2.3078     8.5471 -9.990e-29
 143.430990      1.220    14.8432  36.332843    29.1876      1.209  258.49834  258.74350    -2.2767     8.5391 -9.990e-29
 143.430992      1.198    14.8434  36.328831    29.1839      1.187  258.50380  258.74900    -2.0588     8.5552 -9.990e-29
 143.430995      1.158    14.8438  36.331931    29.1864      1.148  258.49737  258.74256    -2.2455     8.5552 -9.990e-29
 143.430998      1.121    14.8438  36.330107    29.1848      1.111  258.50024  258.74545    -2.1833     8.5471 -9.990e-29
 143.431001      1.151    14.8440  36.331931    29.1831      1.140  258.50243  258.74765    -2.2611     8.5431 -9.990e-29
 143.431004      1.258    14.8441  36.328405    29.1844      1.247  258.49956  258.74478    -2.0821     8.6705 0.0000e+00
 143.431007      1.406    14.8442  36.331506    29.1856      1.394  258.49670  258.74192    -1.9031     8.7978 0.0000e+00
 143.431010      1.550    14.8442  36.332175    29.1856      1.536  258.49670  258.74192    -1.8097     8.8140 0.0000e+00
 143.431013      1.662    14.8442  36.330291    29.1854      1.647  258.49726  258.74248    -1.7786     8.8201 0.0000e+00
 143.431016      1.718    14.8442  36.328407    29.1845      1.703  258.49879  258.74401    -1.8097     8.8262 -9.990e-29
 143.431019      1.738    14.8424  36.328164    29.1839      1.723  258.50907  258.75421    -1.0938     8.9717 -9.990e-29
 143.431021      1.709    14.8414  36.328833    29.1853      1.694  258.51217  258.75725    -1.1249     8.9960 -9.990e-29
 143.431024      1.636    14.8407  36.326827    29.1840      1.622  258.51800  258.76305    -1.3117     8.9798 -9.990e-29
 143.431027      1.525    14.8404  36.327981    29.1853      1.511  258.51729  258.76231    -1.3117     8.9717 -9.990e-29
 143.431030      1.408    14.8403  36.325732    29.1834      1.396  258.52109  258.76612    -1.8409     8.6240 -9.990e-29
 143.431033      1.346    14.8405  36.331506    29.1885      1.334  258.51128  258.75629    -1.8097     8.6038 -9.990e-29
 143.431036      1.379    14.8407  36.332418    29.1891      1.367  258.50896  258.75397    -2.0121     8.5957 -9.990e-29
 143.431039      1.496    14.8412  36.331750    29.1881      1.483  258.50801  258.75305    -1.9187     8.6159 -9.990e-29
 143.431042      1.640    14.8418  36.330535    29.1875      1.625  258.50579  258.75087    -2.0588     8.6846 -9.990e-29
 143.431045      1.773    14.8421  36.331751    29.1861      1.757  258.50705  258.75215    -2.0277     8.6826 0.0000e+00
 143.431047      1.873    14.8423  36.329076    29.1850      1.857  258.50579  258.75087    -1.9965     8.6846 0.0000e+00
 143.431050      1.941    14.8425  36.329745    29.1848      1.923  258.50689  258.75203    -1.9732     8.6907 0.0000e+00
 143.431053      1.986    14.8427  36.332177    29.1850      1.969  258.50549  258.75064    -1.9498     8.7008 -9.990e-29
 143.431056      2.005    14.8429  36.328226    29.1835      1.987  258.50735  258.75252    -0.6736     8.7412 -9.990e-29
 143.431059      1.992    14.8422  36.330171    29.1857      1.974  258.50694  258.75205    -0.6736     8.7372 -9.990e-29
 143.431062      1.968    14.8414  36.327739    29.1842      1.951  258.51406  258.75915    -0.6736     8.7574 -9.990e-29
 143.431065      1.937    14.8403  36.329077    29.1862      1.920  258.51610  258.76111    -0.5802     8.7372 -9.990e-29
 143.431068      1.919    14.8393  36.323545    29.1820      1.902  258.52875  258.77374    -1.4985     8.7574 -9.990e-29
 143.431071      1.906    14.8386  36.327800    29.1863      1.889  258.52467  258.76960    -1.6385     8.7251 -9.990e-29
 143.431073      1.908    14.8382  36.326828    29.1858      1.891  258.52771  258.77262    -1.5763     8.7655 -9.990e-29
 143.431076      1.935    14.8369  36.326220    29.1867      1.918  258.53283  258.77767    -1.7786     9.0364 -9.990e-29
 143.431079      1.997    14.8368  36.326828    29.1861      1.979  258.53451  258.77935    -1.8019     9.0526 0.0000e+00
 143.431082      2.083    14.8369  36.325309    29.1860      2.064  258.53410  258.77894    -1.8253     9.0566 0.0000e+00
 143.431085      2.170    14.8369  36.326099    29.1860      2.151  258.53410  258.77894    -1.8253     9.0566 0.0000e+00
 143.431088      2.249    14.8374  36.326829    29.1863      2.229  258.53120  258.77606    -1.7164     9.0445 0.0000e+00
 143.431091      2.305    14.8375  36.327741    29.1867      2.285  258.53035  258.77521    -1.5841     8.9596 0.0000e+00
 143.431094      2.333    14.8375  36.329990    29.1870      2.312  258.52949  258.77435    -1.4518     8.8747 -9.990e-29
 143.431097      2.351    14.8379  36.328653    29.1875      2.330  258.52628  258.77116    -1.4518     8.8949 -9.990e-29
 143.431100      2.360    14.8378  36.327559    29.1866      2.339  258.52862  258.77349    -1.3117     8.8464 -9.990e-29
 143.431102      2.347    14.8375  36.329322    29.1883      2.326  258.52670  258.77156    -1.3428     8.8585 -9.990e-29
 143.431105      2.320    14.8376  36.330416    29.1893      2.299  258.52465  258.76950     0.3381     9.8896 -9.990e-29
 143.431108      2.291    14.8375  36.326829    29.1861      2.270  258.53063  258.77550     0.3537     9.8815 -9.990e-29
 143.431111      2.272    14.8364  36.329747    29.1896      2.252  258.53046  258.77524     0.3537     9.8573 -9.990e-29
 143.431114      2.280    14.8303  36.322696    29.1870      2.259  258.56670  258.81119     1.1163    10.4557 -9.990e-29
 143.431117      2.313    14.8281  36.321785    29.1877      2.292  258.57716  258.82153     1.0852    10.4780 0.0000e+00
 143.431120      2.369    14.8259  36.319537    29.1883      2.348  258.58761  258.83186     1.0852    10.4881 0.0000e+00
 143.431123      2.447    14.8212  36.319355    29.1916      2.426  258.60615  258.85013     1.0852    10.5002 0.0000e+00
 143.431126      2.537    14.8155  36.315770    29.1927      2.514  258.63427  258.87796     1.0852    10.4881 0.0000e+00
 143.431128      2.632    14.8097  36.316379    29.1975      2.608  258.65604  258.89938     0.0580     8.9232 0.0000e+00
 143.431131      2.717    14.8045  36.318872    29.2036      2.693  258.67242  258.91544     0.0580     8.9192 0.0000e+00
 143.431134      2.772    14.8026  36.317353    29.2044      2.747  258.68110  258.92402     0.0580     8.9212 0.0000e+00
 143.431137      2.799    14.8007  36.316259    29.2051      2.774  258.68978  258.93259     0.0580     8.9192 -9.990e-29
 143.431140      2.803    14.7966  36.317354    29.2081      2.778  258.70561  258.94818    -0.8136     9.0324 -9.990e-29
 143.431143      2.787    14.7962  36.316563    29.2078      2.762  258.70864  258.95120    -0.7514     9.0243 -9.990e-29
 143.431146      2.759    14.7967  36.314679    29.2057      2.735  258.70954  258.95214    -1.0471     9.0283 -9.990e-29
 143.431149      2.721    14.7970  36.314679    29.2055      2.697  258.70832  258.95094    -1.0160     9.0526 -9.990e-29
 143.431152      2.675    14.7975  36.314922    29.2053      2.651  258.70582  258.94846    -0.8136     9.0486 -9.990e-29
 143.431155      2.648    14.7989  36.311153    29.2009      2.624  258.70642  258.94918    -0.2378     9.0647 -9.990e-29
 143.431157      2.684    14.8055  36.314010    29.1932      2.660  258.68577  258.92893    -0.0821     9.0486 -9.990e-29
 143.431160      2.775    14.8070  36.308053    29.1951      2.751  258.67486  258.91809    -0.0977     9.0486 0.0000e+00
 143.431163      2.870    14.8084  36.314678    29.1939      2.845  258.66396  258.90724    -0.0821     9.0486 0.0000e+00
 143.431166      2.932    14.8108  36.313341    29.1939      2.906  258.65932  258.90282     0.1825     8.6806 0.0000e+00
 143.431169      2.984    14.8111  36.309573    29.1939      2.957  258.65658  258.90001     0.3537     8.6806 0.0000e+00
 143.431172      3.020    14.8111  36.316137    29.1943      2.993  258.65932  258.90282     0.3537     8.6968 0.0000e+00
 143.431175      3.064    14.8105  36.313159    29.1953      3.036  258.65576  258.89917     0.3070     8.7089 0.0000e+00
 143.431178      3.100    14.8100  36.313342    29.1943      3.073  258.66023  258.90361     0.2603     8.6968 -9.990e-29
 143.431181      3.108    14.8068  36.312673    29.1962      3.080  258.67356  258.91676     0.1358     9.5540 -9.990e-29
 143.431183      3.086    14.8063  36.312917    29.1968      3.058  258.67495  258.91812    -0.0043     9.5904 -9.990e-29
 143.431186      3.060    14.8064  36.311579    29.1956      3.033  258.67676  258.91995    -0.0510     9.5459 -9.990e-29
 143.431189      3.071    14.8060  36.308723    29.1978      3.044  258.67480  258.91795     2.3303    10.4274 -9.990e-29
 143.431192      3.106    14.8061  36.313768    29.1972      3.078  258.67524  258.91840     2.1435    10.3910 0.0000e+00
 143.431195      3.146    14.8062  36.312674    29.1975      3.118  258.67480  258.91795     1.9568    10.3870 0.0000e+00
 143.431198      3.185    14.8063  36.313768    29.1973      3.156  258.67368  258.91685     1.9568    10.3870 0.0000e+00
 143.431201      3.232    14.8064  36.313586    29.1974      3.203  258.67366  258.91682     2.0969    10.3870 0.0000e+00
 143.431204      3.276    14.8066  36.313829    29.1973      3.247  258.67368  258.91685     2.7350     9.8896 0.0000e+00
 143.431207      3.323    14.8068  36.310669    29.1959      3.294  258.67450  258.91771     2.8128     9.8735 0.0000e+00
 143.431209      3.362    14.8069  36.310243    29.1943      3.332  258.67628  258.91951     2.7350     9.8896 -9.990e-29
 143.431212      3.387    14.8075  36.310912    29.1940      3.357  258.67355  258.91681     2.7661     9.8815 -9.990e-29
 143.431215      3.409    14.8072  36.310669    29.1941      3.378  258.67544  258.91868     4.1513    12.8657 -9.990e-29
 143.431218      3.420    14.8056  36.312796    29.1971      3.389  258.67803  258.92117     4.0580    12.8132 -9.990e-29
 143.431221      3.433    14.8018  36.314255    29.2014      3.402  258.69036  258.93326     4.2603    12.8213 -9.990e-29
 143.431224      3.460    14.8006  36.314438    29.2026      3.429  258.69475  258.93759     6.2370    12.7485 0.0000e+00
 143.431227      3.491    14.7994  36.314924    29.2037      3.460  258.69915  258.94191     8.2136    12.6757 0.0000e+00
 143.431230      3.518    14.7968  36.313345    29.2041      3.487  258.71153  258.95415     8.2603    12.6757 0.0000e+00
 143.431233      3.544    14.7948  36.316141    29.2054      3.512  258.71515  258.95763     8.3692    12.6150 0.0000e+00
 143.431236      3.575    14.7932  36.311826    29.2082      3.543  258.72800  258.97042     8.4159    12.6312 0.0000e+00
 143.431238      3.608    14.7914  36.315777    29.2103      3.576  258.72889  258.97118    22.2214    12.6312 0.0000e+00
 143.431241      3.644    14.7898  36.315777    29.2115      3.612  258.73518  258.97738    22.2214    16.3918 0.0000e+00
 143.431244      3.672    14.7892  36.317540    29.2128      3.639  258.73617  258.97833    22.1514    16.4040 0.0000e+00
 143.431247      3.701    14.7886  36.313589    29.2140      3.668  258.73716  258.97928    22.0502    16.4161 -9.990e-29
 143.431250      3.726    14.7871  36.315352    29.2131      3.693  258.74634  258.98839    22.1747    16.3837 -9.990e-29
 143.431253      3.750    14.7833  36.311584    29.2128      3.717  258.76690  259.00875    17.1786    13.6987 -9.990e-29
 143.431256      3.783    14.7821  36.311828    29.2148      3.749  258.76960  259.01137    17.2720    13.6947 0.0000e+00
 143.431259      3.818    14.7809  36.314259    29.2168      3.784  258.77230  259.01399    17.3654    13.6987 0.0000e+00
 143.431262      3.858    14.7801  36.315293    29.2178      3.823  258.77477  259.01641    17.3654    13.7129 0.0000e+00
 143.431264      3.889    14.7793  36.312923    29.2189      3.854  258.77724  259.01883    17.3654    13.7351 -9.990e-29
 143.431267      3.907    14.7777  36.317117    29.2217      3.872  258.78063  259.02211    16.7272    11.1391 -9.990e-29
 143.431270      3.914    14.7776  36.314260    29.2192      3.879  258.78548  259.02698    16.7117    11.1836 -9.990e-29
 143.431273      3.913    14.7777  36.312254    29.2174      3.878  258.78837  259.02989    16.6338    11.1674 -9.990e-29
 143.431276      3.913    14.7780  36.310431    29.2155      3.878  258.79008  259.03163     9.9257    12.9709 -9.990e-29
 143.431279      3.911    14.7783  36.314442    29.2189      3.876  258.78250  259.02404    10.0813    12.9183 -9.990e-29
 143.431282      3.916    14.7784  36.315779    29.2200      3.881  258.77978  259.02132     9.9568    13.0073 -9.990e-29
 143.431285      3.940    14.7798  36.315354    29.2164      3.905  258.77900  259.02064     9.8945    12.9871 -9.990e-29
 143.431288      3.980    14.7805  36.312923    29.2176      3.944  258.77294  259.01461    11.3965    12.4412 0.0000e+00
