seaocn-cb/data/ctd_cnv/SBE19plus_01907321_2024_05_22_Cast18.cnv
* Sea-Bird SBE19plus  Data File:
* FileName = E:\Prandtl_Daten\2024\CTD\raw\SBE19plus_01907321_2024_05_22_Cast18.hex
* Software version 2.6.1.12
* Temperature SN = 7321
* Conductivity SN = 7321
* System UpLoad Time = May 22 2024 14:27:59
* <ApplicationData>
* <Seaterm232>
** 20240522
** Sea Practical 2024
** MCat 22.05 CTD_SP2
** NMEA Latitude = 54 06.06N
** NMEA Longitude = 008 34.58E
** waterdepth = 13.0m
** Clemens
# nquan = 11
# nvalues = 411                         
# units = specified
# name 0 = timeJ: Julian Days
# name 1 = prdM: Pressure, Strain Gauge [db]
# name 2 = tv290C: Temperature [ITS-90, deg C]
# name 3 = c0mS/cm: Conductivity [mS/cm]
# name 4 = sal00: Salinity, Practical [PSU]
# name 5 = depSM: Depth [salt water, m], lat = 54.00
# name 6 = oxsatMm/Kg: Oxygen Saturation, Weiss [umol/kg]
# name 7 = oxsolMm/Kg: Oxygen Saturation, Garcia & Gordon [umol/kg]
# name 8 = turbWETntu0: Turbidity, WET Labs ECO [NTU]
# name 9 = flECO-AFL: Fluorescence, WET Labs ECO-AFL/FL [mg/m^3]
# name 10 = flag:  0.000e+00
# span 0 = 143.599097, 143.600284       
# span 1 =      0.339,     11.814       
# span 2 =    15.8374,    16.6380       
# span 3 =  35.577566,  35.961851       
# span 4 =    27.2528,    28.1335       
# span 5 =      0.336,     11.709       
# span 6 =  252.72038,  255.23842       
# span 7 =  253.06369,  255.54027       
# span 8 =    -3.7086,    34.2992       
# span 9 =     7.4918,    11.8184       
# span 10 = 0.0000e+00, 0.0000e+00      
# interval = seconds: 0.25
# start_time = May 22 2024 14:20:53 [Instrument's time stamp, header]
# bad_flag = -9.990e-29
*END*
[from data line 132]
 143.599479      4.245    16.3435  35.767580    27.6142      4.207  253.57928  253.90753    -3.3195    10.6377 0.0000e+00
 143.599482      4.280    16.3402  35.763654    27.6148      4.241  253.59480  253.92290    -3.3350    10.6600 0.0000e+00
 143.599485      4.307    16.3369  35.768005    27.6154      4.269  253.61031  253.93827    -3.3506    10.6822 -9.990e-29
 143.599488      4.331    16.3242  35.780632    27.6387      4.292  253.63377  253.96101    -3.6463    10.5326 -9.990e-29
 143.599491      4.342    16.3181  35.775195    27.6382      4.303  253.66518  253.99215    -3.4751    10.5285 -9.990e-29
 143.599494      4.347    16.3128  35.781600    27.6474      4.308  253.67598  254.00265    -3.5996    10.5568 -9.990e-29
 143.599497      4.347    16.3070  35.780151    27.6501      4.308  253.69994  254.02634    -3.2883     9.6227 -9.990e-29
 143.599499      4.355    16.3016  35.780151    27.6539      4.316  253.72083  254.04697    -3.2105     9.6389 -9.990e-29
 143.599502      4.373    16.2969  35.787584    27.6635      4.334  253.72764  254.05351    -3.3195     9.6389 -9.990e-29
 143.599505      4.397    16.2918  35.782146    27.6605      4.357  253.75862  254.08428    -3.0704    10.1363 -9.990e-29
 143.599508      4.426    16.2914  35.779971    27.6621      4.386  253.75793  254.08355    -3.0782    10.1586 0.0000e+00
 143.599511      4.470    16.2910  35.782993    27.6637      4.430  253.75723  254.08283    -3.0860    10.1686 0.0000e+00
 143.599514      4.513    16.2904  35.788914    27.6637      4.473  253.75723  254.08283    -3.1016    10.1686 0.0000e+00
 143.599517      4.561    16.2893  35.780153    27.6677      4.520  253.76794  254.09348    -3.1327    10.1565 0.0000e+00
 143.599520      4.606    16.2872  35.784746    27.6668      4.565  253.76914  254.09455    -3.5529    10.1242 0.0000e+00
 143.599523      4.652    16.2845  35.781484    27.6677      4.610  253.78414  254.10944    -3.5529    10.1242 0.0000e+00
 143.599525      4.691    16.2824  35.781484    27.6682      4.649  253.79215  254.11734    -3.5529    10.1242 0.0000e+00
 143.599528      4.718    16.2815  35.783478    27.6696      4.676  253.79406  254.11920    -3.5451    10.1383 0.0000e+00
 143.599531      4.743    16.2807  35.787345    27.6711      4.701  253.79596  254.12106    -3.5685    10.1525 -9.990e-29
 143.599534      4.763    16.2789  35.787164    27.6755      4.721  253.79727  254.12226    -3.5062     9.9179 -9.990e-29
 143.599537      4.780    16.2780  35.786258    27.6753      4.737  253.80200  254.12695    -3.5529     9.9624 -9.990e-29
 143.599540      4.803    16.2762  35.784325    27.6734      4.760  253.81456  254.13945    -3.6308     9.9179 -9.990e-29
 143.599543      4.834    16.2759  35.782573    27.6750      4.791  253.81322  254.13809    -3.3195    10.2555 0.0000e+00
 143.599546      4.871    16.2756  35.785836    27.6766      4.827  253.81189  254.13673    -3.0082    10.5932 0.0000e+00
 143.599549      4.907    16.2752  35.790851    27.6766      4.864  253.81189  254.13673    -3.0082    10.6013 0.0000e+00
 143.599552      4.953    16.2745  35.779734    27.6770      4.909  253.82094  254.14569    -3.0393    10.6013 0.0000e+00
 143.599554      4.995    16.2737  35.784749    27.6770      4.950  253.82210  254.14679    -3.0393    10.5932 0.0000e+00
 143.599557      5.031    16.2728  35.786259    27.6789      4.986  253.82210  254.14679    -3.0238    10.4436 0.0000e+00
 143.599560      5.064    16.2722  35.788254    27.6802      5.019  253.82308  254.14774    -3.0160    10.4194 0.0000e+00
 143.599563      5.090    16.2715  35.779976    27.6815      5.044  253.82407  254.14869    -3.0238    10.3951 -9.990e-29
 143.599566      5.113    16.2696  35.781064    27.6766      5.068  253.84214  254.16671    -3.0860    10.4032 -9.990e-29
 143.599569      5.128    16.2688  35.781245    27.6773      5.082  253.84495  254.16948    -3.5996    10.1363 -9.990e-29
 143.599572      5.141    16.2683  35.779977    27.6766      5.095  253.84868  254.17319    -3.5062    10.1525 -9.990e-29
 143.599575      5.152    16.2677  35.787167    27.6831      5.106  253.84016  254.16460    -3.5529    10.1242 -9.990e-29
 143.599578      5.172    16.2671  35.781729    27.6783      5.125  253.85170  254.17615    -3.4129    10.1484 -9.990e-29
 143.599580      5.199    16.2670  35.781064    27.6774      5.153  253.85397  254.17842    -3.2494    10.3061 0.0000e+00
 143.599583      5.228    16.2669  35.778648    27.6783      5.181  253.85170  254.17615    -3.1638    10.4638 0.0000e+00
 143.599586      5.263    16.2665  35.784509    27.6815      5.216  253.85095  254.17534    -3.1638    10.4638 0.0000e+00
 143.599589      5.294    16.2661  35.784086    27.6815      5.247  253.85095  254.17534    -3.1638    10.4638 0.0000e+00
 143.599592      5.332    16.2660  35.782817    27.6811      5.285  253.85347  254.17785    -3.1327    10.4396 0.0000e+00
 143.599595      5.369    16.2652  35.782817    27.6810      5.321  253.85656  254.18090    -3.1327    10.4193 0.0000e+00
 143.599598      5.405    16.2640  35.781730    27.6811      5.357  253.86280  254.18709    -3.1016    10.4113 0.0000e+00
 143.599601      5.444    16.2634  35.781912    27.6810      5.395  253.86470  254.18896    -3.1016    10.3991 0.0000e+00
 143.599604      5.480    16.2627  35.777562    27.6815      5.431  253.86706  254.19126    -3.1016    10.3951 0.0000e+00
 143.599606      5.509    16.2623  35.783241    27.6815      5.460  253.87395  254.19820    -3.1327    10.2374 0.0000e+00
 143.599609      5.537    16.2615  35.780402    27.6834      5.487  253.87437  254.19854    -3.2416    10.2374 0.0000e+00
 143.599612      5.564    16.2606  35.782577    27.6840      5.514  253.87437  254.19854    -3.3662    10.2131 0.0000e+00
 143.599615      5.593    16.2603  35.784088    27.6855      5.543  253.87353  254.19762    -3.3662    10.2374 0.0000e+00
 143.599618      5.626    16.2602  35.784329    27.6858      5.576  253.87349  254.19758    -3.3662    10.3183 0.0000e+00
 143.599621      5.657    16.2601  35.786746    27.6858      5.606  253.87349  254.19758    -3.4284    10.3183 0.0000e+00
 143.599624      5.693    16.2599  35.777804    27.6854      5.642  253.87696  254.20102    -3.4284    10.3142 0.0000e+00
 143.599627      5.732    16.2596  35.783484    27.6847      5.680  253.88012  254.20418    -3.4129    10.3142 0.0000e+00
 143.599630      5.763    16.2592  35.782397    27.6854      5.711  253.88012  254.20418    -3.3195    10.3142 0.0000e+00
 143.599633      5.794    16.2584  35.783303    27.6847      5.742  253.88187  254.20587    -3.3195    10.1403 0.0000e+00
 143.599635      5.827    16.2579  35.779074    27.6846      5.774  253.88701  254.21101    -3.3195    10.1282 0.0000e+00
 143.599638      5.858    16.2574  35.785177    27.6831      5.805  253.89216  254.21614    -3.3195    10.1161 -9.990e-29
 143.599641      5.881    16.2564  35.781068    27.6855      5.829  253.89291  254.21683    -3.3817    10.1322 -9.990e-29
 143.599644      5.905    16.2563  35.787352    27.6909      5.852  253.88389  254.20778    -3.5996    10.6013 -9.990e-29
 143.599647      5.919    16.2564  35.782820    27.6870      5.866  253.89033  254.21424    -3.5374    10.6175 -9.990e-29
 143.599650      5.938    16.2564  35.786083    27.6898      5.885  253.88549  254.20938    -3.5841    10.5770 -9.990e-29
 143.599653      5.952    16.2559  35.779075    27.6841      5.899  253.89775  254.22166    -3.5841    10.6215 -9.990e-29
 143.599656      5.974    16.2559  35.784573    27.6889      5.921  253.88990  254.21378    -3.5062    10.3061 -9.990e-29
 143.599659      5.998    16.2557  35.780162    27.6891      5.945  253.89027  254.21414    -3.5218    10.3061 -9.990e-29
 143.599661      6.026    16.2557  35.784754    27.6886      5.972  253.89138  254.21525    -3.5763    10.2900 0.0000e+00
 143.599664      6.060    16.2556  35.783486    27.6881      6.006  253.89249  254.21636    -3.5218    10.3061 0.0000e+00
 143.599667      6.093    16.2553  35.778894    27.6881      6.039  253.89460  254.21841    -3.6152    10.6458 0.0000e+00
 143.599670      6.137    16.2546  35.784573    27.6894      6.082  253.90055  254.22443    -3.5529    10.6498 0.0000e+00
 143.599673      6.175    16.2525  35.782580    27.6896      6.120  253.90587  254.22959    -3.5529    10.6620 0.0000e+00
 143.599676      6.212    16.2497  35.786085    27.6936      6.156  253.91142  254.23499    -3.5218    10.6620 0.0000e+00
 143.599679      6.250    16.2484  35.783004    27.6940      6.194  253.91879  254.24230    -3.4985    10.6681 0.0000e+00
 143.599682      6.281    16.2470  35.782460    27.6936      6.225  253.92615  254.24961    -3.5218    10.6741 -9.990e-29
 143.599685      6.305    16.2429  35.786932    27.6998      6.248  253.93600  254.25923    -3.2416    10.3546 -9.990e-29
 143.599687      6.327    16.2421  35.784334    27.6981      6.270  253.94294  254.26615    -3.3039    10.3466 -9.990e-29
 143.599690      6.351    16.2420  35.780830    27.7002      6.294  253.93999  254.26318    -3.5841    10.8480 -9.990e-29
 143.599693      6.380    16.2419  35.786751    27.7010      6.323  253.93905  254.26223    -3.5452    10.8561 0.0000e+00
 143.599696      6.413    16.2418  35.788443    27.7018      6.355  253.93999  254.26318    -3.5841    10.8641 0.0000e+00
 143.599699      6.447    16.2392  35.790437    27.7040      6.390  253.94529  254.26832    -3.6308    10.8641 0.0000e+00
 143.599702      6.487    16.2372  35.787356    27.7040      6.429  253.95726  254.28021    -3.6308    10.8399 0.0000e+00
 143.599705      6.527    16.2372  35.783671    27.7040      6.469  253.95726  254.28021    -3.2572    10.3668 0.0000e+00
 143.599708      6.568    16.2375  35.789773    27.7059      6.509  253.95279  254.27574    -3.2572    10.3546 0.0000e+00
 143.599711      6.600    16.2375  35.793278    27.7073      6.541  253.95004  254.27298    -3.2572    10.3607 0.0000e+00
 143.599714      6.629    16.2375  35.786934    27.7088      6.570  253.94729  254.27022    -3.2572    10.3546 -9.990e-29
 143.599716      6.651    16.2368  35.790861    27.7072      6.592  253.95368  254.27658    -3.5529    10.8763 -9.990e-29
 143.599719      6.673    16.2363  35.787176    27.7044      6.614  253.96101  254.28391    -3.6152    10.8358 -9.990e-29
 143.599722      6.690    16.2355  35.786511    27.7044      6.630  253.96538  254.28825    -3.5529    10.8278 -9.990e-29
 143.599725      6.703    16.2343  35.787599    27.7062      6.643  253.96838  254.29117    -3.6463    10.8844 -9.990e-29
 143.599728      6.717    16.2336  35.787237    27.7063      6.657  253.97138  254.29415    -3.6308    10.8763 -9.990e-29
 143.599731      6.732    16.2335  35.787599    27.7067      6.671  253.97115  254.29392    -3.4284    10.9733 -9.990e-29
 143.599734      6.754    16.2324  35.788929    27.7078      6.693  253.97485  254.29755    -3.1794    10.9652 -9.990e-29
 143.599737      6.781    16.2317  35.788022    27.7103      6.720  253.97420  254.29686    -3.2961    10.9733 0.0000e+00
 143.599740      6.817    16.2310  35.792615    27.7128      6.756  253.97485  254.29755    -3.4129    10.9652 0.0000e+00
 143.599742      6.854    16.2292  35.791528    27.7128      6.792  253.98195  254.30448    -3.5218    10.2899 0.0000e+00
 143.599745      6.892    16.2280  35.789776    27.7130      6.830  253.98817  254.31061    -3.6308    10.2859 0.0000e+00
 143.599748      6.932    16.2275  35.791709    27.7143      6.870  253.98918  254.31166    -3.6308    10.2899 0.0000e+00
 143.599751      6.972    16.2266  35.792374    27.7156      6.910  253.99088  254.31327    -3.5841    10.2859 0.0000e+00
 143.599754      7.009    16.2252  35.794127    27.7173      6.946  253.99351  254.31583    -3.0860     9.6915 0.0000e+00
 143.599757      7.049    16.2233  35.791710    27.7180      6.986  254.00449  254.32673    -3.0860     9.6915 0.0000e+00
 143.599760      7.084    16.2218  35.795215    27.7196      7.020  254.00482  254.32696    -3.1483     9.6874 0.0000e+00
 143.599763      7.115    16.2209  35.792617    27.7196      7.051  254.01208  254.33419    -3.1483     9.6915 0.0000e+00
 143.599766      7.146    16.2202  35.790019    27.7196      7.082  254.01603  254.33808    -3.1171     9.9745 0.0000e+00
 143.599769      7.179    16.2197  35.793282    27.7211      7.115  254.01872  254.34082    -3.1171    10.0190 0.0000e+00
 143.599771      7.212    16.2186  35.792618    27.7212      7.147  254.02018  254.34211    -3.0549    10.0190 0.0000e+00
 143.599774      7.248    16.2176  35.795881    27.7235      7.183  254.02103  254.34303    -3.0549    10.0190 0.0000e+00
 143.599777      7.283    16.2164  35.793464    27.7246      7.218  254.02840  254.35028    -3.0549    10.0231 0.0000e+00
 143.599780      7.314    16.2158  35.793706    27.7240      7.248  254.03068  254.35253    -3.2261    10.1424 0.0000e+00
 143.599783      7.345    16.2151  35.796970    27.7246      7.279  254.03296  254.35478    -3.4129    10.2616 -9.990e-29
 143.599786      7.365    16.2129  35.797151    27.7290      7.299  254.03615  254.35784    -3.3039    10.2374 -9.990e-29
 143.599789      7.385    16.2127  35.795882    27.7281      7.319  254.03897  254.36066    -3.1638    10.2172 -9.990e-29
 143.599792      7.400    16.2122  35.795641    27.7282      7.333  254.04118  254.36284    -3.5529    10.4881 -9.990e-29
 143.599795      7.412    16.2113  35.794795    27.7281      7.346  254.04582  254.36745    -3.4907    10.5285 -9.990e-29
 143.599797      7.423    16.2104  35.792378    27.7267      7.357  254.05310  254.37470    -3.4751    10.5326 -9.990e-29
 143.599800      7.434    16.2097  35.795883    27.7301      7.368  254.05034  254.37189    -3.5841    10.5245 -9.990e-29
 143.599803      7.458    16.2092  35.801745    27.7355      7.391  254.04347  254.36496    -3.0549    11.0218 -9.990e-29
 143.599806      7.480    16.2053  35.799146    27.7300      7.413  254.07275  254.39410    -3.0082    11.0785 -9.990e-29
 143.599809      7.518    16.2041  35.792197    27.7330      7.451  254.07383  254.39510    -3.0705    11.0482 0.0000e+00
 143.599812      7.556    16.2028  35.797153    27.7356      7.489  254.07490  254.39610    -3.1327    11.0178 0.0000e+00
 143.599815      7.608    16.2020  35.796065    27.7360      7.540  254.07490  254.39610    -3.5685    10.5326 0.0000e+00
 143.599818      7.655    16.2016  35.804889    27.7386      7.587  254.07962  254.40078    -3.5996     9.9705 0.0000e+00
 143.599821      7.702    16.2007  35.798483    27.7423      7.633  254.08007  254.40108    -3.5996     9.9422 0.0000e+00
 143.599823      7.741    16.1996  35.801988    27.7423      7.671  254.08128  254.40236    -3.5374     9.9543 0.0000e+00
 143.599826      7.777    16.1995  35.801747    27.7423      7.708  254.08072  254.40173    -3.5218     9.9442 0.0000e+00
 143.599829      7.816    16.1994  35.793891    27.7423      7.746  254.08137  254.40237    -3.5374     9.9543 -9.990e-29
 143.599832      7.839    16.1993  35.801082    27.7417      7.769  254.08270  254.40370    -3.0393    10.2212 -9.990e-29
 143.599835      7.868    16.1992  35.802412    27.7429      7.798  254.08104  254.40203    -3.0860    10.2131 -9.990e-29
 143.599838      7.892    16.1988  35.801324    27.7423      7.821  254.08421  254.40518    -3.0860    10.2212 -9.990e-29
 143.599841      7.918    16.1985  35.799814    27.7412      7.847  254.08770  254.40867    -3.5062     9.6066 -9.990e-29
 143.599844      7.941    16.1966  35.804588    27.7385      7.870  254.10193  254.42283    -3.6308     9.5702 -9.990e-29
 143.599847      7.969    16.1962  35.795221    27.7394      7.897  254.10204  254.42292    -3.6386     9.5823 0.0000e+00
 143.599850      7.998    16.1959  35.796732    27.7403      7.926  254.10193  254.42283    -3.6308     9.5944 0.0000e+00
 143.599852      8.027    16.1958  35.800902    27.7439      7.955  254.09626  254.41709    -2.1522    10.3183 0.0000e+00
