seaocn-cb/data/ctd_cnv/SBE19plus_01907321_2024_05_23_Cast25.cnv
* Sea-Bird SBE19plus  Data File:
* FileName = E:\Prandtl_Daten\2024\CTD\raw\SBE19plus_01907321_2024_05_23_Cast25.hex
* Software version 2.6.1.12
* Temperature SN = 7321
* Conductivity SN = 7321
* System UpLoad Time = May 23 2024 09:11:03
* <ApplicationData>
* <Seaterm232>
** 20240522
** Sea Practical 2024
** MCat 23.05 CTD_NP5
** NMEA Latitude = 054 07.76N
** NMEA Longitude = 008 46.70E
** waterdepth = 11m
** Andreas
# nquan = 11
# nvalues = 326                         
# units = specified
# name 0 = timeJ: Julian Days
# name 1 = prdM: Pressure, Strain Gauge [db]
# name 2 = tv290C: Temperature [ITS-90, deg C]
# name 3 = c0mS/cm: Conductivity [mS/cm]
# name 4 = sal00: Salinity, Practical [PSU]
# name 5 = depSM: Depth [salt water, m], lat = 54.00
# name 6 = oxsatMm/Kg: Oxygen Saturation, Weiss [umol/kg]
# name 7 = oxsolMm/Kg: Oxygen Saturation, Garcia & Gordon [umol/kg]
# name 8 = turbWETntu0: Turbidity, WET Labs ECO [NTU]
# name 9 = flECO-AFL: Fluorescence, WET Labs ECO-AFL/FL [mg/m^3]
# name 10 = flag:  0.000e+00
# span 0 = 144.377836, 144.378776       
# span 1 =      0.791,     10.388       
# span 2 =    14.5265,    15.3016       
# span 3 =  36.429154,  36.642929       
# span 4 =    28.9810,    29.7014       
# span 5 =      0.784,     10.295       
# span 6 =  256.47068,  259.24338       
# span 7 =  256.74052,  259.46765       
# span 8 =    -4.5179,     2.6727       
# span 9 =     4.6046,     7.8638       
# span 10 = 0.0000e+00, 0.0000e+00      
# interval = seconds: 0.25
# start_time = May 23 2024 09:02:38 [Instrument's time stamp, header]
# bad_flag = -9.990e-29
*END*
 144.377836      0.791    15.3016  36.493539    28.9899      0.784  256.47068  256.74052    -4.2066     4.7340 -9.990e-29
 144.377839      0.811    15.3016  36.490738    28.9820      0.804  256.48501  256.75491    -4.3000     4.7178 -9.990e-29
 144.377841      0.860    15.3016  36.484527    28.9852      0.853  256.47951  256.74938    -4.2923     4.7401 0.0000e+00
 144.377844      0.935    15.3015  36.491835    28.9884      0.926  256.47401  256.74386    -4.2845     4.7623 0.0000e+00
 144.377847      1.026    15.3009  36.495672    28.9884      1.017  256.47401  256.74386    -4.1444     4.9806 0.0000e+00
 144.377850      1.126    15.3006  36.489399    28.9886      1.116  256.47941  256.74921    -4.0821     4.9806 0.0000e+00
 144.377853      1.230    15.3004  36.491166    28.9886      1.219  256.47941  256.74921    -4.0510     5.0049 0.0000e+00
 144.377856      1.338    15.3004  36.493176    28.9886      1.326  256.47941  256.74921    -3.9887     4.9766 0.0000e+00
 144.377859      1.435    15.3004  36.489705    28.9872      1.422  256.48180  256.75161    -3.9887     4.9685 0.0000e+00
 144.377862      1.522    15.3003  36.487391    28.9862      1.509  256.48408  256.75388    -3.9732     4.8634 0.0000e+00
 144.377865      1.573    15.3002  36.487635    28.9853      1.559  256.48635  256.75615    -3.9576     4.7582 -9.990e-29
 144.377867      1.588    15.2989  36.492081    28.9903      1.574  256.48389  256.75360    -4.0043     4.8108 -9.990e-29
 144.377870      1.566    15.2991  36.490558    28.9889      1.552  256.48564  256.75537    -3.9420     4.7461 -9.990e-29
 144.377873      1.522    15.2988  36.490984    28.9895      1.509  256.48615  256.75586    -4.3467     4.8108 -9.990e-29
 144.377876      1.484    15.2987  36.490497    28.9891      1.471  256.48719  256.75689    -4.1444     4.7946 -9.990e-29
 144.377879      1.462    15.2984  36.492080    28.9908      1.449  256.48591  256.75559    -4.4401     4.8270 -9.990e-29
 144.377882      1.464    15.2987  36.492080    28.9905      1.451  256.48472  256.75441    -4.3000     4.8027 -9.990e-29
 144.377885      1.478    15.2988  36.491411    28.9898      1.465  256.48517  256.75487    -4.3467     4.6208 -9.990e-29
 144.377888      1.488    15.2988  36.488305    28.9871      1.474  256.48999  256.75972    -4.5179     4.6046 -9.990e-29
 144.377891      1.506    15.2988  36.485869    28.9850      1.492  256.49409  256.76382    -4.1755     4.6774 -9.990e-29
 144.377894      1.521    15.2987  36.490071    28.9888      1.507  256.48787  256.75758    -4.1444     4.6208 -9.990e-29
 144.377896      1.530    15.2988  36.487148    28.9861      1.516  256.49211  256.76184    -3.9109     5.1586 -9.990e-29
 144.377899      1.537    15.2985  36.483860    28.9834      1.523  256.49842  256.76816    -4.0199     5.1707 -9.990e-29
 144.377902      1.561    15.2985  36.491167    28.9863      1.547  256.49297  256.76268    -4.1599     5.2030 -9.990e-29
 144.377905      1.614    15.2986  36.487209    28.9860      1.599  256.49321  256.76293    -4.1365     5.2233 0.0000e+00
 144.377908      1.690    15.2985  36.486540    28.9856      1.675  256.49345  256.76318    -4.1132     5.2030 0.0000e+00
 144.377911      1.771    15.2985  36.484043    28.9856      1.755  256.49345  256.76318    -4.0821     4.9968 0.0000e+00
 144.377914      1.864    15.2978  36.491656    28.9892      1.847  256.49388  256.76351    -4.0821     4.9968 0.0000e+00
 144.377917      1.958    15.2974  36.489646    28.9907      1.941  256.49178  256.76139    -4.1132     5.0211 0.0000e+00
 144.377920      2.031    15.2972  36.491413    28.9892      2.013  256.49388  256.76351    -4.1288     5.0211 0.0000e+00
 144.377922      2.073    15.2970  36.488977    28.9900      2.055  256.49443  256.76404    -4.1210     5.1161 0.0000e+00
 144.377925      2.103    15.2968  36.489160    28.9890      2.084  256.49708  256.76669    -4.1288     5.2111 -9.990e-29
 144.377928      2.121    15.2971  36.489160    28.9889      2.102  256.49593  256.76555    -4.1599     5.1747 -9.990e-29
 144.377931      2.132    15.2972  36.487394    28.9873      2.113  256.49808  256.76772    -4.1911     5.1222 -9.990e-29
 144.377934      2.134    15.2974  36.490317    28.9897      2.115  256.49264  256.76228    -4.2378     6.1937 -9.990e-29
 144.377937      2.139    15.2974  36.482279    28.9826      2.120  256.50542  256.77511    -4.0043     6.2504 -9.990e-29
 144.377940      2.157    15.2975  36.489647    28.9890      2.138  256.49340  256.76304    -3.8798     6.2504 -9.990e-29
 144.377943      2.166    15.2978  36.485263    28.9850      2.147  256.49931  256.76900    -4.0043     6.1978 -9.990e-29
 144.377946      2.172    15.2979  36.490317    28.9893      2.152  256.49087  256.76053    -4.3934     5.0898 -9.990e-29
 144.377948      2.177    15.2981  36.487394    28.9866      2.158  256.49481  256.76450    -4.4090     5.0090 -9.990e-29
 144.377951      2.196    15.2978  36.486724    28.9863      2.176  256.49706  256.76674    -4.3156     5.0898 -9.990e-29
 144.377954      2.212    15.2971  36.488003    28.9878      2.192  256.49748  256.76711    -4.1755     5.0858 -9.990e-29
 144.377957      2.225    15.2935  36.480514    28.9833      2.205  256.52424  256.79373    -4.1444     5.8743 -9.990e-29
 144.377960      2.256    15.2920  36.479844    28.9810      2.236  256.53614  256.80557    -4.0510     5.8804 0.0000e+00
 144.377963      2.298    15.2905  36.472051    28.9833      2.277  256.54804  256.81741    -4.1444     5.8743 0.0000e+00
 144.377966      2.349    15.2881  36.474244    28.9815      2.328  256.55578  256.82501    -4.0510     5.8703 0.0000e+00
 144.377969      2.385    15.2856  36.472966    28.9842      2.364  256.56352  256.83261    -4.1444     5.8541 -9.990e-29
 144.377972      2.407    15.2772  36.470957    28.9900      2.385  256.59655  256.86519    -4.2378     5.4982 -9.990e-29
 144.377975      2.436    15.2770  36.473819    28.9895      2.414  256.59805  256.86668    -4.2844     5.5144 0.0000e+00
 144.377977      2.465    15.2769  36.472479    28.9900      2.443  256.59752  256.86612    -4.2533     5.4982 0.0000e+00
 144.377980      2.493    15.2768  36.474184    28.9890      2.471  256.59955  256.86818    -4.2533     5.5306 0.0000e+00
 144.377983      2.526    15.2764  36.469618    28.9868      2.503  256.60613  256.87475    -4.2533     5.5225 0.0000e+00
 144.377986      2.584    15.2749  36.467366    28.9859      2.561  256.61535  256.88390    -4.2845     5.5225 0.0000e+00
 144.377989      2.660    15.2732  36.462679    28.9830      2.637  256.62927  256.89775    -4.2845     5.5225 0.0000e+00
 144.377992      2.733    15.2711  36.459574    28.9830      2.709  256.64222  256.91061    -4.1444     5.4699 0.0000e+00
 144.377995      2.797    15.2671  36.460001    28.9851      2.772  256.65686  256.92503    -3.9576     5.0413 0.0000e+00
 144.377998      2.847    15.2629  36.457141    28.9856      2.821  256.67691  256.94471    -3.8953     5.0130 0.0000e+00
 144.378001      2.892    15.2618  36.462924    28.9890      2.866  256.67721  256.94509    -3.9187     4.9948 0.0000e+00
 144.378003      2.921    15.2608  36.457811    28.9923      2.895  256.67691  256.94471    -3.8798     5.0130 -9.990e-29
 144.378006      2.945    15.2606  36.460611    28.9904      2.919  256.68114  256.94894    -3.7397     5.0373 -9.990e-29
 144.378009      2.960    15.2608  36.461829    28.9913      2.933  256.67865  256.94646    -4.0666     5.2435 -9.990e-29
 144.378012      2.964    15.2605  36.455802    28.9862      2.937  256.68893  256.95676    -4.0821     5.1707 -9.990e-29
 144.378015      2.964    15.2604  36.460916    28.9908      2.937  256.68157  256.94936    -4.0666     5.2152 -9.990e-29
 144.378018      2.960    15.2602  36.455315    28.9860      2.934  256.69088  256.95870    -4.1132     5.1828 -9.990e-29
 144.378021      2.949    15.2597  36.458237    28.9889      2.923  256.68842  256.95620    -3.8798     5.7611 -9.990e-29
 144.378024      2.938    15.2592  36.451785    28.9836      2.912  256.70025  256.96804    -4.0354     5.7772 -9.990e-29
 144.378027      2.929    15.2587  36.459577    28.9909      2.903  256.69022  256.95793    -4.0977     5.7813 -9.990e-29
 144.378030      2.936    15.2585  36.458055    28.9897      2.910  256.69319  256.96090    -4.2066     5.7894 -9.990e-29
 144.378032      2.952    15.2574  36.459577    28.9848      2.926  256.70774  256.97543    -3.8798     6.1897 -9.990e-29
 144.378035      2.980    15.2565  36.451603    28.9869      2.953  256.70893  256.97656    -3.8953     6.1857 0.0000e+00
 144.378038      3.022    15.2555  36.454707    28.9889      2.995  256.71012  256.97768    -3.9109     6.1816 0.0000e+00
 144.378041      3.079    15.2530  36.457204    28.9889      3.051  256.71585  256.98326    -3.9109     6.1816 0.0000e+00
 144.378044      3.139    15.2513  36.451117    28.9888      3.111  256.73194  256.99929    -4.0354     5.1909 0.0000e+00
 144.378047      3.206    15.2497  36.446248    28.9857      3.178  256.74554  257.01285    -4.0354     5.1909 0.0000e+00
 144.378050      3.268    15.2467  36.443814    28.9857      3.239  256.75426  257.02131    -4.1444     5.1909 0.0000e+00
 144.378053      3.332    15.2467  36.450692    28.9913      3.302  256.75426  257.02131    -4.1444     5.1909 0.0000e+00
 144.378056      3.389    15.2470  36.450449    28.9921      3.358  256.74959  257.01671    -4.0354     5.1909 0.0000e+00
 144.378058      3.431    15.2490  36.453127    28.9913      3.400  256.74130  257.00864    -3.9420     5.7894 0.0000e+00
 144.378061      3.476    15.2501  36.447344    28.9878      3.445  256.74007  257.00738    -3.9420     5.8177 0.0000e+00
 144.378064      3.514    15.2501  36.449110    28.9878      3.483  256.74036  257.00760    -3.9576     5.8177 0.0000e+00
 144.378067      3.555    15.2492  36.451058    28.9892      3.523  256.74036  257.00760    -3.9576     5.8177 0.0000e+00
 144.378070      3.589    15.2473  36.448441    28.9901      3.557  256.75163  257.01879    -4.0043     6.3393 0.0000e+00
 144.378073      3.626    15.2463  36.448441    28.9900      3.593  256.75583  257.02293    -3.9576     6.3555 0.0000e+00
 144.378076      3.655    15.2452  36.446920    28.9908      3.623  256.76004  257.02707    -4.0043     6.3393 -9.990e-29
 144.378079      3.677    15.2425  36.446007    28.9906      3.644  256.77403  257.04094    -4.2533     6.3676 -9.990e-29
 144.378082      3.686    15.2418  36.440651    28.9863      3.653  256.78507  257.05198    -3.6774     6.2584 -9.990e-29
 144.378084      3.699    15.2407  36.437790    28.9847      3.666  256.79402  257.06088    -3.8175     6.2140 -9.990e-29
 144.378087      3.699    15.2394  36.443573    28.9907      3.666  256.78981  257.05656    -3.7086     6.2423 -9.990e-29
 144.378090      3.699    15.2378  36.437547    28.9866      3.666  256.80547  257.07218    -3.7708     6.1978 -9.990e-29
 144.378093      3.701    15.2356  36.444912    28.9947      3.668  256.80239  257.06892    -4.0510     6.5819 -9.990e-29
 144.378096      3.703    15.2332  36.439374    28.9916      3.669  256.82029  257.08673    -4.0199     6.6305 -9.990e-29
 144.378099      3.710    15.2323  36.442478    28.9950      3.677  256.81905  257.08542    -4.1288     6.6224 -9.990e-29
 144.378102      3.719    15.2339  36.441991    28.9934      3.686  256.81353  257.07999    -4.1444     6.6183 -9.990e-29
 144.378105      3.732    15.2359  36.438765    28.9861      3.698  256.81640  257.08301    -4.0510     5.8581 -9.990e-29
 144.378108      3.759    15.2357  36.435357    28.9892      3.725  256.81165  257.07824    -3.9654     5.8420 0.0000e+00
 144.378111      3.790    15.2355  36.442234    28.9896      3.756  256.81453  257.08108    -4.0043     5.8419 0.0000e+00
 144.378113      3.846    15.2350  36.438705    28.9905      3.812  256.81453  257.08108    -4.0043     5.8419 0.0000e+00
 144.378116      3.908    15.2335  36.438462    28.9896      3.874  256.82093  257.08739    -4.0354     5.8419 0.0000e+00
 144.378119      3.996    15.2317  36.433654    28.9905      3.960  256.83055  257.09686    -4.0977     5.5670 0.0000e+00
 144.378122      4.087    15.2308  36.438888    28.9924      4.051  256.83530  257.10158    -4.0354     5.5670 0.0000e+00
 144.378125      4.175    15.2300  36.437793    28.9928      4.137  256.83364  257.09984    -4.0977     5.5912 0.0000e+00
 144.378128      4.249    15.2290  36.441385    28.9947      4.211  256.83530  257.10158    -3.9887     5.5993 0.0000e+00
 144.378131      4.299    15.2288  36.439376    28.9955      4.260  256.83597  257.10217    -4.0198     5.7631 0.0000e+00
 144.378134      4.333    15.2286  36.440715    28.9947      4.294  256.83830  257.10449    -3.9265     5.9269 -9.990e-29
 144.378137      4.346    15.2297  36.438220    28.9929      4.307  256.83594  257.10219    -3.9576     5.9956 -9.990e-29
 144.378139      4.346    15.2303  36.438707    28.9929      4.307  256.83308  257.09937    -4.2845     5.9552 -9.990e-29
 144.378142      4.333    15.2310  36.442906    28.9961      4.295  256.82354  257.08984    -3.9420     6.4161 -9.990e-29
 144.378145      4.319    15.2312  36.443211    28.9962      4.280  256.82246  257.08876    -4.0043     6.3797 -9.990e-29
 144.378148      4.304    15.2314  36.440898    28.9941      4.266  256.82546  257.09178    -4.1132     6.3717 -9.990e-29
 144.378151      4.299    15.2314  36.438037    28.9916      4.260  256.82991  257.09626    -3.9887     6.4121 -9.990e-29
 144.378154      4.310    15.2293  36.437124    28.9923      4.271  256.83942  257.10566    -3.9732     6.4242 -9.990e-29
 144.378157      4.328    15.2235  36.434751    28.9963      4.289  256.86197  257.12789    -4.1444     6.0360 -9.990e-29
 144.378160      4.361    15.2231  36.436882    28.9960      4.322  256.86496  257.13086    -4.1288     6.0381 0.0000e+00
 144.378163      4.401    15.2232  36.435361    28.9956      4.362  256.86492  257.13084    -4.1444     6.0401 0.0000e+00
 144.378166      4.439    15.2232  36.435787    28.9956      4.399  256.86492  257.13084    -4.1132     6.0684 0.0000e+00
 144.378168      4.479    15.2246  36.437247    28.9958      4.439  256.85729  257.12326    -3.9576     6.6224 0.0000e+00
 144.378171      4.519    15.2261  36.440230    28.9958      4.479  256.85032  257.11648    -3.7241     6.6224 0.0000e+00
 144.378174      4.552    15.2276  36.434448    28.9938      4.512  256.84698  257.11302    -3.7241     6.6224 0.0000e+00
 144.378177      4.585    15.2276  36.437795    28.9934      4.544  256.84618  257.11232    -3.8487     6.5981 0.0000e+00
 144.378180      4.612    15.2276  36.437126    28.9934      4.571  256.84618  257.11232    -3.9420     6.6305 0.0000e+00
 144.378183      4.640    15.2262  36.432196    28.9934      4.598  256.85897  257.12507    -3.9420     6.6102 0.0000e+00
 144.378186      4.674    15.2242  36.435118    28.9911      4.633  256.86222  257.12819    -3.9420     6.6102 0.0000e+00
 144.378189      4.716    15.2212  36.429154    28.9941      4.674  256.88321  257.14905    -3.8798     6.5779 0.0000e+00
 144.378192      4.768    15.2173  36.430433    28.9950      4.725  256.89621  257.16183    -3.1638     6.1857 0.0000e+00
 144.378194      4.826    15.2150  36.434754    29.0006      4.783  256.89621  257.16183    -3.1638     6.1614 0.0000e+00
 144.378197      4.888    15.2150  36.436702    29.0024      4.844  256.89609  257.16153    -3.1638     6.1654 0.0000e+00
 144.378200      4.953    15.2148  36.452467    29.0157      4.909  256.87750  257.14137    -3.0393     6.1654 0.0000e+00
 144.378203      5.006    15.1943  36.499474    29.0730      4.962  256.87750  257.14137    -2.9926     6.1654 0.0000e+00
 144.378206      5.048    15.1588  36.498569    29.0990      5.003  257.01545  257.27734    -2.8681     6.6001 0.0000e+00
 144.378209      5.076    15.1232  36.500830    29.1250      5.030  257.15341  257.41331    -2.7436     7.0348 -9.990e-29
 144.378212      5.088    15.0188  36.497059    29.2013      5.043  257.55943  257.81346    -2.6502     6.9701 -9.990e-29
