seaocn-cb/data/ctd_cnv/SBE19plus_01907321_2024_05_27_Cast85.cnv
* Sea-Bird SBE19plus  Data File:
* FileName = E:\Prandtl_Daten\2024\27052024\raw\SBE19plus_01907321_2024_05_27_Cast85.hex
* Software version 2.6.1.12
* Temperature SN = 7321
* Conductivity SN = 7321
* System UpLoad Time = May 27 2024 12:20:01
* <ApplicationData>
* <Seaterm232>
** 20240527
** Sea Practical 2024
** MCat 27.05 CTD_SP5
** NMEA Latitude = 54 7.781N
** NMEA Longitude = 008 25.579E
** waterdepth = 10.6m
** Merle
# nquan = 11
# nvalues = 353                         
# units = specified
# name 0 = timeJ: Julian Days
# name 1 = prdM: Pressure, Strain Gauge [db]
# name 2 = tv290C: Temperature [ITS-90, deg C]
# name 3 = c0mS/cm: Conductivity [mS/cm]
# name 4 = sal00: Salinity, Practical [PSU]
# name 5 = depSM: Depth [salt water, m], lat = 54.00
# name 6 = oxsatMm/Kg: Oxygen Saturation, Weiss [umol/kg]
# name 7 = oxsolMm/Kg: Oxygen Saturation, Garcia & Gordon [umol/kg]
# name 8 = turbWETntu0: Turbidity, WET Labs ECO [NTU]
# name 9 = flECO-AFL: Fluorescence, WET Labs ECO-AFL/FL [mg/m^3]
# name 10 = flag:  0.000e+00
# span 0 = 148.511270, 148.512289       
# span 1 =      0.393,      9.859       
# span 2 =    15.7984,    16.0544       
# span 3 =  37.191087,  37.439155       
# span 4 =    29.2270,    29.2695       
# span 5 =      0.389,      9.771       
# span 6 =  252.18438,  253.51371       
# span 7 =  252.48833,  253.80587       
# span 8 =    -3.7086,    20.0580       
# span 9 =     1.6285,     6.6305       
# span 10 = 0.0000e+00, 0.0000e+00      
# interval = seconds: 0.25
# start_time = May 27 2024 12:14:48 [Instrument's time stamp, header]
# bad_flag = -9.990e-29
*END*
 148.511270      0.393    16.0456  37.419709    29.2526      0.389  252.24232  252.54593    -2.9615     1.7255 0.0000e+00
 148.511273      0.422    16.0451  37.415034    29.2489      0.418  252.25141  252.55502    -3.1638     1.6568 0.0000e+00
 148.511276      0.509    16.0433  37.412389    29.2479      0.505  252.26195  252.56549    -3.1638     1.6568 0.0000e+00
 148.511279      0.611    16.0408  37.403225    29.2464      0.606  252.28523  252.58869    -3.2105     1.6649 0.0000e+00
 148.511282      0.682    16.0390  37.405502    29.2441      0.676  252.29038  252.59374    -3.1327     1.6649 0.0000e+00
 148.511285      0.712    16.0371  37.408885    29.2464      0.705  252.29553  252.59878    -3.2105     1.6649 -9.990e-29
 148.511288      0.717    16.0331  37.409377    29.2527      0.711  252.30460  252.60762    -2.7436     1.8832 -9.990e-29
 148.511291      0.715    16.0332  37.414360    29.2570      0.709  252.29684  252.59984    -3.1950     1.8670 -9.990e-29
 148.511293      0.728    16.0346  37.414237    29.2552      0.722  252.29281  252.59589    -2.9771     1.7943 -9.990e-29
 148.511296      0.757    16.0346  37.413499    29.2559      0.750  252.29172  252.59480    -2.9848     1.8205 0.0000e+00
 148.511299      0.792    16.0346  37.415160    29.2567      0.785  252.29064  252.59370    -2.9926     1.8387 0.0000e+00
 148.511302      0.826    16.0347  37.417866    29.2575      0.819  252.28601  252.58907    -2.9926     1.8387 0.0000e+00
 148.511305      0.867    16.0356  37.417005    29.2575      0.859  252.28406  252.58717    -2.9459     1.8387 0.0000e+00
 148.511308      0.920    16.0356  37.416329    29.2562      0.911  252.28406  252.58717    -2.8681     1.6730 0.0000e+00
 148.511311      0.971    16.0360  37.412638    29.2550      0.962  252.28639  252.58954    -2.8292     1.6588 0.0000e+00
 148.511314      1.007    16.0355  37.410424    29.2537      0.998  252.29095  252.59408    -2.7903     1.6730 -9.990e-29
 148.511317      1.031    16.0318  37.408948    29.2532      1.022  252.31047  252.61343    -2.9148     1.6851 -9.990e-29
 148.511319      1.031    16.0307  37.412639    29.2572      1.022  252.30880  252.61169    -3.0393     1.6851 -9.990e-29
 148.511322      1.027    16.0303  37.412208    29.2572      1.018  252.31123  252.61409    -3.2883     1.7579 -9.990e-29
 148.511325      1.015    16.0303  37.408272    29.2537      1.005  252.31682  252.61971    -3.0082     1.7498 -9.990e-29
 148.511328      1.013    16.0307  37.409563    29.2513      1.004  252.31942  252.62234    -3.1794     1.7619 -9.990e-29
 148.511331      1.040    16.0307  37.405750    29.2551      1.031  252.31266  252.61555    -3.0705     1.6911 0.0000e+00
 148.511334      1.095    16.0307  37.414607    29.2589      1.085  252.30589  252.60876    -2.9615     1.6285 0.0000e+00
 148.511337      1.173    16.0311  37.415161    29.2589      1.163  252.30392  252.60680    -2.9304     1.6285 0.0000e+00
 148.511340      1.239    16.0314  37.415038    29.2588      1.228  252.30284  252.60574    -2.8914     1.6285 0.0000e+00
 148.511343      1.283    16.0317  37.412147    29.2585      1.271  252.30177  252.60468    -2.9304     1.6285 -9.990e-29
 148.511345      1.299    16.0332  37.416146    29.2583      1.287  252.29450  252.59749    -3.2728     1.7013 -9.990e-29
 148.511348      1.303    16.0342  37.417191    29.2585      1.291  252.28938  252.59241    -3.3039     1.6568 -9.990e-29
 148.511351      1.301    16.0347  37.415900    29.2570      1.289  252.28923  252.59230    -3.3817     1.7255 -9.990e-29
 148.511354      1.305    16.0357  37.419283    29.2593      1.293  252.28060  252.58370    -3.4440     1.6972 -9.990e-29
 148.511357      1.325    16.0357  37.417191    29.2558      1.313  252.28652  252.58965    -3.4129     1.8226 -9.990e-29
 148.511360      1.350    16.0356  37.415346    29.2564      1.338  252.28576  252.58888    -3.3662     1.8186 0.0000e+00
 148.511363      1.394    16.0357  37.416576    29.2569      1.382  252.28500  252.58811    -3.3195     1.8145 0.0000e+00
 148.511366      1.432    16.0356  37.417438    29.2572      1.419  252.28422  252.58733    -3.2805     1.8044 0.0000e+00
 148.511369      1.465    16.0357  37.420883    29.2576      1.452  252.28344  252.58655    -3.2416     1.7943 -9.990e-29
 148.511372      1.485    16.0371  37.421621    29.2602      1.472  252.27186  252.57502    -2.7125     2.0409 -9.990e-29
 148.511374      1.502    16.0384  37.419529    29.2574      1.488  252.27025  252.57349    -2.8214     2.0005 -9.990e-29
 148.511377      1.513    16.0393  37.419837    29.2570      1.499  252.26653  252.56981    -2.5724     2.0167 -9.990e-29
 148.511380      1.529    16.0398  37.422051    29.2561      1.515  252.26540  252.56872    -3.5996     1.8428 -9.990e-29
 148.511383      1.562    16.0399  37.419222    29.2578      1.548  252.26199  252.56529    -3.6230     1.8752 0.0000e+00
 148.511386      1.615    16.0400  37.423405    29.2596      1.600  252.25858  252.56187    -3.5996     1.9075 0.0000e+00
 148.511389      1.673    16.0405  37.425743    29.2612      1.658  252.25333  252.55664    -3.5841     1.9075 0.0000e+00
 148.511392      1.741    16.0422  37.427773    29.2617      1.725  252.24380  252.54719    -3.4751     1.9075 0.0000e+00
 148.511395      1.795    16.0441  37.431465    29.2635      1.779  252.23148  252.53494    -3.5841     2.0773 0.0000e+00
 148.511398      1.843    16.0454  37.437617    29.2652      1.826  252.22199  252.52550    -3.5374     2.0955 0.0000e+00
 148.511400      1.868    16.0467  37.439155    29.2669      1.852  252.21250  252.51606    -3.5996     2.1137 -9.990e-29
 148.511403      1.885    16.0523  37.437863    29.2630      1.868  252.19138  252.49522    -3.6930     2.0935 -9.990e-29
 148.511406      1.888    16.0539  37.438478    29.2623      1.871  252.18452  252.48845    -2.8681     2.2957 -9.990e-29
 148.511409      1.886    16.0544  37.437186    29.2608      1.870  252.18438  252.48833    -3.0549     2.3159 -9.990e-29
 148.511412      1.883    16.0537  37.432141    29.2570      1.866  252.19459  252.49854    -3.1483     2.2876 -9.990e-29
 148.511415      1.877    16.0519  37.432818    29.2589      1.861  252.20040  252.50426    -3.0860     2.2188 -9.990e-29
 148.511418      1.868    16.0492  37.427096    29.2559      1.852  252.21876  252.52251    -3.0704     2.2714 -9.990e-29
 148.511421      1.866    16.0452  37.422483    29.2548      1.850  252.24050  252.54408    -2.9304     2.6556 -9.990e-29
 148.511424      1.870    16.0412  37.422052    29.2574      1.854  252.25629  252.55966    -3.3506     2.6515 -9.990e-29
 148.511427      1.885    16.0339  37.418731    29.2554      1.868  252.29605  252.59909    -3.0549     2.6313 -9.990e-29
 148.511429      1.912    16.0318  37.413564    29.2563      1.895  252.30513  252.60807    -3.1016     2.5747 0.0000e+00
 148.511432      1.956    16.0297  37.411966    29.2554      1.939  252.31420  252.61704    -3.1483     2.5221 0.0000e+00
 148.511435      2.016    16.0254  37.402309    29.2571      1.998  252.34473  252.64741    -3.1483     2.5221 0.0000e+00
 148.511438      2.084    16.0221  37.408891    29.2575      2.065  252.34739  252.64985    -3.0549     2.5221 0.0000e+00
 148.511441      2.159    16.0198  37.404156    29.2575      2.139  252.36284  252.66521    -3.0549     2.5545 0.0000e+00
 148.511444      2.237    16.0174  37.399913    29.2575      2.217  252.37845  252.68072    -2.8370     2.7607 0.0000e+00
 148.511447      2.306    16.0136  37.400036    29.2584      2.286  252.39226  252.69433    -2.8370     2.7728 0.0000e+00
 148.511450      2.354    16.0119  37.398376    29.2589      2.333  252.39961  252.70160    -2.8837     2.7789 0.0000e+00
 148.511453      2.383    16.0103  37.397516    29.2594      2.362  252.40695  252.70886    -2.9926     2.7971 -9.990e-29
 148.511455      2.396    16.0075  37.398807    29.2619      2.374  252.41702  252.71878    -3.1016     2.7405 -9.990e-29
 148.511458      2.379    16.0074  37.399791    29.2628      2.358  252.41583  252.71758    -3.3817     2.7122 -9.990e-29
 148.511461      2.356    16.0070  37.399914    29.2632      2.335  252.41712  252.71885    -3.4284     2.7203 -9.990e-29
 148.511464      2.323    16.0066  37.397516    29.2614      2.302  252.42218  252.72390    -3.2105     2.6758 -9.990e-29
 148.511467      2.306    16.0070  37.402989    29.2659      2.286  252.41248  252.71419    -3.2883     2.7041 -9.990e-29
 148.511470      2.303    16.0082  37.408217    29.2695      2.282  252.40019  252.70193    -3.3506     2.6758 -9.990e-29
 148.511473      2.321    16.0162  37.412646    29.2675      2.300  252.36390  252.66603    -3.3817     2.6839 -9.990e-29
 148.511476      2.359    16.0176  37.412645    29.2667      2.338  252.35807  252.66027    -3.3817     2.6637 0.0000e+00
 148.511479      2.418    16.0190  37.413322    29.2660      2.396  252.35223  252.65450    -3.3817     2.6839 0.0000e+00
 148.511481      2.481    16.0201  37.412399    29.2643      2.459  252.34949  252.65183    -3.1794     2.9022 0.0000e+00
 148.511484      2.545    16.0210  37.412153    29.2643      2.522  252.34663  252.64901    -3.1794     2.9386 0.0000e+00
 148.511487      2.607    16.0220  37.414614    29.2647      2.584  252.33941  252.64183    -3.0238     2.9022 0.0000e+00
 148.511490      2.655    16.0226  37.415598    29.2647      2.631  252.33616  252.63862    -3.1172     2.9103 0.0000e+00
 148.511493      2.700    16.0233  37.413076    29.2647      2.676  252.33292  252.63540    -3.0238     2.8820 -9.990e-29
 148.511496      2.722    16.0244  37.413568    29.2621      2.698  252.33214  252.63469    -3.4440     2.9063 -9.990e-29
 148.511499      2.737    16.0238  37.413691    29.2626      2.712  252.33404  252.63656    -3.5374     2.8780 -9.990e-29
 148.511502      2.744    16.0240  37.413753    29.2626      2.719  252.33336  252.63589    -3.7086     2.9143 -9.990e-29
 148.511505      2.749    16.0242  37.411539    29.2605      2.725  252.33579  252.63834    -3.0549     2.6596 -9.990e-29
 148.511508      2.757    16.0244  37.413076    29.2616      2.732  252.33260  252.63516    -3.0860     2.6151 -9.990e-29
 148.511510      2.775    16.0255  37.410308    29.2627      2.750  252.32554  252.62814    -3.0549     2.6556 -9.990e-29
 148.511513      2.803    16.0258  37.415229    29.2623      2.777  252.32459  252.62721    -3.0705     2.6576 0.0000e+00
 148.511516      2.834    16.0261  37.414922    29.2627      2.808  252.32364  252.62628    -3.0860     2.6596 0.0000e+00
 148.511519      2.865    16.0271  37.418736    29.2620      2.839  252.31584  252.61856    -3.2728     3.0680 0.0000e+00
 148.511522      2.899    16.0279  37.415598    29.2612      2.873  252.31584  252.61856    -3.3039     3.0761 0.0000e+00
 148.511525      2.928    16.0284  37.413938    29.2598      2.902  252.31584  252.61856    -3.4284     3.0761 0.0000e+00
 148.511528      2.961    16.0284  37.414491    29.2598      2.935  252.31656  252.61932    -3.4440     3.0761 0.0000e+00
 148.511531      2.990    16.0282  37.414799    29.2602      2.964  252.31657  252.61931    -3.4517     3.0680 0.0000e+00
 148.511534      3.027    16.0278  37.411908    29.2606      3.000  252.31768  252.62040    -3.4595     3.0559 -9.990e-29
 148.511536      3.050    16.0247  37.410863    29.2594      3.023  252.33519  252.63778    -3.5218     3.0397 -9.990e-29
 148.511539      3.071    16.0237  37.414677    29.2635      3.043  252.33305  252.63557    -3.6619     3.0801 -9.990e-29
 148.511542      3.082    16.0228  37.410679    29.2606      3.054  252.34232  252.64481    -3.3662     3.0963 -9.990e-29
 148.511545      3.089    16.0222  37.412401    29.2626      3.061  252.34212  252.64456    -3.3350     3.0640 -9.990e-29
 148.511548      3.109    16.0217  37.408465    29.2616      3.081  252.34662  252.64904    -3.3506     3.1206 -9.990e-29
 148.511551      3.135    16.0218  37.410802    29.2618      3.107  252.34562  252.64806    -3.3117     3.0073 0.0000e+00
 148.511554      3.162    16.0219  37.411540    29.2620      3.134  252.34463  252.64707    -3.2728     2.9224 0.0000e+00
 148.511557      3.197    16.0228  37.413570    29.2620      3.168  252.34264  252.64514    -3.2728     2.9022 0.0000e+00
 148.511560      3.238    16.0228  37.410126    29.2600      3.210  252.34264  252.64514    -3.1794     2.9224 0.0000e+00
 148.511563      3.279    16.0228  37.405820    29.2587      3.249  252.34752  252.65001    -3.2572     2.9265 0.0000e+00
 148.511565      3.313    16.0226  37.408281    29.2575      3.284  252.34862  252.65112    -3.2183     2.9366 0.0000e+00
 148.511568      3.339    16.0225  37.404713    29.2587      3.309  252.34752  252.65001    -3.2572     2.9467 -9.990e-29
 148.511571      3.363    16.0201  37.409634    29.2617      3.333  252.35443  252.65679    -3.0393     2.9588 -9.990e-29
 148.511574      3.383    16.0200  37.410250    29.2623      3.353  252.35382  252.65617    -3.0860     2.9507 -9.990e-29
 148.511577      3.403    16.0207  37.410557    29.2620      3.373  252.35070  252.65308    -2.9459     2.9831 -9.990e-29
 148.511580      3.425    16.0239  37.413940    29.2650      3.394  252.32955  252.63205    -2.8370     3.0640 -9.990e-29
 148.511583      3.452    16.0251  37.416770    29.2638      3.421  252.32557  252.62813    -3.0082     3.0418 0.0000e+00
 148.511586      3.487    16.0263  37.416154    29.2627      3.456  252.32158  252.62422    -3.0860     3.0478 0.0000e+00
 148.511589      3.529    16.0271  37.416093    29.2617      3.497  252.32158  252.62422    -3.0860     3.0195 0.0000e+00
 148.511591      3.569    16.0271  37.404714    29.2522      3.537  252.33579  252.63854    -2.7592     2.9871 0.0000e+00
 148.511594      3.603    16.0251  37.395181    29.2495      3.571  252.35037  252.65303    -2.6891     2.9669 0.0000e+00
 148.511597      3.636    16.0231  37.392722    29.2468      3.604  252.36494  252.66753    -2.7592     2.9871 -9.990e-29
 148.511600      3.658    16.0088  37.382822    29.2465      3.626  252.43665  252.73859    -2.7436     2.9669 -9.990e-29
 148.511603      3.676    16.0013  37.378457    29.2482      3.644  252.47113  252.77270    -0.5335     3.4926 -9.990e-29
 148.511606      3.698    15.9862  37.371695    29.2458      3.665  252.55092  252.85181    -0.6269     3.4724 -9.990e-29
 148.511609      3.726    15.9827  37.362904    29.2502      3.692  252.56086  252.86156    -0.6580     3.4926 0.0000e+00
 148.511612      3.755    15.9827  37.367085    29.2502      3.721  252.56086  252.86156    -0.6580     3.4926 0.0000e+00
 148.511615      3.782    15.9792  37.359647    29.2546      3.748  252.57080  252.87130    -0.6891     3.5128 -9.990e-29
 148.511617      3.806    15.9737  37.341513    29.2365      3.772  252.63001  252.93038    -0.7981     3.2823 -9.990e-29
 148.511620      3.824    15.9644  37.322831    29.2270      3.790  252.69255  252.99255    -0.7825     3.2500 -9.990e-29
 148.511623      3.833    15.9508  37.328425    29.2419      3.799  252.73526  253.03451    -0.7047     3.2904 -9.990e-29
 148.511626      3.848    15.9404  37.324862    29.2464      3.814  252.77925  253.07798    -0.8136     3.3187 -9.990e-29
 148.511629      3.859    15.9319  37.324248    29.2471      3.824  252.82067  253.11900    -0.3156     3.4158 -9.990e-29
 148.511632      3.886    15.9296  37.318472    29.2431      3.852  252.83909  253.13734    -0.3856     3.4178 0.0000e+00
 148.511635      3.923    15.9273  37.305446    29.2391      3.888  252.85752  253.15569    -0.3156     3.4158 0.0000e+00
 148.511638      3.968    15.9188  37.296108    29.2391      3.933  252.90340  253.20118    -0.3156     3.4198 0.0000e+00
 148.511641      4.016    15.9095  37.293100    29.2373      3.980  252.94272  253.24004    -0.1288     3.8484 0.0000e+00
 148.511644      4.058    15.9006  37.278665    29.2367      4.022  252.99807  253.29501     0.0424     3.8727 0.0000e+00
 148.511646      4.092    15.8928  37.273445    29.2365      4.056  253.03508  253.33164     0.0424     3.8727 0.0000e+00
