seaocn-cb/data/ctd_cnv/SBE19plus_01907321_2024_05_25_Cast49.cnv
* Sea-Bird SBE19plus  Data File:
* FileName = E:\Prandtl_Daten\2024\25052024\raw\SBE19plus_01907321_2024_05_25_Cast49.hex
* Software version 2.6.1.12
* Temperature SN = 7321
* Conductivity SN = 7321
* System UpLoad Time = May 25 2024 07:39:44
* <ApplicationData>
* <Seaterm232>
** 20240525
** Sea Practical 2024
** MCat 25.05 CTD_SP4
** NMEA Latitude = 054 07.471N
** NMEA Longitude = 008 27.982E
** waterdepth = 4.0m
** Isabelle
# nquan = 11
# nvalues = 156                         
# units = specified
# name 0 = timeJ: Julian Days
# name 1 = prdM: Pressure, Strain Gauge [db]
# name 2 = tv290C: Temperature [ITS-90, deg C]
# name 3 = c0mS/cm: Conductivity [mS/cm]
# name 4 = sal00: Salinity, Practical [PSU]
# name 5 = depSM: Depth [salt water, m], lat = 54.00
# name 6 = oxsatMm/Kg: Oxygen Saturation, Weiss [umol/kg]
# name 7 = oxsolMm/Kg: Oxygen Saturation, Garcia & Gordon [umol/kg]
# name 8 = turbWETntu0: Turbidity, WET Labs ECO [NTU]
# name 9 = flECO-AFL: Fluorescence, WET Labs ECO-AFL/FL [mg/m^3]
# name 10 = flag:  0.000e+00
# span 0 = 146.316212, 146.316661       
# span 1 =      0.475,      3.399       
# span 2 =    16.5071,    16.5440       
# span 3 =  35.777949,  35.796495       
# span 4 =    27.4899,    27.5128       
# span 5 =      0.471,      3.368       
# span 6 =  252.77747,  252.94038       
# span 7 =  253.11522,  253.27646       
# span 8 =    -0.3156,     9.8634       
# span 9 =     4.5884,     6.1735       
# span 10 = 0.0000e+00, 0.0000e+00      
# interval = seconds: 0.25
# start_time = May 25 2024 07:33:58 [Instrument's time stamp, header]
# bad_flag = -9.990e-29
*END*
[from data line 132]
 146.316594      3.357    16.5172  35.783446    27.5084      3.327  252.89379  253.23032     0.8517     5.7085 -9.990e-29
 146.316597      3.372    16.5174  35.786044    27.5105      3.342  252.88906  253.22559     0.7739     5.7287 -9.990e-29
 146.316600      3.381    16.5174  35.784715    27.5093      3.351  252.89102  253.22755     0.8206     5.7166 -9.990e-29
 146.316603      3.375    16.5175  35.782963    27.5078      3.345  252.89328  253.22983     0.8206     5.6883 -9.990e-29
 146.316606      3.359    16.5178  35.782540    27.5072      3.329  252.89266  253.22922     1.5521     5.8419 -9.990e-29
 146.316609      3.339    16.5178  35.783446    27.5080      3.309  252.89162  253.22818     1.5366     5.8500 -9.990e-29
 146.316612      3.323    16.5179  35.785379    27.5096      3.293  252.88816  253.22472     1.4432     5.8339 -9.990e-29
 146.316615      3.303    16.5179  35.784050    27.5084      3.273  252.89010  253.22666     1.5210     5.8500 -9.990e-29
 146.316617      3.288    16.5176  35.782358    27.5072      3.259  252.89381  253.23036     1.4899     5.7853 -9.990e-29
 146.316620      3.281    16.5173  35.781210    27.5064      3.251  252.89641  253.23296     1.9568     5.5508 -9.990e-29
 146.316623      3.282    16.5173  35.784956    27.5097      3.253  252.89122  253.22775     1.7545     5.5912 -9.990e-29
 146.316626      3.284    16.5172  35.782539    27.5077      3.255  252.89508  253.23162     1.8945     5.5427 -9.990e-29
 146.316629      3.292    16.5168  35.786890    27.5116      3.262  252.89024  253.22673     1.8634     5.6034 -9.990e-29
 146.316632      3.299    16.5160  35.782358    27.5083      3.269  252.89997  253.23645     1.7700     5.9107 -9.990e-29
 146.316635      3.306    16.5153  35.781875    27.5084      3.276  252.90315  253.23960     1.7545     5.9026 -9.990e-29
 146.316638      3.308    16.5150  35.781392    27.5082      3.278  252.90509  253.24153     1.8634     5.8783 -9.990e-29
 146.316641      3.319    16.5146  35.780606    27.5078      3.289  252.90779  253.24422     1.9568     5.9026 -9.990e-29
 146.316644      3.335    16.5142  35.780788    27.5082      3.305  252.90908  253.24548     0.8517     6.1735 -9.990e-29
 146.316646      3.348    16.5139  35.784050    27.5112      3.318  252.90522  253.24159     0.7895     6.1695 -9.990e-29
 146.316649      3.352    16.5139  35.785621    27.5126      3.322  252.90322  253.23958     0.7895     6.1654 -9.990e-29
 146.316652      3.364    16.5137  35.783628    27.5110      3.334  252.90677  253.24313     0.8517     6.1452 -9.990e-29
 146.316655      3.381    16.5136  35.785622    27.5127      3.350  252.90416  253.24051     0.4938     5.2597 -9.990e-29
 146.316658      3.395    16.5135  35.785622    27.5128      3.365  252.90448  253.24082     0.4626     5.2394 -9.990e-29
 146.316661      3.399    16.5134  35.781030    27.5090      3.368  252.91183  253.24820     0.5249     5.2273 -9.990e-29
