seaocn-cb/data/ctd_cnv/SBE19plus_01907321_2024_05_27_Cast84.cnv
* Sea-Bird SBE19plus  Data File:
* FileName = E:\Prandtl_Daten\2024\27052024\raw\SBE19plus_01907321_2024_05_27_Cast84.hex
* Software version 2.6.1.12
* Temperature SN = 7321
* Conductivity SN = 7321
* System UpLoad Time = May 27 2024 12:05:24
* <ApplicationData>
* <Seaterm232>
** 20240527
** Sea Practical 2024
** MCat 27.05 CTD_SP5
** NMEA Latitude = 54 7.781N
** NMEA Longitude = 008 25.579E
** waterdepth = 10.5m
** Merle
# nquan = 11
# nvalues = 371                         
# units = specified
# name 0 = timeJ: Julian Days
# name 1 = prdM: Pressure, Strain Gauge [db]
# name 2 = tv290C: Temperature [ITS-90, deg C]
# name 3 = c0mS/cm: Conductivity [mS/cm]
# name 4 = sal00: Salinity, Practical [PSU]
# name 5 = depSM: Depth [salt water, m], lat = 54.00
# name 6 = oxsatMm/Kg: Oxygen Saturation, Weiss [umol/kg]
# name 7 = oxsolMm/Kg: Oxygen Saturation, Garcia & Gordon [umol/kg]
# name 8 = turbWETntu0: Turbidity, WET Labs ECO [NTU]
# name 9 = flECO-AFL: Fluorescence, WET Labs ECO-AFL/FL [mg/m^3]
# name 10 = flag:  0.000e+00
# span 0 = 148.500865, 148.501936       
# span 1 =      0.472,      9.892       
# span 2 =    15.7931,    16.0188       
# span 3 =  37.133547,  37.319865       
# span 4 =    29.1762,    29.1945       
# span 5 =      0.468,      9.804       
# span 6 =  252.50048,  253.62424       
# span 7 =  252.80335,  253.91644       
# span 8 =    -3.5062,    33.2097       
# span 9 =     1.6487,     7.0288       
# span 10 = 0.0000e+00, 0.0000e+00      
# interval = seconds: 0.25
# start_time = May 27 2024 12:00:05 [Instrument's time stamp, header]
# bad_flag = -9.990e-29
*END*
 148.500865      0.472    15.9883  37.300818    29.1914      0.468  252.63448  252.93584    -2.9771     2.0045 -9.990e-29
 148.500868      0.474    15.9930  37.307023    29.1934      0.470  252.60762  252.90919    -3.5062     1.6730 -9.990e-29
 148.500871      0.490    16.0079  37.318451    29.1856      0.486  252.54660  252.84893    -3.4751     1.6891 -9.990e-29
 148.500874      0.532    16.0094  37.310647    29.1827      0.527  252.54401  252.84642    -3.4440     1.7235 0.0000e+00
 148.500877      0.578    16.0091  37.306591    29.1798      0.573  252.54660  252.84893    -3.4129     1.7174 0.0000e+00
 148.500880      0.629    16.0091  37.303827    29.1787      0.623  252.55242  252.85485    -2.9771     1.7174 0.0000e+00
 148.500883      0.678    16.0056  37.298482    29.1787      0.672  252.57325  252.87554    -2.9615     1.7093 0.0000e+00
 148.500885      0.722    16.0042  37.303336    29.1797      0.715  252.57468  252.87689    -2.9148     1.6831 0.0000e+00
 148.500888      0.753    16.0029  37.303951    29.1828      0.746  252.57611  252.87823    -2.8681     1.7093 -9.990e-29
 148.500891      0.771    16.0012  37.304013    29.1846      0.764  252.58167  252.88369    -3.1171     1.6487 -9.990e-29
 148.500894      0.778    16.0014  37.302661    29.1833      0.771  252.58281  252.88485    -3.1638     1.8832 -9.990e-29
 148.500897      0.773    16.0021  37.301985    29.1822      0.766  252.58114  252.88322    -3.0860     1.8832 -9.990e-29
 148.500900      0.775    16.0032  37.306347    29.1818      0.768  252.57665  252.87878    -3.1327     1.9156 -9.990e-29
 148.500903      0.800    16.0029  37.302415    29.1814      0.793  252.57872  252.88084    -2.6735     1.9358 0.0000e+00
 148.500906      0.853    16.0026  37.301064    29.1817      0.846  252.58079  252.88290    -2.2144     1.9317 0.0000e+00
 148.500909      0.913    16.0009  37.300450    29.1817      0.905  252.58829  252.89031    -2.1055     1.9317 0.0000e+00
 148.500911      0.966    16.0004  37.302662    29.1831      0.958  252.58873  252.89072    -2.0743     1.9156 0.0000e+00
 148.500914      0.999    15.9998  37.305058    29.1844      0.990  252.58916  252.89112    -2.0432     1.8994 -9.990e-29
 148.500917      1.019    16.0012  37.310465    29.1902      1.010  252.57214  252.87412    -3.2416     1.8104 -9.990e-29
 148.500920      1.030    16.0045  37.312677    29.1897      1.021  252.55664  252.85877    -3.3506     1.8023 -9.990e-29
 148.500923      1.032    16.0089  37.311570    29.1854      1.023  252.54164  252.84401    -3.1483     1.8387 -9.990e-29
 148.500926      1.048    16.0127  37.315932    29.1864      1.039  252.52083  252.82338    -3.2105     1.8185 -9.990e-29
 148.500929      1.078    16.0158  37.319865    29.1876      1.068  252.50366  252.80633    -2.7747     2.0814 -9.990e-29
 148.500932      1.096    16.0188  37.316178    29.1807      1.086  252.50048  252.80335    -2.8059     2.0611 -9.990e-29
 148.500935      1.127    16.0177  37.314457    29.1799      1.117  252.50751  252.81034    -2.7825     2.0510 0.0000e+00
 148.500937      1.165    16.0166  37.310648    29.1790      1.155  252.51454  252.81732    -2.8059     2.0531 0.0000e+00
 148.500940      1.224    16.0129  37.303951    29.1762      1.213  252.53830  252.84092    -3.1483     2.0409 0.0000e+00
 148.500943      1.284    16.0081  37.300389    29.1762      1.272  252.56152  252.86392    -3.1794     1.9075 0.0000e+00
 148.500946      1.344    16.0061  37.302232    29.1785      1.332  252.56774  252.87003    -3.1950     1.8832 0.0000e+00
 148.500949      1.395    16.0041  37.300636    29.1808      1.383  252.57396  252.87614    -3.2416     1.8590 -9.990e-29
 148.500952      1.417    15.9993  37.295352    29.1783      1.404  252.60217  252.90414    -3.1794     1.9156 -9.990e-29
 148.500955      1.422    15.9975  37.295414    29.1796      1.410  252.60862  252.91051    -2.8059     2.1178 -9.990e-29
 148.500958      1.406    15.9950  37.292404    29.1789      1.393  252.62265  252.92442    -2.9459     2.1016 -9.990e-29
 148.500961      1.382    15.9920  37.289763    29.1788      1.370  252.63790  252.93953    -2.9304     2.1137 -9.990e-29
 148.500964      1.355    15.9888  37.286692    29.1784      1.343  252.65410  252.95558    -3.0082     2.1137 -9.990e-29
 148.500966      1.336    15.9865  37.286508    29.1800      1.325  252.66329  252.96465    -3.0393     1.9237 -9.990e-29
 148.500969      1.327    15.9853  37.287368    29.1817      1.315  252.66645  252.96775    -2.7592     1.9803 -9.990e-29
 148.500972      1.346    15.9827  37.286016    29.1818      1.334  252.67897  252.98014    -2.9304     1.9560 -9.990e-29
 148.500975      1.404    15.9819  37.285403    29.1834      1.391  252.68061  252.98172    -2.9226     1.9661 0.0000e+00
 148.500978      1.488    15.9810  37.287614    29.1823      1.475  252.68224  252.98331    -2.9304     1.9560 0.0000e+00
 148.500981      1.588    15.9802  37.283868    29.1823      1.574  252.69089  252.99195    -3.0393     1.9520 0.0000e+00
 148.500984      1.681    15.9790  37.278463    29.1784      1.666  252.70352  253.00455    -3.1327     1.9520 0.0000e+00
 148.500987      1.752    15.9770  37.274962    29.1784      1.737  252.71626  253.01720    -3.1327     1.9520 0.0000e+00
 148.500990      1.800    15.9756  37.277788    29.1791      1.784  252.71936  253.02022    -2.9304     1.9560 0.0000e+00
 148.500992      1.833    15.9742  37.275393    29.1813      1.816  252.72245  253.02324    -2.7125     1.9479 -9.990e-29
 148.500995      1.847    15.9709  37.275946    29.1821      1.831  252.73745  253.03807    -3.1171     1.9843 -9.990e-29
 148.500998      1.847    15.9714  37.274103    29.1801      1.831  252.73843  253.03909    -3.0549     1.9681 -9.990e-29
 148.501001      1.838    15.9720  37.279078    29.1840      1.822  252.72887  253.02953    -2.8992     1.9398 -9.990e-29
 148.501004      1.825    15.9721  37.276376    29.1816      1.809  252.73232  253.03301    -2.9148     2.2876 -9.990e-29
 148.501007      1.814    15.9709  37.272076    29.1787      1.798  252.74324  253.04388    -2.8370     2.2714 -9.990e-29
 148.501010      1.811    15.9686  37.272937    29.1812      1.794  252.75087  253.05139    -2.7436     2.2876 -9.990e-29
 148.501013      1.822    15.9647  37.271033    29.1791      1.805  252.77366  253.07401    -3.0082     2.1946 -9.990e-29
 148.501016      1.849    15.9632  37.267287    29.1805      1.832  252.77897  253.07923    -2.9927     2.2027 0.0000e+00
 148.501019      1.895    15.9616  37.267963    29.1820      1.878  252.78427  253.08446    -2.9771     2.2108 0.0000e+00
 148.501021      1.942    15.9588  37.266674    29.1820      1.925  252.79694  253.09699    -2.9771     2.2108 0.0000e+00
 148.501024      1.991    15.9567  37.262682    29.1809      1.973  252.81070  253.11067    -2.9459     2.2512 0.0000e+00
 148.501027      2.037    15.9543  37.260533    29.1808      2.019  252.82289  253.12274    -2.6191     2.4049 0.0000e+00
 148.501030      2.073    15.9518  37.252673    29.1781      2.055  252.84424  253.14401    -2.5724     2.4049 0.0000e+00
 148.501033      2.106    15.9505  37.253165    29.1769      2.087  252.84864  253.14835    -2.5724     2.3866 0.0000e+00
 148.501036      2.135    15.9492  37.255130    29.1781      2.116  252.85304  253.15268    -2.5724     2.3644 -9.990e-29
 148.501039      2.152    15.9457  37.254701    29.1820      2.133  252.86385  253.16329    -2.7747     2.3685 -9.990e-29
 148.501042      2.168    15.9450  37.253596    29.1816      2.149  252.86820  253.16761    -2.6502     2.4089 -9.990e-29
 148.501045      2.187    15.9438  37.252429    29.1815      2.167  252.87472  253.17408    -2.5257     2.4089 -9.990e-29
 148.501047      2.210    15.9395  37.246166    29.1819      2.191  252.89505  253.19420    -2.5724     2.4089 -9.990e-29
 148.501050      2.240    15.9388  37.249421    29.1833      2.220  252.89655  253.19565    -2.6736     2.4129 0.0000e+00
 148.501053      2.272    15.9380  37.251202    29.1835      2.252  252.89804  253.19710    -2.7125     2.4089 0.0000e+00
 148.501056      2.320    15.9372  37.249237    29.1846      2.299  252.89804  253.19710    -2.7747     2.4170 0.0000e+00
 148.501059      2.367    15.9372  37.254703    29.1877      2.346  252.89699  253.19597    -2.7125     2.4210 0.0000e+00
 148.501062      2.409    15.9384  37.255132    29.1877      2.388  252.89648  253.19568    -2.7747     2.4372 0.0000e+00
 148.501065      2.451    15.9393  37.246965    29.1835      2.429  252.89375  253.19288    -2.8525     2.4493 0.0000e+00
 148.501068      2.479    15.9402  37.242913    29.1793      2.457  252.89648  253.19568    -3.0549     2.4776 -9.990e-29
 148.501071      2.497    15.9369  37.243773    29.1789      2.474  252.91351  253.21256    -2.9771     2.4938 -9.990e-29
 148.501073      2.502    15.9353  37.244633    29.1808      2.480  252.91846  253.21742    -2.9459     2.5100 -9.990e-29
 148.501076      2.506    15.9345  37.249238    29.1854      2.484  252.91422  253.21311    -2.4634     2.8416 -9.990e-29
 148.501079      2.506    15.9346  37.244879    29.1815      2.484  252.92048  253.21940    -2.5413     2.8497 -9.990e-29
 148.501082      2.517    15.9349  37.250773    29.1864      2.494  252.91043  253.20933    -2.5724     2.8375 -9.990e-29
 148.501085      2.537    15.9365  37.247151    29.1827      2.514  252.90885  253.20785    -3.0393     2.6151 -9.990e-29
 148.501088      2.566    15.9364  37.247887    29.1813      2.543  252.91204  253.21105    -2.9848     2.6292 0.0000e+00
 148.501091      2.606    15.9362  37.244449    29.1827      2.583  252.91336  253.21230    -2.9304     2.6192 0.0000e+00
 148.501094      2.657    15.9353  37.247888    29.1817      2.633  252.91523  253.21424    -2.8214     2.6273 0.0000e+00
 148.501097      2.705    15.9346  37.245125    29.1822      2.680  252.92022  253.21914    -2.8214     2.6273 0.0000e+00
 148.501100      2.741    15.9342  37.245125    29.1820      2.717  252.92157  253.22048    -2.8837     2.6273 0.0000e+00
 148.501102      2.772    15.9339  37.247029    29.1822      2.747  252.92292  253.22181    -2.9459     2.6273 -9.990e-29
 148.501105      2.790    15.9348  37.249915    29.1857      2.765  252.91247  253.21137    -2.5413     2.5545 -9.990e-29
 148.501108      2.810    15.9361  37.252739    29.1871      2.785  252.90318  253.20213    -2.4790     2.5140 -9.990e-29
 148.501111      2.827    15.9376  37.250344    29.1840      2.802  252.90143  253.20048    -2.7125     2.5626 -9.990e-29
 148.501114      2.845    15.9395  37.250344    29.1870      2.820  252.88674  253.18586    -3.0549     3.5128 -9.990e-29
 148.501117      2.871    15.9398  37.255380    29.1870      2.845  252.88506  253.18419    -2.9537     3.4825 0.0000e+00
 148.501120      2.902    15.9401  37.256055    29.1870      2.876  252.88537  253.18456    -2.8525     3.5128 0.0000e+00
 148.501123      2.940    15.9403  37.253353    29.1843      2.914  252.88537  253.18456    -2.7280     3.4522 0.0000e+00
 148.501126      2.991    15.9403  37.249239    29.1809      2.965  252.89278  253.19197    -2.5568     3.0801 0.0000e+00
 148.501128      3.046    15.9384  37.242240    29.1781      3.019  252.91048  253.20962    -2.5101     3.0437 0.0000e+00
 148.501131      3.095    15.9349  37.241442    29.1781      3.067  252.92480  253.22376    -2.4167     3.0437 0.0000e+00
 148.501134      3.141    15.9334  37.242057    29.1795      3.113  252.93030  253.22918    -2.3623     3.0478 0.0000e+00
 148.501137      3.174    15.9318  37.237575    29.1810      3.145  252.93580  253.23459    -2.3078     3.0640 -9.990e-29
 148.501140      3.197    15.9263  37.233033    29.1771      3.169  252.96994  253.26850    -2.7747     3.1570 -9.990e-29
 148.501143      3.207    15.9237  37.230946    29.1772      3.178  252.98291  253.28135    -2.7125     3.1934 -9.990e-29
 148.501146      3.208    15.9214  37.230946    29.1789      3.180  252.99154  253.28986    -2.6813     3.1691 -9.990e-29
 148.501149      3.207    15.9201  37.234445    29.1829      3.178  252.99103  253.28926    -2.4323     3.1731 -9.990e-29
 148.501152      3.197    15.9193  37.233279    29.1825      3.169  252.99575  253.29395    -2.5413     3.3915 -9.990e-29
 148.501155      3.190    15.9193  37.234200    29.1833      3.161  252.99436  253.29255    -2.5880     3.3308 -9.990e-29
 148.501157      3.186    15.9201  37.236656    29.1848      3.158  252.98769  253.28591    -2.7125     3.3551 -9.990e-29
 148.501160      3.192    15.9206  37.234875    29.1829      3.163  252.98859  253.28684    -2.6658     3.3672 -9.990e-29
 148.501163      3.217    15.9197  37.233954    29.1839      3.189  252.99125  253.28945    -2.3389     3.9980 -9.990e-29
 148.501166      3.250    15.9194  37.235305    29.1844      3.221  252.99214  253.29032    -2.4245     3.9940 0.0000e+00
 148.501169      3.299    15.9190  37.235919    29.1839      3.270  252.99303  253.29119    -2.4790     3.9980 0.0000e+00
 148.501172      3.361    15.9189  37.232788    29.1826      3.331  252.99807  253.29625    -2.5101     3.9900 0.0000e+00
 148.501175      3.431    15.9187  37.233096    29.1826      3.400  252.99807  253.29625    -2.7436     3.2338 0.0000e+00
 148.501178      3.500    15.9187  37.235981    29.1850      3.469  252.99424  253.29239    -2.7436     3.2176 0.0000e+00
 148.501181      3.564    15.9192  37.236227    29.1852      3.532  252.99182  253.29000    -2.6969     3.2338 0.0000e+00
 148.501183      3.611    15.9197  37.240095    29.1863      3.579  252.98729  253.28547    -2.6191     3.2540 0.0000e+00
 148.501186      3.648    15.9201  37.236473    29.1877      3.615  252.98276  253.28095    -2.6969     3.2904 -9.990e-29
 148.501189      3.664    15.9229  37.238130    29.1839      3.631  252.97533  253.27369    -2.7125     3.8242 -9.990e-29
 148.501192      3.668    15.9230  37.234140    29.1803      3.635  252.98075  253.27913    -2.7747     3.8080 -9.990e-29
 148.501195      3.664    15.9229  37.237271    29.1831      3.631  252.97633  253.27469    -2.6502     3.8727 -9.990e-29
 148.501198      3.662    15.9223  37.233956    29.1807      3.630  252.98370  253.28205    -2.7436     3.8403 -9.990e-29
 148.501201      3.668    15.9194  37.229843    29.1792      3.635  253.00090  253.29912    -2.0743     4.0466 -9.990e-29
 148.501204      3.675    15.9135  37.228554    29.1808      3.642  253.02774  253.32568    -2.1210     4.0910 -9.990e-29
 148.501207      3.703    15.9126  37.226651    29.1818      3.669  253.03042  253.32832    -2.1989     4.0971 0.0000e+00
 148.501209      3.734    15.9118  37.227450    29.1827      3.700  253.03310  253.33095    -2.2767     4.0910 0.0000e+00
 148.501212      3.779    15.9111  37.228493    29.1842      3.745  253.03369  253.33149    -2.6658     3.5088 0.0000e+00
 148.501215      3.830    15.9111  37.228678    29.1843      3.796  253.03369  253.33149    -2.6658     3.5007 0.0000e+00
 148.501218      3.880    15.9116  37.229415    29.1843      3.845  253.03149  253.32934    -2.6658     3.4764 0.0000e+00
 148.501221      3.925    15.9118  37.228003    29.1838      3.890  253.03116  253.32900    -2.7359     3.4886 0.0000e+00
 148.501224      3.966    15.9120  37.227880    29.1830      3.930  253.03149  253.32934    -2.8059     3.4764 -9.990e-29
 148.501227      3.991    15.9118  37.229354    29.1843      3.955  253.03009  253.32792    -2.5724     3.4319 -9.990e-29
 148.501230      4.009    15.9115  37.229170    29.1843      3.973  253.03157  253.32938    -2.4167     3.4360 -9.990e-29
 148.501233      4.011    15.9111  37.227758    29.1834      3.975  253.03518  253.33299    -2.7747     3.4158 -9.990e-29
 148.501236      4.011    15.9109  37.228003    29.1838      3.975  253.03570  253.33350    -2.7280     3.4077 -9.990e-29
 148.501238      4.019    15.9108  37.227205    29.1831      3.983  253.03721  253.33500    -2.5880     3.6948 -9.990e-29
 148.501241      4.028    15.9107  37.227328    29.1833      3.992  253.03733  253.33511    -2.8059     3.6746 -9.990e-29
