seaocn-cb/data/ctd_cnv/SBE19plus_01907321_2024_05_28_Cast87.cnv
* Sea-Bird SBE19plus  Data File:
* FileName = E:\Prandtl_Daten\2024\28052024\raw\SBE19plus_01907321_2024_05_28_Cast87.hex
* Software version 2.6.1.12
* Temperature SN = 7321
* Conductivity SN = 7321
* System UpLoad Time = May 28 2024 09:02:03
* <ApplicationData>
* <Seaterm232>
** 20240527
** Sea Practical 2024
** MCat 27.05 CTD_SP1
** NMEA Latitude = 54 7.81N
** NMEA Longitude = 008 46.48E
** waterdepth = 13.0m
** Isabelle
# nquan = 11
# nvalues = 463                         
# units = specified
# name 0 = timeJ: Julian Days
# name 1 = prdM: Pressure, Strain Gauge [db]
# name 2 = tv290C: Temperature [ITS-90, deg C]
# name 3 = c0mS/cm: Conductivity [mS/cm]
# name 4 = sal00: Salinity, Practical [PSU]
# name 5 = depSM: Depth [salt water, m], lat = 54.00
# name 6 = oxsatMm/Kg: Oxygen Saturation, Weiss [umol/kg]
# name 7 = oxsolMm/Kg: Oxygen Saturation, Garcia & Gordon [umol/kg]
# name 8 = turbWETntu0: Turbidity, WET Labs ECO [NTU]
# name 9 = flECO-AFL: Fluorescence, WET Labs ECO-AFL/FL [mg/m^3]
# name 10 = flag:  0.000e+00
# span 0 = 149.372694, 149.374031       
# span 1 =      0.594,     11.957       
# span 2 =    17.9368,    18.5922       
# span 3 =  35.891648,  36.220937       
# span 4 =    26.4092,    26.6500       
# span 5 =      0.588,     11.850       
# span 6 =  244.62253,  247.43055       
# span 7 =  245.04605,  247.82948       
# span 8 =     1.1941,    21.2253       
# span 9 =     2.9346,     7.2208       
# span 10 = 0.0000e+00, 0.0000e+00      
# interval = seconds: 0.25
# start_time = May 28 2024 08:55:22 [Instrument's time stamp, header]
# bad_flag = -9.990e-29
*END*
 149.372694      0.594    18.5767  36.107210    26.4149      0.588  244.80115  245.22449     1.8634     3.1287 -9.990e-29
 149.372697      0.597    18.5748  36.110061    26.4185      0.592  244.80427  245.22752     1.7700     3.0963 -9.990e-29
 149.372700      0.608    18.5744  36.108969    26.4178      0.603  244.80699  245.23023     1.8167     3.1165 -9.990e-29
 149.372703      0.625    18.5751  36.108059    26.4166      0.619  244.80569  245.22897     1.3965     3.1367 -9.990e-29
 149.372705      0.636    18.5747  36.107878    26.4146      0.630  244.81109  245.23435     1.2253     3.1893 -9.990e-29
 149.372708      0.667    18.5747  36.105210    26.4146      0.661  244.81109  245.23435     1.2253     3.1893 0.0000e+00
 149.372711      0.711    18.5747  36.106301    26.4146      0.704  244.81109  245.23435     1.2253     3.1893 -9.990e-29
 149.372714      0.725    18.5736  36.104543    26.4147      0.719  244.81577  245.23900     1.4276     3.1448 -9.990e-29
 149.372717      0.731    18.5744  36.108302    26.4172      0.724  244.80794  245.23118     2.4237     3.3187 -9.990e-29
 149.372720      0.733    18.5753  36.108302    26.4167      0.726  244.80479  245.22807     2.1903     3.2904 -9.990e-29
 149.372723      0.744    18.5760  36.110061    26.4177      0.737  244.79994  245.22323     2.3459     3.2945 -9.990e-29
 149.372726      0.756    18.5762  36.106786    26.4149      0.750  244.80368  245.22700     2.2369     3.2823 -9.990e-29
 149.372729      0.771    18.5759  36.108545    26.4177      0.764  244.80028  245.22358     2.0657     3.0235 -9.990e-29
 149.372731      0.811    18.5766  36.110061    26.4166      0.804  244.79895  245.22228     2.0657     3.0316 0.0000e+00
 149.372734      0.844    18.5773  36.108303    26.4154      0.836  244.79761  245.22097     2.0657     3.0235 0.0000e+00
 149.372737      0.875    18.5778  36.109151    26.4154      0.867  244.79532  245.21870     2.0968     3.0275 0.0000e+00
 149.372740      0.902    18.5783  36.108545    26.4154      0.894  244.79304  245.21642     2.1280     3.0154 -9.990e-29
 149.372743      0.921    18.5774  36.107878    26.4149      0.912  244.79790  245.22126     1.4276     2.9750 -9.990e-29
 149.372746      0.939    18.5769  36.106969    26.4136      0.931  244.80216  245.22551     1.6299     2.9629 -9.990e-29
 149.372749      0.966    18.5765  36.105877    26.4139      0.958  244.80374  245.22708     1.6066     3.1731 0.0000e+00
 149.372752      1.004    18.5761  36.105878    26.4136      0.995  244.80532  245.22864     1.5833     3.3713 0.0000e+00
 149.372755      1.055    18.5747  36.099936    26.4118      1.046  244.81830  245.24159     1.5833     3.3713 0.0000e+00
 149.372758      1.112    18.5735  36.099936    26.4110      1.102  244.82287  245.24611     1.5911     3.3693 0.0000e+00
 149.372760      1.145    18.5722  36.098845    26.4118      1.135  244.82744  245.25063     1.6611     3.3672 -9.990e-29
 149.372763      1.148    18.5696  36.104545    26.4172      1.138  244.83075  245.25382     1.5054     3.3591 -9.990e-29
 149.372766      1.139    18.5700  36.102119    26.4149      1.129  244.83240  245.25551     1.5210     3.1206 -9.990e-29
 149.372769      1.139    18.5702  36.101513    26.4143      1.129  244.83258  245.25569     1.7078     3.1044 -9.990e-29
 149.372772      1.156    18.5715  36.103332    26.4179      1.145  244.82062  245.24376     1.6922     3.0842 -9.990e-29
 149.372775      1.200    18.5725  36.106970    26.4167      1.189  244.81791  245.24109     1.6844     3.0316 0.0000e+00
 149.372778      1.267    18.5735  36.105636    26.4155      1.256  244.81943  245.24270     1.6766     2.9871 0.0000e+00
 149.372781      1.324    18.5739  36.100361    26.4131      1.312  244.81732  245.24056     1.6688     2.9831 0.0000e+00
 149.372784      1.353    18.5743  36.102362    26.4107      1.341  244.81943  245.24270     1.6611     2.9871 -9.990e-29
 149.372786      1.364    18.5721  36.106122    26.4168      1.352  244.81963  245.24279     1.6299     2.9346 -9.990e-29
 149.372789      1.362    18.5724  36.098179    26.4101      1.350  244.82896  245.25217     1.9568     3.2864 -9.990e-29
 149.372792      1.358    18.5722  36.104606    26.4155      1.346  244.82133  245.24450     1.8323     3.3187 -9.990e-29
 149.372795      1.356    18.5721  36.104363    26.4154      1.344  244.82197  245.24514     1.8167     3.2945 -9.990e-29
 149.372798      1.364    18.5724  36.099513    26.4112      1.351  244.82718  245.25039     1.8945     3.3147 -9.990e-29
 149.372801      1.387    18.5710  36.099937    26.4142      1.375  244.82877  245.25191     1.6299     3.2298 -9.990e-29
 149.372804      1.429    18.5709  36.102120    26.4145      1.416  244.82893  245.25206     1.6455     3.2237 0.0000e+00
 149.372807      1.477    18.5708  36.102606    26.4142      1.464  244.82908  245.25221     1.6611     3.2298 0.0000e+00
 149.372810      1.521    18.5706  36.097755    26.4116      1.507  244.83620  245.25934     1.6611     3.2176 0.0000e+00
 149.372813      1.574    18.5701  36.098301    26.4109      1.560  244.83738  245.26050     1.5521     3.2014 0.0000e+00
 149.372815      1.616    18.5692  36.093815    26.4097      1.601  244.84653  245.26964     1.3654     3.0478 0.0000e+00
 149.372818      1.656    18.5683  36.093815    26.4092      1.641  244.84968  245.27276     1.2797     3.0397 0.0000e+00
 149.372821      1.681    18.5675  36.092663    26.4097      1.666  244.85284  245.27588     1.1941     3.0478 -9.990e-29
 149.372824      1.701    18.5649  36.092481    26.4102      1.686  244.86407  245.28702     1.3342     3.0518 -9.990e-29
 149.372827      1.718    18.5647  36.093148    26.4109      1.703  244.86382  245.28675     1.7856     3.0518 -9.990e-29
 149.372830      1.725    18.5643  36.095331    26.4129      1.710  244.86248  245.28539     1.7233     3.0599 -9.990e-29
 149.372833      1.734    18.5645  36.097271    26.4143      1.719  244.85896  245.28187     1.8323     3.0195 -9.990e-29
 149.372836      1.738    18.5658  36.097514    26.4137      1.722  244.85392  245.27688     1.8945     3.0316 -9.990e-29
 149.372839      1.754    18.5671  36.100606    26.4154      1.739  244.84509  245.26808     2.4548     3.1651 -9.990e-29
 149.372841      1.773    18.5683  36.098848    26.4108      1.757  244.84685  245.26992     2.5015     3.1610 -9.990e-29
 149.372844      1.806    18.5678  36.095998    26.4105      1.790  244.84980  245.27285     2.5560     3.1631 0.0000e+00
 149.372847      1.844    18.5673  36.094422    26.4102      1.828  244.85275  245.27578     2.5015     3.1610 0.0000e+00
 149.372850      1.888    18.5656  36.092906    26.4101      1.871  244.86108  245.28405     1.4899     3.1044 0.0000e+00
 149.372853      1.935    18.5638  36.091149    26.4101      1.918  244.86973  245.29264     1.4899     3.0923 0.0000e+00
 149.372856      1.976    18.5631  36.093574    26.4111      1.958  244.87064  245.29352     1.4899     3.0903 0.0000e+00
 149.372859      2.014    18.5624  36.094908    26.4126      1.996  244.87155  245.29440     1.4899     3.0923 -9.990e-29
 149.372862      2.036    18.5620  36.097333    26.4159      2.017  244.86813  245.29095     1.6611     3.0963 -9.990e-29
 149.372865      2.059    18.5628  36.096666    26.4148      2.041  244.86620  245.28905     1.5677     3.0963 -9.990e-29
 149.372867      2.076    18.5635  36.093150    26.4115      2.057  244.86839  245.29128     1.4899     3.0842 -9.990e-29
 149.372870      2.096    18.5636  36.094241    26.4124      2.077  244.86663  245.28951     1.5054     3.0721 -9.990e-29
 149.372873      2.099    18.5635  36.091816    26.4105      2.081  244.87018  245.29307     1.4587     3.0963 -9.990e-29
 149.372876      2.118    18.5642  36.097091    26.4143      2.099  244.86063  245.28353     1.7700     3.1731 -9.990e-29
 149.372879      2.134    18.5646  36.093150    26.4108      2.115  244.86433  245.28726     1.9568     3.1529 -9.990e-29
 149.372882      2.156    18.5648  36.092665    26.4103      2.137  244.86435  245.28729     1.8012     3.1812 -9.990e-29
 149.372885      2.178    18.5633  36.093999    26.4162      2.158  244.86148  245.28434     3.0619     3.1084 -9.990e-29
 149.372888      2.214    18.5633  36.098850    26.4186      2.194  244.85785  245.28069     3.0852     3.0983 0.0000e+00
 149.372891      2.253    18.5633  36.104549    26.4209      2.232  244.85421  245.27704     3.0619     3.0963 0.0000e+00
 149.372894      2.287    18.5637  36.117405    26.4310      2.267  244.83519  245.25799     3.1085     3.0882 0.0000e+00
 149.372896      2.324    18.5659  36.123470    26.4345      2.303  244.81926  245.24212     3.0930     3.0963 0.0000e+00
 149.372899      2.362    18.5670  36.133842    26.4422      2.341  244.80136  245.22422     3.0930     3.2095 0.0000e+00
 149.372902      2.393    18.5690  36.140878    26.4467      2.372  244.78508  245.20799     3.0930     3.2095 0.0000e+00
 149.372905      2.424    18.5701  36.153011    26.4508      2.402  244.77276  245.19569     3.0697     3.2035 0.0000e+00
 149.372908      2.450    18.5713  36.182744    26.4550      2.428  244.76044  245.18338     3.0930     3.1974 -9.990e-29
 149.372911      2.470    18.5794  36.185414    26.4761      2.448  244.68806  245.11118     3.2642     3.2419 -9.990e-29
 149.372914      2.488    18.5830  36.181772    26.4708      2.466  244.67973  245.10300     3.0152     3.4036 -9.990e-29
 149.372917      2.510    18.5849  36.184078    26.4714      2.488  244.66976  245.09310     3.1241     3.4279 -9.990e-29
 149.372920      2.532    18.5869  36.184745    26.4707      2.509  244.66165  245.08507     3.0930     3.4077 -9.990e-29
 149.372922      2.554    18.5890  36.186930    26.4711      2.531  244.65122  245.07470     3.0619     3.4158 -9.990e-29
 149.372925      2.578    18.5900  36.186930    26.4705      2.555  244.64777  245.07129     4.4938     3.5249 -9.990e-29
 149.372928      2.600    18.5901  36.187840    26.4712      2.576  244.64626  245.06978     4.4626     3.5492 -9.990e-29
 149.372931      2.618    18.5860  36.183046    26.4729      2.595  244.66258  245.08594     4.1825     3.5290 -9.990e-29
 149.372934      2.647    18.5854  36.186688    26.4751      2.623  244.66167  245.08500     3.8712     3.3672 0.0000e+00
 149.372937      2.680    18.5860  36.191362    26.4774      2.656  244.66076  245.08406     3.6377     3.2257 0.0000e+00
 149.372940      2.717    18.5861  36.194639    26.4792      2.692  244.65170  245.07504     3.6377     3.2257 0.0000e+00
 149.372943      2.755    18.5883  36.196885    26.4792      2.730  244.64088  245.06429     3.6377     3.2257 0.0000e+00
 149.372946      2.795    18.5896  36.194214    26.4778      2.770  244.63812  245.06158     3.6766     3.2358 0.0000e+00
 149.372948      2.821    18.5908  36.199434    26.4759      2.795  244.63535  245.05887     3.7155     3.2257 -9.990e-29
 149.372951      2.833    18.5922  36.199070    26.4789      2.808  244.62387  245.04743     4.0268     3.2985 -9.990e-29
 149.372954      2.839    18.5916  36.201498    26.4812      2.813  244.62253  245.04605     3.9646     3.2864 -9.990e-29
 149.372957      2.850    18.5909  36.202409    26.4824      2.824  244.62383  245.04732     4.1202     3.2783 -9.990e-29
 149.372960      2.857    18.5899  36.201255    26.4821      2.832  244.62914  245.05259     4.2603     3.2742 -9.990e-29
 149.372963      2.871    18.5868  36.204594    26.4866      2.846  244.63642  245.05974     3.8245     3.4077 -9.990e-29
 149.372966      2.897    18.5860  36.204291    26.4879      2.871  244.63788  245.06117     3.8245     3.4138 0.0000e+00
 149.372969      2.945    18.5852  36.206355    26.4892      2.918  244.63934  245.06260     3.8245     3.4077 0.0000e+00
 149.372972      2.994    18.5836  36.208784    26.4922      2.967  244.64209  245.06528     3.8245     3.4198 0.0000e+00
 149.372975      3.047    18.5823  36.208542    26.4925      3.019  244.64683  245.06997     4.0735     3.4845 0.0000e+00
 149.372977      3.101    18.5811  36.207206    26.4928      3.073  244.65303  245.07613     4.0891     3.4845 0.0000e+00
 149.372980      3.139    18.5801  36.206357    26.4928      3.111  244.65722  245.08028     4.1202     3.4724 0.0000e+00
 149.372983      3.170    18.5791  36.209757    26.4931      3.142  244.66140  245.08443     4.0891     3.4522 -9.990e-29
 149.372986      3.183    18.5754  36.210121    26.4985      3.155  244.66991  245.09277     4.4159     3.4643 -9.990e-29
 149.372989      3.192    18.5752  36.212307    26.5004      3.164  244.66762  245.09048     4.3226     3.4441 -9.990e-29
 149.372992      3.194    18.5753  36.214735    26.5023      3.165  244.66407  245.08692     4.3381     3.4602 -9.990e-29
 149.372995      3.199    18.5757  36.214978    26.5022      3.171  244.66218  245.08504     4.2759     3.4885 -9.990e-29
 149.372998      3.209    18.5758  36.212975    26.5005      3.180  244.66454  245.08742     3.7622     3.4198 -9.990e-29
 149.373001      3.222    18.5752  36.214614    26.5022      3.193  244.66456  245.08740     3.7155     3.4319 -9.990e-29
 149.373003      3.244    18.5733  36.212550    26.5010      3.215  244.67546  245.09824     3.8868     3.4077 -9.990e-29
 149.373006      3.271    18.5726  36.211639    26.5016      3.242  244.67753  245.10029     3.8556     3.3996 0.0000e+00
 149.373009      3.302    18.5720  36.212065    26.5022      3.273  244.67961  245.10234     3.8868     3.4077 0.0000e+00
 149.373012      3.346    18.5712  36.212976    26.5031      3.316  244.68124  245.10394     4.7895     3.4602 0.0000e+00
 149.373015      3.384    18.5709  36.212308    26.5034      3.354  244.68341  245.10609     4.8517     3.4643 0.0000e+00
 149.373018      3.435    18.5707  36.212915    26.5039      3.405  244.68341  245.10609     4.8517     3.4764 0.0000e+00
 149.373021      3.481    18.5707  36.213887    26.5039      3.450  244.68197  245.10465     4.8517     3.4643 0.0000e+00
 149.373024      3.523    18.5709  36.213401    26.5041      3.492  244.68152  245.10420     4.8050     3.4542 0.0000e+00
 149.373027      3.553    18.5711  36.216315    26.5038      3.521  244.68107  245.10376     4.7584     3.4238 -9.990e-29
 149.373030      3.569    18.5716  36.213887    26.5039      3.537  244.67888  245.10158     4.7895     3.4319 -9.990e-29
 149.373032      3.580    18.5704  36.214798    26.5054      3.548  244.68175  245.10441     4.7895     3.3915 -9.990e-29
 149.373035      3.585    18.5702  36.214980    26.5057      3.553  244.68245  245.10510     4.7895     3.4562 -9.990e-29
 149.373038      3.598    18.5703  36.216498    26.5068      3.566  244.68012  245.10276     4.8517     3.4481 -9.990e-29
 149.373041      3.609    18.5701  36.214980    26.5057      3.577  244.68277  245.10542     4.8362     3.4764 -9.990e-29
 149.373044      3.626    18.5696  36.215405    26.5064      3.593  244.68410  245.10672     4.8206     3.4764 -9.990e-29
 149.373047      3.648    18.5677  36.214980    26.5076      3.615  244.69063  245.11318     4.3070     3.4683 -9.990e-29
 149.373050      3.678    18.5678  36.215466    26.5075      3.646  244.69036  245.11292     4.2836     3.4683 0.0000e+00
 149.373053      3.711    18.5679  36.215406    26.5076      3.678  244.69010  245.11266     4.2603     3.4683 0.0000e+00
 149.373056      3.755    18.5679  36.217166    26.5076      3.721  244.68981  245.11237     4.2603     3.4683 0.0000e+00
 149.373058      3.790    18.5679  36.215649    26.5078      3.756  244.68981  245.11237     4.2914     3.4400 0.0000e+00
 149.373061      3.828    18.5667  36.214981    26.5076      3.794  244.69511  245.11763     5.2875     3.3632 0.0000e+00
 149.373064      3.859    18.5662  36.213646    26.5076      3.824  244.69773  245.12023     5.3031     3.3369 0.0000e+00
 149.373067      3.892    18.5657  36.216317    26.5073      3.857  244.70036  245.12284     5.2875     3.3632 -9.990e-29
 149.373070      3.915    18.5651  36.214496    26.5084      3.880  244.70145  245.12391     5.4587     3.3753 -9.990e-29
