seaocn-cb/data/ctd_cnv/SBE19plus_01907321_2024_05_29_Cast104.cnv
* Sea-Bird SBE19plus  Data File:
* FileName = E:\Prandtl_Daten\2024\29052024\raw\SBE19plus_01907321_2024_05_29_Cast104.hex
* Software version 2.6.1.12
* Temperature SN = 7321
* Conductivity SN = 7321
* System UpLoad Time = May 29 2024 09:30:12
* <ApplicationData>
* <Seaterm232>
** 20240527
** Sea Practical 2024
** MCat 27.05 CTD_SP1
** NMEA Latitude = 54 06.90N
** NMEA Longitude = 008 34.62E
** waterdepth = 13.4m
** Isabelle
# nquan = 11
# nvalues = 439                         
# units = specified
# name 0 = timeJ: Julian Days
# name 1 = prdM: Pressure, Strain Gauge [db]
# name 2 = tv290C: Temperature [ITS-90, deg C]
# name 3 = c0mS/cm: Conductivity [mS/cm]
# name 4 = sal00: Salinity, Practical [PSU]
# name 5 = depSM: Depth [salt water, m], lat = 54.00
# name 6 = oxsatMm/Kg: Oxygen Saturation, Weiss [umol/kg]
# name 7 = oxsolMm/Kg: Oxygen Saturation, Garcia & Gordon [umol/kg]
# name 8 = turbWETntu0: Turbidity, WET Labs ECO [NTU]
# name 9 = flECO-AFL: Fluorescence, WET Labs ECO-AFL/FL [mg/m^3]
# name 10 = flag:  0.000e+00
# span 0 = 150.391256, 150.392523       
# span 1 =      0.690,     12.455       
# span 2 =    17.0186,    17.2443       
# span 3 =  35.971522,  36.110041       
# span 4 =    27.1793,    27.4398       
# span 5 =      0.684,     12.343       
# span 6 =  249.86153,  250.53441       
# span 7 =  250.23045,  250.89262       
# span 8 =     0.8206,     7.0930       
# span 9 =     4.5520,     6.6345       
# span 10 = 0.0000e+00, 0.0000e+00      
# interval = seconds: 0.25
# start_time = May 29 2024 09:21:58 [Instrument's time stamp, header]
# bad_flag = -9.990e-29
*END*
 150.391256      0.697    17.2243  35.977635    27.1934      0.691  249.94849  250.31658     0.8206     4.8391 -9.990e-29
 150.391259      0.690    17.2242  35.976787    27.1928      0.684  249.95000  250.31809     0.8206     4.7582 -9.990e-29
 150.391262      0.699    17.2244  35.977393    27.1951      0.693  249.94536  250.31345     1.5988     4.8027 -9.990e-29
 150.391264      0.730    17.2242  35.979633    27.1953      0.724  249.94571  250.31379     1.5755     4.8007 0.0000e+00
 150.391267      0.776    17.2241  35.979815    27.1951      0.769  249.94605  250.31413     1.5988     4.7987 0.0000e+00
 150.391270      0.834    17.2236  35.976970    27.1933      0.827  249.95198  250.32005     1.5521     4.7987 0.0000e+00
 150.391273      0.893    17.2234  35.976304    27.1933      0.885  249.95198  250.32005     1.0852     5.0494 0.0000e+00
 150.391276      0.940    17.2233  35.980240    27.1946      0.932  249.95157  250.31962     1.0463     5.0494 0.0000e+00
 150.391279      0.976    17.2232  35.978423    27.1963      0.968  249.94925  250.31728     1.0074     5.0494 -9.990e-29
 150.391282      0.997    17.2234  35.976788    27.1933      0.988  249.95325  250.32131     1.0074     5.0453 -9.990e-29
 150.391285      1.013    17.2239  35.978968    27.1947      1.004  249.94831  250.31638     1.1163     5.0534 -9.990e-29
 150.391288      1.029    17.2241  35.975456    27.1916      1.020  249.95237  250.32047     1.2875     4.7785 -9.990e-29
 150.391291      1.044    17.2241  35.977636    27.1935      1.035  249.94959  250.31768     1.3187     4.8270 -9.990e-29
 150.391293      1.053    17.2240  35.977636    27.1936      1.044  249.94991  250.31799     1.3187     4.8027 -9.990e-29
 150.391296      1.060    17.2242  35.978060    27.1937      1.051  249.94838  250.31647     1.2875     4.7906 -9.990e-29
 150.391299      1.073    17.2245  35.978302    27.1938      1.063  249.94711  250.31521     1.0541     4.7704 -9.990e-29
 150.391302      1.097    17.2249  35.978726    27.1955      1.087  249.94216  250.31027     1.0541     4.7340 -9.990e-29
 150.391305      1.135    17.2251  35.980725    27.1930      1.125  249.94531  250.31344     1.0852     4.7319 0.0000e+00
 150.391308      1.182    17.2253  35.975215    27.1918      1.172  249.94563  250.31378     1.0541     4.7299 0.0000e+00
 150.391311      1.237    17.2253  35.976789    27.1918      1.226  249.94563  250.31378     1.0541     4.7299 0.0000e+00
 150.391314      1.288    17.2253  35.977395    27.1924      1.276  249.94541  250.31356     1.0541     4.7582 0.0000e+00
 150.391317      1.330    17.2252  35.978303    27.1929      1.318  249.94525  250.31338     1.0385     4.7622 0.0000e+00
 150.391319      1.357    17.2251  35.980241    27.1933      1.345  249.94508  250.31320     1.0541     4.7663 -9.990e-29
 150.391322      1.374    17.2258  35.978485    27.1929      1.361  249.94205  250.31021     1.0229     4.8634 -9.990e-29
 150.391325      1.379    17.2264  35.973944    27.1888      1.367  249.94633  250.31454     1.1630     4.8553 -9.990e-29
 150.391328      1.381    17.2270  35.974791    27.1891      1.369  249.94296  250.31119     1.0852     4.8796 -9.990e-29
 150.391331      1.383    17.2272  35.976123    27.1900      1.370  249.94014  250.30838     1.1319     4.8715 -9.990e-29
 150.391334      1.390    17.2273  35.976547    27.1903      1.378  249.93924  250.30747     1.0541     4.8472 -9.990e-29
 150.391337      1.405    17.2271  35.978061    27.1917      1.392  249.93802  250.30624     1.0852     5.0534 -9.990e-29
 150.391340      1.428    17.2269  35.974549    27.1867      1.416  249.94736  250.31559     1.0852     5.0656 -9.990e-29
 150.391343      1.470    17.2269  35.971946    27.1876      1.457  249.94583  250.31406     1.0619     5.0595 0.0000e+00
 150.391345      1.522    17.2269  35.974126    27.1881      1.508  249.94429  250.31252     1.0852     5.0534 0.0000e+00
 150.391348      1.574    17.2272  35.973944    27.1881      1.560  249.94333  250.31158     1.3498     5.0130 0.0000e+00
 150.391351      1.622    17.2275  35.973278    27.1876      1.607  249.94273  250.31099     1.3965     4.9948 0.0000e+00
 150.391354      1.657    17.2278  35.971522    27.1872      1.642  249.94213  250.31041     1.3498     5.0130 -9.990e-29
 150.391357      1.679    17.2278  35.974066    27.1878      1.664  249.94105  250.30932     1.3965     4.9685 -9.990e-29
 150.391360      1.701    17.2279  35.973278    27.1871      1.685  249.94186  250.31014     1.5054     4.9362 -9.990e-29
 150.391363      1.713    17.2285  35.974792    27.1879      1.698  249.93725  250.30554     1.5366     4.9119 -9.990e-29
 150.391366      1.722    17.2302  35.976124    27.1879      1.707  249.92916  250.29753     1.5210     4.9402 -9.990e-29
 150.391369      1.740    17.2326  35.973460    27.1841      1.725  249.92397  250.29246     1.6611     4.9240 -9.990e-29
 150.391372      1.755    17.2344  35.973036    27.1825      1.739  249.91807  250.28664     1.5366     4.8270 -9.990e-29
 150.391374      1.775    17.2353  35.975215    27.1832      1.759  249.91255  250.28114     1.6766     4.8472 -9.990e-29
 150.391377      1.806    17.2351  35.974550    27.1837      1.790  249.91269  250.28127     1.6532     4.8594 0.0000e+00
 150.391380      1.852    17.2349  35.975458    27.1832      1.835  249.91283  250.28141     1.6299     4.8715 0.0000e+00
 150.391383      1.903    17.2344  35.973400    27.1837      1.886  249.91571  250.28428     1.5988     4.8715 0.0000e+00
 150.391386      1.947    17.2344  35.974550    27.1837      1.929  249.91571  250.28428     1.3809     4.7946 0.0000e+00
 150.391389      1.991    17.2345  35.975458    27.1840      1.973  249.91492  250.28349     1.3498     4.7885 0.0000e+00
 150.391392      2.018    17.2345  35.975459    27.1844      2.000  249.91414  250.28270     1.3187     4.7825 -9.990e-29
 150.391395      2.027    17.2352  35.973703    27.1824      2.009  249.91417  250.28277     1.3965     4.8027 -9.990e-29
 150.391398      2.027    17.2359  35.971947    27.1805      2.009  249.91418  250.28282     1.2564     4.7906 -9.990e-29
 150.391400      2.027    17.2360  35.974369    27.1824      2.009  249.91013  250.27876     1.3031     4.7704 -9.990e-29
 150.391403      2.031    17.2363  35.976972    27.1845      2.013  249.90551  250.27414     1.2564     4.7946 -9.990e-29
 150.391406      2.047    17.2364  35.976791    27.1842      2.029  249.90515  250.27379     1.1941     4.7866 -9.990e-29
 150.391409      2.071    17.2356  35.974066    27.1831      2.052  249.91112  250.27973     1.5833     4.6450 -9.990e-29
 150.391412      2.115    17.2353  35.974793    27.1834      2.096  249.91220  250.28080     1.5989     4.6369 0.0000e+00
 150.391415      2.162    17.2349  35.975035    27.1832      2.143  249.91328  250.28186     1.5833     4.6289 0.0000e+00
 150.391418      2.217    17.2340  35.973703    27.1832      2.197  249.91860  250.28715     1.4899     4.6289 0.0000e+00
 150.391421      2.270    17.2335  35.973280    27.1832      2.250  249.92109  250.28962     1.3498     4.8998 0.0000e+00
 150.391424      2.319    17.2333  35.974128    27.1836      2.298  249.92127  250.28980     1.3342     4.9200 0.0000e+00
 150.391427      2.345    17.2331  35.974128    27.1841      2.324  249.92146  250.28997     1.3187     4.9402 -9.990e-29
 150.391429      2.365    17.2332  35.973704    27.1837      2.344  249.92178  250.29029     1.3498     4.9079 -9.990e-29
 150.391432      2.368    17.2334  35.973462    27.1834      2.347  249.92150  250.29002     1.3187     4.9240 -9.990e-29
 150.391435      2.363    17.2333  35.973643    27.1836      2.342  249.92155  250.29007     1.5677     4.5763 -9.990e-29
 150.391438      2.359    17.2336  35.977640    27.1867      2.338  249.91464  250.28315     1.5988     4.5884 -9.990e-29
 150.391441      2.366    17.2339  35.976974    27.1859      2.345  249.91435  250.28288     1.5521     4.5520 -9.990e-29
 150.391444      2.386    17.2350  35.973946    27.1848      2.365  249.91095  250.27953     1.5521     4.9038 -9.990e-29
 150.391447      2.423    17.2353  35.976550    27.1839      2.401  249.91128  250.27988     1.5677     4.9220 0.0000e+00
 150.391450      2.472    17.2355  35.974794    27.1831      2.450  249.91095  250.27953     1.5677     4.9402 0.0000e+00
 150.391453      2.527    17.2357  35.975036    27.1830      2.504  249.91074  250.27936     1.5833     4.9402 0.0000e+00
 150.391455      2.585    17.2357  35.974794    27.1831      2.562  249.91067  250.27929     1.6766     4.9443 0.0000e+00
 150.391458      2.642    17.2358  35.977217    27.1839      2.618  249.90919  250.27781     1.7389     4.9908 0.0000e+00
 150.391461      2.680    17.2357  35.975218    27.1849      2.656  249.90764  250.27625     1.8012     5.0696 -9.990e-29
 150.391464      2.704    17.2360  35.976551    27.1841      2.679  249.90738  250.27600     1.8634     5.0170 -9.990e-29
 150.391467      2.713    17.2359  35.975885    27.1836      2.689  249.90864  250.27726     1.8167     5.0534 -9.990e-29
 150.391470      2.709    17.2363  35.976793    27.1841      2.685  249.90611  250.27474     1.8478     4.7906 -9.990e-29
 150.391473      2.702    17.2367  35.974129    27.1816      2.678  249.90833  250.27700     1.8323     4.8108 -9.990e-29
 150.391476      2.698    17.2370  35.976308    27.1832      2.674  249.90400  250.27267     1.8167     4.8027 -9.990e-29
 150.391479      2.705    17.2373  35.974552    27.1816      2.681  249.90557  250.27425     1.9412     4.7946 -9.990e-29
 150.391481      2.727    17.2376  35.975461    27.1833      2.703  249.90092  250.26962     1.4743     4.8634 -9.990e-29
 150.391484      2.769    17.2376  35.976975    27.1829      2.745  249.90154  250.27023     1.5988     4.8674 0.0000e+00
 150.391487      2.813    17.2376  35.976127    27.1833      2.788  249.90161  250.27029     1.5833     4.8634 0.0000e+00
 150.391490      2.869    17.2373  35.977399    27.1826      2.844  249.90215  250.27084     1.5833     4.8472 0.0000e+00
 150.391493      2.921    17.2373  35.973282    27.1804      2.894  249.90748  250.27617     1.5833     4.8472 0.0000e+00
 150.391496      2.959    17.2371  35.971708    27.1799      2.932  249.90938  250.27807     1.5989     4.9604 0.0000e+00
 150.391499      2.995    17.2368  35.976552    27.1794      2.968  249.91128  250.27996     1.7545     5.0737 -9.990e-29
 150.391502      3.019    17.2365  35.976309    27.1834      2.992  249.90602  250.27467     1.9879     5.0251 -9.990e-29
 150.391505      3.035    17.2364  35.973282    27.1810      3.008  249.91063  250.27929     1.8012     5.0413 -9.990e-29
 150.391508      3.046    17.2365  35.972798    27.1805      3.019  249.91102  250.27968     1.8634     4.8634 -9.990e-29
 150.391510      3.054    17.2364  35.975220    27.1826      3.026  249.90790  250.27654     1.8945     4.8796 -9.990e-29
 150.391513      3.066    17.2363  35.974130    27.1817      3.039  249.90976  250.27841     1.8945     4.8634 -9.990e-29
 150.391516      3.090    17.2367  35.974251    27.1804      3.063  249.91043  250.27911     1.8012     4.7623 -9.990e-29
 150.391519      3.118    17.2366  35.972798    27.1822      3.090  249.90807  250.27673     1.8323     4.7643 0.0000e+00
 150.391522      3.152    17.2364  35.976794    27.1836      3.124  249.90704  250.27568     1.8323     4.7623 0.0000e+00
 150.391525      3.192    17.2364  35.976310    27.1836      3.164  249.90704  250.27568     1.8634     4.7421 0.0000e+00
 150.391528      3.227    17.2364  35.973707    27.1836      3.198  249.90704  250.27568     1.8634     4.7421 0.0000e+00
 150.391531      3.264    17.2364  35.976795    27.1825      3.234  249.90795  250.27660     1.8867     4.7360 0.0000e+00
 150.391534      3.291    17.2364  35.974554    27.1838      3.262  249.90577  250.27441     1.9101     4.7582 -9.990e-29
 150.391536      3.315    17.2363  35.973707    27.1813      3.285  249.91079  250.27944     1.5677     5.0251 -9.990e-29
 150.391539      3.335    17.2362  35.975463    27.1829      3.305  249.90862  250.27726     1.5988     5.0615 -9.990e-29
 150.391542      3.353    17.2360  35.973647    27.1814      3.323  249.91183  250.28047     1.7233     5.0332 -9.990e-29
 150.391545      3.374    17.2360  35.977219    27.1844      3.343  249.90677  250.27539     1.2875     5.1303 -9.990e-29
 150.391548      3.397    17.2361  35.975039    27.1809      3.367  249.91241  250.28106     1.3187     5.1060 -9.990e-29
 150.391551      3.423    17.2362  35.973041    27.1814      3.392  249.91132  250.27997     1.3031     5.1141 0.0000e+00
 150.391554      3.455    17.2362  35.974373    27.1819      3.425  249.91023  250.27887     1.3187     5.1060 0.0000e+00
 150.391557      3.494    17.2363  35.977643    27.1834      3.463  249.90721  250.27585     1.5521     4.9321 0.0000e+00
 150.391560      3.534    17.2363  35.976311    27.1840      3.502  249.90625  250.27489     1.5833     4.9281 0.0000e+00
 150.391562      3.569    17.2363  35.977401    27.1834      3.537  249.90721  250.27585     1.5521     4.9240 -9.990e-29
 150.391565      3.594    17.2354  35.976978    27.1845      3.562  249.90940  250.27799     1.5677     4.9281 -9.990e-29
 150.391568      3.612    17.2350  35.977583    27.1853      3.580  249.91009  250.27867     1.6455     4.9240 -9.990e-29
 150.391571      3.627    17.2349  35.975464    27.1836      3.595  249.91342  250.28200     1.6922     4.9443 -9.990e-29
 150.391574      3.642    17.2348  35.976978    27.1850      3.609  249.91190  250.28047     1.6455     4.8876 -9.990e-29
 150.391577      3.656    17.2346  35.975888    27.1842      3.624  249.91407  250.28264     1.6144     4.9483 -9.990e-29
 150.391580      3.676    17.2343  35.974556    27.1855      3.643  249.91345  250.28199     1.3187     4.6572 -9.990e-29
 150.391583      3.705    17.2343  35.977220    27.1849      3.672  249.91409  250.28264     1.2876     4.6673 0.0000e+00
 150.391586      3.742    17.2344  35.975888    27.1843      3.708  249.91383  250.28240     1.3187     4.6774 0.0000e+00
 150.391589      3.786    17.2347  35.975888    27.1841      3.752  249.91473  250.28329     1.2564     4.6774 0.0000e+00
 150.391591      3.828    17.2348  35.974375    27.1827      3.794  249.91538  250.28396     1.3654     4.7178 0.0000e+00
 150.391594      3.870    17.2348  35.973830    27.1827      3.835  249.91538  250.28396     1.3654     5.1060 0.0000e+00
 150.391597      3.906    17.2347  35.977221    27.1838      3.871  249.91455  250.28312     1.3965     5.1100 0.0000e+00
 150.391600      3.936    17.2345  35.976979    27.1853      3.900  249.91262  250.28117     1.4276     5.1060 -9.990e-29
 150.391603      3.955    17.2341  35.977221    27.1855      3.920  249.91419  250.28273     1.3498     5.1222 -9.990e-29
 150.391606      3.968    17.2342  35.978493    27.1865      3.933  249.91208  250.28062     1.7389     5.0049 -9.990e-29
 150.391609      3.970    17.2342  35.976313    27.1847      3.935  249.91518  250.28372     1.8012     4.9847 -9.990e-29
 150.391612      3.984    17.2341  35.977645    27.1859      3.949  249.91360  250.28214     1.9257     5.0009 -9.990e-29
 150.391615      4.005    17.2337  35.977888    27.1858      3.969  249.91578  250.28430     1.5833     4.9928 -9.990e-29
 150.391617      4.034    17.2338  35.977222    27.1847      3.998  249.91744  250.28597     1.6066     5.0069 0.0000e+00
 150.391620      4.065    17.2337  35.974679    27.1853      4.029  249.91738  250.28590     1.5833     4.9928 0.0000e+00
 150.391623      4.107    17.2336  35.976556    27.1841      4.070  249.91898  250.28751     1.6299     4.9685 0.0000e+00
 150.391626      4.151    17.2336  35.975224    27.1850      4.114  249.91738  250.28590     1.6611     4.9685 0.0000e+00
 150.391629      4.187    17.2337  35.976314    27.1850      4.150  249.91715  250.28567     1.6922     4.9645 0.0000e+00
 150.391632      4.218    17.2337  35.977222    27.1854      4.180  249.91651  250.28503     1.8712     4.9443 0.0000e+00
