seaocn-cb/data/ctd_cnv/SBE19plus_01907321_2024_05_25_Cast53.cnv
* Sea-Bird SBE19plus  Data File:
* FileName = E:\Prandtl_Daten\2024\25052024\raw\SBE19plus_01907321_2024_05_25_Cast53.hex
* Software version 2.6.1.12
* Temperature SN = 7321
* Conductivity SN = 7321
* System UpLoad Time = May 25 2024 08:51:40
* <ApplicationData>
* <Seaterm232>
** 20240525
** Sea Practical 2024
** MCat 25.05 CTD_SP8
** NMEA Latitude = 054 8.48N
** NMEA Longitude = 008 7.98E
** waterdepth =14m
** Till
# nquan = 11
# nvalues = 464                         
# units = specified
# name 0 = timeJ: Julian Days
# name 1 = prdM: Pressure, Strain Gauge [db]
# name 2 = tv290C: Temperature [ITS-90, deg C]
# name 3 = c0mS/cm: Conductivity [mS/cm]
# name 4 = sal00: Salinity, Practical [PSU]
# name 5 = depSM: Depth [salt water, m], lat = 54.00
# name 6 = oxsatMm/Kg: Oxygen Saturation, Weiss [umol/kg]
# name 7 = oxsolMm/Kg: Oxygen Saturation, Garcia & Gordon [umol/kg]
# name 8 = turbWETntu0: Turbidity, WET Labs ECO [NTU]
# name 9 = flECO-AFL: Fluorescence, WET Labs ECO-AFL/FL [mg/m^3]
# name 10 = flag:  0.000e+00
# span 0 = 146.365315, 146.366655       
# span 1 =      0.966,     13.422       
# span 2 =    13.7126,    15.3089       
# span 3 =  36.732273,  37.609081       
# span 4 =    29.1968,    31.2219       
# span 5 =      0.958,     13.301       
# span 6 =  256.06329,  260.83601       
# span 7 =  256.33186,  261.00094       
# span 8 =    -4.5490,     4.8517       
# span 9 =     3.8848,    10.8358       
# span 10 = 0.0000e+00, 0.0000e+00      
# interval = seconds: 0.25
# start_time = May 25 2024 08:44:39 [Instrument's time stamp, header]
# bad_flag = -9.990e-29
*END*
[from data line 263]
 146.366076      8.221    14.3602  37.157634    30.2961      8.148  259.05571  259.26585    -3.7708     5.6842 -9.990e-29
 146.366079      8.236    14.3618  37.143710    30.2823      8.162  259.07217  259.28251    -3.8020     5.6842 -9.990e-29
 146.366082      8.245    14.3698  37.129174    30.2628      8.171  259.06451  259.27547    -3.8798     5.7125 -9.990e-29
 146.366085      8.259    14.3893  37.128682    30.2472      8.185  258.99000  259.20216    -3.6152     5.6559 -9.990e-29
 146.366088      8.276    14.4042  37.142111    30.2477      8.202  258.91047  259.12344    -3.5062     5.6479 -9.990e-29
 146.366091      8.290    14.4034  37.177200    30.2801      8.216  258.85692  259.06956    -3.5529     5.6155 -9.990e-29
 146.366094      8.314    14.3467  37.218872    30.3782      8.240  258.97996  259.18864    -3.5529     5.6034 -9.990e-29
 146.366097      8.347    14.3289  37.236557    30.3933      8.272  259.04657  259.25414    -3.6151     5.6155 0.0000e+00
 146.366100      8.383    14.3112  37.239140    30.4084      8.308  259.11318  259.31964    -3.6619     5.6236 0.0000e+00
 146.366102      8.427    14.2893  37.237363    30.4240      8.352  259.20077  259.40588    -3.6774     5.6276 0.0000e+00
 146.366105      8.474    14.2797  37.242030    30.4358      8.399  259.23015  259.43463    -3.8175     5.6357 0.0000e+00
 146.366108      8.525    14.2722  37.252408    30.4511      8.449  259.24238  259.44630    -3.8175     5.6357 0.0000e+00
 146.366111      8.575    14.2658  37.266658    30.4626      8.498  259.25565  259.45912    -3.7630     5.6235 0.0000e+00
 146.366114      8.615    14.2594  37.274582    30.4741      8.538  259.26892  259.47193    -3.7086     5.5912 -9.990e-29
 146.366117      8.637    14.2337  37.275812    30.5027      8.559  259.35341  259.55474    -3.5996     5.5993 -9.990e-29
 146.366120      8.653    14.2204  37.277779    30.5150      8.576  259.40162  259.60210    -3.7553     5.5710 -9.990e-29
 146.366123      8.662    14.2065  37.283739    30.5313      8.585  259.44561  259.64518    -3.4129     6.6021 -9.990e-29
 146.366126      8.669    14.1945  37.283679    30.5408      8.592  259.49245  259.69126    -3.3195     6.6062 -9.990e-29
 146.366128      8.682    14.1879  37.293079    30.5546      8.605  259.50264  259.70096    -3.5996     6.5981 -9.990e-29
 146.366131      8.697    14.1724  37.299838    30.5746      8.619  259.54887  259.74613    -3.7864     6.9742 -9.990e-29
 146.366134      8.724    14.1688  37.301559    30.5792      8.646  259.55944  259.75646    -3.7164     6.9802 0.0000e+00
 146.366137      8.750    14.1653  37.305492    30.5838      8.671  259.57000  259.76679    -3.7864     6.9823 0.0000e+00
 146.366140      8.783    14.1633  37.307275    30.5862      8.704  259.57624  259.77290    -3.7630     6.9843 0.0000e+00
 146.366143      8.808    14.1613  37.305924    30.5885      8.729  259.58248  259.77900    -3.8798     6.9823 -9.990e-29
 146.366146      8.832    14.1562  37.307030    30.5923      8.753  259.60263  259.79883    -3.9109     6.9984 -9.990e-29
 146.366149      8.854    14.1531  37.311393    30.5988      8.775  259.60768  259.80365    -4.2378     6.6911 -9.990e-29
 146.366152      8.870    14.1501  37.312745    30.6024      8.791  259.61708  259.81284    -4.1288     6.6871 -9.990e-29
 146.366155      8.890    14.1451  37.320550    30.6134      8.811  259.62345  259.81883    -4.0354     6.6507 -9.990e-29
 146.366157      8.903    14.1394  37.329769    30.6264      8.824  259.63067  259.82562    -4.1755     6.6871 -9.990e-29
 146.366160      8.925    14.1208  37.338866    30.6457      8.845  259.69430  259.88803    -3.8798     7.2734 -9.990e-29
 146.366163      8.964    14.1188  37.334811    30.6494      8.883  259.69797  259.89156    -3.8643     7.2572 0.0000e+00
 146.366166      9.013    14.1169  37.339544    30.6531      8.932  259.69430  259.88803    -3.8798     7.2734 0.0000e+00
 146.366169      9.070    14.1164  37.348519    30.6617      8.988  259.70164  259.89508    -3.8487     7.2410 0.0000e+00
 146.366172      9.128    14.1095  37.353991    30.6722      9.046  259.70698  259.89983    -3.5062     7.0308 0.0000e+00
 146.366175      9.179    14.0989  37.355345    30.6818      9.097  259.74590  259.93806    -3.5062     7.0065 0.0000e+00
 146.366178      9.228    14.0924  37.362907    30.6938      9.146  259.75841  259.95010    -3.5529     7.0065 0.0000e+00
 146.366181      9.267    14.0892  37.369056    30.6992      9.184  259.76596  259.95742    -3.5762     7.0045 0.0000e+00
 146.366183      9.296    14.0859  37.370656    30.7046      9.213  259.77351  259.96474    -3.5529     7.0025 -9.990e-29
 146.366186      9.312    14.0682  37.380065    30.7288      9.229  259.82431  260.01431    -3.8487     8.1023 -9.990e-29
 146.366189      9.319    14.0512  37.381358    30.7435      9.236  259.88811  260.07702    -3.9732     8.1145 -9.990e-29
 146.366192      9.317    14.0391  37.384434    30.7560      9.234  259.92988  260.11799    -3.8487     8.1145 -9.990e-29
 146.366195      9.308    14.0324  37.388125    30.7647      9.225  259.94982  260.13746    -3.9732     8.0781 -9.990e-29
 146.366198      9.307    14.0262  37.388126    30.7697      9.223  259.97380  260.16105    -3.9576     7.7748 -9.990e-29
 146.366201      9.306    14.0222  37.393600    30.7779      9.223  259.98039  260.16733    -3.5841     7.7425 -9.990e-29
 146.366204      9.319    14.0176  37.396122    30.7838      9.236  259.99387  260.18050    -3.7397     7.7667 -9.990e-29
 146.366207      9.335    14.0091  37.399074    30.8060      9.252  259.99916  260.18510    -3.3350     8.8181 -9.990e-29
 146.366209      9.366    14.0047  37.412914    30.8151      9.282  260.00656  260.19215    -3.2805     8.8403 0.0000e+00
 146.366212      9.397    14.0002  37.424973    30.8242      9.313  260.01395  260.19921    -3.2261     8.8625 0.0000e+00
 146.366215      9.434    13.9872  37.435188    30.8440      9.349  260.04763  260.23197    -3.2261     8.8787 0.0000e+00
 146.366218      9.461    13.9747  37.440666    30.8590      9.376  260.08708  260.27057    -3.1950     8.8868 0.0000e+00
 146.366221      9.487    13.9654  37.449712    30.8747      9.402  260.10822  260.29102    -2.6969     8.9555 0.0000e+00
 146.366224      9.514    13.9553  37.456975    30.8894      9.429  260.13516  260.31726    -2.6191     8.9758 0.0000e+00
 146.366227      9.543    13.9464  37.458700    30.8982      9.458  260.16693  260.34843    -2.6191     8.9798 0.0000e+00
 146.366230      9.574    13.9420  37.462024    30.9047      9.489  260.17846  260.35965    -2.6191     8.9758 0.0000e+00
 146.366233      9.611    13.9379  37.471441    30.9167      9.525  260.17846  260.35965    -1.9498     8.9192 0.0000e+00
 146.366236      9.651    13.9316  37.497482    30.9456      9.564  260.17905  260.35989    -1.9498     8.9030 0.0000e+00
 146.366238      9.702    13.9154  37.507890    30.9682      9.615  260.20579  260.38486    -1.9498     8.9111 0.0000e+00
 146.366241      9.755    13.8947  37.533143    31.0080      9.668  260.24429  260.42179    -1.9498     8.9030 0.0000e+00
 146.366244      9.806    13.8703  37.541954    31.0358      9.718  260.32431  260.50014    -1.8720     8.9030 0.0000e+00
 146.366247      9.859    13.8474  37.545345    31.0574      9.771  260.40752  260.58182    -1.2183     7.8355 0.0000e+00
 146.366250      9.904    13.8405  37.540234    31.0607      9.816  260.43879  260.61265    -1.2105     7.8315 0.0000e+00
 146.366253      9.939    13.8335  37.549290    31.0640      9.850  260.47006  260.64348    -1.2183     7.8355 -9.990e-29
 146.366256      9.963    13.8257  37.558717    31.0873      9.874  260.46983  260.64258    -1.1094     7.8314 -9.990e-29
 146.366259      9.974    13.8161  37.565680    31.1014      9.885  260.49530  260.66736     0.1825    10.0514 -9.990e-29
 146.366262      9.977    13.8046  37.572336    31.1169      9.888  260.52901  260.70025     0.2292    10.0352 -9.990e-29
 146.366264      9.979    13.7943  37.574186    31.1270      9.890  260.56582  260.73637     0.2603    10.0150 -9.990e-29
 146.366267      9.974    13.7859  37.577391    31.1368      9.884  260.59319  260.76315    -0.0043     9.9948 -9.990e-29
 146.366270      9.970    13.7796  37.580904    31.1450      9.881  260.61144  260.78096     0.6183     8.7898 -9.990e-29
 146.366273      9.967    13.7743  37.584911    31.1531      9.877  260.62541  260.79454     0.4938     8.8262 -9.990e-29
 146.366276      9.972    13.7711  37.589164    31.1596      9.883  260.63095  260.79983     0.6494     8.8059 -9.990e-29
 146.366279      9.989    13.7666  37.593910    31.1677      9.899  260.64054  260.80908     0.5249     8.8221 -9.990e-29
 146.366282     10.009    13.7590  37.593356    31.1771      9.919  260.66415  260.83215     0.0580     9.0769 -9.990e-29
 146.366285     10.040    13.7569  37.597486    31.1792      9.950  260.67147  260.83933     0.1046     9.0667 0.0000e+00
 146.366288     10.080    13.7548  37.598349    31.1813      9.989  260.67878  260.84651     0.1202     9.0566 0.0000e+00
 146.366291     10.123    13.7510  37.601678    31.1874     10.033  260.68817  260.85560     0.1202     9.0486 0.0000e+00
 146.366293     10.162    13.7495  37.602295    31.1892     10.071  260.69290  260.86023    -0.0510     9.0486 0.0000e+00
 146.366296     10.206    13.7474  37.600755    31.1895     10.114  260.70381  260.87101    -0.7825     9.0809 0.0000e+00
 146.366299     10.240    13.7440  37.601680    31.1927     10.149  260.71547  260.88244    -0.8603     9.1173 0.0000e+00
 146.366302     10.275    13.7415  37.599091    31.1931     10.183  260.72956  260.89638    -0.7825     9.1213 0.0000e+00
 146.366305     10.308    13.7414  37.599030    31.1927     10.216  260.73169  260.89848    -0.7825     9.1375 0.0000e+00
 146.366308     10.335    13.7409  37.597982    31.1918     10.243  260.73174  260.89857    -0.7358     9.1658 0.0000e+00
 146.366311     10.361    13.7406  37.593483    31.1915     10.268  260.74241  260.90923    -0.6736     9.1739 0.0000e+00
 146.366314     10.394    13.7393  37.595887    31.1909     10.301  260.74330  260.91001    -0.7358     9.1779 0.0000e+00
 146.366317     10.432    13.7389  37.594839    31.1915     10.339  260.74508  260.91174    -0.4712     9.1982 0.0000e+00
 146.366319     10.468    13.7386  37.596565    31.1927     10.375  260.74597  260.91261    -0.4712     9.3357 0.0000e+00
 146.366322     10.514    13.7384  37.596565    31.1928     10.420  260.74508  260.91174    -0.3934     9.3397 0.0000e+00
 146.366325     10.554    13.7382  37.597983    31.1936     10.460  260.74552  260.91214    -0.3700     9.3518 0.0000e+00
 146.366328     10.585    13.7380  37.596381    31.1944     10.491  260.74507  260.91167    -0.3934     9.3680 -9.990e-29
 146.366331     10.609    13.7366  37.598908    31.1964     10.514  260.74900  260.91551    -0.0043     8.5310 -9.990e-29
 146.366334     10.624    13.7354  37.599463    31.1979     10.529  260.75267  260.91909    -0.2845     8.5795 -9.990e-29
 146.366337     10.633    13.7353  37.602792    31.2010     10.538  260.74741  260.91380    -0.0510     8.5593 -9.990e-29
 146.366340     10.638    13.7365  37.601435    31.1988     10.543  260.74509  260.91157    -0.0821     8.5391 -9.990e-29
 146.366343     10.640    13.7372  37.599833    31.1967     10.545  260.74490  260.91144    -0.1755     8.5431 -9.990e-29
 146.366345     10.645    13.7361  37.599895    31.1977     10.550  260.74910  260.91557     0.3381     9.0890 -9.990e-29
 146.366348     10.651    13.7342  37.600758    31.2000     10.556  260.75512  260.92145     0.5093     9.0769 -9.990e-29
 146.366351     10.658    13.7341  37.602114    31.2013     10.563  260.75314  260.91946     0.3070     9.1213 -9.990e-29
 146.366354     10.673    13.7338  37.603285    31.2026     10.577  260.75275  260.91903     1.1786     9.6834 -9.990e-29
 146.366357     10.700    13.7336  37.603224    31.2034     10.604  260.75274  260.91899     1.3031     9.6814 0.0000e+00
 146.366360     10.728    13.7333  37.604456    31.2032     10.632  260.75275  260.91903     1.3342     9.6834 0.0000e+00
 146.366363     10.770    13.7328  37.602977    31.2042     10.673  260.75694  260.92316     1.4276     9.6834 0.0000e+00
 146.366366     10.819    13.7318  37.604888    31.2058     10.722  260.75779  260.92392     1.3342     9.6834 0.0000e+00
 146.366369     10.866    13.7307  37.604087    31.2059     10.769  260.76346  260.92952     1.0541     8.1428 0.0000e+00
 146.366372     10.919    13.7292  37.604889    31.2078     10.821  260.76611  260.93199     0.9918     8.0943 0.0000e+00
 146.366374     10.974    13.7292  37.608033    31.2078     10.875  260.76788  260.93385     0.9918     8.0943 0.0000e+00
 146.366377     11.023    13.7283  37.603410    31.2114     10.924  260.76611  260.93199     0.9918     8.0943 0.0000e+00
 146.366380     11.065    13.7286  37.609081    31.2095     10.966  260.76800  260.93391     1.0463     8.4521 0.0000e+00
 146.366383     11.101    13.7280  37.607171    31.2126     11.002  260.76557  260.93142     1.3965     8.8100 -9.990e-29
 146.366386     11.123    13.7272  37.603534    31.2081     11.024  260.77802  260.94386     1.3498     8.7978 -9.990e-29
 146.366389     11.141    13.7243  37.602117    31.2092     11.042  260.79186  260.95752     1.4120     8.7898 -9.990e-29
 146.366392     11.147    13.7220  37.601192    31.2102     11.047  260.80229  260.96780     1.3809     8.7898 -9.990e-29
 146.366395     11.151    13.7206  37.599898    31.2102     11.051  260.80990  260.97533     0.9451     9.0364 -9.990e-29
 146.366398     11.159    13.7193  37.601193    31.2124     11.060  260.81261  260.97795     0.9296     9.0122 -9.990e-29
 146.366400     11.174    13.7184  37.599221    31.2113     11.074  260.81964  260.98493     0.7584     9.0081 -9.990e-29
 146.366403     11.191    13.7181  37.601440    31.2135     11.090  260.81680  260.98206     1.0385     9.0607 -9.990e-29
 146.366406     11.211    13.7193  37.601686    31.2128     11.110  260.81182  260.97716     2.3615     9.1982 -9.990e-29
 146.366409     11.233    13.7211  37.601871    31.2115     11.132  260.80465  260.97010     2.3615     9.2507 -9.990e-29
 146.366412     11.251    13.7228  37.602302    31.2105     11.150  260.79736  260.96291     2.4860     9.2265 -9.990e-29
 146.366415     11.277    13.7240  37.602610    31.2098     11.176  260.79227  260.95791     2.3926     9.2426 -9.990e-29
 146.366418     11.297    13.7250  37.604090    31.2107     11.195  260.78521  260.95090     4.2759     9.3680 -9.990e-29
 146.366421     11.326    13.7245  37.604460    31.2113     11.224  260.78667  260.95232     4.2525     9.3639 0.0000e+00
 146.366424     11.355    13.7240  37.604953    31.2114     11.253  260.78813  260.95375     4.2292     9.3640 0.0000e+00
 146.366427     11.384    13.7238  37.604213    31.2119     11.282  260.78946  260.95504     4.0735     9.3599 0.0000e+00
 146.366429     11.415    13.7235  37.605385    31.2127     11.313  260.79024  260.95586     3.4354     9.0000 0.0000e+00
 146.366432     11.446    13.7223  37.605570    31.2139     11.344  260.79404  260.95953     3.2019     8.9717 0.0000e+00
 146.366435     11.485    13.7217  37.606926    31.2139     11.382  260.79438  260.95982     3.1708     8.9717 0.0000e+00
 146.366438     11.523    13.7217  37.604892    31.2140     11.420  260.79702  260.96248     3.1708     8.9636 0.0000e+00
 146.366441     11.557    13.7217  37.605201    31.2140     11.454  260.79751  260.96298     3.3576     8.9515 0.0000e+00
 146.366444     11.597    13.7210  37.606064    31.2153     11.494  260.79819  260.96359     3.3576     8.8747 0.0000e+00
 146.366447     11.638    13.7198  37.606496    31.2167     11.534  260.80236  260.96768     3.2642     8.8625 0.0000e+00
 146.366450     11.671    13.7190  37.606064    31.2169     11.566  260.80597  260.97125     3.2331     8.8747 0.0000e+00
