seaocn-cb/data/ctd_cnv/SBE19plus_01907321_2024_05_26_Cast64.cnv
* Sea-Bird SBE19plus  Data File:
* FileName = E:\Prandtl_Daten\2024\26052024\raw\SBE19plus_01907321_2024_05_26_Cast64.hex
* Software version 2.6.1.12
* Temperature SN = 7321
* Conductivity SN = 7321
* System UpLoad Time = May 26 2024 12:27:25
* <ApplicationData>
* <Seaterm232>
** 20240526
** Sea Practical 2024
** MCat 26.05 CTD_FS3
** NMEA Latitude = 054 4.303N
** NMEA Longitude = 008 29.755E
** waterdepth =7.3 m
** Isabelle
# nquan = 11
# nvalues = 274                         
# units = specified
# name 0 = timeJ: Julian Days
# name 1 = prdM: Pressure, Strain Gauge [db]
# name 2 = tv290C: Temperature [ITS-90, deg C]
# name 3 = c0mS/cm: Conductivity [mS/cm]
# name 4 = sal00: Salinity, Practical [PSU]
# name 5 = depSM: Depth [salt water, m], lat = 54.00
# name 6 = oxsatMm/Kg: Oxygen Saturation, Weiss [umol/kg]
# name 7 = oxsolMm/Kg: Oxygen Saturation, Garcia & Gordon [umol/kg]
# name 8 = turbWETntu0: Turbidity, WET Labs ECO [NTU]
# name 9 = flECO-AFL: Fluorescence, WET Labs ECO-AFL/FL [mg/m^3]
# name 10 = flag:  0.000e+00
# span 0 = 147.516045, 147.516834       
# span 1 =      0.328,      6.351       
# span 2 =    15.0151,    15.0286       
# span 3 =  37.373790,  37.399227       
# span 4 =    29.9830,    30.0016       
# span 5 =      0.325,      6.295       
# span 6 =  256.10104,  256.19429       
# span 7 =  256.34920,  256.44186       
# span 8 =     1.7700,    20.6027       
# span 9 =     5.4982,    10.0392       
# span 10 = 0.0000e+00, 0.0000e+00      
# interval = seconds: 0.25
# start_time = May 26 2024 12:21:38 [Instrument's time stamp, header]
# bad_flag = -9.990e-29
*END*
 147.516045      0.328    15.0279  37.398919    29.9987      0.325  256.10403  256.35216     3.7311     6.3434 -9.990e-29
 147.516047      0.333    15.0279  37.396459    29.9965      0.330  256.10790  256.35604     3.7778     6.3393 -9.990e-29
 147.516050      0.353    15.0280  37.399165    29.9989      0.350  256.10337  256.35149     3.8556     6.3797 -9.990e-29
 147.516053      0.370    15.0279  37.394614    29.9949      0.366  256.11111  256.35926     3.8712     6.3797 -9.990e-29
 147.516056      0.390    15.0275  37.394122    29.9948      0.386  256.11336  256.36149     2.3303     6.0118 -9.990e-29
 147.516059      0.399    15.0274  37.395291    29.9959      0.395  256.11182  256.35994     2.2836     6.0037 -9.990e-29
 147.516062      0.410    15.0273  37.394983    29.9957      0.406  256.11290  256.36101     2.2836     6.0158 -9.990e-29
 147.516065      0.428    15.0273  37.394860    29.9956      0.425  256.11310  256.36122     2.1903     6.0077 -9.990e-29
 147.516068      0.445    15.0273  37.397874    29.9982      0.441  256.10809  256.35618     2.8440     6.0563 -9.990e-29
 147.516071      0.457    15.0274  37.394860    29.9955      0.453  256.11253  256.36066     2.7661     6.0684 -9.990e-29
 147.516073      0.472    15.0275  37.396951    29.9973      0.468  256.10897  256.35708     2.8284     6.0886 -9.990e-29
 147.516076      0.490    15.0274  37.396705    29.9971      0.486  256.10966  256.35777     2.7039     6.0846 -9.990e-29
 147.516079      0.510    15.0277  37.396951    29.9971      0.506  256.10811  256.35624     3.2642     6.3393 -9.990e-29
 147.516082      0.530    15.0286  37.399227    29.9984      0.525  256.10104  256.34920     3.2642     6.3797 -9.990e-29
 147.516085      0.552    15.0286  37.396705    29.9961      0.547  256.10501  256.35319     3.2953     6.3474 -9.990e-29
 147.516088      0.577    15.0283  37.389941    29.9904      0.572  256.11711  256.36532     3.3731     6.3514 -9.990e-29
 147.516091      0.599    15.0273  37.395045    29.9930      0.594  256.11718  256.36532     1.7700     5.5710 -9.990e-29
 147.516094      0.625    15.0273  37.392155    29.9943      0.619  256.11536  256.36348     1.7934     5.5589 0.0000e+00
 147.516097      0.654    15.0273  37.394861    29.9930      0.648  256.11718  256.36532     1.7700     5.5710 0.0000e+00
 147.516100      0.683    15.0274  37.387973    29.9945      0.677  256.11414  256.36227     1.7856     5.5751 0.0000e+00
 147.516102      0.711    15.0274  37.393939    29.9898      0.704  256.12349  256.37166     1.7856     5.5832 0.0000e+00
 147.516105      0.740    15.0269  37.388219    29.9944      0.733  256.12440  256.37243     3.0619     6.4000 0.0000e+00
 147.516108      0.774    15.0255  37.392094    29.9929      0.767  256.12489  256.37304     3.0930     6.4121 0.0000e+00
 147.516111      0.811    15.0234  37.388651    29.9944      0.804  256.13774  256.38567     3.0930     6.4404 0.0000e+00
 147.516114      0.847    15.0212  37.388651    29.9932      0.840  256.14596  256.39377     3.1708     6.4404 0.0000e+00
 147.516117      0.884    15.0196  37.385823    29.9935      0.876  256.15658  256.40432     3.4665     6.0846 0.0000e+00
 147.516120      0.913    15.0180  37.384777    29.9935      0.905  256.15942  256.40699     3.5132     6.0846 0.0000e+00
 147.516123      0.942    15.0176  37.389820    29.9961      0.934  256.16191  256.40952     3.5988     6.0866 0.0000e+00
 147.516126      0.972    15.0172  37.388221    29.9986      0.963  256.15942  256.40699     3.5132     6.0967 -9.990e-29
 147.516128      0.992    15.0202  37.395786    30.0016      0.983  256.13866  256.38636     4.3226     6.1088 -9.990e-29
 147.516131      1.015    15.0229  37.394986    29.9988      1.006  256.12967  256.37754     4.3226     6.1048 -9.990e-29
 147.516134      1.028    15.0249  37.398061    30.0001      1.019  256.11753  256.36548     4.2603     6.1129 -9.990e-29
 147.516137      1.048    15.0260  37.393879    29.9954      1.039  256.11971  256.36776     4.2447     6.1088 -9.990e-29
 147.516140      1.065    15.0259  37.394186    29.9958      1.055  256.11953  256.36758     4.3226     6.5294 -9.990e-29
 147.516143      1.079    15.0257  37.396093    29.9976      1.070  256.11743  256.36545     4.2914     6.5334 -9.990e-29
 147.516146      1.094    15.0258  37.391419    29.9934      1.084  256.12448  256.37254     4.2759     6.5536 -9.990e-29
 147.516149      1.112    15.0248  37.391296    29.9951      1.102  256.12658  256.37457     4.3537     6.5617 -9.990e-29
 147.516152      1.141    15.0244  37.392526    29.9953      1.131  256.12849  256.37646     3.2642     6.0502 0.0000e+00
 147.516155      1.174    15.0239  37.392157    29.9953      1.164  256.13041  256.37835     2.1747     5.5387 0.0000e+00
 147.516157      1.203    15.0232  37.391419    29.9953      1.193  256.13422  256.38213     2.0813     5.4982 0.0000e+00
 147.516160      1.238    15.0218  37.389083    29.9943      1.227  256.14348  256.39132     2.0502     5.4982 0.0000e+00
 147.516163      1.273    15.0206  37.387300    29.9943      1.261  256.15069  256.39848     2.0813     5.5144 0.0000e+00
 147.516166      1.304    15.0195  37.387976    29.9936      1.292  256.15404  256.40176     3.8556     6.9095 0.0000e+00
 147.516169      1.339    15.0184  37.382073    29.9951      1.327  256.16081  256.40845     3.8556     6.9095 0.0000e+00
 147.516172      1.373    15.0183  37.387054    29.9930      1.361  256.16413  256.41179     3.8634     6.9095 0.0000e+00
 147.516175      1.401    15.0181  37.389945    29.9953      1.388  256.16081  256.40845     3.8556     6.9095 -9.990e-29
 147.516178      1.426    15.0181  37.389822    29.9978      1.413  256.15649  256.40412     2.7506     6.6628 -9.990e-29
 147.516181      1.446    15.0185  37.389514    29.9972      1.433  256.15552  256.40317     2.6883     6.6749 -9.990e-29
 147.516183      1.464    15.0190  37.389822    29.9970      1.451  256.15300  256.40068     2.8751     6.6749 -9.990e-29
 147.516186      1.479    15.0190  37.389945    29.9972      1.466  256.15282  256.40049     2.7194     6.6871 -9.990e-29
 147.516189      1.499    15.0192  37.390745    29.9961      1.486  256.15390  256.40159     5.2875     8.4946 -9.990e-29
 147.516192      1.526    15.0192  37.388900    29.9962      1.513  256.15372  256.40141     5.2408     8.5047 0.0000e+00
 147.516195      1.557    15.0192  37.389146    29.9961      1.543  256.15390  256.40159     5.2253     8.4946 0.0000e+00
 147.516198      1.594    15.0190  37.387547    29.9952      1.580  256.15665  256.40435     5.2253     8.4784 0.0000e+00
 147.516201      1.630    15.0189  37.387732    29.9950      1.616  256.15668  256.40437     5.2253     8.4703 0.0000e+00
 147.516204      1.660    15.0189  37.386809    29.9949      1.645  256.15770  256.40540     4.7038     7.4372 0.0000e+00
 147.516207      1.689    15.0188  37.388224    29.9945      1.674  256.15873  256.40642     4.1202     6.3959 -9.990e-29
 147.516209      1.711    15.0185  37.389331    29.9969      1.696  256.15568  256.40334     4.0268     6.3191 -9.990e-29
 147.516212      1.726    15.0185  37.388900    29.9965      1.710  256.15666  256.40431     4.1513     6.3636 -9.990e-29
 147.516215      1.740    15.0189  37.382690    29.9907      1.725  256.16496  256.41268     3.5288     6.3191 -9.990e-29
 147.516218      1.753    15.0195  37.389761    29.9965      1.737  256.15122  256.39893     3.6222     6.3878 -9.990e-29
 147.516221      1.765    15.0195  37.388901    29.9958      1.750  256.15288  256.40059     3.6066     6.3474 -9.990e-29
 147.516224      1.787    15.0193  37.386933    29.9941      1.771  256.15657  256.40428     3.5599     6.3636 -9.990e-29
 147.516227      1.811    15.0187  37.387302    29.9940      1.795  256.16001  256.40769     3.6222     6.6143 -9.990e-29
 147.516230      1.848    15.0186  37.386257    29.9957      1.831  256.15737  256.40504     3.5366     6.5981 0.0000e+00
 147.516233      1.890    15.0186  37.390008    29.9974      1.873  256.15473  256.40238     3.4821     6.6143 0.0000e+00
 147.516236      1.930    15.0186  37.390193    29.9974      1.913  256.15419  256.40185     3.4821     6.5819 0.0000e+00
 147.516238      1.970    15.0187  37.390008    29.9973      1.952  256.15417  256.40182     4.0580     6.1614 0.0000e+00
 147.516241      1.999    15.0190  37.389947    29.9971      1.981  256.15323  256.40090     4.0891     6.0421 0.0000e+00
 147.516244      2.030    15.0192  37.380846    29.9968      2.012  256.15226  256.39995     4.0580     5.9228 -9.990e-29
 147.516247      2.052    15.0188  37.382691    29.9907      2.034  256.16544  256.41316     4.0113     5.8824 -9.990e-29
 147.516250      2.070    15.0184  37.388225    29.9959      2.052  256.15823  256.40588     4.0580     5.9269 -9.990e-29
 147.516253      2.090    15.0187  37.387303    29.9948      2.072  256.15852  256.40619     5.0229     6.1735 -9.990e-29
 147.516256      2.107    15.0186  37.380785    29.9891      2.088  256.16906  256.41678     5.0074     6.1695 -9.990e-29
 147.516259      2.128    15.0192  37.386626    29.9938      2.109  256.15784  256.40555     4.9918     6.1533 -9.990e-29
 147.516262      2.148    15.0197  37.388471    29.9951      2.129  256.15291  256.40064     5.0696     6.1654 -9.990e-29
 147.516264      2.172    15.0200  37.389332    29.9932      2.153  256.15457  256.40233     5.3031     7.0672 -9.990e-29
 147.516267      2.201    15.0200  37.386688    29.9929      2.181  256.15521  256.40297     5.3031     7.0530 0.0000e+00
 147.516270      2.230    15.0200  37.385889    29.9932      2.210  256.15457  256.40233     5.3031     7.0550 0.0000e+00
 147.516273      2.263    15.0199  37.388226    29.9946      2.243  256.15249  256.40023     5.3031     7.0389 0.0000e+00
 147.516276      2.296    15.0199  37.389148    29.9950      2.275  256.15177  256.39951     5.5054     6.6931 0.0000e+00
 147.516279      2.323    15.0199  37.389087    29.9954      2.302  256.15106  256.39879     5.7856     6.3312 -9.990e-29
 147.516282      2.347    15.0199  37.387304    29.9938      2.326  256.15428  256.40202     5.7856     6.3514 -9.990e-29
 147.516285      2.371    15.0201  37.388657    29.9949      2.349  256.15129  256.39904     5.7078     6.3272 -9.990e-29
 147.516288      2.392    15.0203  37.388903    29.9949      2.371  256.15004  256.39780     5.8634     6.3434 -9.990e-29
 147.516291      2.414    15.0205  37.383368    29.9898      2.393  256.15786  256.40568     6.0502     6.5536 -9.990e-29
 147.516293      2.438    15.0205  37.386012    29.9921      2.416  256.15373  256.40152     5.9257     6.5698 -9.990e-29
 147.516296      2.458    15.0203  37.388226    29.9943      2.436  256.15114  256.39891     5.9568     6.5375 -9.990e-29
 147.516299      2.473    15.0202  37.389333    29.9933      2.451  256.15359  256.40135     6.8284     7.2047 -9.990e-29
 147.516302      2.500    15.0201  37.387058    29.9937      2.478  256.15331  256.40107     6.8206     7.2047 0.0000e+00
 147.516305      2.531    15.0200  37.387796    29.9937      2.509  256.15359  256.40135     6.8128     7.2047 0.0000e+00
 147.516308      2.560    15.0196  37.387058    29.9937      2.538  256.15568  256.40341     6.8128     7.2006 0.0000e+00
 147.516311      2.597    15.0191  37.383430    29.9937      2.574  256.15815  256.40586     6.6572     7.2006 0.0000e+00
 147.516314      2.628    15.0191  37.386813    29.9937      2.605  256.15963  256.40733     5.7233     6.2423 0.0000e+00
 147.516317      2.663    15.0190  37.386444    29.9938      2.639  256.15889  256.40660     5.7233     6.2342 0.0000e+00
 147.516319      2.692    15.0189  37.384292    29.9937      2.668  256.15963  256.40733     5.7233     6.2423 -9.990e-29
 147.516322      2.717    15.0191  37.386383    29.9935      2.693  256.15888  256.40659     5.8478     6.2180 -9.990e-29
 147.516325      2.741    15.0194  37.388228    29.9949      2.717  256.15483  256.40254     5.2253     6.9095 -9.990e-29
 147.516328      2.767    15.0198  37.386629    29.9931      2.742  256.15589  256.40364     5.2875     6.9418 -9.990e-29
 147.516331      2.789    15.0200  37.389335    29.9954      2.764  256.15078  256.39852     5.2875     6.9256 -9.990e-29
 147.516334      2.803    15.0207  37.388904    29.9945      2.778  256.14883  256.39661     5.2875     6.9499 -9.990e-29
 147.516337      2.821    15.0212  37.390626    29.9956      2.796  256.14437  256.39217     5.4276     6.9337 -9.990e-29
 147.516340      2.841    15.0216  37.390503    29.9952      2.816  256.14282  256.39065     6.6261     6.0239 -9.990e-29
 147.516343      2.860    15.0221  37.389089    29.9917      2.834  256.14650  256.39438     6.5638     6.0239 -9.990e-29
 147.516345      2.891    15.0217  37.387059    29.9920      2.865  256.14808  256.39593     6.5249     6.0219 0.0000e+00
 147.516348      2.920    15.0212  37.387121    29.9924      2.894  256.14650  256.39438     6.5638     6.0239 0.0000e+00
 147.516351      2.955    15.0212  37.390257    29.9943      2.928  256.14748  256.39528     8.0580     7.4392 0.0000e+00
 147.516354      2.989    15.0210  37.389089    29.9945      2.963  256.14711  256.39491     8.0580     7.4473 0.0000e+00
 147.516357      3.024    15.0210  37.389335    29.9943      2.997  256.14711  256.39491     8.0113     7.4473 0.0000e+00
 147.516360      3.055    15.0212  37.389151    29.9943      3.028  256.14684  256.39465     7.9646     7.4473 0.0000e+00
 147.516363      3.082    15.0212  37.389335    29.9943      3.055  256.14656  256.39436     6.1358     8.1105 0.0000e+00
 147.516366      3.112    15.0212  37.391181    29.9943      3.084  256.14627  256.39408     4.2603     8.7736 -9.990e-29
 147.516369      3.135    15.0209  37.386937    29.9924      3.107  256.15124  256.39905     4.3537     8.8181 -9.990e-29
 147.516372      3.153    15.0208  37.388659    29.9941      3.125  256.14913  256.39692     4.3692     8.8059 -9.990e-29
 147.516374      3.170    15.0207  37.389951    29.9953      3.142  256.14741  256.39519     4.4471     6.3717 -9.990e-29
 147.516377      3.188    15.0212  37.392534    29.9972      3.160  256.14161  256.38939     4.4938     6.3474 -9.990e-29
 147.516380      3.206    15.0214  37.388659    29.9936      3.178  256.14682  256.39465     4.5716     6.3353 -9.990e-29
 147.516383      3.226    15.0210  37.390012    29.9929      3.198  256.15005  256.39787     4.5560     6.3191 -9.990e-29
 147.516386      3.252    15.0208  37.387553    29.9938      3.223  256.14939  256.39719     4.9374     6.8529 0.0000e+00
 147.516389      3.279    15.0206  37.389336    29.9947      3.250  256.15005  256.39787     5.3187     7.3664 0.0000e+00
 147.516392      3.309    15.0202  37.389336    29.9947      3.279  256.15022  256.39797     5.3187     7.3664 0.0000e+00
 147.516395      3.340    15.0201  37.388906    29.9949      3.310  256.15150  256.39925     5.3187     7.3664 0.0000e+00
 147.516398      3.372    15.0199  37.388906    29.9949      3.342  256.15150  256.39925     5.2564     7.3624 0.0000e+00
 147.516400      3.407    15.0198  37.390013    29.9949      3.376  256.15240  256.40013     4.6027     6.6749 0.0000e+00
 147.516403      3.436    15.0198  37.388660    29.9959      3.406  256.15097  256.39870     4.4782     6.6588 0.0000e+00
 147.516406      3.471    15.0199  37.391489    29.9959      3.440  256.15046  256.39819     4.5404     6.6547 0.0000e+00
 147.516409      3.498    15.0200  37.391182    29.9971      3.467  256.14781  256.39554     4.4782     6.6507 -9.990e-29
 147.516412      3.517    15.0209  37.389091    29.9942      3.485  256.14839  256.39618     4.5093     6.7962 -9.990e-29
 147.516415      3.537    15.0209  37.392781    29.9975      3.505  256.14231  256.39008     4.5093     6.8165 -9.990e-29
 147.516418      3.553    15.0212  37.391490    29.9961      3.521  256.14347  256.39127     4.6027     6.7922 -9.990e-29
 147.516421      3.575    15.0215  37.390014    29.9945      3.543  256.14434  256.39216     4.5716     6.7841 -9.990e-29
