seaocn-cb/data/ctd_cnv/SBE19plus_01907321_2024_05_22_Cast19.cnv
* Sea-Bird SBE19plus  Data File:
* FileName = E:\Prandtl_Daten\2024\CTD\raw\SBE19plus_01907321_2024_05_22_Cast19.hex
* Software version 2.6.1.12
* Temperature SN = 7321
* Conductivity SN = 7321
* System UpLoad Time = May 22 2024 15:32:52
* <ApplicationData>
* <Seaterm232>
** 20240522
** Sea Practical 2024
** MCat 22.05 CTD_SP1
** NMEA Latitude = 054 7.81N
** NMEA Longitude = 008 46.42E
** waterdepth = 11.80m
** Clemens
# nquan = 11
# nvalues = 374                         
# units = specified
# name 0 = timeJ: Julian Days
# name 1 = prdM: Pressure, Strain Gauge [db]
# name 2 = tv290C: Temperature [ITS-90, deg C]
# name 3 = c0mS/cm: Conductivity [mS/cm]
# name 4 = sal00: Salinity, Practical [PSU]
# name 5 = depSM: Depth [salt water, m], lat = 54.00
# name 6 = oxsatMm/Kg: Oxygen Saturation, Weiss [umol/kg]
# name 7 = oxsolMm/Kg: Oxygen Saturation, Garcia & Gordon [umol/kg]
# name 8 = turbWETntu0: Turbidity, WET Labs ECO [NTU]
# name 9 = flECO-AFL: Fluorescence, WET Labs ECO-AFL/FL [mg/m^3]
# name 10 = flag:  0.000e+00
# span 0 = 143.643912, 143.644991       
# span 1 =      0.952,     10.761       
# span 2 =    17.6726,    17.6881       
# span 3 =  35.311469,  35.365786       
# span 4 =    26.3356,    26.3856       
# span 5 =      0.943,     10.665       
# span 6 =  249.12427,  249.16222       
# span 7 =  249.51499,  249.55321       
# span 8 =     0.7272,    37.2564       
# span 9 =     3.2095,     6.8852       
# span 10 = 0.0000e+00, 0.0000e+00      
# interval = seconds: 0.25
# start_time = May 22 2024 15:25:59 [Instrument's time stamp, header]
# bad_flag = -9.990e-29
*END*
[from data line 132]
 143.644294      4.481    17.6763  35.359269    26.3799      4.441  249.13157  249.52208    10.4548     4.0547 -9.990e-29
 143.644297      4.490    17.6761  35.356744    26.3779      4.450  249.13572  249.52623    11.3576     4.1679 -9.990e-29
 143.644300      4.512    17.6751  35.359270    26.3766      4.472  249.14287  249.53335    11.4976     4.1962 -9.990e-29
 143.644303      4.543    17.6750  35.354339    26.3778      4.502  249.14107  249.53154    11.5209     4.1921 0.0000e+00
 143.644306      4.581    17.6750  35.357165    26.3790      4.540  249.13927  249.52974    11.5443     4.1881 0.0000e+00
 143.644308      4.627    17.6749  35.358669    26.3803      4.586  249.13783  249.52828    11.5443     4.1881 0.0000e+00
 143.644311      4.680    17.6749  35.360172    26.3803      4.638  249.13759  249.52805    11.5443     4.4914 0.0000e+00
 143.644314      4.731    17.6750  35.358429    26.3812      4.688  249.13545  249.52590    11.5599     4.4995 0.0000e+00
 143.644317      4.773    17.6752  35.360173    26.3806      4.730  249.13591  249.52638    11.5755     4.4954 0.0000e+00
 143.644320      4.804    17.6753  35.359752    26.3812      4.761  249.13423  249.52470    11.5599     4.4995 -9.990e-29
 143.644323      4.824    17.6753  35.353739    26.3758      4.781  249.14290  249.53339     7.6533     4.0466 -9.990e-29
 143.644326      4.837    17.6756  35.356084    26.3776      4.793  249.13869  249.52919     7.5443     4.0425 -9.990e-29
 143.644329      4.848    17.6754  35.359932    26.3809      4.804  249.13398  249.52445     7.4976     4.0425 -9.990e-29
 143.644332      4.853    17.6755  35.359090    26.3802      4.809  249.13483  249.52531     7.5132     4.0264 -9.990e-29
 143.644334      4.860    17.6758  35.351995    26.3741      4.817  249.14345  249.53397     8.0268     4.0668 -9.990e-29
 143.644337      4.875    17.6764  35.355663    26.3790      4.831  249.13232  249.52284     7.9801     4.0466 -9.990e-29
 143.644340      4.904    17.6764  35.358429    26.3779      4.860  249.13412  249.52465     7.9879     4.0587 0.0000e+00
 143.644343      4.940    17.6764  35.355843    26.3777      4.896  249.13413  249.52466     7.9801     4.0587 0.0000e+00
 143.644346      4.982    17.6764  35.356926    26.3768      4.938  249.13593  249.52646     5.7856     4.0587 0.0000e+00
 143.644349      5.028    17.6763  35.354461    26.3777      4.983  249.13413  249.52466     5.7856     4.0587 0.0000e+00
 143.644352      5.073    17.6763  35.358009    26.3766      5.028  249.13595  249.52649     5.8167     4.0506 0.0000e+00
 143.644355      5.117    17.6765  35.355664    26.3766      5.071  249.13595  249.52649     5.8167     4.0466 0.0000e+00
 143.644358      5.155    17.6767  35.352657    26.3752      5.109  249.13727  249.52782     5.7700     4.0344 0.0000e+00
 143.644361      5.185    17.6769  35.355002    26.3738      5.138  249.13858  249.52915     5.6766     4.0223 -9.990e-29
 143.644363      5.205    17.6780  35.353499    26.3738      5.158  249.13365  249.52426     5.0852     4.1194 -9.990e-29
 143.644366      5.225    17.6780  35.350914    26.3717      5.178  249.13726  249.52788     5.0696     4.1436 -9.990e-29
 143.644369      5.238    17.6777  35.351575    26.3724      5.191  249.13729  249.52789     5.0229     4.0830 -9.990e-29
 143.644372      5.256    17.6774  35.351154    26.3722      5.209  249.13883  249.52943     4.4004     3.8080 -9.990e-29
 143.644375      5.269    17.6774  35.350914    26.3720      5.222  249.13917  249.52977     4.3226     3.8080 -9.990e-29
 143.644378      5.284    17.6776  35.352417    26.3731      5.237  249.13646  249.52705     4.2914     3.7676 -9.990e-29
 143.644381      5.302    17.6780  35.350734    26.3715      5.255  249.13723  249.52786     4.2914     3.8080 -9.990e-29
 143.644384      5.320    17.6782  35.350493    26.3710      5.273  249.13721  249.52784     3.5132     4.9928 -9.990e-29
 143.644387      5.346    17.6784  35.350313    26.3716      5.298  249.13558  249.52621     3.5755     4.9847 0.0000e+00
 143.644389      5.388    17.6785  35.351996    26.3710      5.340  249.13721  249.52784     3.5910     4.9928 0.0000e+00
 143.644392      5.436    17.6787  35.347728    26.3716      5.387  249.13394  249.52458     3.6377     4.9766 0.0000e+00
 143.644395      5.494    17.6792  35.351816    26.3689      5.445  249.13379  249.52449     4.9918     4.1800 0.0000e+00
 143.644398      5.551    17.6796  35.348991    26.3696      5.501  249.13141  249.52208     5.1008     4.1800 0.0000e+00
 143.644401      5.594    17.6798  35.350073    26.3693      5.544  249.13242  249.52312     5.0463     4.1800 0.0000e+00
 143.644404      5.627    17.6800  35.348329    26.3696      5.577  249.13105  249.52176     5.1008     4.1800 -9.990e-29
 143.644407      5.649    17.6797  35.350494    26.3701      5.599  249.13143  249.52213     4.9296     4.1679 -9.990e-29
 143.644410      5.651    17.6795  35.349472    26.3694      5.600  249.13380  249.52449     6.0191     4.0385 -9.990e-29
 143.644413      5.649    17.6794  35.353320    26.3726      5.599  249.12876  249.51943     6.1280     4.0344 -9.990e-29
 143.644416      5.644    17.6792  35.351576    26.3713      5.593  249.13182  249.52249     6.0191     4.0506 -9.990e-29
 143.644418      5.644    17.6790  35.351576    26.3715      5.593  249.13276  249.52342     6.0502     4.0466 -9.990e-29
 143.644421      5.651    17.6790  35.351336    26.3733      5.601  249.12977  249.52042     5.7856     3.8646 -9.990e-29
 143.644424      5.680    17.6790  35.353741    26.3730      5.629  249.13040  249.52105     5.7622     3.8727 0.0000e+00
 143.644427      5.726    17.6789  35.353080    26.3727      5.675  249.13102  249.52167     5.7856     3.8808 0.0000e+00
 143.644430      5.790    17.6789  35.349232    26.3714      5.738  249.13255  249.52321     5.7856     3.8848 0.0000e+00
 143.644433      5.859    17.6790  35.351577    26.3709      5.807  249.13255  249.52321     6.5171     4.3013 0.0000e+00
 143.644436      5.921    17.6792  35.351156    26.3712      5.868  249.13254  249.52321     6.5482     4.3215 0.0000e+00
 143.644439      5.967    17.6793  35.351818    26.3711      5.913  249.13162  249.52229     6.5871     4.3236 0.0000e+00
 143.644442      6.001    17.6795  35.351818    26.3712      5.948  249.13069  249.52137     6.5482     4.3215 -9.990e-29
 143.644444      6.014    17.6787  35.354584    26.3740      5.960  249.12970  249.52034     8.5716     4.1436 -9.990e-29
 143.644447      6.020    17.6783  35.355246    26.3748      5.966  249.13036  249.52098     8.6183     4.1234 -9.990e-29
 143.644450      6.018    17.6780  35.357170    26.3766      5.964  249.12863  249.51922     8.4938     4.1032 -9.990e-29
 143.644453      6.018    17.6778  35.356087    26.3759      5.964  249.13108  249.52167     8.5716     4.0991 -9.990e-29
 143.644456      6.022    17.6775  35.358252    26.3778      5.968  249.12901  249.51958     8.4938     4.1072 -9.990e-29
 143.644459      6.031    17.6772  35.357771    26.3776      5.977  249.13095  249.52150     9.4587     4.8310 -9.990e-29
 143.644462      6.049    17.6763  35.355847    26.3802      5.995  249.13109  249.52160     9.5210     4.7946 -9.990e-29
 143.644465      6.078    17.6762  35.360177    26.3797      6.024  249.13234  249.52284     9.5366     4.7744 0.0000e+00
 143.644468      6.118    17.6761  35.358854    26.3792      6.064  249.13358  249.52408     9.5210     4.7542 0.0000e+00
 143.644470      6.168    17.6761  35.357591    26.3781      6.112  249.13536  249.52587     6.8284     4.1881 0.0000e+00
 143.644473      6.217    17.6761  35.357171    26.3779      6.161  249.13660  249.52710     6.7817     4.1881 0.0000e+00
 143.644476      6.262    17.6760  35.356329    26.3773      6.206  249.13684  249.52737     6.7506     4.1800 0.0000e+00
 143.644479      6.304    17.6761  35.356510    26.3772      6.248  249.13704  249.52756     6.7661     4.1800 0.0000e+00
 143.644482      6.339    17.6760  35.358013    26.3773      6.282  249.13724  249.52776     6.7506     4.1517 -9.990e-29
 143.644485      6.364    17.6759  35.356750    26.3775      6.307  249.13725  249.52776     7.9490     4.2043 -9.990e-29
 143.644488      6.383    17.6761  35.358855    26.3791      6.325  249.13370  249.52421     8.0268     4.1881 -9.990e-29
 143.644491      6.392    17.6759  35.352842    26.3743      6.335  249.14270  249.53323     8.0268     4.1881 -9.990e-29
 143.644494      6.406    17.6757  35.360178    26.3805      6.349  249.13345  249.52393     8.5405     4.1032 -9.990e-29
 143.644497      6.414    17.6756  35.358013    26.3787      6.356  249.13678  249.52727     8.4471     4.1274 -9.990e-29
 143.644499      6.430    17.6753  35.359096    26.3798      6.373  249.13623  249.52670     8.4626     4.1032 -9.990e-29
 143.644502      6.450    17.6752  35.357352    26.3797      6.393  249.13721  249.52768     8.4315     4.1355 -9.990e-29
 143.644505      6.477    17.6752  35.358855    26.3793      6.420  249.13765  249.52812     8.8907     4.1921 0.0000e+00
 143.644508      6.517    17.6752  35.358014    26.3797      6.459  249.13721  249.52768     9.1008     4.2407 0.0000e+00
 143.644511      6.561    17.6752  35.359277    26.3789      6.502  249.13809  249.52857     9.3187     4.2488 0.0000e+00
 143.644514      6.603    17.6752  35.356751    26.3793      6.544  249.13788  249.52835     9.2875     4.2568 0.0000e+00
 143.644517      6.640    17.6752  35.358435    26.3793      6.580  249.13788  249.52835     9.2875     4.2649 0.0000e+00
 143.644520      6.671    17.6753  35.359517    26.3796      6.611  249.13666  249.52713     9.1163     4.4368 0.0000e+00
 143.644523      6.698    17.6754  35.357593    26.3800      6.638  249.13544  249.52592     8.9451     4.6167 -9.990e-29
 143.644525      6.720    17.6756  35.360600    26.3808      6.660  249.13333  249.52381     9.0074     4.6369 -9.990e-29
 143.644528      6.746    17.6756  35.357173    26.3780      6.685  249.13811  249.52861     8.9296     4.6410 -9.990e-29
 143.644531      6.769    17.6758  35.358676    26.3791      6.709  249.13540  249.52590     9.1008     4.7299 -9.990e-29
 143.644534      6.789    17.6754  35.358075    26.3788      6.728  249.13751  249.52799     9.3031     4.7340 -9.990e-29
 143.644537      6.813    17.6754  35.357353    26.3782      6.752  249.13852  249.52901     9.3187     4.7502 -9.990e-29
 143.644540      6.835    17.6753  35.358676    26.3793      6.774  249.13701  249.52749     9.1630     4.7582 -9.990e-29
 143.644543      6.853    17.6751  35.356331    26.3787      6.792  249.13923  249.52970    10.7506     4.0749 -9.990e-29
 143.644546      6.880    17.6752  35.357774    26.3800      6.819  249.13698  249.52745    10.7584     4.0709 0.0000e+00
 143.644549      6.906    17.6751  35.360781    26.3798      6.844  249.13869  249.52915    10.7506     4.0708 0.0000e+00
 143.644552      6.931    17.6748  35.358857    26.3798      6.870  249.13869  249.52915    10.6883     4.0668 0.0000e+00
 143.644554      6.962    17.6748  35.357354    26.3795      6.900  249.14080  249.53126    10.6883     4.0708 0.0000e+00
 143.644557      6.992    17.6746  35.358256    26.3792      6.929  249.14082  249.53126    11.9179     4.3458 0.0000e+00
 143.644560      7.023    17.6746  35.358015    26.3792      6.960  249.14085  249.53130    11.9179     4.3741 0.0000e+00
 143.644563      7.061    17.6746  35.353746    26.3780      6.998  249.14298  249.53344    11.8868     4.3741 0.0000e+00
 143.644566      7.099    17.6746  35.356512    26.3780      7.036  249.14298  249.53344    11.8712     4.3822 0.0000e+00
 143.644569      7.141    17.6746  35.359940    26.3794      7.077  249.14076  249.53122    11.6066     4.4368 0.0000e+00
 143.644572      7.172    17.6745  35.359279    26.3808      7.108  249.13855  249.52899    11.3264     4.4914 -9.990e-29
 143.644575      7.196    17.6747  35.356332    26.3777      7.132  249.14296  249.53343    11.4043     4.4752 -9.990e-29
 143.644578      7.214    17.6743  35.361023    26.3818      7.150  249.13771  249.52813    11.2331     4.5116 -9.990e-29
 143.644580      7.231    17.6744  35.359519    26.3805      7.166  249.13949  249.52993    10.7506     4.5156 -9.990e-29
 143.644583      7.251    17.6743  35.360361    26.3813      7.186  249.13865  249.52907    10.7973     4.5116 -9.990e-29
 143.644586      7.269    17.6744  35.359941    26.3808      7.204  249.13893  249.52936    10.7973     4.5116 -9.990e-29
 143.644589      7.295    17.6742  35.361444    26.3822      7.229  249.13748  249.52790    10.8128     4.4995 -9.990e-29
 143.644592      7.309    17.6741  35.358437    26.3809      7.244  249.14047  249.53089    11.9957     4.6774 -9.990e-29
 143.644595      7.338    17.6740  35.359760    26.3817      7.273  249.13962  249.53004    11.9802     4.6794 0.0000e+00
 143.644598      7.366    17.6739  35.361444    26.3812      7.300  249.14047  249.53089    11.9646     4.6814 0.0000e+00
 143.644601      7.404    17.6737  35.359941    26.3813      7.338  249.14151  249.53192    11.9334     4.6855 0.0000e+00
 143.644604      7.437    17.6737  35.359941    26.3812      7.371  249.14184  249.53224    11.8712     4.6895 0.0000e+00
 143.644606      7.474    17.6738  35.359280    26.3806      7.407  249.14215  249.53256    10.5171     4.9321 0.0000e+00
 143.644609      7.505    17.6738  35.357596    26.3806      7.438  249.14215  249.53256    10.5171     4.9483 0.0000e+00
 143.644612      7.532    17.6738  35.360182    26.3803      7.465  249.14272  249.53313    10.5249     4.9524 0.0000e+00
 143.644615      7.559    17.6738  35.359942    26.3814      7.492  249.14092  249.53133    10.5949     4.9564 -9.990e-29
 143.644618      7.581    17.6737  35.360182    26.3814      7.514  249.14126  249.53167     8.8050     4.2528 -9.990e-29
 143.644621      7.605    17.6740  35.356514    26.3782      7.537  249.14543  249.53586     8.7117     4.2407 -9.990e-29
 143.644624      7.629    17.6740  35.360784    26.3817      7.561  249.13950  249.52992     8.7272     4.2326 -9.990e-29
 143.644627      7.654    17.6741  35.355853    26.3776      7.586  249.14606  249.53650     8.7272     4.2447 -9.990e-29
 143.644630      7.676    17.6747  35.359100    26.3788      7.608  249.14120  249.53166     8.6961     4.5722 -9.990e-29
 143.644633      7.702    17.6748  35.357777    26.3792      7.633  249.13997  249.53043     8.7661     4.5540 0.0000e+00
 143.644635      7.727    17.6748  35.359100    26.3788      7.658  249.14120  249.53166     8.8362     4.5561 0.0000e+00
 143.644638      7.755    17.6749  35.353929    26.3785      7.685  249.13998  249.53045     8.8362     4.5520 0.0000e+00
 143.644641      7.784    17.6750  35.357777    26.3780      7.714  249.14052  249.53099     8.7739     4.5520 0.0000e+00
 143.644644      7.811    17.6751  35.357176    26.3785      7.741  249.13998  249.53045     7.8556     4.3215 0.0000e+00
 143.644647      7.846    17.6753  35.359101    26.3794      7.776  249.13691  249.52739     7.8089     4.3175 0.0000e+00
 143.644650      7.875    17.6753  35.359281    26.3795      7.805  249.13691  249.52739     7.7934     4.3215 0.0000e+00
 143.644653      7.906    17.6750  35.359943    26.3799      7.835  249.13703  249.52749     7.7934     4.3175 0.0000e+00
 143.644656      7.933    17.6748  35.359281    26.3799      7.862  249.13891  249.52936     8.7895     4.3134 0.0000e+00
 143.644659      7.959    17.6748  35.358680    26.3799      7.888  249.13891  249.52936     8.7895     4.3054 0.0000e+00
 143.644661      7.988    17.6749  35.359943    26.3793      7.917  249.13944  249.52990     8.7272     4.3134 0.0000e+00
 143.644664      8.017    17.6749  35.357838    26.3803      7.946  249.13738  249.52784     8.7272     4.3256 0.0000e+00
 143.644667      8.043    17.6749  35.360184    26.3786      7.971  249.14033  249.53079     9.7389     4.6329 0.0000e+00
