seaocn-cb/data/ctd_cnv/SBE19plus_01907321_2024_05_25_Cast54.cnv
* Sea-Bird SBE19plus  Data File:
* FileName = E:\Prandtl_Daten\2024\25052024\raw\SBE19plus_01907321_2024_05_25_Cast54.hex
* Software version 2.6.1.12
* Temperature SN = 7321
* Conductivity SN = 7321
* System UpLoad Time = May 25 2024 09:12:07
* <ApplicationData>
* <Seaterm232>
** 20240525
** Sea Practical 2024
** MCat 25.05 CTD_SP8
** NMEA Latitude = 054 8.79N
** NMEA Longitude = 008 15.53E
** waterdepth =16.2m
** Till
# nquan = 11
# nvalues = 558                         
# units = specified
# name 0 = timeJ: Julian Days
# name 1 = prdM: Pressure, Strain Gauge [db]
# name 2 = tv290C: Temperature [ITS-90, deg C]
# name 3 = c0mS/cm: Conductivity [mS/cm]
# name 4 = sal00: Salinity, Practical [PSU]
# name 5 = depSM: Depth [salt water, m], lat = 54.00
# name 6 = oxsatMm/Kg: Oxygen Saturation, Weiss [umol/kg]
# name 7 = oxsolMm/Kg: Oxygen Saturation, Garcia & Gordon [umol/kg]
# name 8 = turbWETntu0: Turbidity, WET Labs ECO [NTU]
# name 9 = flECO-AFL: Fluorescence, WET Labs ECO-AFL/FL [mg/m^3]
# name 10 = flag:  0.000e+00
# span 0 = 146.379427, 146.381039       
# span 1 =      0.821,     15.594       
# span 2 =    13.4533,    14.9757       
# span 3 =  36.975228,  37.666759       
# span 4 =    29.6674,    31.4872       
# span 5 =      0.814,     15.454       
# span 6 =  256.95192,  261.74743       
# span 7 =  257.20000,  261.89429       
# span 8 =    -4.6736,     8.8206       
# span 9 =     3.8565,     9.1213       
# span 10 = 0.0000e+00, 0.0000e+00      
# interval = seconds: 0.25
# start_time = May 25 2024 09:05:00 [Instrument's time stamp, header]
# bad_flag = -9.990e-29
*END*
[from data line 263]
 146.380188      8.279    13.7605  37.606047    31.1862      8.205  260.63954  260.80754    -0.8759     8.9050 0.0000e+00
 146.380191      8.324    13.7581  37.609808    31.1899      8.250  260.64588  260.81370    -0.8759     8.9030 0.0000e+00
 146.380194      8.372    13.7555  37.612521    31.1944      8.297  260.65141  260.81905    -2.6035     8.1913 0.0000e+00
 146.380197      8.425    13.7491  37.616652    31.2035      8.349  260.66949  260.83666    -2.6813     8.1630 0.0000e+00
 146.380200      8.474    13.7369  37.618503    31.2151      8.398  260.71370  260.88005    -2.6969     8.1630 0.0000e+00
 146.380203      8.514    13.7257  37.619306    31.2249      8.438  260.75564  260.92123    -2.6969     8.1549 0.0000e+00
 146.380205      8.549    13.7211  37.622698    31.2303      8.472  260.77101  260.93627    -2.2845     7.8273 0.0000e+00
 146.380208      8.574    13.7164  37.626090    31.2356      8.497  260.78637  260.95131    -1.8564     7.4998 -9.990e-29
 146.380211      8.593    13.7036  37.627077    31.2501      8.516  260.82861  260.99266    -1.9187     7.5201 -9.990e-29
 146.380214      8.598    13.6954  37.626770    31.2564      8.521  260.86090  261.02440    -1.8409     7.4998 -9.990e-29
 146.380217      8.598    13.6895  37.628682    31.2631      8.521  260.88088  261.04397    -1.8253     8.1711 -9.990e-29
 146.380220      8.596    13.6810  37.632752    31.2738      8.519  260.90698  261.06947    -1.9498     8.1792 -9.990e-29
 146.380223      8.605    13.6704  37.633555    31.2832      8.528  260.94684  261.10861    -1.9809     8.1751 -9.990e-29
 146.380226      8.627    13.6501  37.636517    31.3012      8.550  261.02285  261.18324    -2.0432     8.1509 -9.990e-29
 146.380229      8.658    13.6477  37.635161    31.3037      8.581  261.03117  261.19140    -1.9654     8.1165 0.0000e+00
 146.380231      8.702    13.6453  37.636333    31.3062      8.624  261.03950  261.19956    -1.9031     8.1023 0.0000e+00
 146.380234      8.741    13.6420  37.637382    31.3099      8.662  261.05092  261.21075    -1.8876     8.0902 0.0000e+00
 146.380237      8.782    13.6389  37.637691    31.3126      8.704  261.06216  261.22178    -1.9031     8.1023 0.0000e+00
 146.380240      8.819    13.6366  37.639357    31.3152      8.740  261.06978  261.22924    -1.9187     8.1023 0.0000e+00
 146.380243      8.853    13.6343  37.639296    31.3179      8.774  261.07740  261.23670    -1.9498     8.1145 -9.990e-29
 146.380246      8.877    13.6255  37.641578    31.3272      8.798  261.10802  261.26670    -0.3778     8.6401 -9.990e-29
 146.380249      8.893    13.6225  37.641887    31.3299      8.814  261.11924  261.27771    -0.3778     8.6078 -9.990e-29
 146.380252      8.908    13.6186  37.645094    31.3361      8.828  261.12901  261.28719    -0.4090     8.6159 -9.990e-29
 146.380255      8.928    13.6053  37.645341    31.3478      8.848  261.17932  261.33660     0.5249     9.0243 -9.990e-29
 146.380258      8.961    13.6021  37.645959    31.3514      8.881  261.18995  261.34700     0.6105     9.0365 0.0000e+00
 146.380260      8.999    13.5989  37.648118    31.3550      8.919  261.20058  261.35740     0.5249     9.0445 0.0000e+00
 146.380263      9.043    13.5925  37.653485    31.3652      8.962  261.21645  261.37279     0.5249     9.0445 0.0000e+00
 146.380266      9.092    13.5825  37.660147    31.3795      9.011  261.24413  261.39973    -0.4401     8.2600 0.0000e+00
 146.380269      9.138    13.5674  37.662739    31.3943      9.056  261.29833  261.45290    -0.5490     8.2317 0.0000e+00
 146.380272      9.182    13.5580  37.663359    31.4023      9.100  261.33465  261.48857    -0.6736     8.2297 0.0000e+00
 146.380275      9.213    13.5485  37.663422    31.4104      9.130  261.37097  261.52424    -0.5490     8.2317 -9.990e-29
 146.380278      9.229    13.5294  37.665397    31.4280      9.146  261.44204  261.59400    -0.7514     8.2439 -9.990e-29
 146.380281      9.240    13.5239  37.665459    31.4326      9.157  261.46335  261.61492    -0.7825     8.6280 -9.990e-29
 146.380284      9.244    13.5189  37.662992    31.4344      9.161  261.48691  261.63817    -0.5335     8.6361 -9.990e-29
 146.380286      9.240    13.5163  37.664535    31.4380      9.157  261.49457  261.64564    -0.5024     8.6523 -9.990e-29
 146.380289      9.244    13.5135  37.665645    31.4413      9.161  261.50326  261.65413    -0.6736     8.6482 -9.990e-29
 146.380292      9.253    13.5120  37.665214    31.4421      9.170  261.50998  261.66075     0.3226     7.7667 -9.990e-29
 146.380295      9.275    13.5132  37.663240    31.4414      9.192  261.50504  261.65588     0.4159     7.7950 -9.990e-29
 146.380298      9.302    13.5131  37.665461    31.4412      9.219  261.50619  261.65703     0.3692     7.7768 0.0000e+00
 146.380301      9.335    13.5129  37.664782    31.4414      9.251  261.50734  261.65818     0.3226     7.7950 0.0000e+00
 146.380304      9.371    13.5105  37.664783    31.4429      9.287  261.51678  261.66745    -0.3934     7.9689 0.0000e+00
 146.380307      9.411    13.5061  37.663858    31.4457      9.327  261.53548  261.68586    -0.3934     7.9689 0.0000e+00
 146.380310      9.455    13.5016  37.666141    31.4515      9.371  261.54906  261.69911    -0.3934     7.9649 0.0000e+00
 146.380313      9.492    13.4992  37.664538    31.4519      9.407  261.56120  261.71110    -0.3934     7.9649 0.0000e+00
 146.380315      9.521    13.4965  37.666142    31.4557      9.436  261.56907  261.71877     0.3381     8.4865 0.0000e+00
 146.380318      9.552    13.4938  37.666759    31.4584      9.467  261.57831  261.72783     0.3381     8.4865 0.0000e+00
 146.380321      9.583    13.4922  37.666389    31.4594      9.497  261.58552  261.73492     0.3381     8.4784 0.0000e+00
 146.380324      9.623    13.4901  37.666513    31.4612      9.537  261.59332  261.74258     0.3381     8.4784 0.0000e+00
 146.380327      9.673    13.4889  37.665403    31.4612      9.586  261.60008  261.74927     0.3848     8.4784 0.0000e+00
 146.380330      9.714    13.4874  37.665465    31.4624      9.628  261.60571  261.75479     1.4899     7.4392 0.0000e+00
 146.380333      9.757    13.4862  37.664540    31.4629      9.669  261.61092  261.75994     1.5288     7.4331 0.0000e+00
 146.380336      9.787    13.4851  37.666391    31.4634      9.700  261.61614  261.76508     1.5677     7.4392 -9.990e-29
 146.380339      9.809    13.4815  37.666083    31.4678      9.722  261.62754  261.77622     1.5054     7.4675 -9.990e-29
 146.380341      9.828    13.4799  37.665220    31.4684      9.740  261.63557  261.78414     0.0891     8.1185 -9.990e-29
 146.380344      9.844    13.4784  37.665405    31.4697      9.756  261.64097  261.78944     0.1047     8.0902 -9.990e-29
 146.380347      9.850    13.4779  37.663616    31.4685      9.762  261.64599  261.79444     0.1825     8.1145 -9.990e-29
 146.380350      9.842    13.4781  37.665220    31.4698      9.754  261.64242  261.79087    -0.0043     8.1226 -9.990e-29
 146.380353      9.850    13.4785  37.665035    31.4693      9.762  261.64131  261.78979    -0.5490     7.5767 -9.990e-29
 146.380356      9.864    13.4796  37.665652    31.4692      9.776  261.63522  261.78377    -0.7358     7.6050 -9.990e-29
 146.380359      9.901    13.4803  37.665960    31.4679      9.812  261.63388  261.78249    -0.7047     7.5908 0.0000e+00
 146.380362      9.941    13.4810  37.664357    31.4668      9.852  261.63254  261.78120    -0.6736     7.6050 0.0000e+00
 146.380365      9.985    13.4830  37.666392    31.4666      9.895  261.62144  261.77022    -0.4090     8.1630 0.0000e+00
 146.380367     10.027    13.4849  37.664973    31.4639      9.937  261.61645  261.76537    -0.3311     8.1630 0.0000e+00
 146.380370     10.063    13.4856  37.663863    31.4629      9.973  261.61483  261.76381    -0.3234     8.1752 0.0000e+00
 146.380373     10.089    13.4862  37.664295    31.4618      9.998  261.61322  261.76224    -0.3156     8.1590 -9.990e-29
 146.380376     10.110    13.4872  37.662321    31.4595     10.020  261.61215  261.76125    -0.4712     8.1387 -9.990e-29
 146.380379     10.129    13.4874  37.664541    31.4614     10.038  261.60755  261.75665    -0.2378     8.1751 -9.990e-29
 146.380382     10.149    13.4874  37.664542    31.4614     10.058  261.60757  261.75666    -0.2222     8.1387 -9.990e-29
 146.380385     10.169    13.4872  37.664110    31.4623     10.078  261.60671  261.75579    -0.1599     8.1428 -9.990e-29
 146.380388     10.198    13.4873  37.665405    31.4613     10.107  261.60816  261.75725     0.1514     8.0579 0.0000e+00
 146.380391     10.229    13.4872  37.663370    31.4614     10.137  261.60960  261.75871     0.4626     7.9729 0.0000e+00
 146.380394     10.269    13.4869  37.664110    31.4614     10.177  261.61037  261.75944     0.4626     7.9729 0.0000e+00
 146.380396     10.307    13.4861  37.665467    31.4631     10.215  261.61125  261.76025     0.3537     7.9851 0.0000e+00
 146.380399     10.351    13.4857  37.664974    31.4631     10.259  261.61354  261.76251     0.2914     7.9972 0.0000e+00
 146.380402     10.388    13.4850  37.663864    31.4631     10.295  261.61656  261.76547     0.1202     8.4784 0.0000e+00
 146.380405     10.417    13.4849  37.665406    31.4627     10.324  261.61829  261.76723     0.1202     8.4905 0.0000e+00
 146.380408     10.446    13.4849  37.663618    31.4643     10.353  261.61656  261.76547     0.1202     8.4946 0.0000e+00
 146.380411     10.472    13.4849  37.665900    31.4625     10.378  261.61903  261.76797     0.1513     8.4946 0.0000e+00
 146.380414     10.498    13.4851  37.662754    31.4615     10.404  261.61980  261.76876     0.4159     7.8638 0.0000e+00
 146.380417     10.532    13.4851  37.662693    31.4615     10.438  261.61980  261.76876     0.4471     7.8395 0.0000e+00
 146.380420     10.570    13.4850  37.664975    31.4626     10.476  261.61846  261.76739     0.4315     7.8517 0.0000e+00
 146.380422     10.605    13.4848  37.663865    31.4638     10.510  261.61711  261.76603     0.4471     7.8395 -9.990e-29
 146.380425     10.623    13.4844  37.663248    31.4625     10.528  261.62177  261.77068     0.3692     7.8355 -9.990e-29
 146.380428     10.631    13.4842  37.663618    31.4630     10.536  261.62172  261.77061     0.0424     8.0983 -9.990e-29
 146.380431     10.636    13.4842  37.664112    31.4634     10.541  261.62089  261.76978     0.0113     8.1023 -9.990e-29
 146.380434     10.636    13.4845  37.664297    31.4633     10.541  261.61944  261.76835     0.0580     8.1266 -9.990e-29
 146.380437     10.636    13.4841  37.663002    31.4625     10.541  261.62334  261.77223     0.1513     8.1306 -9.990e-29
 146.380440     10.651    13.4823  37.663865    31.4633     10.555  261.63136  261.78013     0.0891     7.8395 -9.990e-29
 146.380443     10.683    13.4817  37.662324    31.4649     10.588  261.63221  261.78093     0.1358     7.8476 0.0000e+00
 146.380446     10.733    13.4810  37.664544    31.4655     10.637  261.63306  261.78172     0.1825     7.8435 0.0000e+00
 146.380448     10.798    13.4804  37.663003    31.4655     10.702  261.63771  261.78634     0.1980     7.8435 0.0000e+00
 146.380451     10.869    13.4799  37.662263    31.4655     10.772  261.64129  261.78989     0.4471     7.5767 0.0000e+00
 146.380454     10.933    13.4785  37.663250    31.4672     10.835  261.64480  261.79330     0.5871     7.5767 0.0000e+00
 146.380457     10.990    13.4777  37.663374    31.4679     10.891  261.64785  261.79629     0.5871     7.5787 0.0000e+00
 146.380460     11.026    13.4769  37.664114    31.4686     10.927  261.65090  261.79929     0.5871     7.5807 -9.990e-29
 146.380463     11.046    13.4754  37.663436    31.4699     10.947  261.65682  261.80511     0.6494     7.6414 -9.990e-29
 146.380466     11.039    13.4744  37.660599    31.4681     10.940  261.66532  261.81357     0.6494     7.6211 -9.990e-29
 146.380469     11.015    13.4729  37.662141    31.4708     10.917  261.66868  261.81681     0.5716     7.6454 -9.990e-29
 146.380472     10.993    13.4717  37.661339    31.4711     10.895  261.67487  261.82292     0.6650     7.6373 -9.990e-29
 146.380475     10.981    13.4705  37.661031    31.4718     10.882  261.67994  261.82792     0.5871     7.6616 -9.990e-29
 146.380477     10.984    13.4684  37.662943    31.4761     10.886  261.68315  261.83096     1.5210     7.3826 -9.990e-29
 146.380480     11.012    13.4682  37.663869    31.4764     10.913  261.68395  261.83175     1.5210     7.3805 0.0000e+00
 146.380483     11.050    13.4679  37.664115    31.4761     10.951  261.68475  261.83253     1.5210     7.3826 0.0000e+00
 146.380486     11.116    13.4678  37.662759    31.4755     11.016  261.68766  261.83544     1.5210     7.3826 0.0000e+00
 146.380489     11.181    13.4676  37.661525    31.4755     11.081  261.69065  261.83842     1.1008     7.7950 0.0000e+00
 146.380492     11.249    13.4668  37.663006    31.4766     11.148  261.69133  261.83903     1.1008     7.8314 0.0000e+00
 146.380495     11.309    13.4664  37.663376    31.4770     11.208  261.69246  261.84014     1.0619     7.8354 0.0000e+00
 146.380498     11.353    13.4660  37.663007    31.4775     11.251  261.69360  261.84124     1.1008     7.8314 -9.990e-29
 146.380501     11.376    13.4651  37.661095    31.4761     11.274  261.70121  261.84881     1.5677     7.6050 -9.990e-29
 146.380503     11.385    13.4643  37.661033    31.4767     11.283  261.70417  261.85172     1.6766     7.5928 -9.990e-29
 146.380506     11.387    13.4632  37.661712    31.4783     11.285  261.70758  261.85505     1.5521     7.5645 -9.990e-29
 146.380509     11.382    13.4619  37.663871    31.4814     11.280  261.70906  261.85642     1.5521     7.5807 -9.990e-29
 146.380512     11.382    13.4614  37.665906    31.4836     11.280  261.70733  261.85464     2.3148     7.7667 -9.990e-29
 146.380515     11.391    13.4626  37.665721    31.4820     11.289  261.70394  261.85134     2.2525     7.7869 -9.990e-29
 146.380518     11.418    13.4622  37.665228    31.4821     11.316  261.70588  261.85325     2.2447     7.7768 0.0000e+00
 146.380521     11.451    13.4618  37.664796    31.4820     11.349  261.70783  261.85517     2.2525     7.7667 0.0000e+00
 146.380524     11.498    13.4610  37.663686    31.4822     11.395  261.71287  261.86017     2.2369     7.7627 0.0000e+00
 146.380527     11.549    13.4602  37.663378    31.4822     11.446  261.71657  261.86381     1.6611     7.7627 0.0000e+00
 146.380530     11.601    13.4592  37.664550    31.4841     11.497  261.71833  261.86550     1.5521     7.7748 0.0000e+00
 146.380532     11.654    13.4589  37.664304    31.4841     11.549  261.72020  261.86735     1.5210     7.7788 0.0000e+00
 146.380535     11.697    13.4589  37.663255    31.4831     11.593  261.72172  261.86889     1.5210     7.7788 0.0000e+00
 146.380538     11.738    13.4589  37.662454    31.4827     11.632  261.72256  261.86973     1.6144     7.6110 0.0000e+00
 146.380541     11.763    13.4589  37.663441    31.4824     11.658  261.72339  261.87056     1.7078     7.4432 -9.990e-29
 146.380544     11.781    13.4587  37.662701    31.4827     11.676  261.72357  261.87073     1.9257     7.4473 -9.990e-29
 146.380547     11.792    13.4582  37.662577    31.4830     11.687  261.72579  261.87291     1.8478     7.4554 -9.990e-29
 146.380550     11.798    13.4581  37.661097    31.4818     11.692  261.72886  261.87599     1.7856     7.5686 -9.990e-29
 146.380553     11.807    13.4579  37.663256    31.4839     11.701  261.72579  261.87288     1.8634     7.5645 -9.990e-29
 146.380556     11.818    13.4582  37.662331    31.4828     11.712  261.72622  261.87334     1.8167     7.5645 -9.990e-29
 146.380558     11.825    13.4583  37.662701    31.4831     11.719  261.72531  261.87244     1.8323     7.5605 -9.990e-29
 146.380561     11.840    13.4586  37.664119    31.4841     11.734  261.72179  261.86892     2.0191     7.6292 -9.990e-29
