seaocn-cb/data/ctd_cnv/SBE19plus_01907321_2024_05_28_Cast94.cnv
* Sea-Bird SBE19plus  Data File:
* FileName = E:\Prandtl_Daten\2024\28052024\raw\SBE19plus_01907321_2024_05_28_Cast94.hex
* Software version 2.6.1.12
* Temperature SN = 7321
* Conductivity SN = 7321
* System UpLoad Time = May 28 2024 12:17:41
* <ApplicationData>
* <Seaterm232>
** 20240527
** Sea Practical 2024
** MCat 27.05 CTD_SP7
** NMEA Latitude = 54 8.36N
** NMEA Longitude = 008 20.85E
** waterdepth = 14.3m
** Isabelle
# nquan = 11
# nvalues = 504                         
# units = specified
# name 0 = timeJ: Julian Days
# name 1 = prdM: Pressure, Strain Gauge [db]
# name 2 = tv290C: Temperature [ITS-90, deg C]
# name 3 = c0mS/cm: Conductivity [mS/cm]
# name 4 = sal00: Salinity, Practical [PSU]
# name 5 = depSM: Depth [salt water, m], lat = 54.00
# name 6 = oxsatMm/Kg: Oxygen Saturation, Weiss [umol/kg]
# name 7 = oxsolMm/Kg: Oxygen Saturation, Garcia & Gordon [umol/kg]
# name 8 = turbWETntu0: Turbidity, WET Labs ECO [NTU]
# name 9 = flECO-AFL: Fluorescence, WET Labs ECO-AFL/FL [mg/m^3]
# name 10 = flag:  0.000e+00
# span 0 = 149.508545, 149.510000       
# span 1 =      0.674,     13.913       
# span 2 =    14.9558,    16.9810       
# span 3 =  37.145872,  37.906227       
# span 4 =    28.4643,    30.5025       
# span 5 =      0.668,     13.788       
# span 6 =  248.98192,  255.59296       
# span 7 =  249.33225,  255.83326       
# span 8 =    -4.5335,    11.0930       
# span 9 =     1.5516,     7.2127       
# span 10 = 0.0000e+00, 0.0000e+00      
# interval = seconds: 0.25
# start_time = May 28 2024 12:11:01 [Instrument's time stamp, header]
# bad_flag = -9.990e-29
*END*
[from data line 132]
 149.508927      4.217    16.0410  37.202637    29.0690      4.179  252.58182  252.88651    -4.0354     3.2580 0.0000e+00
 149.508929      4.306    16.0363  37.209083    29.0752      4.268  252.59462  252.89904    -3.8642     3.1246 0.0000e+00
 149.508932      4.407    16.0276  37.206998    29.0798      4.367  252.63059  252.93458    -3.8642     3.0680 0.0000e+00
 149.508935      4.494    16.0205  37.209270    29.0869      4.454  252.65377  252.95737    -3.8953     3.0518 0.0000e+00
 149.508938      4.564    16.0181  37.214611    29.0909      4.523  252.65873  252.96219    -3.9498     3.0599 0.0000e+00
 149.508941      4.609    16.0157  37.210008    29.0950      4.568  252.66369  252.96701    -4.0043     3.0518 -9.990e-29
 149.508944      4.626    16.0110  37.212709    29.0968      4.584  252.68415  252.98725    -3.7708     3.2378 -9.990e-29
 149.508947      4.613    16.0081  37.220934    29.1061      4.572  252.68254  252.98544    -3.5529     3.2864 -9.990e-29
 149.508950      4.584    16.0039  37.221855    29.1100      4.543  252.69694  252.99961    -3.6774     3.2621 -9.990e-29
 149.508953      4.542    15.9984  37.227012    29.1185      4.501  252.70973  253.01209    -2.9148     3.6948 -9.990e-29
 149.508955      4.502    15.9917  37.233459    29.1290      4.462  252.72506  253.02703    -3.0860     3.6543 -9.990e-29
 149.508958      4.471    15.9846  37.237450    29.1377      4.431  252.74556  253.04713    -2.8525     3.6665 -9.990e-29
 149.508961      4.465    15.9765  37.236469    29.1428      4.425  252.77740  253.07856    -3.0860     3.6665 -9.990e-29
 149.508964      4.491    15.9715  37.248074    29.1565      4.451  252.77874  253.07957    -3.9420     3.0680 -9.990e-29
 149.508967      4.551    15.9571  37.251391    29.1742      4.510  252.82032  253.12036    -3.7553     3.0114 -9.990e-29
 149.508970      4.637    15.9542  37.256305    29.1731      4.595  252.83684  253.13675    -3.7864     3.0114 0.0000e+00
 149.508973      4.730    15.9513  37.248814    29.1742      4.687  252.85336  253.15313    -3.7553     3.0114 0.0000e+00
 149.508976      4.817    15.9474  37.249429    29.1738      4.774  252.86706  253.16663    -3.8175     3.0316 0.0000e+00
 149.508979      4.892    15.9465  37.246175    29.1746      4.849  252.87295  253.17248    -3.8954     3.3753 0.0000e+00
 149.508981      4.942    15.9456  37.256553    29.1738      4.897  252.87884  253.17834    -4.0510     3.7190 -9.990e-29
 149.508984      4.967    15.9443  37.251518    29.1793      4.923  252.87561  253.17501    -4.0354     3.7433 -9.990e-29
 149.508987      4.958    15.9426  37.259010    29.1871      4.914  252.87059  253.16985    -4.1755     3.7393 -9.990e-29
 149.508990      4.938    15.9389  37.271354    29.2006      4.894  252.86599  253.16498    -3.3817     3.1974 -9.990e-29
 149.508993      4.911    15.9325  37.282595    29.2151      4.867  252.87315  253.17174    -3.7397     3.1610 -9.990e-29
 149.508996      4.881    15.9231  37.290091    29.2286      4.838  252.89694  253.19498    -3.5529     3.2257 -9.990e-29
 149.508999      4.865    15.9129  37.305697    29.2496      4.821  252.91147  253.20889    -3.5218     3.1812 -9.990e-29
 149.509002      4.872    15.8868  37.315038    29.2861      4.829  252.97987  253.27579    -4.0354     3.4764 -9.990e-29
 149.509005      4.903    15.8792  37.325363    29.2959      4.859  253.00096  253.29645    -4.0198     3.4764 0.0000e+00
 149.509008      4.967    15.8716  37.335014    29.3057      4.923  253.02204  253.31711    -4.0354     3.4764 0.0000e+00
 149.509010      5.055    15.8555  37.346388    29.3274      5.010  253.06516  253.35930    -4.0043     3.5007 0.0000e+00
 149.509013      5.146    15.8423  37.352475    29.3425      5.100  253.10555  253.39896    -3.8020     3.6705 0.0000e+00
 149.509016      5.232    15.8300  37.364526    29.3622      5.185  253.13364  253.42632    -3.8020     3.6705 0.0000e+00
 149.509019      5.295    15.8234  37.365389    29.3674      5.248  253.15776  253.45009    -3.8175     3.6705 0.0000e+00
 149.509022      5.328    15.8167  37.378733    29.3727      5.281  253.18187  253.47385    -3.8798     3.6705 -9.990e-29
 149.509025      5.343    15.7947  37.387466    29.4083      5.295  253.23115  253.52181    -3.6774     3.6422 -9.990e-29
 149.509028      5.335    15.7808  37.393864    29.4243      5.288  253.27357  253.56345    -3.5996     4.4428 -9.990e-29
 149.509031      5.312    15.7678  37.403275    29.4421      5.264  253.30784  253.59697    -3.5062     4.4428 -9.990e-29
 149.509034      5.282    15.7553  37.417240    29.4636      5.235  253.33340  253.62178    -3.5685     4.4550 -9.990e-29
 149.509036      5.250    15.7414  37.429545    29.4848      5.203  253.36706  253.65461    -3.5841     4.4307 -9.990e-29
 149.509039      5.228    15.7267  37.440006    29.5049      5.181  253.40615  253.69286    -4.1911     4.1881 -9.990e-29
 149.509042      5.228    15.7115  37.445054    29.5207      5.181  253.45552  253.74138    -4.2845     4.1962 -9.990e-29
 149.509045      5.259    15.6865  37.451025    29.5488      5.212  253.53284  253.81729    -3.9109     4.1719 -9.990e-29
 149.509048      5.324    15.6801  37.455826    29.5576      5.277  253.54990  253.83398    -3.9265     4.2043 0.0000e+00
 149.509051      5.403    15.6736  37.465060    29.5664      5.354  253.56696  253.85066    -3.9420     4.2366 0.0000e+00
 149.509054      5.479    15.6620  37.470355    29.5798      5.430  253.60263  253.88566    -4.0199     4.2366 0.0000e+00
 149.509057      5.549    15.6494  37.475158    29.5934      5.499  253.64257  253.92489    -4.0199     4.2366 0.0000e+00
 149.509060      5.598    15.6443  37.477683    29.5983      5.548  253.65969  253.94173    -4.0121     4.2245 0.0000e+00
 149.509063      5.625    15.6392  37.486118    29.6032      5.575  253.67681  253.95857    -4.0043     4.2124 -9.990e-29
 149.509065      5.634    15.6251  37.491721    29.6261      5.584  253.70851  253.98941    -3.8798     4.4105 -9.990e-29
 149.509068      5.633    15.6144  37.504159    29.6451      5.582  253.72962  254.00986    -4.0199     4.3498 -9.990e-29
 149.509071      5.622    15.5987  37.514752    29.6662      5.572  253.77238  254.05169    -4.1599     4.3337 -9.990e-29
 149.509074      5.602    15.5831  37.525285    29.6871      5.552  253.81460  254.09299    -3.9887     4.3256 -9.990e-29
 149.509077      5.591    15.5715  37.536373    29.7056      5.541  253.84122  254.11891    -3.8953     4.4186 -9.990e-29
 149.509080      5.598    15.5416  37.546784    29.7452      5.548  253.92405  254.19997    -3.7553     4.4631 -9.990e-29
 149.509083      5.633    15.5328  37.555719    29.7572      5.583  253.94781  254.22320    -3.7942     4.4590 0.0000e+00
 149.509086      5.690    15.5239  37.567921    29.7692      5.639  253.97156  254.24643    -3.7553     4.4631 0.0000e+00
 149.509089      5.770    15.5061  37.574640    29.7886      5.718  254.02833  254.30218    -3.8331     4.9685 0.0000e+00
 149.509091      5.848    15.4899  37.578524    29.8043      5.796  254.08324  254.35618    -3.8487     4.9685 0.0000e+00
 149.509094      5.921    15.4761  37.583456    29.8190      5.868  254.12742  254.39956    -3.9265     4.9847 0.0000e+00
 149.509097      5.985    15.4704  37.588881    29.8257      5.932  254.14471  254.41652    -3.9343     4.9685 0.0000e+00
 149.509100      6.024    15.4647  37.586910    29.8324      5.970  254.16200  254.43348    -3.9265     4.9887 -9.990e-29
 149.509103      6.038    15.4422  37.595232    29.8551      5.984  254.23682  254.50701    -4.2378     4.4914 -9.990e-29
 149.509106      6.040    15.4283  37.596589    29.8668      5.986  254.28698  254.55638    -3.9265     4.4388 -9.990e-29
 149.509109      6.018    15.4166  37.596776    29.8758      5.964  254.33040  254.59916    -3.9887     4.4186 -9.990e-29
 149.509112      5.985    15.4063  37.600968    29.8874      5.931  254.36294  254.63110    -3.7086     4.2326 -9.990e-29
 149.509115      5.961    15.3979  37.596346    29.8897      5.908  254.40144  254.66916    -3.5218     4.2043 -9.990e-29
 149.509117      5.954    15.3911  37.597272    29.8957      5.901  254.42582  254.69315    -3.4595     4.2730 -9.990e-29
 149.509120      5.969    15.3818  37.601895    29.9041      5.915  254.45837  254.72518    -3.8020     4.2771 -9.990e-29
 149.509123      6.000    15.3799  37.598814    29.9050      5.946  254.46623  254.73294    -3.8954     4.5156 0.0000e+00
 149.509126      6.052    15.3780  37.597767    29.9060      5.998  254.47409  254.74070    -3.9887     4.7057 0.0000e+00
 149.509129      6.111    15.3722  37.596597    29.9094      6.056  254.49793  254.76422    -4.0354     4.7542 0.0000e+00
 149.509132      6.169    15.3672  37.596844    29.9134      6.114  254.51635  254.78236    -4.0354     4.7340 0.0000e+00
 149.509135      6.222    15.3630  37.600111    29.9181      6.167  254.52717  254.79292    -4.0510     4.7340 0.0000e+00
 149.509138      6.262    15.3618  37.596598    29.9187      6.206  254.53429  254.79999    -4.0276     4.4287 0.0000e+00
 149.509141      6.292    15.3606  37.599681    29.9181      6.235  254.54141  254.80706    -4.0510     4.1234 -9.990e-29
 149.509144      6.308    15.3575  37.594750    29.9189      6.252  254.55632  254.82180    -4.0354     4.1234 -9.990e-29
 149.509146      6.321    15.3559  37.593086    29.9186      6.264  254.56476  254.83016    -4.2066     4.1153 -9.990e-29
 149.509149      6.332    15.3533  37.594504    29.9218      6.275  254.57225  254.83750    -2.9771     4.3296 -9.990e-29
 149.509152      6.347    15.3513  37.592162    29.9213      6.290  254.58350  254.84865    -3.2728     4.3013 -9.990e-29
 149.509155      6.368    15.3497  37.593827    29.9236      6.312  254.58730  254.85236    -3.0393     4.3256 -9.990e-29
 149.509158      6.398    15.3498  37.593519    29.9223      6.341  254.58941  254.85448    -3.5452     4.4044 0.0000e+00
 149.509161      6.436    15.3497  37.590622    29.9236      6.379  254.58932  254.85433    -3.9420     4.4226 0.0000e+00
 149.509164      6.476    15.3490  37.593950    29.9241      6.418  254.59151  254.85659    -4.0510     4.4307 0.0000e+00
 149.509167      6.516    15.3487  37.593149    29.9241      6.458  254.59205  254.85704    -4.1911     4.4226 0.0000e+00
 149.509170      6.545    15.3486  37.592656    29.9237      6.487  254.59312  254.85812    -4.1911     4.4307 0.0000e+00
 149.509172      6.573    15.3483  37.590376    29.9229      6.514  254.59606  254.86105    -4.1444     4.4267 0.0000e+00
 149.509175      6.604    15.3480  37.588651    29.9221      6.545  254.59900  254.86398    -4.0977     4.4509 -9.990e-29
 149.509178      6.627    15.3470  37.591054    29.9234      6.568  254.60151  254.86643    -3.9576     4.1113 -9.990e-29
 149.509181      6.647    15.3465  37.587542    29.9207      6.588  254.60871  254.87363    -4.1444     4.1517 -9.990e-29
 149.509184      6.666    15.3459  37.591733    29.9249      6.606  254.60459  254.86944    -4.0510     4.1072 -9.990e-29
 149.509187      6.686    15.3459  37.589514    29.9229      6.626  254.60803  254.87290    -4.0510     4.0061 -9.990e-29
 149.509190      6.706    15.3452  37.587172    29.9213      6.646  254.61430  254.87915    -4.0043     3.9900 -9.990e-29
 149.509193      6.730    15.3446  37.585817    29.9206      6.669  254.61875  254.88358    -4.0977     3.9697 -9.990e-29
 149.509196      6.755    15.3445  37.591055    29.9253      6.695  254.61097  254.87575    -4.0666     3.9576 -9.990e-29
 149.509198      6.779    15.3444  37.584030    29.9192      6.718  254.62243  254.88725    -3.8642     4.1800 -9.990e-29
 149.509201      6.804    15.3432  37.586002    29.9218      6.744  254.62379  254.88853    -3.8020     4.1719 -9.990e-29
 149.509204      6.828    15.3423  37.588221    29.9244      6.767  254.62360  254.88828    -3.8175     4.2043 -9.990e-29
 149.509207      6.850    15.3416  37.587173    29.9211      6.789  254.63333  254.89799    -3.8487     4.0587 -9.990e-29
 149.509210      6.879    15.3409  37.583845    29.9228      6.818  254.63412  254.89873    -3.8954     4.0486 0.0000e+00
 149.509213      6.912    15.3401  37.586434    29.9235      6.850  254.63491  254.89948    -3.9420     4.0385 0.0000e+00
 149.509216      6.941    15.3391  37.584462    29.9244      6.879  254.64179  254.90631    -4.0043     4.0385 0.0000e+00
 149.509219      6.968    15.3384  37.584832    29.9235      6.906  254.64388  254.90836    -4.1132     4.0587 0.0000e+00
 149.509222      6.998    15.3381  37.581628    29.9231      6.935  254.64853  254.91300    -4.1444     4.0789 0.0000e+00
 149.509225      7.031    15.3379  37.582984    29.9231      6.968  254.64853  254.91300    -4.1444     4.3579 0.0000e+00
 149.509227      7.058    15.3377  37.584709    29.9241      6.995  254.64808  254.91253    -4.0276     4.3720 0.0000e+00
 149.509230      7.087    15.3374  37.581197    29.9250      7.024  254.64764  254.91207    -3.9109     4.3579 -9.990e-29
 149.509233      7.109    15.3374  37.584401    29.9247      7.046  254.64844  254.91287    -4.1755     4.3498 -9.990e-29
 149.509236      7.131    15.3375  37.584895    29.9250      7.067  254.64710  254.91154    -4.0199     4.4145 -9.990e-29
 149.509239      7.151    15.3373  37.584155    29.9246      7.087  254.64914  254.91356    -3.9420     4.3296 -9.990e-29
 149.509242      7.175    15.3374  37.585819    29.9259      7.110  254.64599  254.91041    -4.1288     4.3620 -9.990e-29
 149.509245      7.189    15.3377  37.583909    29.9240      7.125  254.64808  254.91252    -3.9732     4.3620 -9.990e-29
 149.509248      7.211    15.3374  37.582491    29.9229      7.146  254.65116  254.91561    -3.9265     4.4995 -9.990e-29
 149.509251      7.235    15.3375  37.582553    29.9229      7.170  254.65079  254.91524    -3.7708     4.4995 -9.990e-29
 149.509253      7.258    15.3388  37.582307    29.9242      7.193  254.64222  254.90672    -3.8487     4.5116 -9.990e-29
 149.509256      7.291    15.3390  37.585080    29.9231      7.226  254.64332  254.90783    -3.8720     4.3256 0.0000e+00
 149.509259      7.326    15.3388  37.582923    29.9237      7.260  254.64390  254.90840    -3.8487     4.1396 0.0000e+00
 149.509262      7.359    15.3386  37.584402    29.9237      7.293  254.64390  254.90840    -3.8953     4.1355 0.0000e+00
 149.509265      7.390    15.3386  37.586005    29.9249      7.324  254.64232  254.90679    -3.8953     4.1274 0.0000e+00
 149.509268      7.417    15.3385  37.586005    29.9249      7.351  254.64232  254.90679    -3.9109     4.1234 0.0000e+00
 149.509271      7.448    15.3385  37.581198    29.9218      7.381  254.64920  254.91371    -3.9265     4.1194 0.0000e+00
 149.509274      7.475    15.3364  37.580459    29.9218      7.408  254.65827  254.92268    -4.2222     4.0910 0.0000e+00
 149.509277      7.510    15.3344  37.581199    29.9238      7.443  254.66477  254.92906    -4.2222     4.0910 0.0000e+00
 149.509280      7.537    15.3339  37.580459    29.9240      7.470  254.66782  254.93207    -4.0510     4.1517 0.0000e+00
 149.509282      7.567    15.3338  37.580768    29.9238      7.499  254.66799  254.93225    -4.0354     4.1517 0.0000e+00
 149.509285      7.602    15.3335  37.579535    29.9241      7.533  254.66947  254.93366    -4.0043     4.0587 0.0000e+00
 149.509288      7.633    15.3332  37.581816    29.9244      7.564  254.67019  254.93441    -3.9965     4.0446 0.0000e+00
 149.509291      7.660    15.3329  37.581816    29.9256      7.591  254.66947  254.93366    -4.0043     4.0304 -9.990e-29
 149.509294      7.684    15.3323  37.581816    29.9261      7.615  254.67184  254.93600    -4.0977     4.0547 -9.990e-29
 149.509297      7.700    15.3311  37.581631    29.9268      7.631  254.67653  254.94063    -4.0977     4.1679 -9.990e-29
 149.509300      7.715    15.3304  37.581631    29.9274      7.646  254.67947  254.94353    -3.9887     4.1598 -9.990e-29
