seaocn-cb/data/ctd_cnv/SBE19plus_01907321_2024_05_26_Cast61.cnv
* Sea-Bird SBE19plus  Data File:
* FileName = E:\Prandtl_Daten\2024\26052024\raw\SBE19plus_01907321_2024_05_26_Cast61.hex
* Software version 2.6.1.12
* Temperature SN = 7321
* Conductivity SN = 7321
* System UpLoad Time = May 26 2024 11:36:07
* <ApplicationData>
* <Seaterm232>
** 20240526
** Sea Practical 2024
** MCat 26.05 CTD_SP1
** NMEA Latitude = 054 07.868N
** NMEA Longitude = 008 46.513E
** waterdepth =14.8m
** Merle
# nquan = 11
# nvalues = 657                         
# units = specified
# name 0 = timeJ: Julian Days
# name 1 = prdM: Pressure, Strain Gauge [db]
# name 2 = tv290C: Temperature [ITS-90, deg C]
# name 3 = c0mS/cm: Conductivity [mS/cm]
# name 4 = sal00: Salinity, Practical [PSU]
# name 5 = depSM: Depth [salt water, m], lat = 54.00
# name 6 = oxsatMm/Kg: Oxygen Saturation, Weiss [umol/kg]
# name 7 = oxsolMm/Kg: Oxygen Saturation, Garcia & Gordon [umol/kg]
# name 8 = turbWETntu0: Turbidity, WET Labs ECO [NTU]
# name 9 = flECO-AFL: Fluorescence, WET Labs ECO-AFL/FL [mg/m^3]
# name 10 = flag:  0.000e+00
# span 0 = 147.479184, 147.481082       
# span 1 =      0.138,     15.812       
# span 2 =    16.2030,    17.3492       
# span 3 =  36.388056,  36.582802       
# span 4 =    27.5468,    28.4087       
# span 5 =      0.136,     15.670       
# span 6 =  248.73229,  252.91717       
# span 7 =  249.10328,  253.23390       
# span 8 =    -2.1522,    14.1591       
# span 9 =     2.1218,     8.8342       
# span 10 = 0.0000e+00, 0.0000e+00      
# interval = seconds: 0.25
# start_time = May 26 2024 11:28:57 [Instrument's time stamp, header]
# bad_flag = -9.990e-29
*END*
[from data line 394]
 147.480324     11.026    16.2294  36.558162    28.3709     10.927  252.84408  253.16221     7.6844     5.4376 -9.990e-29
 147.480327     11.044    16.2285  36.559564    28.3727     10.945  252.84534  253.16341     7.8868     5.4295 -9.990e-29
 147.480330     11.066    16.2278  36.562246    28.3756     10.967  252.84409  253.16211     9.2564     5.7530 -9.990e-29
 147.480333     11.082    16.2254  36.567610    28.3818     10.983  252.84491  253.16278     9.2875     5.7894 -9.990e-29
 147.480336     11.101    16.2221  36.564380    28.3814     11.001  252.86212  253.17984     9.2564     5.7570 -9.990e-29
 147.480339     11.121    16.2199  36.567610    28.3858     11.021  252.86580  253.18339     9.3965     5.7853 -9.990e-29
 147.480341     11.140    16.2185  36.562003    28.3820     11.041  252.87959  253.19714    10.2992     5.5832 -9.990e-29
 147.480344     11.159    16.2164  36.567367    28.3903     11.059  252.87513  253.19254    10.2058     5.5306 -9.990e-29
 147.480347     11.188    16.2160  36.570110    28.3909     11.088  252.87635  253.19374    10.1747     5.5528 0.0000e+00
 147.480350     11.224    16.2156  36.570720    28.3915     11.124  252.87757  253.19493    10.2058     5.5751 0.0000e+00
 147.480353     11.261    16.2144  36.573646    28.3923     11.160  252.87778  253.19506    10.1436     5.5832 0.0000e+00
 147.480356     11.305    16.2128  36.569379    28.3949     11.203  252.89019  253.20742     7.1708     6.5981 0.0000e+00
 147.480359     11.347    16.2108  36.571208    28.3952     11.245  252.89476  253.21188     7.0463     6.6021 0.0000e+00
 147.480362     11.391    16.2086  36.572976    28.3969     11.289  252.90062  253.21762     7.1085     6.6021 0.0000e+00
 147.480365     11.436    16.2071  36.570051    28.3983     11.334  252.90856  253.22540     7.1085     6.5819 0.0000e+00
 147.480367     11.471    16.2057  36.574988    28.4002     11.368  252.91074  253.22768     7.5599     5.5872 0.0000e+00
 147.480370     11.504    16.2049  36.572063    28.4021     11.401  252.91353  253.23032     7.5599     5.5751 0.0000e+00
 147.480373     11.538    16.2048  36.574318    28.4013     11.435  252.91474  253.23154     7.5599     5.5710 0.0000e+00
 147.480376     11.568    16.2047  36.575659    28.4023     11.464  252.91353  253.23032     7.5599     5.5751 -9.990e-29
 147.480379     11.591    16.2056  36.573892    28.4012     11.487  252.91056  253.22740     6.1124     5.4295 -9.990e-29
 147.480382     11.608    16.2067  36.575659    28.4020     11.504  252.90401  253.22089     6.1124     5.4578 -9.990e-29
 147.480385     11.624    16.2073  36.573891    28.4000     11.520  252.90423  253.22116     6.0035     5.4174 -9.990e-29
 147.480388     11.640    16.2071  36.576573    28.4024     11.536  252.90085  253.21776     6.1124     5.4699 -9.990e-29
 147.480391     11.660    16.2068  36.574623    28.4009     11.556  252.90498  253.22187     4.3537     5.7166 -9.990e-29
 147.480394     11.680    16.2063  36.571210    28.3984     11.576  252.91218  253.22907     4.2447     5.6923 -9.990e-29
 147.480396     11.700    16.2061  36.570540    28.3979     11.596  252.91379  253.23068     4.2759     5.7125 -9.990e-29
 147.480399     11.720    16.2066  36.570296    28.3987     11.615  252.91010  253.22700     4.3692     5.7125 -9.990e-29
 147.480402     11.748    16.2069  36.571820    28.3983     11.642  252.90965  253.22657     4.9607     5.6398 0.0000e+00
 147.480405     11.773    16.2071  36.571210    28.3985     11.668  252.90921  253.22614     5.5210     5.5670 0.0000e+00
 147.480408     11.799    16.2076  36.572551    28.3982     11.693  252.90511  253.22206     5.5521     5.5670 0.0000e+00
 147.480411     11.837    16.2083  36.572734    28.3985     11.731  252.90244  253.21942     5.6144     5.5751 0.0000e+00
 147.480414     11.872    16.2090  36.573770    28.3982     11.765  252.89830  253.21536     5.6144     5.5751 0.0000e+00
 147.480417     11.904    16.2097  36.571881    28.3964     11.798  252.89830  253.21536     2.7817     5.3810 0.0000e+00
 147.480420     11.943    16.2106  36.567188    28.3920     11.836  252.89830  253.21536     2.7817     5.3810 0.0000e+00
 147.480422     11.977    16.2126  36.569199    28.3918     11.870  252.89144  253.20866     2.8284     5.3810 0.0000e+00
 147.480425     12.015    16.2150  36.568223    28.3906     11.908  252.88384  253.20118     2.8595     5.3931 0.0000e+00
 147.480428     12.056    16.2170  36.571210    28.3895     11.948  252.87640  253.19394     3.1085     5.6034 0.0000e+00
 147.480431     12.094    16.2185  36.564506    28.3838     11.986  252.87569  253.19327     3.1085     5.6276 0.0000e+00
 147.480434     12.129    16.2192  36.563165    28.3830     12.020  252.87569  253.19327     3.1085     5.6155 0.0000e+00
 147.480437     12.162    16.2193  36.564384    28.3826     12.053  252.87449  253.19207     3.1085     5.6277 0.0000e+00
 147.480440     12.189    16.2193  36.562251    28.3830     12.080  252.87329  253.19088     3.1085     5.6155 -9.990e-29
 147.480443     12.211    16.2202  36.566029    28.3838     12.101  252.86755  253.18517     3.5599     5.9107 -9.990e-29
 147.480446     12.229    16.2212  36.566029    28.3831     12.120  252.86393  253.18159     3.5443     5.8905 -9.990e-29
 147.480448     12.249    16.2218  36.563531    28.3805     12.139  252.86523  253.18295     3.5755     5.9066 -9.990e-29
 147.480451     12.267    16.2215  36.561337    28.3788     12.158  252.86971  253.18742     3.6222     5.9026 -9.990e-29
 147.480454     12.282    16.2211  36.560910    28.3788     12.172  252.87187  253.18956     3.0619     5.9552 -9.990e-29
 147.480457     12.291    16.2209  36.564018    28.3815     12.181  252.86786  253.18552     3.0619     5.9511 -9.990e-29
 147.480460     12.306    16.2211  36.563714    28.3812     12.195  252.86771  253.18539     3.1241     5.9633 -9.990e-29
 147.480463     12.327    16.2215  36.567371    28.3840     12.217  252.86078  253.17846     3.1708     5.9633 -9.990e-29
 147.480466     12.346    16.2219  36.562678    28.3828     12.235  252.86092  253.17863     4.0891     5.1060 -9.990e-29
 147.480469     12.375    16.2220  36.566274    28.3815     12.264  252.86247  253.18019     4.0424     5.1100 0.0000e+00
 147.480472     12.411    16.2221  36.563592    28.3803     12.300  252.86402  253.18175     4.0891     5.1141 0.0000e+00
 147.480475     12.452    16.2224  36.561581    28.3784     12.340  252.86612  253.18388     3.9957     5.1222 0.0000e+00
 147.480477     12.493    16.2225  36.559814    28.3784     12.381  252.86612  253.18388     3.9023     5.7611 0.0000e+00
 147.480480     12.543    16.2233  36.563714    28.3777     12.430  252.85937  253.17716     3.8868     5.7611 0.0000e+00
 147.480483     12.584    16.2244  36.562495    28.3783     12.472  252.85727  253.17512     3.8556     5.7611 0.0000e+00
 147.480486     12.632    16.2254  36.564019    28.3777     12.519  252.85538  253.17334     3.8556     5.7813 0.0000e+00
 147.480489     12.679    16.2262  36.559326    28.3775     12.566  252.85141  253.16930     4.7584     5.8339 0.0000e+00
 147.480492     12.718    16.2264  36.564141    28.3756     12.604  252.85106  253.16901     4.7817     5.8379 0.0000e+00
 147.480495     12.752    16.2266  36.561155    28.3775     12.638  252.84673  253.16468     4.7584     5.8419 -9.990e-29
 147.480498     12.772    16.2247  36.563349    28.3781     12.658  252.85490  253.17276     4.7739     5.8622 -9.990e-29
 147.480501     12.794    16.2230  36.566031    28.3816     12.679  252.85728  253.17504     4.7895     5.8460 -9.990e-29
 147.480503     12.812    16.2217  36.562436    28.3794     12.698  252.86747  253.18519     5.5210     5.2354 -9.990e-29
 147.480506     12.825    16.2208  36.563594    28.3811     12.710  252.86939  253.18705     5.4432     5.2435 -9.990e-29
 147.480509     12.836    16.2204  36.565605    28.3831     12.721  252.86792  253.18555     5.5210     5.2516 -9.990e-29
 147.480512     12.855    16.2204  36.566702    28.3841     12.739  252.86630  253.18393     5.5054     5.2556 -9.990e-29
 147.480515     12.871    16.2197  36.564996    28.3831     12.756  252.87126  253.18887     7.9957     6.0724 -9.990e-29
 147.480518     12.889    16.2190  36.568043    28.3862     12.774  252.86947  253.18702     7.9957     6.1048 -9.990e-29
 147.480521     12.906    16.2189  36.568958    28.3871     12.790  252.86872  253.18626     8.1047     6.1129 -9.990e-29
 147.480524     12.929    16.2186  36.571883    28.3898     12.813  252.86530  253.18280     8.0268     6.1250 -9.990e-29
 147.480527     12.951    16.2173  36.571396    28.3903     12.835  252.87118  253.18862     6.5638     6.0037 -9.990e-29
 147.480530     12.975    16.2167  36.570055    28.3895     12.859  252.87530  253.19272     6.5327     6.0280 -9.990e-29
 147.480532     12.997    16.2164  36.571884    28.3913     12.880  252.87380  253.19120     6.4860     6.0563 -9.990e-29
 147.480535     13.019    16.2150  36.573408    28.3936     12.902  252.87669  253.19401     6.5171     6.0239 -9.990e-29
 147.480538     13.040    16.2117  36.573530    28.3993     12.924  252.88341  253.20054     6.0191     6.5496 -9.990e-29
 147.480541     13.068    16.2110  36.577248    28.3990     12.951  252.88750  253.20460     6.0347     6.5374 0.0000e+00
 147.480544     13.103    16.2103  36.575420    28.3993     12.985  252.89159  253.20866     6.0502     6.5455 0.0000e+00
 147.480547     13.139    16.2099  36.575908    28.3994     13.021  252.89159  253.20866     6.0502     6.5455 0.0000e+00
 147.480550     13.185    16.2096  36.578042    28.4002     13.067  252.89240  253.20944     6.1903     6.5455 0.0000e+00
 147.480553     13.230    16.2088  36.575908    28.4014     13.112  252.89656  253.21347     6.6572     5.5185 0.0000e+00
 147.480556     13.279    16.2075  36.579261    28.4037     13.161  252.89668  253.21367     6.6883     5.5185 0.0000e+00
 147.480558     13.327    16.2071  36.578652    28.4037     13.208  252.89931  253.21620     6.6883     5.5063 0.0000e+00
 147.480561     13.371    16.2070  36.575239    28.4037     13.251  252.89931  253.21620     6.6883     5.5225 0.0000e+00
 147.480564     13.411    16.2071  36.579018    28.4023     13.291  252.90130  253.21821     6.2914     5.8844 0.0000e+00
 147.480567     13.442    16.2070  36.576763    28.4040     13.321  252.89881  253.21570     5.7856     6.2625 -9.990e-29
 147.480570     13.462    16.2079  36.578652    28.4031     13.341  252.89606  253.21299     5.9257     6.2423 -9.990e-29
 147.480573     13.476    16.2078  36.576580    28.4013     13.356  252.89945  253.21639     5.8945     6.1978 -9.990e-29
 147.480576     13.484    16.2073  36.576092    28.4013     13.363  252.90199  253.21891     8.8362     6.0927 -9.990e-29
 147.480579     13.495    16.2073  36.577433    28.4024     13.374  252.90000  253.21691     8.7895     6.0846 -9.990e-29
 147.480582     13.504    16.2069  36.576763    28.4021     13.383  252.90252  253.21941     8.7584     6.1250 -9.990e-29
 147.480584     13.517    16.2066  36.575422    28.4012     13.395  252.90573  253.22262     8.7117     6.1129 -9.990e-29
 147.480587     13.535    16.2061  36.578775    28.4044     13.414  252.90257  253.21941     8.5249     6.0724 -9.990e-29
 147.480590     13.558    16.2062  36.580116    28.4055     13.437  252.90028  253.21712     8.5405     6.0320 -9.990e-29
 147.480593     13.582    16.2062  36.581457    28.4067     13.460  252.89830  253.21513     8.5249     6.0118 -9.990e-29
 147.480596     13.611    16.2064  36.577678    28.4032     13.489  252.90303  253.21990     8.5093     6.0037 -9.990e-29
 147.480599     13.635    16.2060  36.574081    28.4031     13.513  252.90521  253.22206     7.5599     5.8419 -9.990e-29
 147.480602     13.668    16.2060  36.577251    28.4038     13.545  252.90429  253.22114     7.5599     5.8257 0.0000e+00
 147.480605     13.697    16.2059  36.578897    28.4031     13.574  252.90521  253.22206     7.5599     5.8177 0.0000e+00
 147.480608     13.726    16.2056  36.575667    28.4039     13.603  252.90674  253.22356     7.5288     5.8177 0.0000e+00
 147.480611     13.759    16.2055  36.577678    28.4039     13.636  252.90674  253.22356     7.5288     5.8419 0.0000e+00
 147.480613     13.786    16.2055  36.579324    28.4039     13.663  252.90674  253.22356     8.0268     5.8419 0.0000e+00
 147.480616     13.816    16.2055  36.577435    28.4042     13.692  252.90616  253.22297     8.0580     5.8136 0.0000e+00
 147.480619     13.852    16.2055  36.578105    28.4042     13.728  252.90616  253.22297     8.0580     5.8136 0.0000e+00
 147.480622     13.889    16.2059  36.581275    28.4042     13.764  252.90212  253.21900     8.1047     5.8339 0.0000e+00
 147.480625     13.936    16.2064  36.577801    28.4046     13.811  252.90061  253.21747     8.7895     6.2180 0.0000e+00
 147.480628     13.983    16.2064  36.579447    28.4043     13.858  252.90212  253.21900     8.7895     6.2342 0.0000e+00
 147.480631     14.023    16.2060  36.578776    28.4046     13.898  252.90314  253.21998     8.8206     6.2342 0.0000e+00
 147.480634     14.066    16.2058  36.579264    28.4049     13.939  252.90314  253.21998     8.7895     6.2140 0.0000e+00
 147.480637     14.098    16.2056  36.580788    28.4049     13.972  252.90335  253.22017     8.7895     6.2059 0.0000e+00
 147.480639     14.129    16.2056  36.578594    28.4054     14.003  252.90349  253.22031     8.0424     6.1978 0.0000e+00
 147.480642     14.158    16.2055  36.581276    28.4045     14.032  252.90528  253.22210     7.2953     6.2059 -9.990e-29
 147.480645     14.173    16.2059  36.580788    28.4061     14.046  252.90084  253.21766     7.2642     6.2140 -9.990e-29
 147.480648     14.180    16.2058  36.579082    28.4047     14.053  252.90368  253.22051     7.3264     6.2382 -9.990e-29
 147.480651     14.186    16.2053  36.577680    28.4038     14.058  252.90758  253.22439     9.0074     5.8864 -9.990e-29
 147.480654     14.189    16.2042  36.579448    28.4061     14.062  252.90919  253.22593     9.0229     5.8581 -9.990e-29
 147.480657     14.197    16.2035  36.575912    28.4036     14.069  252.91717  253.23390     9.0229     5.9107 -9.990e-29
 147.480660     14.211    16.2030  36.577619    28.4054     14.084  252.91646  253.23315     9.0229     5.8864 -9.990e-29
 147.480663     14.235    16.2036  36.581947    28.4081     14.107  252.90863  253.22533    11.2953     5.8298 -9.990e-29
 147.480666     14.260    16.2039  36.581277    28.4070     14.133  252.90922  253.22595    11.2798     5.8339 0.0000e+00
 147.480668     14.299    16.2041  36.579265    28.4060     14.170  252.90982  253.22656    11.2953     5.8298 0.0000e+00
 147.480671     14.342    16.2041  36.576522    28.4036     14.214  252.91393  253.23068    11.2642     5.8298 0.0000e+00
 147.480674     14.379    16.2039  36.575669    28.4036     14.250  252.91403  253.23075    10.0191     5.7409 0.0000e+00
 147.480677     14.419    16.2035  36.578108    28.4054     14.290  252.91403  253.23075    10.0191     5.7409 0.0000e+00
 147.480680     14.463    16.2035  36.581216    28.4074     14.333  252.90973  253.22643    10.0191     5.7570 0.0000e+00
 147.480683     14.501    16.2039  36.580790    28.4074     14.371  252.90973  253.22643    10.0813     5.7570 0.0000e+00
 147.480686     14.536    16.2043  36.578352    28.4074     14.405  252.90827  253.22500    10.0813     5.7530 0.0000e+00
 147.480689     14.565    16.2044  36.582802    28.4068     14.434  252.90695  253.22370     9.0541     5.7470 0.0000e+00
 147.480692     14.592    16.2045  36.575243    28.4087     14.461  252.90320  253.21994     8.0268     5.7530 -9.990e-29
 147.480694     14.616    16.2047  36.580363    28.4026     14.485  252.91289  253.22968     8.0113     5.7611 -9.990e-29
 147.480697     14.649    16.2048  36.575914    28.4038     14.517  252.91031  253.22710     9.5210     5.8642 0.0000e+00
