seaocn-cb/data/ctd_cnv/SBE19plus_01907321_2024_05_24_Cast40.cnv
* Sea-Bird SBE19plus  Data File:
* FileName = E:\Prandtl_Daten\2024\CTD\raw\SBE19plus_01907321_2024_05_24_Cast40.hex
* Software version 2.6.1.12
* Temperature SN = 7321
* Conductivity SN = 7321
* System UpLoad Time = May 24 2024 10:00:08
* <ApplicationData>
* <Seaterm232>
** 20240524
** Sea Practical 2024
** MCat 24.05 CTD_Z4
** NMEA Latitude = 054 03.026N
** NMEA Longitude = 008 24.465E
** waterdepth = 15.5m
** Isabelle
# nquan = 11
# nvalues = 510                         
# units = specified
# name 0 = timeJ: Julian Days
# name 1 = prdM: Pressure, Strain Gauge [db]
# name 2 = tv290C: Temperature [ITS-90, deg C]
# name 3 = c0mS/cm: Conductivity [mS/cm]
# name 4 = sal00: Salinity, Practical [PSU]
# name 5 = depSM: Depth [salt water, m], lat = 54.00
# name 6 = oxsatMm/Kg: Oxygen Saturation, Weiss [umol/kg]
# name 7 = oxsolMm/Kg: Oxygen Saturation, Garcia & Gordon [umol/kg]
# name 8 = turbWETntu0: Turbidity, WET Labs ECO [NTU]
# name 9 = flECO-AFL: Fluorescence, WET Labs ECO-AFL/FL [mg/m^3]
# name 10 = flag:  0.000e+00
# span 0 = 145.412821, 145.414294       
# span 1 =      0.524,     14.387       
# span 2 =    14.3632,    14.9894       
# span 3 =  36.756002,  36.858583       
# span 4 =    29.4554,    30.0141       
# span 5 =      0.519,     14.258       
# span 6 =  257.25428,  259.54922       
# span 7 =  257.50475,  259.76214       
# span 8 =    -3.9888,    76.2759       
# span 9 =     3.5068,     8.1064       
# span 10 = 0.0000e+00, 0.0000e+00      
# interval = seconds: 0.25
# start_time = May 24 2024 09:53:14 [Instrument's time stamp, header]
# bad_flag = -9.990e-29
*END*
[from data line 394]
 145.413961     11.843    14.3795  36.854742    30.0056     11.737  259.47413  259.68786    18.7661     7.7788 -9.990e-29
 145.413964     11.865    14.3789  36.853458    30.0048     11.759  259.47828  259.69199    18.7661     7.8072 -9.990e-29
 145.413967     11.885    14.3781  36.854070    30.0060     11.778  259.48053  259.69418    18.7350     7.7505 -9.990e-29
 145.413970     11.898    14.3771  36.852297    30.0052     11.791  259.48752  259.70112    18.7194     7.7748 -9.990e-29
 145.413973     11.911    14.3760  36.853642    30.0072     11.804  259.48946  259.70299    30.5327     7.2087 -9.990e-29
 145.413976     11.918    14.3748  36.852297    30.0070     11.811  259.49634  259.70980    30.3303     7.2208 -9.990e-29
 145.413979     11.932    14.3739  36.852053    30.0074     11.825  259.50027  259.71368    30.3615     7.1763 -9.990e-29
 145.413981     11.943    14.3733  36.852787    30.0086     11.836  259.50144  259.71480    30.4393     7.2208 -9.990e-29
 145.413984     11.958    14.3724  36.853643    30.0100     11.851  259.50358  259.71688    30.2681     7.8557 -9.990e-29
 145.413987     11.982    14.3719  36.853643    30.0108     11.874  259.50497  259.71824    30.1591     7.8435 -9.990e-29
 145.413990     12.007    14.3719  36.854071    30.0104     11.900  259.50568  259.71894    30.3614     7.8293 0.0000e+00
 145.413993     12.038    14.3719  36.853215    30.0107     11.931  259.50497  259.71824    30.1591     7.8152 0.0000e+00
 145.413996     12.073    14.3719  36.854071    30.0104     11.965  259.50638  259.71965    27.2331     7.5848 0.0000e+00
 145.413999     12.113    14.3716  36.853460    30.0104     12.005  259.50720  259.72046    27.2019     7.5848 0.0000e+00
 145.414002     12.151    14.3708  36.852543    30.0103     12.042  259.51165  259.72487    27.2019     7.5848 0.0000e+00
 145.414005     12.195    14.3695  36.851626    30.0103     12.086  259.51815  259.73130    27.1397     7.5767 0.0000e+00
 145.414008     12.243    14.3679  36.851749    30.0110     12.133  259.52415  259.73720    20.7584     7.4392 0.0000e+00
 145.414010     12.290    14.3668  36.850037    30.0116     12.180  259.53136  259.74435    20.7428     7.2977 0.0000e+00
 145.414013     12.339    14.3663  36.850282    30.0116     12.229  259.53256  259.74548    20.7428     7.2977 0.0000e+00
 145.414016     12.379    14.3659  36.851505    30.0130     12.268  259.53256  259.74548    20.8050     7.2572 0.0000e+00
 145.414019     12.419    14.3658  36.851872    30.0130     12.308  259.53256  259.74548    20.8050     7.2977 0.0000e+00
 145.414022     12.454    14.3658  36.851383    30.0133     12.342  259.53282  259.74573    18.3615     7.3017 0.0000e+00
 145.414025     12.488    14.3658  36.851750    30.0132     12.377  259.53325  259.74617    18.3226     7.3361 0.0000e+00
 145.414028     12.516    14.3658  36.850466    30.0133     12.404  259.53282  259.74573    18.2836     7.3704 -9.990e-29
 145.414031     12.539    14.3663  36.852545    30.0135     12.427  259.52951  259.74245    18.2525     7.3017 -9.990e-29
 145.414034     12.558    14.3665  36.850466    30.0115     12.445  259.53201  259.74498    41.2564     7.4109 -9.990e-29
 145.414036     12.569    14.3668  36.853218    30.0137     12.456  259.52638  259.73935    41.2253     7.3826 -9.990e-29
 145.414039     12.581    14.3673  36.853218    30.0134     12.469  259.52463  259.73762    41.1630     7.3947 -9.990e-29
 145.414042     12.585    14.3675  36.853462    30.0134     12.472  259.52335  259.73636    41.1941     7.3704 -9.990e-29
 145.414045     12.592    14.3681  36.852300    30.0119     12.480  259.52289  259.73595    44.1513     7.8678 -9.990e-29
 145.414048     12.596    14.3686  36.846187    30.0060     12.483  259.53075  259.74389    43.9957     7.9163 -9.990e-29
 145.414051     12.605    14.3689  36.852056    30.0110     12.492  259.52007  259.73317    44.2447     7.8759 -9.990e-29
 145.414054     12.621    14.3693  36.849549    30.0085     12.508  259.52268  259.73582    44.0891     7.9325 -9.990e-29
 145.414057     12.643    14.3694  36.851383    30.0103     12.530  259.51904  259.73218    46.7506     7.9406 -9.990e-29
 145.414060     12.671    14.3693  36.851628    30.0098     12.557  259.52078  259.73392    46.6961     7.9002 0.0000e+00
 145.414063     12.709    14.3691  36.850222    30.0093     12.595  259.52252  259.73565    46.7506     7.9163 0.0000e+00
 145.414065     12.755    14.3687  36.850039    30.0093     12.641  259.52432  259.73742    46.7039     7.8719 0.0000e+00
 145.414068     12.808    14.3682  36.850467    30.0095     12.693  259.52571  259.73878    46.7039     7.8719 0.0000e+00
 145.414071     12.864    14.3682  36.849795    30.0099     12.749  259.52608  259.73915    43.8089     7.1036 0.0000e+00
 145.414074     12.915    14.3682  36.850284    30.0099     12.799  259.52608  259.73915    43.7934     7.0308 0.0000e+00
 145.414077     12.966    14.3682  36.850468    30.0099     12.850  259.52608  259.73915    43.6689     7.0308 0.0000e+00
 145.414080     13.006    14.3683  36.849795    30.0093     12.890  259.52634  259.73943    43.6533     7.0308 0.0000e+00
 145.414083     13.048    14.3684  36.848695    30.0082     12.931  259.52756  259.74067    37.1008     6.9984 0.0000e+00
 145.414086     13.076    14.3684  36.847350    30.0076     12.958  259.52881  259.74192    37.0307     6.9823 0.0000e+00
 145.414089     13.101    14.3684  36.847839    30.0070     12.984  259.53006  259.74317    37.1008     6.9661 -9.990e-29
 145.414091     13.123    14.3674  36.848023    30.0084     13.006  259.53281  259.74586    36.9296     7.0267 -9.990e-29
 145.414094     13.140    14.3670  36.848023    30.0087     13.022  259.53458  259.74760    22.9062     7.1359 -9.990e-29
 145.414097     13.153    14.3667  36.848084    30.0090     13.035  259.53567  259.74867    23.0619     7.1278 -9.990e-29
 145.414100     13.165    14.3664  36.848940    30.0100     13.047  259.53546  259.74843    22.9062     7.1157 -9.990e-29
 145.414103     13.185    14.3664  36.848696    30.0097     13.067  259.53558  259.74856    23.1708     7.1319 -9.990e-29
 145.414106     13.198    14.3664  36.850224    30.0112     13.080  259.53340  259.74636    22.9373     7.1278 -9.990e-29
 145.414109     13.214    14.3666  36.850041    30.0108     13.096  259.53283  259.74581    34.8284     7.7950 -9.990e-29
 145.414112     13.229    14.3664  36.849613    30.0105     13.110  259.53412  259.74709    35.2019     7.7748 -9.990e-29
 145.414115     13.247    14.3665  36.849796    30.0106     13.128  259.53354  259.74651    34.8595     7.7748 -9.990e-29
 145.414117     13.269    14.3668  36.851386    30.0129     13.150  259.52793  259.74091    30.2681     7.2410 -9.990e-29
 145.414120     13.295    14.3671  36.852548    30.0120     13.175  259.52761  259.74061    30.3226     7.2632 0.0000e+00
 145.414123     13.326    14.3675  36.851325    30.0116     13.206  259.52729  259.74032    30.2836     7.2410 0.0000e+00
 145.414126     13.359    14.3679  36.852059    30.0116     13.239  259.52466  259.73770    30.2836     7.2613 0.0000e+00
 145.414129     13.393    14.3680  36.852731    30.0117     13.273  259.52362  259.73667    30.1903     7.2289 0.0000e+00
 145.414132     13.435    14.3682  36.852365    30.0117     13.315  259.52362  259.73667    15.8712     7.0389 0.0000e+00
 145.414135     13.482    14.3680  36.850959    30.0103     13.362  259.52505  259.73813    15.8245     7.0146 0.0000e+00
 145.414138     13.528    14.3680  36.850286    30.0103     13.407  259.52705  259.74012    15.8245     7.0389 0.0000e+00
 145.414141     13.575    14.3674  36.851326    30.0112     13.454  259.52774  259.74077    15.8556     7.0469 0.0000e+00
 145.414144     13.630    14.3667  36.851387    30.0118     13.508  259.53062  259.74359    23.2642     7.3179 0.0000e+00
 145.414146     13.683    14.3657  36.852305    30.0134     13.560  259.53298  259.74588    23.2642     7.3502 0.0000e+00
 145.414149     13.732    14.3653  36.852183    30.0136     13.609  259.53441  259.74730    23.2642     7.3603 0.0000e+00
 145.414152     13.771    14.3650  36.852550    30.0138     13.647  259.53585  259.74872    23.2331     7.3704 -9.990e-29
 145.414155     13.792    14.3645  36.852061    30.0140     13.669  259.53785  259.75069    23.2175     7.3340 -9.990e-29
 145.414158     13.811    14.3642  36.850655    30.0130     13.687  259.54131  259.75415    41.3187     7.5322 -9.990e-29
 145.414161     13.816    14.3637  36.851388    30.0140     13.692  259.54218  259.75498    41.4120     7.5848 -9.990e-29
 145.414164     13.816    14.3633  36.851144    30.0141     13.693  259.54404  259.75682    41.4120     7.5484 -9.990e-29
 145.414167     13.811    14.3632  36.849799    30.0130     13.687  259.54681  259.75958    41.4743     7.6333 -9.990e-29
 145.414170     13.802    14.3632  36.850960    30.0141     13.678  259.54492  259.75769    35.4354     7.6211 -9.990e-29
 145.414172     13.794    14.3636  36.849615    30.0125     13.671  259.54563  259.75843    35.5910     7.6697 -9.990e-29
 145.414175     13.803    14.3639  36.850655    30.0132     13.680  259.54277  259.75559    35.4510     7.6778 -9.990e-29
 145.414178     13.816    14.3647  36.851388    30.0123     13.693  259.54017  259.75303    44.0424     7.5928 -9.990e-29
 145.414181     13.846    14.3649  36.850288    30.0119     13.721  259.53999  259.75287    43.9723     7.6110 0.0000e+00
 145.414184     13.889    14.3650  36.849799    30.0122     13.765  259.53981  259.75270    43.9957     7.6292 0.0000e+00
 145.414187     13.942    14.3650  36.850471    30.0122     13.817  259.53981  259.75270    43.9646     7.6454 0.0000e+00
 145.414190     13.999    14.3647  36.850288    30.0122     13.873  259.54026  259.75313    43.9957     7.6454 0.0000e+00
 145.414193     14.059    14.3646  36.850227    30.0122     13.933  259.54070  259.75356    48.0580     7.4068 0.0000e+00
 145.414196     14.121    14.3646  36.850289    30.0122     13.994  259.54152  259.75436    48.0580     7.3745 0.0000e+00
 145.414198     14.176    14.3646  36.848944    30.0121     14.049  259.54152  259.75436    48.1202     7.3745 0.0000e+00
 145.414201     14.221    14.3646  36.850228    30.0120     14.094  259.54080  259.75366    48.0580     7.3826 0.0000e+00
 145.414204     14.263    14.3647  36.850289    30.0121     14.136  259.54033  259.75319    48.0579     7.3947 0.0000e+00
 145.414207     14.294    14.3648  36.845765    30.0120     14.166  259.53985  259.75272    47.9957     7.4068 -9.990e-29
 145.414210     14.315    14.3652  36.847844    30.0095     14.186  259.54238  259.75529    76.2136     7.2208 -9.990e-29
 145.414213     14.331    14.3652  36.849128    30.0106     14.202  259.54031  259.75321    76.2447     7.2127 -9.990e-29
 145.414216     14.335    14.3652  36.848700    30.0103     14.206  259.54130  259.75420    76.2759     7.2330 -9.990e-29
 145.414219     14.316    14.3654  36.847660    30.0092     14.188  259.54209  259.75502    73.5054     7.7505 -9.990e-29
 145.414222     14.298    14.3658  36.847110    30.0084     14.170  259.54150  259.75446    73.5210     7.7708 -9.990e-29
 145.414225     14.282    14.3661  36.848455    30.0093     14.154  259.53784  259.75081    73.8012     7.7667 -9.990e-29
 145.414227     14.267    14.3665  36.847844    30.0085     14.139  259.53736  259.75035    73.6299     7.7788 -9.990e-29
 145.414230     14.253    14.3667  36.846865    30.0075     14.125  259.53835  259.75136    68.7117     7.5120 -9.990e-29
 145.414233     14.249    14.3670  36.846193    30.0067     14.121  259.53826  259.75130    68.7739     7.5160 -9.990e-29
 145.414236     14.247    14.3670  36.846988    30.0074     14.119  259.53697  259.75000    68.7428     7.5079 -9.990e-29
 145.414239     14.245    14.3673  36.848027    30.0081     14.118  259.53411  259.74715    68.6494     7.4877 -9.990e-29
 145.414242     14.245    14.3673  36.846193    30.0064     14.118  259.53679  259.74985    56.6494     7.4877 -9.990e-29
 145.414245     14.251    14.3676  36.847660    30.0075     14.123  259.53324  259.74631    56.4315     7.4271 -9.990e-29
 145.414248     14.256    14.3679  36.846437    30.0062     14.128  259.53435  259.74744    56.5716     7.4311 -9.990e-29
 145.414251     14.260    14.3682  36.849127    30.0084     14.132  259.52881  259.74190    56.5716     7.4230 -9.990e-29
 145.414253     14.260    14.3683  36.847843    30.0071     14.132  259.53031  259.74341    56.4315     7.4473 -9.990e-29
 145.414256     14.261    14.3682  36.848271    30.0075     14.134  259.52991  259.74301    48.5093     7.5160 -9.990e-29
 145.414259     14.258    14.3682  36.844175    30.0039     14.130  259.53684  259.74997    48.4626     7.5281 -9.990e-29
 145.414262     14.247    14.3678  36.847843    30.0075     14.119  259.53235  259.74543    48.6027     7.4877 -9.990e-29
 145.414265     14.243    14.3672  36.846682    30.0069     14.115  259.53658  259.74963    48.5093     7.5686 -9.990e-29
 145.414268     14.232    14.3668  36.849127    30.0094     14.105  259.53408  259.74708    61.9412     7.5079 -9.990e-29
 145.414271     14.228    14.3663  36.848699    30.0095     14.101  259.53683  259.74980    61.9724     7.4837 -9.990e-29
 145.414274     14.234    14.3654  36.843258    30.0052     14.106  259.54918  259.76214    62.0346     7.5524 -9.990e-29
 145.414277     14.241    14.3648  36.846865    30.0089     14.113  259.54538  259.75829    61.8323     7.5120 -9.990e-29
 145.414280     14.263    14.3645  36.847660    30.0099     14.135  259.54558  259.75845    52.6961     7.2734 -9.990e-29
 145.414282     14.287    14.3645  36.848944    30.0106     14.159  259.54432  259.75719    52.8984     7.2774 -9.990e-29
 145.414285     14.320    14.3645  36.848455    30.0106     14.191  259.54432  259.75719    52.8984     7.2774 0.0000e+00
 145.414288     14.353    14.3645  36.846010    30.0106     14.224  259.54432  259.75719    52.8984     7.2774 -9.990e-29
 145.414291     14.373    14.3646  36.845093    30.0074     14.244  259.54922  259.76213    46.8751     7.5484 -9.990e-29
 145.414294     14.387    14.3646  36.846438    30.0086     14.258  259.54705  259.75994    46.8440     7.5524 -9.990e-29
