seaocn-cb/data/ctd_cnv/SBE19plus_01907321_2024_05_27_Cast68.cnv
* Sea-Bird SBE19plus  Data File:
* FileName = E:\Prandtl_Daten\2024\27052024\raw\SBE19plus_01907321_2024_05_27_Cast68.hex
* Software version 2.6.1.12
* Temperature SN = 7321
* Conductivity SN = 7321
* System UpLoad Time = May 27 2024 07:30:26
* <ApplicationData>
* <Seaterm232>
** 20240527
** Sea Practical 2024
** MCat 27.05 CTD_SP2
** NMEA Latitude = 054 06.114N
** NMEA Longitude = 008 34.923E
** waterdepth =13.9 m
** Merle
# nquan = 11
# nvalues = 463                         
# units = specified
# name 0 = timeJ: Julian Days
# name 1 = prdM: Pressure, Strain Gauge [db]
# name 2 = tv290C: Temperature [ITS-90, deg C]
# name 3 = c0mS/cm: Conductivity [mS/cm]
# name 4 = sal00: Salinity, Practical [PSU]
# name 5 = depSM: Depth [salt water, m], lat = 54.00
# name 6 = oxsatMm/Kg: Oxygen Saturation, Weiss [umol/kg]
# name 7 = oxsolMm/Kg: Oxygen Saturation, Garcia & Gordon [umol/kg]
# name 8 = turbWETntu0: Turbidity, WET Labs ECO [NTU]
# name 9 = flECO-AFL: Fluorescence, WET Labs ECO-AFL/FL [mg/m^3]
# name 10 = flag:  0.000e+00
# span 0 = 148.308536, 148.309873       
# span 1 =      0.501,     12.816       
# span 2 =    17.1176,    17.7804       
# span 3 =  36.281442,  36.471330       
# span 4 =    27.2240,    27.5183       
# span 5 =      0.497,     12.701       
# span 6 =  247.20571,  249.91788       
# span 7 =  247.59551,  250.27969       
# span 8 =     0.4159,    28.6961       
# span 9 =     3.9798,     8.3328       
# span 10 = 0.0000e+00, 0.0000e+00      
# interval = seconds: 0.25
# start_time = May 27 2024 07:22:46 [Instrument's time stamp, header]
# bad_flag = -9.990e-29
*END*
[from data line 394]
 148.309676     11.018    17.3287  36.320365    27.4070     10.919  249.08056  249.45161    15.1397     5.9592 -9.990e-29
 148.309679     11.020    17.3279  36.318846    27.4063     10.921  249.08578  249.45681    13.0229     6.7073 -9.990e-29
 148.309682     11.018    17.3272  36.317934    27.4061     10.919  249.08984  249.46084    13.2253     6.7275 -9.990e-29
 148.309685     11.012    17.3262  36.319089    27.4077     10.914  249.09191  249.46285    13.2097     6.6668 -9.990e-29
 148.309688     11.011    17.3259  36.318603    27.4075     10.912  249.09352  249.46446    13.0696     6.7154 -9.990e-29
 148.309690     11.018    17.3252  36.315990    27.4057     10.919  249.09968  249.47060    14.5638     6.9095 -9.990e-29
 148.309693     11.036    17.3219  36.318603    27.4059     10.938  249.11556  249.48634    14.6261     6.8933 -9.990e-29
 148.309696     11.075    17.3194  36.313498    27.4075     10.975  249.12510  249.49578    14.6261     6.8933 0.0000e+00
 148.309699     11.124    17.3168  36.313317    27.4091     11.024  249.13465  249.50521    14.6261     6.8933 0.0000e+00
 148.309702     11.180    17.3106  36.309550    27.4102     11.080  249.16312  249.53342    15.2642     6.1088 0.0000e+00
 148.309705     11.237    17.3036  36.310888    27.4160     11.136  249.18715  249.55714    15.3264     6.1048 0.0000e+00
 148.309708     11.292    17.2973  36.309126    27.4188     11.191  249.21309  249.58281    15.3264     6.0967 0.0000e+00
 148.309711     11.337    17.2942  36.307972    27.4204     11.236  249.22533  249.59490    15.3731     6.0886 0.0000e+00
 148.309714     11.363    17.2911  36.307304    27.4220     11.261  249.23756  249.60700    15.4198     6.0805 -9.990e-29
 148.309716     11.377    17.2842  36.307244    27.4260     11.276  249.26419  249.63333    14.0502     6.6668 -9.990e-29
 148.309719     11.381    17.2811  36.306697    27.4276     11.279  249.27636  249.64538    14.1591     6.6466 -9.990e-29
 148.309722     11.381    17.2786  36.306880    27.4295     11.279  249.28566  249.65456    14.2214     6.6143 -9.990e-29
 148.309725     11.370    17.2756  36.303781    27.4289     11.268  249.30082  249.66961    14.2525     6.5536 -9.990e-29
 148.309728     11.365    17.2735  36.304875    27.4313     11.263  249.30729  249.67597    20.1825     7.0065 -9.990e-29
 148.309731     11.379    17.2653  36.302931    27.4313     11.278  249.34671  249.71506    20.1980     7.0267 -9.990e-29
 148.309734     11.412    17.2615  36.298374    27.4350     11.310  249.35909  249.72726    20.2292     7.0307 0.0000e+00
 148.309737     11.465    17.2577  36.300927    27.4386     11.363  249.37147  249.73947    20.1980     7.0267 0.0000e+00
 148.309740     11.523    17.2501  36.301354    27.4441     11.420  249.39893  249.76660    15.3576     7.0348 0.0000e+00
 148.309742     11.591    17.2434  36.296493    27.4446     11.487  249.43081  249.79820    15.3264     7.0631 0.0000e+00
 148.309745     11.648    17.2394  36.296494    27.4473     11.543  249.44546  249.81267    15.3264     7.0652 0.0000e+00
 148.309748     11.688    17.2355  36.293518    27.4499     11.583  249.46010  249.82714    15.2953     7.0672 -9.990e-29
 148.309751     11.710    17.2149  36.294492    27.4621     11.605  249.53936  249.90549    15.1552     7.5281 -9.990e-29
 148.309754     11.717    17.2095  36.292305    27.4640     11.612  249.56280  249.92869    15.2486     7.5848 -9.990e-29
 148.309757     11.717    17.2044  36.292731    27.4678     11.612  249.58098  249.94664    15.1085     7.4594 -9.990e-29
 148.309760     11.709    17.1998  36.292306    27.4706     11.604  249.59882  249.96428    15.1085     7.5039 -9.990e-29
 148.309763     11.704    17.1964  36.292246    27.4728     11.599  249.61153  249.97684    15.0619     7.4918 -9.990e-29
 148.309766     11.710    17.1940  36.292732    27.4748     11.605  249.61946  249.98466    19.3264     7.8799 -9.990e-29
 148.309769     11.722    17.1920  36.290970    27.4718     11.617  249.63469  249.99983    19.2642     7.8961 -9.990e-29
 148.309771     11.753    17.1889  36.287446    27.4741     11.648  249.64610  250.01110    19.3109     7.8476 0.0000e+00
 148.309774     11.799    17.1857  36.287872    27.4764     11.693  249.65751  250.02236    19.2642     7.7991 0.0000e+00
 148.309777     11.855    17.1788  36.289089    27.4821     11.749  249.68137  250.04590    17.4899     7.2977 0.0000e+00
 148.309780     11.914    17.1743  36.288968    27.4850     11.807  249.69819  250.06253    17.4899     7.2896 0.0000e+00
 148.309783     11.974    17.1698  36.286538    27.4860     11.867  249.71830  250.08245    17.4276     7.2734 0.0000e+00
 148.309786     12.027    17.1671  36.288301    27.4886     11.919  249.72706  250.09109    17.4821     7.2512 0.0000e+00
 148.309789     12.062    17.1645  36.287451    27.4911     11.954  249.73583  250.09973    17.4120     7.2734 -9.990e-29
 148.309792     12.084    17.1529  36.285447    27.4965     11.976  249.78270  250.14610    15.9801     6.9337 -9.990e-29
 148.309795     12.100    17.1496  36.283382    27.4970     11.992  249.79796  250.16122    15.8712     6.9297 -9.990e-29
 148.309797     12.098    17.1467  36.285205    27.5005     11.990  249.80614  250.16925    15.8556     6.8650 -9.990e-29
 148.309800     12.095    17.1440  36.283686    27.5011     11.987  249.81845  250.18145    20.7272     7.8112 -9.990e-29
 148.309803     12.086    17.1414  36.287210    27.5058     11.977  249.82297  250.18584    20.7584     7.8112 -9.990e-29
 148.309806     12.084    17.1404  36.284780    27.5044     11.976  249.83012  250.19296    20.6961     7.8557 -9.990e-29
 148.309809     12.095    17.1400  36.283565    27.5037     11.987  249.83340  250.19622    20.7739     7.8193 -9.990e-29
 148.309812     12.119    17.1381  36.284112    27.5063     12.010  249.83817  250.20090    24.7117     8.1953 -9.990e-29
 148.309815     12.153    17.1373  36.285206    27.5061     12.044  249.84251  250.20521    24.7739     8.1811 0.0000e+00
 148.309818     12.203    17.1365  36.283444    27.5063     12.093  249.84686  250.20952    24.7584     8.1670 0.0000e+00
 148.309821     12.259    17.1353  36.284113    27.5073     12.149  249.85024  250.21285    24.7584     8.1670 0.0000e+00
 148.309823     12.321    17.1348  36.284660    27.5081     12.211  249.85134  250.21393    24.7272     8.1630 0.0000e+00
 148.309826     12.376    17.1342  36.284356    27.5082     12.265  249.85427  250.21682    21.5988     7.2977 0.0000e+00
 148.309829     12.423    17.1333  36.283445    27.5085     12.312  249.85832  250.22082    21.5132     7.2714 0.0000e+00
 148.309832     12.458    17.1323  36.283021    27.5087     12.346  249.86236  250.22483    21.4276     7.2451 -9.990e-29
 148.309835     12.480    17.1282  36.282352    27.5106     12.368  249.87933  250.24162    21.6144     7.2815 -9.990e-29
 148.309838     12.485    17.1265  36.283872    27.5130     12.373  249.88363  250.24584    23.3576     8.2762 -9.990e-29
 148.309841     12.483    17.1246  36.284419    27.5147     12.372  249.88962  250.25174    23.2953     8.2964 -9.990e-29
 148.309844     12.478    17.1233  36.281928    27.5135     12.366  249.89809  250.26016    23.4976     8.3045 -9.990e-29
 148.309847     12.472    17.1221  36.284115    27.5162     12.361  249.89958  250.26159    23.3731     8.3328 -9.990e-29
 148.309850     12.480    17.1210  36.281442    27.5147     12.368  249.90740  250.26937    28.4938     8.0053 -9.990e-29
 148.309852     12.502    17.1193  36.282354    27.5168     12.390  249.91233  250.27422    28.6961     8.0943 -9.990e-29
 148.309855     12.540    17.1186  36.282536    27.5176     12.428  249.91400  250.27586    28.5560     8.0660 0.0000e+00
 148.309858     12.589    17.1180  36.283448    27.5174     12.477  249.91567  250.27750    28.6961     8.0538 0.0000e+00
 148.309861     12.649    17.1176  36.281929    27.5183     12.536  249.91788  250.27969    28.4159     8.0376 0.0000e+00
 148.309864     12.710    17.1176  36.283023    27.5180     12.596  249.91788  250.27969    22.0657     7.1683 0.0000e+00
 148.309867     12.763    17.1179  36.283205    27.5181     12.648  249.91669  250.27851    21.9801     7.1461 0.0000e+00
 148.309870     12.808    17.1182  36.281869    27.5180     12.694  249.91549  250.27733    22.0657     7.1683 -9.990e-29
 148.309873     12.816    17.1183  36.282112    27.5170     12.701  249.91677  250.27862    22.1124     7.1521 -9.990e-29
