seaocn-cb/data/ctd_cnv/SBE19plus_01907321_2024_05_24_Cast45.cnv
* Sea-Bird SBE19plus  Data File:
* FileName = E:\Prandtl_Daten\2024\CTD\raw\SBE19plus_01907321_2024_05_24_Cast45.hex
* Software version 2.6.1.12
* Temperature SN = 7321
* Conductivity SN = 7321
* System UpLoad Time = May 24 2024 12:58:38
* <ApplicationData>
* <Seaterm232>
** 20240524
** Sea Practical 2024
** MCat 24.05 CTD_SP1
** NMEA Latitude = 054 07.817N
** NMEA Longitude = 008 46.533E
** waterdepth = 14.3m
** Merle
# nquan = 11
# nvalues = 503                         
# units = specified
# name 0 = timeJ: Julian Days
# name 1 = prdM: Pressure, Strain Gauge [db]
# name 2 = tv290C: Temperature [ITS-90, deg C]
# name 3 = c0mS/cm: Conductivity [mS/cm]
# name 4 = sal00: Salinity, Practical [PSU]
# name 5 = depSM: Depth [salt water, m], lat = 54.00
# name 6 = oxsatMm/Kg: Oxygen Saturation, Weiss [umol/kg]
# name 7 = oxsolMm/Kg: Oxygen Saturation, Garcia & Gordon [umol/kg]
# name 8 = turbWETntu0: Turbidity, WET Labs ECO [NTU]
# name 9 = flECO-AFL: Fluorescence, WET Labs ECO-AFL/FL [mg/m^3]
# name 10 = flag:  0.000e+00
# span 0 = 145.536687, 145.538139       
# span 1 =      0.596,     13.334       
# span 2 =    16.7381,    18.0610       
# span 3 =  35.474697,  36.159011       
# span 4 =    26.7718,    27.0996       
# span 5 =      0.590,     13.215       
# span 6 =  246.60617,  252.50482       
# span 7 =  247.00897,  252.85341       
# span 8 =    -3.9109,     3.6066       
# span 9 =     1.6730,    12.5220       
# span 10 = 0.0000e+00, 0.0000e+00      
# interval = seconds: 0.25
# start_time = May 24 2024 12:51:38 [Instrument's time stamp, header]
# bad_flag = -9.990e-29
*END*
[from data line 394]
 145.537827     11.703    16.7684  35.489742    27.0857     11.598  252.37182  252.72174    -0.6424     6.0886 0.0000e+00
 145.537830     11.735    16.7629  35.489502    27.0891     11.630  252.39300  252.74267    -0.6113     6.0724 0.0000e+00
 145.537833     11.763    16.7619  35.495585    27.0915     11.657  252.39388  252.74349    -0.5802     6.0724 0.0000e+00
 145.537836     11.794    16.7609  35.491490    27.0939     11.688  252.39463  252.74418    -0.2222     6.2160 0.0000e+00
 145.537839     11.819    16.7619  35.494079    27.0915     11.713  252.39388  252.74349     0.1358     6.3636 -9.990e-29
 145.537841     11.843    16.7671  35.493838    27.0919     11.737  252.36722  252.71705     0.0113     6.3636 -9.990e-29
 145.537844     11.874    16.7677  35.496187    27.0912     11.768  252.36582  252.71568    -0.2533     6.1877 0.0000e+00
 145.537847     11.901    16.7680  35.495344    27.0905     11.795  252.36722  252.71705    -0.3467     6.0118 0.0000e+00
 145.537850     11.934    16.7680  35.493176    27.0887     11.827  252.36820  252.71809    -0.3467     6.0118 0.0000e+00
 145.537853     11.963    16.7660  35.490406    27.0881     11.856  252.38001  252.72981    -0.3467     6.0158 0.0000e+00
 145.537856     11.989    16.7643  35.489503    27.0881     11.881  252.38785  252.73758    -0.3156     6.0482 0.0000e+00
 145.537859     12.018    16.7632  35.491250    27.0903     11.910  252.38937  252.73905    -0.1755     6.1371 0.0000e+00
 145.537862     12.049    16.7620  35.494080    27.0903     11.941  252.38994  252.73954    -0.1755     6.1573 0.0000e+00
 145.537865     12.078    16.7620  35.488480    27.0916     11.970  252.39656  252.74615    -0.1444     6.1573 0.0000e+00
 145.537867     12.111    16.7613  35.491250    27.0912     12.002  252.39808  252.74771    -0.0821     6.1533 0.0000e+00
 145.537870     12.142    16.7608  35.490407    27.0912     12.033  252.39967  252.74924    -0.0821     6.1533 0.0000e+00
 145.537873     12.167    16.7608  35.487396    27.0912     12.058  252.39967  252.74924     0.8362     5.8379 0.0000e+00
 145.537876     12.197    16.7610  35.495587    27.0920     12.087  252.39765  252.74722     0.8518     5.8379 0.0000e+00
 145.537879     12.226    16.7611  35.498176    27.0954     12.116  252.39125  252.74080     0.8673     5.8379 -9.990e-29
 145.537882     12.250    16.7658  35.497092    27.0919     12.140  252.37362  252.72340    -0.1444     6.0077 -9.990e-29
 145.537885     12.277    16.7657  35.495345    27.0887     12.167  252.37957  252.72937    -0.1444     6.0299 0.0000e+00
 145.537888     12.304    16.7657  35.487577    27.0855     12.194  252.38553  252.73534    -0.1444     6.0239 0.0000e+00
 145.537891     12.332    16.7628  35.482880    27.0855     12.221  252.40324  252.75293    -0.1444     6.0441 0.0000e+00
 145.537894     12.361    16.7586  35.484145    27.0873     12.250  252.41657  252.76598    -0.0043     6.0239 0.0000e+00
 145.537896     12.388    16.7575  35.488481    27.0913     12.277  252.41657  252.76598     0.2914     5.7894 0.0000e+00
 145.537899     12.414    16.7575  35.488000    27.0919     12.303  252.41604  252.76547     0.3070     5.7813 0.0000e+00
 145.537902     12.445    16.7576  35.490168    27.0913     12.333  252.41604  252.76547     0.3381     5.7772 0.0000e+00
 145.537905     12.472    16.7587  35.482881    27.0925     12.360  252.41260  252.76202     0.3381     5.7772 0.0000e+00
 145.537908     12.501    16.7590  35.491071    27.0904     12.389  252.40985  252.75935    -0.4401     5.8177 0.0000e+00
 145.537911     12.529    16.7593  35.488241    27.0915     12.416  252.40701  252.75651    -0.4557     5.8217 0.0000e+00
 145.537914     12.554    16.7590  35.492998    27.0904     12.442  252.40985  252.75935    -0.4712     5.8258 -9.990e-29
 145.537917     12.578    16.7605  35.491071    27.0901     12.465  252.40307  252.75264    -0.4245     5.8258 -9.990e-29
 145.537920     12.607    16.7600  35.489084    27.0892     12.494  252.40729  252.75683    -0.0509     5.8925 0.0000e+00
 145.537922     12.633    16.7595  35.486073    27.0883     12.519  252.41150  252.76102     0.3070     5.9592 0.0000e+00
 145.537925     12.664    16.7566  35.481377    27.0883     12.550  252.42920  252.77862     0.3070     5.9592 0.0000e+00
 145.537928     12.693    16.7528  35.481136    27.0886     12.579  252.44417  252.79341     0.2603     5.9673 0.0000e+00
 145.537931     12.727    16.7497  35.483907    27.0930     12.613  252.44692  252.79598     0.2603     5.9673 0.0000e+00
 145.537934     12.758    16.7497  35.487821    27.0941     12.644  252.44692  252.79598    -0.3000     6.9742 0.0000e+00
 145.537937     12.788    16.7508  35.486075    27.0941     12.673  252.44513  252.79431    -0.3156     6.9863 0.0000e+00
 145.537940     12.822    16.7510  35.483726    27.0916     12.707  252.44513  252.79431    -0.4090     6.9742 0.0000e+00
 145.537943     12.855    16.7510  35.482221    27.0916     12.740  252.44951  252.79867    -0.4090     6.9742 0.0000e+00
 145.537946     12.888    16.7500  35.482643    27.0917     12.773  252.45264  252.80172     0.0891     6.2746 0.0000e+00
 145.537948     12.917    16.7495  35.485413    27.0932     12.801  252.45266  252.80174     0.0891     6.2605 0.0000e+00
 145.537951     12.943    16.7489  35.485232    27.0947     12.827  252.45268  252.80172     0.0891     6.2463 -9.990e-29
 145.537954     12.965    16.7501  35.483727    27.0925     12.848  252.45080  252.79991     0.1825     6.3231 -9.990e-29
 145.537957     12.985    16.7514  35.488243    27.0955     12.868  252.43928  252.78842    -0.0510     6.0724 -9.990e-29
 145.537960     13.007    16.7522  35.484148    27.0914     12.890  252.44213  252.79134     0.0580     6.0765 -9.990e-29
 145.537963     13.025    16.7524  35.487159    27.0938     12.908  252.43684  252.78604     0.0580     6.0846 -9.990e-29
 145.537966     13.048    16.7510  35.481800    27.0893     12.932  252.45181  252.80098     0.0268     6.1048 -9.990e-29
 145.537969     13.076    16.7497  35.480716    27.0896     12.959  252.45790  252.80702     0.2603     6.2928 0.0000e+00
 145.537972     13.105    16.7483  35.479392    27.0900     12.988  252.46400  252.81305     0.4938     6.4808 0.0000e+00
 145.537975     13.134    16.7452  35.481379    27.0925     13.016  252.47262  252.82152     0.5093     6.4849 0.0000e+00
 145.537977     13.165    16.7439  35.478791    27.0925     13.047  252.48168  252.83053     0.5871     6.4849 0.0000e+00
 145.537980     13.202    16.7422  35.476382    27.0925     13.083  252.49141  252.84019     0.5871     6.4768 0.0000e+00
 145.537983     13.236    16.7412  35.479213    27.0948     13.118  252.49141  252.84019     0.5871     6.1857 0.0000e+00
 145.537986     13.271    16.7410  35.479634    27.0949     13.152  252.49168  252.84039     0.6027     6.1776 0.0000e+00
 145.537989     13.304    16.7412  35.480056    27.0949     13.184  252.49076  252.83948     0.5871     6.1857 -9.990e-29
 145.537992     13.307    16.7425  35.480899    27.0951     13.188  252.48366  252.83244     0.6650     6.1290 -9.990e-29
 145.537995     13.302    16.7427  35.481380    27.0954     13.183  252.48234  252.83112     0.6338     6.5415 -9.990e-29
 145.537998     13.298    16.7441  35.478309    27.0918     13.179  252.48152  252.83038     0.6338     6.5455 -9.990e-29
 145.538001     13.296    16.7453  35.484812    27.0965     13.177  252.46741  252.81629     0.6183     6.5455 -9.990e-29
 145.538003     13.296    16.7470  35.483728    27.0945     13.177  252.46277  252.81174     0.5560     6.5819 -9.990e-29
 145.538006     13.293    16.7477  35.485414    27.0954     13.174  252.45753  252.80652    -0.0821     6.2827 -9.990e-29
 145.538009     13.295    16.7486  35.483487    27.0932     13.176  252.45691  252.80595    -0.1444     6.2665 -9.990e-29
 145.538012     13.298    16.7483  35.481560    27.0917     13.179  252.46064  252.80968    -0.0510     6.2948 -9.990e-29
 145.538015     13.298    16.7465  35.483487    27.0946     13.179  252.46499  252.81393    -0.1911     6.3070 -9.990e-29
 145.538018     13.302    16.7449  35.483729    27.0959     13.183  252.47054  252.81941    -0.1755     6.2948 -9.990e-29
 145.538021     13.300    16.7453  35.485234    27.0969     13.181  252.46680  252.81568     0.0735     7.0469 -9.990e-29
 145.538024     13.296    16.7460  35.484812    27.0961     13.177  252.46493  252.81384     0.0268     7.0672 -9.990e-29
 145.538027     13.295    16.7478  35.486318    27.0961     13.176  252.45591  252.80489     0.0268     7.0712 -9.990e-29
 145.538030     13.284    16.7495  35.485655    27.0944     13.165  252.45034  252.79941     0.1047     7.0510 -9.990e-29
 145.538032     13.276    16.7501  35.485414    27.0938     13.158  252.44820  252.79730     0.3226     6.6183 -9.990e-29
 145.538035     13.273    16.7500  35.484992    27.0935     13.154  252.44943  252.79853     0.2603     6.6143 -9.990e-29
 145.538038     13.271    16.7501  35.483065    27.0918     13.152  252.45161  252.80072     0.2914     6.6062 -9.990e-29
 145.538041     13.267    16.7510  35.483065    27.0912     13.148  252.44819  252.79735     0.3537     6.6264 -9.990e-29
 145.538044     13.273    16.7508  35.482222    27.0907     13.154  252.45035  252.79950     1.8634     6.8731 -9.990e-29
 145.538047     13.282    16.7488  35.478971    27.0893     13.163  252.46284  252.81191     1.9568     6.8731 -9.990e-29
 145.538050     13.289    16.7465  35.475961    27.0883     13.170  252.47592  252.82490     1.7078     6.8569 -9.990e-29
 145.538053     13.304    16.7439  35.477045    27.0909     13.184  252.48398  252.83284     1.8634     6.8488 -9.990e-29
 145.538056     13.316    16.7421  35.479213    27.0940     13.197  252.48798  252.83674     3.6066     7.1521 -9.990e-29
 145.538058     13.324    16.7417  35.481381    27.0960     13.204  252.48608  252.83481     3.5288     7.1440 -9.990e-29
 145.538061     13.325    16.7425  35.479634    27.0940     13.206  252.48551  252.83429     3.5755     7.1157 -9.990e-29
 145.538064     13.329    16.7432  35.479815    27.0937     13.210  252.48277  252.83157     3.5910     7.0874 -9.990e-29
 145.538067     13.327    16.7435  35.478129    27.0921     13.208  252.48397  252.83280     3.5288     7.1278 -9.990e-29
 145.538070     13.314    16.7434  35.481380    27.0949     13.195  252.47955  252.82836     2.9840     7.2168 -9.990e-29
 145.538073     13.305    16.7436  35.479213    27.0929     13.186  252.48207  252.83091     3.0307     7.2572 -9.990e-29
 145.538076     13.292    16.7432  35.480056    27.0939     13.173  252.48240  252.83120     3.0463     7.2653 -9.990e-29
 145.538079     13.285    16.7434  35.483488    27.0967     13.166  252.47679  252.82558     3.0307     7.2289 -9.990e-29
 145.538082     13.281    16.7446  35.485656    27.0977     13.162  252.46898  252.81782     1.7856     6.9337 -9.990e-29
 145.538084     13.274    16.7456  35.481982    27.0939     13.155  252.47027  252.81918     1.8323     6.9297 -9.990e-29
 145.538087     13.274    16.7454  35.480296    27.0927     13.155  252.47365  252.82256     1.8167     6.9176 -9.990e-29
 145.538090     13.278    16.7435  35.478791    27.0926     13.159  252.48298  252.83181     1.8012     6.9256 -9.990e-29
 145.538093     13.285    16.7416  35.477707    27.0930     13.166  252.49202  252.84076     0.5560     8.2358 -9.990e-29
 145.538096     13.290    16.7408  35.479815    27.0954     13.171  252.49206  252.84076     0.5560     8.2196 -9.990e-29
 145.538099     13.294    16.7407  35.478550    27.0944     13.175  252.49421  252.84291     0.5249     8.2196 -9.990e-29
 145.538102     13.298    16.7411  35.482224    27.0972     13.178  252.48733  252.83602     0.5560     8.2034 -9.990e-29
 145.538105     13.292    16.7412  35.479634    27.0949     13.173  252.49046  252.83918     1.7856     7.5686 -9.990e-29
 145.538108     13.290    16.7416  35.479393    27.0944     13.171  252.48926  252.83800     1.8945     7.5848 -9.990e-29
 145.538111     13.285    16.7414  35.477888    27.0933     13.166  252.49237  252.84111     1.7700     7.5645 -9.990e-29
 145.538113     13.283    16.7411  35.477888    27.0935     13.164  252.49362  252.84234     1.9412     7.5969 -9.990e-29
 145.538116     13.281    16.7403  35.477286    27.0935     13.162  252.49729  252.84598     1.7856     7.6131 -9.990e-29
 145.538119     13.287    16.7402  35.476804    27.0932     13.168  252.49861  252.84729     1.0852     6.9944 -9.990e-29
 145.538122     13.288    16.7408  35.475118    27.0914     13.169  252.49889  252.84761     0.9762     7.0025 -9.990e-29
 145.538125     13.294    16.7412  35.479213    27.0945     13.175  252.49108  252.83980     1.0541     6.9944 -9.990e-29
 145.538128     13.299    16.7415  35.474697    27.0905     13.180  252.49671  252.84546     1.1163     6.9944 -9.990e-29
 145.538131     13.314    16.7405  35.475540    27.0919     13.195  252.49922  252.84792     2.4082     7.5120 -9.990e-29
 145.538134     13.325    16.7391  35.475721    27.0930     13.206  252.50424  252.85288     2.2058     7.5241 -9.990e-29
 145.538137     13.329    16.7381  35.477889    27.0955     13.209  252.50482  252.85341     2.3926     7.5079 -9.990e-29
 145.538139     13.334    16.7389  35.483308    27.0996     13.215  252.49416  252.84275     2.2525     7.5039 -9.990e-29
