seaocn-cb/data/ctd_cnv/SBE19plus_01907321_2024_05_22_Cast09.cnv
* Sea-Bird SBE19plus  Data File:
* FileName = E:\Prandtl_Daten\2024\CTD\raw\SBE19plus_01907321_2024_05_21_Cast09.hex
* Software version 2.6.1.12
* Temperature SN = 7321
* Conductivity SN = 7321
* System UpLoad Time = May 22 2024 09:59:36
* <ApplicationData>
* <Seaterm232>
** 20240522
** Sea Practical 2024
** MCat 22.05 CTD_SP2
** NMEA Latitude = 54 06.063N
** NMEA Longitude = 008 34.378E
** waterdepth = 14.5m
** Isabelle
# nquan = 11
# nvalues = 455                         
# units = specified
# name 0 = timeJ: Julian Days
# name 1 = prdM: Pressure, Strain Gauge [db]
# name 2 = tv290C: Temperature [ITS-90, deg C]
# name 3 = c0mS/cm: Conductivity [mS/cm]
# name 4 = sal00: Salinity, Practical [PSU]
# name 5 = depSM: Depth [salt water, m], lat = 54.00
# name 6 = oxsatMm/Kg: Oxygen Saturation, Weiss [umol/kg]
# name 7 = oxsolMm/Kg: Oxygen Saturation, Garcia & Gordon [umol/kg]
# name 8 = turbWETntu0: Turbidity, WET Labs ECO [NTU]
# name 9 = flECO-AFL: Fluorescence, WET Labs ECO-AFL/FL [mg/m^3]
# name 10 = flag:  0.000e+00
# span 0 = 143.412705, 143.414019       
# span 1 =      0.621,     12.969       
# span 2 =    15.3377,    16.3661       
# span 3 =  35.650086,  36.210046       
# span 4 =    27.4997,    28.7074       
# span 5 =      0.615,     12.853       
# span 6 =  253.65812,  256.78348       
# span 7 =  253.98809,  257.05725       
# span 8 =    -1.4206,     4.4159       
# span 9 =     7.8314,    11.0744       
# span 10 = 0.0000e+00, 0.0000e+00      
# interval = seconds: 0.25
# start_time = May 22 2024 09:52:56 [Instrument's time stamp, header]
# bad_flag = -9.990e-29
*END*
 143.412705      0.621    16.3561  35.650086    27.5061      0.615  253.70311  254.03262    -1.1249     7.9770 -9.990e-29
 143.412708      0.623    16.3562  35.656843    27.5118      0.617  253.69280  254.02228    -1.0627     7.9689 -9.990e-29
 143.412711      0.635    16.3577  35.655516    27.5108      0.630  253.68697  254.01652    -1.1249     7.9972 -9.990e-29
 143.412714      0.663    16.3580  35.656843    27.5091      0.657  253.68849  254.01807    -1.0004     8.1165 0.0000e+00
 143.412717      0.712    16.3583  35.653344    27.5105      0.706  253.68697  254.01652    -0.9537     8.2196 0.0000e+00
 143.412720      0.785    16.3586  35.657266    27.5074      0.778  253.68696  254.01659    -0.9537     8.2196 0.0000e+00
 143.412723      0.851    16.3590  35.653586    27.5070      0.843  253.68452  254.01417    -0.9537     8.2196 0.0000e+00
 143.412726      0.909    16.3595  35.654008    27.5070      0.901  253.68452  254.01417    -1.0938     8.2196 0.0000e+00
 143.412729      0.953    16.3597  35.656844    27.5081      0.944  253.68167  254.01132    -1.1639     8.0700 0.0000e+00
 143.412731      0.982    16.3599  35.657448    27.5092      0.973  253.67881  254.00847    -1.4051     7.8961 -9.990e-29
 143.412734      1.004    16.3612  35.657266    27.5086      0.995  253.67328  254.00300    -1.4206     7.8799 -9.990e-29
 143.412737      1.020    16.3616  35.654672    27.5061      1.011  253.67528  254.00503    -1.3584     7.8759 -9.990e-29
 143.412740      1.042    16.3623  35.656361    27.5071      1.033  253.67033  254.00011    -1.1872     7.8880 -9.990e-29
 143.412743      1.060    16.3629  35.655094    27.5055      1.051  253.66975  253.99956    -1.2806     7.8355 -9.990e-29
 143.412746      1.075    16.3636  35.653586    27.5038      1.065  253.66952  253.99937    -1.3117     7.8314 -9.990e-29
 143.412749      1.093    16.3641  35.654672    27.5044      1.083  253.66607  253.99595    -1.0471     7.8638 -9.990e-29
 143.412752      1.104    16.3646  35.654431    27.5038      1.094  253.66428  253.99418    -1.1094     7.8638 -9.990e-29
 143.412755      1.117    16.3655  35.650328    27.4997      1.107  253.66696  253.99693    -0.8915     7.8638 -9.990e-29
 143.412758      1.133    16.3661  35.654853    27.5031      1.123  253.65812  253.98809    -0.7981     7.9244 -9.990e-29
 143.412760      1.155    16.3653  35.657266    27.5048      1.145  253.65927  253.98919    -1.0782     7.9204 -9.990e-29
 143.412763      1.184    16.3638  35.656181    27.5052      1.174  253.66574  253.99560    -0.9304     7.9082 0.0000e+00
 143.412766      1.219    16.3624  35.654733    27.5055      1.208  253.67221  254.00201    -0.9848     7.9204 0.0000e+00
 143.412769      1.255    16.3588  35.660526    27.5123      1.244  253.67753  254.00712    -0.9848     7.9285 0.0000e+00
 143.412772      1.290    16.3570  35.658354    27.5123      1.278  253.68754  254.01706    -0.9848     7.9285 0.0000e+00
 143.412775      1.330    16.3570  35.658113    27.5122      1.318  253.68754  254.01706    -1.0315     7.9285 0.0000e+00
 143.412778      1.381    16.3579  35.657268    27.5108      1.369  253.68885  254.01835    -1.1872     8.1549 0.0000e+00
 143.412781      1.421    16.3587  35.652019    27.5057      1.409  253.68777  254.01744    -1.1872     8.1630 0.0000e+00
 143.412784      1.456    16.3596  35.651597    27.5057      1.443  253.68777  254.01744    -1.0315     8.1670 0.0000e+00
 143.412786      1.487    16.3598  35.656182    27.5065      1.474  253.68362  254.01329    -1.0004     8.1852 0.0000e+00
 143.412789      1.513    16.3600  35.654010    27.5083      1.499  253.67946  254.00913    -0.9693     8.1670 -9.990e-29
 143.412792      1.525    16.3611  35.656605    27.5080      1.512  253.67485  254.00457    -1.2339     8.3086 -9.990e-29
 143.412795      1.540    16.3613  35.654433    27.5059      1.526  253.67715  254.00689    -1.2961     8.2722 -9.990e-29
 143.412798      1.558    16.3615  35.653347    27.5049      1.544  253.67815  254.00790    -1.0471     8.2924 -9.990e-29
 143.412801      1.584    16.3614  35.656182    27.5074      1.570  253.67427  254.00401    -1.1094     8.3369 -9.990e-29
 143.412804      1.609    16.3619  35.652020    27.5040      1.595  253.67763  254.00741    -0.7514     8.3733 -9.990e-29
 143.412807      1.637    16.3622  35.652683    27.5055      1.622  253.67350  254.00329    -0.9070     8.3530 0.0000e+00
 143.412810      1.664    16.3625  35.656605    27.5065      1.649  253.66938  253.99917    -0.9848     8.3733 0.0000e+00
 143.412813      1.690    16.3628  35.656605    27.5067      1.675  253.66831  253.99811    -1.0237     8.3591 0.0000e+00
 143.412815      1.719    16.3631  35.655941    27.5065      1.704  253.66724  253.99705    -0.9848     8.3854 -9.990e-29
 143.412818      1.744    16.3623  35.653769    27.5065      1.729  253.67134  254.00113    -0.8759     8.4986 -9.990e-29
 143.412821      1.775    16.3620  35.655942    27.5055      1.759  253.67452  254.00430    -0.9849     8.5148 0.0000e+00
 143.412824      1.806    16.3617  35.653106    27.5065      1.790  253.67446  254.00420    -0.8759     8.4986 0.0000e+00
 143.412827      1.841    16.3617  35.655942    27.5053      1.824  253.67583  254.00560    -0.6424     8.4946 0.0000e+00
 143.412830      1.870    16.3617  35.654192    27.5070      1.853  253.67446  254.00420    -0.6269     8.4784 0.0000e+00
 143.412833      1.910    16.3617  35.658114    27.5069      1.893  253.67583  254.00560    -0.6269     8.4703 0.0000e+00
 143.412836      1.939    16.3611  35.655098    27.5078      1.922  253.67491  254.00463    -0.7125     8.4542 0.0000e+00
 143.412839      1.968    16.3605  35.660709    27.5069      1.951  253.67946  254.00916    -0.8136     8.4703 -9.990e-29
 143.412841      1.983    16.3531  35.661796    27.5177      1.965  253.69792  254.02723    -0.7825     8.5835 -9.990e-29
 143.412844      1.989    16.3471  35.666805    27.5262      1.971  253.71362  254.04260    -0.7047     8.5310 -9.990e-29
 143.412847      1.983    16.3392  35.669401    27.5338      1.965  253.73965  254.06824    -0.5490     8.5350 -9.990e-29
 143.412850      1.987    16.3287  35.672419    27.5436      1.969  253.77552  254.10358    -0.5179     8.5916 -9.990e-29
 143.412853      1.994    16.3112  35.670067    27.5583      1.976  253.83788  254.16507    -0.5957     8.1832 -9.990e-29
 143.412856      2.021    16.3085  35.675438    27.5604      2.003  253.84771  254.17477    -0.5646     8.1913 0.0000e+00
 143.412859      2.071    16.3058  35.676103    27.5625      2.052  253.85754  254.18447    -0.5957     8.1832 0.0000e+00
 143.412862      2.136    16.2998  35.673388    27.5643      2.117  253.88469  254.21134    -0.5335     8.1994 0.0000e+00
 143.412865      2.209    16.2941  35.676105    27.5706      2.190  253.90255  254.22891    -0.4090     8.5593 0.0000e+00
 143.412867      2.273    16.2910  35.674416    27.5720      2.253  253.91567  254.24188    -0.3623     8.5674 0.0000e+00
 143.412870      2.323    16.2879  35.681116    27.5734      2.302  253.92879  254.25485    -0.4090     8.5754 -9.990e-29
 143.412873      2.348    16.2768  35.680271    27.5860      2.327  253.96260  254.28809    -0.5957     8.5633 -9.990e-29
 143.412876      2.365    16.2724  35.678703    27.5878      2.343  253.98186  254.30714    -0.6736     8.8625 -9.990e-29
 143.412879      2.366    16.2696  35.683712    27.5940      2.345  253.98519  254.31031    -0.7202     8.8625 -9.990e-29
 143.412882      2.352    16.2658  35.682868    27.5959      2.331  254.00090  254.32583    -0.6113     8.8262 -9.990e-29
 143.412885      2.332    16.2585  35.685886    27.6035      2.311  254.02439  254.34895    -0.8448     8.8262 -9.990e-29
 143.412888      2.328    16.2519  35.688482    27.6103      2.307  254.04575  254.36997    -0.6736     8.9192 -9.990e-29
 143.412891      2.341    16.2428  35.690233    27.6194      2.320  254.07568  254.39943    -0.9848     8.5391 -9.990e-29
 143.412894      2.374    16.2401  35.691743    27.6208      2.353  254.08695  254.41057    -0.9770     8.5351 0.0000e+00
 143.412896      2.423    16.2374  35.690657    27.6222      2.401  254.09823  254.42172    -0.9693     8.5391 0.0000e+00
 143.412899      2.478    16.2326  35.693072    27.6261      2.456  254.11311  254.43636    -0.9226     8.5471 0.0000e+00
 143.412902      2.542    16.2301  35.689331    27.6261      2.519  254.12824  254.45139    -0.9226     9.1052 0.0000e+00
 143.412905      2.602    16.2301  35.688727    27.6258      2.579  254.12824  254.45139    -1.0004     9.1133 0.0000e+00
 143.412908      2.648    16.2308  35.685468    27.6237      2.624  254.12900  254.45218    -1.1016     9.1213 0.0000e+00
 143.412911      2.682    16.2318  35.689572    27.6216      2.658  254.12759  254.45084    -1.0004     9.1294 -9.990e-29
 143.412914      2.704    16.2317  35.694582    27.6294      2.680  254.11437  254.43756    -0.3156     8.5633 -9.990e-29
 143.412917      2.717    16.2276  35.698023    27.6352      2.693  254.12493  254.44791    -0.1755     8.5471 -9.990e-29
 143.412920      2.728    16.2203  35.699352    27.6414      2.704  254.15093  254.47354    -0.2689     8.5916 -9.990e-29
 143.412922      2.721    16.2104  35.704122    27.6524      2.696  254.18193  254.50402    -0.2845     8.5552 -9.990e-29
 143.412925      2.719    16.2007  35.703701    27.6587      2.695  254.21943  254.54105    -0.6424     8.4744 -9.990e-29
 143.412928      2.726    16.1926  35.712576    27.6719      2.702  254.23724  254.55841    -0.6269     8.4420 -9.990e-29
 143.412931      2.745    16.1814  35.712577    27.6803      2.720  254.27928  254.59989    -0.7047     8.4097 -9.990e-29
 143.412934      2.783    16.1791  35.713242    27.6829      2.758  254.28673  254.60722    -0.7670     8.4117 0.0000e+00
 143.412937      2.834    16.1767  35.715416    27.6854      2.809  254.29418  254.61455    -0.7981     8.4097 0.0000e+00
 143.412940      2.887    16.1718  35.713485    27.6871      2.861  254.31582  254.63596    -0.7981     8.4137 0.0000e+00
 143.412943      2.941    16.1664  35.721032    27.6958      2.915  254.32516  254.64499    -0.7981     8.3894 0.0000e+00
 143.412946      2.991    16.1628  35.716263    27.6973      2.964  254.34643  254.66610    -0.7514     8.4016 0.0000e+00
 143.412948      3.029    16.1609  35.716746    27.6974      3.002  254.35279  254.67237    -0.5802     8.4016 0.0000e+00
 143.412951      3.069    16.1606  35.717169    27.6978      3.042  254.35387  254.67343    -0.5491     8.4987 0.0000e+00
 143.412954      3.098    16.1602  35.715177    27.6983      3.071  254.35495  254.67449    -0.5179     8.5957 -9.990e-29
 143.412957      3.119    16.1589  35.717351    27.6993      3.091  254.35962  254.67909    -0.5490     8.5957 -9.990e-29
 143.412960      3.131    16.1575  35.718015    27.7009      3.103  254.36416  254.68356    -0.5490     8.6118 -9.990e-29
 143.412963      3.139    16.1562  35.718438    27.7021      3.111  254.36844  254.68777    -0.4245     8.9313 -9.990e-29
 143.412966      3.144    16.1556  35.716929    27.7013      3.116  254.37315  254.69246    -0.2378     8.8949 -9.990e-29
 143.412969      3.151    16.1551  35.714333    27.6994      3.123  254.37888  254.69818    -0.4401     8.9192 -9.990e-29
 143.412972      3.168    16.1540  35.719948    27.7050      3.139  254.37480  254.69401    -0.4868     8.9475 -9.990e-29
 143.412975      3.193    16.1496  35.722786    27.7154      3.165  254.37900  254.69795     0.0268     9.1456 -9.990e-29
 143.412977      3.226    16.1472  35.728462    27.7203      3.197  254.38287  254.70167    -0.0121     9.1334 0.0000e+00
 143.412980      3.266    16.1447  35.735830    27.7251      3.237  254.38674  254.70540    -0.0510     9.1213 0.0000e+00
 143.412983      3.308    16.1380  35.738246    27.7318      3.279  254.40892  254.72724    -0.0821     9.1213 0.0000e+00
 143.412986      3.343    16.1320  35.743199    27.7402      3.313  254.42425  254.74224    -0.0821     9.0607 0.0000e+00
 143.412989      3.381    16.1268  35.742596    27.7433      3.351  254.44541  254.76315     0.2914     8.7574 0.0000e+00
 143.412992      3.410    16.1244  35.743865    27.7456      3.380  254.45382  254.77144     0.2914     8.7473 0.0000e+00
 143.412995      3.440    16.1219  35.746281    27.7478      3.409  254.46224  254.77973     0.2914     8.7372 -9.990e-29
 143.412998      3.460    16.1169  35.747791    27.7547      3.429  254.47572  254.79293     0.1980     8.7857 -9.990e-29
 143.413001      3.478    16.1152  35.745859    27.7542      3.447  254.48506  254.80220    -0.2689     8.8868 -9.990e-29
 143.413003      3.500    16.1133  35.746040    27.7583      3.469  254.48757  254.80459    -0.0977     8.8787 -9.990e-29
 143.413006      3.527    16.1126  35.749121    27.7597      3.496  254.48827  254.80525    -0.1833     8.8827 0.0000e+00
 143.413009      3.557    16.1120  35.751477    27.7612      3.525  254.48897  254.80591    -0.2689     8.8868 0.0000e+00
 143.413012      3.593    16.1105  35.751296    27.7612      3.561  254.49508  254.81196    -0.3467     9.1496 0.0000e+00
 143.413015      3.624    16.1085  35.747793    27.7621      3.592  254.50671  254.82340    -0.4401     9.1982 0.0000e+00
 143.413018      3.657    16.1077  35.752565    27.7630      3.624  254.50721  254.82395    -0.3934     9.1779 0.0000e+00
 143.413021      3.686    16.1069  35.754981    27.7656      3.653  254.50671  254.82340    -0.4401     9.2063 -9.990e-29
 143.413024      3.706    16.1041  35.752142    27.7672      3.673  254.51810  254.83465    -0.0199     9.2143 -9.990e-29
 143.413027      3.730    16.1029  35.756733    27.7721      3.697  254.51615  254.83261     0.2914     9.4812 -9.990e-29
 143.413030      3.757    16.1013  35.765432    27.7806      3.724  254.50928  254.82561     0.3848     9.4974 -9.990e-29
 143.413032      3.779    16.0980  35.765432    27.7829      3.745  254.52186  254.83803     0.2447     9.5095 -9.990e-29
 143.413035      3.806    16.0934  35.768453    27.7887      3.772  254.53482  254.85074     0.5249     9.4772 -9.990e-29
 143.413038      3.826    16.0842  35.770629    27.8008      3.792  254.56062  254.87604     0.5560     9.4125 -9.990e-29
 143.413041      3.852    16.0811  35.774979    27.8079      3.818  254.56378  254.87901     0.6416     9.4166 0.0000e+00
 143.413044      3.878    16.0780  35.786520    27.8150      3.843  254.56693  254.88198     0.6961     9.4206 0.0000e+00
 143.413047      3.905    16.0698  35.794376    27.8275      3.870  254.58672  254.90131     0.7272     9.4650 0.0000e+00
 143.413050      3.934    16.0602  35.801810    27.8406      3.899  254.61234  254.92640     1.2564    10.1889 0.0000e+00
 143.413053      3.963    16.0504  35.808278    27.8530      3.928  254.64031  254.95384     1.2564    10.2131 0.0000e+00
 143.413056      3.998    16.0425  35.803263    27.8542      3.962  254.67815  254.99132     1.2564    10.2253 0.0000e+00
 143.413058      4.027    16.0371  35.812027    27.8656      3.991  254.68582  254.99867     1.2408    10.2253 0.0000e+00
 143.413061      4.058    16.0328  35.809610    27.8665      4.022  254.70599  255.01864     0.5560     9.7400 0.0000e+00
 143.413064      4.089    16.0296  35.809792    27.8689      4.052  254.71798  255.03046     0.5560     9.7198 0.0000e+00
 143.413067      4.122    16.0276  35.811787    27.8720      4.085  254.72265  255.03502     0.5093     9.7198 0.0000e+00
 143.413070      4.147    16.0235  35.819161    27.8813      4.110  254.72750  255.03962     0.5093     9.7198 0.0000e+00
 143.413073      4.173    16.0207  35.821822    27.8844      4.135  254.73622  255.04818     0.5327     9.7440 0.0000e+00
 143.413076      4.202    16.0179  35.818981    27.8875      4.164  254.74493  255.05675     0.5560     9.7198 -9.990e-29
 143.413079      4.220    16.0072  35.827686    27.9000      4.182  254.77743  255.08867     1.1163     9.3882 -9.990e-29
 143.413082      4.244    16.0032  35.830770    27.9055      4.206  254.78810  255.09912     1.1008     9.4246 -9.990e-29
