seaocn-cb/data/ctd_cnv/SBE19plus_01907321_2024_05_27_Cast77.cnv
* Sea-Bird SBE19plus  Data File:
* FileName = E:\Prandtl_Daten\2024\27052024\raw\SBE19plus_01907321_2024_05_27_Cast77.hex
* Software version 2.6.1.12
* Temperature SN = 7321
* Conductivity SN = 7321
* System UpLoad Time = May 27 2024 10:36:43
* <ApplicationData>
* <Seaterm232>
** 20240527
** Sea Practical 2024
** MCat 27.05 CTD_SP5
** NMEA Latitude = 54 7.781N
** NMEA Longitude = 008 25.579E
** waterdepth = 9.6m
** Clemens
# nquan = 11
# nvalues = 305                         
# units = specified
# name 0 = timeJ: Julian Days
# name 1 = prdM: Pressure, Strain Gauge [db]
# name 2 = tv290C: Temperature [ITS-90, deg C]
# name 3 = c0mS/cm: Conductivity [mS/cm]
# name 4 = sal00: Salinity, Practical [PSU]
# name 5 = depSM: Depth [salt water, m], lat = 54.00
# name 6 = oxsatMm/Kg: Oxygen Saturation, Weiss [umol/kg]
# name 7 = oxsolMm/Kg: Oxygen Saturation, Garcia & Gordon [umol/kg]
# name 8 = turbWETntu0: Turbidity, WET Labs ECO [NTU]
# name 9 = flECO-AFL: Fluorescence, WET Labs ECO-AFL/FL [mg/m^3]
# name 10 = flag:  0.000e+00
# span 0 = 148.429679, 148.430558       
# span 1 =      0.579,      8.894       
# span 2 =    16.1321,    16.3188       
# span 3 =  36.907116,  37.110702       
# span 4 =    28.7324,    28.8016       
# span 5 =      0.574,      8.814       
# span 6 =  251.68969,  252.63685       
# span 7 =  252.00906,  252.94872       
# span 8 =    -2.6813,   194.0969       
# span 9 =     1.8185,     6.8933       
# span 10 = 0.0000e+00, 0.0000e+00      
# interval = seconds: 0.25
# start_time = May 27 2024 10:15:57 [Instrument's time stamp, header]
# bad_flag = -9.990e-29
*END*
[from data line 263]
 148.430440      8.835    16.1469  36.931650    28.7530      8.756  252.59729  252.90905   139.4510     6.7356 -9.990e-29
 148.430443      8.835    16.1472  36.930794    28.7520      8.756  252.59736  252.90915   139.4976     6.7518 -9.990e-29
 148.430446      8.828    16.1474  36.931712    28.7527      8.749  252.59539  252.90718   139.5132     6.7315 -9.990e-29
 148.430448      8.812    16.1476  36.930549    28.7516      8.733  252.59651  252.90832   174.9373     6.5172 -9.990e-29
 148.430451      8.792    16.1479  36.930120    28.7510      8.713  252.59594  252.90776   174.7973     6.5375 -9.990e-29
 148.430454      8.772    16.1480  36.928591    28.7496      8.693  252.59791  252.90975   175.0307     6.5455 -9.990e-29
 148.430457      8.757    16.1484  36.927856    28.7487      8.679  252.59719  252.90906   174.9685     6.5132 -9.990e-29
 148.430460      8.748    16.1488  36.925653    28.7465      8.670  252.59927  252.91117   193.9568     6.4606 -9.990e-29
 148.430463      8.757    16.1496  36.923879    28.7444      8.679  252.59892  252.91086   194.0969     6.4930 -9.990e-29
 148.430466      8.778    16.1504  36.920881    28.7412      8.699  252.60039  252.91240   194.0969     6.4647 -9.990e-29
 148.430469      8.798    16.1520  36.917699    28.7352      8.719  252.60280  252.91492   133.5521     6.4970 -9.990e-29
 148.430472      8.823    16.1522  36.915252    28.7360      8.744  252.60022  252.91235   133.6767     6.4930 0.0000e+00
 148.430475      8.849    16.1522  36.917516    28.7360      8.770  252.60022  252.91235   133.6767     6.4930 0.0000e+00
 148.430477      8.876    16.1524  36.919779    28.7368      8.797  252.59764  252.90977   133.8012     6.4889 -9.990e-29
 148.430480      8.885    16.1526  36.918250    28.7373      8.806  252.59597  252.90810   133.5210     6.4647 -9.990e-29
 148.430483      8.879    16.1526  36.918862    28.7379      8.800  252.59505  252.90718   142.9529     6.8690 -9.990e-29
 148.430486      8.861    16.1524  36.920881    28.7397      8.782  252.59264  252.90475   142.9218     6.8892 -9.990e-29
 148.430489      8.837    16.1524  36.919351    28.7385      8.758  252.59520  252.90732   142.9062     6.8529 -9.990e-29
 148.430492      8.804    16.1520  36.921309    28.7405      8.725  252.59377  252.90585   142.8906     6.8933 -9.990e-29
 148.430495      8.781    16.1520  36.923144    28.7420      8.702  252.59102  252.90309   142.8440     6.8569 -9.990e-29
 148.430498      8.771    16.1517  36.923450    28.7425      8.693  252.59146  252.90352   154.5949     6.8003 -9.990e-29
 148.430501      8.766    16.1517  36.922900    28.7420      8.687  252.59228  252.90434   154.7194     6.7720 -9.990e-29
 148.430503      8.773    16.1516  36.920880    28.7403      8.694  252.59559  252.90766   154.7194     6.7962 -9.990e-29
 148.430506      8.786    16.1515  36.921309    28.7408      8.707  252.59556  252.90762   154.5015     6.8124 -9.990e-29
 148.430509      8.806    16.1516  36.922900    28.7421      8.727  252.59290  252.90495   179.9023     6.8205 -9.990e-29
 148.430512      8.830    16.1515  36.922227    28.7416      8.751  252.59422  252.90627   179.6222     6.8165 -9.990e-29
 148.430515      8.852    16.1518  36.923206    28.7422      8.772  252.59157  252.90363   179.5910     6.8205 -9.990e-29
 148.430518      8.864    16.1520  36.920208    28.7395      8.785  252.59544  252.90753   179.7467     6.8003 -9.990e-29
 148.430521      8.861    16.1523  36.919963    28.7390      8.781  252.59460  252.90671   183.5599     6.4566 -9.990e-29
 148.430524      8.844    16.1524  36.916965    28.7363      8.765  252.59846  252.91059   183.5288     6.5011 -9.990e-29
 148.430527      8.828    16.1528  36.914762    28.7342      8.749  252.60023  252.91240   183.4665     6.5011 -9.990e-29
 148.430530      8.806    16.1532  36.917393    28.7362      8.727  252.59510  252.90727   183.4665     6.4808 -9.990e-29
 148.430532      8.794    16.1536  36.915680    28.7344      8.715  252.59614  252.90834   170.8906     6.6385 -9.990e-29
 148.430535      8.790    16.1538  36.915924    28.7345      8.711  252.59487  252.90708   170.8440     6.6466 -9.990e-29
 148.430538      8.796    16.1539  36.915435    28.7340      8.717  252.59531  252.90752   170.8595     6.6426 -9.990e-29
 148.430541      8.803    16.1539  36.915251    28.7338      8.724  252.59558  252.90780   170.8284     6.6871 -9.990e-29
 148.430544      8.817    16.1536  36.917699    28.7361      8.739  252.59285  252.90504   170.7973     6.6749 -9.990e-29
 148.430547      8.838    16.1535  36.915252    28.7341      8.758  252.59711  252.90930   177.8634     6.7882 -9.990e-29
 148.430550      8.852    16.1534  36.918188    28.7367      8.773  252.59304  252.90521   177.6922     6.7962 -9.990e-29
 148.430553      8.869    16.1534  36.919045    28.7374      8.789  252.59177  252.90394   177.7856     6.7760 -9.990e-29
 148.430556      8.883    16.1534  36.917638    28.7362      8.804  252.59388  252.90605   177.8634     6.8245 -9.990e-29
 148.430558      8.894    16.1534  36.914762    28.7337      8.814  252.59817  252.91036   156.8829     6.5213 -9.990e-29
