seaocn-cb/data/ctd_cnv/SBE19plus_01907321_2024_05_28_Cast91.cnv
* Sea-Bird SBE19plus  Data File:
* FileName = E:\Prandtl_Daten\2024\28052024\raw\SBE19plus_01907321_2024_05_28_Cast91.hex
* Software version 2.6.1.12
* Temperature SN = 7321
* Conductivity SN = 7321
* System UpLoad Time = May 28 2024 11:30:06
* <ApplicationData>
* <Seaterm232>
** 20240527
** Sea Practical 2024
** MCat 27.05 CTD_SP7
** NMEA Latitude = 54 8.36N
** NMEA Longitude = 008 20.855E
** waterdepth = 13.7m
** Isabelle
# nquan = 11
# nvalues = 496                         
# units = specified
# name 0 = timeJ: Julian Days
# name 1 = prdM: Pressure, Strain Gauge [db]
# name 2 = tv290C: Temperature [ITS-90, deg C]
# name 3 = c0mS/cm: Conductivity [mS/cm]
# name 4 = sal00: Salinity, Practical [PSU]
# name 5 = depSM: Depth [salt water, m], lat = 54.00
# name 6 = oxsatMm/Kg: Oxygen Saturation, Weiss [umol/kg]
# name 7 = oxsolMm/Kg: Oxygen Saturation, Garcia & Gordon [umol/kg]
# name 8 = turbWETntu0: Turbidity, WET Labs ECO [NTU]
# name 9 = flECO-AFL: Fluorescence, WET Labs ECO-AFL/FL [mg/m^3]
# name 10 = flag:  0.000e+00
# span 0 = 149.475917, 149.477350       
# span 1 =      0.493,     13.135       
# span 2 =    15.1039,    16.7576       
# span 3 =  37.102619,  37.796937       
# span 4 =    28.4696,    30.2900       
# span 5 =      0.488,     13.018       
# span 6 =  250.06231,  255.20748       
# span 7 =  250.40308,  255.45723       
# span 8 =    -4.2378,    21.1319       
# span 9 =     1.9237,     6.6305       
# span 10 = 0.0000e+00, 0.0000e+00      
# interval = seconds: 0.25
# start_time = May 28 2024 11:24:06 [Instrument's time stamp, header]
# bad_flag = -9.990e-29
*END*
[from data line 132]
 149.476299      4.036    16.1201  37.159186    28.9694      4.000  252.35566  252.66469    -3.3195     2.9750 0.0000e+00
 149.476302      4.076    16.1192  37.155874    28.9702      4.040  252.36158  252.67057    -3.3273     2.9649 0.0000e+00
 149.476305      4.115    16.1183  37.159186    28.9694      4.078  252.36750  252.67645    -3.3506     2.9548 -9.990e-29
 149.476308      4.138    16.1161  37.161886    28.9761      4.101  252.36663  252.67544    -3.3973     2.9790 -9.990e-29
 149.476311      4.164    16.1148  37.158021    28.9738      4.127  252.37749  252.68625    -3.1483     2.8173 -9.990e-29
 149.476314      4.182    16.1133  37.158696    28.9754      4.145  252.38217  252.69085    -3.0860     2.8335 -9.990e-29
 149.476317      4.204    16.1121  37.163482    28.9805      4.167  252.37952  252.68811    -2.9771     2.8456 -9.990e-29
 149.476319      4.217    16.1105  37.163973    28.9820      4.179  252.38447  252.69298    -2.9459     2.8699 -9.990e-29
 149.476322      4.226    16.1093  37.165077    28.9838      4.188  252.38731  252.69575    -3.0860     2.6434 -9.990e-29
 149.476325      4.237    16.1083  37.165016    28.9845      4.199  252.39129  252.69968    -3.0082     2.6394 -9.990e-29
 149.476328      4.257    16.1057  37.163482    28.9852      4.219  252.40289  252.71116    -3.1483     2.6596 -9.990e-29
 149.476331      4.290    16.1050  37.163667    28.9852      4.252  252.40627  252.71450    -3.2806     2.8315 0.0000e+00
 149.476334      4.334    16.1044  37.162563    28.9852      4.295  252.40906  252.71720    -3.3506     3.0033 0.0000e+00
 149.476337      4.385    16.1033  37.165569    28.9885      4.346  252.40964  252.71784    -3.3506     3.0276 0.0000e+00
 149.476340      4.439    16.1022  37.165631    28.9895      4.400  252.41348  252.72155    -3.3506     3.0276 0.0000e+00
 149.476343      4.500    16.1010  37.168024    28.9904      4.460  252.41442  252.72242    -3.3195     3.0195 0.0000e+00
 149.476345      4.555    16.1006  37.165202    28.9914      4.514  252.41789  252.72588    -3.1794     2.9143 0.0000e+00
 149.476348      4.600    16.1002  37.170785    28.9904      4.559  252.42136  252.72933    -3.0393     2.8092 -9.990e-29
 149.476351      4.622    16.0973  37.167166    28.9943      4.581  252.42951  252.73733    -3.1794     2.7122 -9.990e-29
 149.476354      4.624    16.0958  37.166062    28.9944      4.582  252.43684  252.74458    -3.0549     2.7162 -9.990e-29
 149.476357      4.615    16.0945  37.161706    28.9916      4.573  252.44811  252.75581    -3.0549     2.7324 -9.990e-29
 149.476360      4.600    16.0930  37.167412    28.9976      4.559  252.44526  252.75285    -3.0393     3.2257 -9.990e-29
 149.476363      4.584    16.0907  37.167596    28.9994      4.543  252.45333  252.76081    -3.1171     3.2217 -9.990e-29
 149.476366      4.576    16.0893  37.171952    29.0043      4.535  252.45220  252.75957    -2.9459     3.2257 -9.990e-29
 149.476369      4.584    16.0880  37.173240    29.0063      4.543  252.45505  252.76236    -3.0860     3.2095 -9.990e-29
 149.476372      4.596    16.0861  37.173547    29.0066      4.555  252.46417  252.77138    -3.5062     2.5828 -9.990e-29
 149.476374      4.631    16.0853  37.171952    29.0086      4.590  252.46465  252.77181    -3.5374     2.5970 0.0000e+00
 149.476377      4.677    16.0845  37.175327    29.0087      4.635  252.46512  252.77223    -3.5529     2.5828 0.0000e+00
 149.476380      4.735    16.0827  37.171524    29.0106      4.693  252.47771  252.78474    -3.5529     2.6111 0.0000e+00
 149.476383      4.797    16.0807  37.173549    29.0119      4.755  252.48218  252.78910    -3.3195     2.6960 0.0000e+00
 149.476386      4.852    16.0795  37.173304    29.0125      4.809  252.48705  252.79392    -3.3195     2.7324 0.0000e+00
 149.476389      4.899    16.0780  37.176311    29.0161      4.856  252.48705  252.79392    -3.3195     2.7324 0.0000e+00
 149.476392      4.936    16.0772  37.183981    29.0200      4.892  252.48507  252.79179    -3.3428     2.7122 0.0000e+00
 149.476395      4.965    16.0765  37.177845    29.0239      4.921  252.48219  252.78884    -3.2883     2.6919 -9.990e-29
 149.476398      4.982    16.0716  37.185393    29.0287      4.937  252.49861  252.80499    -3.2572     2.5140 -9.990e-29
 149.476400      4.991    16.0670  37.189259    29.0354      4.946  252.50984  252.81597    -3.3817     2.4979 -9.990e-29
 149.476403      5.005    16.0609  37.191530    29.0418      4.961  252.52943  252.83522    -3.2416     2.5221 -9.990e-29
 149.476406      5.020    16.0545  37.190856    29.0459      4.975  252.55431  252.85978    -3.2261     2.5383 -9.990e-29
 149.476409      5.036    16.0489  37.190673    29.0498      4.991  252.57547  252.88066    -3.4595     2.5868 -9.990e-29
 149.476412      5.049    16.0438  37.195399    29.0576      5.004  252.58750  252.89239    -3.3662     2.5828 -9.990e-29
 149.476415      5.067    16.0378  37.199388    29.0655      5.022  252.60420  252.90876    -3.3506     2.5868 -9.990e-29
 149.476418      5.089    16.0315  37.209270    29.0786      5.044  252.61267  252.91685    -3.3195     2.5828 -9.990e-29
 149.476421      5.113    16.0244  37.209762    29.0842      5.067  252.63848  252.94229    -3.5685     2.2795 -9.990e-29
 149.476424      5.142    16.0174  37.209150    29.0888      5.096  252.66564  252.96910    -3.4284     2.2714 -9.990e-29
 149.476427      5.167    16.0090  37.210685    29.1001      5.121  252.68844  252.99141    -3.4595     2.2755 -9.990e-29
 149.476429      5.202    16.0068  37.215043    29.1046      5.156  252.69171  252.99455    -3.5374     2.1360 0.0000e+00
 149.476432      5.229    16.0046  37.221612    29.1090      5.183  252.69499  252.99770    -3.5062     2.0126 0.0000e+00
 149.476435      5.255    15.9989  37.227567    29.1184      5.208  252.70752  253.00990    -3.5841     1.9964 0.0000e+00
 149.476438      5.282    15.9944  37.227875    29.1219      5.235  252.72376  253.02590    -3.5062     2.0126 0.0000e+00
 149.476441      5.312    15.9889  37.232541    29.1300      5.264  252.73732  253.03916    -3.5841     2.0126 0.0000e+00
 149.476444      5.343    15.9807  37.228982    29.1329      5.295  252.77336  253.07479    -3.7397     2.3361 0.0000e+00
 149.476447      5.381    15.9753  37.237823    29.1445      5.333  252.78036  253.08145    -3.8175     2.3361 0.0000e+00
 149.476450      5.412    15.9721  37.238990    29.1445      5.364  252.79083  253.09174    -3.7553     2.3361 0.0000e+00
 149.476453      5.459    15.9666  37.228002    29.1479      5.410  252.82790  253.12860    -3.7553     2.3361 0.0000e+00
 149.476455      5.500    15.9619  37.235554    29.1504      5.450  252.83414  253.13455    -3.7086     2.3240 0.0000e+00
 149.476458      5.545    15.9608  37.231379    29.1514      5.496  252.84146  253.14182    -3.6619     2.2735 0.0000e+00
 149.476461      5.580    15.9597  37.233037    29.1504      5.530  252.84878  253.14910    -3.6152     2.2108 -9.990e-29
 149.476464      5.600    15.9584  37.238133    29.1571      5.550  252.84342  253.14364    -3.5529     2.2229 -9.990e-29
 149.476467      5.618    15.9565  37.242186    29.1621      5.568  252.84449  253.14458    -3.5685     2.2229 -9.990e-29
 149.476470      5.620    15.9526  37.239853    29.1629      5.570  252.86258  253.16248    -3.5841     2.3927 -9.990e-29
 149.476473      5.616    15.9484  37.246730    29.1720      5.566  252.86801  253.16765    -3.4907     2.3725 -9.990e-29
 149.476476      5.611    15.9418  37.249678    29.1794      5.561  252.88827  253.18755    -3.5218     2.4170 -9.990e-29
 149.476479      5.607    15.9346  37.250784    29.1856      5.557  252.91338  253.21228    -3.6152     2.3927 -9.990e-29
 149.476481      5.620    15.9278  37.255636    29.1949      5.570  252.93167  253.23018    -3.7708     2.2714 -9.990e-29
 149.476484      5.636    15.9176  37.254900    29.2039      5.586  252.96699  253.26496    -3.8487     2.2674 -9.990e-29
 149.476487      5.665    15.9161  37.257480    29.2035      5.615  252.97572  253.27362    -3.8487     2.2634 0.0000e+00
 149.476490      5.702    15.9145  37.253796    29.2039      5.651  252.98445  253.28228    -3.8487     2.2674 0.0000e+00
 149.476493      5.744    15.9101  37.261350    29.2128      5.693  252.98946  253.28700    -3.7708     2.5140 0.0000e+00
 149.476496      5.788    15.9070  37.262947    29.2165      5.736  252.99867  253.29605    -3.7708     2.5140 0.0000e+00
 149.476499      5.833    15.9030  37.265835    29.2219      5.781  253.00921  253.30636    -3.7708     2.5181 0.0000e+00
 149.476502      5.882    15.9010  37.266818    29.2238      5.830  253.01607  253.31311    -3.7864     2.5282 0.0000e+00
 149.476505      5.921    15.8990  37.267310    29.2257      5.868  253.02292  253.31985    -3.7086     2.5423 -9.990e-29
 149.476508      5.946    15.8905  37.267065    29.2322      5.893  253.05439  253.35088    -3.5062     2.2633 -9.990e-29
 149.476510      5.972    15.8877  37.269522    29.2363      5.918  253.06110  253.35743    -3.4907     2.2714 -9.990e-29
 149.476513      5.988    15.8846  37.270689    29.2396      5.935  253.07094  253.36710    -3.5374     2.2714 -9.990e-29
 149.476516      6.010    15.8761  37.270936    29.2480      5.957  253.09955  253.39524    -3.9732     2.7647 -9.990e-29
 149.476519      6.042    15.8742  37.273024    29.2512      5.988  253.10378  253.39936    -3.9421     2.7748 0.0000e+00
 149.476522      6.073    15.8722  37.277079    29.2544      6.018  253.10801  253.40347    -3.9109     2.7647 0.0000e+00
 149.476525      6.102    15.8695  37.277817    29.2567      6.047  253.11756  253.41287    -3.8098     2.7748 0.0000e+00
 149.476528      6.129    15.8668  37.281442    29.2590      6.074  253.12711  253.42228    -3.7086     2.7647 -9.990e-29
 149.476531      6.149    15.8515  37.281504    29.2735      6.094  253.17890  253.47324    -2.9771     2.6475 -9.990e-29
 149.476534      6.175    15.8461  37.287832    29.2829      6.120  253.18955  253.48357    -2.8681     2.6353 -9.990e-29
 149.476536      6.199    15.8376  37.285682    29.2892      6.143  253.22164  253.51521    -2.9148     2.6070 -9.990e-29
 149.476539      6.224    15.8376  37.287833    29.2892      6.169  253.22164  253.51521    -2.9148     2.6070 0.0000e+00
 149.476542      6.252    15.8376  37.292626    29.2892      6.196  253.22164  253.51521    -2.9148     2.6070 -9.990e-29
 149.476545      6.270    15.8218  37.294838    29.3070      6.214  253.27015  253.56284    -3.8175     2.8294 -9.990e-29
 149.476548      6.290    15.8068  37.297911    29.3249      6.234  253.31436  253.60621    -3.7864     2.8618 -9.990e-29
 149.476551      6.316    15.8036  37.302704    29.3276      6.259  253.32630  253.61798    -3.7864     2.8497 0.0000e+00
 149.476554      6.343    15.8036  37.303197    29.3276      6.286  253.32630  253.61798    -3.7864     2.8497 0.0000e+00
 149.476557      6.369    15.8003  37.303996    29.3302      6.312  253.33825  253.62975    -3.7864     2.8375 -9.990e-29
 149.476560      6.392    15.7853  37.304980    29.3428      6.335  253.39164  253.68234    -3.8175     2.6636 -9.990e-29
 149.476563      6.414    15.7771  37.311187    29.3543      6.357  253.41309  253.70331    -3.8487     2.6515 -9.990e-29
 149.476565      6.434    15.7684  37.311434    29.3610      6.377  253.44564  253.73539    -3.8020     2.6556 -9.990e-29
 149.476568      6.453    15.7609  37.309592    29.3649      6.395  253.47631  253.76568    -3.8175     2.6353 -9.990e-29
 149.476571      6.469    15.7556  37.312050    29.3710      6.411  253.49275  253.78182    -3.8020     2.6515 -9.990e-29
 149.476574      6.491    15.7468  37.310515    29.3754      6.433  253.52931  253.81793    -3.7708     2.6515 -9.990e-29
 149.476577      6.516    15.7445  37.309655    29.3794      6.458  253.53429  253.82277    -3.8253     2.7001 0.0000e+00
 149.476580      6.555    15.7421  37.314817    29.3834      6.496  253.53928  253.82761    -3.8175     2.7486 0.0000e+00
 149.476583      6.598    15.7376  37.313589    29.3856      6.539  253.55777  253.84587    -3.8175     2.7809 0.0000e+00
 149.476586      6.647    15.7326  37.317338    29.3927      6.588  253.57107  253.85888    -3.7708     2.7809 0.0000e+00
 149.476589      6.697    15.7255  37.320780    29.4009      6.637  253.59253  253.87994    -3.7708     2.7930 0.0000e+00
 149.476591      6.742    15.7201  37.320843    29.4050      6.682  253.61293  253.90006    -3.7942     2.8133 0.0000e+00
 149.476594      6.779    15.7146  37.317834    29.4091      6.718  253.63334  253.92017    -3.8175     2.8335 -9.990e-29
 149.476597      6.803    15.6934  37.322321    29.4261      6.742  253.71080  253.99648    -3.7397     2.8416 -9.990e-29
 149.476600      6.814    15.6873  37.321031    29.4295      6.753  253.73557  254.02093    -3.8487     2.8092 -9.990e-29
 149.476603      6.815    15.6811  37.319311    29.4326      6.754  253.76157  254.04662    -3.8798     2.8416 -9.990e-29
 149.476606      6.804    15.6743  37.320111    29.4384      6.743  253.78611  254.07078    -2.1833     3.0478 -9.990e-29
 149.476609      6.793    15.6687  37.321709    29.4440      6.732  253.80469  254.08905    -2.0743     3.0074 -9.990e-29
 149.476612      6.799    15.6621  37.323984    29.4509      6.738  253.82609  254.11008    -2.0743     3.0276 -9.990e-29
 149.476615      6.806    15.6547  37.321896    29.4546      6.745  253.85709  254.14070    -2.1677     3.0478 -9.990e-29
 149.476617      6.828    15.6416  37.327919    29.4726      6.767  253.89182  254.17466    -3.7864     3.4036 -9.990e-29
 149.476620      6.864    15.6379  37.331361    29.4746      6.803  253.90710  254.18974    -3.8253     3.4057 0.0000e+00
 149.476623      6.915    15.6342  37.329580    29.4765      6.854  253.92237  254.20482    -3.8487     3.4077 0.0000e+00
 149.476626      6.965    15.6274  37.331118    29.4830      6.902  253.94579  254.22786    -3.8642     3.4077 0.0000e+00
 149.476629      7.016    15.6201  37.335913    29.4926      6.953  253.96601  254.24766    -3.9887     2.8537 0.0000e+00
 149.476632      7.067    15.6095  37.339110    29.5033      7.004  254.00078  254.28184    -3.9887     2.8456 0.0000e+00
 149.476635      7.107    15.5997  37.341386    29.5126      7.044  254.03429  254.31479    -4.0510     2.8456 0.0000e+00
 149.476638      7.153    15.5958  37.343231    29.5163      7.089  254.04767  254.32795    -4.0121     2.8295 0.0000e+00
 149.476641      7.186    15.5919  37.343785    29.5201      7.121  254.06105  254.34112    -4.0510     2.8133 -9.990e-29
 149.476644      7.209    15.5813  37.344646    29.5292      7.145  254.09882  254.37831    -4.2378     2.5828 -9.990e-29
 149.476646      7.231    15.5759  37.346245    29.5346      7.167  254.11648  254.39567    -4.0821     2.5747 -9.990e-29
 149.476649      7.240    15.5709  37.347721    29.5397      7.176  254.13314  254.41205    -4.0510     2.5706 -9.990e-29
 149.476652      7.248    15.5672  37.346922    29.5417      7.183  254.14826  254.42697    -4.0043     2.5626 -9.990e-29
 149.476655      7.257    15.5647  37.347906    29.5445      7.192  254.15621  254.43478    -3.8798     2.9022 -9.990e-29
 149.476658      7.270    15.5628  37.348767    29.5466      7.205  254.16199  254.44045    -3.8175     2.8699 -9.990e-29
 149.476661      7.290    15.5607  37.347292    29.5475      7.225  254.17112  254.44947    -3.7708     2.9063 -9.990e-29
 149.476664      7.316    15.5606  37.348030    29.5477      7.250  254.17119  254.44954    -3.8019     2.8719 0.0000e+00
 149.476667      7.346    15.5605  37.348337    29.5479      7.281  254.17126  254.44960    -3.7708     2.8375 0.0000e+00
 149.476670      7.379    15.5600  37.349444    29.5488      7.313  254.17165  254.44995    -3.8331     2.8375 0.0000e+00
 149.476672      7.418    15.5589  37.347907    29.5493      7.351  254.17817  254.45642    -3.8953     2.8335 0.0000e+00
