seaocn-cb/data/ctd_cnv/SBE19plus_01907321_2024_05_23_Cast22.cnv
* Sea-Bird SBE19plus  Data File:
* FileName = E:\Prandtl_Daten\2024\CTD\raw\SBE19plus_01907321_2024_05_23_Cast22.hex
* Software version 2.6.1.12
* Temperature SN = 7321
* Conductivity SN = 7321
* System UpLoad Time = May 23 2024 08:07:09
* <ApplicationData>
* <Seaterm232>
** 20240522
** Sea Practical 2024
** MCat 23.05 CTD_NP2
** NMEA Latitude = 054 11.037N
** NMEA Longitude = 008 34.440E
** waterdepth = 7m
** Merle
# nquan = 11
# nvalues = 193                         
# units = specified
# name 0 = timeJ: Julian Days
# name 1 = prdM: Pressure, Strain Gauge [db]
# name 2 = tv290C: Temperature [ITS-90, deg C]
# name 3 = c0mS/cm: Conductivity [mS/cm]
# name 4 = sal00: Salinity, Practical [PSU]
# name 5 = depSM: Depth [salt water, m], lat = 54.00
# name 6 = oxsatMm/Kg: Oxygen Saturation, Weiss [umol/kg]
# name 7 = oxsolMm/Kg: Oxygen Saturation, Garcia & Gordon [umol/kg]
# name 8 = turbWETntu0: Turbidity, WET Labs ECO [NTU]
# name 9 = flECO-AFL: Fluorescence, WET Labs ECO-AFL/FL [mg/m^3]
# name 10 = flag:  0.000e+00
# span 0 = 144.334450, 144.335006       
# span 1 =      0.585,      5.744       
# span 2 =    17.0470,    17.0933       
# span 3 =  35.808832,  35.920327       
# span 4 =    27.1640,    27.2381       
# span 5 =      0.580,      5.692       
# span 6 =  250.54583,  250.81932       
# span 7 =  250.90805,  251.18074       
# span 8 =     0.6961,    36.9607       
# span 9 =     4.5520,    14.3740       
# span 10 = 0.0000e+00, 0.0000e+00      
# interval = seconds: 0.25
# start_time = May 23 2024 08:00:19 [Instrument's time stamp, header]
# bad_flag = -9.990e-29
*END*
 144.334450      0.585    17.0864  35.920327    27.2381      0.580  250.54583  250.90805     0.6961     4.5520 -9.990e-29
 144.334453      0.589    17.0898  35.914881    27.2262      0.584  250.54910  250.91153     0.8206     4.5844 -9.990e-29
 144.334456      0.622    17.0906  35.908951    27.2226      0.616  250.55180  250.91428     0.8128     4.5803 0.0000e+00
 144.334459      0.669    17.0913  35.901509    27.2206      0.663  250.54910  250.91153     0.8206     4.5844 0.0000e+00
 144.334462      0.735    17.0923  35.904353    27.2190      0.728  250.54957  250.91218     1.0229     4.8513 0.0000e+00
 144.334465      0.786    17.0926  35.900662    27.2189      0.779  250.54800  250.91059     1.0540     4.8756 0.0000e+00
 144.334468      0.815    17.0929  35.901086    27.2171      0.808  250.54957  250.91218     1.0852     4.8998 -9.990e-29
 144.334470      0.835    17.0931  35.896065    27.2131      0.828  250.55554  250.91818     1.1319     4.8634 -9.990e-29
 144.334473      0.846    17.0933  35.895762    27.2127      0.839  250.55505  250.91770     1.2408     4.8634 -9.990e-29
 144.334476      0.861    17.0925  35.891044    27.2089      0.853  250.56551  250.92815     1.0852     5.0615 -9.990e-29
 144.334479      0.888    17.0923  35.890620    27.2092      0.880  250.56615  250.92877     1.0152     5.0494 0.0000e+00
 144.334482      0.915    17.0923  35.891044    27.2092      0.907  250.56615  250.92877     1.0152     5.0494 0.0000e+00
 144.334485      0.943    17.0920  35.886023    27.2096      0.934  250.56678  250.92939     0.9451     5.0373 -9.990e-29
 144.334488      0.965    17.0908  35.883181    27.2038      0.956  250.58268  250.94528     2.3303     5.1141 -9.990e-29
 144.334491      0.983    17.0900  35.885358    27.2062      0.974  250.58237  250.94492     2.2058     5.0777 -9.990e-29
 144.334494      0.996    17.0886  35.886689    27.2076      0.987  250.58670  250.94919     2.0657     5.1747 -9.990e-29
 144.334497      1.023    17.0886  35.886024    27.2076      1.014  250.58670  250.94919     2.0657     5.1747 0.0000e+00
 144.334499      1.052    17.0886  35.887355    27.2076      1.043  250.58670  250.94919     2.0657     5.1747 -9.990e-29
 144.334502      1.076    17.0892  35.881850    27.2068      1.067  250.58527  250.94778     1.6144     6.3514 -9.990e-29
 144.334505      1.102    17.0894  35.885540    27.2058      1.092  250.58617  250.94869     1.6455     6.3494 0.0000e+00
 144.334508      1.133    17.0895  35.883423    27.2048      1.122  250.58707  250.94961     1.6766     6.3514 0.0000e+00
 144.334511      1.167    17.0896  35.883181    27.2048      1.157  250.58707  250.94961     1.9568     6.6466 0.0000e+00
 144.334514      1.211    17.0896  35.884694    27.2045      1.200  250.58712  250.94967     2.0502     6.6547 0.0000e+00
 144.334517      1.246    17.0896  35.879492    27.2037      1.235  250.58887  250.95141     2.0035     6.6709 0.0000e+00
 144.334520      1.273    17.0895  35.879250    27.2015      1.262  250.59274  250.95530     2.0502     6.6871 -9.990e-29
 144.334523      1.282    17.0890  35.875984    27.1989      1.271  250.59963  250.96219     3.3109     6.6628 -9.990e-29
 144.334525      1.295    17.0880  35.873807    27.1977      1.284  250.60647  250.96899     4.3381     7.7788 -9.990e-29
 144.334528      1.302    17.0862  35.873142    27.1983      1.291  250.61423  250.97668     4.3070     7.7869 -9.990e-29
 144.334531      1.317    17.0816  35.874231    27.1998      1.305  250.63445  250.99670     4.4471     7.7586 -9.990e-29
 144.334534      1.346    17.0800  35.871147    27.2000      1.334  250.64173  251.00391     4.2525     8.2782 0.0000e+00
 144.334537      1.379    17.0784  35.869212    27.2002      1.367  250.64901  251.01112     4.0580     8.7978 0.0000e+00
 144.334540      1.427    17.0758  35.870119    27.2028      1.414  250.65764  251.01963     4.0580     8.7978 0.0000e+00
 144.334543      1.474    17.0736  35.872902    27.2048      1.461  250.66205  251.02393     4.0735     8.7978 0.0000e+00
 144.334546      1.516    17.0721  35.869636    27.2048      1.502  250.67232  251.03414     4.0891     8.7898 0.0000e+00
 144.334549      1.554    17.0716  35.866794    27.2039      1.540  250.67622  251.03803     4.4549     8.4642 0.0000e+00
 144.334552      1.580    17.0711  35.869213    27.2031      1.566  250.68012  251.04191     4.8362     8.1145 -9.990e-29
 144.334554      1.605    17.0691  35.868367    27.2057      1.591  250.68533  251.04703     4.6338     8.1064 -9.990e-29
 144.334557      1.614    17.0686  35.869879    27.2073      1.600  250.68503  251.04670     4.8206     8.0983 -9.990e-29
 144.334560      1.625    17.0682  35.869456    27.2073      1.611  250.68719  251.04884     2.5949     7.8355 -9.990e-29
 144.334563      1.633    17.0679  35.868791    27.2069      1.618  250.68938  251.05102     2.5794     7.8233 -9.990e-29
 144.334566      1.643    17.0679  35.869456    27.2075      1.629  250.68844  251.05007     2.4860     7.8314 -9.990e-29
 144.334569      1.662    17.0679  35.868367    27.2066      1.647  250.69000  251.05164     2.3770     7.8516 -9.990e-29
 144.334572      1.684    17.0713  35.870726    27.2080      1.669  250.67093  251.03270     2.9218     6.9337 -9.990e-29
 144.334575      1.713    17.0722  35.872843    27.2075      1.698  250.66747  251.02928     2.9685     6.9377 0.0000e+00
 144.334578      1.742    17.0730  35.873145    27.2071      1.727  250.66401  251.02586     3.0152     6.9337 0.0000e+00
 144.334580      1.786    17.0742  35.871814    27.2052      1.770  250.66160  251.02351     3.0774     6.9095 0.0000e+00
 144.334583      1.824    17.0753  35.871149    27.2041      1.808  250.65824  251.02020     3.0774     6.9095 0.0000e+00
 144.334586      1.861    17.0764  35.872298    27.2038      1.844  250.65300  251.01503     2.8906     6.9620 0.0000e+00
 144.334589      1.905    17.0769  35.870726    27.2041      1.888  250.65259  251.01459     2.8906     6.9661 0.0000e+00
 144.334592      1.936    17.0776  35.874234    27.2034      1.918  250.64787  251.00993     2.8206     7.0025 0.0000e+00
 144.334595      1.969    17.0783  35.871814    27.2044      1.951  250.64273  251.00482     2.8906     7.0389 -9.990e-29
 144.334598      1.990    17.0812  35.872721    27.2012      1.973  250.63408  250.99630     2.5327     7.8961 -9.990e-29
 144.334601      2.014    17.0824  35.872298    27.2000      1.996  250.63006  250.99233     2.5638     7.9042 -9.990e-29
 144.334604      2.031    17.0833  35.871633    27.1988      2.013  250.62761  250.98993     2.5171     7.8961 -9.990e-29
 144.334606      2.042    17.0840  35.870725    27.1976      2.023  250.62643  250.98879     2.5949     7.9204 -9.990e-29
 144.334609      2.058    17.0845  35.871814    27.1982      2.040  250.62303  250.98540     2.4548     7.8395 -9.990e-29
 144.334612      2.080    17.0841  35.869455    27.1978      2.061  250.62524  250.98760     2.2525     7.8314 -9.990e-29
 144.334615      2.109    17.0836  35.871149    27.1975      2.090  250.62847  250.99081     2.2370     7.8496 0.0000e+00
 144.334618      2.136    17.0836  35.869456    27.1975      2.117  250.62847  250.99081     2.2370     7.8496 0.0000e+00
 144.334621      2.162    17.0831  35.870303    27.1971      2.143  250.63170  250.99402     2.2214     7.8678 -9.990e-29
 144.334624      2.184    17.0805  35.870545    27.1997      2.164  250.63977  251.00197     2.5638     8.2843 -9.990e-29
 144.334627      2.198    17.0795  35.868973    27.1991      2.179  250.64574  251.00791     2.4237     8.3045 -9.990e-29
 144.334630      2.215    17.0785  35.874234    27.2041      2.195  250.64195  251.00404     2.3148     8.3247 -9.990e-29
 144.334633      2.237    17.0771  35.870969    27.2018      2.217  250.65286  251.01491     4.1358     7.8031 -9.990e-29
 144.334635      2.264    17.0766  35.870304    27.2030      2.244  250.65330  251.01532     4.1046     7.8213 0.0000e+00
 144.334638      2.301    17.0761  35.872300    27.2037      2.280  250.65374  251.01573     4.0735     7.8355 0.0000e+00
 144.334641      2.339    17.0759  35.871635    27.2037      2.318  250.65564  251.01763     3.9957     7.8355 0.0000e+00
 144.334644      2.381    17.0758  35.869276    27.2035      2.360  250.65792  251.01989     3.9957     7.8193 0.0000e+00
 144.334647      2.421    17.0755  35.871151    27.2018      2.400  250.65934  251.02134     4.9140     7.8031 0.0000e+00
 144.334650      2.456    17.0742  35.865285    27.2008      2.434  250.67097  251.03292     5.0541     7.7546 0.0000e+00
 144.334653      2.490    17.0728  35.865709    27.2008      2.468  250.67596  251.03783     5.0541     7.7546 0.0000e+00
 144.334656      2.529    17.0709  35.867463    27.2029      2.506  250.68028  251.04207     5.0541     7.7708 0.0000e+00
 144.334659      2.562    17.0702  35.865528    27.2032      2.539  250.68462  251.04638     4.7895     7.9345 0.0000e+00
 144.334661      2.587    17.0694  35.862867    27.2029      2.564  250.68895  251.05068     4.4315     8.0983 -9.990e-29
 144.334664      2.607    17.0658  35.866133    27.2058      2.584  250.70143  251.06299     4.5560     8.0659 -9.990e-29
 144.334667      2.615    17.0639  35.860933    27.2027      2.591  250.71599  251.07750     4.5093     8.0821 -9.990e-29
 144.334670      2.618    17.0620  35.873814    27.2148      2.595  250.70469  251.06605     4.5405     8.0902 -9.990e-29
 144.334673      2.625    17.0599  35.873815    27.2162      2.602  250.71275  251.07400     6.7817     8.1023 -9.990e-29
 144.334676      2.635    17.0583  35.876174    27.2193      2.611  250.71526  251.07643     6.7661     8.0376 -9.990e-29
 144.334679      2.651    17.0566  35.878230    27.2222      2.627  250.71883  251.07991     6.7661     8.0296 -9.990e-29
 144.334682      2.673    17.0532  35.878594    27.2256      2.649  250.72947  251.09040     7.6533     7.8880 -9.990e-29
 144.334685      2.706    17.0528  35.879683    27.2254      2.681  250.73210  251.09301     7.7389     7.9204 0.0000e+00
 144.334688      2.755    17.0523  35.878413    27.2252      2.730  250.73472  251.09561     7.8245     7.9244 0.0000e+00
 144.334690      2.797    17.0510  35.876659    27.2252      2.772  250.73723  251.09800     7.8245     7.9244 0.0000e+00
 144.334693      2.843    17.0502  35.882103    27.2262      2.817  250.74190  251.10274     7.8401     7.9244 0.0000e+00
 144.334696      2.879    17.0494  35.877325    27.2262      2.853  250.74718  251.10794     9.7233     8.8262 0.0000e+00
 144.334699      2.910    17.0493  35.875752    27.2257      2.884  250.74893  251.10969     9.8089     8.8262 0.0000e+00
 144.334702      2.936    17.0491  35.876660    27.2251      2.909  250.75068  251.11144     9.7233     8.8262 -9.990e-29
 144.334705      2.956    17.0491  35.873999    27.2236      2.929  250.75322  251.11398     9.5988     8.8423 -9.990e-29
 144.334708      2.968    17.0491  35.874241    27.2237      2.942  250.75257  251.11334    11.2486     8.7615 -9.990e-29
 144.334711      2.983    17.0492  35.870370    27.2204      2.956  250.75781  251.11860    11.1552     8.7129 -9.990e-29
 144.334714      3.003    17.0493  35.873817    27.2232      2.976  250.75257  251.11335    11.1241     8.7048 -9.990e-29
 144.334716      3.027    17.0491  35.871156    27.2200      3.000  250.75885  251.11964    11.1241     8.7453 -9.990e-29
 144.334719      3.058    17.0487  35.869886    27.2206      3.031  250.75964  251.12042    12.0813     9.2002 0.0000e+00
 144.334722      3.100    17.0484  35.870733    27.2212      3.072  250.76044  251.12120    13.0385     9.6551 0.0000e+00
 144.334725      3.142    17.0479  35.870733    27.2215      3.114  250.76232  251.12305    13.1163     9.7077 0.0000e+00
 144.334728      3.180    17.0478  35.870734    27.2216      3.152  250.76279  251.12352    13.1474     9.7138 0.0000e+00
 144.334731      3.210    17.0477  35.870976    27.2217      3.181  250.76327  251.12399    13.1786     9.7198 -9.990e-29
 144.334734      3.233    17.0470  35.863356    27.2159      3.204  250.77633  251.13706    13.8634    12.3886 -9.990e-29
 144.334737      3.250    17.0471  35.861118    27.2140      3.221  250.77924  251.13998    13.9568    12.3967 -9.990e-29
 144.334740      3.264    17.0472  35.860695    27.2136      3.235  250.77954  251.14029    13.7700    12.4250 -9.990e-29
 144.334742      3.270    17.0477  35.857006    27.2101      3.241  250.78296  251.14375    14.1436    12.3684 -9.990e-29
 144.334745      3.281    17.0480  35.851987    27.2057      3.251  250.78891  251.14974    15.4198     9.0849 -9.990e-29
 144.334748      3.301    17.0483  35.849387    27.2032      3.271  250.79141  251.15226    15.7311     9.0688 -9.990e-29
 144.334751      3.324    17.0486  35.845215    27.1983      3.295  250.79864  251.15954    15.5910     9.0283 -9.990e-29
 144.334754      3.359    17.0484  35.843704    27.2016      3.329  250.79382  251.15469    16.2914     9.3012 0.0000e+00
 144.334757      3.388    17.0482  35.851322    27.1983      3.358  250.79864  251.15954    16.9918     9.5621 0.0000e+00
 144.334760      3.425    17.0482  35.841709    27.1974      3.394  250.80056  251.16146    17.1941     9.5702 0.0000e+00
 144.334763      3.463    17.0485  35.842616    27.1974      3.432  250.80056  251.16146    17.1941     9.5702 0.0000e+00
 144.334766      3.497    17.0487  35.844551    27.1974      3.466  250.80005  251.16100    16.9607     9.5702 0.0000e+00
 144.334769      3.532    17.0494  35.840621    27.1951      3.501  250.79971  251.16066    16.9296     9.5944 0.0000e+00
 144.334771      3.570    17.0495  35.840440    27.1949      3.539  250.79988  251.16083    15.8712     9.5904 0.0000e+00
 144.334774      3.607    17.0496  35.838928    27.1948      3.575  250.79971  251.16066    14.8128     9.6753 -9.990e-29
 144.334777      3.629    17.0501  35.830646    27.1862      3.596  250.81158  251.17262    14.7350     9.7198 -9.990e-29
 144.334780      3.653    17.0503  35.833004    27.1880      3.620  250.80760  251.16863    14.7350     9.7077 -9.990e-29
 144.334783      3.664    17.0505  35.835845    27.1903      3.631  250.80292  251.16394    17.7389    11.6122 -9.990e-29
 144.334786      3.673    17.0508  35.835543    27.1898      3.640  250.80212  251.16316    17.4432    11.6082 -9.990e-29
 144.334789      3.682    17.0508  35.838022    27.1919      3.649  250.79858  251.15960    17.7545    11.6607 -9.990e-29
 144.334792      3.698    17.0510  35.834757    27.1890      3.665  250.80233  251.16338    17.6611    11.5839 -9.990e-29
 144.334795      3.720    17.0514  35.834515    27.1884      3.687  250.80172  251.16279    19.2486     8.9192 -9.990e-29
 144.334797      3.749    17.0513  35.834334    27.1870      3.716  250.80440  251.16547    19.3186     8.9374 0.0000e+00
 144.334800      3.784    17.0514  35.830828    27.1860      3.750  250.80583  251.16691    19.2486     8.9192 0.0000e+00
 144.334803      3.824    17.0514  35.831493    27.1855      3.790  250.80707  251.16815    19.2486     8.9555 0.0000e+00
 144.334806      3.870    17.0515  35.828652    27.1860      3.835  250.80583  251.16691    19.0307    10.0675 0.0000e+00
 144.334809      3.908    17.0515  35.833669    27.1877      3.873  250.80244  251.16352    19.0152    10.0797 0.0000e+00
 144.334812      3.952    17.0515  35.834335    27.1880      3.917  250.80198  251.16305    18.9840    10.0939 0.0000e+00
 144.334815      3.985    17.0515  35.833005    27.1883      3.949  250.80151  251.16259    18.9373    10.0797 -9.990e-29
 144.334818      4.005    17.0515  35.836511    27.1901      3.969  250.79843  251.15949    18.9685    10.0756 -9.990e-29
 144.334821      4.025    17.0513  35.834093    27.1882      3.989  250.80252  251.16359    18.5327     9.5661 -9.990e-29
 144.334823      4.045    17.0510  35.838083    27.1917      4.009  250.79775  251.15879    18.6572     9.5257 -9.990e-29
 144.334826      4.065    17.0505  35.839111    27.1929      4.029  250.79814  251.15916    18.3926     9.5581 -9.990e-29
