seaocn-cb/data/ctd_cnv/SBE19plus_01907321_2024_05_22_Cast18.cnv
* Sea-Bird SBE19plus  Data File:
* FileName = E:\Prandtl_Daten\2024\CTD\raw\SBE19plus_01907321_2024_05_22_Cast18.hex
* Software version 2.6.1.12
* Temperature SN = 7321
* Conductivity SN = 7321
* System UpLoad Time = May 22 2024 14:27:59
* <ApplicationData>
* <Seaterm232>
** 20240522
** Sea Practical 2024
** MCat 22.05 CTD_SP2
** NMEA Latitude = 54 06.06N
** NMEA Longitude = 008 34.58E
** waterdepth = 13.0m
** Clemens
# nquan = 11
# nvalues = 411                         
# units = specified
# name 0 = timeJ: Julian Days
# name 1 = prdM: Pressure, Strain Gauge [db]
# name 2 = tv290C: Temperature [ITS-90, deg C]
# name 3 = c0mS/cm: Conductivity [mS/cm]
# name 4 = sal00: Salinity, Practical [PSU]
# name 5 = depSM: Depth [salt water, m], lat = 54.00
# name 6 = oxsatMm/Kg: Oxygen Saturation, Weiss [umol/kg]
# name 7 = oxsolMm/Kg: Oxygen Saturation, Garcia & Gordon [umol/kg]
# name 8 = turbWETntu0: Turbidity, WET Labs ECO [NTU]
# name 9 = flECO-AFL: Fluorescence, WET Labs ECO-AFL/FL [mg/m^3]
# name 10 = flag:  0.000e+00
# span 0 = 143.599097, 143.600284       
# span 1 =      0.339,     11.814       
# span 2 =    15.8374,    16.6380       
# span 3 =  35.577566,  35.961851       
# span 4 =    27.2528,    28.1335       
# span 5 =      0.336,     11.709       
# span 6 =  252.72038,  255.23842       
# span 7 =  253.06369,  255.54027       
# span 8 =    -3.7086,    34.2992       
# span 9 =     7.4918,    11.8184       
# span 10 = 0.0000e+00, 0.0000e+00      
# interval = seconds: 0.25
# start_time = May 22 2024 14:20:53 [Instrument's time stamp, header]
# bad_flag = -9.990e-29
*END*
[from data line 263]
 143.599858      8.085    16.1953  35.805677    27.7462      8.013  254.09518  254.41597    -2.1366    10.3183 -9.990e-29
 143.599861      8.109    16.1930  35.808457    27.7524      8.037  254.09609  254.41673    -2.0588    10.3425 -9.990e-29
 143.599864      8.133    16.1876  35.809787    27.7573      8.060  254.11466  254.43504    -2.1522    10.3061 -9.990e-29
 143.599867      8.153    16.1814  35.812206    27.7636      8.080  254.13468  254.45473    -2.2144    10.8682 -9.990e-29
 143.599870      8.173    16.1780  35.810030    27.7641      8.100  254.15111  254.47101    -2.2455    10.8763 -9.990e-29
 143.599873      8.199    16.1721  35.823570    27.7799      8.125  254.15362  254.47314    -2.1522    10.8318 -9.990e-29
 143.599876      8.222    16.1645  35.816801    27.7793      8.149  254.19254  254.51173    -2.1055    10.8641 -9.990e-29
 143.599878      8.252    16.1614  35.820066    27.7843      8.178  254.19964  254.51865    -2.9148    10.8561 -9.990e-29
 143.599881      8.277    16.1573  35.823995    27.7877      8.203  254.21431  254.53312    -2.8992    10.8358 -9.990e-29
 143.599884      8.312    16.1566  35.820731    27.7869      8.237  254.21938  254.53816    -2.9070    10.8358 0.0000e+00
 143.599887      8.343    16.1559  35.817649    27.7874      8.268  254.22444  254.54320    -2.8992    10.8358 0.0000e+00
 143.599890      8.376    16.1555  35.818556    27.7861      8.301  254.22617  254.54488    -0.7047    11.3170 0.0000e+00
 143.599893      8.420    16.1555  35.817468    27.7874      8.344  254.22617  254.54488    -0.7047    11.3292 0.0000e+00
 143.599896      8.454    16.1555  35.823573    27.7912      8.379  254.21597  254.53468    -0.7202    11.3170 0.0000e+00
 143.599899      8.493    16.1547  35.829679    27.7972      8.417  254.21597  254.53468    -0.7202    11.3089 0.0000e+00
 143.599902      8.535    16.1493  35.837357    27.8075      8.458  254.22025  254.53856     0.5871     9.2548 0.0000e+00
 143.599905      8.575    16.1384  35.846670    27.8231      8.498  254.24802  254.56574     0.6961     9.2548 0.0000e+00
 143.599907      8.619    16.1236  35.850178    27.8365      8.542  254.29944  254.61640     0.5871     9.2588 0.0000e+00
 143.599910      8.655    16.1153  35.859976    27.8465      8.578  254.32396  254.64047     0.5794     9.2669 0.0000e+00
 143.599913      8.686    16.1070  35.861248    27.8565      8.608  254.34847  254.66455     0.4471     9.2750 -9.990e-29
 143.599916      8.704    16.0916  35.838151    27.8485      8.626  254.44023  254.75566     1.4120     8.9717 -9.990e-29
 143.599919      8.719    16.1030  35.831620    27.8348      8.641  254.40624  254.72228     1.3498     9.0162 -9.990e-29
 143.599922      8.734    16.1130  35.844496    27.8390      8.655  254.34872  254.66518     1.1941     8.9919 -9.990e-29
 143.599925      8.752    16.1116  35.857134    27.8508      8.673  254.33534  254.65166     1.2720     8.9596 -9.990e-29
 143.599928      8.770    16.0781  35.873041    27.8966      8.692  254.42470  254.73920     1.1941     9.3518 -9.990e-29
 143.599931      8.797    16.0675  35.883084    27.9068      8.719  254.46076  254.77471     1.2174     9.3619 0.0000e+00
 143.599933      8.832    16.0568  35.889438    27.9170      8.753  254.49682  254.81021     1.2408     9.3559 0.0000e+00
 143.599936      8.870    16.0402  35.886113    27.9258      8.791  254.56540  254.87798     1.2408     9.3559 0.0000e+00
 143.599939      8.901    16.0307  35.884420    27.9280      8.822  254.60433  254.91644    -0.0977     8.8949 0.0000e+00
 143.599942      8.931    16.0307  35.880065    27.9280      8.851  254.60848  254.92066    -0.1755     8.8666 0.0000e+00
 143.599945      8.965    16.0315  35.879642    27.9263      8.885  254.60848  254.92066    -0.1755     8.8666 0.0000e+00
 143.599948      8.991    16.0327  35.881396    27.9263      8.910  254.60289  254.91512    -0.1833     8.8807 0.0000e+00
 143.599951      9.016    16.0338  35.880065    27.9262      8.936  254.59730  254.90958    -0.1911     8.9070 -9.990e-29
 143.599954      9.038    16.0342  35.882485    27.9268      8.957  254.59386  254.90616     0.4159     9.7441 -9.990e-29
 143.599957      9.062    16.0338  35.882001    27.9266      8.981  254.59613  254.90841     0.2603     9.7400 -9.990e-29
 143.599959      9.082    16.0341  35.881577    27.9248      9.001  254.59815  254.91045     0.4315     9.7481 -9.990e-29
 143.599962      9.111    16.0330  35.880065    27.9310      9.030  254.59295  254.90515     0.8595     9.5217 0.0000e+00
 143.599965      9.148    16.0319  35.892708    27.9373      9.066  254.59815  254.91045     1.2875     9.3114 0.0000e+00
 143.599968      9.188    16.0194  35.908016    27.9592      9.105  254.61244  254.92384     1.3654     9.2952 0.0000e+00
 143.599971      9.231    15.9973  35.915522    27.9812      9.149  254.68607  254.99630     1.3654     9.2952 0.0000e+00
 143.599974      9.274    15.9790  35.908263    27.9878      9.191  254.76722  255.07657     1.3187     9.2710 0.0000e+00
 143.599977      9.317    15.9733  35.913468    27.9885      9.234  254.78139  255.09042     0.8206     9.1294 0.0000e+00
 143.599980      9.355    15.9733  35.903001    27.9885      9.272  254.79252  255.10166     0.8206     9.1133 0.0000e+00
 143.599983      9.392    15.9729  35.903666    27.9879      9.308  254.79820  255.10728     0.8673     9.1213 0.0000e+00
 143.599986      9.418    15.9742  35.898160    27.9872      9.333  254.79252  255.10166     0.9296     9.1133 -9.990e-29
 143.599988      9.438    15.9851  35.894892    27.9719      9.353  254.76392  255.07367     1.4120     9.3963 -9.990e-29
 143.599991      9.452    15.9912  35.896888    27.9693      9.368  254.73742  255.04746     1.1941     9.3276 -9.990e-29
 143.599994      9.467    15.9928  35.896465    27.9678      9.382  254.73195  255.04208     1.4120     9.3963 -9.990e-29
 143.599997      9.474    15.9912  35.903422    27.9750      9.389  254.72791  255.03791     1.3187     9.3720 -9.990e-29
 143.600000      9.489    15.9868  35.906932    27.9811      9.404  254.73943  255.04918     2.0191    10.3344 -9.990e-29
 143.600003      9.507    15.9819  35.901548    27.9779      9.422  254.76955  255.07910     2.1280    10.3466 -9.990e-29
 143.600006      9.540    15.9822  35.899310    27.9773      9.454  254.76951  255.07907     2.1513    10.3264 0.0000e+00
 143.600009      9.575    15.9824  35.898160    27.9779      9.489  254.76946  255.07905     2.1280    10.3466 0.0000e+00
 143.600012      9.622    15.9824  35.903242    27.9808      9.536  254.76093  255.07050     2.0191    10.3061 0.0000e+00
 143.600014      9.675    15.9808  35.911713    27.9838      9.588  254.76093  255.07050     1.4120     9.3761 0.0000e+00
 143.600017      9.721    15.9756  35.901005    27.9855      9.634  254.79122  255.10044     1.3187     9.3640 0.0000e+00
 143.600020      9.772    15.9755  35.901913    27.9855      9.684  254.79122  255.10044     1.3187     9.3640 0.0000e+00
 143.600023      9.816    15.9749  35.904938    27.9864      9.728  254.79052  255.09969     1.2876     9.3600 0.0000e+00
 143.600026      9.854    15.9755  35.904091    27.9873      9.766  254.78596  255.09516     1.2564     9.3640 -9.990e-29
 143.600029      9.878    15.9785  35.904091    27.9844      9.789  254.77567  255.08502     5.0229     8.9353 -9.990e-29
 143.600032      9.892    15.9796  35.895984    27.9766      9.804  254.78360  255.09306     5.0852     8.9192 -9.990e-29
 143.600035      9.896    15.9811  35.903848    27.9823      9.807  254.76597  255.07546     5.1163     8.9434 -9.990e-29
 143.600038      9.900    15.9825  35.903667    27.9812      9.811  254.76106  255.07061     3.5443     9.7724 -9.990e-29
 143.600041      9.907    15.9822  35.902578    27.9804      9.818  254.76361  255.07317     3.7155     9.7683 -9.990e-29
 143.600043      9.927    15.9807  35.904514    27.9874      9.838  254.75955  255.06898     3.4821     9.7521 -9.990e-29
 143.600046      9.958    15.9780  35.909354    27.9935      9.869  254.76272  255.07198     3.2409     9.6045 0.0000e+00
 143.600049      9.995    15.9752  35.919158    27.9997      9.905  254.76588  255.07497     3.0930     9.5095 0.0000e+00
 143.600052     10.036    15.9640  35.919401    28.0078      9.947  254.80826  255.11679     3.0930     9.5095 0.0000e+00
 143.600055     10.084    15.9531  35.922670    28.0183      9.994  254.84546  255.15342     3.1241     9.5095 0.0000e+00
 143.600058     10.124    15.9452  35.920251    28.0217     10.033  254.87933  255.18690     3.1241     9.5136 0.0000e+00
 143.600061     10.160    15.9404  35.922248    28.0217     10.069  254.89465  255.20196     3.0152     9.5176 0.0000e+00
 143.600064     10.188    15.9400  35.913838    28.0235     10.096  254.90267  255.20999     2.9218     9.6956 0.0000e+00
 143.600067     10.215    15.9395  35.917649    28.0202     10.124  254.91070  255.21801     2.8284     9.8775 -9.990e-29
 143.600069     10.230    15.9473  35.915652    28.0162     10.138  254.87809  255.18579     2.7194     9.8735 -9.990e-29
 143.600072     10.251    15.9500  35.916559    28.0151     10.160  254.86636  255.17419     2.6883     9.8735 -9.990e-29
 143.600075     10.272    15.9512  35.915894    28.0165     10.180  254.85819  255.16607     0.8517    10.0231 -9.990e-29
 143.600078     10.302    15.9504  35.919162    28.0180     10.210  254.85962  255.16744     0.8829    10.0130 0.0000e+00
 143.600081     10.342    15.9496  35.921340    28.0165     10.250  254.86104  255.16882     0.9140    10.0029 0.0000e+00
 143.600084     10.386    15.9460  35.911962    28.0195     10.293  254.88854  255.19597     1.0385     9.9786 0.0000e+00
 143.600087     10.434    15.9426  35.920736    28.0239     10.340  254.88892  255.19658     4.0580     9.1173 0.0000e+00
 143.600090     10.483    15.9415  35.920071    28.0243     10.389  254.89389  255.20127     4.0580     9.1092 0.0000e+00
 143.600093     10.525    15.9415  35.920253    28.0243     10.431  254.89703  255.20449     4.0268     9.1092 0.0000e+00
 143.600095     10.554    15.9421  35.915351    28.0218     10.460  254.89546  255.20288     3.9723     9.1173 0.0000e+00
 143.600098     10.580    15.9426  35.915896    28.0192     10.485  254.89703  255.20449     4.0268     9.1254 -9.990e-29
 143.600101     10.596    15.9463  35.916319    28.0174     10.502  254.88125  255.18890    11.4665     9.4772 -9.990e-29
 143.600104     10.607    15.9477  35.914564    28.0149     10.513  254.87872  255.18645    11.5132     9.4650 -9.990e-29
 143.600107     10.622    15.9484  35.914806    28.0146     10.527  254.87531  255.18308    11.6533     9.4974 -9.990e-29
 143.600110     10.629    15.9499  35.916742    28.0152     10.534  254.86690  255.17473    11.4198     9.5014 -9.990e-29
 143.600113     10.644    15.9516  35.914140    28.0118     10.549  254.86412  255.17205    11.2175     9.8209 -9.990e-29
 143.600116     10.662    15.9537  35.907182    28.0043     10.567  254.86668  255.17476    11.2486     9.8532 -9.990e-29
 143.600119     10.686    15.9613  35.904338    28.0089     10.590  254.82001  255.12841    11.2642     9.8128 -9.990e-29
 143.600122     10.723    15.9588  35.918738    28.0129     10.627  254.82592  255.13417    13.8479    10.0028 0.0000e+00
 143.600124     10.766    15.9562  35.923883    28.0169     10.670  254.83182  255.13993    16.4315    10.1929 0.0000e+00
 143.600127     10.810    15.9462  35.922916    28.0231     10.713  254.87174  255.17934    16.4315    10.2131 0.0000e+00
 143.600130     10.856    15.9388  35.926185    28.0311     10.759  254.89520  255.20241    16.3226    10.2131 0.0000e+00
 143.600133     10.903    15.9330  35.932298    28.0406     10.806  254.90858  255.21545    16.3226    10.2050 0.0000e+00
 143.600136     10.947    15.9275  35.935143    28.0469     10.849  254.92535  255.23193    17.8323     9.6470 0.0000e+00
 143.600139     10.987    15.9222  35.936657    28.0519     10.888  254.94352  255.24981    17.8323     9.6389 0.0000e+00
 143.600142     11.016    15.9190  35.935145    28.0535     10.917  254.95686  255.26300    17.8400     9.6429 0.0000e+00
 143.600145     11.042    15.9158  35.929456    28.0551     10.943  254.97020  255.27619    17.8478     9.6389 -9.990e-29
 143.600148     11.053    15.9125  35.929698    28.0527     10.954  254.99125  255.29710    28.1825     9.5783 -9.990e-29
 143.600150     11.064    15.9146  35.936658    28.0572     10.964  254.97252  255.27843    28.0891     9.5621 -9.990e-29
 143.600153     11.073    15.9116  35.933511    28.0566     10.974  254.98886  255.29464    28.2292     9.5581 -9.990e-29
 143.600156     11.095    15.8952  35.948704    28.0839     10.995  255.02474  255.32957    28.0424     9.5540 -9.990e-29
 143.600159     11.129    15.8886  35.951551    28.0875     11.030  255.05201  255.35652    29.4121     9.4347 0.0000e+00
 143.600162     11.166    15.8819  35.949131    28.0911     11.066  255.07929  255.38346    30.7817     9.3154 0.0000e+00
 143.600165     11.209    15.8742  35.947861    28.0955     11.109  255.11079  255.41457    30.7973     9.3154 0.0000e+00
 143.600168     11.255    15.8719  35.951554    28.0976     11.154  255.11406  255.41770    30.7973     9.2912 0.0000e+00
 143.600171     11.290    15.8715  35.947862    28.0990     11.189  255.11838  255.42201    30.8518     9.2872 0.0000e+00
 143.600174     11.317    15.8711  35.950888    28.0976     11.216  255.12271  255.42633    30.7817     9.2831 -9.990e-29
 143.600177     11.341    15.8683  35.949799    28.1013     11.239  255.13078  255.43424    29.1163     9.1173 -9.990e-29
 143.600179     11.356    15.8649  35.951979    28.1056     11.254  255.14058  255.44386    28.9762     9.0930 -9.990e-29
 143.600182     11.372    15.8621  35.953553    28.1089     11.270  255.14887  255.45200    29.1630     9.1173 -9.990e-29
 143.600185     11.385    15.8591  35.953069    28.1106     11.283  255.16118  255.46416    31.8245    10.2980 -9.990e-29
 143.600188     11.401    15.8570  35.958155    28.1165     11.299  255.16142  255.46425    31.7622    10.2899 -9.990e-29
 143.600191     11.423    15.8526  35.959002    28.1194     11.321  255.17886  255.48147    31.7622    10.2778 -9.990e-29
 143.600194     11.454    15.8511  35.957913    28.1215     11.352  255.18298  255.48550    32.9995     9.9159 0.0000e+00
 143.600197     11.496    15.8495  35.960335    28.1205     11.393  255.18709  255.48953    34.2369     9.6227 0.0000e+00
 143.600200     11.546    15.8486  35.955916    28.1236     11.442  255.19367  255.49605    34.2525     9.5540 0.0000e+00
 143.600203     11.602    15.8482  35.959246    28.1230     11.498  255.19630  255.49867    34.2681     9.5742 0.0000e+00
 143.600205     11.659    15.8479  35.958338    28.1230     11.554  255.19630  255.49867    34.2681     9.5621 0.0000e+00
 143.600208     11.714    15.8473  35.956704    28.1227     11.609  255.19984  255.50218    34.2292     9.5681 0.0000e+00
 143.600211     11.758    15.8467  35.957491    28.1224     11.652  255.20337  255.50569    34.1280     9.5621 -9.990e-29
 143.600214     11.781    15.8435  35.960337    28.1279     11.676  255.21039  255.51252    32.7272     9.9948 -9.990e-29
 143.600217     11.776    15.8425  35.961851    28.1299     11.670  255.21175  255.51382    32.8362     9.9948 -9.990e-29
 143.600220     11.759    15.8418  35.960337    28.1291     11.654  255.21677  255.51881    32.7428    10.0069 -9.990e-29
 143.600223     11.739    15.8409  35.959853    28.1293     11.634  255.22115  255.52314    31.7778     8.9232 -9.990e-29
 143.600226     11.717    15.8404  35.958158    28.1282     11.612  255.22553  255.52751    31.8245     8.9192 -9.990e-29
 143.600229     11.694    15.8401  35.952891    28.1239     11.589  255.23471  255.53671    31.9023     8.9192 -9.990e-29
 143.600231     11.676    15.8401  35.955494    28.1261     11.571  255.23076  255.53274    31.8245     8.9192 -9.990e-29
