seaocn-cb/data/ctd_cnv/SBE19plus_01907321_2024_05_23_Cast33.cnv
* Sea-Bird SBE19plus  Data File:
* FileName = E:\Prandtl_Daten\2024\CTD\raw\SBE19plus_01907321_2024_05_23_Cast33.hex
* Software version 2.6.1.12
* Temperature SN = 7321
* Conductivity SN = 7321
* System UpLoad Time = May 23 2024 12:33:31
* <ApplicationData>
* <Seaterm232>
** 20240523
** Sea Practical 2024
** MCat 23.05 CTD_SP1
** NMEA Latitude = 054 7.77N
** NMEA Longitude = 008 46.67E
** waterdepth = 14.4m
** Clemens
# nquan = 11
# nvalues = 445                         
# units = specified
# name 0 = timeJ: Julian Days
# name 1 = prdM: Pressure, Strain Gauge [db]
# name 2 = tv290C: Temperature [ITS-90, deg C]
# name 3 = c0mS/cm: Conductivity [mS/cm]
# name 4 = sal00: Salinity, Practical [PSU]
# name 5 = depSM: Depth [salt water, m], lat = 54.00
# name 6 = oxsatMm/Kg: Oxygen Saturation, Weiss [umol/kg]
# name 7 = oxsolMm/Kg: Oxygen Saturation, Garcia & Gordon [umol/kg]
# name 8 = turbWETntu0: Turbidity, WET Labs ECO [NTU]
# name 9 = flECO-AFL: Fluorescence, WET Labs ECO-AFL/FL [mg/m^3]
# name 10 = flag:  0.000e+00
# span 0 = 144.519010, 144.520295       
# span 1 =      0.645,     13.384       
# span 2 =    16.4347,    17.3607       
# span 3 =  35.300949,  35.543375       
# span 4 =    26.7081,    27.1564       
# span 5 =      0.640,     13.265       
# span 6 =  250.07687,  253.91895       
# span 7 =  250.45314,  254.25418       
# span 8 =    -3.6930,     0.0580       
# span 9 =     2.8497,     8.3207       
# span 10 = 0.0000e+00, 0.0000e+00      
# interval = seconds: 0.25
# start_time = May 23 2024 12:25:59 [Instrument's time stamp, header]
# bad_flag = -9.990e-29
*END*
[from data line 394]
 144.520150     12.178    16.4392  35.307378    27.1530     12.069  253.89676  254.23219    -1.9343     7.6818 -9.990e-29
 144.520153     12.196    16.4394  35.306957    27.1526     12.087  253.89677  254.23220    -1.8097     7.6454 -9.990e-29
 144.520156     12.209    16.4388  35.306957    27.1530     12.100  253.89895  254.23436    -1.9343     7.6373 -9.990e-29
 144.520159     12.222    16.4381  35.308880    27.1564     12.113  253.89672  254.23207    -2.1366     7.2532 -9.990e-29
 144.520162     12.248    16.4378  35.310383    27.1536     12.138  253.90304  254.23840    -2.1521     7.2592 0.0000e+00
 144.520165     12.281    16.4375  35.303292    27.1517     12.171  253.90936  254.24472    -2.1677     7.2613 0.0000e+00
 144.520168     12.323    16.4370  35.304133    27.1517     12.212  253.90936  254.24472    -2.1833     7.2613 0.0000e+00
 144.520171     12.368    16.4364  35.306297    27.1537     12.257  253.91000  254.24534    -2.1833     6.9539 0.0000e+00
 144.520174     12.415    16.4364  35.305876    27.1537     12.304  253.91059  254.24588    -2.0588     6.9499 0.0000e+00
 144.520177     12.456    16.4363  35.300949    27.1515     12.344  253.91377  254.24908    -2.0510     6.9358 0.0000e+00
 144.520179     12.489    16.4364  35.304434    27.1493     12.377  253.91694  254.25227    -2.0588     6.9176 -9.990e-29
 144.520182     12.509    16.4371  35.308641    27.1554     12.397  253.90315  254.23846    -1.4051     7.6131 -9.990e-29
 144.520185     12.521    16.4373  35.305877    27.1530     12.409  253.90661  254.24195    -1.4206     7.5848 -9.990e-29
 144.520188     12.521    16.4375  35.305215    27.1522     12.409  253.90665  254.24201    -1.5140     7.6171 -9.990e-29
 144.520191     12.523    16.4377  35.306958    27.1536     12.411  253.90346  254.23882    -1.4051     7.5848 -9.990e-29
 144.520194     12.525    16.4375  35.306057    27.1530     12.413  253.90541  254.24076    -1.5763     7.6009 -9.990e-29
 144.520197     12.529    16.4373  35.307800    27.1546     12.416  253.90378  254.23911    -1.3273     8.1064 -9.990e-29
 144.520200     12.551    16.4373  35.308040    27.1557     12.438  253.90195  254.23727    -1.5452     8.1104 -9.990e-29
 144.520203     12.587    16.4369  35.309062    27.1546     12.474  253.90571  254.24102    -1.5141     8.1044 0.0000e+00
 144.520205     12.638    16.4365  35.305877    27.1534     12.525  253.90946  254.24477    -1.4829     8.0983 0.0000e+00
 144.520208     12.693    16.4361  35.304796    27.1528     12.579  253.91267  254.24796    -1.3117     7.2653 0.0000e+00
 144.520211     12.755    16.4361  35.304796    27.1528     12.641  253.91267  254.24796    -1.3117     7.2572 0.0000e+00
 144.520214     12.817    16.4368  35.308221    27.1527     12.702  253.90998  254.24532    -1.4206     7.2532 0.0000e+00
 144.520217     12.868    16.4371  35.304135    27.1541     12.753  253.90486  254.24017    -1.4673     7.2491 0.0000e+00
 144.520220     12.915    16.4372  35.307380    27.1528     12.800  253.90729  254.24262    -1.6385     7.1966 0.0000e+00
 144.520223     12.943    16.4373  35.306299    27.1541     12.827  253.90460  254.23993    -1.8097     7.1440 -9.990e-29
 144.520226     12.963    16.4371  35.308042    27.1548     12.847  253.90427  254.23959    -1.8564     7.1521 -9.990e-29
 144.520229     12.974    16.4371  35.305758    27.1528     12.857  253.90765  254.24298    -1.9498     7.1440 -9.990e-29
 144.520231     12.975    16.4365  35.305638    27.1531     12.859  253.91000  254.24530    -2.1055     6.9944 -9.990e-29
 144.520234     12.976    16.4359  35.301371    27.1499     12.859  253.91877  254.25407    -2.1677     7.0065 -9.990e-29
 144.520237     12.983    16.4359  35.307140    27.1548     12.867  253.91027  254.24554    -2.1210     7.0227 -9.990e-29
 144.520240     13.003    16.4366  35.309725    27.1543     12.886  253.90750  254.24280    -2.1988     7.0106 -9.990e-29
 144.520243     13.034    16.4365  35.307140    27.1525     12.917  253.91097  254.24628    -1.8564     7.2391 0.0000e+00
 144.520246     13.071    16.4364  35.302874    27.1543     12.953  253.91158  254.24684    -1.6541     7.4675 0.0000e+00
 144.520249     13.120    16.4357  35.306720    27.1513     13.002  253.91443  254.24975    -1.6541     7.4675 0.0000e+00
 144.520252     13.162    16.4351  35.302453    27.1545     13.044  253.91597  254.25119    -1.6541     7.4634 0.0000e+00
 144.520255     13.205    16.4349  35.306300    27.1531     13.087  253.91817  254.25341    -1.6230     7.4634 0.0000e+00
 144.520258     13.233    16.4347  35.306300    27.1548     13.114  253.91597  254.25119    -1.5296     7.4634 -9.990e-29
 144.520260     13.255    16.4352  35.307382    27.1554     13.136  253.91254  254.24778    -1.6697     7.0793 -9.990e-29
 144.520263     13.269    16.4357  35.308644    27.1561     13.151  253.90883  254.24408    -1.6852     7.0753 -9.990e-29
 144.520266     13.277    16.4364  35.306300    27.1537     13.158  253.90980  254.24510    -1.6074     7.0753 -9.990e-29
 144.520269     13.273    16.4366  35.304377    27.1519     13.154  253.91170  254.24702    -1.5452     7.5160 -9.990e-29
 144.520272     13.260    16.4366  35.303115    27.1508     13.141  253.91356  254.24888    -1.6074     7.5241 -9.990e-29
 144.520275     13.262    16.4364  35.304557    27.1522     13.143  253.91205  254.24736    -1.5452     7.5322 -9.990e-29
 144.520278     13.277    16.4364  35.305098    27.1526     13.158  253.91126  254.24657    -1.6697     7.4796 -9.990e-29
 144.520281     13.291    16.4362  35.303536    27.1514     13.172  253.91451  254.24981    -0.9226     8.2722 -9.990e-29
 144.520284     13.319    16.4357  35.302634    27.1510     13.199  253.91771  254.25300    -0.6736     8.3207 -9.990e-29
 144.520286     13.339    16.4352  35.307382    27.1554     13.219  253.91290  254.24813    -0.9070     8.2883 -9.990e-29
 144.520289     13.364    16.4347  35.305880    27.1544     13.245  253.91668  254.25190    -0.8915     8.3126 -9.990e-29
 144.520292     13.382    16.4347  35.305880    27.1544     13.263  253.91669  254.25191    -0.8915     8.2883 -9.990e-29
 144.520295     13.384    16.4348  35.304137    27.1529     13.265  253.91895  254.25418    -1.4051     7.8597 -9.990e-29
