seaocn-cb/data/ctd_cnv/SBE19plus_01907321_2024_05_27_Cast75.cnv
* Sea-Bird SBE19plus  Data File:
* FileName = E:\Prandtl_Daten\2024\27052024\raw\SBE19plus_01907321_2024_05_27_Cast75.hex
* Software version 2.6.1.12
* Temperature SN = 7321
* Conductivity SN = 7321
* System UpLoad Time = May 27 2024 09:50:14
* <ApplicationData>
* <Seaterm232>
** 20240527
** Sea Practical 2024
** MCat 27.05 CTD_SP5
** NMEA Latitude = 54 7.781N
** NMEA Longitude = 008 25.579E
** waterdepth = 9.2m
** Merle
# nquan = 11
# nvalues = 339                         
# units = specified
# name 0 = timeJ: Julian Days
# name 1 = prdM: Pressure, Strain Gauge [db]
# name 2 = tv290C: Temperature [ITS-90, deg C]
# name 3 = c0mS/cm: Conductivity [mS/cm]
# name 4 = sal00: Salinity, Practical [PSU]
# name 5 = depSM: Depth [salt water, m], lat = 54.00
# name 6 = oxsatMm/Kg: Oxygen Saturation, Weiss [umol/kg]
# name 7 = oxsolMm/Kg: Oxygen Saturation, Garcia & Gordon [umol/kg]
# name 8 = turbWETntu0: Turbidity, WET Labs ECO [NTU]
# name 9 = flECO-AFL: Fluorescence, WET Labs ECO-AFL/FL [mg/m^3]
# name 10 = flag:  0.000e+00
# span 0 = 148.407046, 148.408024       
# span 1 =      0.305,      8.294       
# span 2 =    16.3602,    16.4423       
# span 3 =  36.909107,  36.978596       
# span 4 =    28.5765,    28.5973       
# span 5 =      0.303,      8.219       
# span 6 =  251.42584,  251.83070       
# span 7 =  251.75209,  252.15330       
# span 8 =    -1.8564,   104.2292       
# span 9 =     2.8941,     7.9891       
# span 10 = 0.0000e+00, 0.0000e+00      
# interval = seconds: 0.25
# start_time = May 27 2024 09:45:07 [Instrument's time stamp, header]
# bad_flag = -9.990e-29
*END*
[from data line 263]
 148.407807      7.002    16.3825  36.940428    28.5906      6.939  251.70384  252.02736    24.2603     5.1505 -9.990e-29
 148.407810      7.017    16.3822  36.940061    28.5918      6.954  251.70335  252.02685    32.1825     5.3729 -9.990e-29
 148.407813      7.024    16.3820  36.925130    28.5791      6.961  251.72596  252.04954    32.3692     5.4376 -9.990e-29
 148.407815      7.031    16.3817  36.939816    28.5920      6.968  251.70553  252.02900    32.3692     5.4335 -9.990e-29
 148.407818      7.033    16.3816  36.937797    28.5903      6.970  251.70881  252.03229    37.5988     5.8177 -9.990e-29
 148.407821      7.042    16.3807  36.933941    28.5876      6.979  251.71780  252.04126    37.7233     5.7409 -9.990e-29
 148.407824      7.060    16.3778  36.932901    28.5849      6.997  251.73727  252.06061    37.8012     5.7894 -9.990e-29
 148.407827      7.086    16.3773  36.928312    28.5854      7.023  251.73877  252.06209    35.2175     5.7631 0.0000e+00
 148.407830      7.119    16.3768  36.928741    28.5859      7.055  251.74027  252.06356    32.8050     5.7368 0.0000e+00
 148.407833      7.150    16.3764  36.928374    28.5861      7.086  251.74205  252.06533    32.7194     5.7247 0.0000e+00
 148.407836      7.178    16.3760  36.928986    28.5862      7.113  251.74384  252.06709    32.8050     5.7125 -9.990e-29
 148.407839      7.198    16.3754  36.931250    28.5890      7.133  251.74173  252.06494    32.8362     5.7772 -9.990e-29
 148.407841      7.216    16.3754  36.932658    28.5902      7.151  251.73966  252.06287    28.4938     5.6195 -9.990e-29
 148.407844      7.229    16.3755  36.932352    28.5899      7.164  251.73982  252.06303    28.4626     5.6317 -9.990e-29
 148.407847      7.254    16.3756  36.931617    28.5892      7.189  251.74062  252.06383    28.5249     5.6195 -9.990e-29
 148.407850      7.276    16.3761  36.933025    28.5893      7.211  251.73773  252.06097    28.5560     5.6357 -9.990e-29
 148.407853      7.309    16.3764  36.932168    28.5898      7.243  251.73582  252.05906    35.3576     5.5649 0.0000e+00
 148.407856      7.343    16.3766  36.933759    28.5903      7.278  251.73390  252.05715    42.1591     5.5912 0.0000e+00
 148.407859      7.372    16.3769  36.934861    28.5903      7.306  251.73347  252.05676    42.1591     5.5872 0.0000e+00
 148.407862      7.401    16.3770  36.932842    28.5892      7.335  251.73347  252.05676    42.3148     5.5872 0.0000e+00
 148.407865      7.429    16.3770  36.930945    28.5887      7.362  251.73510  252.05838    42.3770     5.5872 0.0000e+00
 148.407867      7.462    16.3770  36.932169    28.5881      7.395  251.73584  252.05913    43.8712     5.7874 0.0000e+00
 148.407870      7.489    16.3769  36.928559    28.5887      7.422  251.73510  252.05838    45.3654     5.9956 -9.990e-29
 148.407873      7.509    16.3760  36.926845    28.5847      7.442  251.74629  252.06955    45.7233     5.9835 -9.990e-29
 148.407876      7.527    16.3753  36.927641    28.5859      7.460  251.74753  252.07076    45.3498     6.0158 -9.990e-29
 148.407879      7.551    16.3745  36.925806    28.5849      7.484  251.75326  252.07646    42.0191     5.5993 -9.990e-29
 148.407882      7.573    16.3741  36.927274    28.5864      7.505  251.75262  252.07579    42.1591     5.6398 -9.990e-29
 148.407885      7.598    16.3734  36.926479    28.5898      7.530  251.75048  252.07360    42.1436     5.6317 -9.990e-29
 148.407888      7.626    16.3733  36.930579    28.5890      7.557  251.75243  252.07555    44.8051     5.6114 0.0000e+00
 148.407891      7.659    16.3733  36.928560    28.5890      7.590  251.75243  252.07555    44.8051     5.6114 0.0000e+00
 148.407894      7.684    16.3732  36.925378    28.5882      7.616  251.75438  252.07750    47.4665     5.5912 -9.990e-29
 148.407896      7.708    16.3724  36.929416    28.5867      7.639  251.76086  252.08395    51.2798     5.7328 -9.990e-29
 148.407899      7.734    16.3724  36.926235    28.5867      7.664  251.76086  252.08395    51.2798     5.7328 0.0000e+00
 148.407902      7.759    16.3724  36.929233    28.5867      7.690  251.76086  252.08395    51.2798     5.7328 -9.990e-29
 148.407905      7.781    16.3720  36.925378    28.5862      7.712  251.76336  252.08643    51.9334     5.6964 -9.990e-29
 148.407908      7.803    16.3716  36.926663    28.5876      7.733  251.76298  252.08603    51.9023     5.7449 -9.990e-29
 148.407911      7.818    16.3712  36.926969    28.5881      7.748  251.76404  252.08707    51.9646     5.6842 -9.990e-29
 148.407914      7.829    16.3713  36.925134    28.5865      7.759  251.76645  252.08950    52.0891     5.7368 -9.990e-29
 148.407917      7.843    16.3709  36.923788    28.5856      7.773  251.76995  252.09298    66.4704     6.1654 -9.990e-29
 148.407920      7.863    16.3709  36.927398    28.5887      7.793  251.76464  252.08765    66.5171     6.1897 -9.990e-29
 148.407922      7.885    16.3706  36.925991    28.5864      7.815  251.77020  252.09321    66.4393     6.1533 -9.990e-29
 148.407925      7.913    16.3704  36.924461    28.5868      7.842  251.77031  252.09332    83.0852     6.1533 0.0000e+00
 148.407928      7.951    16.3703  36.925134    28.5864      7.880  251.77043  252.09343    99.7311     6.1533 0.0000e+00
 148.407931      7.986    16.3695  36.920790    28.5840      7.914  251.77957  252.10255    99.7467     6.1210 0.0000e+00
 148.407934      8.017    16.3690  36.918833    28.5827      7.945  251.78458  252.10755    99.8089     6.1210 0.0000e+00
 148.407937      8.051    16.3682  36.917915    28.5827      7.979  251.78866  252.11160    99.8089     6.1250 0.0000e+00
 148.407940      8.079    16.3678  36.919751    28.5835      8.006  251.78897  252.11188    99.7700     6.1270 0.0000e+00
 148.407943      8.106    16.3674  36.918344    28.5846      8.033  251.78928  252.11216    99.7155     6.1250 -9.990e-29
 148.407946      8.130    16.3661  36.915652    28.5820      8.057  251.80018  252.12302    82.4082     6.2746 -9.990e-29
 148.407948      8.153    16.3651  36.915224    28.5823      8.080  251.80443  252.12723    82.4704     6.2180 -9.990e-29
 148.407951      8.168    16.3643  36.913878    28.5817      8.095  251.80944  252.13220    82.5327     6.1897 -9.990e-29
 148.407954      8.186    16.3637  36.912288    28.5808      8.113  251.81390  252.13665    83.9179     6.7882 -9.990e-29
 148.407957      8.197    16.3633  36.914551    28.5831      8.124  251.81238  252.13508    83.8712     6.7518 -9.990e-29
 148.407960      8.210    16.3628  36.913634    28.5826      8.137  251.81554  252.13823    83.8401     6.7801 -9.990e-29
 148.407963      8.225    16.3628  36.913389    28.5824      8.151  251.81591  252.13860    83.7622     6.7477 -9.990e-29
 148.407966      8.247    16.3629  36.914123    28.5829      8.173  251.81424  252.13693    93.1630     7.9891 -9.990e-29
 148.407969      8.254    16.3628  36.917916    28.5862      8.180  251.80895  252.13162    93.0074     7.9487 -9.990e-29
 148.407972      8.256    16.3627  36.914552    28.5834      8.182  251.81452  252.13719    93.0852     7.9123 -9.990e-29
 148.407975      8.263    16.3625  36.914552    28.5836      8.189  251.81512  252.13779    93.1941     7.9487 -9.990e-29
 148.407977      8.268    16.3622  36.914552    28.5838      8.194  251.81633  252.13898    80.9451     6.1088 -9.990e-29
 148.407980      8.270    16.3620  36.912655    28.5823      8.196  251.81973  252.14239    80.9451     6.1735 -9.990e-29
 148.407983      8.272    16.3621  36.914062    28.5834      8.198  251.81735  252.14001    80.7895     6.2059 -9.990e-29
 148.407986      8.274    16.3620  36.915225    28.5845      8.200  251.81594  252.13859    80.7895     6.1533 -9.990e-29
 148.407989      8.270    16.3620  36.913695    28.5832      8.196  251.81820  252.14085    80.9762     6.1735 -9.990e-29
 148.407992      8.270    16.3619  36.912043    28.5819      8.196  251.82124  252.14389    91.2175     6.4081 -9.990e-29
 148.407995      8.274    16.3618  36.910453    28.5805      8.200  251.82388  252.14654    91.2175     6.4404 -9.990e-29
 148.407998      8.277    16.3617  36.912410    28.5823      8.203  251.82130  252.14394    91.2642     6.4000 -9.990e-29
 148.408001      8.287    16.3614  36.912961    28.5830      8.212  251.82170  252.14432    91.2642     6.4364 -9.990e-29
 148.408003      8.292    16.3611  36.911371    28.5818      8.218  251.82525  252.14787    98.3148     6.6021 -9.990e-29
 148.408006      8.292    16.3609  36.912655    28.5831      8.218  251.82396  252.14656    98.3770     6.5698 -9.990e-29
 148.408009      8.288    16.3608  36.910269    28.5811      8.214  251.82778  252.15039    98.1436     6.5900 -9.990e-29
 148.408012      8.285    16.3608  36.911615    28.5822      8.211  251.82579  252.14839    98.2836     6.6143 -9.990e-29
 148.408015      8.285    16.3605  36.910881    28.5818      8.211  251.82808  252.15067   104.2292     6.5253 -9.990e-29
 148.408018      8.288    16.3605  36.909107    28.5803      8.214  251.83070  252.15330   104.1047     6.5536 -9.990e-29
 148.408021      8.290    16.3604  36.910698    28.5817      8.216  251.82865  252.15124   103.9801     6.5213 -9.990e-29
 148.408024      8.294    16.3602  36.910025    28.5813      8.219  251.83055  252.15313   103.9957     6.5496 -9.990e-29
