seaocn-cb/data/ctd_cnv/SBE19plus_01907321_2024_05_28_Cast102.cnv
* Sea-Bird SBE19plus  Data File:
* FileName = E:\Prandtl_Daten\2024\28052024\raw\SBE19plus_01907321_2024_05_28_Cast102.hex
* Software version 2.6.1.12
* Temperature SN = 7321
* Conductivity SN = 7321
* System UpLoad Time = May 28 2024 14:29:27
* <ApplicationData>
* <Seaterm232>
** 20240527
** Sea Practical 2024
** MCat 27.05 CTD_SP5
** NMEA Latitude = 54 07.69N
** NMEA Longitude = 008 25.483E
** waterdepth = 10.8m
** Isabelle
# nquan = 11
# nvalues = 414                         
# units = specified
# name 0 = timeJ: Julian Days
# name 1 = prdM: Pressure, Strain Gauge [db]
# name 2 = tv290C: Temperature [ITS-90, deg C]
# name 3 = c0mS/cm: Conductivity [mS/cm]
# name 4 = sal00: Salinity, Practical [PSU]
# name 5 = depSM: Depth [salt water, m], lat = 54.00
# name 6 = oxsatMm/Kg: Oxygen Saturation, Weiss [umol/kg]
# name 7 = oxsolMm/Kg: Oxygen Saturation, Garcia & Gordon [umol/kg]
# name 8 = turbWETntu0: Turbidity, WET Labs ECO [NTU]
# name 9 = flECO-AFL: Fluorescence, WET Labs ECO-AFL/FL [mg/m^3]
# name 10 = flag:  0.000e+00
# span 0 = 149.600185, 149.601380       
# span 1 =      0.510,     10.168       
# span 2 =    15.6669,    17.4191       
# span 3 =  37.326303,  37.791051       
# span 4 =    28.5759,    29.4613       
# span 5 =      0.505,     10.077       
# span 6 =  246.67997,  253.79125       
# span 7 =  247.04770,  254.07545       
# span 8 =    -4.6424,     2.2836       
# span 9 =     1.6265,     3.7635       
# span 10 = 0.0000e+00, 0.0000e+00      
# interval = seconds: 0.25
# start_time = May 28 2024 14:23:02 [Instrument's time stamp, header]
# bad_flag = -9.990e-29
*END*
 149.600185      0.510    17.4155  37.787899    28.5813      0.505  246.69357  247.06115    -4.3467     1.7417 -9.990e-29
 149.600188      0.514    17.4191  37.788269    28.5792      0.509  246.67997  247.04770    -4.1444     1.6730 -9.990e-29
 149.600191      0.541    17.4184  37.788393    28.5783      0.536  246.68492  247.05263    -4.1132     1.6750 0.0000e+00
 149.600194      0.588    17.4177  37.784996    28.5792      0.583  246.68987  247.05756    -4.0821     1.6770 0.0000e+00
 149.600197      0.646    17.4141  37.787467    28.5809      0.640  246.69936  247.06687    -4.0821     1.6770 0.0000e+00
 149.600200      0.721    17.4106  37.783392    28.5819      0.715  246.71774  247.08512    -4.0821     1.7013 0.0000e+00
 149.600203      0.792    17.4076  37.783022    28.5826      0.785  246.72882  247.09607    -4.0821     1.7013 0.0000e+00
 149.600205      0.860    17.4049  37.786172    28.5872      0.852  246.72979  247.09689    -4.0510     1.7013 0.0000e+00
 149.600208      0.924    17.4049  37.789446    28.5876      0.915  246.72979  247.09689    -4.0510     1.7134 0.0000e+00
 149.600211      0.976    17.4065  37.789446    28.5887      0.968  246.72395  247.09112    -4.1755     1.7053 0.0000e+00
 149.600214      1.013    17.4081  37.791051    28.5876      1.004  246.71810  247.08534    -4.3000     1.7255 -9.990e-29
 149.600217      1.031    17.4128  37.787036    28.5823      1.022  246.70467  247.07214    -4.3778     1.7417 -9.990e-29
 149.600220      1.037    17.4128  37.786419    28.5818      1.027  246.70554  247.07301    -4.2378     1.7781 -9.990e-29
 149.600223      1.033    17.4119  37.789013    28.5846      1.024  246.70521  247.07262    -4.2378     1.7821 -9.990e-29
 149.600226      1.028    17.4125  37.787778    28.5831      1.018  246.70484  247.07228    -4.0043     1.8913 -9.990e-29
 149.600229      1.020    17.4102  37.777279    28.5759      1.011  246.72768  247.09507    -3.9887     1.8792 -9.990e-29
 149.600231      1.013    17.4041  37.781479    28.5837      1.004  246.74373  247.11083    -4.1288     1.9034 -9.990e-29
 149.600234      1.002    17.4020  37.781541    28.5853      0.993  246.75145  247.11845    -4.0666     1.8751 -9.990e-29
 149.600237      0.999    17.4019  37.778392    28.5827      0.990  246.75617  247.12318    -4.2533     1.6851 -9.990e-29
 149.600240      1.002    17.3988  37.772031    28.5795      0.993  246.77622  247.14313    -4.2845     1.6972 -9.990e-29
 149.600243      1.021    17.3793  37.766846    28.5862      1.012  246.85808  247.22416    -4.2533     1.6891 -9.990e-29
 149.600246      1.055    17.3751  37.763636    28.5904      1.046  246.87099  247.23688    -4.2689     1.7720 0.0000e+00
 149.600249      1.103    17.3710  37.766663    28.5924      1.093  246.88391  247.24960    -4.2845     1.8145 0.0000e+00
 149.600252      1.152    17.3656  37.759501    28.5924      1.142  246.91354  247.27902    -4.3623     1.8468 0.0000e+00
 149.600255      1.198    17.3588  37.750735    28.5924      1.187  246.95024  247.31546    -4.3623     1.8145 0.0000e+00
 149.600258      1.238    17.3448  37.744070    28.5940      1.227  247.01013  247.37476    -4.3156     1.8185 0.0000e+00
 149.600260      1.267    17.3267  37.742529    28.6055      1.256  247.07784  247.44165    -4.3000     1.8185 0.0000e+00
 149.600263      1.298    17.3207  37.739629    28.6085      1.286  247.10168  247.46522    -4.2455     1.8286 0.0000e+00
 149.600266      1.329    17.3146  37.736791    28.6115      1.317  247.12551  247.48879    -4.3000     1.8387 -9.990e-29
 149.600269      1.349    17.2956  37.737409    28.6230      1.337  247.19716  247.55960    -4.3623     1.8468 -9.990e-29
 149.600272      1.377    17.2891  37.729324    28.6208      1.364  247.23201  247.59420    -4.1755     1.8509 -9.990e-29
 149.600275      1.402    17.2574  37.715995    28.6307      1.390  247.36740  247.72822    -4.6113     1.6285 -9.990e-29
 149.600278      1.431    17.2467  37.714516    28.6326      1.419  247.41557  247.77594    -4.5023     1.6265 0.0000e+00
 149.600281      1.464    17.2360  37.701190    28.6346      1.451  247.46375  247.82366    -4.5179     1.6285 0.0000e+00
 149.600284      1.501    17.2073  37.688113    28.6438      1.487  247.58619  247.94486    -4.3934     1.6366 0.0000e+00
 149.600286      1.534    17.1877  37.666157    28.6484      1.520  247.67278  248.03061    -4.2844     1.6932 0.0000e+00
 149.600289      1.561    17.1681  37.657467    28.6530      1.547  247.75936  248.11635    -4.0510     1.7498 -9.990e-29
 149.600292      1.579    17.0639  37.656918    28.7191      1.565  248.15061  248.50283    -4.0821     1.7781 -9.990e-29
 149.600295      1.589    17.0306  37.648658    28.7359      1.574  248.28353  248.63424    -4.0354     1.7538 -9.990e-29
 149.600298      1.590    17.0069  37.640953    28.7462      1.576  248.38087  248.73051    -4.3467     2.0005 -9.990e-29
 149.600301      1.585    16.9847  37.636516    28.7582      1.571  248.46783  248.81646    -4.3156     2.0288 -9.990e-29
 149.600304      1.586    16.9579  37.630353    28.7721      1.572  248.57433  248.92173    -4.3778     1.9964 -9.990e-29
 149.600307      1.586    16.9320  37.624376    28.7855      1.572  248.67725  249.02347    -4.3156     1.9924 -9.990e-29
 149.600310      1.597    16.9082  37.613467    28.7933      1.583  248.77977  249.12492    -4.6113     2.2027 -9.990e-29
 149.600313      1.612    16.8777  37.599232    28.8029      1.597  248.91133  249.25512    -4.6424     2.1865 -9.990e-29
 149.600315      1.635    16.8160  37.589929    28.8246      1.621  249.17485  249.51586    -4.6269     2.1865 -9.990e-29
 149.600318      1.668    16.7974  37.572801    28.8347      1.653  249.24884  249.58898    -4.6036     2.2027 0.0000e+00
 149.600321      1.707    16.7787  37.565042    28.8447      1.691  249.32283  249.66209    -4.5802     2.1865 0.0000e+00
 149.600324      1.754    16.7419  37.550199    28.8582      1.738  249.47895  249.81653    -4.3311     2.0450 0.0000e+00
 149.600327      1.809    16.7004  37.515035    28.8584      1.793  249.68219  250.01797    -4.2845     2.0288 0.0000e+00
 149.600330      1.860    16.6378  37.506668    28.8960      1.843  249.92404  250.25683    -4.3311     2.0288 0.0000e+00
 149.600333      1.907    16.6093  37.494361    28.9113      1.890  250.03762  250.36906    -4.3156     2.0349 0.0000e+00
 149.600336      1.944    16.5809  37.485809    28.9265      1.926  250.15119  250.48128    -4.4090     2.0490 -9.990e-29
 149.600339      1.962    16.5059  37.483535    28.9714      1.945  250.44328  250.76975    -4.2378     2.2755 -9.990e-29
 149.600341      1.977    16.4815  37.479660    28.9857      1.959  250.53910  250.86439    -4.3467     2.2795 -9.990e-29
 149.600344      1.979    16.4638  37.470245    28.9904      1.961  250.61797  250.94244    -4.3778     2.2391 -9.990e-29
 149.600347      1.984    16.4467  37.466492    28.9996      1.967  250.68674  251.01038    -4.2533     2.4453 -9.990e-29
 149.600350      1.993    16.4305  37.452278    28.9991      1.975  250.76729  251.09022    -4.2845     2.4979 -9.990e-29
 149.600353      2.006    16.4149  37.447849    29.0066      1.988  250.83169  251.15386    -4.3156     2.4534 -9.990e-29
 149.600356      2.023    16.3982  37.443359    29.0149      2.004  250.90005  251.22142    -4.2066     2.4534 -9.990e-29
 149.600359      2.044    16.3707  37.444346    29.0385      2.026  250.99504  251.31502    -3.8798     2.7203 -9.990e-29
 149.600362      2.075    16.3694  37.447732    29.0372      2.057  251.00391  251.32384    -3.8331     2.7041 0.0000e+00
 149.600365      2.101    16.3681  37.442378    29.0385      2.082  251.01278  251.33266    -3.7864     2.7122 0.0000e+00
 149.600367      2.136    16.3643  37.442871    29.0380      2.117  251.02609  251.34577    -3.7708     2.7122 0.0000e+00
 149.600370      2.165    16.3586  37.436904    29.0390      2.146  251.05607  251.37550    -3.7708     2.7324 0.0000e+00
 149.600373      2.192    16.3497  37.432352    29.0405      2.173  251.09560  251.41461    -3.8331     2.9548 0.0000e+00
 149.600376      2.224    16.3405  37.428662    29.0441      2.204  251.13535  251.45392    -3.8331     2.9588 0.0000e+00
 149.600379      2.258    16.3363  37.428601    29.0470      2.238  251.15060  251.46897    -3.7630     2.9710 0.0000e+00
 149.600382      2.291    16.3322  37.421527    29.0500      2.270  251.16586  251.48402    -3.6930     2.9831 -9.990e-29
 149.600385      2.313    16.3182  37.411686    29.0456      2.292  251.24275  251.56030    -1.2183     2.8173 -9.990e-29
 149.600388      2.344    16.3037  37.415317    29.0593      2.323  251.29136  251.60816    -1.2339     2.8416 -9.990e-29
 149.600391      2.356    16.2916  37.414765    29.0676      2.335  251.33688  251.65308    -1.1405     2.8537 -9.990e-29
 149.600394      2.371    16.2832  37.405478    29.0657      2.350  251.38192  251.69775    -1.2961     2.8820 -9.990e-29
 149.600396      2.379    16.2735  37.405356    29.0726      2.357  251.41787  251.73321    -3.7708     2.9629 -9.990e-29
 149.600399      2.384    16.2647  37.407756    29.0812      2.363  251.44710  251.76198    -3.7397     2.9831 -9.990e-29
 149.600402      2.404    16.2598  37.407572    29.0846      2.382  251.46555  251.78019    -3.8487     2.9143 -9.990e-29
 149.600405      2.426    16.2493  37.401791    29.0795      2.404  251.52639  251.84058    -4.0977     3.1004 -9.990e-29
 149.600408      2.459    16.2448  37.392874    29.0847      2.437  251.53985  251.85380    -4.0510     3.0983 0.0000e+00
 149.600411      2.493    16.2403  37.397242    29.0898      2.471  251.55331  251.86702    -4.0977     3.0963 0.0000e+00
 149.600414      2.533    16.2311  37.389801    29.0901      2.511  251.59832  251.91161    -4.0199     3.0882 0.0000e+00
 149.600417      2.570    16.2262  37.387343    29.0926      2.547  251.61847  251.93152    -4.0899     3.0821 0.0000e+00
 149.600420      2.605    16.2213  37.383224    29.0951      2.581  251.63863  251.95144    -4.0199     3.0882 -9.990e-29
 149.600422      2.630    16.2041  37.382856    29.1038      2.607  251.70907  252.02103    -3.5996     2.8497 -9.990e-29
 149.600425      2.656    16.1995  37.383041    29.1072      2.632  251.72579  252.03751    -3.5996     2.8335 -9.990e-29
 149.600428      2.676    16.1948  37.378246    29.1065      2.652  251.75049  252.06201    -3.5529     2.8537 -9.990e-29
 149.600431      2.685    16.1886  37.377078    29.1101      2.661  251.77546  252.08667    -3.5374     2.8537 -9.990e-29
 149.600434      2.692    16.1829  37.369270    29.1075      2.668  251.80822  252.11918    -3.7708     3.3187 -9.990e-29
 149.600437      2.700    16.1775  37.372222    29.1140      2.676  251.82379  252.13446    -3.7397     3.3106 -9.990e-29
 149.600440      2.711    16.1733  37.367304    29.1128      2.686  251.84689  252.15737    -3.8020     3.3025 -9.990e-29
 149.600443      2.723    16.1662  37.369948    29.1168      2.699  251.87503  252.18517    -3.8175     3.1004 -9.990e-29
 149.600446      2.749    16.1645  37.366014    29.1199      2.724  251.87785  252.18789    -3.7864     3.1024 0.0000e+00
 149.600448      2.780    16.1629  37.370441    29.1230      2.755  251.88067  252.19061    -3.7708     3.1044 0.0000e+00
 149.600451      2.809    16.1611  37.369704    29.1237      2.784  251.88733  252.19714    -3.7708     3.1044 0.0000e+00
 149.600454      2.844    16.1608  37.371794    29.1237      2.819  251.88864  252.19849    -3.7708     3.1004 0.0000e+00
 149.600457      2.879    16.1606  37.358514    29.1207      2.853  251.90622  252.21612    -3.7708     2.8497 0.0000e+00
 149.600460      2.915    16.1572  37.362941    29.1207      2.889  251.91305  252.22275    -3.7864     2.8497 0.0000e+00
 149.600463      2.944    16.1491  37.357102    29.1216      2.918  251.95213  252.26145    -3.7553     2.8456 0.0000e+00
 149.600466      2.981    16.1401  37.349604    29.1216      2.954  251.99667  252.30557    -3.7553     2.8537 0.0000e+00
 149.600469      3.008    16.1352  37.350465    29.1256      2.981  252.01434  252.32299    -3.7475     2.8497 0.0000e+00
 149.600472      3.045    16.1303  37.347393    29.1295      3.017  252.03202  252.34042    -3.7397     2.8658 -9.990e-29
 149.600475      3.067    16.1135  37.351205    29.1425      3.039  252.09347  252.40099    -3.8331     2.5989 -9.990e-29
 149.600477      3.090    16.1065  37.349608    29.1461      3.063  252.12176  252.42894    -3.8175     2.5828 -9.990e-29
 149.600480      3.103    16.1022  37.347273    29.1473      3.075  252.14132  252.44829    -3.8487     2.5585 -9.990e-29
 149.600483      3.110    16.0986  37.340205    29.1438      3.083  252.16527  252.47210    -3.4751     2.7647 -9.990e-29
 149.600486      3.114    16.0952  37.347274    29.1524      3.086  252.16752  252.47413    -3.1950     2.8011 -9.990e-29
 149.600489      3.118    16.0916  37.344324    29.1525      3.090  252.18531  252.49176    -3.3350     2.8133 -9.990e-29
 149.600492      3.118    16.0885  37.347643    29.1577      3.090  252.19196  252.49823    -3.3350     2.7850 -9.990e-29
 149.600495      3.125    16.0855  37.347951    29.1601      3.097  252.20281  252.50892    -3.5062     3.0114 -9.990e-29
 149.600498      3.142    16.0750  37.337994    29.1639      3.114  252.24861  252.55421    -3.5841     3.0478 -9.990e-29
 149.600501      3.169    16.0718  37.343404    29.1627      3.141  252.26635  252.57181    -3.5452     3.0357 0.0000e+00
 149.600503      3.213    16.0687  37.335414    29.1639      3.184  252.28408  252.58940    -3.5374     3.0478 0.0000e+00
 149.600506      3.264    16.0640  37.337013    29.1664      3.235  252.29927  252.60434    -3.5374     3.7029 0.0000e+00
 149.600509      3.324    16.0590  37.337383    29.1698      3.294  252.31720  252.62201    -3.5529     3.7271 0.0000e+00
 149.600512      3.373    16.0522  37.331053    29.1703      3.343  252.35228  252.65678    -3.5685     3.7352 0.0000e+00
 149.600515      3.424    16.0413  37.332776    29.1792      3.394  252.39019  252.69412    -3.5685     3.7352 0.0000e+00
 149.600518      3.465    16.0368  37.336772    29.1843      3.434  252.40416  252.70785    -3.5530     3.7493 0.0000e+00
 149.600521      3.497    16.0323  37.330135    29.1894      3.466  252.41814  252.72157    -3.5218     3.7635 -9.990e-29
 149.600524      3.518    16.0227  37.329705    29.1902      3.486  252.46444  252.76742    -3.8020     2.7486 -9.990e-29
 149.600527      3.521    16.0190  37.334684    29.1972      3.490  252.47066  252.77342    -3.8642     2.7971 -9.990e-29
 149.600530      3.512    16.0161  37.332595    29.1976      3.481  252.48479  252.78741    -3.7553     2.8011 -9.990e-29
 149.600532      3.499    16.0137  37.332656    29.1994      3.468  252.49361  252.79611    -3.9109     2.9467 -9.990e-29
 149.600535      3.490    16.0110  37.332104    29.2009      3.459  252.50454  252.80690    -3.9109     2.9912 -9.990e-29
 149.600538      3.488    16.0072  37.336775    29.2078      3.457  252.51181  252.81395    -3.9265     2.9993 -9.990e-29
 149.600541      3.496    16.0013  37.333211    29.2090      3.464  252.53916  252.84101    -3.7086     2.9467 -9.990e-29
 149.600544      3.517    15.9895  37.336777    29.2227      3.486  252.57442  252.87562    -3.8487     2.9750 -9.990e-29
 149.600547      3.549    15.9872  37.339052    29.2225      3.517  252.58628  252.88738    -3.8954     2.9831 0.0000e+00
 149.600550      3.590    15.9849  37.334750    29.2227      3.558  252.59814  252.89913    -3.8487     2.9750 0.0000e+00
 149.600553      3.640    15.9799  37.336103    29.2272      3.607  252.61456  252.91529    -3.8487     2.9710 0.0000e+00
 149.600556      3.695    15.9738  37.336718    29.2322      3.662  252.63655  252.93696    -3.6152     2.9305 0.0000e+00
 149.600558      3.751    15.9682  37.335859    29.2355      3.718  252.65868  252.95880    -3.6152     2.9224 0.0000e+00
 149.600561      3.808    15.9624  37.339363    29.2426      3.774  252.67514  252.97493    -3.5529     2.9224 0.0000e+00
