seaocn-cb/data/ctd_cnv/SBE19plus_01907321_2024_05_29_Cast106.cnv
* Sea-Bird SBE19plus  Data File:
* FileName = E:\Prandtl_Daten\2024\29052024\raw\SBE19plus_01907321_2024_05_29_Cast106.hex
* Software version 2.6.1.12
* Temperature SN = 7321
* Conductivity SN = 7321
* System UpLoad Time = May 29 2024 11:22:07
* <ApplicationData>
* <Seaterm232>
** 20240527
** Sea Practical 2024
** MCat 27.05 CTD_Z3
** NMEA Latitude = 54 03.027N
** NMEA Longitude = 008 24.543E
** waterdepth = 15.5m
** Isabelle
# nquan = 11
# nvalues = 476                         
# units = specified
# name 0 = timeJ: Julian Days
# name 1 = prdM: Pressure, Strain Gauge [db]
# name 2 = tv290C: Temperature [ITS-90, deg C]
# name 3 = c0mS/cm: Conductivity [mS/cm]
# name 4 = sal00: Salinity, Practical [PSU]
# name 5 = depSM: Depth [salt water, m], lat = 54.00
# name 6 = oxsatMm/Kg: Oxygen Saturation, Weiss [umol/kg]
# name 7 = oxsolMm/Kg: Oxygen Saturation, Garcia & Gordon [umol/kg]
# name 8 = turbWETntu0: Turbidity, WET Labs ECO [NTU]
# name 9 = flECO-AFL: Fluorescence, WET Labs ECO-AFL/FL [mg/m^3]
# name 10 = flag:  0.000e+00
# span 0 = 150.469624, 150.470998       
# span 1 =      0.758,     14.852       
# span 2 =    15.6102,    15.6177       
# span 3 =  37.749182,  37.767662       
# span 4 =    29.8579,    29.8781       
# span 5 =      0.751,     14.719       
# span 6 =  253.33169,  253.35278       
# span 7 =  253.61026,  253.63116       
# span 8 =     1.9568,    14.4082       
# span 9 =     8.2964,    11.0542       
# span 10 = 0.0000e+00, 0.0000e+00      
# interval = seconds: 0.25
# start_time = May 29 2024 11:14:42 [Instrument's time stamp, header]
# bad_flag = -9.990e-29
*END*
 150.469624      0.758    15.6122  37.760456    29.8737      0.751  253.34380  253.62222     4.7584     8.7655 0.0000e+00
 150.469627      0.796    15.6122  37.761135    29.8737      0.789  253.34380  253.62222     4.7895     8.7534 0.0000e+00
 150.469630      0.880    15.6122  37.759901    29.8734      0.872  253.34433  253.62275     4.7895     8.7534 0.0000e+00
 150.469633      1.017    15.6121  37.760210    29.8734      1.008  253.34433  253.62275     4.7428     8.7615 0.0000e+00
 150.469635      1.170    15.6122  37.760890    29.8734      1.160  253.34433  253.62275     4.3070     8.8383 0.0000e+00
 150.469638      1.314    15.6124  37.759594    29.8740      1.302  253.34368  253.62209     4.3070     8.8747 0.0000e+00
 150.469641      1.436    15.6124  37.761323    29.8739      1.423  253.34263  253.62106     4.2759     8.8666 0.0000e+00
 150.469644      1.533    15.6124  37.761138    29.8740      1.519  253.34246  253.62089     4.3304     8.8747 0.0000e+00
 150.469647      1.587    15.6124  37.762003    29.8739      1.573  253.34263  253.62106     4.2759     8.8666 -9.990e-29
 150.469650      1.594    15.6125  37.762250    29.8748      1.580  253.34039  253.61881     4.8050     8.7978 -9.990e-29
 150.469653      1.575    15.6123  37.760459    29.8734      1.561  253.34399  253.62241     4.8829     8.8666 -9.990e-29
 150.469656      1.529    15.6123  37.762249    29.8750      1.515  253.34123  253.61964     4.7117     8.7736 -9.990e-29
 150.469659      1.469    15.6124  37.760891    29.8737      1.456  253.34297  253.62140     4.7895     8.8342 -9.990e-29
 150.469661      1.416    15.6123  37.759717    29.8728      1.404  253.34503  253.62345     4.3537     8.3207 -9.990e-29
 150.469664      1.396    15.6123  37.758668    29.8719      1.383  253.34662  253.62505     4.4159     8.2964 -9.990e-29
 150.469667      1.416    15.6124  37.759717    29.8727      1.403  253.34473  253.62316     4.2447     8.3045 -9.990e-29
 150.469670      1.473    15.6120  37.760891    29.8745      1.459  253.34317  253.62157     4.4004     8.8181 -9.990e-29
 150.469673      1.567    15.6121  37.761570    29.8740      1.553  253.34390  253.62230     4.3304     8.7958 0.0000e+00
 150.469676      1.660    15.6120  37.760459    29.8745      1.646  253.34317  253.62157     4.2603     8.8181 0.0000e+00
 150.469679      1.735    15.6121  37.762682    29.8749      1.719  253.34168  253.62008     4.2603     8.8181 0.0000e+00
 150.469682      1.788    15.6122  37.762250    29.8749      1.772  253.34168  253.62008     4.2292     8.8181 0.0000e+00
 150.469685      1.830    15.6123  37.761324    29.8745      1.814  253.34225  253.62066     3.7856     8.8646 0.0000e+00
 150.469687      1.858    15.6123  37.761571    29.8740      1.841  253.34282  253.62124     3.2798     8.9111 -9.990e-29
 150.469690      1.867    15.6120  37.760892    29.8739      1.850  253.34467  253.62308     3.3576     8.9070 -9.990e-29
 150.469693      1.863    15.6123  37.761324    29.8740      1.847  253.34284  253.62126     3.4198     8.9515 -9.990e-29
 150.469696      1.845    15.6120  37.761757    29.8746      1.829  253.34305  253.62145     3.8556     8.5754 -9.990e-29
 150.469699      1.821    15.6120  37.759472    29.8726      1.805  253.34652  253.62494     3.8245     8.5391 -9.990e-29
 150.469702      1.791    15.6119  37.760028    29.8732      1.775  253.34624  253.62465     3.7467     8.5552 -9.990e-29
 150.469705      1.757    15.6118  37.760892    29.8740      1.742  253.34520  253.62359     3.7155     8.5835 -9.990e-29
 150.469708      1.734    15.6120  37.761324    29.8743      1.718  253.34394  253.62234     3.7622     8.5350 -9.990e-29
 150.469711      1.738    15.6119  37.761139    29.8742      1.722  253.34451  253.62291     3.8868     8.8181 -9.990e-29
 150.469714      1.794    15.6117  37.762250    29.8725      1.778  253.34830  253.62671     3.7778     8.8221 -9.990e-29
 150.469716      1.896    15.6118  37.759102    29.8740      1.880  253.34560  253.62400     3.7466     8.8201 0.0000e+00
 150.469719      2.030    15.6118  37.762498    29.8732      2.011  253.34619  253.62459     3.7155     8.8181 0.0000e+00
 150.469722      2.176    15.6118  37.760214    29.8754      2.156  253.34291  253.62129     3.5755     8.7615 0.0000e+00
 150.469725      2.316    15.6119  37.763672    29.8747      2.295  253.34330  253.62170     3.5599     8.7453 0.0000e+00
 150.469728      2.418    15.6119  37.762006    29.8755      2.396  253.34229  253.62069     3.5443     8.7332 0.0000e+00
 150.469731      2.473    15.6120  37.763982    29.8747      2.450  253.34330  253.62170     3.5599     8.7453 -9.990e-29
 150.469734      2.482    15.6120  37.764105    29.8764      2.460  253.33985  253.61823     3.8245     8.6806 -9.990e-29
 150.469737      2.447    15.6120  37.761759    29.8744      2.425  253.34341  253.62181     3.7778     8.6846 -9.990e-29
 150.469740      2.396    15.6120  37.763673    29.8761      2.375  253.34075  253.61913     3.8245     8.6765 -9.990e-29
 150.469742      2.323    15.6120  37.762870    29.8755      2.302  253.34193  253.62032     3.8556     8.6846 -9.990e-29
 150.469745      2.252    15.6120  37.761326    29.8741      2.232  253.34424  253.62264     3.7622     8.9475 -9.990e-29
 150.469748      2.186    15.6118  37.761140    29.8741      2.167  253.34507  253.62347     3.6844     8.9919 -9.990e-29
 150.469751      2.144    15.6117  37.761573    29.8746      2.125  253.34498  253.62336     3.6844     9.0081 -9.990e-29
 150.469754      2.129    15.6115  37.762005    29.8751      2.110  253.34489  253.62326     3.8245     8.9596 -9.990e-29
 150.469757      2.156    15.6113  37.762437    29.8756      2.137  253.34484  253.62320     3.6533     8.9839 -9.990e-29
 150.469760      2.220    15.6113  37.761820    29.8751      2.201  253.34611  253.62447     2.4860     9.4246 -9.990e-29
 150.469763      2.313    15.6112  37.763796    29.8767      2.292  253.34370  253.62204     2.5794     9.3963 -9.990e-29
 150.469766      2.423    15.6113  37.763673    29.8768      2.401  253.34305  253.62140     2.5872     9.4185 0.0000e+00
 150.469769      2.532    15.6114  37.763982    29.8767      2.510  253.34370  253.62204     2.5949     9.3963 0.0000e+00
 150.469771      2.638    15.6114  37.762747    29.8757      2.615  253.34436  253.62272     3.0152     8.6159 0.0000e+00
 150.469774      2.726    15.6112  37.762007    29.8752      2.702  253.34642  253.62478     3.0619     8.6159 0.0000e+00
 150.469777      2.803    15.6112  37.757870    29.8734      2.778  253.34960  253.62797     3.0385     8.6320 0.0000e+00
 150.469780      2.848    15.6112  37.762440    29.8715      2.823  253.35278  253.63116     3.0619     8.6482 -9.990e-29
 150.469783      2.865    15.6111  37.763551    29.8765      2.839  253.34444  253.62278     1.9568     8.9151 -9.990e-29
 150.469786      2.864    15.6109  37.765033    29.8780      2.839  253.34276  253.62109     2.1280     8.9151 -9.990e-29
 150.469789      2.849    15.6110  37.762872    29.8760      2.824  253.34576  253.62410     1.9568     8.9030 -9.990e-29
 150.469792      2.844    15.6111  37.762748    29.8758      2.819  253.34565  253.62400     2.0657     8.9394 -9.990e-29
 150.469795      2.842    15.6112  37.761328    29.8745      2.817  253.34752  253.62589     3.0152     8.7089 -9.990e-29
 150.469797      2.848    15.6112  37.763860    29.8767      2.822  253.34366  253.62201     2.9685     8.6725 -9.990e-29
 150.469800      2.861    15.6112  37.764909    29.8774      2.835  253.34246  253.62080     3.1241     8.6846 -9.990e-29
 150.469803      2.890    15.6112  37.764663    29.8774      2.864  253.34246  253.62080     3.1241     8.6846 0.0000e+00
 150.469806      2.917    15.6112  37.764107    29.8774      2.891  253.34246  253.62080     3.1241     8.6846 -9.990e-29
 150.469809      2.928    15.6113  37.764230    29.8770      2.902  253.34285  253.62120     2.3615     9.5904 -9.990e-29
 150.469812      2.936    15.6113  37.764107    29.8769      2.909  253.34305  253.62139     2.2681     9.5702 -9.990e-29
 150.469815      2.939    15.6109  37.762440    29.8756      2.913  253.34677  253.62511     2.2681     9.5621 -9.990e-29
 150.469818      2.954    15.6102  37.764601    29.8770      2.927  253.34841  253.62670     3.2642    10.4396 -9.990e-29
 150.469821      2.992    15.6103  37.763305    29.8772      2.965  253.34771  253.62601     3.2564    10.4416 0.0000e+00
 150.469823      3.050    15.6102  37.763861    29.8770      3.023  253.34841  253.62670     3.2642    10.4396 0.0000e+00
 150.469826      3.118    15.6103  37.762873    29.8773      3.090  253.34701  253.62531     3.2798    10.4113 0.0000e+00
 150.469829      3.183    15.6104  37.765343    29.8776      3.155  253.34453  253.62283     3.2798    10.3789 0.0000e+00
 150.469832      3.255    15.6108  37.764602    29.8781      3.226  253.34424  253.62256     2.4237     8.4460 0.0000e+00
 150.469835      3.310    15.6109  37.765343    29.8776      3.280  253.34424  253.62256     2.3926     8.4097 0.0000e+00
 150.469838      3.354    15.6110  37.762503    29.8768      3.324  253.34445  253.62278     2.3148     8.4016 0.0000e+00
 150.469841      3.385    15.6111  37.764417    29.8754      3.355  253.34633  253.62468     2.2369     8.4097 -9.990e-29
 150.469844      3.398    15.6113  37.762750    29.8755      3.367  253.34510  253.62346     2.3303     8.4218 -9.990e-29
 150.469847      3.407    15.6116  37.763985    29.8764      3.376  253.34234  253.62071     2.2525     8.4097 -9.990e-29
 150.469850      3.412    15.6117  37.763676    29.8760      3.382  253.34223  253.62061     2.4082     8.4097 -9.990e-29
 150.469852      3.421    15.6117  37.763800    29.8761      3.391  253.34205  253.62042     2.3303     8.4177 -9.990e-29
 150.469855      3.443    15.6119  37.763800    29.8760      3.412  253.34147  253.61986     2.1903     8.3854 -9.990e-29
 150.469858      3.467    15.6120  37.764356    29.8763      3.436  253.34005  253.61844     2.3770     8.7210 -9.990e-29
 150.469861      3.485    15.6121  37.763306    29.8753      3.454  253.34137  253.61977     2.2836     8.7291 -9.990e-29
 150.469864      3.505    15.6119  37.763677    29.8758      3.474  253.34170  253.62008     2.3615     8.7210 -9.990e-29
 150.469867      3.525    15.6117  37.765097    29.8772      3.493  253.34013  253.61850     2.2525     8.7331 -9.990e-29
 150.469870      3.545    15.6113  37.762751    29.8744      3.513  253.34699  253.62536     5.4276     8.8949 -9.990e-29
 150.469873      3.572    15.6111  37.761578    29.8751      3.540  253.34699  253.62534     5.3264     8.8868 0.0000e+00
 150.469876      3.605    15.6109  37.762751    29.8755      3.573  253.34699  253.62536     5.2408     8.8787 0.0000e+00
 150.469878      3.647    15.6109  37.762442    29.8755      3.615  253.34748  253.62582     5.2253     8.8787 0.0000e+00
 150.469881      3.698    15.6109  37.761331    29.8751      3.665  253.34748  253.62582     3.2953     9.5864 0.0000e+00
 150.469884      3.749    15.6110  37.762258    29.8748      3.716  253.34723  253.62558     3.2953     9.6389 0.0000e+00
 150.469887      3.795    15.6113  37.762258    29.8751      3.761  253.34579  253.62416     3.3420     9.6147 0.0000e+00
 150.469890      3.837    15.6113  37.764357    29.8753      3.802  253.34577  253.62413     3.3420     9.6147 0.0000e+00
 150.469893      3.880    15.6113  37.762690    29.8754      3.846  253.34577  253.62413     3.0619     8.9758 0.0000e+00
 150.469896      3.917    15.6113  37.762752    29.8753      3.882  253.34588  253.62424     3.0308     8.9737 0.0000e+00
 150.469899      3.943    15.6112  37.762011    29.8754      3.907  253.34599  253.62435     3.0619     8.9717 -9.990e-29
 150.469902      3.959    15.6115  37.762505    29.8749      3.924  253.34522  253.62359     3.0930     8.9919 -9.990e-29
 150.469905      3.977    15.6116  37.762258    29.8746      3.942  253.34532  253.62369     2.9840     9.0041 -9.990e-29
 150.469907      3.988    15.6117  37.761764    29.8741      3.953  253.34549  253.62388     4.0113     9.1213 -9.990e-29
 150.469910      3.998    15.6118  37.762505    29.8747      3.962  253.34407  253.62246     4.0424     9.1092 -9.990e-29
 150.469913      4.001    15.6120  37.763802    29.8757      3.966  253.34151  253.61990     4.0424     9.0930 -9.990e-29
 150.469916      4.012    15.6121  37.764111    29.8759      3.977  253.34046  253.61885     4.0580     9.1133 -9.990e-29
 150.469919      4.032    15.6120  37.762011    29.8726      3.996  253.34643  253.62485     6.0657    10.7307 -9.990e-29
 150.469922      4.061    15.6121  37.760406    29.8743      4.025  253.34337  253.62178     6.0579    10.7327 0.0000e+00
 150.469925      4.098    15.6121  37.764235    29.8752      4.061  253.34157  253.61997     6.0502    10.7307 0.0000e+00
 150.469928      4.139    15.6121  37.763432    29.8755      4.102  253.34157  253.61997     5.9257    10.7064 0.0000e+00
 150.469931      4.190    15.6119  37.763556    29.8755      4.153  253.34166  253.62005     4.5249     9.3882 0.0000e+00
 150.469933      4.245    15.6119  37.763988    29.8755      4.207  253.34229  253.62068     4.5249     9.3720 0.0000e+00
 150.469936      4.296    15.6118  37.761827    29.8758      4.258  253.34289  253.62126     4.5249     9.3518 0.0000e+00
 150.469939      4.336    15.6117  37.763989    29.8750      4.297  253.34409  253.62247     4.5172     9.3498 0.0000e+00
 150.469942      4.367    15.6116  37.763186    29.8760      4.328  253.34289  253.62126     4.4938     9.3478 -9.990e-29
 150.469945      4.388    15.6118  37.763556    29.8755      4.348  253.34270  253.62108     3.7311     8.9839 -9.990e-29
 150.469948      4.409    15.6117  37.763865    29.8758      4.370  253.34254  253.62091     3.7622     8.9960 -9.990e-29
 150.469951      4.424    15.6116  37.763557    29.8756      4.385  253.34360  253.62197     3.8245     8.9839 -9.990e-29
 150.469954      4.437    15.6117  37.762013    29.8742      4.398  253.34538  253.62377     3.7934     8.9636 -9.990e-29
 150.469957      4.452    15.6117  37.761334    29.8736      4.412  253.34672  253.62511     5.4743    10.1969 -9.990e-29
 150.469959      4.470    15.6115  37.763804    29.8759      4.430  253.34347  253.62184     5.5833    10.2172 -9.990e-29
 150.469962      4.504    15.6117  37.763866    29.8744      4.464  253.34535  253.62373     5.5288    10.2233 0.0000e+00
 150.469965      4.543    15.6118  37.760655    29.8729      4.502  253.34722  253.62562     5.5366    10.2172 0.0000e+00
 150.469968      4.592    15.6121  37.759235    29.8729      4.551  253.34722  253.62562     5.5366    10.0029 0.0000e+00
 150.469971      4.643    15.6124  37.761581    29.8732      4.602  253.34381  253.62224     5.5366    10.0029 0.0000e+00
 150.469974      4.696    15.6125  37.762261    29.8732      4.654  253.34381  253.62224     5.5366     9.9786 0.0000e+00
 150.469977      4.746    15.6126  37.759606    29.8732      4.703  253.34222  253.62065     5.5210     9.9665 0.0000e+00
 150.469980      4.786    15.6127  37.762014    29.8723      4.743  253.34375  253.62220     5.0385     9.3377 0.0000e+00
 150.469983      4.815    15.6128  37.763805    29.8732      4.772  253.34148  253.61993     4.5560     8.7089 -9.990e-29
 150.469986      4.828    15.6128  37.763311    29.8744      4.784  253.33982  253.61826     4.4626     8.7453 -9.990e-29
 150.469988      4.831    15.6127  37.761335    29.8727      4.788  253.34313  253.62158     4.5560     8.7736 -9.990e-29
 150.469991      4.833    15.6129  37.759112    29.8706      4.790  253.34564  253.62412     1.9568    10.1484 -9.990e-29
 150.469994      4.824    15.6128  37.760656    29.8720      4.781  253.34357  253.62203     2.1280    10.1322 -9.990e-29
 150.469997      4.818    15.6126  37.760656    29.8722      4.775  253.34445  253.62290     2.0969    10.1161 -9.990e-29
 150.470000      4.822    15.6122  37.761088    29.8729      4.779  253.34526  253.62368     2.0346    10.1242 -9.990e-29
