seaocn-cb/data/ctd_cnv/SBE19plus_01907321_2024_05_22_Cast16.cnv
* Sea-Bird SBE19plus  Data File:
* FileName = E:\Prandtl_Daten\2024\CTD\raw\SBE19plus_01907321_2024_05_22_Cast16.hex
* Software version 2.6.1.12
* Temperature SN = 7321
* Conductivity SN = 7321
* System UpLoad Time = May 22 2024 12:33:28
* <ApplicationData>
* <Seaterm232>
** 20240522
** Sea Practical 2024
** MCat 22.05 CTD_M5
** NMEA Latitude = 53 059.11N
** NMEA Longitude = 008 23.09E
** waterdepth = 24.19m
** Arved
# nquan = 11
# nvalues = 729                         
# units = specified
# name 0 = timeJ: Julian Days
# name 1 = prdM: Pressure, Strain Gauge [db]
# name 2 = tv290C: Temperature [ITS-90, deg C]
# name 3 = c0mS/cm: Conductivity [mS/cm]
# name 4 = sal00: Salinity, Practical [PSU]
# name 5 = depSM: Depth [salt water, m], lat = 54.00
# name 6 = oxsatMm/Kg: Oxygen Saturation, Weiss [umol/kg]
# name 7 = oxsolMm/Kg: Oxygen Saturation, Garcia & Gordon [umol/kg]
# name 8 = turbWETntu0: Turbidity, WET Labs ECO [NTU]
# name 9 = flECO-AFL: Fluorescence, WET Labs ECO-AFL/FL [mg/m^3]
# name 10 = flag:  0.000e+00
# span 0 = 143.517269, 143.519375       
# span 1 =      0.577,     22.488       
# span 2 =    12.7737,    14.7957       
# span 3 =  36.534052,  37.826838       
# span 4 =    29.4148,    32.0725       
# span 5 =      0.572,     22.286       
# span 6 =  258.29353,  264.38771       
# span 7 =  258.53415,  264.48594       
# span 8 =    -4.7981,    59.2486       
# span 9 =     4.4752,     8.8342       
# span 10 = 0.0000e+00, 0.0000e+00      
# interval = seconds: 0.25
# start_time = May 22 2024 12:23:35 [Instrument's time stamp, header]
# bad_flag = -9.990e-29
*END*
[from data line 656]
 143.519167     20.855    12.8538  37.709078    32.0281     20.668  264.02084  264.12464    -4.2845     5.5185 -9.990e-29
 143.519170     20.873    12.8529  37.707536    32.0277     20.686  264.02680  264.13055    -4.2378     4.8513 -9.990e-29
 143.519172     20.891    12.8519  37.707042    32.0280     20.704  264.03134  264.13503    -4.4090     4.8553 -9.990e-29
 143.519175     20.903    12.8504  37.705747    32.0280     20.715  264.03954  264.14313    -4.2845     4.8593 -9.990e-29
 143.519178     20.921    12.8482  37.705747    32.0299     20.733  264.04830  264.15173    -4.3623     4.8674 -9.990e-29
 143.519181     20.941    12.8451  37.706303    32.0317     20.753  264.06198  264.16519    -4.0510     5.5751 -9.990e-29
 143.519184     20.968    12.8447  37.704883    32.0324     20.780  264.06304  264.16621    -4.0276     5.5751 0.0000e+00
 143.519187     21.001    12.8443  37.705624    32.0327     20.812  264.06410  264.16724    -4.0510     5.5751 0.0000e+00
 143.519190     21.047    12.8436  37.704637    32.0331     20.858  264.06840  264.17150    -4.2066     5.5751 0.0000e+00
 143.519193     21.092    12.8421  37.704020    32.0327     20.903  264.07543  264.17843    -4.3156     5.0696 0.0000e+00
 143.519196     21.138    12.8401  37.701553    32.0334     20.948  264.08767  264.19055    -4.3156     5.0615 0.0000e+00
 143.519198     21.185    12.8377  37.703096    32.0362     20.995  264.09433  264.19702    -4.3000     5.0615 0.0000e+00
 143.519201     21.227    12.8370  37.702911    32.0367     21.037  264.09747  264.20011    -4.2689     5.0676 0.0000e+00
 143.519204     21.260    12.8362  37.702417    32.0372     21.069  264.10061  264.20319    -4.3000     5.0737 -9.990e-29
 143.519207     21.280    12.8356  37.702232    32.0371     21.089  264.10437  264.20691    -4.5802     5.3931 -9.990e-29
 143.519210     21.295    12.8354  37.703096    32.0381     21.104  264.10344  264.20596    -4.7981     5.3931 -9.990e-29
 143.519213     21.308    12.8349  37.701924    32.0374     21.116  264.10747  264.20997    -4.6891     5.3729 -9.990e-29
 143.519216     21.319    12.8340  37.701554    32.0378     21.127  264.11180  264.21423    -4.6736     5.3608 -9.990e-29
 143.519219     21.341    12.8333  37.701678    32.0385     21.149  264.11442  264.21680    -4.3467     5.5993 -9.990e-29
 143.519222     21.364    12.8326  37.702233    32.0397     21.172  264.11571  264.21803    -4.2378     5.5751 -9.990e-29
 143.519225     21.397    12.8327  37.702418    32.0395     21.205  264.11582  264.21814    -4.3234     5.5831 0.0000e+00
 143.519227     21.437    12.8326  37.701987    32.0392     21.245  264.11593  264.21826    -4.2378     5.5912 0.0000e+00
 143.519230     21.477    12.8326  37.701678    32.0391     21.284  264.11734  264.21966    -4.2066     5.7368 0.0000e+00
 143.519233     21.517    12.8321  37.699580    32.0391     21.324  264.11833  264.22060    -4.1288     5.7368 0.0000e+00
 143.519236     21.561    12.8321  37.702604    32.0403     21.368  264.11833  264.22060    -4.1288     5.7692 0.0000e+00
 143.519239     21.607    12.8321  37.702666    32.0403     21.413  264.11741  264.21969    -4.1288     5.7287 0.0000e+00
 143.519242     21.643    12.8326  37.702172    32.0395     21.449  264.11660  264.21892    -4.5179     5.0696 0.0000e+00
 143.519245     21.678    12.8326  37.702419    32.0395     21.483  264.11660  264.21892    -4.5490     5.0373 0.0000e+00
 143.519248     21.705    12.8324  37.701988    32.0394     21.510  264.11753  264.21984    -4.5490     5.0332 0.0000e+00
 143.519251     21.731    12.8319  37.700754    32.0386     21.536  264.12168  264.22396    -4.5490     5.0332 0.0000e+00
 143.519253     21.764    12.8313  37.699335    32.0386     21.568  264.12672  264.22897    -4.4090     5.0615 0.0000e+00
 143.519256     21.793    12.8304  37.699828    32.0391     21.597  264.12955  264.23173    -4.3778     5.5144 0.0000e+00
 143.519259     21.824    12.8296  37.700446    32.0403     21.628  264.13160  264.23371    -4.4090     5.5144 0.0000e+00
 143.519262     21.853    12.8293  37.701001    32.0411     21.657  264.13178  264.23387    -4.3778     5.4982 0.0000e+00
 143.519265     21.879    12.8292  37.700878    32.0411     21.682  264.13218  264.23427    -4.3468     5.4982 0.0000e+00
 143.519268     21.906    12.8291  37.699829    32.0411     21.709  264.13258  264.23466    -4.2378     5.4982 -9.990e-29
 143.519271     21.930    12.8283  37.699336    32.0403     21.733  264.13869  264.24072    -4.0821     6.0037 -9.990e-29
 143.519274     21.955    12.8274  37.699644    32.0413     21.758  264.14156  264.24353    -3.8953     5.9228 -9.990e-29
 143.519277     21.984    12.8268  37.699583    32.0418     21.787  264.14423  264.24615    -3.9420     5.9673 -9.990e-29
 143.519280     22.008    12.8264  37.697793    32.0421     21.810  264.14557  264.24746    -4.5024     4.9483 -9.990e-29
 143.519282     22.034    12.8266  37.699645    32.0419     21.836  264.14479  264.24669    -4.4557     4.9665 0.0000e+00
 143.519285     22.063    12.8268  37.699583    32.0420     21.865  264.14400  264.24593    -4.5024     4.9847 0.0000e+00
 143.519288     22.090    12.8271  37.700324    32.0420     21.892  264.14174  264.24368    -4.4090     5.0090 0.0000e+00
 143.519291     22.131    12.8271  37.700262    32.0420     21.932  264.14174  264.24368    -4.1132     5.7045 0.0000e+00
 143.519294     22.172    12.8265  37.699152    32.0416     21.973  264.14625  264.24815    -4.0510     5.7166 0.0000e+00
 143.519297     22.211    12.8261  37.698041    32.0416     22.011  264.14823  264.25007    -4.0510     5.7125 0.0000e+00
 143.519300     22.258    12.8257  37.699831    32.0409     22.058  264.14990  264.25179    -4.1132     5.7125 0.0000e+00
 143.519303     22.304    12.8251  37.697116    32.0428     22.103  264.15478  264.25650    -4.1444     5.6762 0.0000e+00
 143.519306     22.342    12.8241  37.699831    32.0442     22.141  264.15500  264.25668    -4.1444     5.2637 0.0000e+00
 143.519308     22.380    12.8241  37.700695    32.0442     22.179  264.15500  264.25668    -4.1444     5.2354 0.0000e+00
 143.519311     22.411    12.8239  37.699400    32.0446     22.210  264.15530  264.25700    -4.3000     5.2496 0.0000e+00
 143.519314     22.446    12.8241  37.698721    32.0438     22.244  264.15559  264.25731    -4.1288     5.2354 -9.990e-29
 143.519317     22.466    12.8224  37.697796    32.0436     22.264  264.16491  264.26653    -4.2378     5.3041 -9.990e-29
 143.519320     22.477    12.8216  37.697796    32.0443     22.275  264.16803  264.26959    -4.4401     5.3284 -9.990e-29
 143.519323     22.471    12.8205  37.696253    32.0438     22.269  264.17523  264.27672    -4.3467     5.2961 -9.990e-29
 143.519326     22.468    12.8188  37.695945    32.0449     22.266  264.18226  264.28363    -4.4401     5.2961 -9.990e-29
 143.519329     22.469    12.8173  37.695390    32.0457     22.267  264.18915  264.29042    -4.0354     4.8876 -9.990e-29
 143.519332     22.467    12.8154  37.694094    32.0461     22.266  264.19903  264.30018    -4.0977     4.8674 -9.990e-29
 143.519334     22.471    12.8137  37.691627    32.0452     22.269  264.21012  264.31116    -4.0510     4.8715 -9.990e-29
 143.519337     22.467    12.8112  37.692182    32.0478     22.265  264.21874  264.31960    -4.0354     4.8391 -9.990e-29
 143.519340     22.462    12.8078  37.691381    32.0499     22.260  264.23369  264.33430    -2.6346     5.3122 -9.990e-29
 143.519343     22.455    12.8048  37.689407    32.0506     22.253  264.24898  264.34939    -2.7747     5.3122 -9.990e-29
 143.519346     22.448    12.8021  37.687618    32.0513     22.246  264.26282  264.36305    -2.6035     5.2920 -9.990e-29
 143.519349     22.438    12.7989  37.687371    32.0537     22.237  264.27567  264.37566    -2.7592     5.3486 -9.990e-29
 143.519352     22.429    12.7958  37.686323    32.0554     22.228  264.28991  264.38968    -2.6813     5.3203 -9.990e-29
 143.519355     22.429    12.7924  37.683670    32.0557     22.228  264.30781  264.40736    -4.1444     5.0939 -9.990e-29
 143.519358     22.433    12.7870  37.682499    32.0592     22.231  264.33102  264.43019    -4.0821     5.1505 -9.990e-29
 143.519361     22.435    12.7818  37.682561    32.0637     22.233  264.35180  264.45058    -4.0510     5.1060 -9.990e-29
 143.519363     22.444    12.7785  37.682006    32.0659     22.242  264.36548  264.46402    -4.0510     5.1181 -9.990e-29
 143.519366     22.456    12.7762  37.681698    32.0676     22.255  264.37534  264.47371    -3.5841     4.8715 -9.990e-29
 143.519369     22.473    12.7737  37.684598    32.0725     22.271  264.38016  264.47831    -3.4440     4.8472 -9.990e-29
 143.519372     22.482    12.7743  37.683920    32.0713     22.280  264.37881  264.47702    -3.5062     4.8634 -9.990e-29
 143.519375     22.488    12.7740  37.679478    32.0673     22.286  264.38771  264.48594    -3.6619     4.8715 -9.990e-29
