seaocn-cb/data/ctd_cnv/SBE19plus_01907321_2024_05_28_Cast90.cnv
* Sea-Bird SBE19plus  Data File:
* FileName = E:\Prandtl_Daten\2024\28052024\raw\SBE19plus_01907321_2024_05_28_Cast90.hex
* Software version 2.6.1.12
* Temperature SN = 7321
* Conductivity SN = 7321
* System UpLoad Time = May 28 2024 11:13:09
* <ApplicationData>
* <Seaterm232>
** 20240527
** Sea Practical 2024
** MCat 27.05 CTD_SP7
** NMEA Latitude = 54 8.29N
** NMEA Longitude = 008 20.58E
** waterdepth = 13.7m
** Isabelle
# nquan = 11
# nvalues = 459                         
# units = specified
# name 0 = timeJ: Julian Days
# name 1 = prdM: Pressure, Strain Gauge [db]
# name 2 = tv290C: Temperature [ITS-90, deg C]
# name 3 = c0mS/cm: Conductivity [mS/cm]
# name 4 = sal00: Salinity, Practical [PSU]
# name 5 = depSM: Depth [salt water, m], lat = 54.00
# name 6 = oxsatMm/Kg: Oxygen Saturation, Weiss [umol/kg]
# name 7 = oxsolMm/Kg: Oxygen Saturation, Garcia & Gordon [umol/kg]
# name 8 = turbWETntu0: Turbidity, WET Labs ECO [NTU]
# name 9 = flECO-AFL: Fluorescence, WET Labs ECO-AFL/FL [mg/m^3]
# name 10 = flag:  0.000e+00
# span 0 = 149.464317, 149.465642       
# span 1 =      0.172,     13.272       
# span 2 =    15.1105,    16.6300       
# span 3 =  37.095645,  37.788227       
# span 4 =    28.5628,    30.2774       
# span 5 =      0.171,     13.153       
# span 6 =  250.49914,  255.19298       
# span 7 =  250.83365,  255.44313       
# span 8 =    -4.1444,    24.2603       
# span 9 =     2.2027,     7.3785       
# span 10 = 0.0000e+00, 0.0000e+00      
# interval = seconds: 0.25
# start_time = May 28 2024 11:07:22 [Instrument's time stamp, header]
# bad_flag = -9.990e-29
*END*
[from data line 263]
 149.465078      8.320    15.4084  37.456794    29.7576      8.246  254.57577  254.84512    -3.8175     3.4158 0.0000e+00
 149.465081      8.379    15.4074  37.462580    29.7634      8.304  254.57329  254.84245    -3.7864     3.4238 0.0000e+00
 149.465084      8.429    15.4056  37.478706    29.7790      8.354  254.57329  254.84245    -2.6813     3.9050 0.0000e+00
 149.465087      8.472    15.4023  37.480739    29.7824      8.396  254.56616  254.83493    -2.6735     3.9131 0.0000e+00
 149.465090      8.499    15.3990  37.478708    29.7858      8.423  254.57710  254.84568    -2.6813     3.9050 -9.990e-29
 149.465093      8.512    15.3905  37.478647    29.7904      8.436  254.61240  254.88052    -2.6502     3.9172 -9.990e-29
 149.465095      8.518    15.3886  37.485973    29.7983      8.441  254.60845  254.87641    -0.9381     4.3660 -9.990e-29
 149.465098      8.521    15.3845  37.505798    29.8189      8.445  254.59315  254.86075    -0.9381     4.3862 -9.990e-29
 149.465101      8.525    15.3765  37.524828    29.8418      8.449  254.59404  254.86106    -0.8915     4.3822 -9.990e-29
 149.465104      8.542    15.3648  37.548420    29.8715      8.465  254.60166  254.86787    -0.9381     4.3781 -9.990e-29
 149.465107      8.562    15.3342  37.563763    29.9104      8.485  254.68927  254.95365    -1.4518     4.6976 -9.990e-29
 149.465110      8.595    15.3295  37.566167    29.9170      8.518  254.70216  254.96625    -1.5141     4.6855 0.0000e+00
 149.465113      8.633    15.3247  37.572823    29.9236      8.556  254.71506  254.97886    -1.4518     4.6814 0.0000e+00
 149.465116      8.673    15.3177  37.577261    29.9328      8.595  254.73460  254.99798    -1.4051     4.6814 0.0000e+00
 149.465119      8.717    15.3111  37.583363    29.9432      8.639  254.74980  255.01248    -0.9226     4.9240 0.0000e+00
 149.465122      8.761    15.3065  37.594519    29.9566      8.682  254.74980  255.01248    -0.9226     4.9240 0.0000e+00
 149.465124      8.791    15.3033  37.612457    29.9670      8.713  254.74813  255.01051    -0.9226     4.9160 0.0000e+00
 149.465127      8.817    15.3001  37.624541    29.9774      8.738  254.74640  255.00854    -0.9226     4.9079 -9.990e-29
 149.465130      8.837    15.2783  37.626824    30.0068      8.758  254.80643  255.06725    -0.8915     4.9038 -9.990e-29
 149.465133      8.853    15.2707  37.634964    30.0197      8.774  254.82220  255.08254     1.0852     5.9390 -9.990e-29
 149.465136      8.872    15.2577  37.637863    30.0370      8.792  254.85817  255.11772     1.0852     5.8945 -9.990e-29
 149.465139      8.897    15.2555  37.643290    30.0407      8.818  254.86332  255.12272     1.0697     5.9067 0.0000e+00
 149.465142      8.925    15.2532  37.647792    30.0445      8.845  254.86846  255.12771     1.0852     5.8945 0.0000e+00
 149.465145      8.956    15.2490  37.654392    30.0535      8.876  254.87235  255.13096     1.3498     5.4659 0.0000e+00
 149.465148      8.991    15.2441  37.667345    30.0688      8.910  254.87373  255.13271     1.3498     5.4618 0.0000e+00
 149.465150      9.027    15.2362  37.676722    30.0832      8.946  254.88762  255.14571     1.3498     5.4618 0.0000e+00
 149.465153      9.073    15.2273  37.679376    30.0923      8.992  254.91684  255.17441     1.3498     5.4618 0.0000e+00
 149.465156      9.114    15.2199  37.690605    30.1079      9.033  254.92745  255.18452     2.8906     5.5104 0.0000e+00
 149.465159      9.157    15.2128  37.694863    30.1171      9.075  254.94744  255.20408     2.8906     5.5104 0.0000e+00
 149.465162      9.187    15.2077  37.698813    30.1246      9.105  254.96059  255.21691     2.8906     5.4982 0.0000e+00
 149.465165      9.224    15.2026  37.703195    30.1324      9.142  254.97306  255.22906     2.8595     5.4982 0.0000e+00
 149.465168      9.255    15.1981  37.706528    30.1388      9.172  254.98483  255.24055     1.6611     5.6074 0.0000e+00
 149.465171      9.284    15.1940  37.711588    30.1464      9.201  254.99244  255.24789     1.5677     5.6398 0.0000e+00
 149.465174      9.310    15.1901  37.709182    30.1472      9.227  255.01079  255.26604     1.5677     5.6155 0.0000e+00
 149.465177      9.339    15.1879  37.711589    30.1511      9.256  255.01553  255.27063     1.5366     5.6357 0.0000e+00
 149.465179      9.367    15.1874  37.713194    30.1522      9.283  255.01619  255.27125     1.5599     5.6256 0.0000e+00
 149.465182      9.394    15.1869  37.715354    30.1533      9.310  255.01684  255.27187     1.5366     5.6357 -9.990e-29
 149.465185      9.416    15.1831  37.717576    30.1600      9.331  255.02405  255.27884     4.3692     5.7004 -9.990e-29
 149.465188      9.430    15.1804  37.719613    30.1639      9.346  255.03110  255.28572     4.4159     5.6964 -9.990e-29
 149.465191      9.446    15.1789  37.725724    30.1705      9.362  255.02743  255.28192     4.3381     5.7328 -9.990e-29
 149.465194      9.461    15.1774  37.727761    30.1735      9.376  255.02981  255.28420     5.0385     5.7085 -9.990e-29
 149.465197      9.481    15.1748  37.730785    30.1818      9.396  255.02870  255.28289     5.1475     5.7045 -9.990e-29
 149.465200      9.507    15.1734  37.734860    30.1846      9.421  255.03049  255.28459     5.0696     5.6904 0.0000e+00
 149.465203      9.536    15.1721  37.738934    30.1874      9.450  255.03228  255.28629     4.9918     5.7045 0.0000e+00
 149.465205      9.569    15.1677  37.739058    30.1909      9.483  255.04873  255.30249     4.5716     5.7489 0.0000e+00
 149.465208      9.603    15.1641  37.741713    30.1961      9.517  255.05832  255.31185     4.5093     5.7611 0.0000e+00
 149.465211      9.643    15.1613  37.744492    30.2007      9.557  255.06451  255.31786     4.5093     5.7651 0.0000e+00
 149.465214      9.683    15.1591  37.748566    30.2060      9.596  255.06664  255.31983     4.5871     5.7651 0.0000e+00
 149.465217      9.727    15.1572  37.747949    30.2069      9.640  255.07462  255.32772     5.5521     6.3474 0.0000e+00
 149.465220      9.780    15.1553  37.750111    30.2102      9.692  255.07828  255.33125     5.5521     6.3474 0.0000e+00
 149.465223      9.824    15.1529  37.753321    30.2150      9.736  255.08263  255.33544     5.5521     6.3353 0.0000e+00
 149.465226      9.864    15.1506  37.751655    30.2153      9.776  255.09377  255.34635     5.5833     6.3353 0.0000e+00
 149.465229      9.895    15.1499  37.755174    30.2174      9.807  255.09389  255.34652     5.6222     6.3434 0.0000e+00
 149.465231      9.921    15.1492  37.755236    30.2195      9.832  255.09377  255.34635     5.6611     6.3555 -9.990e-29
 149.465234      9.941    15.1461  37.757706    30.2241      9.852  255.10151  255.35390     5.9879     6.0927 -9.990e-29
 149.465237      9.961    15.1449  37.756533    30.2239      9.872  255.10772  255.36005     6.0191     6.1169 -9.990e-29
 149.465240      9.976    15.1434  37.758571    30.2269      9.887  255.11009  255.36232     5.8945     6.1048 -9.990e-29
 149.465243     10.001    15.1417  37.758386    30.2281      9.912  255.11710  255.36922     6.5015     5.8177 -9.990e-29
 149.465246     10.018    15.1387  37.760301    30.2341      9.928  255.12164  255.37357     6.5949     5.8460 -9.990e-29
 149.465249     10.047    15.1383  37.762585    30.2346      9.957  255.12248  255.37439     6.6027     5.8379 0.0000e+00
 149.465252     10.080    15.1380  37.763203    30.2351      9.989  255.12332  255.37521     6.5949     5.8460 0.0000e+00
 149.465255     10.129    15.1374  37.762833    30.2353     10.038  255.12621  255.37804     5.7856     5.8864 0.0000e+00
 149.465258     10.182    15.1374  37.763636    30.2362     10.091  255.12621  255.37804     5.7856     5.8945 0.0000e+00
 149.465260     10.226    15.1374  37.765118    30.2367     10.134  255.12419  255.37603     5.7856     5.9026 0.0000e+00
 149.465263     10.255    15.1376  37.764500    30.2371     10.163  255.12217  255.37402     5.7856     5.9188 -9.990e-29
 149.465266     10.268    15.1388  37.762524    30.2339     10.176  255.12158  255.37352     8.9762     5.8905 -9.990e-29
 149.465269     10.275    15.1385  37.760240    30.2321     10.183  255.12632  255.37825     8.9451     5.8945 -9.990e-29
 149.465272     10.270    15.1382  37.759869    30.2320     10.178  255.12806  255.37998     8.9762     5.8864 -9.990e-29
 149.465275     10.270    15.1374  37.762339    30.2348     10.178  255.12712  255.37898     8.9918     5.8864 -9.990e-29
 149.465278     10.281    15.1369  37.762772    30.2355     10.189  255.12820  255.38003     8.9918     5.8864 -9.990e-29
 149.465281     10.297    15.1362  37.761907    30.2338     10.205  255.13471  255.38651     7.9801     5.8056 -9.990e-29
 149.465284     10.335    15.1361  37.760302    30.2347     10.243  255.13391  255.38570     7.9879     5.8076 0.0000e+00
 149.465286     10.384    15.1359  37.762093    30.2340     10.291  255.13471  255.38651     7.9957     5.8096 0.0000e+00
 149.465289     10.445    15.1358  37.760117    30.2343     10.351  255.13618  255.38796     7.9957     5.8096 0.0000e+00
 149.465292     10.516    15.1358  37.760550    30.2343     10.422  255.13681  255.38859     7.2953     5.5751 0.0000e+00
 149.465295     10.591    15.1352  37.760735    30.2350     10.496  255.13668  255.38839     7.2953     5.5751 0.0000e+00
 149.465298     10.656    15.1349  37.762526    30.2368     10.561  255.13668  255.38839     7.3887     5.5791 0.0000e+00
 149.465301     10.711    15.1347  37.763761    30.2374     10.615  255.13646  255.38815     7.3965     5.5872 0.0000e+00
 149.465304     10.746    15.1345  37.763885    30.2381     10.650  255.13624  255.38792     7.3887     5.5953 -9.990e-29
 149.465307     10.757    15.1324  37.762342    30.2385     10.661  255.14635  255.39792     8.7272     6.0805 -9.990e-29
 149.465310     10.763    15.1321  37.763885    30.2401     10.666  255.14511  255.39665     8.7584     6.1007 -9.990e-29
 149.465313     10.755    15.1325  37.764873    30.2407     10.659  255.14211  255.39366     8.6961     6.0846 -9.990e-29
 149.465315     10.750    15.1330  37.765861    30.2411     10.654  255.13852  255.39010     8.9762     6.1007 -9.990e-29
 149.465318     10.753    15.1330  37.764750    30.2401     10.657  255.14026  255.39185    11.3264     5.9835 -9.990e-29
 149.465321     10.764    15.1312  37.766726    30.2456     10.668  255.13976  255.39121    11.1864     5.9430 -9.990e-29
 149.465324     10.790    15.1305  37.769381    30.2459     10.693  255.14326  255.39467    11.2253     5.9531 0.0000e+00
 149.465327     10.815    15.1297  37.768640    30.2462     10.718  255.14478  255.39606    11.2642     5.9430 0.0000e+00
 149.465330     10.852    15.1286  37.772531    30.2504     10.755  255.14647  255.39769    11.9957     5.9107 0.0000e+00
 149.465333     10.903    15.1277  37.773704    30.2522     10.805  255.14647  255.39769    11.9957     5.9107 0.0000e+00
 149.465336     10.945    15.1266  37.775187    30.2543     10.847  255.14826  255.39941    11.9957     5.9107 0.0000e+00
 149.465339     10.985    15.1253  37.775805    30.2558     10.887  255.15198  255.40305    11.9957     5.8864 0.0000e+00
 149.465341     11.016    15.1239  37.775805    30.2558     10.917  255.15754  255.40852     9.5833     5.7045 0.0000e+00
 149.465344     11.043    15.1227  37.773150    30.2569     10.945  255.16330  255.41419     9.5677     5.7045 0.0000e+00
 149.465347     11.076    15.1222  37.776052    30.2584     10.977  255.16330  255.41419     9.5521     5.7045 0.0000e+00
 149.465350     11.107    15.1222  37.776300    30.2584     11.008  255.16330  255.41419     9.5521     5.7085 0.0000e+00
 149.465353     11.151    15.1220  37.775373    30.2579     11.051  255.16528  255.41616     9.8634     6.1533 0.0000e+00
 149.465356     11.197    15.1220  37.774941    30.2579     11.096  255.16528  255.41616     9.9257     6.1573 0.0000e+00
 149.465359     11.244    15.1221  37.776053    30.2584     11.143  255.16399  255.41487    10.0502     6.1533 0.0000e+00
 149.465362     11.282    15.1222  37.776053    30.2584     11.181  255.16372  255.41461    10.0502     6.1614 0.0000e+00
 149.465365     11.326    15.1228  37.774942    30.2569     11.225  255.16315  255.41408    10.0502     6.1614 0.0000e+00
 149.465367     11.355    15.1234  37.774201    30.2560     11.254  255.16200  255.41297    10.0346     6.3555 0.0000e+00
 149.465370     11.385    15.1237  37.774942    30.2559     11.283  255.16041  255.41140    10.0346     6.3555 0.0000e+00
 149.465373     11.414    15.1239  37.777412    30.2560     11.312  255.15882  255.40982    10.0191     6.3555 -9.990e-29
 149.465376     11.423    15.1246  37.773645    30.2543     11.321  255.15854  255.40958     9.9724     6.3757 -9.990e-29
 149.465379     11.427    15.1247  37.776053    30.2564     11.325  255.15420  255.40523    12.1513     6.2382 -9.990e-29
 149.465382     11.427    15.1246  37.775374    30.2558     11.324  255.15555  255.40658    11.9801     6.2140 -9.990e-29
 149.465385     11.434    15.1245  37.774448    30.2551     11.332  255.15758  255.40861    11.9646     6.1937 -9.990e-29
 149.465388     11.450    15.1245  37.771607    30.2526     11.348  255.16203  255.41308    12.0113     6.2382 -9.990e-29
 149.465391     11.474    15.1243  37.773151    30.2545     11.371  255.15937  255.41039     9.7233     7.3704 -9.990e-29
 149.465394     11.505    15.1242  37.773707    30.2548     11.402  255.15967  255.41069     9.7389     7.3744 0.0000e+00
 149.465396     11.551    15.1240  37.774078    30.2545     11.447  255.15998  255.41099     9.7233     7.3785 0.0000e+00
 149.465399     11.602    15.1237  37.772781    30.2543     11.498  255.16407  255.41506     9.7545     7.3785 0.0000e+00
 149.465402     11.658    15.1237  37.771608    30.2533     11.554  255.16407  255.41506    11.1864     5.4538 0.0000e+00
 149.465405     11.713    15.1243  37.772349    30.2531     11.608  255.16191  255.41294    11.2642     5.4376 0.0000e+00
 149.465408     11.764    15.1248  37.772041    30.2532     11.659  255.16038  255.41145    11.3731     5.4376 0.0000e+00
 149.465411     11.815    15.1250  37.773029    30.2529     11.709  255.15904  255.41012    11.3809     5.4457 0.0000e+00
 149.465414     11.850    15.1251  37.771609    30.2532     11.744  255.15770  255.40878    11.3731     5.4538 -9.990e-29
 149.465417     11.871    15.1255  37.774079    30.2538     11.765  255.15464  255.40574    10.0191     5.3769 -9.990e-29
 149.465420     11.882    15.1257  37.773029    30.2527     11.776  255.15541  255.40653    10.0969     5.3608 -9.990e-29
 149.465422     11.888    15.1260  37.772535    30.2520     11.781  255.15502  255.40616    10.0813     5.3971 -9.990e-29
 149.465425     11.895    15.1263  37.771176    30.2507     11.788  255.15628  255.40743     9.9568     5.3769 -9.990e-29
 149.465428     11.904    15.1260  37.770497    30.2502     11.798  255.15822  255.40937    13.8634     5.5387 -9.990e-29
 149.465431     11.913    15.1262  37.768830    30.2486     11.807  255.16024  255.41141    13.8790     5.5791 -9.990e-29
 149.465434     11.928    15.1263  37.769386    30.2490     11.821  255.15880  255.40998    13.8012     5.5670 -9.990e-29
 149.465437     11.950    15.1258  37.772967    30.2543     11.843  255.15230  255.40340    16.5871     6.0199 -9.990e-29
 149.465440     11.986    15.1254  37.774882    30.2552     11.879  255.15266  255.40373    16.6027     6.0219 0.0000e+00
 149.465443     12.034    15.1250  37.776303    30.2561     11.926  255.15302  255.40407    16.6183     6.0239 0.0000e+00
 149.465446     12.087    15.1241  37.777229    30.2576     11.978  255.15510  255.40609    16.6183     6.0320 0.0000e+00
 149.465448     12.152    15.1228  37.778032    30.2594     12.043  255.15884  255.40975    16.5093     6.0320 0.0000e+00
 149.465451     12.220    15.1212  37.780935    30.2631     12.110  255.16017  255.41097    15.2798     5.8419 0.0000e+00
