seaocn-cb/data/ctd_cnv/SBE19plus_01907321_2024_05_26_Cast66.cnv
* Sea-Bird SBE19plus  Data File:
* FileName = E:\Prandtl_Daten\2024\26052024\raw\SBE19plus_01907321_2024_05_26_Cast66.hex
* Software version 2.6.1.12
* Temperature SN = 7321
* Conductivity SN = 7321
* System UpLoad Time = May 26 2024 14:39:10
* <ApplicationData>
* <Seaterm232>
** 20240526
** Sea Practical 2024
** MCat 26.05 CTD_SP1
** NMEA Latitude = 054 07.808N
** NMEA Longitude = 008 46.636E
** waterdepth =15.5 m
** Merle
# nquan = 11
# nvalues = 580                         
# units = specified
# name 0 = timeJ: Julian Days
# name 1 = prdM: Pressure, Strain Gauge [db]
# name 2 = tv290C: Temperature [ITS-90, deg C]
# name 3 = c0mS/cm: Conductivity [mS/cm]
# name 4 = sal00: Salinity, Practical [PSU]
# name 5 = depSM: Depth [salt water, m], lat = 54.00
# name 6 = oxsatMm/Kg: Oxygen Saturation, Weiss [umol/kg]
# name 7 = oxsolMm/Kg: Oxygen Saturation, Garcia & Gordon [umol/kg]
# name 8 = turbWETntu0: Turbidity, WET Labs ECO [NTU]
# name 9 = flECO-AFL: Fluorescence, WET Labs ECO-AFL/FL [mg/m^3]
# name 10 = flag:  0.000e+00
# span 0 = 147.606030, 147.607705       
# span 1 =      0.497,     14.111       
# span 2 =    17.2845,    18.2020       
# span 3 =  36.177226,  36.560634       
# span 4 =    27.0221,    27.3217       
# span 5 =      0.493,     13.984       
# span 6 =  245.54715,  249.44113       
# span 7 =  245.95388,  249.81093       
# span 8 =    -3.1483,     5.1008       
# span 9 =     3.0963,     9.0647       
# span 10 = 0.0000e+00, 0.0000e+00      
# interval = seconds: 0.25
# start_time = May 26 2024 14:31:27 [Instrument's time stamp, header]
# bad_flag = -9.990e-29
*END*
[from data line 525]
 147.607549     13.823    17.2888  36.178989    27.3166     13.700  249.42645  249.79641     0.2914     5.1060 0.0000e+00
 147.607552     13.862    17.2885  36.182085    27.3167     13.737  249.42775  249.79771     0.2914     5.1303 0.0000e+00
 147.607555     13.893    17.2885  36.181175    27.3171     13.768  249.42710  249.79706     0.2603     5.1323 0.0000e+00
 147.607558     13.922    17.2885  36.184513    27.3167     13.797  249.42775  249.79771     0.2292     5.1343 -9.990e-29
 147.607561     13.946    17.2890  36.183602    27.3185     13.821  249.42280  249.79277     1.8167     5.4618 -9.990e-29
 147.607564     13.967    17.2890  36.184695    27.3194     13.842  249.42126  249.79123     1.8634     5.5104 -9.990e-29
 147.607567     13.988    17.2895  36.183602    27.3181     13.862  249.42097  249.79096     1.8323     5.4901 -9.990e-29
 147.607569     14.002    17.2895  36.182935    27.3175     13.877  249.42161  249.79161     1.8167     5.4457 -9.990e-29
 147.607572     14.015    17.2893  36.182692    27.3175     13.889  249.42289  249.79288     3.3576     5.5387 -9.990e-29
 147.607575     14.029    17.2886  36.184027    27.3190     13.904  249.42348  249.79343     3.2175     5.5710 -9.990e-29
 147.607578     14.048    17.2882  36.182389    27.3179     13.922  249.42735  249.79729     3.1241     5.5589 -9.990e-29
 147.607581     14.073    17.2877  36.181843    27.3178     13.947  249.42999  249.79991     3.3420     5.5508 -9.990e-29
 147.607584     14.086    17.2876  36.181418    27.3175     13.960  249.43090  249.80082     4.9607     6.0927 -9.990e-29
 147.607587     14.086    17.2872  36.183178    27.3192     13.960  249.42996  249.79985     4.9140     6.0684 -9.990e-29
 147.607590     14.090    17.2865  36.182693    27.3193     13.963  249.43312  249.80298     5.0229     6.0684 -9.990e-29
 147.607593     14.093    17.2859  36.180508    27.3179     13.967  249.43868  249.80853     5.1008     6.1048 -9.990e-29
 147.607595     14.088    17.2854  36.181297    27.3189     13.961  249.43941  249.80924     2.7661     5.9228 -9.990e-29
 147.607598     14.086    17.2852  36.183846    27.3211     13.960  249.43643  249.80623     2.8906     5.9673 -9.990e-29
 147.607601     14.084    17.2854  36.182086    27.3196     13.958  249.43830  249.80812     2.8595     5.9552 -9.990e-29
 147.607604     14.080    17.2855  36.183178    27.3204     13.954  249.43613  249.80595     2.7350     5.9794 -9.990e-29
 147.607607     14.079    17.2854  36.181843    27.3194     13.952  249.43864  249.80846     2.7506     5.6317 -9.990e-29
 147.607610     14.079    17.2850  36.181176    27.3191     13.952  249.44113  249.81093     2.7506     5.6600 -9.990e-29
 147.607613     14.080    17.2850  36.181722    27.3195     13.954  249.44035  249.81016     2.8284     5.6195 -9.990e-29
 147.607616     14.084    17.2847  36.182268    27.3202     13.958  249.44051  249.81030     2.7973     5.5993 -9.990e-29
 147.607619     14.088    17.2845  36.182936    27.3208     13.961  249.44019  249.80996     2.7817     5.6317 -9.990e-29
 147.607622     14.099    17.2851  36.183178    27.3206     13.972  249.43769  249.80749     2.0813     5.4780 -9.990e-29
 147.607624     14.102    17.2853  36.182693    27.3201     13.976  249.43776  249.80757     1.9879     5.4942 -9.990e-29
 147.607627     14.104    17.2858  36.184938    27.3217     13.978  249.43273  249.80255     2.0346     5.5144 -9.990e-29
 147.607630     14.100    17.2863  36.184271    27.3208     13.974  249.43182  249.80167     1.9879     5.4861 -9.990e-29
 147.607633     14.100    17.2863  36.182086    27.3189     13.974  249.43491  249.80477     2.0035     5.5670 -9.990e-29
 147.607636     14.095    17.2862  36.181418    27.3184     13.969  249.43616  249.80602     1.9568     5.5548 -9.990e-29
 147.607639     14.089    17.2860  36.180265    27.3176     13.963  249.43871  249.80857     2.0191     5.5225 -9.990e-29
 147.607642     14.078    17.2859  36.183360    27.3203     13.952  249.43464  249.80447     2.1280     5.5670 -9.990e-29
 147.607645     14.077    17.2857  36.181843    27.3191     13.950  249.43740  249.80724     2.0502     5.7328 -9.990e-29
 147.607648     14.071    17.2857  36.182996    27.3201     13.945  249.43577  249.80560     2.0969     5.7328 -9.990e-29
 147.607650     14.066    17.2855  36.184028    27.3211     13.940  249.43523  249.80504     2.0969     5.7651 -9.990e-29
 147.607653     14.066    17.2855  36.183178    27.3204     13.939  249.43612  249.80595     2.0035     5.7570 -9.990e-29
 147.607656     14.071    17.2864  36.182935    27.3196     13.945  249.43338  249.80324     3.6066     5.8905 -9.990e-29
 147.607659     14.073    17.2868  36.180933    27.3176     13.947  249.43467  249.80456     3.6689     5.8945 -9.990e-29
 147.607662     14.080    17.2869  36.183360    27.3196     13.954  249.43093  249.80081     3.5599     5.9026 -9.990e-29
 147.607665     14.087    17.2872  36.185363    27.3211     13.961  249.42687  249.79675     3.5599     5.8945 -9.990e-29
 147.607668     14.084    17.2874  36.181722    27.3179     13.958  249.43140  249.80131     3.5288     5.8864 -9.990e-29
 147.607671     14.084    17.2871  36.183846    27.3199     13.958  249.42932  249.79921     3.1241     6.0967 -9.990e-29
 147.607674     14.078    17.2870  36.183360    27.3195     13.952  249.43031  249.80020     3.0463     6.0684 -9.990e-29
 147.607677     14.080    17.2872  36.182510    27.3187     13.954  249.43090  249.80080     3.0930     6.0927 -9.990e-29
 147.607679     14.078    17.2872  36.182510    27.3187     13.952  249.43090  249.80080     3.0152     6.0805 -9.990e-29
 147.607682     14.075    17.2870  36.182510    27.3189     13.948  249.43182  249.80171     1.2875     5.6883 -9.990e-29
 147.607685     14.076    17.2861  36.181964    27.3190     13.950  249.43568  249.80554     1.3031     5.7045 -9.990e-29
 147.607688     14.080    17.2856  36.183603    27.3207     13.954  249.43522  249.80504     1.2253     5.7206 -9.990e-29
 147.607691     14.087    17.2859  36.183178    27.3201     13.961  249.43490  249.80474     1.3187     5.7125 -9.990e-29
 147.607694     14.098    17.2863  36.184513    27.3210     13.972  249.43147  249.80132     0.0891     5.5589 -9.990e-29
 147.607697     14.104    17.2862  36.181843    27.3188     13.977  249.43556  249.80542    -0.0199     5.5548 -9.990e-29
 147.607700     14.109    17.2858  36.181176    27.3185     13.983  249.43805  249.80790     0.0580     5.5387 -9.990e-29
 147.607703     14.109    17.2855  36.181540    27.3190     13.983  249.43877  249.80860     0.1202     5.5751 -9.990e-29
 147.607705     14.111    17.2855  36.181843    27.3193     13.984  249.43834  249.80817     0.2759     4.9160 -9.990e-29
