seaocn-cb/data/ctd_cnv/SBE19plus_01907321_2024_05_28_Cast97.cnv
* Sea-Bird SBE19plus  Data File:
* FileName = E:\Prandtl_Daten\2024\28052024\raw\SBE19plus_01907321_2024_05_28_Cast97.hex
* Software version 2.6.1.12
* Temperature SN = 7321
* Conductivity SN = 7321
* System UpLoad Time = May 28 2024 13:02:18
* <ApplicationData>
* <Seaterm232>
** 20240527
** Sea Practical 2024
** MCat 27.05 CTD_SP7
** NMEA Latitude = 54 8.36N
** NMEA Longitude = 008 20.85E
** waterdepth = 14.4m
** Isabelle
# nquan = 11
# nvalues = 533                         
# units = specified
# name 0 = timeJ: Julian Days
# name 1 = prdM: Pressure, Strain Gauge [db]
# name 2 = tv290C: Temperature [ITS-90, deg C]
# name 3 = c0mS/cm: Conductivity [mS/cm]
# name 4 = sal00: Salinity, Practical [PSU]
# name 5 = depSM: Depth [salt water, m], lat = 54.00
# name 6 = oxsatMm/Kg: Oxygen Saturation, Weiss [umol/kg]
# name 7 = oxsolMm/Kg: Oxygen Saturation, Garcia & Gordon [umol/kg]
# name 8 = turbWETntu0: Turbidity, WET Labs ECO [NTU]
# name 9 = flECO-AFL: Fluorescence, WET Labs ECO-AFL/FL [mg/m^3]
# name 10 = flag:  0.000e+00
# span 0 = 149.539606, 149.541146       
# span 1 =      0.555,     14.020       
# span 2 =    14.8581,    17.3005       
# span 3 =  37.163927,  37.963521       
# span 4 =    28.4729,    30.6304       
# span 5 =      0.550,     13.894       
# span 6 =  247.36498,  255.87378       
# span 7 =  247.72830,  256.10791       
# span 8 =    -4.5802,     5.6922       
# span 9 =     1.5557,     7.7869       
# span 10 = 0.0000e+00, 0.0000e+00      
# interval = seconds: 0.25
# start_time = May 28 2024 12:55:50 [Instrument's time stamp, header]
# bad_flag = -9.990e-29
*END*
[from data line 132]
 149.539988      4.077    15.6005  37.451709    29.6100      4.041  253.86098  254.14081    -4.0821     5.4254 0.0000e+00
 149.539991      4.138    15.5902  37.451280    29.6173      4.101  253.90032  254.17958    -4.0510     5.4335 0.0000e+00
 149.539994      4.189    15.5828  37.452881    29.6243      4.152  253.92592  254.20477    -4.0510     5.4335 0.0000e+00
 149.539997      4.222    15.5787  37.454544    29.6281      4.184  253.94014  254.21876    -4.0510     5.4375 0.0000e+00
 149.540000      4.251    15.5745  37.454729    29.6319      4.213  253.95436  254.23275    -4.0821     5.4416 -9.990e-29
 149.540003      4.273    15.5617  37.451899    29.6392      4.234  254.00650  254.28421    -3.8487     5.1100 -9.990e-29
 149.540006      4.284    15.5552  37.455162    29.6469      4.245  254.02598  254.30331    -3.8798     5.0939 -9.990e-29
 149.540009      4.295    15.5483  37.455224    29.6522      4.256  254.05183  254.32878    -3.8020     5.1303 -9.990e-29
 149.540012      4.309    15.5426  37.454733    29.6560      4.270  254.07411  254.35075    -3.7397     5.1262 -9.990e-29
 149.540014      4.325    15.5313  37.456333    29.6667      4.287  254.11270  254.38871    -3.7553     5.7045 -9.990e-29
 149.540017      4.351    15.5282  37.457257    29.6695      4.312  254.12354  254.39939    -3.7786     5.6944 0.0000e+00
 149.540020      4.378    15.5251  37.458304    29.6723      4.339  254.13439  254.41006    -3.8020     5.7045 0.0000e+00
 149.540023      4.426    15.5196  37.460890    29.6787      4.386  254.15137  254.42672    -3.8175     5.7125 0.0000e+00
 149.540026      4.482    15.5163  37.461999    29.6821      4.442  254.16178  254.43695    -3.8175     5.8622 0.0000e+00
 149.540029      4.533    15.5139  37.467600    29.6863      4.493  254.16634  254.44136    -3.8254     5.8743 0.0000e+00
 149.540032      4.566    15.5116  37.474064    29.6906      4.525  254.17090  254.44577    -3.8020     5.8622 -9.990e-29
 149.540035      4.581    15.4989  37.477943    29.7093      4.540  254.20306  254.47715    -3.6619     5.9188 -9.990e-29
 149.540038      4.588    15.4853  37.480222    29.7215      4.547  254.25049  254.52383    -4.1132     6.4161 -9.990e-29
 149.540041      4.580    15.4742  37.477946    29.7279      4.540  254.29578  254.56852    -4.0510     6.4081 -9.990e-29
 149.540043      4.579    15.4690  37.485949    29.7389      4.538  254.30320  254.57560    -4.0510     6.4081 -9.990e-29
 149.540046      4.575    15.4628  37.490136    29.7472      4.534  254.32000  254.59203    -4.0977     6.3838 -9.990e-29
 149.540049      4.579    15.4534  37.504175    29.7668      4.538  254.33401  254.60542    -4.0043     6.4040 -9.990e-29
 149.540052      4.603    15.4274  37.515199    29.8042      4.561  254.40056  254.67040    -3.5374     5.6559 -9.990e-29
 149.540055      4.641    15.4197  37.524376    29.8199      4.600  254.41224  254.68158    -3.4752     5.6498 0.0000e+00
 149.540058      4.690    15.4120  37.546799    29.8356      4.648  254.42392  254.69276    -3.5374     5.6438 0.0000e+00
 149.540061      4.754    15.3922  37.555180    29.8580      4.711  254.48562  254.75330    -3.5685     5.6438 0.0000e+00
 149.540064      4.809    15.3758  37.559433    29.8742      4.766  254.54102  254.80775    -4.0043     6.2787 0.0000e+00
 149.540067      4.854    15.3707  37.564856    29.8805      4.811  254.55592  254.82235    -4.0121     6.2867 0.0000e+00
 149.540069      4.881    15.3656  37.575394    29.8867      4.838  254.57082  254.83695    -4.0199     6.2787 -9.990e-29
 149.540072      4.898    15.3446  37.576320    29.9128      4.854  254.63232  254.89721    -4.0666     6.3110 -9.990e-29
 149.540075      4.905    15.3335  37.580203    29.9247      4.861  254.66825  254.93248    -4.3000     5.9713 -9.990e-29
 149.540078      4.903    15.3249  37.591113    29.9409      4.860  254.68362  254.94730    -4.3467     5.9673 -9.990e-29
 149.540081      4.907    15.3142  37.595428    29.9529      4.863  254.71709  254.98014    -4.2845     5.9592 -9.990e-29
 149.540084      4.918    15.2951  37.599682    29.9781      4.874  254.77056  255.03245    -4.3156     5.7894 -9.990e-29
 149.540087      4.949    15.2908  37.607450    29.9821      4.905  254.78519  255.04683    -4.2611     5.7631 0.0000e+00
 149.540090      4.985    15.2866  37.609177    29.9861      4.941  254.79982  255.06122    -4.2378     5.7570 0.0000e+00
 149.540093      5.033    15.2810  37.621076    30.0009      4.988  254.80249  255.06349    -4.2378     5.7570 0.0000e+00
 149.540095      5.084    15.2720  37.632730    30.0181      5.039  254.81840  255.07881    -4.3311     5.7570 0.0000e+00
 149.540098      5.133    15.2583  37.638898    30.0340      5.087  254.86064  255.12024    -4.3311     5.7611 0.0000e+00
 149.540101      5.175    15.2470  37.635817    30.0400      5.129  254.90816  255.16713    -4.0666     7.3826 0.0000e+00
 149.540104      5.208    15.2446  37.640935    30.0441      5.161  254.91326  255.17208    -4.0433     7.3866 0.0000e+00
 149.540107      5.235    15.2421  37.649323    30.0482      5.189  254.91836  255.17703    -4.0666     7.3826 -9.990e-29
 149.540110      5.254    15.2252  37.652038    30.0710      5.207  254.96517  255.22280    -4.0666     7.3583 -9.990e-29
 149.540113      5.274    15.2173  37.651484    30.0765      5.227  254.99557  255.25276    -4.0199     5.5670 -9.990e-29
 149.540116      5.288    15.2132  37.659008    30.0864      5.241  254.99937  255.25627    -4.1288     5.5993 -9.990e-29
 149.540119      5.301    15.2074  37.660798    30.0924      5.253  255.01851  255.27506    -4.0977     5.5953 -9.990e-29
 149.540122      5.321    15.2017  37.667213    30.1024      5.274  255.02987  255.28606    -4.0354     5.5751 -9.990e-29
 149.540124      5.341    15.1971  37.675911    30.1137      5.293  255.03387  255.28973    -4.2845     5.7894 -9.990e-29
 149.540127      5.356    15.1899  37.677578    30.1207      5.308  255.05844  255.31389    -4.3311     5.7489 -9.990e-29
 149.540130      5.376    15.1820  37.683069    30.1317      5.328  255.07969  255.33464    -4.3311     5.7732 -9.990e-29
 149.540133      5.394    15.1748  37.686402    30.1402      5.346  255.10166  255.35618    -4.2845     5.7732 -9.990e-29
 149.540136      5.412    15.1714  37.692078    30.1478      5.364  255.10538  255.35967    -3.5996     5.9471 -9.990e-29
 149.540139      5.429    15.1694  37.693066    30.1502      5.380  255.11173  255.36589    -3.5841     5.9956 -9.990e-29
 149.540142      5.454    15.1630  37.697200    30.1641      5.405  255.11992  255.37365    -3.4907     5.9713 -9.990e-29
 149.540145      5.489    15.1616  37.703186    30.1651      5.440  255.12547  255.37912    -3.5685     5.9693 0.0000e+00
 149.540148      5.524    15.1601  37.703001    30.1661      5.474  255.13103  255.38459    -3.6463     5.9673 0.0000e+00
 149.540150      5.560    15.1582  37.706766    30.1710      5.510  255.13247  255.38590    -3.9887     5.5993 0.0000e+00
 149.540153      5.595    15.1553  37.712012    30.1778      5.545  255.13511  255.38834    -4.0354     5.5791 0.0000e+00
 149.540156      5.637    15.1493  37.715345    30.1854      5.586  255.15269  255.40555    -4.0354     5.5589 0.0000e+00
 149.540159      5.677    15.1435  37.718000    30.1922      5.626  255.17044  255.42295    -4.0354     5.5468 0.0000e+00
 149.540162      5.726    15.1389  37.723864    30.2010      5.675  255.17882  255.43102    -4.2689     5.5306 0.0000e+00
 149.540165      5.763    15.1369  37.726210    30.2036      5.711  255.18429  255.43637    -4.3312     5.5184 0.0000e+00
 149.540168      5.794    15.1350  37.727074    30.2061      5.742  255.18976  255.44172    -4.3934     5.5306 -9.990e-29
 149.540171      5.814    15.1279  37.728865    30.2139      5.762  255.21246  255.46400    -4.3000     5.5063 -9.990e-29
 149.540174      5.828    15.1257  37.729420    30.2161      5.776  255.21976  255.47117    -4.3156     5.1262 -9.990e-29
 149.540177      5.832    15.1219  37.734606    30.2236      5.780  255.22595  255.47710    -4.2845     5.1222 -9.990e-29
 149.540179      5.834    15.1169  37.734483    30.2274      5.782  255.24508  255.49595    -4.3467     5.1303 -9.990e-29
 149.540182      5.843    15.1141  37.733311    30.2285      5.791  255.25770  255.50841    -4.2689     5.0817 -9.990e-29
 149.540185      5.852    15.1126  37.740286    30.2359      5.800  255.25235  255.50292    -4.3778     5.5993 -9.990e-29
 149.540188      5.868    15.1119  37.744793    30.2404      5.816  255.24794  255.49844    -4.4712     5.5629 -9.990e-29
 149.540191      5.885    15.1087  37.743064    30.2428      5.832  255.26001  255.51033    -4.3156     5.5387 -9.990e-29
 149.540194      5.920    15.1074  37.744731    30.2454      5.867  255.26213  255.51236    -4.3156     5.5427 0.0000e+00
 149.540197      5.962    15.1061  37.748374    30.2480      5.908  255.26425  255.51439    -4.3156     5.5387 0.0000e+00
 149.540200      6.013    15.1035  37.752326    30.2535      5.959  255.26771  255.51768    -4.3156     5.3163 0.0000e+00
 149.540203      6.058    15.1003  37.754549    30.2580      6.004  255.27650  255.52626    -4.2845     5.3041 0.0000e+00
 149.540205      6.109    15.0969  37.752574    30.2588      6.055  255.29243  255.54202    -4.3311     5.3041 0.0000e+00
 149.540208      6.151    15.0944  37.751895    30.2602      6.096  255.30313  255.55257    -4.2845     5.3284 0.0000e+00
 149.540211      6.184    15.0932  37.757699    30.2637      6.129  255.30326  255.55261    -4.1600     5.4254 0.0000e+00
 149.540214      6.213    15.0919  37.754304    30.2672      6.158  255.30339  255.55265    -3.8487     5.5225 -9.990e-29
 149.540217      6.235    15.0859  37.758750    30.2728      6.179  255.32420  255.57311    -3.8798     5.5144 -9.990e-29
 149.540220      6.255    15.0839  37.759800    30.2753      6.199  255.33043  255.57921    -3.9420     5.5225 -9.990e-29
 149.540223      6.271    15.0823  37.761652    30.2781      6.215  255.33336  255.58204    -3.8331     5.5832 -9.990e-29
 149.540226      6.290    15.0812  37.763011    30.2802      6.233  255.33562  255.58422    -3.8487     5.5710 -9.990e-29
 149.540229      6.304    15.0797  37.762517    30.2809      6.248  255.34193  255.59045    -3.7708     5.5670 -9.990e-29
 149.540231      6.324    15.0777  37.764185    30.2840      6.268  255.34690  255.59529    -3.7397     5.5832 -9.990e-29
 149.540234      6.345    15.0761  37.765420    30.2862      6.288  255.35080  255.59909    -3.3817     5.5670 -9.990e-29
 149.540237      6.361    15.0752  37.767211    30.2886      6.304  255.35150  255.59973    -3.5841     5.5468 -9.990e-29
 149.540240      6.383    15.0744  37.771163    30.2927      6.326  255.34853  255.59668    -3.5374     5.5993 -9.990e-29
 149.540243      6.405    15.0721  37.774930    30.2978      6.348  255.35109  255.59908    -3.5062     5.5670 -9.990e-29
 149.540246      6.425    15.0703  37.776042    30.3002      6.367  255.35634  255.60422    -3.6308     5.5953 -9.990e-29
 149.540249      6.445    15.0697  37.776474    30.3011      6.387  255.35801  255.60585    -3.7864     6.2342 -9.990e-29
 149.540252      6.461    15.0691  37.777895    30.3045      6.404  255.35485  255.60263    -3.8020     6.2342 -9.990e-29
 149.540255      6.487    15.0692  37.779809    30.3044      6.429  255.35462  255.60240    -3.7709     6.2281 0.0000e+00
 149.540258      6.514    15.0691  37.779748    30.3045      6.456  255.35438  255.60217    -3.8020     6.2220 0.0000e+00
 149.540260      6.551    15.0691  37.783577    30.3064      6.492  255.35298  255.60073    -3.9732     5.7085 0.0000e+00
 149.540263      6.585    15.0688  37.781786    30.3078      6.527  255.34972  255.59741    -4.0977     5.7085 0.0000e+00
 149.540266      6.622    15.0681  37.785554    30.3103      6.563  255.35298  255.60073    -4.0821     5.7085 0.0000e+00
 149.540269      6.662    15.0643  37.787345    30.3149      6.603  255.36149  255.60894    -4.0821     5.7166 0.0000e+00
 149.540272      6.702    15.0603  37.792781    30.3191      6.642  255.36783  255.61502    -3.3506     5.8419 0.0000e+00
 149.540275      6.739    15.0583  37.786914    30.3228      6.678  255.37922  255.62623    -3.3506     5.8419 0.0000e+00
 149.540278      6.777    15.0572  37.792967    30.3253      6.716  255.38461  255.63172    -3.3039     5.8419 0.0000e+00
 149.540281      6.813    15.0566  37.791979    30.3254      6.752  255.38248  255.62945    -3.3429     5.8339 0.0000e+00
 149.540284      6.841    15.0559  37.795994    30.3254      6.780  255.38574  255.63267    -3.2728     5.8419 -9.990e-29
 149.540286      6.863    15.0528  37.796674    30.3320      6.801  255.39004  255.63677    -3.9109     5.5629 -9.990e-29
 149.540289      6.886    15.0511  37.800874    30.3370      6.825  255.38988  255.63647    -3.8953     5.5993 -9.990e-29
 149.540292      6.905    15.0479  37.798342    30.3373      6.843  255.40607  255.65249    -3.9109     5.5872 -9.990e-29
 149.540295      6.927    15.0445  37.803779    30.3448      6.865  255.41035  255.65654    -3.9265     5.5589 -9.990e-29
 149.540298      6.939    15.0424  37.805756    30.3481      6.877  255.41511  255.66116    -3.7708     5.4901 -9.990e-29
 149.540301      6.954    15.0411  37.803964    30.3475      6.892  255.42287  255.66886    -3.8487     5.5063 -9.990e-29
 149.540304      6.970    15.0399  37.806930    30.3511      6.908  255.42288  255.66878    -3.8642     5.4982 -9.990e-29
 149.540307      6.983    15.0387  37.807115    30.3522      6.921  255.42696  255.67279    -3.8642     5.5104 -9.990e-29
 149.540310      7.005    15.0377  37.803965    30.3556      6.942  255.42660  255.67235    -3.6619     5.8419 -9.990e-29
 149.540313      7.031    15.0376  37.809957    30.3561      6.968  255.42618  255.67192    -3.6230     5.8460 0.0000e+00
 149.540315      7.062    15.0375  37.810884    30.3565      6.998  255.42575  255.67148    -3.5841     5.8460 0.0000e+00
 149.540318      7.094    15.0368  37.816444    30.3612      7.031  255.42415  255.66977    -3.5374     5.8460 0.0000e+00
 149.540321      7.129    15.0362  37.815085    30.3620      7.065  255.42272  255.66825    -3.5374     5.5589 0.0000e+00
 149.540324      7.167    15.0350  37.818793    30.3654      7.103  255.42415  255.66977    -3.5996     5.5589 0.0000e+00
 149.540327      7.206    15.0320  37.822376    30.3709      7.141  255.42845  255.67378    -3.5996     5.5629 0.0000e+00
 149.540330      7.237    15.0299  37.823736    30.3731      7.172  255.43524  255.68044    -3.6074     5.5710 0.0000e+00
 149.540333      7.264    15.0279  37.822995    30.3754      7.199  255.44203  255.68711    -3.5685     5.5629 -9.990e-29
 149.540336      7.284    15.0238  37.831275    30.3853      7.219  255.44563  255.69042    -3.5841     6.3555 -9.990e-29
 149.540339      7.306    15.0212  37.829484    30.3857      7.241  255.45833  255.70298    -3.5062     6.3353 -9.990e-29
 149.540341      7.325    15.0192  37.832141    30.3896      7.259  255.46144  255.70595    -3.5529     6.3555 -9.990e-29
 149.540344      7.341    15.0182  37.834366    30.3923      7.275  255.46173  255.70617    -3.5218     6.3231 -9.990e-29
 149.540347      7.359    15.0148  37.837023    30.3944      7.293  255.47589  255.72014    -3.3506     6.1533 -9.990e-29
 149.540350      7.385    15.0144  37.833686    30.3966      7.319  255.47425  255.71846    -3.3350     6.1533 0.0000e+00
 149.540353      7.412    15.0139  37.837827    30.3987      7.346  255.47261  255.71677    -3.3506     6.1533 0.0000e+00
 149.540356      7.458    15.0129  37.841041    30.4024      7.391  255.47137  255.71545    -3.3350     6.1533 0.0000e+00
 149.540359      7.511    15.0116  37.845058    30.4070      7.444  255.47137  255.71545    -3.3350     6.1007 0.0000e+00
 149.540362      7.554    15.0079  37.844379    30.4092      7.487  255.48506  255.72883    -3.3350     6.0927 0.0000e+00
