seaocn-cb/data/ctd_cnv/SBE19plus_01907321_2024_05_29_Cast104.cnv
* Sea-Bird SBE19plus  Data File:
* FileName = E:\Prandtl_Daten\2024\29052024\raw\SBE19plus_01907321_2024_05_29_Cast104.hex
* Software version 2.6.1.12
* Temperature SN = 7321
* Conductivity SN = 7321
* System UpLoad Time = May 29 2024 09:30:12
* <ApplicationData>
* <Seaterm232>
** 20240527
** Sea Practical 2024
** MCat 27.05 CTD_SP1
** NMEA Latitude = 54 06.90N
** NMEA Longitude = 008 34.62E
** waterdepth = 13.4m
** Isabelle
# nquan = 11
# nvalues = 439                         
# units = specified
# name 0 = timeJ: Julian Days
# name 1 = prdM: Pressure, Strain Gauge [db]
# name 2 = tv290C: Temperature [ITS-90, deg C]
# name 3 = c0mS/cm: Conductivity [mS/cm]
# name 4 = sal00: Salinity, Practical [PSU]
# name 5 = depSM: Depth [salt water, m], lat = 54.00
# name 6 = oxsatMm/Kg: Oxygen Saturation, Weiss [umol/kg]
# name 7 = oxsolMm/Kg: Oxygen Saturation, Garcia & Gordon [umol/kg]
# name 8 = turbWETntu0: Turbidity, WET Labs ECO [NTU]
# name 9 = flECO-AFL: Fluorescence, WET Labs ECO-AFL/FL [mg/m^3]
# name 10 = flag:  0.000e+00
# span 0 = 150.391256, 150.392523       
# span 1 =      0.690,     12.455       
# span 2 =    17.0186,    17.2443       
# span 3 =  35.971522,  36.110041       
# span 4 =    27.1793,    27.4398       
# span 5 =      0.684,     12.343       
# span 6 =  249.86153,  250.53441       
# span 7 =  250.23045,  250.89262       
# span 8 =     0.8206,     7.0930       
# span 9 =     4.5520,     6.6345       
# span 10 = 0.0000e+00, 0.0000e+00      
# interval = seconds: 0.25
# start_time = May 29 2024 09:21:58 [Instrument's time stamp, header]
# bad_flag = -9.990e-29
*END*
[from data line 394]
 150.392396     11.165    17.0789  36.085413    27.3789     11.065  250.34327  250.70433     4.7506     5.8339 0.0000e+00
 150.392399     11.209    17.0755  36.085656    27.3813     11.108  250.35591  250.71682     4.6961     5.8217 0.0000e+00
 150.392402     11.265    17.0705  36.089355    27.3877     11.164  250.36917  250.72983     4.8050     5.8298 0.0000e+00
 150.392405     11.325    17.0659  36.090690    27.3920     11.224  250.38457  250.74502     4.8050     5.8298 0.0000e+00
 150.392407     11.384    17.0607  36.092267    27.3968     11.282  250.40178  250.76198     4.8050     6.0239 0.0000e+00
 150.392410     11.431    17.0591  36.090934    27.3973     11.329  250.40876  250.76889     4.8050     6.0259 0.0000e+00
 150.392413     11.462    17.0575  36.091601    27.3978     11.360  250.41574  250.77581     4.7584     6.0239 -9.990e-29
 150.392416     11.481    17.0548  36.090934    27.3996     11.378  250.42564  250.78558     4.7895     6.0360 -9.990e-29
 150.392419     11.484    17.0543  36.092026    27.4009     11.381  250.42624  250.78615     4.9607     6.0158 -9.990e-29
 150.392422     11.488    17.0539  36.091783    27.4009     11.385  250.42782  250.78772     4.9451     6.0320 -9.990e-29
 150.392425     11.491    17.0534  36.092693    27.4020     11.389  250.42837  250.78824     5.0385     6.0522 -9.990e-29
 150.392428     11.513    17.0526  36.093360    27.4032     11.410  250.43051  250.79034     5.1475     6.0158 -9.990e-29
 150.392431     11.537    17.0502  36.093057    27.4058     11.434  250.43767  250.79738     4.6338     5.9633 -9.990e-29
 150.392433     11.575    17.0495  36.094633    27.4067     11.472  250.43996  250.79963     4.5638     5.9552 0.0000e+00
 150.392436     11.615    17.0487  36.095543    27.4077     11.511  250.44225  250.80189     4.6183     5.9552 0.0000e+00
 150.392439     11.656    17.0473  36.097059    27.4093     11.551  250.44503  250.80461     4.6183     5.9471 0.0000e+00
 150.392442     11.688    17.0466  36.095301    27.4096     11.584  250.44907  250.80862     4.9218     5.8622 0.0000e+00
 150.392445     11.723    17.0458  36.093361    27.4093     11.618  250.45312  250.81263     5.2253     5.7692 -9.990e-29
 150.392448     11.745    17.0461  36.093119    27.4073     11.640  250.45534  250.81488     5.0229     5.7651 -9.990e-29
 150.392451     11.763    17.0476  36.090936    27.4045     11.658  250.45292  250.81254     5.0541     5.7570 -9.990e-29
 150.392454     11.778    17.0486  36.091178    27.4040     11.673  250.44888  250.80854     4.9451     5.7409 -9.990e-29
 150.392457     11.793    17.0496  36.092452    27.4044     11.687  250.44337  250.80307     5.2875     6.2544 -9.990e-29
 150.392459     11.815    17.0495  36.094210    27.4059     11.709  250.44117  250.80086     5.3342     6.2099 -9.990e-29
 150.392462     11.836    17.0479  36.094877    27.4083     11.730  250.44481  250.80441     5.1941     6.2099 -9.990e-29
 150.392465     11.871    17.0473  36.095787    27.4089     11.765  250.44682  250.80640     5.3420     6.0522 0.0000e+00
 150.392468     11.904    17.0467  36.096211    27.4095     11.797  250.44884  250.80839     5.4899     5.8945 0.0000e+00
 150.392471     11.946    17.0451  36.097970    27.4120     11.839  250.45221  250.81168     5.6144     5.8864 0.0000e+00
 150.392474     11.984    17.0436  36.098516    27.4135     11.877  250.45700  250.81639     5.6144     5.8864 0.0000e+00
 150.392477     12.021    17.0417  36.099972    27.4160     11.913  250.46202  250.82133     5.5988     5.9026 0.0000e+00
 150.392480     12.052    17.0395  36.102337    27.4194     11.944  250.46698  250.82617     5.4432     6.2140 0.0000e+00
 150.392483     12.083    17.0382  36.102155    27.4202     11.974  250.47175  250.83088     5.3810     6.2140 0.0000e+00
 150.392486     12.110    17.0370  36.103671    27.4210     12.002  250.47651  250.83559     5.3187     6.2140 -9.990e-29
 150.392488     12.130    17.0330  36.105430    27.4265     12.021  250.48695  250.84583     5.2097     6.2423 -9.990e-29
 150.392491     12.148    17.0304  36.106098    27.4287     12.039  250.49556  250.85432     6.0191     6.1210 -9.990e-29
 150.392494     12.165    17.0280  36.106280    27.4306     12.056  250.50456  250.86321     6.0191     6.1452 -9.990e-29
 150.392497     12.183    17.0263  36.106765    27.4321     12.074  250.51004  250.86861     6.0191     6.1735 -9.990e-29
 150.392500     12.197    17.0242  36.108099    27.4347     12.088  250.51616  250.87463     6.0657     6.1452 -9.990e-29
 150.392503     12.223    17.0238  36.108100    27.4348     12.114  250.51806  250.87651     6.4549     6.3899 0.0000e+00
 150.392506     12.254    17.0233  36.107615    27.4348     12.144  250.51995  250.87839     6.8440     6.6345 0.0000e+00
 150.392509     12.282    17.0223  36.108525    27.4362     12.172  250.52236  250.88075     7.0930     6.6345 0.0000e+00
 150.392512     12.318    17.0214  36.109192    27.4374     12.208  250.52482  250.88316     7.0930     6.6102 0.0000e+00
 150.392514     12.353    17.0207  36.109677    27.4383     12.242  250.52692  250.88522     7.0152     6.5981 0.0000e+00
 150.392517     12.387    17.0204  36.110041    27.4387     12.276  250.52805  250.88634     6.9685     6.3089 0.0000e+00
 150.392520     12.433    17.0200  36.109860    27.4391     12.322  250.52919  250.88745     6.9218     6.0077 -9.990e-29
 150.392523     12.455    17.0186  36.109860    27.4398     12.343  250.53441  250.89262     6.6261     6.0401 -9.990e-29
