seaocn-cb/data/ctd_cnv/SBE19plus_01907321_2024_05_24_Cast34.cnv
* Sea-Bird SBE19plus  Data File:
* FileName = E:\Prandtl_Daten\2024\CTD\raw\SBE19plus_01907321_2024_05_24_Cast34.hex
* Software version 2.6.1.12
* Temperature SN = 7321
* Conductivity SN = 7321
* System UpLoad Time = May 24 2024 06:47:59
* <ApplicationData>
* <Seaterm232>
** 20240524
** Sea Practical 2024
** MCat 23.05 CTD_SP1
** NMEA Latitude = 054 7.74N
** NMEA Longitude = 008 46.85E
** waterdepth = 11m
** Andreas
# nquan = 11
# nvalues = 334                         
# units = specified
# name 0 = timeJ: Julian Days
# name 1 = prdM: Pressure, Strain Gauge [db]
# name 2 = tv290C: Temperature [ITS-90, deg C]
# name 3 = c0mS/cm: Conductivity [mS/cm]
# name 4 = sal00: Salinity, Practical [PSU]
# name 5 = depSM: Depth [salt water, m], lat = 54.00
# name 6 = oxsatMm/Kg: Oxygen Saturation, Weiss [umol/kg]
# name 7 = oxsolMm/Kg: Oxygen Saturation, Garcia & Gordon [umol/kg]
# name 8 = turbWETntu0: Turbidity, WET Labs ECO [NTU]
# name 9 = flECO-AFL: Fluorescence, WET Labs ECO-AFL/FL [mg/m^3]
# name 10 = flag:  0.000e+00
# span 0 = 145.279427, 145.280391       
# span 1 =      0.590,     10.167       
# span 2 =    17.3979,    17.7378       
# span 3 =  35.016879,  35.067653       
# span 4 =    26.0835,    26.2817       
# span 5 =      0.585,     10.076       
# span 6 =  249.32963,  250.65155       
# span 7 =  249.72408,  251.03181       
# span 8 =    -1.0004,     4.8206       
# span 9 =     2.1137,     4.2811       
# span 10 = 0.0000e+00, 0.0000e+00      
# interval = seconds: 0.25
# start_time = May 24 2024 06:41:09 [Instrument's time stamp, header]
# bad_flag = -9.990e-29
*END*
 145.279427      0.590    17.7363  35.049627    26.0869      0.585  249.33534  249.72973    -0.4868     2.4129 -9.990e-29
 145.279430      0.600    17.7360  35.051425    26.0835      0.594  249.34230  249.73670    -0.4868     2.3887 -9.990e-29
 145.279433      0.632    17.7356  35.045313    26.0854      0.627  249.34094  249.73532    -0.4635     2.3786 0.0000e+00
 145.279436      0.660    17.7352  35.049328    26.0873      0.654  249.34036  249.73469    -0.4401     2.3685 0.0000e+00
 145.279439      0.689    17.7350  35.049927    26.0877      0.683  249.33997  249.73431    -0.4090     2.3544 0.0000e+00
 145.279442      0.722    17.7348  35.047830    26.0881      0.715  249.34036  249.73469    -0.3778     2.3402 -9.990e-29
 145.279444      0.745    17.7351  35.051425    26.0891      0.739  249.33736  249.73169    -0.3000     2.3361 -9.990e-29
 145.279447      0.771    17.7355  35.045913    26.0843      0.764  249.34344  249.73781    -0.9381     2.1420 -9.990e-29
 145.279450      0.793    17.7361  35.048909    26.0860      0.786  249.33767  249.73205    -1.0004     2.1703 -9.990e-29
 145.279453      0.822    17.7362  35.048489    26.0861      0.815  249.33724  249.73162    -0.9382     2.1683 0.0000e+00
 145.279456      0.855    17.7363  35.048669    26.0861      0.847  249.33680  249.73119    -0.9848     2.1663 0.0000e+00
 145.279459      0.884    17.7370  35.052924    26.0861      0.876  249.32963  249.72408    -0.8759     2.1663 0.0000e+00
 145.279462      0.922    17.7378  35.049748    26.0860      0.914  249.32963  249.72408    -0.4868     2.2835 0.0000e+00
 145.279465      0.959    17.7378  35.046572    26.0855      0.950  249.33121  249.72566    -0.4868     2.2835 0.0000e+00
 145.279468      0.988    17.7376  35.049089    26.0855      0.979  249.33374  249.72821    -0.4868     2.2876 0.0000e+00
 145.279470      1.025    17.7369  35.048670    26.0855      1.015  249.33435  249.72877    -0.4868     2.2876 0.0000e+00
 145.279473      1.057    17.7356  35.046932    26.0850      1.048  249.34184  249.73621    -0.4712     2.1865 0.0000e+00
 145.279476      1.083    17.7339  35.045494    26.0850      1.073  249.35019  249.74450    -0.4090     2.1865 0.0000e+00
 145.279479      1.118    17.7326  35.049509    26.0874      1.108  249.35232  249.74656    -0.4401     2.1906 0.0000e+00
 145.279482      1.145    17.7313  35.045914    26.0899      1.135  249.35445  249.74863    -0.4090     2.1946 -9.990e-29
 145.279485      1.167    17.7284  35.046334    26.0891      1.156  249.36965  249.76373    -0.4557     2.3402 -9.990e-29
 145.279488      1.192    17.7273  35.044657    26.0884      1.182  249.37611  249.77015    -0.4401     2.3159 -9.990e-29
 145.279491      1.214    17.7235  35.043578    26.0904      1.203  249.39097  249.78486    -0.4090     2.3482 -9.990e-29
 145.279494      1.242    17.7231  35.044238    26.0902      1.231  249.39347  249.78734    -0.6269     2.3805 0.0000e+00
 145.279497      1.278    17.7226  35.043159    26.0901      1.267  249.39597  249.78982    -0.8448     2.4129 0.0000e+00
 145.279499      1.313    17.7218  35.042081    26.0901      1.301  249.40034  249.79416    -0.8448     2.4170 0.0000e+00
 145.279502      1.350    17.7215  35.042980    26.0908      1.337  249.40034  249.79416    -0.8448     2.4170 0.0000e+00
 145.279505      1.381    17.7215  35.046336    26.0916      1.368  249.39834  249.79215    -0.8603     2.3887 0.0000e+00
 145.279508      1.421    17.7215  35.044239    26.0916      1.408  249.39834  249.79215    -0.8603     2.3887 0.0000e+00
 145.279511      1.452    17.7211  35.042980    26.0909      1.439  249.40201  249.79580    -0.4090     2.8699 0.0000e+00
 145.279514      1.481    17.7198  35.041902    26.0908      1.468  249.40827  249.80201    -0.4090     2.8860 0.0000e+00
 145.279517      1.514    17.7195  35.040824    26.0906      1.500  249.41029  249.80403    -0.4401     2.8901 0.0000e+00
 145.279520      1.541    17.7191  35.035372    26.0903      1.527  249.41232  249.80604    -0.5024     2.8860 -9.990e-29
 145.279523      1.563    17.7152  35.039147    26.0914      1.549  249.42924  249.82281    -0.1288     2.3402 -9.990e-29
 145.279525      1.583    17.7067  35.031718    26.0930      1.569  249.46775  249.86099    -0.2533     2.3563 -9.990e-29
 145.279528      1.609    17.7050  35.034475    26.0947      1.594  249.47305  249.86622    -0.1677     2.3583 0.0000e+00
 145.279531      1.636    17.7033  35.035973    26.0958      1.621  249.47835  249.87144    -0.0821     2.3604 0.0000e+00
 145.279534      1.662    17.7006  35.033217    26.0964      1.647  249.49233  249.88532     0.3537     2.3604 0.0000e+00
 145.279537      1.698    17.6978  35.034057    26.0983      1.683  249.50195  249.89482     0.3537     2.3806 0.0000e+00
 145.279540      1.733    17.6935  35.033398    26.1005      1.717  249.51872  249.91141     0.4471     2.3806 0.0000e+00
 145.279543      1.771    17.6908  35.035795    26.1005      1.755  249.52554  249.91811     0.2136     2.3806 0.0000e+00
 145.279546      1.809    17.6897  35.029984    26.1023      1.793  249.53808  249.93062    -0.3778     2.3240 0.0000e+00
 145.279549      1.842    17.6887  35.031901    26.1023      1.826  249.53923  249.93172    -0.3778     2.3240 0.0000e+00
 145.279552      1.873    17.6855  35.031482    26.1040      1.856  249.55154  249.94391    -0.3934     2.3240 0.0000e+00
 145.279554      1.906    17.6797  35.032322    26.1084      1.889  249.57224  249.96436    -0.3778     2.3240 0.0000e+00
 145.279557      1.935    17.6775  35.029806    26.1088      1.918  249.58223  249.97427    -0.4479     2.3240 0.0000e+00
 145.279560      1.961    17.6753  35.032323    26.1091      1.943  249.59222  249.98418    -0.3778     2.3240 -9.990e-29
 145.279563      1.979    17.6656  35.029568    26.1152      1.961  249.62931  250.02085    -0.1444     2.4008 -9.990e-29
 145.279566      2.006    17.6629  35.028909    26.1163      1.988  249.64037  250.03181    -0.0510     2.4008 -9.990e-29
 145.279569      2.030    17.6596  35.030228    26.1163      2.012  249.65625  250.04756    -0.1444     2.3159 -9.990e-29
 145.279572      2.058    17.6593  35.026394    26.1173      2.039  249.65603  250.04733    -0.2067     2.3078 0.0000e+00
 145.279575      2.092    17.6590  35.028311    26.1175      2.074  249.65625  250.04756    -0.1444     2.3118 0.0000e+00
 145.279578      2.127    17.6587  35.027053    26.1183      2.108  249.65885  250.05012    -0.1444     2.3118 0.0000e+00
 145.279580      2.169    17.6560  35.027653    26.1183      2.149  249.66817  250.05932    -0.0666     2.3118 0.0000e+00
 145.279583      2.202    17.6539  35.024478    26.1197      2.182  249.67506  250.06611     0.0580     2.3118 0.0000e+00
 145.279586      2.238    17.6536  35.029091    26.1204      2.218  249.68020  250.07129     0.0580     2.3118 0.0000e+00
 145.279589      2.268    17.6531  35.026395    26.1216      2.247  249.68073  250.07177     0.1358     2.3118 0.0000e+00
 145.279592      2.298    17.6529  35.027474    26.1210      2.278  249.68078  250.07180     0.0657     2.3179 0.0000e+00
 145.279595      2.333    17.6527  35.028972    26.1216      2.312  249.68083  250.07184     0.1980     2.3402 -9.990e-29
 145.279598      2.355    17.6493  35.027235    26.1235      2.334  249.69385  250.08473     0.5405     2.3240 -9.990e-29
 145.279601      2.377    17.6463  35.020046    26.1195      2.356  249.71528  250.10606     0.4315     2.3321 -9.990e-29
 145.279604      2.399    17.6336  35.024301    26.1281      2.377  249.76187  250.15212     0.2759     2.2876 -9.990e-29
 145.279606      2.426    17.6311  35.020707    26.1303      2.404  249.77049  250.16064     0.2836     2.2795 0.0000e+00
 145.279609      2.455    17.6286  35.021966    26.1324      2.433  249.77912  250.16916     0.2759     2.2795 0.0000e+00
 145.279612      2.490    17.6240  35.023644    26.1355      2.468  249.79420  250.18404     0.2914     2.2795 0.0000e+00
 145.279615      2.517    17.6208  35.019631    26.1367      2.495  249.81184  250.20156     0.3381     2.2795 0.0000e+00
 145.279618      2.561    17.6188  35.020230    26.1372      2.538  249.81863  250.20826     0.3537     2.2795 0.0000e+00
 145.279621      2.594    17.6173  35.021129    26.1389      2.571  249.82277  250.21234     0.3537     2.3038 0.0000e+00
 145.279624      2.630    17.6159  35.020710    26.1395      2.607  249.82760  250.21710     0.3226     2.3159 0.0000e+00
 145.279627      2.665    17.6159  35.021548    26.1396      2.641  249.82760  250.21710     0.3226     2.3321 0.0000e+00
 145.279630      2.698    17.6170  35.021728    26.1396      2.674  249.82325  250.21280     0.3226     2.3321 0.0000e+00
 145.279633      2.727    17.6176  35.019991    26.1385      2.703  249.82241  250.21199     0.2603     2.2896 0.0000e+00
 145.279635      2.756    17.6181  35.023465    26.1374      2.731  249.82157  250.21118     0.0268     2.2471 -9.990e-29
 145.279638      2.780    17.6182  35.018973    26.1365      2.755  249.82270  250.21232     0.0891     2.2835 -9.990e-29
 145.279641      2.804    17.6167  35.021309    26.1394      2.779  249.82515  250.21469    -0.0510     2.2957 -9.990e-29
 145.279644      2.827    17.6118  35.019812    26.1404      2.802  249.84704  250.23639     0.2603     2.3765 -9.990e-29
 145.279647      2.853    17.6109  35.018794    26.1416      2.827  249.84904  250.23835     0.1435     2.4008 0.0000e+00
 145.279650      2.882    17.6101  35.020472    26.1429      2.856  249.85104  250.24031     0.0268     2.4170 0.0000e+00
 145.279653      2.915    17.6080  35.020232    26.1440      2.889  249.85931  250.24849     0.0268     2.4170 0.0000e+00
 145.279656      2.953    17.6068  35.021131    26.1447      2.927  249.86250  250.25163     0.3848     2.4089 0.0000e+00
 145.279659      2.986    17.6051  35.018795    26.1455      2.960  249.87211  250.26117     0.3848     2.2876 0.0000e+00
 145.279661      3.023    17.6030  35.023468    26.1480      2.996  249.87351  250.26247     0.2447     2.2714 0.0000e+00
 145.279664      3.061    17.6030  35.020892    26.1480      3.034  249.87515  250.26416     0.2447     2.2674 0.0000e+00
 145.279667      3.092    17.6039  35.020054    26.1465      3.064  249.87515  250.26416     0.3070     2.2633 0.0000e+00
 145.279670      3.125    17.6057  35.016879    26.1465      3.097  249.87264  250.26174     0.3070     2.1744 0.0000e+00
 145.279673      3.154    17.6059  35.022150    26.1448      3.126  249.86833  250.25743     0.2603     2.1441 0.0000e+00
 145.279676      3.182    17.6061  35.020653    26.1468      3.153  249.86402  250.25311     0.1980     2.1137 -9.990e-29
 145.279679      3.196    17.6025  35.021731    26.1487      3.168  249.87792  250.26686     0.3537     2.1420 -9.990e-29
 145.279682      3.222    17.5998  35.021972    26.1507      3.193  249.88804  250.27687     0.4159     2.3806 -9.990e-29
 145.279685      3.247    17.5953  35.022152    26.1523      3.218  249.90693  250.29558     0.3226     2.4170 -9.990e-29
 145.279687      3.276    17.5950  35.020475    26.1526      3.247  249.90803  250.29667     0.2681     2.4048 0.0000e+00
 145.279690      3.308    17.5946  35.020714    26.1529      3.278  249.90914  250.29776     0.3226     2.3927 0.0000e+00
 145.279693      3.340    17.5934  35.022152    26.1548      3.310  249.91158  250.30014     0.5716     2.2714 0.0000e+00
 145.279696      3.381    17.5909  35.023650    26.1577      3.350  249.91899  250.30744     0.5871     2.2714 0.0000e+00
 145.279699      3.412    17.5887  35.023531    26.1590      3.381  249.92740  250.31576     0.6027     2.2714 0.0000e+00
 145.279702      3.452    17.5866  35.024490    26.1590      3.421  249.93431  250.32257     0.6027     2.2835 0.0000e+00
 145.279705      3.483    17.5842  35.019818    26.1612      3.452  249.94846  250.33658     0.6027     2.2916 0.0000e+00
 145.279708      3.517    17.5830  35.023891    26.1629      3.486  249.94971  250.33790     0.5405     3.3551 0.0000e+00
 145.279711      3.543    17.5823  35.025329    26.1639      3.511  249.95000  250.33808     0.5093     3.3673 0.0000e+00
 145.279714      3.574    17.5817  35.023892    26.1649      3.542  249.95153  250.33958     0.4782     3.3551 -9.990e-29
 145.279716      3.598    17.5792  35.021735    26.1635      3.566  249.96575  250.35372     0.5716     3.3389 -9.990e-29
 145.279719      3.616    17.5755  35.026648    26.1674      3.584  249.97758  250.36538     1.0074     4.0183 -9.990e-29
 145.279722      3.643    17.5746  35.023473    26.1686      3.611  249.97958  250.36734     0.9996     4.0344 0.0000e+00
 145.279725      3.671    17.5738  35.025151    26.1698      3.638  249.98157  250.36930     0.9918     4.0506 0.0000e+00
 145.279728      3.698    17.5728  35.025331    26.1706      3.665  249.98513  250.37281     0.9918     4.0506 0.0000e+00
 145.279731      3.740    17.5721  35.026230    26.1718      3.707  249.98617  250.37382     1.2564     2.4615 0.0000e+00
 145.279734      3.778    17.5720  35.026649    26.1719      3.745  249.98643  250.37407     1.3031     2.4453 0.0000e+00
 145.279737      3.811    17.5719  35.026230    26.1719      3.777  249.98709  250.37473     1.2720     2.4372 0.0000e+00
 145.279740      3.850    17.5717  35.025152    26.1718      3.815  249.98841  250.37604     1.2720     2.4332 0.0000e+00
 145.279742      3.883    17.5716  35.025991    26.1712      3.848  249.98988  250.37752     0.6338     2.3199 0.0000e+00
 145.279745      3.912    17.5711  35.023894    26.1718      3.877  249.98892  250.37651     0.6338     2.3199 0.0000e+00
 145.279748      3.941    17.5710  35.027908    26.1722      3.906  249.99124  250.37885     0.6494     2.3381 0.0000e+00
 145.279751      3.970    17.5708  35.026231    26.1739      3.935  249.98892  250.37651     0.6650     2.3563 -9.990e-29
 145.279754      3.990    17.5697  35.026650    26.1736      3.955  249.99513  250.38268     1.2253     2.3402 -9.990e-29
 145.279757      4.014    17.5682  35.026650    26.1756      3.978  249.99877  250.38625     1.2408     2.5423 -9.990e-29
 145.279760      4.040    17.5679  35.027908    26.1759      4.004  250.00004  250.38750     1.2641     2.5322 0.0000e+00
 145.279763      4.069    17.5675  35.028148    26.1762      4.033  250.00130  250.38874     1.2875     2.5221 0.0000e+00
 145.279766      4.096    17.5669  35.028448    26.1769      4.060  250.00311  250.39053     1.3654     2.5221 0.0000e+00
 145.279769      4.131    17.5664  35.028748    26.1769      4.094  250.00460  250.39200     1.7233     2.5140 0.0000e+00
 145.279771      4.169    17.5664  35.026232    26.1754      4.132  250.00843  250.39584     1.7545     2.4979 0.0000e+00
 145.279774      4.202    17.5665  35.025812    26.1749      4.165  250.00843  250.39584     1.7545     2.4979 0.0000e+00
 145.279777      4.242    17.5668  35.025154    26.1741      4.204  250.00810  250.39553     1.7545     2.4857 0.0000e+00
 145.279780      4.273    17.5672  35.024734    26.1736      4.235  250.00744  250.39489     0.6027     2.4453 0.0000e+00
 145.279783      4.304    17.5675  35.024315    26.1736      4.266  250.00678  250.39424     0.6027     2.4453 0.0000e+00
 145.279786      4.337    17.5677  35.028209    26.1730      4.298  250.00678  250.39424     0.6027     2.4453 0.0000e+00
 145.279789      4.366    17.5677  35.022818    26.1738      4.327  250.00417  250.39164     0.5560     2.4655 0.0000e+00
 145.279792      4.396    17.5678  35.024315    26.1715      4.356  250.00763  250.39512     0.4626     2.4291 -9.990e-29
 145.279795      4.418    17.5682  35.027670    26.1753      4.378  249.99961  250.38708     1.2408     2.5706 -9.990e-29
 145.279797      4.440    17.5682  35.025813    26.1738      4.400  250.00222  250.38970     1.3498     2.5706 -9.990e-29
 145.279800      4.465    17.5684  35.026232    26.1727      4.425  250.00280  250.39030     0.3848     2.5585 -9.990e-29
 145.279803      4.496    17.5683  35.024735    26.1726      4.456  250.00342  250.39092     0.4003     2.4978 0.0000e+00
