seaocn-cb/data/ctd_cnv/SBE19plus_01907321_2024_05_29_Cast111.cnv
* Sea-Bird SBE19plus  Data File:
* FileName = E:\Prandtl_Daten\2024\29052024\raw\SBE19plus_01907321_2024_05_29_Cast111.hex
* Software version 2.6.1.12
* Temperature SN = 7321
* Conductivity SN = 7321
* System UpLoad Time = May 29 2024 14:31:59
* <ApplicationData>
* <Seaterm232>
** 20240529
** Sea Practical 2024
** MCat 27.05 CTD_SP2
** NMEA Latitude = 54 06.51N
** NMEA Longitude = 008 34.32E
** waterdepth = 15.95m
** clemens
# nquan = 11
# nvalues = 512                         
# units = specified
# name 0 = timeJ: Julian Days
# name 1 = prdM: Pressure, Strain Gauge [db]
# name 2 = tv290C: Temperature [ITS-90, deg C]
# name 3 = c0mS/cm: Conductivity [mS/cm]
# name 4 = sal00: Salinity, Practical [PSU]
# name 5 = depSM: Depth [salt water, m], lat = 54.00
# name 6 = oxsatMm/Kg: Oxygen Saturation, Weiss [umol/kg]
# name 7 = oxsolMm/Kg: Oxygen Saturation, Garcia & Gordon [umol/kg]
# name 8 = turbWETntu0: Turbidity, WET Labs ECO [NTU]
# name 9 = flECO-AFL: Fluorescence, WET Labs ECO-AFL/FL [mg/m^3]
# name 10 = flag:  0.000e+00
# span 0 = 150.588383, 150.589861       
# span 1 =      0.282,     15.382       
# span 2 =    16.1922,    16.3730       
# span 3 =  36.468595,  36.604020       
# span 4 =    28.2291,    28.4357       
# span 5 =      0.279,     15.244       
# span 6 =  252.36810,  252.93026       
# span 7 =  252.69358,  253.24633       
# span 8 =    -2.2300,    12.9451       
# span 9 =     4.1517,     6.9499       
# span 10 = 0.0000e+00, 0.0000e+00      
# interval = seconds: 0.25
# start_time = May 29 2024 14:06:01 [Instrument's time stamp, header]
# bad_flag = -9.990e-29
*END*
[from data line 132]
 150.588764      4.013    16.2683  36.473950    28.2741      3.978  252.81677  253.13729     2.0035     5.4275 0.0000e+00
 150.588767      4.055    16.2681  36.476203    28.2730      4.019  252.81767  253.13821     2.0191     5.4335 0.0000e+00
 150.588770      4.105    16.2677  36.471028    28.2722      4.068  252.82509  253.14561     2.0969     5.4335 0.0000e+00
 150.588773      4.156    16.2670  36.471942    28.2722      4.119  252.82619  253.14667     2.0969     5.4538 0.0000e+00
 150.588776      4.201    16.2665  36.472186    28.2728      4.164  252.82701  253.14746     1.3965     5.7489 0.0000e+00
 150.588779      4.249    16.2665  36.472855    28.2728      4.211  252.82767  253.14813     1.2253     5.7530 0.0000e+00
 150.588782      4.293    16.2668  36.470177    28.2734      4.254  252.82701  253.14746     1.3031     5.7732 0.0000e+00
 150.588785      4.322    16.2674  36.473952    28.2708      4.283  252.82652  253.14704     1.3031     5.7732 0.0000e+00
 150.588788      4.351    16.2676  36.470359    28.2704      4.312  252.82511  253.14565     1.3342     5.7732 0.0000e+00
 150.588791      4.382    16.2680  36.470299    28.2704      4.343  252.82511  253.14565     1.3342     5.2799 0.0000e+00
 150.588793      4.413    16.2682  36.472612    28.2706      4.373  252.82249  253.14304     1.3187     5.2799 0.0000e+00
 150.588796      4.451    16.2682  36.471273    28.2706      4.411  252.82249  253.14304     1.3187     5.2799 0.0000e+00
 150.588799      4.491    16.2682  36.470177    28.2706      4.451  252.82249  253.14304     1.1941     5.3486 0.0000e+00
 150.588802      4.532    16.2682  36.471760    28.2698      4.491  252.82361  253.14417     1.0852     5.4335 0.0000e+00
 150.588805      4.568    16.2683  36.470360    28.2705      4.528  252.82287  253.14342     1.0540     5.4497 0.0000e+00
 150.588808      4.594    16.2684  36.468595    28.2698      4.553  252.82361  253.14417     1.0229     5.4335 -9.990e-29
 150.588811      4.612    16.2678  36.472187    28.2717      4.571  252.82305  253.14357     1.1941     5.4901 -9.990e-29
 150.588814      4.616    16.2677  36.470604    28.2704      4.574  252.82570  253.14622     3.2953     5.6398 -9.990e-29
 150.588817      4.617    16.2679  36.474500    28.2736      4.576  252.81932  253.13983     3.2175     5.6317 -9.990e-29
 150.588819      4.607    16.2680  36.468595    28.2685      4.565  252.82776  253.14831     3.5288     5.6519 -9.990e-29
 150.588822      4.592    16.2682  36.471030    28.2704      4.551  252.82324  253.14378     3.5132     5.6236 -9.990e-29
 150.588825      4.587    16.2680  36.473039    28.2723      4.546  252.82116  253.14169     1.5833     5.7409 -9.990e-29
 150.588828      4.587    16.2677  36.469447    28.2694      4.546  252.82740  253.14793     1.6611     5.7692 -9.990e-29
 150.588831      4.610    16.2666  36.470847    28.2714      4.569  252.82960  253.15007     1.5833     5.7611 -9.990e-29
 150.588834      4.652    16.2665  36.470848    28.2719      4.611  252.82944  253.14990     1.5521     5.7591 0.0000e+00
 150.588837      4.709    16.2666  36.471700    28.2723      4.667  252.82928  253.14973     1.5833     5.7611 0.0000e+00
 150.588840      4.778    16.2665  36.474319    28.2723      4.736  252.82840  253.14885     2.1124     5.8703 0.0000e+00
 150.588843      4.860    16.2666  36.471944    28.2728      4.817  252.82684  253.14730     2.1280     5.8905 0.0000e+00
 150.588845      4.944    16.2667  36.472614    28.2723      4.900  252.82832  253.14880     2.1747     5.8905 0.0000e+00
 150.588848      5.019    16.2669  36.471032    28.2726      4.974  252.82684  253.14730     2.1747     5.8905 0.0000e+00
 150.588851      5.086    16.2672  36.472858    28.2726      5.041  252.82474  253.14522     1.1630     5.5710 0.0000e+00
 150.588854      5.137    16.2674  36.474929    28.2734      5.091  252.82261  253.14310     1.1241     5.5690 0.0000e+00
 150.588857      5.172    16.2675  36.474624    28.2741      5.126  252.82048  253.14097     1.0852     5.5670 -9.990e-29
 150.588860      5.187    16.2676  36.473285    28.2726      5.140  252.82265  253.14315     1.2097     5.5751 -9.990e-29
 150.588863      5.176    16.2675  36.473711    28.2731      5.130  252.82231  253.14281     0.9451     5.8258 -9.990e-29
 150.588866      5.165    16.2676  36.472006    28.2715      5.119  252.82453  253.14504     1.1941     5.8258 -9.990e-29
 150.588869      5.150    16.2677  36.472371    28.2717      5.104  252.82337  253.14389     1.0852     5.8096 -9.990e-29
 150.588872      5.138    16.2681  36.473954    28.2729      5.092  252.81981  253.14033     1.0385     5.8339 -9.990e-29
 150.588874      5.134    16.2682  36.473711    28.2726      5.088  252.81956  253.14009     2.5949     6.3555 -9.990e-29
 150.588877      5.152    16.2680  36.472006    28.2713      5.106  252.82301  253.14354     2.7039     6.3070 -9.990e-29
 150.588880      5.174    16.2680  36.472189    28.2714      5.128  252.82275  253.14328     2.6572     6.3353 -9.990e-29
 150.588883      5.200    16.2681  36.475294    28.2740      5.153  252.81755  253.13807     2.5171     6.3717 -9.990e-29
 150.588886      5.225    16.2689  36.476146    28.2726      5.178  252.81630  253.13686     1.7078     5.2516 -9.990e-29
 150.588889      5.258    16.2689  36.474320    28.2729      5.211  252.81577  253.13633     1.7155     5.2476 0.0000e+00
 150.588892      5.294    16.2689  36.475051    28.2732      5.247  252.81630  253.13686     1.7078     5.2516 0.0000e+00
 150.588895      5.342    16.2686  36.474807    28.2732      5.294  252.81684  253.13738     1.7078     5.2516 0.0000e+00
 150.588898      5.389    16.2685  36.474381    28.2728      5.341  252.81719  253.13774     1.4276     5.2677 0.0000e+00
 150.588900      5.428    16.2686  36.473042    28.2727      5.379  252.81733  253.13788     1.3342     5.9552 0.0000e+00
 150.588903      5.477    16.2686  36.474321    28.2727      5.428  252.81733  253.13788     1.2875     5.9592 0.0000e+00
 150.588906      5.526    16.2689  36.476147    28.2741      5.477  252.81374  253.13429     1.2720     5.9552 0.0000e+00
 150.588909      5.573    16.2695  36.477304    28.2742      5.524  252.80962  253.13020     1.2720     5.9390 0.0000e+00
 150.588912      5.621    16.2701  36.477305    28.2742      5.571  252.80962  253.13020     1.0385     5.5306 0.0000e+00
 150.588915      5.663    16.2702  36.473895    28.2726      5.612  252.80946  253.13008     1.0307     5.5164 0.0000e+00
 150.588918      5.699    16.2704  36.474808    28.2710      5.648  252.81139  253.13203     1.0385     5.5023 -9.990e-29
 150.588921      5.721    16.2702  36.477488    28.2742      5.670  252.80671  253.12732     1.1786     5.5063 -9.990e-29
 150.588924      5.740    16.2704  36.475478    28.2724      5.688  252.80909  253.12972     1.0385     6.1533 -9.990e-29
 150.588927      5.752    16.2707  36.475174    28.2719      5.701  252.80833  253.12898     1.0074     6.1654 -9.990e-29
 150.588929      5.774    16.2708  36.475478    28.2721      5.723  252.80759  253.12824     1.1630     6.1533 -9.990e-29
 150.588932      5.796    16.2708  36.475296    28.2719      5.745  252.80787  253.12853     0.9451     6.1493 -9.990e-29
 150.588935      5.818    16.2701  36.474626    28.2718      5.766  252.81130  253.13193     0.9140     6.1210 -9.990e-29
 150.588938      5.840    16.2701  36.474322    28.2715      5.788  252.81177  253.13239     0.7739     5.5751 -9.990e-29
 150.588941      5.862    16.2698  36.473287    28.2708      5.810  252.81453  253.13514     0.9140     5.6640 -9.990e-29
 150.588944      5.884    16.2701  36.476636    28.2735      5.831  252.80866  253.12927     0.8984     5.6802 -9.990e-29
 150.588947      5.908    16.2704  36.474626    28.2716      5.855  252.81044  253.13108     0.9296     5.6115 -9.990e-29
 150.588950      5.926    16.2707  36.475722    28.2723      5.873  252.80762  253.12826     2.1436     5.7328 -9.990e-29
 150.588953      5.946    16.2709  36.476210    28.2726      5.893  252.80630  253.12695     1.9257     5.7813 -9.990e-29
 150.588955      5.964    16.2710  36.478828    28.2747      5.911  252.80182  253.12246     2.0657     5.7449 -9.990e-29
 150.588958      5.990    16.2713  36.476392    28.2724      5.936  252.80454  253.12521     2.1436     5.7489 -9.990e-29
 150.588961      6.015    16.2718  36.478828    28.2741      5.961  252.79923  253.11991     0.9296     5.8339 -9.990e-29
 150.588964      6.048    16.2719  36.478767    28.2725      5.994  252.80120  253.12191     0.8906     5.8379 0.0000e+00
 150.588967      6.088    16.2721  36.475297    28.2739      6.034  252.79923  253.11991     0.9296     5.8339 0.0000e+00
 150.588970      6.123    16.2721  36.478828    28.2722      6.068  252.80127  253.12197     0.8517     5.8419 0.0000e+00
 150.588973      6.159    16.2720  36.476819    28.2722      6.104  252.80127  253.12197     0.7895     6.1937 0.0000e+00
 150.588976      6.201    16.2720  36.476637    28.2721      6.146  252.80156  253.12227     0.7895     6.2301 0.0000e+00
 150.588979      6.236    16.2719  36.476150    28.2721      6.180  252.80156  253.12227     0.7895     6.2301 0.0000e+00
 150.588981      6.274    16.2719  36.477976    28.2734      6.218  252.80053  253.12121     0.9140     6.2301 0.0000e+00
 150.588984      6.314    16.2722  36.479316    28.2734      6.258  252.79914  253.11986     0.9296     6.2059 0.0000e+00
 150.588987      6.354    16.2724  36.477307    28.2723      6.297  252.79914  253.11986     1.2253     5.7894 0.0000e+00
 150.588990      6.404    16.2724  36.475480    28.2723      6.346  252.79914  253.11986     1.2253     5.7813 0.0000e+00
 150.588993      6.449    16.2724  36.478647    28.2707      6.392  252.80187  253.12261     1.2253     5.7894 0.0000e+00
 150.588996      6.488    16.2723  36.474811    28.2719      6.430  252.80051  253.12124     1.3498     5.7853 0.0000e+00
 150.588999      6.528    16.2724  36.477734    28.2701      6.469  252.80291  253.12365     1.4743     5.7894 -9.990e-29
 150.589002      6.548    16.2718  36.478647    28.2738      6.489  252.79968  253.12037     1.1008     5.3567 -9.990e-29
 150.589005      6.571    16.2715  36.477734    28.2732      6.513  252.80196  253.12264     1.1319     5.3608 -9.990e-29
 150.589008      6.584    16.2715  36.477064    28.2726      6.525  252.80296  253.12364     1.0229     5.3729 -9.990e-29
 150.589010      6.593    16.2714  36.473959    28.2701      6.534  252.80818  253.12887     1.4276     5.9592 -9.990e-29
 150.589013      6.595    16.2713  36.477734    28.2734      6.536  252.80288  253.12355     1.3031     5.9430 -9.990e-29
 150.589016      6.595    16.2712  36.477308    28.2731      6.536  252.80382  253.12448     1.2875     5.9794 -9.990e-29
 150.589019      6.591    16.2712  36.476821    28.2727      6.532  252.80454  253.12520     1.2253     5.9592 -9.990e-29
 150.589022      6.604    16.2709  36.476638    28.2727      6.545  252.80603  253.12668     1.0229     5.5832 -9.990e-29
 150.589025      6.615    16.2702  36.477491    28.2730      6.556  252.80883  253.12945     1.1163     5.5427 -9.990e-29
 150.589028      6.641    16.2702  36.476395    28.2725      6.581  252.80980  253.13043     1.0852     5.5528 0.0000e+00
 150.589031      6.679    16.2702  36.475299    28.2729      6.619  252.80883  253.12945     1.0541     5.5629 0.0000e+00
 150.589034      6.723    16.2706  36.476639    28.2728      6.663  252.80700  253.12764     1.0074     5.5751 0.0000e+00
 150.589036      6.777    16.2708  36.476882    28.2728      6.717  252.80700  253.12764     0.9607     5.7813 0.0000e+00
 150.589039      6.830    16.2708  36.475726    28.2721      6.769  252.80748  253.12813     0.7895     5.7813 0.0000e+00
 150.589042      6.885    16.2708  36.475969    28.2721      6.824  252.80754  253.12818     0.7895     5.7813 0.0000e+00
 150.589045      6.935    16.2708  36.476152    28.2723      6.872  252.80748  253.12813     0.7895     5.7853 0.0000e+00
 150.589048      6.980    16.2709  36.477492    28.2732      6.918  252.80497  253.12562     2.2525     5.8258 0.0000e+00
 150.589051      7.022    16.2711  36.477492    28.2732      6.959  252.80408  253.12474     2.2525     5.8258 0.0000e+00
 150.589054      7.056    16.2712  36.477736    28.2732      6.993  252.80408  253.12474     2.4237     5.8258 0.0000e+00
 150.589057      7.089    16.2712  36.477066    28.2728      7.026  252.80445  253.12511     2.4704     5.8136 0.0000e+00
 150.589060      7.122    16.2708  36.476823    28.2727      7.058  252.80634  253.12699     2.5327     5.6276 0.0000e+00
 150.589063      7.160    16.2703  36.476031    28.2724      7.096  252.80936  253.12999     2.5327     5.5670 0.0000e+00
 150.589065      7.193    16.2700  36.475301    28.2723      7.129  252.81113  253.13173     2.5249     5.5569 0.0000e+00
 150.589068      7.224    16.2697  36.473474    28.2722      7.160  252.81289  253.13348     2.5171     5.5468 -9.990e-29
 150.589071      7.239    16.2693  36.473048    28.2706      7.174  252.81777  253.13836     1.7856     5.8298 -9.990e-29
 150.589074      7.252    16.2689  36.476458    28.2737      7.187  252.81393  253.13449     1.8945     5.8419 -9.990e-29
 150.589077      7.252    16.2687  36.475484    28.2731      7.187  252.81628  253.13684     1.9879     5.8419 -9.990e-29
 150.589080      7.244    16.2687  36.473292    28.2712      7.179  252.81953  253.14009     1.9568     5.8379 -9.990e-29
 150.589083      7.241    16.2689  36.474388    28.2719      7.176  252.81699  253.13756     1.7233     5.8419 -9.990e-29
 150.589086      7.244    16.2689  36.473657    28.2714      7.179  252.81838  253.13895     2.0502     5.7530 -9.990e-29
 150.589089      7.251    16.2688  36.476641    28.2740      7.187  252.81427  253.13481     2.2214     5.7692 -9.990e-29
 150.589091      7.264    16.2687  36.474144    28.2719      7.199  252.81828  253.13884     2.1436     5.7489 -9.990e-29
 150.589094      7.284    16.2686  36.476641    28.2715      7.219  252.81933  253.13989     0.9296     5.5306 -9.990e-29
 150.589097      7.319    16.2687  36.473657    28.2721      7.254  252.81815  253.13871     0.9919     5.5488 0.0000e+00
 150.589100      7.366    16.2687  36.475058    28.2727      7.301  252.81698  253.13753     0.9296     5.5589 0.0000e+00
 150.589103      7.425    16.2689  36.476398    28.2727      7.358  252.81468  253.13527     1.0541     5.5670 0.0000e+00
 150.589106      7.494    16.2694  36.474815    28.2719      7.427  252.81468  253.13527     1.2408     5.5589 0.0000e+00
 150.589109      7.567    16.2699  36.473475    28.2719      7.499  252.81468  253.13527     1.9879     5.2718 0.0000e+00
 150.589112      7.635    16.2702  36.476033    28.2723      7.566  252.80992  253.13055     2.0813     5.2718 0.0000e+00
 150.589115      7.704    16.2706  36.476398    28.2723      7.635  252.80790  253.12854     1.9879     5.2718 0.0000e+00
 150.589117      7.762    16.2711  36.475485    28.2723      7.693  252.80747  253.12814     1.9879     5.2758 0.0000e+00
 150.589120      7.806    16.2713  36.477312    28.2719      7.736  252.80568  253.12635     1.5755     5.3365 0.0000e+00
 150.589123      7.841    16.2714  36.475364    28.2726      7.771  252.80388  253.12455     1.1630     5.4457 -9.990e-29
 150.589126      7.866    16.2715  36.476155    28.2714      7.796  252.80502  253.12571     0.9918     5.4295 -9.990e-29
 150.589129      7.881    16.2715  36.475729    28.2711      7.811  252.80566  253.12635     1.1630     5.4699 -9.990e-29
 150.589132      7.881    16.2716  36.476155    28.2714      7.811  252.80472  253.12541     0.9918     5.4740 -9.990e-29
 150.589135      7.874    16.2717  36.473476    28.2690      7.803  252.80839  253.12910     1.4276     6.6709 -9.990e-29
 150.589138      7.870    16.2719  36.475729    28.2708      7.800  252.80414  253.12485     1.2720     6.7113 -9.990e-29
