seaocn-cb/data/ctd_cnv/SBE19plus_01907321_2024_05_25_Cast59.cnv
* Sea-Bird SBE19plus  Data File:
* FileName = E:\Prandtl_Daten\2024\25052024\raw\SBE19plus_01907321_2024_05_25_Cast59.hex
* Software version 2.6.1.12
* Temperature SN = 7321
* Conductivity SN = 7321
* System UpLoad Time = May 25 2024 13:09:43
* <ApplicationData>
* <Seaterm232>
** 20240525
** Sea Practical 2024
** MCat 25.05 CTD_SP1
** NMEA Latitude = 054 07.80N
** NMEA Longitude = 008 46.36E
** waterdepth =15.8m
** Isabelle
# nquan = 11
# nvalues = 571                         
# units = specified
# name 0 = timeJ: Julian Days
# name 1 = prdM: Pressure, Strain Gauge [db]
# name 2 = tv290C: Temperature [ITS-90, deg C]
# name 3 = c0mS/cm: Conductivity [mS/cm]
# name 4 = sal00: Salinity, Practical [PSU]
# name 5 = depSM: Depth [salt water, m], lat = 54.00
# name 6 = oxsatMm/Kg: Oxygen Saturation, Weiss [umol/kg]
# name 7 = oxsolMm/Kg: Oxygen Saturation, Garcia & Gordon [umol/kg]
# name 8 = turbWETntu0: Turbidity, WET Labs ECO [NTU]
# name 9 = flECO-AFL: Fluorescence, WET Labs ECO-AFL/FL [mg/m^3]
# name 10 = flag:  0.000e+00
# span 0 = 146.543634, 146.545284       
# span 1 =      0.544,     14.745       
# span 2 =    16.8839,    17.7908       
# span 3 =  35.770332,  36.095846       
# span 4 =    26.9086,    27.2650       
# span 5 =      0.539,     14.612       
# span 6 =  247.68920,  251.52837       
# span 7 =  248.08113,  251.88218       
# span 8 =    -2.9615,    23.6066       
# span 9 =     4.1072,     9.3195       
# span 10 = 0.0000e+00, 0.0000e+00      
# interval = seconds: 0.25
# start_time = May 25 2024 13:01:22 [Instrument's time stamp, header]
# bad_flag = -9.990e-29
*END*
[from data line 132]
 146.544016      4.652    17.4764  35.968416    27.0168      4.611  249.02452  249.40370    -1.0938     5.3547 0.0000e+00
 146.544019      4.678    17.4742  35.967085    27.0177      4.636  249.03339  249.41248    -1.6385     5.6964 -9.990e-29
 146.544022      4.691    17.4656  35.966661    27.0219      4.649  249.06757  249.44630    -1.6074     5.7045 -9.990e-29
 146.544025      4.693    17.4616  35.967752    27.0255      4.651  249.08095  249.45950    -1.7164     5.6802 -9.990e-29
 146.544028      4.693    17.4589  35.965330    27.0253      4.651  249.09460  249.47305    -1.2339     5.2799 -9.990e-29
 146.544031      4.693    17.4571  35.963635    27.0251      4.651  249.10351  249.48189    -1.2806     5.0453 -9.990e-29
 146.544034      4.707    17.4569  35.965331    27.0247      4.665  249.10483  249.48320    -1.0782     5.0373 -9.990e-29
 146.544036      4.736    17.4566  35.963151    27.0260      4.694  249.10438  249.48273    -1.1327     5.0474 0.0000e+00
 146.544039      4.784    17.4563  35.965573    27.0268      4.741  249.10483  249.48320    -1.1872     5.0413 0.0000e+00
 146.544042      4.840    17.4538  35.963152    27.0272      4.797  249.11669  249.49493    -1.5763     5.0413 0.0000e+00
 146.544045      4.899    17.4498  35.961215    27.0278      4.855  249.13404  249.51212    -1.5763     5.0413 0.0000e+00
 146.544048      4.943    17.4456  35.959642    27.0293      4.899  249.15212  249.53002    -1.5763     5.0575 0.0000e+00
 146.544051      4.981    17.4434  35.960248    27.0309      4.936  249.15963  249.53743    -1.5919     5.0676 0.0000e+00
 146.544054      5.007    17.4413  35.960309    27.0326      4.962  249.16714  249.54484    -1.6230     5.0777 -9.990e-29
 146.544057      5.023    17.4360  35.955708    27.0324      4.978  249.19342  249.57092    -1.4051     4.9847 -9.990e-29
 146.544060      5.036    17.4329  35.956798    27.0353      4.991  249.20308  249.58044    -1.4518     4.9604 -9.990e-29
 146.544063      5.043    17.4294  35.954619    27.0359      4.998  249.21950  249.59672    -1.5296     4.9564 -9.990e-29
 146.544065      5.050    17.4256  35.953954    27.0378      5.005  249.23442  249.61148    -1.3428     5.3850 -9.990e-29
 146.544068      5.065    17.4221  35.956376    27.0422      5.020  249.24407  249.62097    -1.1405     5.3891 -9.990e-29
 146.544071      5.089    17.4192  35.955952    27.0401      5.043  249.26171  249.63849    -1.1560     5.3931 -9.990e-29
 146.544074      5.136    17.4172  35.951594    27.0412      5.090  249.26941  249.64610    -0.9537     5.3729 0.0000e+00
 146.544077      5.196    17.4152  35.951050    27.0423      5.150  249.27710  249.65372    -0.7514     5.3527 0.0000e+00
 146.544080      5.260    17.4092  35.950264    27.0456      5.213  249.30060  249.67697    -0.6736     4.8796 0.0000e+00
 146.544083      5.317    17.4032  35.946754    27.0466      5.269  249.32794  249.70406    -0.6580     4.8674 0.0000e+00
 146.544086      5.368    17.4003  35.945242    27.0480      5.320  249.33989  249.71589    -0.6658     4.8613 0.0000e+00
 146.544089      5.399    17.3974  35.950266    27.0493      5.351  249.35183  249.72771    -0.6580     4.8674 -9.990e-29
 146.544091      5.421    17.3921  35.948511    27.0555      5.372  249.36682  249.74245    -1.4673     5.0615 -9.990e-29
 146.544094      5.428    17.3921  35.948753    27.0557      5.379  249.36649  249.74211    -1.3739     5.0211 -9.990e-29
 146.544097      5.430    17.3909  35.946574    27.0547      5.381  249.37421  249.74980    -1.3895     5.0373 -9.990e-29
 146.544100      5.428    17.3893  35.943245    27.0529      5.379  249.38449  249.76002    -1.3739     5.0777 -9.990e-29
 146.544103      5.424    17.3886  35.948269    27.0576      5.376  249.38021  249.75568    -1.7475     4.7906 -9.990e-29
 146.544106      5.435    17.3883  35.948512    27.0580      5.387  249.38112  249.75658    -1.6385     4.7866 -9.990e-29
 146.544109      5.459    17.3897  35.949601    27.0578      5.410  249.37459  249.75011    -1.5763     4.7946 -9.990e-29
 146.544112      5.503    17.3894  35.949420    27.0564      5.454  249.37833  249.75385    -1.5063     5.0191 0.0000e+00
 146.544115      5.565    17.3891  35.945667    27.0551      5.515  249.38208  249.75759    -1.4362     5.2152 0.0000e+00
 146.544117      5.629    17.3891  35.945425    27.0551      5.579  249.38208  249.75759    -1.3584     5.2435 0.0000e+00
 146.544120      5.685    17.3892  35.948270    27.0550      5.635  249.38002  249.75556    -1.3584     5.2435 0.0000e+00
 146.544123      5.729    17.3895  35.945425    27.0558      5.678  249.37910  249.75462    -1.4285     5.2536 0.0000e+00
 146.544126      5.758    17.3898  35.947847    27.0544      5.707  249.38002  249.75556    -1.4985     5.2435 -9.990e-29
 146.544129      5.778    17.3909  35.947423    27.0553      5.727  249.37320  249.74877    -1.4051     5.3244 -9.990e-29
 146.544132      5.795    17.3919  35.945910    27.0533      5.743  249.37130  249.74693    -1.4051     5.3365 -9.990e-29
 146.544135      5.804    17.3930  35.945849    27.0525      5.752  249.36735  249.74303    -1.5607     5.3041 -9.990e-29
 146.544138      5.817    17.3944  35.945244    27.0511      5.765  249.36324  249.73898    -1.3584     5.2961 -9.990e-29
 146.544141      5.828    17.3951  35.947181    27.0522      5.776  249.35772  249.73349    -0.5802     5.8703 -9.990e-29
 146.544144      5.850    17.3944  35.946575    27.0507      5.797  249.36387  249.73961    -0.6113     5.8622 -9.990e-29
 146.544146      5.882    17.3929  35.944820    27.0508      5.830  249.37072  249.74640    -0.5646     5.8986 0.0000e+00
 146.544149      5.932    17.3914  35.942823    27.0510      5.879  249.37758  249.75320    -0.6113     5.9349 0.0000e+00
 146.544152      5.986    17.3873  35.942158    27.0532      5.933  249.39407  249.76952    -1.1872     6.0118 0.0000e+00
 146.544155      6.041    17.3784  35.938649    27.0562      5.987  249.43196  249.80704    -1.1872     6.0199 0.0000e+00
 146.544158      6.083    17.3726  35.936048    27.0590      6.029  249.45555  249.83038    -1.2028     6.0219 0.0000e+00
 146.544161      6.114    17.3667  35.937562    27.0618      6.059  249.47913  249.85371    -1.1872     6.0199 -9.990e-29
 146.544164      6.130    17.3516  35.936231    27.0720      6.076  249.53540  249.90932    -0.5179     5.9269 -9.990e-29
 146.544167      6.138    17.3457  35.934295    27.0743      6.083  249.55987  249.93354    -0.2845     5.9471 -9.990e-29
 146.544170      6.143    17.3390  35.930362    27.0755      6.088  249.59057  249.96396    -0.3000     5.9592 -9.990e-29
 146.544172      6.150    17.3341  35.929697    27.0782      6.095  249.60952  249.98270    -0.3934     5.9673 -9.990e-29
 146.544175      6.161    17.3302  35.930363    27.0813      6.106  249.62317  249.99618    -0.6736     5.9633 -9.990e-29
 146.544178      6.183    17.3236  35.931272    27.0861      6.128  249.64743  250.02015    -1.1716     5.3931 -9.990e-29
 146.544181      6.216    17.3219  35.930788    27.0843      6.160  249.65857  250.03123    -1.1716     5.3810 0.0000e+00
 146.544184      6.260    17.3202  35.923829    27.0831      6.204  249.66970  250.04231    -1.1716     5.3688 0.0000e+00
 146.544187      6.323    17.3158  35.920985    27.0831      6.267  249.69021  250.06263    -1.1716     5.3567 0.0000e+00
 146.544190      6.386    17.3104  35.924920    27.0899      6.328  249.70485  250.07702    -1.2027     5.1909 0.0000e+00
 146.544193      6.442    17.3076  35.924134    27.0915      6.384  249.71598  250.08802    -1.1405     5.1667 0.0000e+00
 146.544196      6.490    17.3048  35.922743    27.0930      6.432  249.72710  250.09902    -1.2027     5.1424 -9.990e-29
 146.544198      6.513    17.2959  35.924256    27.0990      6.455  249.75985  250.13139    -1.1405     5.1869 -9.990e-29
 146.544201      6.528    17.2924  35.922078    27.0995      6.469  249.77598  250.14737    -0.8759     4.7704 -9.990e-29
 146.544204      6.532    17.2900  35.917237    27.0971      6.473  249.79183  250.16314    -1.0471     4.7906 -9.990e-29
 146.544207      6.533    17.2900  35.920081    27.0995      6.475  249.78780  250.15910    -0.8603     4.7946 -9.990e-29
 146.544210      6.537    17.2932  35.924257    27.1008      6.478  249.77011  250.14152    -0.8603     4.7825 -9.990e-29
 146.544213      6.548    17.2964  35.927343    27.1013      6.489  249.75395  250.12549    -0.7202     5.1505 -9.990e-29
 146.544216      6.570    17.3048  35.927766    27.0979      6.511  249.71896  250.09086    -0.7202     5.1909 -9.990e-29
 146.544219      6.606    17.3070  35.929944    27.0952      6.547  249.71281  250.08481    -0.7125     5.2010 0.0000e+00
 146.544222      6.656    17.3092  35.927039    27.0925      6.596  249.70941  250.08157    -0.7047     5.1909 0.0000e+00
 146.544225      6.716    17.3092  35.923348    27.0889      6.656  249.70941  250.08157    -0.6113     5.1586 0.0000e+00
 146.544227      6.774    17.3034  35.916390    27.0889      6.713  249.74318  250.11508    -0.5646     5.1222 0.0000e+00
 146.544230      6.831    17.2967  35.917723    27.0924      6.770  249.76708  250.13869    -0.4712     5.1202 0.0000e+00
 146.544233      6.873    17.2901  35.913972    27.0973      6.811  249.79098  250.16229    -0.3778     5.1222 -9.990e-29
 146.544236      6.894    17.2714  35.911795    27.1049      6.833  249.86922  250.23974    -0.4401     5.0898 -9.990e-29
 146.544239      6.902    17.2626  35.911554    27.1106      6.840  249.90246  250.27258    -0.5179     5.4497 -9.990e-29
 146.544242      6.903    17.2540  35.909861    27.1149      6.842  249.93712  250.30688    -0.3467     5.4295 -9.990e-29
 146.544245      6.902    17.2481  35.905021    27.1148      6.840  249.96601  250.33553    -0.3934     5.4093 -9.990e-29
 146.544248      6.905    17.2445  35.909196    27.1207      6.844  249.97343  250.34277    -0.3778     5.4497 -9.990e-29
 146.544251      6.913    17.2436  35.912645    27.1225      6.851  249.97489  250.34418     0.1669     5.3850 -9.990e-29
 146.544253      6.940    17.2430  35.910588    27.1209      6.878  249.98041  250.34969     0.1436     5.3931 0.0000e+00
 146.544256      6.982    17.2424  35.905869    27.1215      6.919  249.98594  250.35520     0.1202     5.3850 0.0000e+00
 146.544259      7.044    17.2379  35.905023    27.1215      6.981  250.00393  250.37299     0.0891     5.3567 0.0000e+00
 146.544262      7.109    17.2321  35.904600    27.1251      7.046  250.02627  250.39508    -0.9848     4.7946 0.0000e+00
 146.544265      7.171    17.2272  35.903089    27.1270      7.107  250.04675  250.41535    -1.0782     4.7906 0.0000e+00
 146.544268      7.224    17.2253  35.900851    27.1274      7.160  250.05549  250.42400    -1.0315     4.7866 0.0000e+00
 146.544271      7.263    17.2234  35.902848    27.1277      7.198  250.06422  250.43266    -1.0782     4.7785 -9.990e-29
 146.544274      7.281    17.2192  35.900428    27.1302      7.216  250.08067  250.44892    -1.2027     4.7785 -9.990e-29
 146.544277      7.288    17.2168  35.900247    27.1316      7.223  250.08961  250.45777    -0.8448     4.9160 -9.990e-29
 146.544280      7.288    17.2136  35.898493    27.1323      7.223  250.10420  250.47222    -0.7514     4.9483 -9.990e-29
 146.544282      7.283    17.2112  35.897646    27.1332      7.218  250.11439  250.48231    -0.8136     4.8796 -9.990e-29
 146.544285      7.288    17.2095  35.899764    27.1361      7.223  250.11790  250.48573    -1.0004     4.9038 -9.990e-29
 146.544288      7.297    17.2027  35.894319    27.1370      7.232  250.14922  250.51678    -0.7514     6.2665 -9.990e-29
 146.544291      7.328    17.2006  35.895409    27.1384      7.263  250.15742  250.52489    -0.7125     6.2584 0.0000e+00
 146.544294      7.370    17.1984  35.895228    27.1397      7.304  250.16563  250.53299    -0.6736     6.2665 0.0000e+00
 146.544297      7.427    17.1956  35.897164    27.1429      7.360  250.17345  250.54068    -0.6424     6.2504 0.0000e+00
 146.544300      7.489    17.1941  35.895652    27.1432      7.422  250.18121  250.54838    -0.6424     4.6369 0.0000e+00
 146.544303      7.544    17.1905  35.894080    27.1440      7.476  250.19711  250.56413    -0.6424     4.6329 0.0000e+00
 146.544306      7.597    17.1884  35.891056    27.1442      7.529  250.20734  250.57427    -0.7125     4.6208 0.0000e+00
 146.544308      7.633    17.1862  35.889544    27.1443      7.565  250.21756  250.58440    -0.7825     4.6086 -9.990e-29
 146.544311      7.651    17.1778  35.889545    27.1487      7.583  250.25106  250.61753    -0.7358     4.7502 -9.990e-29
 146.544314      7.655    17.1709  35.889909    27.1536      7.587  250.27627  250.64244    -0.6269     4.7421 -9.990e-29
 146.544317      7.655    17.1658  35.886885    27.1545      7.587  250.29980  250.66575    -0.7047     4.7380 -9.990e-29
 146.544320      7.657    17.1631  35.890212    27.1591      7.589  250.30498  250.67080    -0.7047     4.7502 -9.990e-29
 146.544323      7.659    17.1622  35.890212    27.1597      7.590  250.30839  250.67417    -0.6736     4.7502 -9.990e-29
 146.544326      7.673    17.1629  35.889728    27.1621      7.605  250.30103  250.66682    -0.7825     4.4995 -9.990e-29
 146.544329      7.715    17.1627  35.893660    27.1589      7.646  250.30755  250.67334    -0.7125     4.4954 0.0000e+00
 146.544332      7.767    17.1625  35.885615    27.1571      7.697  250.31406  250.67987    -0.7669     4.4914 0.0000e+00
 146.544334      7.829    17.1604  35.885797    27.1571      7.759  250.32159  250.68730    -0.6424     4.4914 0.0000e+00
 146.544337      7.887    17.1572  35.885798    27.1593      7.816  250.33370  250.69928    -0.6580     4.7744 0.0000e+00
 146.544340      7.936    17.1544  35.887794    27.1628      7.865  250.34142  250.70686    -0.6580     4.7744 0.0000e+00
 146.544343      7.974    17.1537  35.889307    27.1639      7.903  250.34283  250.70824    -0.7047     4.7825 0.0000e+00
 146.544346      8.000    17.1530  35.884044    27.1650      7.928  250.34425  250.70962    -0.7514     4.7623 -9.990e-29
 146.544349      8.015    17.1520  35.882230    27.1597      7.943  250.35838  250.72374    -0.0354     5.0696 -9.990e-29
 146.544352      8.020    17.1508  35.886283    27.1639      7.948  250.35695  250.72223    -0.2066     5.0130 -9.990e-29
 146.544355      8.024    17.1495  35.886464    27.1650      7.952  250.36165  250.72688    -0.2066     5.0332 -9.990e-29
 146.544358      8.036    17.1481  35.883622    27.1635      7.964  250.37098  250.73615    -0.1132     5.0453 -9.990e-29
 146.544361      8.047    17.1426  35.885376    27.1642      7.975  250.39645  250.76140    -0.0043     4.8027 -9.990e-29
 146.544363      8.078    17.1411  35.880114    27.1677      8.006  250.39812  250.76299     0.0424     4.7906 0.0000e+00
 146.544366      8.118    17.1395  35.886042    27.1663      8.046  250.39980  250.76458     0.0891     4.8027 0.0000e+00
 146.544369      8.171    17.1367  35.877938    27.1713      8.098  250.42161  250.78631     0.0891     4.7785 0.0000e+00
 146.544372      8.226    17.1301  35.882354    27.1744      8.153  250.44013  250.80451    -0.0977     4.8027 0.0000e+00
 146.544375      8.283    17.1227  35.882778    27.1797      8.208  250.46714  250.83118    -0.3156     4.7866 0.0000e+00
 146.544378      8.330    17.1207  35.880118    27.1799      8.255  250.47664  250.84060    -0.3467     4.7946 0.0000e+00
 146.544381      8.359    17.1187  35.877457    27.1802      8.284  250.48614  250.85002    -0.3778     4.7866 -9.990e-29
 146.544384      8.377    17.1066  35.875341    27.1843      8.302  250.53822  250.90158    -0.3778     4.7946 -9.990e-29
 146.544387      8.385    17.0980  35.875342    27.1901      8.310  250.57044  250.93342    -0.1288     5.7489 -9.990e-29
 146.544389      8.385    17.0922  35.875343    27.1940      8.310  250.59213  250.95484    -0.0510     5.7692 -9.990e-29
