seaocn-cb/data/ctd_cnv/SBE19plus_01907321_2024_05_26_Cast65.cnv
* Sea-Bird SBE19plus  Data File:
* FileName = E:\Prandtl_Daten\2024\26052024\raw\SBE19plus_01907321_2024_05_26_Cast65.hex
* Software version 2.6.1.12
* Temperature SN = 7321
* Conductivity SN = 7321
* System UpLoad Time = May 26 2024 13:37:15
* <ApplicationData>
* <Seaterm232>
** 20240526
** Sea Practical 2024
** MCat 26.05 CTD_SP2
** NMEA Latitude = 054 06.074N
** NMEA Longitude = 008 34.869E
** waterdepth =16.7 m
** Isabelle
# nquan = 11
# nvalues = 544                         
# units = specified
# name 0 = timeJ: Julian Days
# name 1 = prdM: Pressure, Strain Gauge [db]
# name 2 = tv290C: Temperature [ITS-90, deg C]
# name 3 = c0mS/cm: Conductivity [mS/cm]
# name 4 = sal00: Salinity, Practical [PSU]
# name 5 = depSM: Depth [salt water, m], lat = 54.00
# name 6 = oxsatMm/Kg: Oxygen Saturation, Weiss [umol/kg]
# name 7 = oxsolMm/Kg: Oxygen Saturation, Garcia & Gordon [umol/kg]
# name 8 = turbWETntu0: Turbidity, WET Labs ECO [NTU]
# name 9 = flECO-AFL: Fluorescence, WET Labs ECO-AFL/FL [mg/m^3]
# name 10 = flag:  0.000e+00
# span 0 = 147.562679, 147.564251       
# span 1 =      0.456,     15.896       
# span 2 =    15.9305,    17.4236       
# span 3 =  36.639703,  36.976516       
# span 4 =    27.8681,    28.8691       
# span 5 =      0.452,     15.754       
# span 6 =  247.81038,  253.49320       
# span 7 =  248.18240,  253.79427       
# span 8 =    -3.1483,    22.5327       
# span 9 =     1.8711,     8.6119       
# span 10 = 0.0000e+00, 0.0000e+00      
# interval = seconds: 0.25
# start_time = May 26 2024 13:28:55 [Instrument's time stamp, header]
# bad_flag = -9.990e-29
*END*
[from data line 525]
 147.564198     15.794    15.9322  36.879152    28.8607     15.653  253.48744  253.78853    17.9257     7.1278 -9.990e-29
 147.564201     15.780    15.9316  36.879335    28.8613     15.638  253.48955  253.79061    18.0813     7.1642 -9.990e-29
 147.564204     15.769    15.9313  36.881415    28.8634     15.627  253.48762  253.78864    17.9412     7.0914 -9.990e-29
 147.564207     15.761    15.9313  36.877806    28.8602     15.620  253.49304  253.79409    14.3926     6.9095 -9.990e-29
 147.564210     15.754    15.9314  36.878479    28.8607     15.613  253.49143  253.79248    14.3615     6.9337 -9.990e-29
 147.564213     15.743    15.9317  36.880742    28.8625     15.602  253.48712  253.78817    14.3303     6.9297 -9.990e-29
 147.564216     15.745    15.9322  36.879641    28.8611     15.604  253.48668  253.78777    14.5171     6.9135 -9.990e-29
 147.564219     15.745    15.9324  36.879947    28.8613     15.604  253.48562  253.78671    16.6494     7.0227 -9.990e-29
 147.564222     15.749    15.9323  36.882577    28.8636     15.607  253.48196  253.78304    16.7584     7.0753 -9.990e-29
 147.564225     15.754    15.9322  36.879152    28.8607     15.613  253.48742  253.78851    16.4471     7.0227 -9.990e-29
 147.564227     15.761    15.9321  36.882760    28.8640     15.620  253.48259  253.78365    16.4782     7.0469 -9.990e-29
 147.564230     15.772    15.9319  36.879152    28.8609     15.631  253.48863  253.78970    17.1630     7.7384 -9.990e-29
 147.564233     15.789    15.9319  36.879641    28.8614     15.647  253.48790  253.78897    17.3187     7.7142 -9.990e-29
 147.564236     15.812    15.9322  36.883433    28.8644     15.671  253.48101  253.78207    17.2253     7.7222 -9.990e-29
 147.564239     15.834    15.9326  36.881231    28.8623     15.692  253.48314  253.78423    17.4587     7.6980 -9.990e-29
 147.564242     15.854    15.9332  36.881415    28.8620     15.712  253.48047  253.78160    17.3187     7.7263 -9.990e-29
 147.564245     15.874    15.9337  36.882332    28.8624     15.732  253.47731  253.77845    22.4237     7.0146 -9.990e-29
 147.564248     15.889    15.9338  36.881659    28.8618     15.747  253.47803  253.77918    22.4393     6.9863 -9.990e-29
 147.564251     15.896    15.9333  36.880314    28.8609     15.754  253.48186  253.78299    22.5327     6.9984 -9.990e-29
