seaocn-cb/data/ctd_cnv/SBE19plus_01907321_2024_05_25_Cast54.cnv
* Sea-Bird SBE19plus  Data File:
* FileName = E:\Prandtl_Daten\2024\25052024\raw\SBE19plus_01907321_2024_05_25_Cast54.hex
* Software version 2.6.1.12
* Temperature SN = 7321
* Conductivity SN = 7321
* System UpLoad Time = May 25 2024 09:12:07
* <ApplicationData>
* <Seaterm232>
** 20240525
** Sea Practical 2024
** MCat 25.05 CTD_SP8
** NMEA Latitude = 054 8.79N
** NMEA Longitude = 008 15.53E
** waterdepth =16.2m
** Till
# nquan = 11
# nvalues = 558                         
# units = specified
# name 0 = timeJ: Julian Days
# name 1 = prdM: Pressure, Strain Gauge [db]
# name 2 = tv290C: Temperature [ITS-90, deg C]
# name 3 = c0mS/cm: Conductivity [mS/cm]
# name 4 = sal00: Salinity, Practical [PSU]
# name 5 = depSM: Depth [salt water, m], lat = 54.00
# name 6 = oxsatMm/Kg: Oxygen Saturation, Weiss [umol/kg]
# name 7 = oxsolMm/Kg: Oxygen Saturation, Garcia & Gordon [umol/kg]
# name 8 = turbWETntu0: Turbidity, WET Labs ECO [NTU]
# name 9 = flECO-AFL: Fluorescence, WET Labs ECO-AFL/FL [mg/m^3]
# name 10 = flag:  0.000e+00
# span 0 = 146.379427, 146.381039       
# span 1 =      0.821,     15.594       
# span 2 =    13.4533,    14.9757       
# span 3 =  36.975228,  37.666759       
# span 4 =    29.6674,    31.4872       
# span 5 =      0.814,     15.454       
# span 6 =  256.95192,  261.74743       
# span 7 =  257.20000,  261.89429       
# span 8 =    -4.6736,     8.8206       
# span 9 =     3.8565,     9.1213       
# span 10 = 0.0000e+00, 0.0000e+00      
# interval = seconds: 0.25
# start_time = May 25 2024 09:05:00 [Instrument's time stamp, header]
# bad_flag = -9.990e-29
*END*
[from data line 132]
 146.379809      4.640    14.4601  37.198780    30.2566      4.598  258.60058  258.81651    -4.5802     5.7732 -9.990e-29
 146.379812      4.649    14.4535  37.191969    30.2557      4.607  258.63726  258.85284    -4.1444     5.7368 -9.990e-29
 146.379815      4.665    14.4457  37.200622    30.2691      4.623  258.65417  258.86921    -4.0821     5.7813 -9.990e-29
 146.379818      4.702    14.4441  37.200132    30.2728      4.660  258.65600  258.87091    -4.0121     5.7732 0.0000e+00
 146.379821      4.745    14.4424  37.205656    30.2766      4.703  258.65782  258.87262    -4.0821     5.7813 0.0000e+00
 146.379823      4.802    14.4377  37.211304    30.2854      4.759  258.66711  258.88158    -4.3623     6.0805 0.0000e+00
 146.379826      4.857    14.4289  37.217013    30.2974      4.813  258.69175  258.90564    -4.3623     6.0886 0.0000e+00
 146.379829      4.913    14.4200  37.221127    30.3081      4.869  258.71955  258.93285    -4.3467     6.0886 0.0000e+00
 146.379832      4.962    14.4127  37.224320    30.3166      4.918  258.74240  258.95523    -4.3000     6.0765 0.0000e+00
 146.379835      5.000    14.4090  37.227636    30.3210      4.956  258.75401  258.96660    -4.2767     6.0704 0.0000e+00
 146.379838      5.033    14.4053  37.223647    30.3254      4.988  258.76562  258.97798    -4.3000     6.0643 -9.990e-29
 146.379841      5.046    14.3928  37.227393    30.3350      5.001  258.81442  259.02601    -4.3467     5.7166 -9.990e-29
 146.379844      5.050    14.3864  37.230708    30.3430      5.005  258.83382  259.04499    -4.3778     5.7247 -9.990e-29
 146.379847      5.043    14.3799  37.232551    30.3497      4.998  258.85589  259.06664    -4.3311     5.6883 -9.990e-29
 146.379850      5.037    14.3740  37.236542    30.3580      4.992  258.87243  259.08278    -4.0666     6.5617 -9.990e-29
 146.379852      5.035    14.3691  37.237341    30.3625      4.990  258.88978  259.09982    -4.1911     6.5294 -9.990e-29
 146.379855      5.048    14.3647  37.239859    30.3683      5.003  258.90289  259.11264    -4.0199     6.5415 -9.990e-29
 146.379858      5.066    14.3596  37.239368    30.3718      5.021  258.92320  259.13265    -4.0043     6.5496 -9.990e-29
 146.379861      5.090    14.3538  37.240720    30.3806      5.044  258.93848  259.14753    -4.3467     6.6021 -9.990e-29
 146.379864      5.119    14.3527  37.243974    30.3851      5.073  258.93638  259.14533    -4.3467     6.6042 0.0000e+00
 146.379867      5.148    14.3515  37.251957    30.3896      5.102  258.93848  259.14753    -4.3467     6.6062 0.0000e+00
 146.379870      5.183    14.3470  37.254844    30.3957      5.137  258.94709  259.15563    -4.3311     6.6062 0.0000e+00
 146.379873      5.214    14.3416  37.258099    30.4029      5.167  258.96249  259.17068    -3.9576     6.5011 0.0000e+00
 146.379876      5.249    14.3355  37.258346    30.4079      5.202  258.98569  259.19349    -3.8487     6.4930 0.0000e+00
 146.379878      5.284    14.3334  37.259697    30.4093      5.236  258.99195  259.19961    -3.8175     6.4930 0.0000e+00
 146.379881      5.326    14.3314  37.256381    30.4108      5.278  259.00493  259.21249    -3.8175     6.4849 0.0000e+00
 146.379884      5.377    14.3277  37.260619    30.4160      5.329  259.01234  259.21964    -3.8331     6.4323 0.0000e+00
 146.379887      5.424    14.3228  37.259453    30.4189      5.376  259.03346  259.24047    -3.9732     6.3717 0.0000e+00
 146.379890      5.477    14.3156  37.264920    30.4294      5.428  259.05225  259.25877    -4.0510     6.3353 0.0000e+00
 146.379893      5.528    14.3088  37.267009    30.4366      5.479  259.07507  259.28115    -4.0510     6.3353 0.0000e+00
 146.379896      5.574    14.3038  37.266027    30.4397      5.524  259.09618  259.30195    -4.0510     6.3231 0.0000e+00
 146.379899      5.614    14.3002  37.268362    30.4446      5.564  259.10637  259.31190    -4.0977     6.0077 0.0000e+00
 146.379902      5.645    14.2997  37.267502    30.4447      5.594  259.10911  259.31462    -4.1054     6.0057 0.0000e+00
 146.379905      5.670    14.2991  37.267257    30.4447      5.620  259.11185  259.31733    -4.0977     6.0037 -9.990e-29
 146.379907      5.683    14.2967  37.269284    30.4482      5.632  259.11829  259.32360    -4.0199     6.0603 -9.990e-29
 146.379910      5.683    14.2935  37.270819    30.4521      5.632  259.12829  259.33339    -4.3311     6.2584 -9.990e-29
 146.379913      5.676    14.2911  37.271557    30.4547      5.625  259.13639  259.34133    -4.2845     6.2059 -9.990e-29
 146.379916      5.667    14.2897  37.272540    30.4566      5.616  259.14002  259.34487    -4.3156     6.2059 -9.990e-29
 146.379919      5.667    14.2888  37.274812    30.4595      5.616  259.14010  259.34487    -4.2689     6.2261 -9.990e-29
 146.379922      5.672    14.2873  37.271864    30.4579      5.622  259.15043  259.35513    -4.3778     7.2330 -9.990e-29
 146.379925      5.685    14.2857  37.276594    30.4635      5.634  259.14914  259.35370    -4.3311     7.2491 -9.990e-29
 146.379928      5.701    14.2786  37.278437    30.4775      5.650  259.16139  259.36544    -4.2845     7.2977 -9.990e-29
 146.379931      5.730    14.2754  37.285870    30.4825      5.679  259.16906  259.37289    -4.2845     7.2674 0.0000e+00
 146.379933      5.772    14.2723  37.291461    30.4875      5.721  259.17673  259.38033    -4.2845     7.2370 0.0000e+00
 146.379936      5.820    14.2637  37.295210    30.4977      5.768  259.20406  259.40710    -4.0821     6.3191 0.0000e+00
 146.379939      5.873    14.2544  37.298774    30.5082      5.820  259.23402  259.43645    -4.0821     6.2827 0.0000e+00
 146.379942      5.926    14.2495  37.298714    30.5121      5.873  259.25332  259.45544    -4.0821     6.2827 0.0000e+00
 146.379945      5.975    14.2472  37.303138    30.5179      5.922  259.25485  259.45680    -4.1132     6.2787 0.0000e+00
 146.379948      6.019    14.2445  37.302893    30.5197      5.965  259.26573  259.46751    -4.2845     5.7732 0.0000e+00
 146.379951      6.050    14.2393  37.304982    30.5257      5.996  259.28238  259.48382    -4.3467     5.7732 0.0000e+00
 146.379954      6.086    14.2346  37.304737    30.5292      6.032  259.30109  259.50224    -4.3000     5.7570 0.0000e+00
 146.379957      6.112    14.2304  37.307871    30.5354      6.057  259.31225  259.51311    -4.3467     5.7570 0.0000e+00
 146.379959      6.146    14.2268  37.304984    30.5356      6.091  259.33092  259.53157    -4.3467     6.9782 0.0000e+00
 146.379962      6.175    14.2254  37.310084    30.5391      6.120  259.33243  259.53296    -4.4089     6.9782 0.0000e+00
 146.379965      6.205    14.2239  37.310884    30.5425      6.149  259.33394  259.53436    -4.4712     6.9782 -9.990e-29
 146.379968      6.227    14.2185  37.314018    30.5503      6.171  259.34816  259.54822    -4.2845     6.9984 -9.990e-29
 146.379971      6.252    14.2158  37.318688    30.5567      6.196  259.35129  259.55114    -4.3934     6.6588 -9.990e-29
 146.379974      6.283    14.2130  37.323421    30.5632      6.227  259.35432  259.55396    -4.2689     6.6628 -9.990e-29
 146.379977      6.305    14.2086  37.324404    30.5676      6.249  259.36955  259.56891    -4.3934     6.6547 -9.990e-29
 146.379980      6.327    14.2045  37.325573    30.5719      6.270  259.38361  259.58270    -4.3778     6.7194 -9.990e-29
 146.379983      6.343    14.2027  37.325389    30.5732      6.286  259.39118  259.59015    -4.3000     6.7032 -9.990e-29
 146.379986      6.358    14.2001  37.327601    30.5772      6.301  259.39743  259.59622    -4.4245     6.6547 -9.990e-29
 146.379988      6.380    14.1966  37.334301    30.5861      6.322  259.40013  259.59865    -4.2222     6.6911 -9.990e-29
 146.379991      6.396    14.1851  37.335162    30.5990      6.339  259.43770  259.63546    -4.3778     6.6790 -9.990e-29
 146.379994      6.429    14.1831  37.338482    30.6004      6.371  259.44564  259.64328    -4.3701     6.6769 0.0000e+00
 146.379997      6.458    14.1831  37.338175    30.6004      6.400  259.44564  259.64328    -4.3701     6.6769 0.0000e+00
 146.380000      6.487    14.1811  37.344568    30.6018      6.429  259.45358  259.65109    -4.3623     6.6749 -9.990e-29
 146.380003      6.509    14.1757  37.344568    30.6120      6.451  259.46432  259.66144    -4.2845     6.6507 -9.990e-29
 146.380006      6.527    14.1750  37.343093    30.6112      6.469  259.46936  259.66644    -4.3467     6.6911 -9.990e-29
 146.380009      6.546    14.1761  37.345921    30.6129      6.487  259.46069  259.65781    -4.0821     7.4109 -9.990e-29
 146.380012      6.560    14.1756  37.350715    30.6176      6.502  259.45460  259.65165    -4.1132     7.3947 -9.990e-29
 146.380014      6.575    14.1715  37.354220    30.6274      6.516  259.45890  259.65564    -3.9265     7.3704 -9.990e-29
 146.380017      6.602    14.1688  37.357847    30.6300      6.543  259.46810  259.66467    -4.1677     7.1986 0.0000e+00
 146.380020      6.637    14.1662  37.359016    30.6326      6.578  259.47729  259.67369    -4.4090     7.0267 0.0000e+00
 146.380023      6.681    14.1621  37.361291    30.6380      6.621  259.48505  259.68080    -4.4090     7.0025 0.0000e+00
 146.380026      6.737    14.1579  37.374142    30.6530      6.677  259.48982  259.68594    -4.3467     6.9863 0.0000e+00
 146.380029      6.803    14.1500  37.382813    30.6671      6.743  259.50130  259.69648    -4.3467     6.9863 0.0000e+00
 146.380032      6.864    14.1386  37.390994    30.6837      6.802  259.53224  259.72662    -4.3623     6.9863 0.0000e+00
 146.380035      6.913    14.1290  37.394747    30.6947      6.851  259.56316  259.75691    -4.3623     6.4364 0.0000e+00
 146.380038      6.953    14.1260  37.398007    30.6986      6.891  259.57222  259.76576    -4.3001     6.4242 0.0000e+00
 146.380041      6.979    14.1229  37.404405    30.7025      6.916  259.58128  259.77461    -4.2378     6.4364 -9.990e-29
 146.380043      6.986    14.1087  37.408773    30.7236      6.923  259.61890  259.81123    -4.3467     6.4161 -9.990e-29
 146.380046      6.986    14.1016  37.414617    30.7346      6.923  259.63649  259.82833    -3.6774     6.5496 -9.990e-29
 146.380049      6.986    14.0950  37.417694    30.7427      6.923  259.65717  259.84856    -3.8642     6.5375 -9.990e-29
 146.380052      6.991    14.0899  37.418125    30.7471      6.929  259.67612  259.86719    -3.7864     6.5455 -9.990e-29
 146.380055      7.010    14.0832  37.424093    30.7615      6.947  259.68600  259.87656    -3.7086     7.5726 -9.990e-29
 146.380058      7.037    14.0806  37.427969    30.7675      6.974  259.68910  259.87946    -3.8409     7.5787 0.0000e+00
 146.380061      7.074    14.0780  37.436522    30.7734      7.010  259.69221  259.88236    -3.8487     7.5848 0.0000e+00
 146.380064      7.108    14.0713  37.443968    30.7855      7.044  259.70571  259.89537    -3.8487     7.5848 0.0000e+00
 146.380067      7.143    14.0637  37.451907    30.7989      7.079  259.72214  259.91125    -3.8487     7.5848 0.0000e+00
 146.380069      7.174    14.0593  37.454739    30.8037      7.109  259.73686  259.92567    -4.0666     7.2856 0.0000e+00
 146.380072      7.201    14.0549  37.457879    30.8085      7.137  259.75158  259.94010    -4.3467     6.9863 -9.990e-29
 146.380075      7.221    14.0425  37.462188    30.8252      7.156  259.78727  259.97494    -4.3156     6.9944 -9.990e-29
 146.380078      7.228    14.0386  37.464096    30.8300      7.164  259.79914  259.98654    -4.3156     7.0065 -9.990e-29
 146.380081      7.228    14.0345  37.471175    30.8398      7.164  259.80365  259.99073    -4.2378     6.9863 -9.990e-29
 146.380084      7.234    14.0272  37.475361    30.8495      7.169  259.82504  260.01161    -4.3156     7.4594 -9.990e-29
 146.380087      7.257    14.0146  37.475609    30.8592      7.193  259.87453  260.06030    -4.3778     7.4594 -9.990e-29
 146.380090      7.297    14.0135  37.474932    30.8623      7.232  259.87443  260.06011    -4.3078     7.4432 0.0000e+00
 146.380093      7.350    14.0125  37.479980    30.8655      7.285  259.87453  260.06030    -4.2378     7.4271 0.0000e+00
 146.380095      7.407    14.0088  37.485460    30.8734      7.341  259.87947  260.06477    -4.1132     7.1076 0.0000e+00
 146.380098      7.465    14.0017  37.491432    30.8846      7.398  259.89734  260.08213    -4.0510     7.0631 0.0000e+00
 146.380101      7.518    13.9949  37.491680    30.8902      7.451  259.92320  260.10755    -4.0510     7.0712 0.0000e+00
 146.380104      7.562    13.9925  37.491434    30.8920      7.494  259.93264  260.11684    -4.0510     7.0671 0.0000e+00
 146.380107      7.591    13.9901  37.492173    30.8938      7.523  259.94208  260.12613    -4.0666     7.0712 -9.990e-29
 146.380110      7.609    13.9858  37.494698    30.9003      7.541  259.95373  260.13747    -3.8020     6.5900 -9.990e-29
 146.380113      7.609    13.9820  37.492359    30.9012      7.541  259.97229  260.15580    -3.8487     6.6183 -9.990e-29
 146.380116      7.605    13.9799  37.493406    30.9038      7.537  259.97834  260.16171    -3.7708     6.6102 -9.990e-29
 146.380119      7.603    13.9789  37.494206    30.9054      7.535  259.98105  260.16435    -4.0821     7.9568 -9.990e-29
 146.380122      7.615    13.9773  37.497777    30.9099      7.546  259.98122  260.16438    -4.1599     7.9649 -9.990e-29
 146.380124      7.640    13.9682  37.508061    30.9319      7.572  259.99027  260.17271    -4.0510     7.9851 -9.990e-29
 146.380127      7.680    13.9643  37.513788    30.9399      7.611  259.99666  260.17880    -3.9810     7.9810 0.0000e+00
 146.380130      7.737    13.9604  37.524382    30.9479      7.667  260.00305  260.18489    -4.0510     7.9770 0.0000e+00
 146.380133      7.797    13.9497  37.533129    30.9645      7.727  260.03009  260.21117    -4.0199     6.7235 0.0000e+00
 146.380136      7.859    13.9352  37.541200    30.9835      7.789  260.07291  260.25297    -4.0821     6.7235 0.0000e+00
 146.380139      7.908    13.9277  37.539970    30.9890      7.837  260.10314  260.28272    -4.0665     6.7255 0.0000e+00
 146.380142      7.947    13.9201  37.540772    30.9945      7.875  260.13338  260.31247    -4.1132     6.7275 -9.990e-29
 146.380145      7.961    13.9055  37.547241    31.0130      7.890  260.17803  260.35611    -4.0510     6.9742 -9.990e-29
 146.380148      7.963    13.8990  37.550876    31.0215      7.892  260.19703  260.37465    -4.1132     6.9903 -9.990e-29
 146.380150      7.963    13.8910  37.556237    31.0329      7.892  260.21920  260.39625    -4.0199     6.9984 -9.990e-29
 146.380153      7.967    13.8837  37.558702    31.0411      7.895  260.24357  260.42012    -4.0977     6.9863 -9.990e-29
 146.380156      7.970    13.8788  37.563755    31.0497      7.899  260.25416  260.43035    -3.5529     7.1885 -9.990e-29
 146.380159      7.987    13.8603  37.572567    31.0790      7.915  260.29976  260.47460    -3.5685     7.1763 -9.990e-29
 146.380162      8.012    13.8544  37.579409    31.0863      7.941  260.31814  260.49257    -3.4907     7.1905 0.0000e+00
 146.380165      8.040    13.8485  37.584772    31.0935      7.968  260.33653  260.51055    -3.4907     7.2047 0.0000e+00
 146.380168      8.080    13.8353  37.592169    31.1110      8.008  260.37566  260.54874    -3.4907     8.2156 0.0000e+00
 146.380171      8.118    13.8183  37.600738    31.1326      8.046  260.42715  260.59904    -3.5218     8.2277 0.0000e+00
 146.380174      8.149    13.8096  37.600556    31.1397      8.076  260.46130  260.63262    -3.5996     8.2317 0.0000e+00
 146.380177      8.175    13.8008  37.600742    31.1467      8.102  260.49546  260.66620    -3.5218     8.2277 -9.990e-29
 146.380179      8.200    13.7819  37.605613    31.1666      8.127  260.56020  260.72964    -3.5218     8.2398 -9.990e-29
 146.380182      8.222    13.7742  37.606970    31.1741      8.149  260.58777  260.75669    -0.9070     8.8706 -9.990e-29
