seaocn-cb/data/ctd_cnv/SBE19plus_01907321_2024_05_29_Cast106.cnv
* Sea-Bird SBE19plus  Data File:
* FileName = E:\Prandtl_Daten\2024\29052024\raw\SBE19plus_01907321_2024_05_29_Cast106.hex
* Software version 2.6.1.12
* Temperature SN = 7321
* Conductivity SN = 7321
* System UpLoad Time = May 29 2024 11:22:07
* <ApplicationData>
* <Seaterm232>
** 20240527
** Sea Practical 2024
** MCat 27.05 CTD_Z3
** NMEA Latitude = 54 03.027N
** NMEA Longitude = 008 24.543E
** waterdepth = 15.5m
** Isabelle
# nquan = 11
# nvalues = 476                         
# units = specified
# name 0 = timeJ: Julian Days
# name 1 = prdM: Pressure, Strain Gauge [db]
# name 2 = tv290C: Temperature [ITS-90, deg C]
# name 3 = c0mS/cm: Conductivity [mS/cm]
# name 4 = sal00: Salinity, Practical [PSU]
# name 5 = depSM: Depth [salt water, m], lat = 54.00
# name 6 = oxsatMm/Kg: Oxygen Saturation, Weiss [umol/kg]
# name 7 = oxsolMm/Kg: Oxygen Saturation, Garcia & Gordon [umol/kg]
# name 8 = turbWETntu0: Turbidity, WET Labs ECO [NTU]
# name 9 = flECO-AFL: Fluorescence, WET Labs ECO-AFL/FL [mg/m^3]
# name 10 = flag:  0.000e+00
# span 0 = 150.469624, 150.470998       
# span 1 =      0.758,     14.852       
# span 2 =    15.6102,    15.6177       
# span 3 =  37.749182,  37.767662       
# span 4 =    29.8579,    29.8781       
# span 5 =      0.751,     14.719       
# span 6 =  253.33169,  253.35278       
# span 7 =  253.61026,  253.63116       
# span 8 =     1.9568,    14.4082       
# span 9 =     8.2964,    11.0542       
# span 10 = 0.0000e+00, 0.0000e+00      
# interval = seconds: 0.25
# start_time = May 29 2024 11:14:42 [Instrument's time stamp, header]
# bad_flag = -9.990e-29
*END*
[from data line 263]
 150.470385      8.831    15.6156  37.756965    29.8671      8.752  253.33856  253.61719     6.0191     8.9030 0.0000e+00
 150.470388      8.906    15.6156  37.759127    29.8671      8.826  253.33808  253.61671     6.0191     8.9030 0.0000e+00
 150.470391      8.979    15.6156  37.759930    29.8671      8.899  253.33785  253.61649     6.0191     8.9111 0.0000e+00
 150.470394      9.039    15.6156  37.758942    29.8674      8.959  253.33762  253.61625     5.9879     8.9111 0.0000e+00
 150.470396      9.089    15.6157  37.759498    29.8671      9.007  253.33774  253.61637     5.9802     8.9191 0.0000e+00
 150.470399      9.125    15.6156  37.758695    29.8674      9.043  253.33762  253.61625     5.9724     8.9111 -9.990e-29
 150.470402      9.143    15.6158  37.758510    29.8663      9.061  253.33828  253.61693     6.5638     9.4489 -9.990e-29
 150.470405      9.150    15.6157  37.760177    29.8679      9.068  253.33633  253.61495     6.5327     9.4408 -9.990e-29
 150.470408      9.152    15.6157  37.758016    29.8660      9.071  253.33933  253.61798     6.6261     9.4044 -9.990e-29
 150.470411      9.138    15.6157  37.759745    29.8675      9.056  253.33698  253.61561     5.6144     9.6794 -9.990e-29
 150.470414      9.116    15.6157  37.756287    29.8645      9.034  253.34224  253.62089     5.5833     9.7158 -9.990e-29
 150.470417      9.101    15.6157  37.759498    29.8673      9.020  253.33704  253.61568     5.4432     9.7158 -9.990e-29
 150.470420      9.087    15.6157  37.757584    29.8656      9.005  253.33995  253.61860     5.4587     9.6632 -9.990e-29
 150.470422      9.078    15.6157  37.758572    29.8665      8.997  253.33873  253.61737     6.3926     9.4367 -9.990e-29
 150.470425      9.089    15.6157  37.758942    29.8668      9.007  253.33788  253.61652     6.3615     9.4408 -9.990e-29
 150.470428      9.113    15.6156  37.758695    29.8668      9.031  253.33870  253.61733     6.3148     9.4287 -9.990e-29
 150.470431      9.158    15.6155  37.758819    29.8678      9.076  253.33740  253.61603     6.1669     9.3964 0.0000e+00
 150.470434      9.215    15.6154  37.760918    29.8678      9.132  253.33766  253.61628     6.0502     9.3801 0.0000e+00
 150.470437      9.282    15.6154  37.759931    29.8687      9.199  253.33611  253.61472     6.0191     9.3640 0.0000e+00
 150.470440      9.357    15.6154  37.762710    29.8694      9.273  253.33579  253.61439     6.0502     9.3761 0.0000e+00
 150.470443      9.435    15.6153  37.761598    29.8695      9.351  253.33526  253.61386     6.0502     9.3761 0.0000e+00
 150.470446      9.505    15.6153  37.761784    29.8695      9.420  253.33526  253.61386     6.0502     9.3761 0.0000e+00
 150.470448      9.559    15.6153  37.762772    29.8695      9.474  253.33526  253.61386     4.5871     8.8140 0.0000e+00
 150.470451      9.605    15.6153  37.761352    29.8697      9.519  253.33488  253.61348     4.5404     8.8079 0.0000e+00
 150.470454      9.636    15.6153  37.762711    29.8691      9.550  253.33627  253.61487     4.4938     8.8140 -9.990e-29
 150.470457      9.660    15.6153  37.764131    29.8715      9.573  253.33206  253.61065     4.4938     8.8059 -9.990e-29
 150.470460      9.680    15.6152  37.762896    29.8705      9.593  253.33425  253.61284     4.9607    10.3587 -9.990e-29
 150.470463      9.698    15.6152  37.762773    29.8704      9.611  253.33445  253.61304     5.0852    10.3506 -9.990e-29
 150.470466      9.705    15.6153  37.762032    29.8697      9.618  253.33529  253.61389     4.9762    10.3546 -9.990e-29
 150.470469      9.714    15.6150  37.763205    29.8709      9.627  253.33439  253.61297     5.0074    10.3466 -9.990e-29
 150.470472      9.721    15.6148  37.760673    29.8688      9.634  253.33914  253.61772     4.0891    10.9774 -9.990e-29
 150.470475      9.732    15.6147  37.763884    29.8717      9.645  253.33454  253.61309     4.0891    10.9855 -9.990e-29
 150.470477      9.738    15.6147  37.763328    29.8712      9.651  253.33539  253.61395     4.0268    10.9855 -9.990e-29
 150.470480      9.743    15.6146  37.762464    29.8706      9.656  253.33730  253.61585     4.0268    10.9774 -9.990e-29
 150.470483      9.747    15.6144  37.763699    29.8718      9.659  253.33600  253.61454     4.5405     9.7805 -9.990e-29
 150.470486      9.745    15.6144  37.763329    29.8714      9.658  253.33657  253.61511     4.4782     9.7400 -9.990e-29
 150.470489      9.758    15.6145  37.765984    29.8737      9.671  253.33223  253.61076     4.5249     9.7481 -9.990e-29
 150.470492      9.780    15.6141  37.764255    29.8724      9.692  253.33656  253.61507     4.5093     9.7521 -9.990e-29
 150.470495      9.816    15.6140  37.764131    29.8725      9.728  253.33677  253.61528     7.8634     9.7825 0.0000e+00
 150.470498      9.865    15.6140  37.764255    29.8724      9.777  253.33698  253.61549    11.2175     9.8047 0.0000e+00
 150.470501      9.920    15.6140  37.762959    29.8721      9.831  253.33741  253.61593    11.2953     9.8128 0.0000e+00
 150.470503      9.975    15.6140  37.763823    29.8714      9.885  253.33870  253.61722    11.2953     9.8128 0.0000e+00
 150.470506     10.031    15.6141  37.762712    29.8710      9.941  253.33885  253.61738    11.1397     9.8128 0.0000e+00
 150.470509     10.093    15.6142  37.761601    29.8699     10.003  253.34000  253.61854     9.5521     9.5055 0.0000e+00
 150.470512     10.155    15.6145  37.759378    29.8685     10.064  253.34135  253.61992     9.5521     9.5055 0.0000e+00
 150.470515     10.212    15.6145  37.760181    29.8678     10.121  253.34254  253.62112     9.5521     9.5055 0.0000e+00
 150.470518     10.272    15.6146  37.758700    29.8670     10.180  253.34306  253.62165     9.5521     9.5176 0.0000e+00
 150.470521     10.333    15.6149  37.756724    29.8651     10.240  253.34468  253.62330     9.5366     9.6834 0.0000e+00
 150.470524     10.394    15.6150  37.756724    29.8651     10.301  253.34468  253.62330     9.5366     9.6915 0.0000e+00
 150.470527     10.438    15.6152  37.758824    29.8657     10.345  253.34266  253.62127     9.4821     9.6956 0.0000e+00
 150.470530     10.471    15.6153  37.756910    29.8666     10.377  253.34063  253.61924     9.5521     9.7077 -9.990e-29
 150.470532     10.489    15.6161  37.757404    29.8647     10.395  253.33989  253.61856     9.9568     9.5742 -9.990e-29
 150.470535     10.477    15.6161  37.757404    29.8647     10.383  253.33959  253.61826    10.0969     9.5783 -9.990e-29
 150.470538     10.440    15.6161  37.755860    29.8633     10.347  253.34192  253.62061    10.0035     9.5581 -9.990e-29
 150.470541     10.391    15.6162  37.756045    29.8634     10.298  253.34132  253.62000    10.0191     9.5864 -9.990e-29
 150.470544     10.336    15.6164  37.754254    29.8618     10.244  253.34343  253.62214    10.0502     9.5742 -9.990e-29
 150.470547     10.293    15.6164  37.755798    29.8631     10.200  253.34075  253.61946     9.5677     9.6996 -9.990e-29
 150.470550     10.260    15.6164  37.756044    29.8633     10.168  253.34036  253.61906     9.4899     9.6834 -9.990e-29
 150.470553     10.260    15.6164  37.758082    29.8651     10.168  253.33725  253.61594     9.5833     9.6672 -9.990e-29
 150.470556     10.287    15.6164  37.755365    29.8627     10.195  253.34141  253.62012     9.5366     9.6551 -9.990e-29
 150.470558     10.344    15.6165  37.756909    29.8640     10.251  253.33880  253.61750     9.9724     9.7562 -9.990e-29
 150.470561     10.424    15.6166  37.755551    29.8623     10.331  253.34125  253.61996     9.9257     9.7441 -9.990e-29
 150.470564     10.523    15.6166  37.755181    29.8615     10.429  253.34289  253.62160     9.9335     9.7522 0.0000e+00
 150.470567     10.623    15.6166  37.753267    29.8612     10.528  253.34247  253.62120     9.9412     9.7441 0.0000e+00
 150.470570     10.718    15.6168  37.754070    29.8612     10.622  253.34247  253.62120    10.8284     9.1213 0.0000e+00
 150.470573     10.804    15.6168  37.756232    29.8624     10.707  253.33991  253.61864    10.8284     9.1133 0.0000e+00
 150.470576     10.869    15.6168  37.755614    29.8624     10.772  253.33991  253.61864    10.8595     9.1133 0.0000e+00
 150.470579     10.924    15.6169  37.754874    29.8624     10.826  253.33991  253.61864    10.7194     9.1133 0.0000e+00
 150.470582     10.951    15.6170  37.756479    29.8623     10.853  253.33913  253.61786     9.7233     9.1052 0.0000e+00
 150.470584     10.977    15.6172  37.756479    29.8629     10.878  253.33747  253.61621     8.5871     9.0849 -9.990e-29
 150.470587     11.000    15.6170  37.755306    29.8620     10.902  253.33987  253.61861     8.5249     9.4489 -9.990e-29
 150.470590     11.023    15.6171  37.752960    29.8599     10.924  253.34317  253.62193     8.5560     9.4327 -9.990e-29
 150.470593     11.044    15.6170  37.755306    29.8620     10.945  253.33990  253.61864     8.5871     9.4367 -9.990e-29
 150.470596     11.066    15.6168  37.756047    29.8627     10.967  253.33937  253.61809     9.7856    10.7994 -9.990e-29
 150.470599     11.083    15.6168  37.756480    29.8632     10.983  253.33901  253.61773     9.8012    10.7914 -9.990e-29
 150.470602     11.088    15.6167  37.756047    29.8628     10.989  253.33997  253.61868     9.8478    10.7711 -9.990e-29
 150.470605     11.083    15.6168  37.755121    29.8620     10.983  253.34108  253.61981     9.8012    10.7792 -9.990e-29
 150.470608     11.072    15.6169  37.755368    29.8621     10.972  253.34011  253.61885     9.8167     9.7077 -9.990e-29
 150.470611     11.057    15.6170  37.754936    29.8616     10.958  253.34047  253.61921     9.7233     9.6672 -9.990e-29
 150.470613     11.042    15.6172  37.755800    29.8623     10.943  253.33856  253.61730     9.7856     9.6753 -9.990e-29
 150.470616     11.033    15.6171  37.756047    29.8626     10.935  253.33847  253.61721     9.7856     9.6996 -9.990e-29
 150.470619     11.039    15.6173  37.753269    29.8599     10.940  253.34183  253.62060     8.2603     9.6915 -9.990e-29
 150.470622     11.055    15.6171  37.756294    29.8617     10.956  253.33992  253.61866     8.3848     9.6955 -9.990e-29
 150.470625     11.094    15.6171  37.755121    29.8627     10.994  253.33819  253.61693     8.3225     9.6935 0.0000e+00
 150.470628     11.143    15.6171  37.757406    29.8637     11.043  253.33776  253.61647     8.2914     9.6915 0.0000e+00
 150.470631     11.207    15.6168  37.757159    29.8637     11.107  253.33776  253.61647     8.2603     9.6874 0.0000e+00
 150.470634     11.284    15.6168  37.755369    29.8633     11.183  253.33880  253.61752     6.8440     9.5014 0.0000e+00
 150.470637     11.365    15.6167  37.756728    29.8633     11.264  253.33880  253.61752     6.8284     9.5014 0.0000e+00
 150.470639     11.438    15.6165  37.757839    29.8644     11.336  253.33803  253.61673     6.8284     9.4934 0.0000e+00
 150.470642     11.509    15.6164  37.758519    29.8651     11.406  253.33762  253.61631     6.7350     9.4853 0.0000e+00
 150.470645     11.564    15.6164  37.758581    29.8651     11.460  253.33745  253.61613     6.6416     9.3781 0.0000e+00
 150.470648     11.604    15.6164  37.757408    29.8651     11.500  253.33727  253.61596     6.5482     9.2629 -9.990e-29
 150.470651     11.626    15.6165  37.758581    29.8650     11.522  253.33701  253.61570     6.4704     9.2063 -9.990e-29
 150.470654     11.637    15.6165  37.761359    29.8674     11.533  253.33278  253.61145     6.6883     9.2346 -9.990e-29
 150.470657     11.641    15.6164  37.759939    29.8663     11.537  253.33553  253.61421     6.2992    10.2293 -9.990e-29
 150.470660     11.649    15.6164  37.760063    29.8664     11.544  253.33535  253.61402     6.2214    10.1969 -9.990e-29
 150.470663     11.665    15.6162  37.758581    29.8652     11.560  253.33821  253.61688     6.2525    10.2131 -9.990e-29
 150.470666     11.685    15.6161  37.760495    29.8670     11.580  253.33561  253.61427     8.3381    10.0635 -9.990e-29
 150.470668     11.723    15.6161  37.760495    29.8672     11.618  253.33530  253.61395     8.3303    10.0676 0.0000e+00
 150.470671     11.752    15.6161  37.761113    29.8670     11.647  253.33561  253.61427     8.3226    10.0716 0.0000e+00
 150.470674     11.781    15.6161  37.759384    29.8667     11.676  253.33602  253.61468     8.3070    10.0757 0.0000e+00
 150.470677     11.807    15.6162  37.762039    29.8659     11.701  253.33705  253.61572     8.2914    10.0797 -9.990e-29
 150.470680     11.827    15.6162  37.759137    29.8657     11.721  253.33745  253.61613     8.2914    10.0635 -9.990e-29
 150.470683     11.843    15.6161  37.758335    29.8650     11.737  253.33898  253.61766     5.9101     9.3640 -9.990e-29
 150.470686     11.858    15.6159  37.760064    29.8667     11.752  253.33723  253.61588     5.9101     9.3923 -9.990e-29
 150.470689     11.864    15.6160  37.762780    29.8690     11.757  253.33280  253.61143     5.9568     9.4003 -9.990e-29
 150.470692     11.873    15.6159  37.762904    29.8692     11.766  253.33291  253.61154     5.9879     9.3640 -9.990e-29
 150.470694     11.889    15.6156  37.762904    29.8694     11.783  253.33409  253.61271     2.8284     9.1699 -9.990e-29
 150.470697     11.911    15.6153  37.764139    29.8695     11.805  253.33558  253.61418     2.8440     9.1739 -9.990e-29
 150.470700     11.940    15.6152  37.762719    29.8703     11.833  253.33476  253.61334     2.7973     9.1597 0.0000e+00
 150.470703     11.978    15.6150  37.764386    29.8711     11.871  253.33394  253.61251     2.8440     9.1739 0.0000e+00
 150.470706     12.022    15.6148  37.766054    29.8727     11.914  253.33230  253.61085     3.5599     9.3599 0.0000e+00
 150.470709     12.055    15.6147  37.766918    29.8734     11.947  253.33228  253.61081     3.5599     9.3720 0.0000e+00
 150.470712     12.086    15.6146  37.766671    29.8736     11.978  253.33228  253.61081     3.5599     9.3720 0.0000e+00
 150.470715     12.114    15.6141  37.766918    29.8737     12.005  253.33367  253.61218     3.6222     9.3720 0.0000e+00
 150.470718     12.145    15.6140  37.766486    29.8737     12.036  253.33465  253.61315     4.9918     9.0526 0.0000e+00
 150.470720     12.179    15.6138  37.766054    29.8735     12.070  253.33620  253.61470     5.0696     9.0526 0.0000e+00
 150.470723     12.219    15.6138  37.765746    29.8735     12.110  253.33620  253.61470     5.0541     9.0566 0.0000e+00
 150.470726     12.270    15.6138  37.766240    29.8733     12.161  253.33671  253.61524     5.0541     9.0566 0.0000e+00
 150.470729     12.331    15.6142  37.764820    29.8720     12.220  253.33614  253.61469     5.0385     9.0566 0.0000e+00
 150.470732     12.396    15.6145  37.764449    29.8714     12.285  253.33671  253.61524     4.5871     9.1618 0.0000e+00
 150.470735     12.462    15.6146  37.763709    29.8712     12.350  253.33614  253.61469     4.5405     9.1618 0.0000e+00
 150.470738     12.522    15.6147  37.764450    29.8711     12.410  253.33534  253.61390     4.5093     9.1537 0.0000e+00
 150.470741     12.577    15.6148  37.764450    29.8712     12.464  253.33508  253.61364     4.5405     9.1537 0.0000e+00
 150.470744     12.622    15.6149  37.765068    29.8714     12.509  253.33448  253.61304     5.0229     9.1881 0.0000e+00
 150.470747     12.648    15.6149  37.763833    29.8716     12.535  253.33387  253.61243     5.5521     9.2224 -9.990e-29
 150.470749     12.650    15.6150  37.763895    29.8705     12.537  253.33538  253.61396     5.4899     9.2507 -9.990e-29
 150.470752     12.632    15.6148  37.764697    29.8713     12.519  253.33473  253.61329     5.5988     9.2265 -9.990e-29
 150.470755     12.599    15.6149  37.763462    29.8702     12.486  253.33630  253.61488     4.2603     9.6713 -9.990e-29
 150.470758     12.553    15.6150  37.763586    29.8702     12.441  253.33550  253.61408     4.1825     9.7036 -9.990e-29
