seaocn-cb/data/ctd_cnv/SBE19plus_01907321_2024_05_29_Cast110.cnv
* Sea-Bird SBE19plus  Data File:
* FileName = E:\Prandtl_Daten\2024\29052024\raw\SBE19plus_01907321_2024_05_29_Cast110.hex
* Software version 2.6.1.12
* Temperature SN = 7321
* Conductivity SN = 7321
* System UpLoad Time = May 29 2024 13:34:29
* <ApplicationData>
* <Seaterm232>
** 20240529
** Sea Practical 2024
** MCat 27.05 CTD_M1
** NMEA Latitude = 54 06.03N
** NMEA Longitude = 008 25.25E
** waterdepth = 17m
** Till
# nquan = 11
# nvalues = 613                         
# units = specified
# name 0 = timeJ: Julian Days
# name 1 = prdM: Pressure, Strain Gauge [db]
# name 2 = tv290C: Temperature [ITS-90, deg C]
# name 3 = c0mS/cm: Conductivity [mS/cm]
# name 4 = sal00: Salinity, Practical [PSU]
# name 5 = depSM: Depth [salt water, m], lat = 54.00
# name 6 = oxsatMm/Kg: Oxygen Saturation, Weiss [umol/kg]
# name 7 = oxsolMm/Kg: Oxygen Saturation, Garcia & Gordon [umol/kg]
# name 8 = turbWETntu0: Turbidity, WET Labs ECO [NTU]
# name 9 = flECO-AFL: Fluorescence, WET Labs ECO-AFL/FL [mg/m^3]
# name 10 = flag:  0.000e+00
# span 0 = 150.559459, 150.561230       
# span 1 =      0.488,     16.390       
# span 2 =    15.2481,    15.3541       
# span 3 =  37.868360,  37.964588       
# span 4 =    30.2380,    30.2547       
# span 5 =      0.484,     16.244       
# span 6 =  253.99821,  254.54566       
# span 7 =  254.26095,  254.80309       
# span 8 =    -3.1950,     7.7000       
# span 9 =     3.1489,     7.1400       
# span 10 = 0.0000e+00, 0.0000e+00      
# interval = seconds: 0.25
# start_time = May 29 2024 13:24:08 [Instrument's time stamp, header]
# bad_flag = -9.990e-29
*END*
[from data line 394]
 150.560599     11.238    15.2754  37.901726    30.2520     11.137  254.39256  254.65131    -0.7981     6.0360 -9.990e-29
 150.560602     11.258    15.2758  37.901170    30.2511     11.157  254.39169  254.65047     0.3537     6.2584 -9.990e-29
 150.560605     11.271    15.2761  37.900613    30.2504     11.170  254.39168  254.65048     0.3226     6.2099 -9.990e-29
 150.560608     11.280    15.2762  37.898140    30.2482     11.179  254.39523  254.65405     0.2603     6.2220 -9.990e-29
 150.560611     11.287    15.2761  37.897893    30.2480     11.186  254.39591  254.65473     0.4471     6.2584 -9.990e-29
 150.560613     11.287    15.2758  37.901046    30.2510     11.186  254.39190  254.65068    -0.0354     7.1157 -9.990e-29
 150.560616     11.282    15.2757  37.898573    30.2489     11.181  254.39631  254.65510     0.0891     7.0874 -9.990e-29
 150.560619     11.282    15.2755  37.899253    30.2497     11.181  254.39584  254.65461     0.1202     7.1197 -9.990e-29
 150.560622     11.278    15.2756  37.899995    30.2503     11.177  254.39439  254.65317     0.1202     7.1400 -9.990e-29
 150.560625     11.274    15.2759  37.898573    30.2488     11.173  254.39543  254.65423     0.1202     7.1076 -9.990e-29
 150.560628     11.283    15.2761  37.899933    30.2498     11.182  254.39274  254.65155    -0.0354     6.2948 -9.990e-29
 150.560631     11.305    15.2763  37.901170    30.2488     11.204  254.39334  254.65216    -0.1132     6.2625 -9.990e-29
 150.560634     11.336    15.2764  37.899006    30.2501     11.235  254.39052  254.64934    -0.1443     6.2807 0.0000e+00
 150.560637     11.375    15.2765  37.902098    30.2508     11.273  254.38869  254.64751    -0.1755     6.2625 0.0000e+00
 150.560639     11.426    15.2765  37.901479    30.2508     11.323  254.38770  254.64651    -0.3467     6.0927 0.0000e+00
 150.560642     11.489    15.2769  37.901232    30.2506     11.387  254.38766  254.64650    -0.3623     6.0886 0.0000e+00
 150.560645     11.559    15.2772  37.901851    30.2503     11.455  254.38628  254.64515    -0.3623     6.0846 0.0000e+00
 150.560648     11.634    15.2774  37.901047    30.2506     11.529  254.38587  254.64472    -0.3467     6.0846 0.0000e+00
 150.560651     11.696    15.2778  37.902532    30.2507     11.591  254.38257  254.64145    -0.2845     6.1412 0.0000e+00
 150.560654     11.756    15.2780  37.904140    30.2507     11.651  254.38257  254.64145    -0.1911     6.1412 0.0000e+00
 150.560657     11.798    15.2782  37.901233    30.2505     11.692  254.38107  254.63996    -0.1366     6.1311 0.0000e+00
 150.560660     11.829    15.2783  37.903707    30.2491     11.723  254.38289  254.64181    -0.0821     6.1210 -9.990e-29
 150.560663     11.851    15.2784  37.902594    30.2502     11.745  254.38024  254.63915    -0.2689     6.1048 -9.990e-29
 150.560666     11.875    15.2787  37.903707    30.2509     11.768  254.37736  254.63629    -0.0354     6.0724 -9.990e-29
 150.560668     11.895    15.2791  37.904140    30.2510     11.788  254.37525  254.63419    -0.1911     6.0967 -9.990e-29
 150.560671     11.911    15.2794  37.904573    30.2512     11.804  254.37342  254.63238    -0.2689     6.1129 -9.990e-29
 150.560674     11.926    15.2799  37.902779    30.2492     11.819  254.37446  254.63346    -0.1755     6.0724 -9.990e-29
 150.560677     11.940    15.2798  37.903707    30.2501     11.833  254.37332  254.63231     1.7078     7.0672 -9.990e-29
 150.560680     11.957    15.2796  37.904635    30.2511     11.850  254.37277  254.63174     1.5677     7.0672 -9.990e-29
 150.560683     11.966    15.2793  37.901048    30.2481     11.859  254.37950  254.63848     1.5677     7.0591 -9.990e-29
 150.560686     11.973    15.2789  37.898822    30.2464     11.866  254.38412  254.64309     1.6611     7.0591 -9.990e-29
 150.560689     11.971    15.2787  37.904140    30.2513     11.864  254.37675  254.63567    -0.9537     6.1048 -9.990e-29
 150.560692     11.966    15.2788  37.901914    30.2493     11.859  254.37990  254.63885    -0.9381     6.1048 -9.990e-29
 150.560694     11.953    15.2789  37.901419    30.2488     11.846  254.38037  254.63932    -1.0160     6.1048 -9.990e-29
 150.560697     11.935    15.2790  37.904140    30.2511     11.828  254.37556  254.63450    -0.7047     6.0927 -9.990e-29
 150.560700     11.924    15.2795  37.904635    30.2511     11.817  254.37304  254.63201    -0.6891     5.8258 -9.990e-29
 150.560703     11.922    15.2797  37.903954    30.2504     11.815  254.37322  254.63221    -0.6891     5.8177 -9.990e-29
 150.560706     11.937    15.2803  37.905068    30.2485     11.830  254.37371  254.63273    -0.6424     5.8419 -9.990e-29
 150.560709     11.973    15.2805  37.902347    30.2493     11.866  254.37113  254.63016    -0.8447     5.9086 0.0000e+00
 150.560712     12.031    15.2807  37.904573    30.2501     11.924  254.36855  254.62758    -1.0471     5.9713 0.0000e+00
 150.560715     12.108    15.2810  37.905130    30.2504     11.999  254.36686  254.62590    -1.2339     5.9754 0.0000e+00
 150.560718     12.205    15.2812  37.906800    30.2514     12.095  254.36351  254.62257    -1.2494     5.9835 0.0000e+00
 150.560720     12.309    15.2813  37.906615    30.2514     12.198  254.36345  254.62250    -1.2494     5.9835 0.0000e+00
 150.560723     12.420    15.2817  37.906986    30.2514     12.309  254.36155  254.62063    -1.3117     5.9835 0.0000e+00
 150.560726     12.524    15.2821  37.907296    30.2513     12.412  254.35968  254.61877    -1.5763     6.0158 0.0000e+00
 150.560729     12.612    15.2828  37.907667    30.2510     12.499  254.35625  254.61538    -1.6385     6.0320 0.0000e+00
 150.560732     12.674    15.2831  37.907729    30.2508     12.560  254.35505  254.61421    -1.6074     6.0320 0.0000e+00
 150.560735     12.705    15.2835  37.908842    30.2506     12.591  254.35386  254.61303    -1.6385     6.0320 -9.990e-29
 150.560738     12.708    15.2844  37.910264    30.2521     12.595  254.34646  254.60567    -1.0782     5.8096 -9.990e-29
 150.560741     12.692    15.2845  37.905935    30.2481     12.578  254.35257  254.61182    -0.7981     5.8217 -9.990e-29
 150.560744     12.654    15.2845  37.909584    30.2514     12.540  254.34690  254.60612    -0.9381     5.8015 -9.990e-29
 150.560747     12.613    15.2848  37.905502    30.2476     12.501  254.35232  254.61158    -0.8759     5.8096 -9.990e-29
 150.560749     12.570    15.2847  37.909584    30.2513     12.457  254.34626  254.60549    -0.6891     5.7772 -9.990e-29
 150.560752     12.530    15.2850  37.908408    30.2500     12.417  254.34690  254.60615    -0.6269     5.7247 -9.990e-29
 150.560755     12.500    15.2850  37.909521    30.2510     12.388  254.34515  254.60440    -0.5646     5.7692 -9.990e-29
 150.560758     12.482    15.2852  37.910264    30.2516     12.370  254.34341  254.60266    -0.7047     5.7287 -9.990e-29
 150.560761     12.479    15.2849  37.909707    30.2513     12.367  254.34514  254.60438    -1.3584     5.5912 -9.990e-29
 150.560764     12.488    15.2848  37.910016    30.2517     12.376  254.34525  254.60448    -1.2806     5.5387 -9.990e-29
 150.560767     12.504    15.2849  37.908408    30.2502     12.392  254.34746  254.60671    -1.0315     5.5589 -9.990e-29
 150.560770     12.526    15.2846  37.908161    30.2501     12.414  254.34873  254.60797    -0.9848     5.5710 -9.990e-29
 150.560773     12.555    15.2847  37.910016    30.2517     12.443  254.34559  254.60481    -1.0471     5.5912 -9.990e-29
 150.560775     12.603    15.2846  37.905935    30.2481     12.490  254.35223  254.61148    -0.7514     6.0239 -9.990e-29
 150.560778     12.655    15.2835  37.906306    30.2486     12.542  254.35735  254.61653    -0.5490     6.0401 -9.990e-29
 150.560781     12.736    15.2831  37.905503    30.2496     12.622  254.35744  254.61660    -0.6969     6.0401 0.0000e+00
 150.560784     12.823    15.2827  37.907297    30.2491     12.708  254.35753  254.61666    -0.8448     6.0401 0.0000e+00
 150.560787     12.929    15.2822  37.905133    30.2507     12.813  254.36029  254.61938    -1.3428     5.9147 0.0000e+00
 150.560790     13.044    15.2820  37.907298    30.2503     12.927  254.36189  254.62099    -1.3895     5.9107 0.0000e+00
 150.560793     13.155    15.2820  37.906308    30.2505     13.037  254.36118  254.62028    -1.3895     5.9107 0.0000e+00
 150.560796     13.254    15.2821  37.906618    30.2503     13.135  254.36118  254.62028    -1.3895     5.8986 0.0000e+00
 150.560799     13.321    15.2822  37.906371    30.2503     13.202  254.36110  254.62021    -0.9849     5.6378 0.0000e+00
 150.560802     13.358    15.2822  37.906557    30.2501     13.238  254.36102  254.62013    -0.5335     5.3769 -9.990e-29
 150.560804     13.358    15.2824  37.905691    30.2493     13.238  254.36122  254.62035    -0.5335     5.3365 -9.990e-29
 150.560807     13.321    15.2826  37.907237    30.2506     13.202  254.35822  254.61735    -0.2845     5.3971 -9.990e-29
 150.560810     13.259    15.2825  37.906185    30.2497     13.141  254.36010  254.61923    -0.5490     5.5225 -9.990e-29
 150.560813     13.181    15.2822  37.906185    30.2500     13.063  254.36122  254.62033    -0.4401     5.5104 -9.990e-29
 150.560816     13.099    15.2824  37.906741    30.2503     12.981  254.35943  254.61856    -0.3623     5.5144 -9.990e-29
 150.560819     13.037    15.2823  37.905690    30.2495     12.920  254.36161  254.62073    -0.4557     5.5063 -9.990e-29
 150.560822     12.986    15.2817  37.905566    30.2499     12.869  254.36381  254.62290    -0.4557     5.4901 -9.990e-29
 150.560825     12.969    15.2817  37.901237    30.2461     12.853  254.37079  254.62991    -1.4985     5.4538 -9.990e-29
 150.560828     12.980    15.2812  37.905566    30.2503     12.864  254.36584  254.62490    -1.3895     5.4618 -9.990e-29
 150.560830     13.020    15.2813  37.906617    30.2511     12.904  254.36395  254.62300    -1.4829     5.4618 -9.990e-29
 150.560833     13.095    15.2813  37.905690    30.2503     12.978  254.36543  254.62449    -1.5452     5.4376 -9.990e-29
 150.560836     13.181    15.2811  37.901423    30.2466     13.063  254.37267  254.63176     0.4159     5.4699 -9.990e-29
 150.560839     13.294    15.2807  37.899692    30.2485     13.175  254.37168  254.63073     0.2447     5.4416 -9.990e-29
 150.560842     13.409    15.2804  37.903279    30.2475     13.289  254.37480  254.63384     0.1825     5.4517 0.0000e+00
 150.560845     13.515    15.2801  37.900621    30.2485     13.394  254.37791  254.63694     0.1202     5.4618 0.0000e+00
 150.560848     13.608    15.2786  37.901920    30.2485     13.486  254.38148  254.64042     0.1047     5.5104 0.0000e+00
 150.560851     13.674    15.2780  37.900498    30.2486     13.551  254.38508  254.64398     0.0113     5.5104 0.0000e+00
 150.560854     13.721    15.2773  37.900622    30.2485     13.598  254.38868  254.64755    -0.0821     5.5104 -9.990e-29
 150.560856     13.745    15.2762  37.899757    30.2487     13.622  254.39394  254.65276     0.1513     5.4821 -9.990e-29
 150.560859     13.752    15.2761  37.902354    30.2511     13.629  254.39051  254.64930     1.3187     5.7368 -9.990e-29
 150.560862     13.748    15.2762  37.899695    30.2487     13.625  254.39433  254.65315     1.3654     5.6762 -9.990e-29
 150.560865     13.738    15.2755  37.894872    30.2450     13.614  254.40442  254.66323     1.2253     5.7045 -9.990e-29
 150.560868     13.719    15.2745  37.895490    30.2462     13.596  254.40695  254.66570     1.2875     5.6802 -9.990e-29
 150.560871     13.703    15.2727  37.891595    30.2442     13.580  254.41996  254.67864     1.3498     5.7045 -9.990e-29
 150.560874     13.692    15.2705  37.889493    30.2440     13.569  254.43137  254.68993     1.6299     6.0320 -9.990e-29
 150.560877     13.681    15.2684  37.886711    30.2432     13.558  254.44353  254.70200     1.6922     6.0482 -9.990e-29
 150.560880     13.666    15.2662  37.887020    30.2451     13.544  254.45120  254.70954     1.7233     6.0239 -9.990e-29
 150.560883     13.653    15.2642  37.885475    30.2453     13.531  254.46116  254.71939     1.5833     6.0401 -9.990e-29
 150.560885     13.646    15.2630  37.883929    30.2448     13.524  254.46792  254.72610    -0.1444     5.4942 -9.990e-29
 150.560888     13.657    15.2620  37.886341    30.2478     13.535  254.46797  254.72608    -0.0199     5.5225 -9.990e-29
 150.560891     13.674    15.2612  37.886959    30.2469     13.551  254.47389  254.73196    -0.0666     5.5144 -9.990e-29
 150.560894     13.717    15.2612  37.884610    30.2479     13.594  254.47219  254.73025     0.0890     5.6095 0.0000e+00
 150.560897     13.776    15.2612  37.886836    30.2488     13.652  254.47048  254.72853     0.2136     5.7045 0.0000e+00
 150.560900     13.858    15.2625  37.889309    30.2500     13.734  254.46174  254.71986     0.2447     5.7045 0.0000e+00
 150.560903     13.958    15.2637  37.891288    30.2500     13.833  254.45546  254.71368     0.2603     5.7045 0.0000e+00
 150.560906     14.068    15.2637  37.889309    30.2486     13.942  254.45546  254.71368     0.3848     5.6519 0.0000e+00
 150.560909     14.175    15.2635  37.887455    30.2476     14.048  254.46103  254.71921     3.2486     5.2475 0.0000e+00
 150.560911     14.268    15.2625  37.886837    30.2474     14.140  254.46583  254.72396     3.3420     5.2475 0.0000e+00
 150.560914     14.334    15.2620  37.885539    30.2473     14.206  254.46846  254.72657     3.3809     5.2476 0.0000e+00
 150.560917     14.372    15.2616  37.884612    30.2471     14.244  254.47108  254.72918     3.3420     5.2637 -9.990e-29
 150.560920     14.383    15.2602  37.882510    30.2455     14.254  254.48105  254.73909     3.2798     5.2435 -9.990e-29
 150.560923     14.365    15.2596  37.883685    30.2470     14.236  254.48155  254.73954     6.2214     5.7004 -9.990e-29
 150.560926     14.323    15.2595  37.884612    30.2480     14.195  254.48067  254.73864     6.3926     5.7287 -9.990e-29
 150.560929     14.276    15.2597  37.882819    30.2462     14.148  254.48255  254.74055     6.3615     5.6883 -9.990e-29
 150.560932     14.223    15.2596  37.885230    30.2484     14.095  254.47906  254.73704     6.3303     5.7004 -9.990e-29
 150.560935     14.183    15.2597  37.883932    30.2472     14.056  254.48076  254.73876     3.6533     5.8783 -9.990e-29
 150.560937     14.155    15.2591  37.880160    30.2443     14.028  254.48863  254.74662     3.6844     5.8136 -9.990e-29
 150.560940     14.152    15.2584  37.881149    30.2457     14.025  254.48972  254.74766     3.4821     5.8217 -9.990e-29
 150.560943     14.170    15.2578  37.883499    30.2483     14.043  254.48841  254.74630     3.6533     5.8460 -9.990e-29
 150.560946     14.199    15.2576  37.881706    30.2469     14.072  254.49209  254.74998     3.2642     5.9066 -9.990e-29
 150.560949     14.250    15.2575  37.882510    30.2476     14.123  254.49116  254.74904     2.9373     5.9228 -9.990e-29
 150.560952     14.312    15.2570  37.881892    30.2467     14.184  254.49510  254.75296     2.9840     5.8864 -9.990e-29
 150.560955     14.378    15.2570  37.881150    30.2460     14.249  254.49657  254.75443     2.8673     5.6378 0.0000e+00
 150.560958     14.458    15.2570  37.879482    30.2453     14.329  254.49803  254.75590     2.7973     5.3891 0.0000e+00
 150.560961     14.535    15.2564  37.878555    30.2453     14.404  254.50006  254.75789     2.7506     5.3688 0.0000e+00
 150.560964     14.606    15.2563  37.879915    30.2461     14.475  254.50041  254.75820     2.7973     5.3688 0.0000e+00
 150.560966     14.662    15.2557  37.881028    30.2464     14.531  254.50041  254.75820     2.8128     5.3688 0.0000e+00
 150.560969     14.710    15.2557  37.879730    30.2475     14.578  254.50041  254.75820     2.8128     5.3769 0.0000e+00
 150.560972     14.757    15.2557  37.881461    30.2479     14.625  254.49980  254.75758     2.2992     5.8258 0.0000e+00
