seaocn-cb/data/ctd_cnv/SBE19plus_01907321_2024_05_28_Cast88.cnv
* Sea-Bird SBE19plus  Data File:
* FileName = E:\Prandtl_Daten\2024\28052024\raw\SBE19plus_01907321_2024_05_28_Cast88.hex
* Software version 2.6.1.12
* Temperature SN = 7321
* Conductivity SN = 7321
* System UpLoad Time = May 28 2024 09:56:03
* <ApplicationData>
* <Seaterm232>
** 20240527
** Sea Practical 2024
** MCat 27.05 CTD_SP2
** NMEA Latitude = 54 06.08N
** NMEA Longitude = 008 34.61E
** waterdepth = 13.7m
** Isabelle
# nquan = 11
# nvalues = 428                         
# units = specified
# name 0 = timeJ: Julian Days
# name 1 = prdM: Pressure, Strain Gauge [db]
# name 2 = tv290C: Temperature [ITS-90, deg C]
# name 3 = c0mS/cm: Conductivity [mS/cm]
# name 4 = sal00: Salinity, Practical [PSU]
# name 5 = depSM: Depth [salt water, m], lat = 54.00
# name 6 = oxsatMm/Kg: Oxygen Saturation, Weiss [umol/kg]
# name 7 = oxsolMm/Kg: Oxygen Saturation, Garcia & Gordon [umol/kg]
# name 8 = turbWETntu0: Turbidity, WET Labs ECO [NTU]
# name 9 = flECO-AFL: Fluorescence, WET Labs ECO-AFL/FL [mg/m^3]
# name 10 = flag:  0.000e+00
# span 0 = 149.410483, 149.411719       
# span 1 =      1.259,     12.961       
# span 2 =    17.0754,    17.7232       
# span 3 =  36.202089,  36.384865       
# span 4 =    27.1655,    27.5732       
# span 5 =      1.248,     12.844       
# span 6 =  247.54940,  250.03064       
# span 7 =  247.93718,  250.39038       
# span 8 =    -1.5763,    30.8751       
# span 9 =     4.1679,     7.8597       
# span 10 = 0.0000e+00, 0.0000e+00      
# interval = seconds: 0.25
# start_time = May 28 2024 09:49:47 [Instrument's time stamp, header]
# bad_flag = -9.990e-29
*END*
 149.410483      1.259    17.5084  36.288770    27.2628      1.248  248.45596  248.83500    -1.0627     4.4024 0.0000e+00
 149.410486      1.331    17.5269  36.287127    27.2490      1.319  248.39027  248.77011    -1.1405     4.3984 0.0000e+00
 149.410489      1.415    17.5380  36.293324    27.2468      1.402  248.34052  248.72081    -1.1560     4.3620 0.0000e+00
 149.410492      1.486    17.5499  36.303046    27.2468      1.472  248.28305  248.66382    -1.2961     4.3781 0.0000e+00
 149.410495      1.537    17.5575  36.323648    27.2503      1.523  248.24069  248.62174    -1.3350     4.3701 0.0000e+00
 149.410498      1.575    17.5651  36.313677    27.2537      1.561  248.19833  248.57966    -1.3739     4.3781 -9.990e-29
 149.410501      1.584    17.5968  36.328325    27.2364      1.570  248.07525  248.45791    -1.5763     4.3822 -9.990e-29
 149.410503      1.564    17.6109  36.344494    27.2405      1.550  248.00075  248.38393    -1.5452     4.3620 -9.990e-29
 149.410506      1.540    17.6302  36.328503    27.2143      1.526  247.95216  248.33625    -0.8292     4.3256 -9.990e-29
 149.410509      1.533    17.6245  36.320783    27.2114      1.519  247.98438  248.36826    -0.7514     4.3215 -9.990e-29
 149.410512      1.560    17.6211  36.320480    27.2138      1.546  247.99671  248.38045    -0.9304     4.3276 0.0000e+00
 149.410515      1.610    17.6177  36.320785    27.2162      1.595  247.99682  248.38019    -1.1094     4.3337 0.0000e+00
 149.410518      1.672    17.6177  36.337806    27.2324      1.657  247.99682  248.38019    -1.2183     4.5237 0.0000e+00
 149.410521      1.726    17.6246  36.345830    27.2324      1.711  247.94886  248.33263    -1.2339     4.5439 0.0000e+00
 149.410524      1.765    17.6315  36.341147    27.2259      1.749  247.92676  248.31084    -1.2650     4.5480 0.0000e+00
 149.410527      1.794    17.6384  36.344126    27.2193      1.778  247.90467  248.28904    -1.3117     4.5439 -9.990e-29
 149.410530      1.812    17.6480  36.342910    27.2143      1.796  247.86666  248.25144    -1.3739     4.5156 -9.990e-29
 149.410532      1.832    17.6502  36.346010    27.2154      1.816  247.85431  248.23917    -1.4051     4.5237 -9.990e-29
 149.410535      1.854    17.6543  36.351543    27.2173      1.838  247.83178  248.21678    -1.4673     4.4469 -9.990e-29
 149.410538      1.878    17.6738  36.366866    27.2160      1.861  247.74025  248.12603    -1.1094     4.8229 -9.990e-29
 149.410541      1.915    17.6790  36.365770    27.2093      1.898  247.72676  248.11278    -1.1094     4.8513 0.0000e+00
 149.410544      1.947    17.6838  36.357802    27.2033      1.930  247.71391  248.10014    -1.1094     4.8229 0.0000e+00
 149.410547      1.978    17.6840  36.358471    27.2029      1.961  247.71359  248.09983    -1.2106     4.8492 0.0000e+00
 149.410550      2.004    17.6838  36.352452    27.2033      1.986  247.71391  248.10014    -1.3117     4.8189 -9.990e-29
 149.410553      2.028    17.6744  36.342725    27.1965      2.010  247.77015  248.15606    -1.2183     4.8715 -9.990e-29
 149.410556      2.052    17.6639  36.333789    27.1961      2.033  247.82127  248.20677    -1.4051     4.4469 -9.990e-29
 149.410558      2.074    17.6522  36.338715    27.2080      2.055  247.85746  248.24244    -1.3739     4.5237 -9.990e-29
 149.410561      2.092    17.6463  36.334703    27.2086      2.073  247.88471  248.26945    -1.4518     4.5075 -9.990e-29
 149.410564      2.110    17.6236  36.313430    27.2167      2.091  247.97995  248.36377    -1.4518     4.2892 -9.990e-29
 149.410567      2.146    17.6227  36.326317    27.2165      2.127  247.98448  248.36827    -1.4128     4.3236 0.0000e+00
 149.410570      2.192    17.6236  36.324494    27.2164      2.173  247.97995  248.36377    -1.3739     4.3498 0.0000e+00
 149.410573      2.245    17.6266  36.321880    27.2164      2.225  247.97504  248.35901    -1.3739     4.3579 0.0000e+00
 149.410576      2.285    17.6295  36.336955    27.2215      2.265  247.94325  248.32727    -1.3428     4.3498 0.0000e+00
 149.410579      2.325    17.6336  36.346500    27.2227      2.305  247.92146  248.30563    -1.3895     4.2650 0.0000e+00
 149.410582      2.353    17.6378  36.352031    27.2240      2.332  247.89966  248.28399    -1.3428     4.1679 -9.990e-29
 149.410584      2.373    17.6636  36.364252    27.2214      2.352  247.78003  248.16537    -1.4518     4.1800 -9.990e-29
 149.410587      2.380    17.6767  36.357136    27.2068      2.359  247.74196  248.12789    -1.3895     4.2164 -9.990e-29
 149.410590      2.391    17.6809  36.354034    27.2027      2.370  247.72870  248.11482    -1.4051     4.9160 -9.990e-29
 149.410593      2.418    17.6804  36.355554    27.2075      2.397  247.72333  248.10941    -1.4752     4.9241 0.0000e+00
 149.410596      2.453    17.6809  36.366196    27.2122      2.431  247.71796  248.10399    -1.4518     4.9160 0.0000e+00
 149.410599      2.486    17.6841  36.384380    27.2169      2.464  247.68957  248.07574    -1.4985     4.9220 0.0000e+00
 149.410602      2.517    17.6884  36.384865    27.2216      2.494  247.66117  248.04748    -1.4518     4.9119 -9.990e-29
 149.410605      2.539    17.7222  36.375740    27.1919      2.516  247.54940  247.93718    -0.7825     4.7785 -9.990e-29
 149.410608      2.568    17.7232  36.370388    27.1867      2.545  247.55281  247.94066    -0.6269     4.7138 -9.990e-29
 149.410611      2.588    17.7099  36.367409    27.1794      2.565  247.62873  248.01610    -0.6736     4.7623 -9.990e-29
 149.410613      2.617    17.7027  36.350931    27.1725      2.594  247.67491  248.06204    -0.3000     4.9422 0.0000e+00
 149.410616      2.648    17.6955  36.322542    27.1655      2.624  247.72108  248.10798     0.0735     5.1141 0.0000e+00
 149.410619      2.697    17.6654  36.295076    27.1655      2.673  247.86983  248.25557     0.0735     5.1141 0.0000e+00
 149.410622      2.745    17.6200  36.275395    27.1766      2.720  248.06417  248.44807     0.0735     5.1141 0.0000e+00
 149.410625      2.796    17.5971  36.293628    27.1994      2.771  248.13582  248.51869     0.0502     5.1121 0.0000e+00
 149.410628      2.839    17.5742  36.275160    27.2223      2.814  248.20747  248.58932     0.0735     5.1100 -9.990e-29
 149.410631      2.861    17.5386  36.287800    27.2413      2.836  248.34680  248.72716     0.1825     5.0615 -9.990e-29
 149.410634      2.874    17.5354  36.309069    27.2611      2.848  248.32882  248.70894     0.1358     5.0817 -9.990e-29
 149.410637      2.874    17.5509  36.310829    27.2522      2.848  248.26947  248.65024     0.0113     5.0009 -9.990e-29
 149.410639      2.862    17.5611  36.280931    27.2205      2.836  248.27350  248.65485    -0.0821     4.8391 -9.990e-29
 149.410642      2.856    17.5466  36.270605    27.2216      2.831  248.34145  248.72222    -0.2845     4.7866 -9.990e-29
 149.410645      2.865    17.5119  36.272066    27.2321      2.840  248.49095  248.87031    -0.1755     4.7785 -9.990e-29
 149.410648      2.894    17.5006  36.255302    27.2364      2.868  248.53830  248.91718    -0.1288     4.8007 0.0000e+00
 149.410651      2.947    17.4893  36.247349    27.2406      2.921  248.58564  248.96405    -0.1755     4.8229 0.0000e+00
 149.410654      3.013    17.4649  36.234052    27.2458      2.986  248.69432  249.07174    -0.2066     4.9523 0.0000e+00
 149.410657      3.075    17.4412  36.234966    27.2624      3.047  248.78058  249.15696    -0.2066     4.9806 0.0000e+00
 149.410660      3.133    17.4278  36.234543    27.2710      3.105  248.83067  249.20647    -0.2066     4.9806 0.0000e+00
 149.410663      3.186    17.4229  36.232965    27.2730      3.158  248.85115  249.22675    -0.1599     5.0049 0.0000e+00
 149.410666      3.219    17.4205  36.231447    27.2739      3.190  248.86119  249.23669    -0.0588     5.1282 0.0000e+00
 149.410668      3.250    17.4181  36.235395    27.2749      3.221  248.87123  249.24662     0.0891     5.2758 -9.990e-29
 149.410671      3.270    17.4129  36.235638    27.2819      3.241  248.88453  249.25967     0.2292     5.2111 -9.990e-29
 149.410674      3.286    17.4136  36.230355    27.2770      3.257  248.88949  249.26469     0.0735     5.2677 -9.990e-29
 149.410677      3.297    17.4111  36.229687    27.2781      3.268  248.89940  249.27450    -0.6269     5.1384 -9.990e-29
 149.410680      3.309    17.4070  36.222402    27.2748      3.279  248.92511  249.30006    -0.6424     5.2192 -9.990e-29
 149.410683      3.323    17.3991  36.219731    27.2779      3.293  248.95793  249.33255    -0.6113     5.1909 -9.990e-29
 149.410686      3.334    17.3895  36.217547    27.2825      3.304  248.99655  249.37077    -0.6424     5.1747 -9.990e-29
 149.410689      3.352    17.3820  36.214208    27.2847      3.322  249.02908  249.40298     0.3226     5.2799 -9.990e-29
 149.410692      3.370    17.3704  36.213481    27.2908      3.340  249.07488  249.44828     0.4159     5.7085 -9.990e-29
 149.410694      3.400    17.3685  36.212206    27.2920      3.369  249.08213  249.45544     0.2836     5.7065 0.0000e+00
 149.410697      3.429    17.3666  36.212025    27.2932      3.399  249.08937  249.46260     0.3537     5.7085 0.0000e+00
 149.410700      3.471    17.3635  36.210933    27.2944      3.440  249.10236  249.47546     0.3537     5.7045 0.0000e+00
 149.410703      3.515    17.3591  36.209598    27.2962      3.483  249.12064  249.49356     0.7895     5.5225 0.0000e+00
 149.410706      3.568    17.3541  36.210691    27.3004      3.536  249.13736  249.51005     0.7895     5.5063 0.0000e+00
 149.410709      3.615    17.3504  36.211178    27.3034      3.583  249.15060  249.52312     0.7895     5.5063 0.0000e+00
 149.410712      3.663    17.3465  36.215306    27.3094      3.630  249.15932  249.53165     1.0074     5.4699 0.0000e+00
 149.410715      3.698    17.3440  36.217736    27.3120      3.665  249.16657  249.53879     0.9607     5.4538 0.0000e+00
 149.410718      3.731    17.3416  36.214883    27.3147      3.697  249.17382  249.54593     1.1319     5.3608 -9.990e-29
 149.410720      3.747    17.3371  36.213790    27.3145      3.714  249.19641  249.56833     1.0229     5.4254 -9.990e-29
 149.410723      3.757    17.3409  36.212879    27.3111      3.723  249.18349  249.55559     1.0541     5.3850 -9.990e-29
 149.410726      3.765    17.3409  36.217554    27.3150      3.732  249.17690  249.54897     0.5560     5.5468 -9.990e-29
 149.410729      3.780    17.3389  36.218890    27.3175      3.746  249.18243  249.55441     0.5249     5.5063 -9.990e-29
 149.410732      3.793    17.3347  36.219740    27.3223      3.759  249.19447  249.56625     0.6650     5.5629 -9.990e-29
 149.410735      3.824    17.3330  36.221319    27.3253      3.790  249.19788  249.56957     0.9374     5.5366 0.0000e+00
 149.410738      3.859    17.3312  36.225691    27.3283      3.824  249.20128  249.57290     1.1319     5.5629 0.0000e+00
 149.410741      3.906    17.3281  36.227210    27.3303      3.871  249.21090  249.58236     1.1941     5.6964 0.0000e+00
 149.410744      3.948    17.3255  36.223506    27.3303      3.913  249.22572  249.59709     1.1319     5.6964 0.0000e+00
 149.410747      3.988    17.3251  36.218892    27.3291      3.953  249.22979  249.60115     1.0852     5.6923 0.0000e+00
 149.410749      4.021    17.3248  36.221746    27.3281      3.985  249.23272  249.60408     1.0619     5.6903 0.0000e+00
 149.410752      4.047    17.3251  36.220835    27.3291      4.011  249.22979  249.60115     1.0385     5.6923 -9.990e-29
 149.410755      4.065    17.3248  36.221746    27.3293      4.029  249.23074  249.60209     0.6494     5.0737 -9.990e-29
 149.410758      4.079    17.3255  36.221321    27.3285      4.043  249.22887  249.60025     0.3692     5.1141 -9.990e-29
 149.410761      4.094    17.3252  36.222839    27.3300      4.058  249.22797  249.59933     0.5249     5.1303 -9.990e-29
 149.410764      4.116    17.3242  36.223507    27.3312      4.079  249.23075  249.60206     1.0696     6.1129 -9.990e-29
 149.410767      4.139    17.3212  36.223750    27.3356      4.102  249.23786  249.60902     1.1319     6.1331 -9.990e-29
 149.410770      4.172    17.3206  36.226361    27.3362      4.135  249.23973  249.61086     1.1553     6.1129 0.0000e+00
 149.410773      4.213    17.3200  36.226787    27.3367      4.175  249.24160  249.61271     1.1786     6.0927 0.0000e+00
 149.410775      4.256    17.3188  36.225937    27.3367      4.218  249.24715  249.61821     1.4120     5.3203 0.0000e+00
 149.410778      4.309    17.3181  36.223933    27.3363      4.270  249.25278  249.62382     1.4120     5.3203 0.0000e+00
 149.410781      4.357    17.3176  36.224359    27.3356      4.318  249.25406  249.62508     1.3654     5.3324 0.0000e+00
 149.410784      4.398    17.3171  36.221505    27.3355      4.359  249.25809  249.62910     1.3342     5.3486 0.0000e+00
 149.410787      4.426    17.3165  36.224177    27.3346      4.386  249.26212  249.63311     1.3654     5.3648 -9.990e-29
 149.410790      4.440    17.3154  36.222841    27.3364      4.401  249.26427  249.63520     1.0074     5.9309 -9.990e-29
 149.410793      4.446    17.3155  36.223631    27.3370      4.406  249.26285  249.63378     1.1630     5.9309 -9.990e-29
 149.410796      4.448    17.3152  36.220838    27.3348      4.408  249.26772  249.63866     1.1163     5.8945 -9.990e-29
 149.410799      4.450    17.3152  36.225695    27.3389      4.410  249.26086  249.63177     1.1786     5.9390 -9.990e-29
 149.410802      4.455    17.3154  36.225513    27.3386      4.415  249.26050  249.63142     1.2253     6.5617 -9.990e-29
 149.410804      4.475    17.3144  36.221506    27.3382      4.435  249.26604  249.63692     1.1630     6.5779 -9.990e-29
 149.410807      4.510    17.3139  36.224238    27.3396      4.469  249.26595  249.63680     1.1241     6.5921 0.0000e+00
 149.410810      4.561    17.3137  36.226789    27.3410      4.520  249.26586  249.63668     1.1630     6.5779 0.0000e+00
 149.410813      4.625    17.3136  36.228793    27.3414      4.583  249.26467  249.63550     1.2564     5.5225 0.0000e+00
 149.410816      4.692    17.3136  36.227457    27.3414      4.650  249.26467  249.63550     1.2564     5.5144 0.0000e+00
 149.410819      4.754    17.3132  36.226182    27.3414      4.711  249.26805  249.63886     1.2564     5.5144 0.0000e+00
 149.410822      4.800    17.3128  36.227032    27.3412      4.757  249.26869  249.63949     1.3264     5.5165 0.0000e+00
 149.410825      4.827    17.3125  36.225697    27.3418      4.784  249.26934  249.64012     1.2564     5.5185 -9.990e-29
 149.410828      4.840    17.3121  36.226183    27.3413      4.797  249.27210  249.64287     1.3498     5.4335 -9.990e-29
 149.410830      4.838    17.3125  36.228126    27.3427      4.795  249.26781  249.63859     1.3187     5.4578 -9.990e-29
 149.410833      4.835    17.3127  36.228611    27.3429      4.791  249.26620  249.63699     1.2408     5.4174 -9.990e-29
 149.410836      4.835    17.3130  36.227275    27.3416      4.792  249.26716  249.63796     1.4276     5.4376 -9.990e-29
 149.410839      4.833    17.3132  36.227275    27.3415      4.790  249.26654  249.63735     0.2292     5.5670 -9.990e-29
 149.410842      4.849    17.3129  36.226972    27.3439      4.806  249.26381  249.63459     0.2136     5.5953 -9.990e-29
 149.410845      4.884    17.3126  36.229887    27.3439      4.840  249.26536  249.63612     0.1903     5.5812 0.0000e+00
 149.410848      4.935    17.3122  36.229462    27.3439      4.891  249.26414  249.63487     0.2136     5.5953 0.0000e+00
 149.410851      5.004    17.3119  36.232316    27.3465      4.959  249.26414  249.63487     1.0074     5.9269 0.0000e+00
 149.410854      5.070    17.3117  36.233652    27.3465      5.025  249.26414  249.63487     1.0074     5.9349 0.0000e+00
 149.410856      5.130    17.3117  36.231891    27.3468      5.084  249.26542  249.63615     1.0385     5.9794 0.0000e+00
 149.410859      5.172    17.3115  36.232074    27.3465      5.126  249.26639  249.63709     0.9996     5.9895 0.0000e+00
