seaocn-cb/data/ctd_cnv/SBE19plus_01907321_2024_05_22_Cast16.cnv
* Sea-Bird SBE19plus  Data File:
* FileName = E:\Prandtl_Daten\2024\CTD\raw\SBE19plus_01907321_2024_05_22_Cast16.hex
* Software version 2.6.1.12
* Temperature SN = 7321
* Conductivity SN = 7321
* System UpLoad Time = May 22 2024 12:33:28
* <ApplicationData>
* <Seaterm232>
** 20240522
** Sea Practical 2024
** MCat 22.05 CTD_M5
** NMEA Latitude = 53 059.11N
** NMEA Longitude = 008 23.09E
** waterdepth = 24.19m
** Arved
# nquan = 11
# nvalues = 729                         
# units = specified
# name 0 = timeJ: Julian Days
# name 1 = prdM: Pressure, Strain Gauge [db]
# name 2 = tv290C: Temperature [ITS-90, deg C]
# name 3 = c0mS/cm: Conductivity [mS/cm]
# name 4 = sal00: Salinity, Practical [PSU]
# name 5 = depSM: Depth [salt water, m], lat = 54.00
# name 6 = oxsatMm/Kg: Oxygen Saturation, Weiss [umol/kg]
# name 7 = oxsolMm/Kg: Oxygen Saturation, Garcia & Gordon [umol/kg]
# name 8 = turbWETntu0: Turbidity, WET Labs ECO [NTU]
# name 9 = flECO-AFL: Fluorescence, WET Labs ECO-AFL/FL [mg/m^3]
# name 10 = flag:  0.000e+00
# span 0 = 143.517269, 143.519375       
# span 1 =      0.577,     22.488       
# span 2 =    12.7737,    14.7957       
# span 3 =  36.534052,  37.826838       
# span 4 =    29.4148,    32.0725       
# span 5 =      0.572,     22.286       
# span 6 =  258.29353,  264.38771       
# span 7 =  258.53415,  264.48594       
# span 8 =    -4.7981,    59.2486       
# span 9 =     4.4752,     8.8342       
# span 10 = 0.0000e+00, 0.0000e+00      
# interval = seconds: 0.25
# start_time = May 22 2024 12:23:35 [Instrument's time stamp, header]
# bad_flag = -9.990e-29
*END*
[from data line 132]
 143.517650      4.500    14.3976  37.071041    30.1899      4.460  259.04877  259.26188    -4.1132     6.9742 -9.990e-29
 143.517653      4.502    14.3983  37.068467    30.1870      4.461  259.05030  259.26347    -3.9887     7.0106 -9.990e-29
 143.517656      4.498    14.4008  37.084034    30.1991      4.458  259.01517  259.22837    -3.8175     6.7356 -9.990e-29
 143.517659      4.487    14.4001  37.109597    30.2228      4.447  258.97642  259.18938    -3.7708     6.7073 -9.990e-29
 143.517662      4.474    14.3941  37.140013    30.2550      4.434  258.95054  259.16289    -3.7864     6.7356 -9.990e-29
 143.517665      4.462    14.3836  37.143510    30.2664      4.422  258.98544  259.19712    -3.8175     6.7558 -9.990e-29
 143.517668      4.453    14.3748  37.144615    30.2743      4.413  259.01778  259.22891    -3.8642     6.9863 -9.990e-29
 143.517671      4.464    14.3676  37.143267    30.2882      4.424  259.03111  259.24172    -3.8487     7.0065 -9.990e-29
 143.517674      4.497    14.3660  37.153694    30.2899      4.456  259.03645  259.24695    -3.8487     7.0065 0.0000e+00
 143.517677      4.540    14.3643  37.154860    30.2917      4.500  259.03837  259.24851    -3.8487     7.0065 0.0000e+00
 143.517679      4.606    14.3612  37.164369    30.3027      4.565  259.03837  259.24851    -4.0977     6.6183 0.0000e+00
 143.517682      4.684    14.3573  37.178297    30.3184      4.642  259.03837  259.24851    -4.0977     6.6143 0.0000e+00
 143.517685      4.766    14.3523  37.183452    30.3270      4.724  259.04223  259.25166    -4.0977     6.6143 0.0000e+00
 143.517688      4.845    14.3478  37.183269    30.3303      4.802  259.05977  259.26893    -4.0666     6.6062 0.0000e+00
 143.517691      4.918    14.3452  37.183515    30.3326      4.874  259.06620  259.27511    -3.9732     6.5981 0.0000e+00
 143.517694      4.985    14.3444  37.187626    30.3369      4.941  259.06958  259.27839    -3.5685     6.3110 0.0000e+00
 143.517697      5.036    14.3437  37.188977    30.3381      4.991  259.06789  259.27675    -3.5530     6.2988 0.0000e+00
 143.517700      5.073    14.3429  37.185234    30.3392      5.028  259.06958  259.27839    -3.5685     6.2867 -9.990e-29
 143.517703      5.095    14.3416  37.184007    30.3358      5.049  259.08293  259.29170    -3.5685     6.2584 -9.990e-29
 143.517705      5.109    14.3421  37.181307    30.3329      5.064  259.08528  259.29410    -4.0821     7.5241 -9.990e-29
 143.517708      5.126    14.3427  37.182411    30.3334      5.080  259.08116  259.29002    -4.0510     7.5201 -9.990e-29
 143.517711      5.141    14.3425  37.189652    30.3401      5.095  259.07001  259.27879    -4.0510     7.4998 -9.990e-29
 143.517714      5.162    14.3409  37.196771    30.3478      5.116  259.06488  259.27351    -4.0043     7.5160 -9.990e-29
 143.517717      5.182    14.3380  37.195851    30.3493      5.136  259.07775  259.28620    -4.1755     7.3745 -9.990e-29
 143.517720      5.206    14.3360  37.195851    30.3508      5.160  259.08534  259.29367    -4.1132     7.3947 -9.990e-29
 143.517723      5.228    14.3345  37.195360    30.3516      5.181  259.09198  259.30022    -3.9420     7.3907 -9.990e-29
 143.517726      5.233    14.3340  37.196036    30.3525      5.187  259.09263  259.30084    -4.1132     7.3704 -9.990e-29
 143.517729      5.233    14.3349  37.194379    30.3504      5.187  259.09212  259.30039    -4.0666     7.7222 -9.990e-29
 143.517731      5.232    14.3350  37.194685    30.3505      5.185  259.09104  259.29932    -4.1755     7.7667 -9.990e-29
 143.517734      5.228    14.3353  37.193703    30.3494      5.181  259.09146  259.29977    -4.0043     7.8031 -9.990e-29
 143.517737      5.228    14.3350  37.192415    30.3485      5.181  259.09472  259.30302    -4.1755     7.7748 -9.990e-29
 143.517740      5.235    14.3352  37.191985    30.3479      5.188  259.09455  259.30286    -4.1132     7.7586 -9.990e-29
 143.517743      5.254    14.3350  37.190206    30.3476      5.207  259.09626  259.30456    -3.5062     8.8342 -9.990e-29
 143.517746      5.295    14.3348  37.191495    30.3453      5.248  259.10124  259.30956    -3.5452     8.8160 0.0000e+00
 143.517749      5.357    14.3350  37.186095    30.3434      5.310  259.10098  259.30936    -3.5529     8.7978 0.0000e+00
 143.517752      5.441    14.3355  37.187384    30.3429      5.393  259.10334  259.31181    -3.5841     8.7938 0.0000e+00
 143.517755      5.540    14.3366  37.183457    30.3403      5.490  259.10098  259.30936    -3.8175     6.8043 0.0000e+00
 143.517758      5.624    14.3376  37.185789    30.3403      5.574  259.09582  259.30433    -3.8175     6.8043 0.0000e+00
 143.517760      5.706    14.3377  37.188980    30.3428      5.655  259.08866  259.29718    -3.8175     6.8043 0.0000e+00
 143.517763      5.774    14.3379  37.190023    30.3434      5.722  259.08856  259.29706    -3.8019     6.8164 0.0000e+00
 143.517766      5.812    14.3377  37.188060    30.3440      5.760  259.08846  259.29695    -3.8175     6.8043 -9.990e-29
 143.517769      5.830    14.3377  37.184992    30.3394      5.778  259.09667  259.30519    -4.0821     6.6709 -9.990e-29
 143.517772      5.832    14.3377  37.185605    30.3400      5.780  259.09596  259.30448    -4.0510     6.6749 -9.990e-29
 143.517775      5.821    14.3376  37.187201    30.3415      5.769  259.09366  259.30216    -4.1132     6.6871 -9.990e-29
 143.517778      5.808    14.3374  37.186710    30.3413      5.756  259.09532  259.30381    -4.1755     6.6628 -9.990e-29
 143.517781      5.797    14.3374  37.184439    30.3391      5.745  259.09871  259.30722    -4.0510     6.6668 -9.990e-29
 143.517784      5.796    14.3374  37.182169    30.3371      5.744  259.10239  259.31092    -4.0821     6.6749 -9.990e-29
 143.517786      5.816    14.3381  37.178733    30.3326      5.764  259.10688  259.31548    -4.0666     6.6830 -9.990e-29
 143.517789      5.854    14.3385  37.177813    30.3320      5.802  259.10613  259.31476    -3.8798     6.8872 0.0000e+00
 143.517792      5.909    14.3388  37.177138    30.3316      5.856  259.10538  259.31404    -3.7397     7.0914 0.0000e+00
 143.517795      5.971    14.3393  37.177813    30.3316      5.917  259.10229  259.31097    -3.7397     7.1440 0.0000e+00
 143.517798      6.024    14.3398  37.179347    30.3316      5.970  259.10229  259.31097    -3.8020     7.1440 0.0000e+00
 143.517801      6.075    14.3400  37.175543    30.3308      6.020  259.10060  259.30933    -3.8254     7.1380 0.0000e+00
 143.517804      6.102    14.3401  37.178059    30.3289      6.047  259.10312  259.31187    -3.8020     7.1238 -9.990e-29
 143.517807      6.113    14.3407  37.176954    30.3296      6.058  259.09824  259.30701    -3.4284     6.4081 -9.990e-29
 143.517810      6.114    14.3404  37.179409    30.3321      6.060  259.09542  259.30416    -3.3817     6.4081 -9.990e-29
 143.517812      6.107    14.3405  37.179102    30.3318      6.053  259.09562  259.30437    -3.1950     6.3878 -9.990e-29
 143.517815      6.102    14.3403  37.179654    30.3325      6.047  259.09560  259.30433    -3.9576     6.8043 -9.990e-29
 143.517818      6.103    14.3398  37.180022    30.3332      6.049  259.09704  259.30573    -4.1444     6.7882 -9.990e-29
 143.517821      6.118    14.3385  37.179654    30.3312      6.063  259.10741  259.31605    -4.1755     6.8043 -9.990e-29
 143.517824      6.158    14.3377  37.176709    30.3320      6.103  259.11009  259.31868    -4.0121     6.6365 0.0000e+00
 143.517827      6.215    14.3369  37.177200    30.3328      6.159  259.11277  259.32131    -3.8642     6.4808 0.0000e+00
 143.517830      6.300    14.3355  37.178735    30.3353      6.244  259.11587  259.32431    -3.8642     6.4768 0.0000e+00
 143.517833      6.397    14.3343  37.179103    30.3366      6.340  259.12000  259.32836    -3.8642     6.4768 0.0000e+00
 143.517836      6.488    14.3333  37.179902    30.3380      6.430  259.12000  259.32836    -3.8642     6.4768 0.0000e+00
 143.517839      6.574    14.3331  37.185240    30.3430      6.515  259.11452  259.32276    -3.8642     6.4768 0.0000e+00
 143.517841      6.638    14.3322  37.192175    30.3469      6.578  259.11256  259.32071    -3.9342     6.1573 0.0000e+00
 143.517844      6.681    14.3313  37.189905    30.3507      6.622  259.11059  259.31866    -4.0043     5.8298 -9.990e-29
 143.517847      6.705    14.3234  37.188678    30.3537      6.645  259.14690  259.35451    -4.1444     5.8298 -9.990e-29
 143.517850      6.714    14.3228  37.196533    30.3613      6.654  259.13648  259.34399    -4.0977     5.8339 -9.990e-29
 143.517853      6.705    14.3196  37.203714    30.3703      6.645  259.13705  259.34430    -3.5841     6.2261 -9.990e-29
 143.517856      6.693    14.3157  37.192177    30.3629      6.633  259.17092  259.37803    -3.6308     6.2180 -9.990e-29
 143.517859      6.682    14.3158  37.195859    30.3661      6.622  259.16435  259.37144    -3.5841     6.2180 -9.990e-29
 143.517862      6.676    14.3167  37.203039    30.3720      6.616  259.14948  259.35656    -3.6152     6.2423 -9.990e-29
 143.517865      6.687    14.2996  37.246441    30.4448      6.627  259.10930  259.31480    -3.8487     5.9754 -9.990e-29
 143.517867      6.713    14.2901  37.268427    30.4548      6.653  259.14179  259.34667    -3.8254     5.9653 0.0000e+00
 143.517870      6.745    14.2805  37.273896    30.4647      6.685  259.17427  259.37853    -3.8331     5.9633 0.0000e+00
 143.517873      6.785    14.2649  37.283910    30.4861      6.725  259.21815  259.42137    -3.8175     5.9633 0.0000e+00
 143.517876      6.824    14.2596  37.276602    30.4870      6.763  259.24489  259.44780    -3.8253     6.4566 0.0000e+00
 143.517879      6.853    14.2542  37.275681    30.4879      6.792  259.27163  259.47423    -3.8175     6.9499 -9.990e-29
 143.517882      6.876    14.2489  37.273654    30.4894      6.815  259.29709  259.49939    -3.8953     6.9337 -9.990e-29
 143.517885      6.898    14.2490  37.277524    30.4928      6.837  259.29022  259.49249    -3.8175     6.9539 -9.990e-29
 143.517888      6.920    14.2475  37.283237    30.4992      6.858  259.28674  259.48887    -3.9576     6.9337 -9.990e-29
 143.517891      6.944    14.2426  37.283483    30.5122      6.882  259.28962  259.49136    -3.7708     7.7142 -9.990e-29
 143.517894      6.977    14.2401  37.293251    30.5178      6.914  259.29265  259.49420    -3.7397     7.7243 0.0000e+00
 143.517896      7.017    14.2376  37.301300    30.5189      6.954  259.29569  259.49705    -3.7708     7.7142 0.0000e+00
 143.517899      7.074    14.2317  37.291286    30.5234      7.010  259.33470  259.53578    -3.8175     7.6980 0.0000e+00
 143.517902      7.143    14.2278  37.294420    30.5189      7.079  259.34474  259.54554    -3.8175     6.6264 0.0000e+00
 143.517905      7.221    14.2278  37.282995    30.5156      7.157  259.36952  259.57033    -3.8175     6.6264 0.0000e+00
 143.517908      7.309    14.2287  37.276238    30.5156      7.243  259.36952  259.57033    -3.8331     6.6264 0.0000e+00
 143.517911      7.389    14.2287  37.314143    30.5402      7.323  259.31610  259.51649    -3.8642     6.5981 0.0000e+00
 143.517914      7.451    14.2277  37.320105    30.5454      7.384  259.30847  259.50908    -3.9576     6.3676 0.0000e+00
 143.517917      7.493    14.2245  37.321458    30.5507      7.426  259.31610  259.51649    -4.0510     6.1371 -9.990e-29
 143.517920      7.506    14.2114  37.333443    30.5732      7.439  259.34485  259.54431    -4.0821     6.1533 -9.990e-29
 143.517922      7.497    14.2052  37.335656    30.5801      7.430  259.36530  259.56436    -4.1132     6.1654 -9.990e-29
 143.517925      7.486    14.2003  37.334304    30.5828      7.419  259.38664  259.58540    -3.3195     5.8945 -9.990e-29
 143.517928      7.455    14.1973  37.318019    30.5703      7.388  259.42453  259.62323    -3.2416     5.8945 -9.990e-29
 143.517931      7.422    14.1995  37.324655    30.5746      7.356  259.40526  259.60404    -3.3506     5.9026 -9.990e-29
 143.517934      7.398    14.2013  37.339774    30.5870      7.332  259.37359  259.57237    -3.2728     5.8986 -9.990e-29
 143.517937      7.399    14.1982  37.355326    30.6036      7.332  259.36037  259.55882    -3.3350     5.8905 -9.990e-29
 143.517940      7.419    14.1655  37.427342    30.7165      7.352  259.33072  259.52633    -3.9109     6.5496 -9.990e-29
 143.517943      7.464    14.1533  37.450727    30.7345      7.398  259.36305  259.55780    -3.8019     6.5456 0.0000e+00
 143.517946      7.523    14.1410  37.469009    30.7526      7.455  259.39091  259.58294    -3.8798     6.5415 0.0000e+00
 143.517948      7.596    14.1188  37.524116    30.8207      7.528  259.39537  259.58927    -3.6930     6.5415 0.0000e+00
 143.517951      7.665    14.0915  37.526090    30.8443      7.596  259.49331  259.68357    -3.5841     6.7275 0.0000e+00
 143.517954      7.729    14.0725  37.532683    30.8655      7.660  259.55577  259.74477    -3.5529     6.7275 0.0000e+00
 143.517957      7.784    14.0612  37.550733    30.8911      7.714  259.56996  259.75808    -3.5529     6.7275 0.0000e+00
 143.517960      7.822    14.0549  37.540016    30.8912      7.752  259.60299  259.79075    -3.5452     6.7376 0.0000e+00
 143.517963      7.855    14.0486  37.541064    30.8913      7.784  259.63602  259.82342    -3.5374     6.7477 -9.990e-29
 143.517966      7.876    14.0419  37.546054    30.9022      7.806  259.65206  259.83898    -4.0510     5.6681 -9.990e-29
 143.517969      7.893    14.0395  37.560223    30.9171      7.822  259.63827  259.82491    -4.0199     5.6600 -9.990e-29
 143.517972      7.911    14.0211  37.570945    30.9530      7.840  259.67109  259.85636    -3.5374     5.5265 -9.990e-29
 143.517975      7.937    14.0146  37.583333    30.9626      7.866  259.68861  259.87342    -3.6074     5.5023 0.0000e+00
 143.517977      7.975    14.0080  37.592825    30.9722      7.904  259.70613  259.89047    -3.5374     5.5104 0.0000e+00
 143.517980      8.024    13.9932  37.610641    31.0004      7.953  259.73404  259.91727    -3.5841     5.5063 0.0000e+00
 143.517983      8.077    13.9765  37.612492    31.0155      8.005  259.79542  259.97756    -3.5841     5.5063 0.0000e+00
 143.517986      8.139    13.9629  37.630743    31.0432      8.066  259.81793  259.99903    -3.7086     5.5063 0.0000e+00
 143.517989      8.188    13.9504  37.637651    31.0596      8.115  259.85481  260.03504    -4.3311     7.6373 0.0000e+00
 143.517992      8.230    13.9443  37.649677    31.0701      8.157  259.86858  260.04836    -4.3544     7.6373 0.0000e+00
 143.517995      8.260    13.9382  37.650172    31.0806      8.186  259.88235  260.06168    -4.3311     7.6373 -9.990e-29
 143.517998      8.274    13.9183  37.652764    31.0995      8.200  259.95420  260.13220    -4.2533     7.6211 -9.990e-29
 143.518001      8.279    13.9124  37.661399    31.1122      8.205  259.96259  260.14013    -4.2845     6.3434 -9.990e-29
 143.518003      8.276    13.9052  37.665162    31.1215      8.202  259.98418  260.16123    -4.2378     6.3717 -9.990e-29
 143.518006      8.272    13.8972  37.670468    31.1328      8.198  260.00637  260.18285    -4.3778     6.3555 -9.990e-29
 143.518009      8.267    13.8903  37.669790    31.1377      8.193  260.03388  260.20991    -4.3000     6.3717 -9.990e-29
 143.518012      8.274    13.8862  37.672875    31.1439      8.200  260.04483  260.22056    -3.8020     6.2261 -9.990e-29
 143.518015      8.289    13.8732  37.683486    31.1685      8.215  260.06978  260.24452    -3.8175     6.2018 -9.990e-29
 143.518018      8.329    13.8683  37.688114    31.1733      8.254  260.08717  260.26159    -3.7864     6.2140 0.0000e+00
 143.518021      8.371    13.8634  37.689967    31.1781      8.296  260.10456  260.27865    -3.8175     6.2261 0.0000e+00
 143.518024      8.429    13.8559  37.690091    31.1843      8.354  260.13362  260.30721    -4.0666     6.8043 0.0000e+00
