seaocn-cb/data/ctd_cnv/SBE19plus_01907321_2024_05_27_Cast67.cnv
* Sea-Bird SBE19plus  Data File:
* FileName = E:\Prandtl_Daten\2024\27052024\raw\SBE19plus_01907321_2024_05_26_Cast67.hex
* Software version 2.6.1.12
* Temperature SN = 7321
* Conductivity SN = 7321
* System UpLoad Time = May 27 2024 06:34:59
* <ApplicationData>
* <Seaterm232>
** 20240527
** Sea Practical 2024
** MCat 27.05 CTD_SP1
** NMEA Latitude = 054 07.814N
** NMEA Longitude = 008 46.850E
** waterdepth =13.2 m
** Merle
# nquan = 11
# nvalues = 484                         
# units = specified
# name 0 = timeJ: Julian Days
# name 1 = prdM: Pressure, Strain Gauge [db]
# name 2 = tv290C: Temperature [ITS-90, deg C]
# name 3 = c0mS/cm: Conductivity [mS/cm]
# name 4 = sal00: Salinity, Practical [PSU]
# name 5 = depSM: Depth [salt water, m], lat = 54.00
# name 6 = oxsatMm/Kg: Oxygen Saturation, Weiss [umol/kg]
# name 7 = oxsolMm/Kg: Oxygen Saturation, Garcia & Gordon [umol/kg]
# name 8 = turbWETntu0: Turbidity, WET Labs ECO [NTU]
# name 9 = flECO-AFL: Fluorescence, WET Labs ECO-AFL/FL [mg/m^3]
# name 10 = flag:  0.000e+00
# span 0 = 148.269184, 148.270582       
# span 1 =      0.437,     11.948       
# span 2 =    18.6715,    18.7262       
# span 3 =  36.310018,  36.324859       
# span 4 =    26.4896,    26.5242       
# span 5 =      0.433,     11.841       
# span 6 =  243.97661,  244.18172       
# span 7 =  244.40473,  244.60781       
# span 8 =     7.9957,    36.1358       
# span 9 =     2.5302,     4.5682       
# span 10 = 0.0000e+00, 0.0000e+00      
# interval = seconds: 0.25
# start_time = May 27 2024 06:26:17 [Instrument's time stamp, header]
# bad_flag = -9.990e-29
*END*
[from data line 132]
 148.269566      4.158    18.7214  36.322244    26.4956      4.121  243.99535  244.42330     8.9296     3.2095 0.0000e+00
 148.269569      4.189    18.7219  36.323946    26.4956      4.151  243.99154  244.41951     8.9607     2.9467 0.0000e+00
 148.269572      4.225    18.7228  36.322001    26.4946      4.188  243.99068  244.41869     9.1630     2.9467 0.0000e+00
 148.269575      4.258    18.7237  36.322852    26.4945      4.220  243.99017  244.41825     8.9607     2.9305 0.0000e+00
 148.269578      4.293    18.7241  36.319083    26.4939      4.255  243.98643  244.41447     8.8517     2.9305 0.0000e+00
 148.269580      4.331    18.7242  36.322487    26.4937      4.292  243.98548  244.41354     8.6805     2.7647 0.0000e+00
 148.269583      4.364    18.7242  36.322183    26.4938      4.325  243.98527  244.41333     8.6260     2.7465 0.0000e+00
 148.269586      4.401    18.7242  36.321515    26.4937      4.361  243.98548  244.41354     8.5716     2.7283 -9.990e-29
 148.269589      4.424    18.7239  36.323278    26.4948      4.385  243.98531  244.41336     8.6183     2.6717 -9.990e-29
 148.269592      4.444    18.7238  36.320664    26.4927      4.404  243.98909  244.41715     9.6922     2.8294 -9.990e-29
 148.269595      4.461    18.7238  36.319935    26.4921      4.421  243.99007  244.41812     9.4587     2.8294 -9.990e-29
 148.269598      4.475    18.7236  36.322670    26.4944      4.435  243.98708  244.41512     9.4899     2.8618 -9.990e-29
 148.269601      4.486    18.7234  36.319327    26.4918      4.446  243.99214  244.42019     9.6766     2.8173 -9.990e-29
 148.269604      4.493    18.7227  36.319753    26.4927      4.453  243.99440  244.42242     8.2759     2.5868 -9.990e-29
 148.269606      4.504    18.7221  36.321516    26.4944      4.464  243.99396  244.42195     8.3070     2.6030 -9.990e-29
 148.269609      4.517    18.7219  36.322063    26.4951      4.477  243.99418  244.42216     8.4004     2.5828 -9.990e-29
 148.269612      4.534    18.7227  36.322184    26.4952      4.493  243.99033  244.41834     8.4004     2.5302 -9.990e-29
 148.269615      4.566    18.7231  36.322853    26.4958      4.526  243.98761  244.41562     8.7895     2.6475 0.0000e+00
 148.269618      4.612    18.7234  36.324859    26.4956      4.571  243.98488  244.41290     9.1786     2.7405 0.0000e+00
 148.269621      4.669    18.7241  36.324616    26.4956      4.627  243.98488  244.41290     9.3187     2.7647 0.0000e+00
 148.269624      4.731    18.7243  36.322245    26.4936      4.688  243.98525  244.41332     9.3187     2.7607 0.0000e+00
 148.269627      4.796    18.7243  36.321516    26.4929      4.754  243.98593  244.41401     9.4432     2.7688 0.0000e+00
 148.269630      4.851    18.7242  36.318234    26.4917      4.808  243.98859  244.41666     9.7466     2.7971 0.0000e+00
 148.269633      4.899    18.7241  36.320180    26.4904      4.855  243.99124  244.41932    10.2369     2.8335 -9.990e-29
 148.269635      4.922    18.7233  36.322429    26.4943      4.878  243.98886  244.41689     9.8323     2.7405 -9.990e-29
 148.269638      4.930    18.7228  36.319086    26.4920      4.886  243.99518  244.42320    10.0502     2.7647 -9.990e-29
 148.269641      4.924    18.7224  36.321091    26.4938      4.880  243.99377  244.42177     9.9568     2.9588 -9.990e-29
 148.269644      4.904    18.7225  36.321335    26.4940      4.860  243.99313  244.42113     9.9879     2.9588 -9.990e-29
 148.269647      4.882    18.7228  36.320848    26.4934      4.839  243.99282  244.42084     9.9101     2.9467 -9.990e-29
 148.269650      4.862    18.7232  36.321760    26.4939      4.819  243.99004  244.41806     9.9568     2.9993 -9.990e-29
 148.269653      4.857    18.7234  36.321213    26.4933      4.813  243.98981  244.41785     9.8945     2.8294 -9.990e-29
 148.269656      4.875    18.7237  36.319329    26.4907      4.831  243.99284  244.42090     9.7233     2.8173 -9.990e-29
 148.269659      4.913    18.7235  36.318235    26.4913      4.869  243.99291  244.42097     9.8011     2.8295 0.0000e+00
 148.269661      4.975    18.7233  36.319329    26.4918      4.931  243.99299  244.42103     9.8478     2.8173 0.0000e+00
 148.269664      5.054    18.7225  36.321092    26.4922      5.008  243.99352  244.42152     9.8790     2.8416 0.0000e+00
 148.269667      5.143    18.7223  36.319086    26.4922      5.097  243.99684  244.42485    10.5327     3.0235 0.0000e+00
 148.269670      5.229    18.7221  36.318418    26.4917      5.182  243.99839  244.42640    10.5327     3.0235 0.0000e+00
 148.269673      5.296    18.7221  36.317081    26.4912      5.249  243.99930  244.42730    10.4782     3.0275 0.0000e+00
 148.269676      5.344    18.7221  36.320424    26.4906      5.296  244.00020  244.42820    10.4237     3.0235 -9.990e-29
 148.269679      5.360    18.7217  36.319087    26.4925      5.312  243.99914  244.42712    10.7506     2.8416 -9.990e-29
 148.269682      5.358    18.7213  36.319087    26.4928      5.310  244.00071  244.42867    10.6416     2.8577 -9.990e-29
 148.269685      5.327    18.7211  36.319087    26.4929      5.279  244.00132  244.42928    10.6416     2.8375 -9.990e-29
 148.269688      5.292    18.7207  36.318662    26.4929      5.245  244.00344  244.43138    10.7194     2.7850 -9.990e-29
 148.269690      5.260    18.7200  36.319330    26.4939      5.213  244.00505  244.43297    10.8751     2.9022 -9.990e-29
 148.269693      5.234    18.7198  36.317324    26.4924      5.187  244.00832  244.43624    10.8284     2.8780 -9.990e-29
 148.269696      5.236    18.7195  36.319695    26.4944      5.189  244.00613  244.43402    10.8595     2.9143 -9.990e-29
 148.269699      5.265    18.7190  36.318419    26.4959      5.218  244.00620  244.43407     9.7545     2.8618 -9.990e-29
 148.269702      5.327    18.7190  36.321093    26.4951      5.279  244.00770  244.43558     9.7311     2.8537 0.0000e+00
 148.269705      5.406    18.7189  36.319088    26.4959      5.357  244.00659  244.43446     9.7233     2.8456 0.0000e+00
 148.269708      5.497    18.7189  36.321094    26.4943      5.448  244.00921  244.43708     9.7233     2.8173 0.0000e+00
 148.269711      5.590    18.7189  36.318845    26.4940      5.540  244.00961  244.43749     9.7233     2.8173 0.0000e+00
 148.269714      5.667    18.7193  36.316901    26.4940      5.616  244.00961  244.43749     9.9101     2.8173 0.0000e+00
 148.269716      5.734    18.7193  36.321338    26.4939      5.683  244.00774  244.43563     9.9101     2.7729 0.0000e+00
 148.269719      5.767    18.7194  36.321338    26.4957      5.715  244.00450  244.43238    10.1591     2.7122 -9.990e-29
 148.269722      5.774    18.7193  36.320183    26.4948      5.723  244.00667  244.43456    10.2525     2.7041 -9.990e-29
 148.269725      5.758    18.7188  36.320122    26.4951      5.706  244.00831  244.43618    10.2836     2.6839 -9.990e-29
 148.269728      5.725    18.7184  36.319758    26.4951      5.674  244.01035  244.43821    12.1202     2.9143 -9.990e-29
 148.269731      5.694    18.7179  36.317326    26.4934      5.643  244.01512  244.44297    11.8868     2.9143 -9.990e-29
 148.269734      5.669    18.7178  36.320001    26.4957      5.618  244.01220  244.44003    11.9646     2.9143 -9.990e-29
 148.269737      5.654    18.7174  36.320669    26.4964      5.603  244.01256  244.44038    11.9801     2.9103 -9.990e-29
 148.269740      5.661    18.7172  36.316779    26.4934      5.611  244.01834  244.44617    12.8206     2.9548 -9.990e-29
 148.269742      5.691    18.7165  36.314895    26.4954      5.640  244.01871  244.44650    12.8206     2.9710 -9.990e-29
 148.269745      5.738    18.7163  36.318664    26.4949      5.687  244.02024  244.44802    12.8517     2.9669 0.0000e+00
 148.269748      5.806    18.7161  36.317327    26.4954      5.754  244.02159  244.44934    12.8206     2.9669 0.0000e+00
 148.269751      5.879    18.7156  36.318907    26.4961      5.826  244.02170  244.44945    12.1669     2.9669 0.0000e+00
 148.269754      5.959    18.7155  36.319090    26.4963      5.906  244.02170  244.44945    12.1202     2.9669 0.0000e+00
 148.269757      6.030    18.7152  36.318847    26.4963      5.976  244.02300  244.45074    12.1202     2.9831 0.0000e+00
 148.269760      6.087    18.7152  36.317753    26.4959      6.032  244.02389  244.45164    12.0891     2.9771 0.0000e+00
 148.269763      6.123    18.7152  36.321097    26.4954      6.068  244.02478  244.45253    12.0580     3.0114 -9.990e-29
 148.269766      6.145    18.7155  36.319334    26.4965      6.090  244.02146  244.44921    12.1669     2.8901 -9.990e-29
 148.269769      6.150    18.7152  36.315140    26.4932      6.095  244.02796  244.45572    12.0113     2.9022 -9.990e-29
 148.269771      6.151    18.7147  36.317997    26.4959      6.095  244.02606  244.45379    11.9179     2.9063 -9.990e-29
 148.269774      6.149    18.7143  36.317754    26.4960      6.094  244.02795  244.45566    11.7934     2.9305 -9.990e-29
 148.269777      6.143    18.7138  36.319334    26.4976      6.088  244.02774  244.45542    14.4393     3.1206 -9.990e-29
 148.269780      6.141    18.7135  36.319577    26.4979      6.086  244.02836  244.45603    14.4704     3.0640 -9.990e-29
 148.269783      6.151    18.7133  36.318240    26.4970      6.095  244.03076  244.45843    14.7194     3.1004 -9.990e-29
 148.269786      6.163    18.7122  36.320550    26.4991      6.108  244.03253  244.46015    13.7700     3.1044 -9.990e-29
 148.269789      6.191    18.7119  36.320003    26.4985      6.135  244.03497  244.46258    13.8867     3.0963 0.0000e+00
 148.269792      6.232    18.7116  36.317997    26.4991      6.177  244.03608  244.46365    13.8790     3.0882 0.0000e+00
 148.269795      6.278    18.7110  36.320672    26.5004      6.222  244.03740  244.46501    13.9724     3.0882 0.0000e+00
 148.269797      6.331    18.7102  36.320855    26.5005      6.274  244.03868  244.46622    13.8790     3.0963 0.0000e+00
 148.269800      6.386    18.7095  36.319700    26.5010      6.329  244.04217  244.46966    12.1825     3.1125 0.0000e+00
 148.269803      6.435    18.7090  36.321341    26.5008      6.377  244.04275  244.47027    11.9957     3.1125 0.0000e+00
 148.269806      6.481    18.7083  36.319093    26.5019      6.423  244.04799  244.47547    11.9490     3.1125 0.0000e+00
 148.269809      6.524    18.7077  36.320005    26.5012      6.466  244.04869  244.47614    11.9801     3.0963 0.0000e+00
 148.269812      6.559    18.7075  36.318911    26.5016      6.500  244.05021  244.47765    11.9335     3.0943 0.0000e+00
 148.269815      6.586    18.7073  36.319519    26.5012      6.528  244.05172  244.47916    11.9801     3.0963 -9.990e-29
 148.269818      6.601    18.7069  36.316905    26.4998      6.542  244.05565  244.48309    14.0969     3.3834 -9.990e-29
 148.269821      6.603    18.7069  36.318911    26.5015      6.544  244.05331  244.48074    14.0813     3.4643 -9.990e-29
 148.269823      6.594    18.7068  36.317999    26.5008      6.535  244.05483  244.48225    14.1436     3.4077 -9.990e-29
 148.269826      6.581    18.7068  36.315811    26.4991      6.522  244.05772  244.48515    15.4976     3.3066 -9.990e-29
 148.269829      6.569    18.7062  36.317817    26.5010      6.510  244.05694  244.48435    15.4510     3.2823 -9.990e-29
 148.269832      6.576    18.7055  36.316905    26.5008      6.517  244.06098  244.48836    15.2953     3.3066 -9.990e-29
 148.269835      6.589    18.7046  36.319580    26.5011      6.530  244.06446  244.49180    14.5015     3.6988 -9.990e-29
 148.269838      6.618    18.7043  36.316662    26.5022      6.559  244.06408  244.49140    14.4159     3.6907 0.0000e+00
 148.269841      6.662    18.7040  36.318912    26.5033      6.602  244.06446  244.49180    14.3303     3.6826 0.0000e+00
 148.269844      6.722    18.7034  36.318426    26.5033      6.662  244.06656  244.49386    14.2992     3.6826 0.0000e+00
 148.269847      6.793    18.7028  36.318244    26.5033      6.732  244.06872  244.49600    14.2992     3.6746 0.0000e+00
 148.269850      6.873    18.7027  36.316664    26.5023      6.812  244.07148  244.49875    14.4860     3.3713 0.0000e+00
 148.269852      6.942    18.7025  36.314233    26.5023      6.880  244.07148  244.49875    14.5638     3.3551 0.0000e+00
 148.269855      6.997    18.7024  36.318913    26.5024      6.935  244.07259  244.49985    14.5794     3.3329 0.0000e+00
 148.269858      7.032    18.7025  36.317393    26.5042      6.969  244.06918  244.49644    14.6727     3.3106 -9.990e-29
 148.269861      7.048    18.7028  36.317576    26.5029      6.985  244.06972  244.49700    14.5327     3.3308 -9.990e-29
 148.269864      7.050    18.7030  36.317333    26.5026      6.987  244.06942  244.49670    15.7311     3.0801 -9.990e-29
 148.269867      7.032    18.7032  36.317090    26.5023      6.969  244.06910  244.49640    15.6533     3.0235 -9.990e-29
 148.269870      7.017    18.7027  36.314658    26.5006      6.954  244.07420  244.50149    15.9490     3.1408 -9.990e-29
 148.269873      7.010    18.7022  36.317819    26.5035      6.947  244.07158  244.49883    15.9023     3.1125 -9.990e-29
 148.269876      7.001    18.7017  36.317576    26.5036      6.938  244.07378  244.50102    17.9568     3.0599 -9.990e-29
 148.269878      7.004    18.7012  36.314902    26.5018      6.941  244.07921  244.50644    18.1280     3.0842 -9.990e-29
 148.269881      7.026    18.7003  36.315813    26.5041      6.963  244.07948  244.50666    18.0969     3.0559 -9.990e-29
 148.269884      7.068    18.7002  36.317090    26.5035      7.005  244.08132  244.50851    17.8946     3.1833 0.0000e+00
 148.269887      7.121    18.7000  36.315267    26.5041      7.057  244.08089  244.50803    17.9257     3.3106 0.0000e+00
 148.269890      7.178    18.6993  36.318671    26.5059      7.113  244.08317  244.51035    17.8323     3.3268 0.0000e+00
 148.269893      7.243    18.6984  36.319097    26.5069      7.178  244.08331  244.51039    17.8323     3.3268 0.0000e+00
 148.269896      7.307    18.6979  36.320677    26.5080      7.242  244.08380  244.51091    17.8323     3.3268 0.0000e+00
 148.269899      7.362    18.6976  36.319583    26.5082      7.296  244.08530  244.51237    17.9724     3.3430 0.0000e+00
 148.269902      7.396    18.6972  36.317639    26.5080      7.330  244.08729  244.51435    18.1903     3.3915 -9.990e-29
 148.269905      7.420    18.6967  36.318003    26.5070      7.354  244.09130  244.51834    18.2525     3.4319 -9.990e-29
 148.269907      7.437    18.6967  36.317335    26.5065      7.370  244.09219  244.51924    18.2214     3.4481 -9.990e-29
 148.269910      7.437    18.6965  36.316423    26.5059      7.370  244.09434  244.52138    18.2369     3.4400 -9.990e-29
 148.269913      7.431    18.6962  36.318003    26.5073      7.365  244.09319  244.52021    18.0191     3.1731 -9.990e-29
 148.269916      7.424    18.6958  36.319098    26.5085      7.358  244.09330  244.52031    17.7233     3.2540 -9.990e-29
 148.269919      7.420    18.6956  36.316666    26.5067      7.354  244.09715  244.52416    17.9568     3.2338 -9.990e-29
 148.269922      7.433    18.6947  36.318915    26.5094      7.367  244.09676  244.52373    16.5560     3.3591 -9.990e-29
 148.269925      7.461    18.6944  36.319341    26.5097      7.394  244.09770  244.52467    16.5560     3.3571 0.0000e+00
 148.269928      7.501    18.6942  36.319584    26.5094      7.434  244.09865  244.52560    16.5560     3.3551 0.0000e+00
 148.269931      7.550    18.6941  36.317639    26.5085      7.482  244.10094  244.52789    16.5249     3.3187 0.0000e+00
 148.269933      7.605    18.6938  36.317579    26.5083      7.537  244.10230  244.52924    16.5249     3.3025 0.0000e+00
 148.269936      7.665    18.6938  36.317336    26.5082      7.596  244.10230  244.52924    17.6299     3.1125 0.0000e+00
 148.269939      7.716    18.6940  36.317336    26.5082      7.647  244.10205  244.52900    17.6299     3.1044 0.0000e+00
