seaocn-cb/data/ctd_cnv/SBE19plus_01907321_2024_05_26_Cast61.cnv
* Sea-Bird SBE19plus  Data File:
* FileName = E:\Prandtl_Daten\2024\26052024\raw\SBE19plus_01907321_2024_05_26_Cast61.hex
* Software version 2.6.1.12
* Temperature SN = 7321
* Conductivity SN = 7321
* System UpLoad Time = May 26 2024 11:36:07
* <ApplicationData>
* <Seaterm232>
** 20240526
** Sea Practical 2024
** MCat 26.05 CTD_SP1
** NMEA Latitude = 054 07.868N
** NMEA Longitude = 008 46.513E
** waterdepth =14.8m
** Merle
# nquan = 11
# nvalues = 657                         
# units = specified
# name 0 = timeJ: Julian Days
# name 1 = prdM: Pressure, Strain Gauge [db]
# name 2 = tv290C: Temperature [ITS-90, deg C]
# name 3 = c0mS/cm: Conductivity [mS/cm]
# name 4 = sal00: Salinity, Practical [PSU]
# name 5 = depSM: Depth [salt water, m], lat = 54.00
# name 6 = oxsatMm/Kg: Oxygen Saturation, Weiss [umol/kg]
# name 7 = oxsolMm/Kg: Oxygen Saturation, Garcia & Gordon [umol/kg]
# name 8 = turbWETntu0: Turbidity, WET Labs ECO [NTU]
# name 9 = flECO-AFL: Fluorescence, WET Labs ECO-AFL/FL [mg/m^3]
# name 10 = flag:  0.000e+00
# span 0 = 147.479184, 147.481082       
# span 1 =      0.138,     15.812       
# span 2 =    16.2030,    17.3492       
# span 3 =  36.388056,  36.582802       
# span 4 =    27.5468,    28.4087       
# span 5 =      0.136,     15.670       
# span 6 =  248.73229,  252.91717       
# span 7 =  249.10328,  253.23390       
# span 8 =    -2.1522,    14.1591       
# span 9 =     2.1218,     8.8342       
# span 10 = 0.0000e+00, 0.0000e+00      
# interval = seconds: 0.25
# start_time = May 26 2024 11:28:57 [Instrument's time stamp, header]
# bad_flag = -9.990e-29
*END*
[from data line 132]
 147.479566      3.673    16.8672  36.433580    27.8212      3.640  250.62777  250.97730    -0.1443     4.4894 0.0000e+00
 147.479569      3.707    16.8586  36.436929    27.8286      3.674  250.65732  251.00644    -0.6113     4.6936 0.0000e+00
 147.479572      3.742    16.8464  36.438026    27.8380      3.708  250.70130  251.04986    -0.6424     4.6976 0.0000e+00
 147.479575      3.773    16.8413  36.436688    27.8404      3.739  250.72251  251.07083    -0.6736     4.6936 0.0000e+00
 147.479578      3.804    16.8382  36.438575    27.8441      3.770  250.73111  251.07928    -0.6736     4.6814 0.0000e+00
 147.479580      3.837    16.8361  36.438698    27.8456      3.803  250.73890  251.08697     0.4938     4.5075 0.0000e+00
 147.479583      3.868    16.8361  36.438698    27.8459      3.833  250.73890  251.08697     0.5560     4.5075 0.0000e+00
 147.479586      3.897    16.8372  36.442045    27.8465      3.862  250.73012  251.07822     0.5560     4.5116 0.0000e+00
 147.479589      3.924    16.8389  36.441984    27.8465      3.889  250.72381  251.07199     0.4938     4.5156 0.0000e+00
 147.479592      3.950    16.8406  36.442958    27.8461      3.915  250.71600  251.06425     0.2603     4.5156 0.0000e+00
 147.479595      3.979    16.8418  36.442471    27.8461      3.944  250.71183  251.06015     0.0424     4.5197 0.0000e+00
 147.479598      4.008    16.8419  36.445392    27.8461      3.973  250.70793  251.05623     0.0424     4.5197 0.0000e+00
 147.479601      4.045    16.8418  36.445149    27.8461      4.009  250.70793  251.05623     0.0580     4.5075 0.0000e+00
 147.479604      4.080    16.8397  36.442167    27.8461      4.043  250.72057  251.06879     0.0580     4.5075 0.0000e+00
 147.479606      4.113    16.8296  36.441377    27.8523      4.076  250.75932  251.10707     0.0580     4.5075 0.0000e+00
 147.479609      4.140    16.8235  36.442048    27.8568      4.103  250.78161  251.12907     0.0968     4.5015 0.0000e+00
 147.479612      4.165    16.8174  36.444484    27.8613      4.128  250.80390  251.15107     0.1513     4.5075 -9.990e-29
 147.479615      4.185    16.8067  36.444119    27.8705      4.148  250.84095  251.18762    -0.0510     4.5075 -9.990e-29
 147.479618      4.209    16.8082  36.440528    27.8664      4.171  250.84066  251.18741    -0.1599     4.6450 -9.990e-29
 147.479621      4.225    16.8096  36.436694    27.8621      4.188  250.84071  251.18755    -0.1755     4.6774 -9.990e-29
 147.479624      4.247    16.8124  36.441623    27.8644      4.209  250.82321  251.17015    -0.1755     4.7299 -9.990e-29
 147.479627      4.263    16.8138  36.437058    27.8595      4.225  250.82462  251.17166    -0.1755     4.6895 -9.990e-29
 147.479630      4.280    16.8144  36.436937    27.8590      4.242  250.82267  251.16973    -1.0782     4.5116 -9.990e-29
 147.479633      4.304    16.8161  36.436024    27.8570      4.265  250.81758  251.16473    -1.2494     4.5358 -9.990e-29
 147.479635      4.326    16.8178  36.440284    27.8635      4.287  250.79857  251.14574    -1.1716     4.4671 -9.990e-29
 147.479638      4.355    16.8111  36.444970    27.8691      4.316  250.82196  251.16881    -0.9537     4.4651 0.0000e+00
 147.479641      4.389    16.8043  36.447285    27.8747      4.350  250.84534  251.19188    -0.7358     4.4631 0.0000e+00
 147.479644      4.426    16.7859  36.449600    27.8894      4.386  250.91073  251.25639    -0.6424     4.4226 0.0000e+00
 147.479647      4.468    16.7731  36.451611    27.9000      4.428  250.95578  251.30083    -0.6424     4.4145 0.0000e+00
 147.479650      4.508    16.7662  36.452099    27.9052      4.467  250.98074  251.32547    -0.6424     4.4145 0.0000e+00
 147.479653      4.542    16.7599  36.456422    27.9133      4.502  250.99831  251.34271    -0.1755     4.7866 0.0000e+00
 147.479656      4.579    16.7528  36.454292    27.9163      4.538  251.02767  251.37175    -0.1755     4.7987 0.0000e+00
 147.479659      4.617    16.7465  36.457397    27.9234      4.576  251.04699  251.39075    -0.1755     4.7987 0.0000e+00
 147.479661      4.652    16.7433  36.457398    27.9248      4.610  251.05891  251.40252    -0.1444     4.8027 0.0000e+00
 147.479664      4.683    16.7420  36.455389    27.9248      4.641  251.06672  251.41029    -0.1444     4.8027 0.0000e+00
 147.479667      4.711    16.7418  36.452589    27.9237      4.668  251.06952  251.41309    -0.2534     4.6835 0.0000e+00
 147.479670      4.741    16.7416  36.453381    27.9227      4.699  251.07232  251.41588    -0.3623     4.5561 -9.990e-29
 147.479673      4.762    16.7449  36.449850    27.9180      4.719  251.06381  251.40754    -0.3156     4.5439 -9.990e-29
 147.479676      4.783    16.7510  36.450093    27.9140      4.741  251.04088  251.38490    -0.3311     4.5561 -9.990e-29
 147.479679      4.809    16.7565  36.447475    27.9079      4.766  251.02393  251.36823    -0.4090     4.7542 -9.990e-29
 147.479682      4.827    16.7598  36.448935    27.9069      4.784  251.00962  251.35405    -0.4401     4.7866 -9.990e-29
 147.479685      4.847    16.7607  36.449848    27.9070      4.804  251.00495  251.34942    -0.5179     4.7623 -9.990e-29
 147.479688      4.864    16.7539  36.446988    27.9093      4.820  251.03444  251.37861    -0.3623     4.7502 -9.990e-29
 147.479690      4.880    16.7437  36.455329    27.9235      4.836  251.06051  251.40415     0.3226     4.9240 -9.990e-29
 147.479693      4.898    16.7297  36.454539    27.9325      4.855  251.11415  251.45714     0.3692     4.9362 -9.990e-29
 147.479696      4.917    16.7172  36.451619    27.9387      4.873  251.16478  251.50719     0.2914     4.9160 -9.990e-29
 147.479699      4.937    16.7036  36.453386    27.9496      4.893  251.21317  251.55493     0.3226     4.9200 -9.990e-29
 147.479702      4.962    16.6937  36.456735    27.9593      4.918  251.24572  251.58699     0.2759     4.9928 -9.990e-29
 147.479705      4.990    16.6949  36.456614    27.9573      4.945  251.24299  251.58433     0.3459     4.9908 0.0000e+00
 147.479708      5.019    16.6962  36.453874    27.9552      4.974  251.24026  251.58167     0.3381     4.9928 0.0000e+00
 147.479711      5.057    16.6962  36.454300    27.9552      5.012  251.23829  251.57966     0.3381     4.9887 0.0000e+00
 147.479714      5.099    16.6958  36.456309    27.9575      5.054  251.23829  251.57966     0.3381     4.9766 0.0000e+00
 147.479716      5.145    16.6944  36.458562    27.9597      5.099  251.24022  251.58152     0.3226     4.8553 0.0000e+00
 147.479719      5.194    16.6925  36.456310    27.9604      5.148  251.25054  251.59176     0.3226     4.8553 0.0000e+00
 147.479722      5.245    16.6903  36.460511    27.9648      5.198  251.25269  251.59379     0.3070     4.8715 0.0000e+00
 147.479725      5.280    16.6886  36.460998    27.9648      5.233  251.25841  251.59942     0.2603     4.8715 0.0000e+00
 147.479728      5.322    16.6885  36.458746    27.9656      5.274  251.26067  251.60168     0.1747     4.7805 0.0000e+00
 147.479731      5.355    16.6883  36.456068    27.9647      5.307  251.26292  251.60393     0.0424     4.6895 -9.990e-29
 147.479734      5.380    16.6936  36.451197    27.9546      5.332  251.25411  251.59540    -0.0199     4.6936 -9.990e-29
 147.479737      5.408    16.6981  36.455884    27.9555      5.359  251.23053  251.57202     0.0424     4.6733 -9.990e-29
 147.479740      5.426    16.6987  36.456067    27.9552      5.377  251.22784  251.56935    -0.0821     4.5803 -9.990e-29
 147.479742      5.444    16.6966  36.455336    27.9560      5.395  251.23684  251.57826    -0.2533     4.5682 -9.990e-29
 147.479745      5.457    16.6937  36.452537    27.9557      5.408  251.25189  251.59319    -0.1132     4.5480 -9.990e-29
 147.479748      5.473    16.6903  36.453633    27.9590      5.424  251.26312  251.60425    -0.1755     4.5358 -9.990e-29
 147.479751      5.482    16.6867  36.454973    27.9626      5.433  251.27459  251.61555     0.1202     4.2488 -9.990e-29
 147.479754      5.498    16.6841  36.454912    27.9644      5.449  251.28445  251.62528     0.1513     4.2649 -9.990e-29
 147.479757      5.511    16.6834  36.458321    27.9677      5.462  251.28194  251.62272     0.0268     4.2528 -9.990e-29
 147.479760      5.529    16.6857  36.459234    27.9669      5.480  251.27208  251.61296    -0.0199     4.2407 -9.990e-29
 147.479763      5.542    16.6833  36.456738    27.9618      5.493  251.29245  251.63327     0.7895     5.0858 -9.990e-29
 147.479766      5.568    16.6807  36.451321    27.9648      5.518  251.30038  251.64106     0.8206     5.0676 0.0000e+00
 147.479769      5.594    16.6780  36.454061    27.9623      5.544  251.30831  251.64885     0.7895     5.0696 0.0000e+00
 147.479771      5.623    16.6751  36.445174    27.9678      5.572  251.33223  251.67268     0.8517     5.0534 0.0000e+00
 147.479774      5.661    16.6724  36.450105    27.9683      5.610  251.33514  251.67544     0.7117     5.0534 0.0000e+00
 147.479777      5.701    16.6701  36.452297    27.9719      5.650  251.33579  251.67595     0.4471     5.0534 0.0000e+00
 147.479780      5.756    16.6701  36.455767    27.9748      5.704  251.33579  251.67595     0.3381     5.0494 0.0000e+00
 147.479783      5.805    16.6701  36.456558    27.9748      5.753  251.33579  251.67595     0.3381     5.0494 0.0000e+00
 147.479786      5.851    16.6701  36.455402    27.9750      5.798  251.33622  251.67633     0.3381     5.0453 0.0000e+00
 147.479789      5.893    16.6693  36.457411    27.9752      5.840  251.33637  251.67653     1.3187     4.8472 0.0000e+00
 147.479792      5.929    16.6692  36.455585    27.9752      5.876  251.33950  251.67962     1.3342     4.8391 0.0000e+00
 147.479795      5.967    16.6688  36.451628    27.9737      5.914  251.34361  251.68372     1.3264     4.8371 0.0000e+00
 147.479797      5.993    16.6685  36.450107    27.9722      5.939  251.34772  251.68783     1.3342     4.8391 -9.990e-29
 147.479800      6.015    16.6662  36.451872    27.9740      5.961  251.35593  251.69593     0.5560     4.5844 -9.990e-29
 147.479803      6.028    16.6667  36.452420    27.9741      5.974  251.35331  251.69333     0.5405     4.5520 -9.990e-29
 147.479806      6.040    16.6666  36.453212    27.9749      5.986  251.35247  251.69248     0.5249     4.5601 -9.990e-29
 147.479809      6.053    16.6657  36.451203    27.9738      5.999  251.35906  251.69903     0.6183     4.5439 -9.990e-29
 147.479812      6.066    16.6651  36.451629    27.9746      6.011  251.36058  251.70052     0.5405     4.5682 -9.990e-29
 147.479815      6.084    16.6645  36.450777    27.9743      6.030  251.36396  251.70389    -0.2689     5.0575 -9.990e-29
 147.479818      6.102    16.6648  36.452177    27.9752      6.048  251.36072  251.70065    -0.1599     5.0373 -9.990e-29
 147.479821      6.128    16.6651  36.452542    27.9754      6.073  251.35928  251.69922    -0.1132     5.0817 -9.990e-29
 147.479823      6.153    16.6599  36.450777    27.9780      6.098  251.38042  251.72012    -0.2222     4.6733 -9.990e-29
 147.479826      6.186    16.6571  36.451448    27.9785      6.131  251.39351  251.73309    -0.1600     4.6814 0.0000e+00
 147.479829      6.212    16.6543  36.447918    27.9789      6.156  251.40661  251.74606    -0.0977     4.6895 0.0000e+00
 147.479832      6.250    16.6499  36.448101    27.9821      6.194  251.42283  251.76207    -0.0977     4.6976 0.0000e+00
 147.479835      6.276    16.6468  36.446336    27.9828      6.219  251.43700  251.77610    -0.0977     4.7016 0.0000e+00
 147.479838      6.308    16.6458  36.449198    27.9847      6.252  251.43889  251.77793    -0.0510     4.7279 0.0000e+00
 147.479841      6.334    16.6447  36.448772    27.9867      6.277  251.44077  251.77976     0.0268     4.7542 -9.990e-29
 147.479844      6.356    16.6399  36.448772    27.9862      6.299  251.46527  251.80405     0.1047     4.7259 -9.990e-29
 147.479847      6.387    16.6392  36.444755    27.9857      6.330  251.46967  251.80842     0.2448     4.8937 0.0000e+00
 147.479850      6.421    16.6384  36.442503    27.9862      6.364  251.47406  251.81278     0.2603     5.0494 0.0000e+00
 147.479852      6.452    16.6350  36.443417    27.9885      6.395  251.48555  251.82411     0.2603     5.0494 0.0000e+00
 147.479855      6.494    16.6312  36.444331    27.9919      6.436  251.49857  251.83693     0.2603     5.0494 0.0000e+00
 147.479858      6.534    16.6278  36.442505    27.9926      6.476  251.51375  251.85197     0.2603     5.0494 0.0000e+00
 147.479861      6.578    16.6238  36.448958    27.9995      6.519  251.51960  251.85759     0.3537     5.0373 0.0000e+00
 147.479864      6.617    16.6238  36.446341    27.9995      6.557  251.52363  251.86164     0.9918     4.9685 0.0000e+00
 147.479867      6.648    16.6232  36.446219    27.9991      6.588  251.52567  251.86364     1.0385     4.9321 0.0000e+00
 147.479870      6.684    16.6238  36.449201    27.9986      6.624  251.52363  251.86164     1.0852     4.8957 -9.990e-29
 147.479873      6.708    16.6338  36.448774    27.9938      6.648  251.48245  251.82092     1.0852     4.9240 -9.990e-29
 147.479876      6.729    16.6328  36.448774    27.9945      6.669  251.48612  251.82454     1.3965     4.7825 -9.990e-29
 147.479878      6.744    16.6290  36.447618    27.9961      6.684  251.50183  251.84008     1.3342     4.7987 -9.990e-29
 147.479881      6.751    16.6279  36.446036    27.9955      6.691  251.50841  251.84661     1.3965     4.7946 -9.990e-29
 147.479884      6.762    16.6255  36.444758    27.9961      6.702  251.51912  251.85722     1.4120     4.7704 -9.990e-29
 147.479887      6.775    16.6187  36.446098    28.0020      6.714  251.54277  251.88054     1.5833     6.3151 -9.990e-29
 147.479890      6.791    16.6095  36.446769    28.0090      6.730  251.57623  251.91356     1.6611     6.3555 -9.990e-29
 147.479893      6.806    16.5950  36.447500    28.0127      6.745  251.64181  251.97848     1.6455     6.3514 -9.990e-29
 147.479896      6.833    16.5836  36.439223    28.0212      6.772  251.68364  252.01976     1.4588     6.1493 0.0000e+00
 147.479899      6.861    16.5722  36.440565    28.0297      6.799  251.72547  252.06104     1.3809     5.9552 0.0000e+00
 147.479902      6.893    16.5399  36.437891    28.0500      6.832  251.85061  252.18463     1.3342     5.9552 0.0000e+00
 147.479905      6.932    16.5126  36.443920    28.0743      6.870  251.94438  252.27705     1.3809     5.9552 0.0000e+00
 147.479907      6.968    16.4962  36.441427    28.0836      6.906  252.00953  252.34142     1.3965     5.9552 0.0000e+00
 147.479910      7.014    16.4884  36.442523    28.0900      6.951  252.03715  252.36867     1.3965     5.9390 0.0000e+00
 147.479913      7.051    16.4829  36.439420    28.0912      6.988  252.06272  252.39398     0.5716     5.0979 0.0000e+00
 147.479916      7.091    16.4772  36.440334    28.0960      7.027  252.08270  252.41368     0.5716     5.0979 0.0000e+00
 147.479919      7.124    16.4706  36.442647    28.1026      7.060  252.10426  252.43491     0.5560     5.1303 0.0000e+00
 147.479922      7.149    16.4703  36.442343    28.1026      7.085  252.10726  252.43790     0.5560     5.1303 0.0000e+00
 147.479925      7.180    16.4703  36.441248    28.1016      7.116  252.10928  252.43987     0.1202     4.9200 0.0000e+00
 147.479928      7.209    16.4703  36.435892    28.1010      7.145  252.11484  252.44552     0.1047     4.9200 0.0000e+00
 147.479931      7.239    16.4687  36.439240    28.1010      7.174  252.11484  252.44552     0.1202     4.9321 0.0000e+00
 147.479933      7.270    16.4679  36.442344    28.1042      7.205  252.11632  252.44690     0.1202     4.9402 0.0000e+00
 147.479936      7.302    16.4674  36.442527    28.1046      7.237  252.11652  252.44701     0.4548     5.2576 0.0000e+00
 147.479939      7.333    16.4669  36.445692    28.1050      7.268  252.11822  252.44869     0.7895     5.5751 -9.990e-29
