seaocn-cb/data/ctd_cnv/SBE19plus_01907321_2024_05_27_Cast68.cnv
* Sea-Bird SBE19plus  Data File:
* FileName = E:\Prandtl_Daten\2024\27052024\raw\SBE19plus_01907321_2024_05_27_Cast68.hex
* Software version 2.6.1.12
* Temperature SN = 7321
* Conductivity SN = 7321
* System UpLoad Time = May 27 2024 07:30:26
* <ApplicationData>
* <Seaterm232>
** 20240527
** Sea Practical 2024
** MCat 27.05 CTD_SP2
** NMEA Latitude = 054 06.114N
** NMEA Longitude = 008 34.923E
** waterdepth =13.9 m
** Merle
# nquan = 11
# nvalues = 463                         
# units = specified
# name 0 = timeJ: Julian Days
# name 1 = prdM: Pressure, Strain Gauge [db]
# name 2 = tv290C: Temperature [ITS-90, deg C]
# name 3 = c0mS/cm: Conductivity [mS/cm]
# name 4 = sal00: Salinity, Practical [PSU]
# name 5 = depSM: Depth [salt water, m], lat = 54.00
# name 6 = oxsatMm/Kg: Oxygen Saturation, Weiss [umol/kg]
# name 7 = oxsolMm/Kg: Oxygen Saturation, Garcia & Gordon [umol/kg]
# name 8 = turbWETntu0: Turbidity, WET Labs ECO [NTU]
# name 9 = flECO-AFL: Fluorescence, WET Labs ECO-AFL/FL [mg/m^3]
# name 10 = flag:  0.000e+00
# span 0 = 148.308536, 148.309873       
# span 1 =      0.501,     12.816       
# span 2 =    17.1176,    17.7804       
# span 3 =  36.281442,  36.471330       
# span 4 =    27.2240,    27.5183       
# span 5 =      0.497,     12.701       
# span 6 =  247.20571,  249.91788       
# span 7 =  247.59551,  250.27969       
# span 8 =     0.4159,    28.6961       
# span 9 =     3.9798,     8.3328       
# span 10 = 0.0000e+00, 0.0000e+00      
# interval = seconds: 0.25
# start_time = May 27 2024 07:22:46 [Instrument's time stamp, header]
# bad_flag = -9.990e-29
*END*
[from data line 132]
 148.308918      4.061    17.7193  36.441272    27.2477      4.025  247.46986  247.85721     2.3926     4.6208 -9.990e-29
 148.308921      4.080    17.7163  36.441272    27.2482      4.043  247.48315  247.87038     2.5482     4.5803 -9.990e-29
 148.308924      4.107    17.7153  36.439507    27.2492      4.071  247.48640  247.87359     3.6222     4.7441 0.0000e+00
 148.308927      4.136    17.7143  36.440177    27.2501      4.099  247.48965  247.87680     4.6961     4.9079 0.0000e+00
 148.308929      4.171    17.7129  36.440847    27.2509      4.134  247.49400  247.88108     4.6961     4.9362 0.0000e+00
 148.308932      4.208    17.7111  36.438595    27.2514      4.170  247.50363  247.89065     4.8517     4.9362 0.0000e+00
 148.308935      4.240    17.7090  36.437500    27.2514      4.202  247.51289  247.89983     4.8517     4.9362 0.0000e+00
 148.308938      4.271    17.7061  36.436344    27.2523      4.233  247.52502  247.91184     5.5210     4.9645 0.0000e+00
 148.308941      4.301    17.7047  36.436405    27.2533      4.262  247.53008  247.91685     6.0736     5.0413 0.0000e+00
 148.308944      4.328    17.7033  36.434154    27.2542      4.289  247.53515  247.92185     6.6261     5.1505 -9.990e-29
 148.308947      4.353    17.6961  36.430808    27.2544      4.315  247.56953  247.95595     6.5638     5.0656 -9.990e-29
 148.308950      4.377    17.6919  36.430808    27.2572      4.338  247.58500  247.97124     6.5015     5.1464 -9.990e-29
 148.308953      4.403    17.6867  36.429044    27.2592      4.363  247.60632  247.99235     4.9607     5.2556 -9.990e-29
 148.308955      4.425    17.6822  36.427949    27.2612      4.385  247.62423  248.01008     5.2408     5.2677 -9.990e-29
 148.308958      4.447    17.6785  36.425698    27.2619      4.407  247.64128  248.02697     4.8517     5.2273 -9.990e-29
 148.308961      4.468    17.6772  36.431297    27.2674      4.428  247.63815  248.02376     5.1008     5.2961 -9.990e-29
 148.308964      4.492    17.6783  36.430628    27.2661      4.452  247.63507  248.02074     6.3303     5.7247 -9.990e-29
 148.308967      4.516    17.6797  36.429045    27.2638      4.476  247.63203  248.01776     6.6105     5.7085 -9.990e-29
 148.308970      4.538    17.6802  36.428619    27.2631      4.497  247.63078  248.01653     6.7194     5.6762 -9.990e-29
 148.308973      4.560    17.6797  36.428619    27.2635      4.519  247.63264  248.01838     6.3615     5.7328 -9.990e-29
 148.308976      4.585    17.6786  36.424908    27.2611      4.544  247.64183  248.02753     7.6689     5.1222 -9.990e-29
 148.308979      4.607    17.6766  36.424604    27.2622      4.566  247.64968  248.03530     7.3887     5.0858 -9.990e-29
 148.308981      4.631    17.6704  36.422596    27.2643      4.589  247.67596  248.06132     7.7622     5.1909 -9.990e-29
 148.308984      4.658    17.6688  36.422170    27.2658      4.616  247.68093  248.06622     7.5832     5.1303 0.0000e+00
 148.308987      4.691    17.6672  36.423266    27.2659      4.649  247.68589  248.07111     7.7622     5.1909 0.0000e+00
 148.308990      4.728    17.6653  36.419981    27.2673      4.685  247.69758  248.08274     9.0229     5.5832 0.0000e+00
 148.308993      4.764    17.6634  36.421076    27.2681      4.721  247.70318  248.08826     9.0229     5.6236 0.0000e+00
 148.308996      4.802    17.6606  36.419312    27.2684      4.759  247.71585  248.10082     9.0074     5.6276 0.0000e+00
 148.308999      4.841    17.6576  36.418643    27.2695      4.797  247.72793  248.11277     9.0074     5.6479 0.0000e+00
 148.309002      4.872    17.6561  36.415784    27.2697      4.828  247.73533  248.12012     9.5522     5.7004 0.0000e+00
 148.309005      4.899    17.6546  36.417488    27.2695      4.855  247.74274  248.12746    10.0969     5.7732 -9.990e-29
 148.309008      4.923    17.6474  36.411282    27.2706      4.879  247.77560  248.16004    10.1747     5.7651 -9.990e-29
 148.309010      4.939    17.6433  36.409275    27.2716      4.895  247.79323  248.17751    10.2214     5.7894 -9.990e-29
 148.309013      4.945    17.6392  36.410858    27.2757      4.900  247.80618  248.19027    10.0191     5.2677 -9.990e-29
 148.309016      4.950    17.6350  36.409215    27.2771      4.906  247.82392  248.20784    10.1124     5.3041 -9.990e-29
 148.309019      4.963    17.6310  36.409520    27.2800      4.918  247.83802  248.22177    10.1903     5.3810 -9.990e-29
 148.309022      4.974    17.6278  36.410372    27.2829      4.929  247.84889  248.23250    10.1747     5.2880 -9.990e-29
 148.309025      4.996    17.6236  36.405262    27.2819      4.951  247.87072  248.25416     9.8634     5.5589 -9.990e-29
 148.309028      5.027    17.6236  36.405810    27.2819      4.982  247.87034  248.25378     9.9568     5.5448 0.0000e+00
 148.309031      5.065    17.6237  36.405932    27.2819      5.020  247.86995  248.25340    10.0502     5.5589 0.0000e+00
 148.309034      5.109    17.6251  36.408609    27.2819      5.063  247.86130  248.24480    10.0502     5.5670 0.0000e+00
 148.309036      5.149    17.6259  36.407088    27.2832      5.103  247.86035  248.24389     9.8634     5.6195 0.0000e+00
 148.309039      5.196    17.6267  36.410373    27.2821      5.150  247.85462  248.23819     9.3342     5.6802 0.0000e+00
 148.309042      5.231    17.6268  36.408791    27.2821      5.184  247.85462  248.23819     9.3342     5.6802 0.0000e+00
 148.309045      5.266    17.6268  36.407514    27.2815      5.218  247.85537  248.23894     9.3653     5.6944 0.0000e+00
 148.309048      5.291    17.6269  36.408427    27.2810      5.244  247.85611  248.23969     9.3965     5.6762 -9.990e-29
 148.309051      5.309    17.6261  36.409096    27.2829      5.262  247.85702  248.24056    10.3615     6.0684 -9.990e-29
 148.309054      5.322    17.6255  36.407697    27.2821      5.275  247.86113  248.24465    10.3303     6.0360 -9.990e-29
 148.309057      5.333    17.6249  36.407271    27.2821      5.286  247.86390  248.24739    10.2058     6.0360 -9.990e-29
 148.309060      5.344    17.6242  36.409279    27.2843      5.296  247.86358  248.24704    10.1903     6.0077 -9.990e-29
 148.309063      5.359    17.6237  36.404655    27.2808      5.311  247.87188  248.25533    10.3303     5.5751 -9.990e-29
 148.309065      5.381    17.6218  36.405750    27.2831      5.333  247.87714  248.26051    10.2992     5.5468 -9.990e-29
 148.309068      5.410    17.6209  36.405994    27.2819      5.361  247.88384  248.26718    10.2058     5.5427 0.0000e+00
 148.309071      5.444    17.6199  36.401492    27.2831      5.396  247.89054  248.27384    10.1124     5.5468 0.0000e+00
 148.309074      5.483    17.6183  36.403987    27.2838      5.434  247.89295  248.27618     8.3070     5.7247 0.0000e+00
 148.309077      5.527    17.6174  36.404413    27.2847      5.477  247.89547  248.27866     8.3070     5.7247 0.0000e+00
 148.309080      5.569    17.6164  36.405143    27.2851      5.519  247.89818  248.28133     8.3070     5.8096 0.0000e+00
 148.309083      5.603    17.6160  36.403501    27.2856      5.553  247.90072  248.28386     8.2058     5.7651 0.0000e+00
 148.309086      5.636    17.6156  36.405265    27.2851      5.586  247.90327  248.28639     8.0580     5.8096 -9.990e-29
 148.309089      5.652    17.6161  36.405752    27.2866      5.602  247.89830  248.28143    10.1280     5.6964 -9.990e-29
 148.309091      5.665    17.6167  36.401980    27.2831      5.615  247.90140  248.28457    10.2369     5.7287 -9.990e-29
 148.309094      5.671    17.6172  36.404535    27.2849      5.620  247.89599  248.27917     9.8945     5.7287 -9.990e-29
 148.309097      5.674    17.6179  36.403744    27.2838      5.624  247.89462  248.27784    10.0191     5.7247 -9.990e-29
 148.309100      5.683    17.6185  36.404414    27.2839      5.633  247.89153  248.27477    10.2836     5.8136 -9.990e-29
 148.309103      5.702    17.6190  36.406847    27.2837      5.651  247.88953  248.27279    10.2214     5.7489 -9.990e-29
 148.309106      5.731    17.6194  36.404535    27.2839      5.680  247.88730  248.27058    10.3070     5.7712 0.0000e+00
 148.309109      5.766    17.6198  36.405752    27.2842      5.714  247.88507  248.26836    10.3926     5.7489 0.0000e+00
 148.309112      5.802    17.6205  36.407273    27.2849      5.750  247.88019  248.26350    10.9218     5.7409 0.0000e+00
 148.309115      5.849    17.6214  36.408429    27.2849      5.797  247.87622  248.25956    10.9685     5.7125 0.0000e+00
 148.309117      5.891    17.6214  36.407943    27.2849      5.839  247.87622  248.25956    11.0774     5.7125 0.0000e+00
 148.309120      5.932    17.6214  36.406848    27.2839      5.879  247.87714  248.26050    11.0774     5.7489 0.0000e+00
 148.309123      5.966    17.6214  36.405266    27.2833      5.913  247.87967  248.26303    11.0774     5.7651 0.0000e+00
 148.309126      5.999    17.6212  36.405935    27.2826      5.946  247.87968  248.26303    11.0774     5.7732 0.0000e+00
 148.309129      6.026    17.6209  36.403076    27.2823      5.973  247.88276  248.26610    11.1086     5.7773 0.0000e+00
 148.309132      6.054    17.6206  36.408856    27.2813      6.000  247.88584  248.26918    11.0152     5.7732 -9.990e-29
 148.309135      6.070    17.6194  36.406422    27.2849      6.016  247.88553  248.26880    10.8284     5.7125 -9.990e-29
 148.309138      6.089    17.6183  36.401738    27.2818      6.034  247.89639  248.27963    12.7117     6.0239 -9.990e-29
 148.309141      6.105    17.6170  36.403320    27.2839      6.051  247.89883  248.28201    12.7428     5.9713 -9.990e-29
 148.309144      6.118    17.6158  36.404841    27.2860      6.063  247.90104  248.28416    12.9918     6.0320 -9.990e-29
 148.309146      6.131    17.6139  36.402408    27.2852      6.076  247.91154  248.29459    12.9607     6.0037 -9.990e-29
 148.309149      6.145    17.6114  36.400827    27.2856      6.090  247.92271  248.30567    10.3303     5.4618 -9.990e-29
 148.309152      6.162    17.6065  36.400827    27.2884      6.107  247.94181  248.32455    10.4548     5.5063 -9.990e-29
 148.309155      6.187    17.6061  36.400219    27.2891      6.132  247.94260  248.32532    10.4237     5.5124 0.0000e+00
 148.309158      6.224    17.6061  36.401314    27.2884      6.168  247.94339  248.32609    10.4548     5.5185 0.0000e+00
 148.309161      6.260    17.6061  36.399672    27.2883      6.204  247.94339  248.32609    10.8284     5.9511 0.0000e+00
 148.309164      6.302    17.6065  36.400219    27.2883      6.246  247.94187  248.32461    10.8284     5.9633 0.0000e+00
 148.309167      6.351    17.6065  36.401071    27.2890      6.295  247.94044  248.32317    10.7506     5.9511 0.0000e+00
 148.309170      6.392    17.6064  36.401497    27.2890      6.335  247.94044  248.32317    10.7506     5.9349 0.0000e+00
 148.309172      6.426    17.6063  36.400281    27.2890      6.369  247.94160  248.32434    10.7739     5.7833 0.0000e+00
 148.309175      6.459    17.6062  36.399064    27.2885      6.401  247.94277  248.32550    10.7973     5.6317 -9.990e-29
 148.309178      6.476    17.6061  36.397726    27.2864      6.418  247.94666  248.32941    10.8284     5.6398 -9.990e-29
 148.309181      6.490    17.6059  36.398395    27.2871      6.432  247.94667  248.32939    10.7973     5.6276 -9.990e-29
 148.309184      6.494    17.6056  36.399733    27.2885      6.436  247.94604  248.32874    10.8906     5.5993 -9.990e-29
 148.309187      6.503    17.6049  36.397787    27.2873      6.445  247.95123  248.33391    13.4587     5.5306 -9.990e-29
 148.309190      6.503    17.6043  36.397300    27.2873      6.445  247.95407  248.33673    13.4432     5.5912 -9.990e-29
 148.309193      6.518    17.6036  36.394441    27.2854      6.459  247.96053  248.34318    13.3965     5.6236 -9.990e-29
 148.309196      6.539    17.6008  36.399734    27.2901      6.481  247.96584  248.34835    12.6650     5.5185 -9.990e-29
 148.309198      6.572    17.6000  36.397970    27.2901      6.513  247.96999  248.35246    12.8440     5.5225 0.0000e+00
 148.309201      6.616    17.5991  36.396693    27.2902      6.557  247.97413  248.35657    12.9140     5.5265 0.0000e+00
 148.309204      6.674    17.5972  36.395720    27.2907      6.615  247.98231  248.36468    12.9607     5.5872 0.0000e+00
 148.309207      6.727    17.5956  36.397971    27.2928      6.667  247.98507  248.36736    12.9607     5.6438 0.0000e+00
 148.309210      6.775    17.5943  36.395964    27.2936      6.714  247.99283  248.37507    13.4120     5.9026 0.0000e+00
 148.309213      6.821    17.5937  36.396268    27.2934      6.760  247.99495  248.37716    13.4587     5.9046 0.0000e+00
 148.309216      6.853    17.5930  36.394870    27.2939      6.792  247.99706  248.37925    13.5054     5.9066 -9.990e-29
 148.309219      6.873    17.5911  36.396634    27.2955      6.812  248.00369  248.38579    13.2875     5.9713 -9.990e-29
 148.309222      6.873    17.5903  36.394444    27.2942      6.812  248.00952  248.39160    13.3342     5.6600 -9.990e-29
 148.309225      6.868    17.5900  36.393775    27.2938      6.806  248.01169  248.39375    13.2564     5.7287 -9.990e-29
 148.309227      6.853    17.5892  36.394383    27.2948      6.792  248.01361  248.39564    12.9762     5.7166 -9.990e-29
 148.309230      6.848    17.5887  36.393775    27.2947      6.786  248.01631  248.39832    12.9296     5.7409 -9.990e-29
 148.309233      6.855    17.5885  36.393288    27.2944      6.794  248.01792  248.39992    13.1163     5.6681 -9.990e-29
 148.309236      6.873    17.5885  36.397060    27.2939      6.812  248.01888  248.40089    14.1280     5.7853 -9.990e-29
 148.309239      6.917    17.5886  36.392619    27.2948      6.855  248.01693  248.39894    14.1669     5.7712 0.0000e+00
 148.309242      6.968    17.5885  36.394992    27.2947      6.906  248.01888  248.40089    14.2058     5.7853 0.0000e+00
 148.309245      7.032    17.5877  36.393107    27.2947      6.969  248.02104  248.40302    14.2058     5.7570 0.0000e+00
 148.309248      7.096    17.5855  36.384409    27.2939      7.032  248.04155  248.42346    13.6455     5.6640 0.0000e+00
 148.309251      7.147    17.5817  36.387329    27.2939      7.083  248.05140  248.43314    13.6299     5.6640 0.0000e+00
 148.309253      7.189    17.5800  36.389702    27.2961      7.125  248.05609  248.43775    13.6144     5.6802 0.0000e+00
 148.309256      7.218    17.5782  36.389337    27.2982      7.153  248.06078  248.44236    13.5988     5.6964 -9.990e-29
 148.309259      7.229    17.5741  36.384897    27.2970      7.164  248.08264  248.46406    15.2175     6.1897 -9.990e-29
 148.309262      7.220    17.5724  36.387999    27.3007      7.155  248.08479  248.46613    15.3420     6.1290 -9.990e-29
 148.309265      7.213    17.5710  36.388425    27.3020      7.148  248.08913  248.47041    15.4198     6.1614 -9.990e-29
 148.309268      7.209    17.5701  36.388851    27.3030      7.145  248.09194  248.47317    15.1864     6.1735 -9.990e-29
 148.309271      7.216    17.5692  36.387513    27.3025      7.152  248.09720  248.47841    12.9762     6.2261 -9.990e-29
 148.309274      7.238    17.5688  36.387331    27.3017      7.174  248.10056  248.48175    12.9918     6.2504 -9.990e-29
 148.309277      7.273    17.5686  36.386236    27.3028      7.208  248.09934  248.48052    12.8907     6.2625 0.0000e+00
 148.309280      7.322    17.5685  36.388669    27.3021      7.257  248.10056  248.48175    12.8362     6.2746 0.0000e+00
 148.309282      7.377    17.5682  36.386297    27.3027      7.311  248.10269  248.48385    12.8362     6.2746 0.0000e+00
 148.309285      7.435    17.5669  36.385993    27.3027      7.369  248.10778  248.48889    13.3187     5.7328 0.0000e+00
 148.309288      7.481    17.5657  36.386420    27.3027      7.414  248.11153  248.49259    13.4276     5.7328 0.0000e+00
 148.309291      7.519    17.5650  36.383561    27.3030      7.452  248.11600  248.49705    13.4588     5.7652 0.0000e+00
