seaocn-cb/data/ctd_cnv/SBE19plus_01907321_2024_05_25_Cast50.cnv
* Sea-Bird SBE19plus  Data File:
* FileName = E:\Prandtl_Daten\2024\25052024\raw\SBE19plus_01907321_2024_05_25_Cast50.hex
* Software version 2.6.1.12
* Temperature SN = 7321
* Conductivity SN = 7321
* System UpLoad Time = May 25 2024 07:56:38
* <ApplicationData>
* <Seaterm232>
** 20240525
** Sea Practical 2024
** MCat 25.05 CTD_SP5
** NMEA Latitude = 054 07.822N
** NMEA Longitude = 008 25.493E
** waterdepth = 6.7m
** Clemens
# nquan = 11
# nvalues = 197                         
# units = specified
# name 0 = timeJ: Julian Days
# name 1 = prdM: Pressure, Strain Gauge [db]
# name 2 = tv290C: Temperature [ITS-90, deg C]
# name 3 = c0mS/cm: Conductivity [mS/cm]
# name 4 = sal00: Salinity, Practical [PSU]
# name 5 = depSM: Depth [salt water, m], lat = 54.00
# name 6 = oxsatMm/Kg: Oxygen Saturation, Weiss [umol/kg]
# name 7 = oxsolMm/Kg: Oxygen Saturation, Garcia & Gordon [umol/kg]
# name 8 = turbWETntu0: Turbidity, WET Labs ECO [NTU]
# name 9 = flECO-AFL: Fluorescence, WET Labs ECO-AFL/FL [mg/m^3]
# name 10 = flag:  0.000e+00
# span 0 = 146.327697, 146.328264       
# span 1 =      0.625,      5.719       
# span 2 =    16.0375,    16.2404       
# span 3 =  36.201345,  36.281783       
# span 4 =    28.0609,    28.2701       
# span 5 =      0.619,      5.668       
# span 6 =  253.31606,  253.99515       
# span 7 =  253.63673,  254.30532       
# span 8 =    -3.1327,     1.2564       
# span 9 =     4.5844,     6.9014       
# span 10 = 0.0000e+00, 0.0000e+00      
# interval = seconds: 0.25
# start_time = May 25 2024 07:50:38 [Instrument's time stamp, header]
# bad_flag = -9.990e-29
*END*
 146.327697      0.625    16.2391  36.202678    28.0615      0.619  253.32969  253.65034    -2.8992     4.8957 -9.990e-29
 146.327700      0.628    16.2392  36.204195    28.0609      0.623  253.32985  253.65050    -3.0082     4.7421 -9.990e-29
 146.327703      0.701    16.2394  36.202192    28.0626      0.695  253.32583  253.64648    -3.1327     4.7279 0.0000e+00
 146.327705      0.840    16.2396  36.206624    28.0632      0.832  253.32388  253.64454    -3.0704     4.7421 0.0000e+00
 146.327708      0.982    16.2396  36.205289    28.0632      0.973  253.32388  253.64454    -3.0704     4.7461 0.0000e+00
 146.327711      1.081    16.2398  36.204561    28.0628      1.071  253.32399  253.64466    -2.8992     4.7704 0.0000e+00
 146.327714      1.134    16.2399  36.202861    28.0624      1.124  253.32410  253.64477    -2.7280     4.7946 -9.990e-29
 146.327717      1.150    16.2402  36.203954    28.0616      1.140  253.32382  253.64452    -2.8681     4.6855 -9.990e-29
 146.327720      1.134    16.2402  36.204865    28.0624      1.124  253.32246  253.64315    -2.8370     4.7178 -9.990e-29
 146.327723      1.077    16.2401  36.206868    28.0642      1.067  253.31976  253.64043    -2.8059     4.6733 -9.990e-29
 146.327726      1.015    16.2400  36.206382    28.0639      1.006  253.32075  253.64142    -2.8525     5.0898 -9.990e-29
 146.327729      0.979    16.2397  36.204986    28.0629      0.970  253.32402  253.64469    -2.9304     5.1545 -9.990e-29
 146.327731      0.997    16.2396  36.205714    28.0636      0.988  253.32356  253.64421    -2.8059     5.0898 -9.990e-29
 146.327734      1.064    16.2396  36.205107    28.0645      1.055  253.32163  253.64228    -2.6658     4.9523 -9.990e-29
 146.327737      1.159    16.2398  36.206868    28.0626      1.149  253.32431  253.64497    -2.8448     4.9342 0.0000e+00
 146.327740      1.252    16.2399  36.202680    28.0629      1.241  253.32163  253.64228    -3.0238     4.9160 0.0000e+00
 146.327743      1.321    16.2402  36.205533    28.0629      1.309  253.32157  253.64225    -3.0238     4.8876 0.0000e+00
 146.327746      1.365    16.2403  36.206687    28.0633      1.353  253.32027  253.64095    -2.9148     4.8796 0.0000e+00
 146.327749      1.396    16.2404  36.201345    28.0637      1.383  253.31897  253.63966    -2.7436     4.8876 -9.990e-29
 146.327752      1.400    16.2402  36.207719    28.0648      1.387  253.31837  253.63904    -2.8525     4.6046 -9.990e-29
 146.327755      1.387    16.2403  36.205533    28.0628      1.374  253.32130  253.64199    -2.9926     4.5844 -9.990e-29
 146.327758      1.370    16.2403  36.209054    28.0659      1.358  253.31606  253.63673    -2.8059     4.6127 -9.990e-29
 146.327760      1.369    16.2401  36.205290    28.0628      1.356  253.32226  253.64294    -2.7747     4.6046 -9.990e-29
 146.327763      1.392    16.2392  36.209176    28.0668      1.380  253.31970  253.64031    -2.9148     4.7866 -9.990e-29
 146.327766      1.440    16.2388  36.209297    28.0669      1.427  253.32142  253.64201    -3.0471     4.8149 0.0000e+00
 146.327769      1.494    16.2384  36.209055    28.0668      1.481  253.32314  253.64371    -3.0393     4.8432 0.0000e+00
 146.327772      1.556    16.2381  36.208144    28.0666      1.542  253.32574  253.64631    -3.0393     4.8432 0.0000e+00
 146.327775      1.598    16.2381  36.207720    28.0664      1.584  253.32622  253.64678    -2.9226     4.7259 0.0000e+00
 146.327778      1.633    16.2380  36.208630    28.0662      1.618  253.32670  253.64726    -2.8059     4.6005 -9.990e-29
 146.327781      1.653    16.2384  36.207720    28.0659      1.638  253.32521  253.64579    -2.8059     4.6450 -9.990e-29
 146.327784      1.666    16.2388  36.205534    28.0638      1.651  253.32724  253.64785    -2.8059     4.6167 -9.990e-29
 146.327786      1.673    16.2391  36.209298    28.0668      1.658  253.32044  253.64104    -2.9459     4.9685 -9.990e-29
 146.327789      1.684    16.2392  36.207720    28.0654      1.669  253.32248  253.64310    -2.8525     4.9321 -9.990e-29
 146.327792      1.699    16.2385  36.208388    28.0656      1.684  253.32531  253.64590    -2.9771     4.8755 -9.990e-29
 146.327795      1.732    16.2385  36.207477    28.0667      1.716  253.32387  253.64445    -2.9927     4.7966 0.0000e+00
 146.327798      1.776    16.2384  36.209845    28.0678      1.760  253.32242  253.64299    -3.0082     4.7502 0.0000e+00
 146.327801      1.810    16.2384  36.210149    28.0678      1.794  253.32242  253.64299    -3.0393     4.7219 0.0000e+00
 146.327804      1.856    16.2383  36.208813    28.0672      1.839  253.32430  253.64487    -3.0393     4.7219 0.0000e+00
 146.327807      1.891    16.2382  36.209056    28.0671      1.874  253.32443  253.64500    -3.0082     4.6834 0.0000e+00
 146.327810      1.925    16.2381  36.211060    28.0672      1.908  253.32457  253.64513    -2.9771     4.6450 -9.990e-29
 146.327812      1.949    16.2375  36.205960    28.0649      1.932  253.33133  253.65188    -3.0082     5.8015 -9.990e-29
 146.327815      1.971    16.2370  36.210878    28.0696      1.953  253.32617  253.64667    -2.8370     5.7125 -9.990e-29
 146.327818      1.993    16.2362  36.211060    28.0703      1.975  253.32896  253.64941    -2.9304     5.8015 -9.990e-29
 146.327821      2.017    16.2321  36.213489    28.0780      1.999  253.33603  253.65625    -2.5413     4.8472 -9.990e-29
 146.327824      2.044    16.2300  36.216768    28.0808      2.026  253.34150  253.66161    -2.5257     4.8411 0.0000e+00
 146.327827      2.073    16.2280  36.219865    28.0836      2.055  253.34698  253.66697    -2.5101     4.8472 0.0000e+00
 146.327830      2.101    16.2263  36.219440    28.0847      2.082  253.35400  253.67390    -2.3856     4.8513 0.0000e+00
 146.327833      2.128    16.2245  36.216769    28.0857      2.109  253.36102  253.68084    -2.2611     4.8674 -9.990e-29
 146.327836      2.146    16.2216  36.221201    28.0892      2.127  253.36938  253.68905    -2.6502     4.7421 -9.990e-29
 146.327839      2.159    16.2205  36.222719    28.0913      2.140  253.37139  253.69100    -2.6502     4.7461 -9.990e-29
 146.327841      2.179    16.2100  36.231342    28.1019      2.159  253.40569  253.72475    -2.6813     4.7623 -9.990e-29
 146.327844      2.205    16.2073  36.226485    28.1048      2.185  253.41433  253.73325    -2.7825     4.8533 0.0000e+00
 146.327847      2.241    16.2045  36.228793    28.1078      2.221  253.42297  253.74175    -2.8837     4.8957 0.0000e+00
 146.327850      2.279    16.2007  36.231162    28.1112      2.259  253.43407  253.75264    -2.9926     4.8998 0.0000e+00
 146.327853      2.321    16.1999  36.228734    28.1122      2.301  253.43821  253.75676    -2.9926     4.8957 0.0000e+00
 146.327856      2.367    16.1999  36.230252    28.1112      2.346  253.43836  253.75694    -2.9459     4.8998 0.0000e+00
 146.327859      2.401    16.2005  36.228734    28.1105      2.380  253.43836  253.75694    -2.8059     4.8796 0.0000e+00
 146.327862      2.440    16.2005  36.228066    28.1105      2.418  253.43893  253.75748    -2.7280     4.9402 0.0000e+00
 146.327865      2.471    16.2003  36.229402    28.1106      2.449  253.43916  253.75772    -2.7203     4.9099 0.0000e+00
 146.327867      2.497    16.2001  36.230009    28.1113      2.474  253.43893  253.75748    -2.7280     4.9402 -9.990e-29
 146.327870      2.513    16.1995  36.230920    28.1131      2.490  253.43913  253.75764    -2.5724     4.8917 -9.990e-29
 146.327873      2.527    16.1988  36.229342    28.1122      2.505  253.44392  253.76241    -2.8059     5.3446 -9.990e-29
 146.327876      2.546    16.1975  36.229160    28.1129      2.523  253.44907  253.76750    -2.6502     5.2799 -9.990e-29
 146.327879      2.558    16.1971  36.231346    28.1151      2.536  253.44734  253.76574    -2.6502     5.3122 -9.990e-29
 146.327882      2.579    16.1964  36.231346    28.1156      2.555  253.45009  253.76845    -2.7436     5.3244 -9.990e-29
 146.327885      2.602    16.1952  36.230253    28.1155      2.579  253.45629  253.77460    -2.1055     5.1950 -9.990e-29
 146.327888      2.631    16.1942  36.232682    28.1183      2.608  253.45665  253.77489    -2.0743     5.1707 -9.990e-29
 146.327891      2.651    16.1908  36.234018    28.1206      2.628  253.46945  253.78753    -2.1833     5.1869 -9.990e-29
 146.327894      2.681    16.1901  36.232683    28.1220      2.657  253.47026  253.78831    -2.5491     5.2011 0.0000e+00
 146.327896      2.712    16.1895  36.234869    28.1234      2.687  253.47108  253.78908    -2.8059     5.2152 0.0000e+00
 146.327899      2.744    16.1866  36.238088    28.1283      2.720  253.47756  253.79539    -2.8059     5.2273 0.0000e+00
 146.327902      2.777    16.1833  36.241064    28.1331      2.752  253.48562  253.80327    -2.8059     5.2273 0.0000e+00
 146.327905      2.812    16.1812  36.241976    28.1354      2.787  253.49219  253.80973    -2.7747     5.2516 0.0000e+00
 146.327908      2.846    16.1780  36.241065    28.1368      2.821  253.50573  253.82311    -2.7436     5.2152 0.0000e+00
 146.327911      2.877    16.1754  36.242159    28.1368      2.852  253.51385  253.83110    -2.7436     5.0373 0.0000e+00
 146.327914      2.910    16.1733  36.234932    28.1396      2.884  253.52390  253.84095    -2.7436     5.0211 0.0000e+00
 146.327917      2.954    16.1717  36.244832    28.1410      2.928  253.53285  253.85003    -2.5880     5.0211 0.0000e+00
 146.327920      2.992    16.1704  36.239731    28.1445      2.966  253.52974  253.84665    -2.5880     5.0211 0.0000e+00
 146.327922      3.025    16.1693  36.247261    28.1483      2.998  253.53669  253.85370    -2.5724     5.2435 0.0000e+00
 146.327925      3.064    16.1685  36.246168    28.1484      3.036  253.53376  253.85063    -2.5724     5.2658 0.0000e+00
 146.327928      3.093    16.1676  36.247505    28.1485      3.065  253.53778  253.85461    -2.4634     5.2880 -9.990e-29
 146.327931      3.107    16.1626  36.247809    28.1534      3.079  253.55421  253.87078    -2.7592     5.2839 -9.990e-29
 146.327934      3.116    16.1610  36.248842    28.1554      3.088  253.55875  253.87524    -2.8370     5.1990 -9.990e-29
 146.327937      3.133    16.1592  36.247688    28.1557      3.105  253.56717  253.88358    -2.8837     5.2758 -9.990e-29
 146.327940      3.144    16.1579  36.245927    28.1551      3.115  253.57497  253.89132    -2.7436     5.2637 -9.990e-29
 146.327943      3.151    16.1571  36.249267    28.1586      3.123  253.57303  253.88933    -2.9459     5.2030 -9.990e-29
 146.327946      3.166    16.1564  36.251818    28.1612      3.137  253.57167  253.88792    -2.7125     5.2030 -9.990e-29
 146.327948      3.191    16.1533  36.247264    28.1616      3.163  253.58673  253.90283    -2.8059     5.1060 -9.990e-29
 146.327951      3.224    16.1527  36.249693    28.1644      3.195  253.58504  253.90110    -2.8292     5.1141 0.0000e+00
 146.327954      3.257    16.1520  36.255221    28.1672      3.228  253.58673  253.90283    -2.8525     5.1222 0.0000e+00
 146.327957      3.293    16.1490  36.254553    28.1688      3.264  253.59593  253.91179    -2.8525     5.1222 0.0000e+00
 146.327960      3.343    16.1457  36.254554    28.1711      3.313  253.60842  253.92411    -2.7436     5.0939 0.0000e+00
 146.327963      3.388    16.1443  36.256862    28.1731      3.358  253.61218  253.92779    -2.6580     5.0919 0.0000e+00
 146.327966      3.426    16.1428  36.257895    28.1751      3.396  253.61594  253.93147    -2.5724     5.0939 -9.990e-29
 146.327969      3.445    16.1340  36.258989    28.1861      3.414  253.64155  253.95661    -3.0393     5.1303 -9.990e-29
 146.327972      3.472    16.1318  36.262330    28.1865      3.441  253.65191  253.96687    -2.9615     5.1141 0.0000e+00
 146.327975      3.501    16.1296  36.259658    28.1869      3.470  253.66227  253.97712    -3.0393     5.1020 0.0000e+00
 146.327977      3.534    16.1243  36.264275    28.1946      3.502  253.67544  253.99001    -2.8837     5.0979 0.0000e+00
 146.327980      3.560    16.1208  36.262332    28.1954      3.528  253.69173  254.00613    -2.7903     5.1020 0.0000e+00
 146.327983      3.589    16.1167  36.267374    28.2026      3.557  253.69970  254.01387    -2.2144     5.3041 0.0000e+00
 146.327986      3.629    16.1114  36.267861    28.2068      3.597  253.71904  254.03294    -2.1522     5.3041 0.0000e+00
 146.327989      3.673    16.1092  36.271385    28.2098      3.640  253.72462  254.03840    -2.0743     5.3142 0.0000e+00
 146.327992      3.708    16.1071  36.270292    28.2128      3.674  253.73020  254.04386    -2.1522     5.3244 -9.990e-29
 146.327995      3.733    16.1007  36.271629    28.2176      3.700  253.75416  254.06750    -2.0588     5.3244 -9.990e-29
 146.327998      3.751    16.0980  36.269139    28.2173      3.718  253.76822  254.08144    -2.1522     5.0939 -9.990e-29
 146.328001      3.757    16.0973  36.272237    28.2205      3.723  253.76633  254.07948    -2.0899     5.1060 -9.990e-29
 146.328003      3.762    16.0974  36.266284    28.2153      3.729  253.77462  254.08783    -2.2144     5.0817 -9.990e-29
 146.328006      3.766    16.0978  36.271812    28.2198      3.733  253.76514  254.07833    -1.9809     5.0696 -9.990e-29
 146.328009      3.775    16.0974  36.273756    28.2218      3.742  253.76376  254.07691    -2.4323     5.5832 -9.990e-29
 146.328012      3.793    16.0894  36.276490    28.2267      3.760  253.79542  254.10818    -2.4012     5.5751 -9.990e-29
 146.328015      3.830    16.0881  36.272907    28.2288      3.796  253.79860  254.11128    -2.4556     5.5771 0.0000e+00
 146.328018      3.872    16.0867  36.275580    28.2309      3.837  253.80177  254.11437    -2.5101     5.5751 0.0000e+00
 146.328021      3.928    16.0847  36.277099    28.2310      3.893  253.80712  254.11961    -2.6658     5.3648 0.0000e+00
 146.328024      3.983    16.0831  36.272908    28.2336      3.948  253.81919  254.13163    -2.6813     5.3648 0.0000e+00
 146.328027      4.025    16.0808  36.278619    28.2374      3.989  253.81947  254.13176    -2.7280     5.3648 0.0000e+00
 146.328030      4.062    16.0800  36.276918    28.2375      4.025  253.82409  254.13634    -2.7280     5.3708 0.0000e+00
 146.328032      4.093    16.0791  36.278437    28.2374      4.056  253.82871  254.14092    -2.7280     5.3567 -9.990e-29
 146.328035      4.111    16.0785  36.276675    28.2375      4.074  253.83123  254.14341    -2.6191     5.3365 -9.990e-29
 146.328038      4.123    16.0787  36.276007    28.2368      4.087  253.83163  254.14383    -2.6346     5.4133 -9.990e-29
 146.328041      4.138    16.0783  36.276068    28.2372      4.101  253.83306  254.14524    -2.6502     5.4012 -9.990e-29
 146.328044      4.154    16.0777  36.275157    28.2368      4.117  253.83656  254.14871    -2.6502     5.3850 -9.990e-29
 146.328047      4.176    16.0767  36.275825    28.2367      4.139  253.84190  254.15400    -2.9459     5.0534 -9.990e-29
 146.328050      4.202    16.0765  36.274246    28.2364      4.164  253.84300  254.15510    -2.8292     5.0433 0.0000e+00
 146.328053      4.240    16.0764  36.273396    28.2367      4.202  253.84190  254.15400    -2.9459     5.0413 0.0000e+00
 146.328056      4.284    16.0762  36.277527    28.2399      4.246  253.83927  254.15130    -2.7436     5.0413 0.0000e+00
 146.328058      4.322    16.0756  36.278681    28.2399      4.283  253.83927  254.15130    -2.7436     5.8662 0.0000e+00
 146.328061      4.362    16.0754  36.276494    28.2404      4.323  253.84198  254.15400    -2.6735     5.8763 0.0000e+00
 146.328064      4.392    16.0751  36.275826    28.2397      4.352  253.84469  254.15670    -2.6035     5.8662 -9.990e-29
 146.328067      4.412    16.0745  36.279775    28.2430      4.372  253.84193  254.15390    -2.7436     5.8541 -9.990e-29
 146.328070      4.430    16.0744  36.280444    28.2436      4.390  253.84124  254.15320    -2.7280     5.0170 -9.990e-29
 146.328073      4.441    16.0740  36.276920    28.2408      4.401  253.84804  254.16000    -2.6658     4.9847 -9.990e-29
