seaocn-cb/data/ctd_cnv/SBE19plus_01907321_2024_05_24_Cast40.cnv
* Sea-Bird SBE19plus  Data File:
* FileName = E:\Prandtl_Daten\2024\CTD\raw\SBE19plus_01907321_2024_05_24_Cast40.hex
* Software version 2.6.1.12
* Temperature SN = 7321
* Conductivity SN = 7321
* System UpLoad Time = May 24 2024 10:00:08
* <ApplicationData>
* <Seaterm232>
** 20240524
** Sea Practical 2024
** MCat 24.05 CTD_Z4
** NMEA Latitude = 054 03.026N
** NMEA Longitude = 008 24.465E
** waterdepth = 15.5m
** Isabelle
# nquan = 11
# nvalues = 510                         
# units = specified
# name 0 = timeJ: Julian Days
# name 1 = prdM: Pressure, Strain Gauge [db]
# name 2 = tv290C: Temperature [ITS-90, deg C]
# name 3 = c0mS/cm: Conductivity [mS/cm]
# name 4 = sal00: Salinity, Practical [PSU]
# name 5 = depSM: Depth [salt water, m], lat = 54.00
# name 6 = oxsatMm/Kg: Oxygen Saturation, Weiss [umol/kg]
# name 7 = oxsolMm/Kg: Oxygen Saturation, Garcia & Gordon [umol/kg]
# name 8 = turbWETntu0: Turbidity, WET Labs ECO [NTU]
# name 9 = flECO-AFL: Fluorescence, WET Labs ECO-AFL/FL [mg/m^3]
# name 10 = flag:  0.000e+00
# span 0 = 145.412821, 145.414294       
# span 1 =      0.524,     14.387       
# span 2 =    14.3632,    14.9894       
# span 3 =  36.756002,  36.858583       
# span 4 =    29.4554,    30.0141       
# span 5 =      0.519,     14.258       
# span 6 =  257.25428,  259.54922       
# span 7 =  257.50475,  259.76214       
# span 8 =    -3.9888,    76.2759       
# span 9 =     3.5068,     8.1064       
# span 10 = 0.0000e+00, 0.0000e+00      
# interval = seconds: 0.25
# start_time = May 24 2024 09:53:14 [Instrument's time stamp, header]
# bad_flag = -9.990e-29
*END*
[from data line 263]
 145.413582      8.017    14.5981  36.833795    29.8195      7.945  258.65604  258.88313     6.7973     7.2127 -9.990e-29
 145.413585      8.035    14.5967  36.832633    29.8196      7.963  258.66351  258.89052     6.8906     7.2491 -9.990e-29
 145.413588      8.055    14.5942  36.834040    29.8228      7.983  258.67098  258.89783     6.9218     7.2249 -9.990e-29
 145.413591      8.075    14.5914  36.835324    29.8240      8.003  258.68309  258.90978     8.4315     7.8476 -9.990e-29
 145.413594      8.106    14.5894  36.833123    29.8254      8.033  258.69134  258.91791     8.3771     7.8335 0.0000e+00
 145.413597      8.141    14.5873  36.832757    29.8268      8.068  258.69960  258.92605     8.3226     7.8476 0.0000e+00
 145.413600      8.184    14.5829  36.831535    29.8291      8.111  258.71867  258.94486     8.2759     7.8193 0.0000e+00
 145.413602      8.237    14.5795  36.832881    29.8329      8.163  258.72979  258.95577     7.6222     7.5888 0.0000e+00
 145.413605      8.297    14.5732  36.836610    29.8411      8.223  258.74828  258.97386     7.6222     7.5888 0.0000e+00
 145.413608      8.356    14.5652  36.838079    29.8486      8.281  258.77716  259.00225     7.5599     7.5767 0.0000e+00
 145.413611      8.412    14.5564  36.841198    29.8581      8.337  258.80603  259.03057     7.5443     7.5079 0.0000e+00
 145.413614      8.462    14.5465  36.843522    29.8678      8.386  258.84088  259.06480     6.4082     6.3878 0.0000e+00
 145.413617      8.496    14.5428  36.842789    29.8704      8.420  258.85604  259.07975     6.3926     6.3736 0.0000e+00
 145.413620      8.522    14.5390  36.844808    29.8729      8.445  258.87121  259.09469     6.3770     6.3878 -9.990e-29
 145.413623      8.542    14.5289  36.845053    29.8826      8.465  258.90673  259.12958     6.3303     6.3353 -9.990e-29
 145.413626      8.547    14.5211  36.844809    29.8884      8.471  258.93742  259.15981     6.2214     6.3231 -9.990e-29
 145.413628      8.549    14.5138  36.842793    29.8923      8.473  258.96920  259.19116     6.2836     7.2370 -9.990e-29
 145.413631      8.540    14.5090  36.843527    29.8966      8.464  258.98654  259.20821     6.2836     7.2410 -9.990e-29
 145.413634      8.538    14.5070  36.844383    29.8989      8.462  258.99281  259.21435     6.4704     7.2896 -9.990e-29
 145.413637      8.540    14.5067  36.842121    29.8971      8.464  258.99763  259.21917     6.3926     7.3179 -9.990e-29
 145.413640      8.549    14.5104  36.844199    29.8961      8.473  258.98028  259.20203     6.6105     7.1400 -9.990e-29
 145.413643      8.577    14.5115  36.844138    29.8950      8.500  258.97623  259.19804     6.5949     7.1501 0.0000e+00
 145.413646      8.602    14.5126  36.843710    29.8940      8.525  258.97217  259.19405     6.6105     7.1602 0.0000e+00
 145.413649      8.646    14.5140  36.840959    29.8904      8.569  258.97133  259.19332     6.5794     7.1602 0.0000e+00
 145.413652      8.685    14.5146  36.840531    29.8895      8.607  258.97133  259.19332     6.3615     7.2289 0.0000e+00
 145.413655      8.735    14.5154  36.836741    29.8875      8.657  258.96969  259.19172     6.2681     7.2289 0.0000e+00
 145.413657      8.781    14.5167  36.840103    29.8855      8.703  258.96221  259.18437     6.3615     7.1844 0.0000e+00
 145.413660      8.830    14.5188  36.839431    29.8852      8.751  258.95508  259.17738     6.3615     7.1844 0.0000e+00
 145.413663      8.874    14.5208  36.840531    29.8847      8.795  258.94569  259.16809     6.5638     7.2289 0.0000e+00
 145.413666      8.911    14.5219  36.840959    29.8842      8.831  258.94061  259.16308     6.6261     7.2289 0.0000e+00
 145.413669      8.947    14.5222  36.840348    29.8833      8.867  258.94061  259.16308     6.5638     7.1763 0.0000e+00
 145.413672      8.976    14.5223  36.836741    29.8806      8.896  258.94422  259.16675     6.5482     7.1602 0.0000e+00
 145.413675      9.009    14.5225  36.837475    29.8801      8.929  258.94422  259.16675     6.3615     7.1763 0.0000e+00
 145.413678      9.038    14.5233  36.837597    29.8801      8.957  258.94081  259.16339     6.2525     7.5079 0.0000e+00
 145.413681      9.073    14.5244  36.837842    29.8794      8.992  258.93602  259.15867     6.0969     7.5160 0.0000e+00
 145.413683      9.102    14.5253  36.836619    29.8781      9.021  258.93363  259.15634     6.0813     7.5200 0.0000e+00
 145.413686      9.129    14.5262  36.836741    29.8769      9.048  258.93124  259.15400     6.0969     7.5241 -9.990e-29
 145.413689      9.151    14.5274  36.836925    29.8763      9.069  258.92608  259.14890     5.2875     7.7829 -9.990e-29
 145.413692      9.168    14.5248  36.842671    29.8834      9.086  258.92684  259.14947     5.2564     7.7465 -9.990e-29
 145.413695      9.184    14.5197  36.843039    29.8877      9.102  258.94597  259.16829     5.3342     7.7586 -9.990e-29
 145.413698      9.200    14.5143  36.844140    29.8928      9.118  258.96538  259.18737     5.1630     7.8112 -9.990e-29
 145.413701      9.217    14.5100  36.845241    29.8972      9.134  258.98038  259.20210     5.3654     7.2370 -9.990e-29
 145.413704      9.233    14.5067  36.847320    29.9015      9.150  258.98969  259.21119     5.2253     7.2208 -9.990e-29
 145.413707      9.251    14.5040  36.845486    29.9020      9.168  259.00324  259.22460     5.5521     7.1885 -9.990e-29
 145.413709      9.273    14.5031  36.850194    29.9069      9.190  258.99920  259.22046     5.2564     7.2006 -9.990e-29
 145.413712      9.293    14.4991  36.850255    29.9098      9.210  259.01482  259.23585     8.3848     7.2491 -9.990e-29
 145.413715      9.328    14.4988  36.850011    29.9093      9.244  259.01773  259.23874     8.2914     7.2592 0.0000e+00
 145.413718      9.363    14.4984  36.848238    29.9098      9.279  259.01926  259.24015     8.1980     7.2613 0.0000e+00
 145.413721      9.404    14.4972  36.852029    29.9128      9.320  259.02064  259.24163     8.1980     7.2653 0.0000e+00
 145.413724      9.443    14.4946  36.849584    29.9131      9.358  259.03322  259.25398     8.2759     7.2653 0.0000e+00
 145.413727      9.481    14.4891  36.853009    29.9202      9.396  259.04919  259.26958    10.5015     7.3179 0.0000e+00
 145.413730      9.519    14.4829  36.852704    29.9247      9.434  259.07381  259.29383    10.5015     7.3300 0.0000e+00
 145.413733      9.549    14.4758  36.854967    29.9321      9.463  259.09751  259.31709    10.5015     7.3300 0.0000e+00
 145.413736      9.587    14.4687  36.854723    29.9374      9.501  259.12556  259.34471    10.5327     7.3502 0.0000e+00
 145.413738      9.620    14.4591  36.854052    29.9442      9.534  259.16398  259.38256    13.3654     7.8395 0.0000e+00
 145.413741      9.647    14.4461  36.852953    29.9533      9.561  259.21661  259.43440    13.3654     7.8395 0.0000e+00
 145.413744      9.675    14.4360  36.853383    29.9614      9.588  259.25500  259.47218    13.3654     7.8395 0.0000e+00
 145.413747      9.702    14.4298  36.852589    29.9655      9.615  259.28039  259.49720    13.3965     7.8112 0.0000e+00
 145.413750      9.729    14.4243  36.850022    29.9674      9.642  259.30600  259.52250    15.3576     7.4190 0.0000e+00
 145.413753      9.759    14.4194  36.853874    29.9747      9.671  259.31888  259.53505    15.3731     7.4190 0.0000e+00
 145.413756      9.786    14.4174  36.854486    29.9767      9.698  259.32555  259.54159    15.4198     7.4109 0.0000e+00
 145.413759      9.813    14.4153  36.854058    29.9779      9.725  259.33448  259.55039    15.4198     7.3704 0.0000e+00
 145.413762      9.844    14.4140  36.854059    29.9789      9.756  259.33948  259.55532    14.9763     7.0267 0.0000e+00
 145.413764      9.875    14.4127  36.854731    29.9799      9.787  259.34448  259.56024    14.5327     6.6830 -9.990e-29
 145.413767      9.895    14.4118  36.854303    29.9809      9.807  259.34794  259.56363    14.5794     6.6830 -9.990e-29
 145.413770      9.919    14.4118  36.854731    29.9813      9.830  259.34726  259.56295    14.5327     6.6790 -9.990e-29
 145.413773      9.934    14.4124  36.856015    29.9819      9.845  259.34255  259.55827    14.5949     6.7154 -9.990e-29
 145.413776      9.952    14.4141  36.857238    29.9817      9.863  259.33412  259.54994    15.2175     7.1885 -9.990e-29
 145.413779      9.966    14.4156  36.856810    29.9801      9.877  259.32895  259.54486    15.1397     7.2127 -9.990e-29
 145.413782      9.979    14.4157  36.858583    29.9817      9.890  259.32580  259.54170    15.1085     7.1683 -9.990e-29
 145.413785      9.994    14.4164  36.855648    29.9784      9.904  259.32762  259.54359    15.2642     7.1602 -9.990e-29
 145.413788     10.012    14.4124  36.857483    29.9836      9.922  259.33945  259.55516    12.8206     7.2936 -9.990e-29
 145.413791     10.041    14.4118  36.857972    29.9836      9.951  259.34290  259.55857    12.8751     7.3158 0.0000e+00
 145.413793     10.072    14.4112  36.856811    29.9836      9.982  259.34634  259.56198    12.9296     7.3381 0.0000e+00
 145.413796     10.125    14.4104  36.856995    29.9843     10.034  259.34901  259.56461    12.9296     7.3381 0.0000e+00
 145.413799     10.174    14.4097  36.856445    29.9843     10.083  259.35258  259.56813    11.4976     7.1885 0.0000e+00
 145.413802     10.227    14.4084  36.854733    29.9843     10.136  259.36037  259.57587    11.4976     7.1885 0.0000e+00
 145.413805     10.287    14.4063  36.853877    29.9846     10.195  259.37031  259.58568    11.5599     7.2127 0.0000e+00
 145.413808     10.340    14.4038  36.853878    29.9865     10.248  259.37974  259.59496    11.5755     7.2127 0.0000e+00
 145.413811     10.395    14.4024  36.856140    29.9879     10.302  259.38169  259.59681    17.6611     6.8205 0.0000e+00
 145.413814     10.433    14.4022  36.853878    29.9888     10.340  259.38441  259.59952    17.6922     6.7922 0.0000e+00
 145.413817     10.458    14.4020  36.854735    29.9879     10.365  259.38714  259.60224    17.7233     6.8205 -9.990e-29
 145.413819     10.471    14.3991  36.853879    29.9901     10.377  259.39832  259.61325    17.6922     6.7437 -9.990e-29
 145.413822     10.473    14.3959  36.853390    29.9921     10.379  259.41145  259.62619    17.7389     6.7639 -9.990e-29
 145.413825     10.471    14.3929  36.851495    29.9927     10.378  259.42626  259.64083    21.9879     7.4634 -9.990e-29
 145.413828     10.464    14.3900  36.852718    29.9961     10.370  259.43572  259.65010    22.0502     7.4837 -9.990e-29
 145.413831     10.469    14.3865  36.853208    29.9992     10.376  259.44844  259.66260    22.1591     7.4351 -9.990e-29
 145.413834     10.475    14.3837  36.854920    30.0030     10.381  259.45653  259.67051    22.0969     7.4311 -9.990e-29
 145.413837     10.493    14.3815  36.854064    30.0029     10.399  259.46824  259.68210    18.4393     7.1480 -9.990e-29
 145.413840     10.519    14.3812  36.852964    30.0036     10.425  259.46853  259.68237    18.3614     7.1683 0.0000e+00
 145.413843     10.548    14.3809  36.854065    30.0043     10.454  259.46882  259.68264    18.4393     7.1480 0.0000e+00
 145.413845     10.588    14.3799  36.854982    30.0059     10.493  259.47118  259.68493    18.4704     7.1359 0.0000e+00
 145.413848     10.626    14.3787  36.854982    30.0068     10.531  259.47590  259.68953    19.6689     7.0267 0.0000e+00
 145.413851     10.667    14.3787  36.856267    30.0068     10.571  259.47590  259.68953    19.9023     7.0106 0.0000e+00
 145.413854     10.711    14.3789  36.854983    30.0067     10.615  259.47590  259.68953    19.7622     7.0146 0.0000e+00
 145.413857     10.745    14.3789  36.853393    30.0059     10.649  259.47767  259.69137    19.9023     7.0106 0.0000e+00
 145.413860     10.778    14.3775  36.853027    30.0059     10.682  259.48386  259.69748    20.4938     6.9054 0.0000e+00
 145.413863     10.807    14.3759  36.852049    30.0063     10.711  259.49193  259.70545    20.5249     6.8529 0.0000e+00
 145.413866     10.840    14.3739  36.852294    30.0080     10.743  259.49918  259.71258    20.5249     6.8407 0.0000e+00
 145.413869     10.875    14.3725  36.852172    30.0090     10.778  259.50468  259.71800    20.5871     6.8407 0.0000e+00
 145.413872     10.911    14.3720  36.852294    30.0092     10.814  259.50656  259.71985    20.4315     6.9459 0.0000e+00
 145.413874     10.952    14.3710  36.851133    30.0095     10.854  259.51258  259.72581    20.3381     7.4473 0.0000e+00
 145.413877     10.988    14.3702  36.851072    30.0097     10.890  259.51564  259.72883    20.2603     7.4554 0.0000e+00
 145.413880     11.032    14.3696  36.851867    30.0109     10.933  259.51673  259.72987    20.2603     7.4634 0.0000e+00
 145.413883     11.074    14.3694  36.852295    30.0115     10.975  259.51694  259.73007    20.2914     7.4634 0.0000e+00
 145.413886     11.108    14.3693  36.852356    30.0116     11.009  259.51734  259.73046    21.4588     7.2856 0.0000e+00
 145.413889     11.145    14.3691  36.851378    30.0117     11.045  259.51774  259.73085    22.6261     7.0955 -9.990e-29
 145.413892     11.169    14.3682  36.851623    30.0117     11.069  259.52279  259.73584    22.8751     7.0914 -9.990e-29
 145.413895     11.191    14.3676  36.851745    30.0123     11.090  259.52466  259.73768    22.5638     7.0753 -9.990e-29
 145.413898     11.201    14.3673  36.850034    30.0109     11.101  259.52861  259.74163    18.3615     7.5160 -9.990e-29
 145.413900     11.207    14.3672  36.838968    30.0010     11.106  259.54715  259.76025    18.2058     7.5039 -9.990e-29
 145.413903     11.212    14.3670  36.851318    30.0124     11.112  259.52801  259.74099    18.4237     7.5241 -9.990e-29
 145.413906     11.214    14.3669  36.852051    30.0131     11.114  259.52711  259.74009    18.3148     7.5039 -9.990e-29
 145.413909     11.217    14.3676  36.853213    30.0136     11.117  259.52229  259.73531     9.5210     7.3502 -9.990e-29
 145.413912     11.228    14.3686  36.853029    30.0127     11.128  259.51878  259.73186     9.5833     7.3098 -9.990e-29
 145.413915     11.252    14.3693  36.851623    30.0108     11.152  259.51844  259.73156     9.5833     7.3260 -9.990e-29
 145.413918     11.276    14.3711  36.851623    30.0111     11.175  259.50845  259.72167     9.5366     7.2896 -9.990e-29
 145.413921     11.301    14.3725  36.853457    30.0100     11.200  259.50308  259.71639     9.2486     7.3967 0.0000e+00
 145.413924     11.340    14.3739  36.853396    30.0089     11.238  259.49771  259.71111     9.1008     7.5039 0.0000e+00
 145.413927     11.385    14.3759  36.854068    30.0079     11.283  259.48873  259.70224     9.0696     7.5039 0.0000e+00
 145.413929     11.427    14.3771  36.853457    30.0064     11.325  259.48534  259.69893     9.0696     7.5079 0.0000e+00
 145.413932     11.486    14.3790  36.852051    30.0055     11.383  259.48003  259.69375     9.0229     7.4756 0.0000e+00
 145.413935     11.531    14.3802  36.855230    30.0049     11.428  259.47021  259.68398     8.9918     7.1440 0.0000e+00
 145.413938     11.573    14.3809  36.855169    30.0049     11.470  259.46769  259.68150     9.0229     7.1440 0.0000e+00
 145.413941     11.617    14.3814  36.854986    30.0049     11.513  259.46625  259.68009     9.0229     7.1359 0.0000e+00
 145.413944     11.657    14.3814  36.855903    30.0044     11.553  259.46625  259.68009     9.0852     7.1440 0.0000e+00
 145.413947     11.697    14.3814  36.853885    30.0034     11.593  259.46809  259.68194    11.5599     7.1440 0.0000e+00
 145.413950     11.732    14.3812  36.853641    30.0034     11.627  259.46891  259.68273    11.5599     7.1440 0.0000e+00
 145.413953     11.768    14.3810  36.854314    30.0040     11.663  259.46909  259.68294    11.5443     7.1521 0.0000e+00
 145.413955     11.796    14.3808  36.854314    30.0042     11.690  259.46951  259.68331    11.5366     7.1258 0.0000e+00
