seaocn-cb/data/ctd_cnv/SBE19plus_01907321_2024_05_28_Cast97.cnv
* Sea-Bird SBE19plus  Data File:
* FileName = E:\Prandtl_Daten\2024\28052024\raw\SBE19plus_01907321_2024_05_28_Cast97.hex
* Software version 2.6.1.12
* Temperature SN = 7321
* Conductivity SN = 7321
* System UpLoad Time = May 28 2024 13:02:18
* <ApplicationData>
* <Seaterm232>
** 20240527
** Sea Practical 2024
** MCat 27.05 CTD_SP7
** NMEA Latitude = 54 8.36N
** NMEA Longitude = 008 20.85E
** waterdepth = 14.4m
** Isabelle
# nquan = 11
# nvalues = 533                         
# units = specified
# name 0 = timeJ: Julian Days
# name 1 = prdM: Pressure, Strain Gauge [db]
# name 2 = tv290C: Temperature [ITS-90, deg C]
# name 3 = c0mS/cm: Conductivity [mS/cm]
# name 4 = sal00: Salinity, Practical [PSU]
# name 5 = depSM: Depth [salt water, m], lat = 54.00
# name 6 = oxsatMm/Kg: Oxygen Saturation, Weiss [umol/kg]
# name 7 = oxsolMm/Kg: Oxygen Saturation, Garcia & Gordon [umol/kg]
# name 8 = turbWETntu0: Turbidity, WET Labs ECO [NTU]
# name 9 = flECO-AFL: Fluorescence, WET Labs ECO-AFL/FL [mg/m^3]
# name 10 = flag:  0.000e+00
# span 0 = 149.539606, 149.541146       
# span 1 =      0.555,     14.020       
# span 2 =    14.8581,    17.3005       
# span 3 =  37.163927,  37.963521       
# span 4 =    28.4729,    30.6304       
# span 5 =      0.550,     13.894       
# span 6 =  247.36498,  255.87378       
# span 7 =  247.72830,  256.10791       
# span 8 =    -4.5802,     5.6922       
# span 9 =     1.5557,     7.7869       
# span 10 = 0.0000e+00, 0.0000e+00      
# interval = seconds: 0.25
# start_time = May 28 2024 12:55:50 [Instrument's time stamp, header]
# bad_flag = -9.990e-29
*END*
[from data line 263]
 149.540367      7.620    15.0045  37.851054    30.4174      7.552  255.48806  255.73158    -3.3817     6.0927 -9.990e-29
 149.540370      7.640    15.0003  37.852352    30.4222      7.572  255.50133  255.74460    -2.4790     5.7570 -9.990e-29
 149.540373      7.648    14.9998  37.854825    30.4248      7.579  255.49920  255.74242    -2.3701     5.7166 -9.990e-29
 149.540376      7.655    14.9989  37.859275    30.4295      7.586  255.49570  255.73883    -2.4012     5.7853 -9.990e-29
 149.540379      7.655    14.9955  37.856247    30.4294      7.586  255.51322  255.75618    -2.5101     5.7449 -9.990e-29
 149.540382      7.658    14.9928  37.858349    30.4334      7.590  255.52008  255.76287    -3.1171     5.5063 -9.990e-29
 149.540385      7.660    14.9920  37.859956    30.4355      7.592  255.52075  255.76347    -3.0704     5.5063 -9.990e-29
 149.540388      7.673    14.9930  37.859708    30.4365      7.604  255.51389  255.75666    -2.9459     5.5144 -9.990e-29
 149.540391      7.699    14.9926  37.861934    30.4362      7.630  255.51652  255.75927    -3.0315     5.5104 0.0000e+00
 149.540394      7.739    14.9921  37.860636    30.4365      7.670  255.51779  255.76037    -3.1016     5.5144 0.0000e+00
 149.540396      7.790    14.9903  37.865952    30.4421      7.720  255.51915  255.76188    -3.1171     6.0724 0.0000e+00
 149.540399      7.848    14.9875  37.869971    30.4478      7.778  255.52196  255.76435    -3.1016     6.0846 0.0000e+00
 149.540402      7.905    14.9837  37.874793    30.4551      7.834  255.52863  255.77077    -3.1171     6.0846 0.0000e+00
 149.540405      7.958    14.9787  37.878812    30.4625      7.886  255.54120  255.78301    -3.0860     6.0846 0.0000e+00
 149.540408      8.001    14.9766  37.879987    30.4647      7.930  255.54856  255.79024    -3.0782     5.7995 0.0000e+00
 149.540411      8.036    14.9744  37.880792    30.4670      7.964  255.55591  255.79746    -3.0393     5.5144 -9.990e-29
 149.540414      8.060    14.9691  37.876959    30.4683      7.988  255.58043  255.82169    -3.0082     5.5225 -9.990e-29
 149.540417      8.067    14.9684  37.877021    30.4690      7.995  255.58323  255.82445    -3.0393     5.4942 -9.990e-29
 149.540420      8.069    14.9688  37.875290    30.4671      7.997  255.58451  255.82576    -3.0082     6.0522 -9.990e-29
 149.540422      8.067    14.9704  37.869973    30.4611      7.995  255.58649  255.82788    -2.9459     6.0360 -9.990e-29
 149.540425      8.069    14.9727  37.873064    30.4621      7.997  255.57322  255.81472    -3.1016     6.0280 -9.990e-29
 149.540428      8.083    14.9746  37.872075    30.4597      8.011  255.56753  255.80915    -2.9771     6.0158 -9.990e-29
 149.540431      8.103    14.9784  37.871024    30.4548      8.031  255.55637  255.79823    -2.6969     6.8609 -9.990e-29
 149.540434      8.140    14.9786  37.869973    30.4569      8.067  255.55167  255.79352    -2.6891     6.8650 0.0000e+00
 149.540437      8.184    14.9784  37.875042    30.4590      8.110  255.55349  255.79525    -2.6813     6.8609 0.0000e+00
 149.540440      8.231    14.9773  37.874610    30.4598      8.157  255.55209  255.79363    -2.6813     6.8690 0.0000e+00
 149.540443      8.275    14.9744  37.882523    30.4692      8.201  255.55349  255.79525    -2.6191     6.8569 0.0000e+00
 149.540446      8.317    14.9726  37.883699    30.4712      8.242  255.55814  255.79957    -2.5957     6.4809 0.0000e+00
 149.540448      8.350    14.9707  37.889758    30.4731      8.275  255.56419  255.80550    -2.4479     6.0684 -9.990e-29
 149.540451      8.373    14.9627  37.892170    30.4869      8.298  255.58105  255.82183    -2.4479     6.1007 -9.990e-29
 149.540454      8.393    14.9591  37.892171    30.4896      8.318  255.59440  255.83497    -2.4323     6.1048 -9.990e-29
 149.540457      8.404    14.9579  37.892109    30.4905      8.329  255.59914  255.83964    -3.0082     6.0927 -9.990e-29
 149.540460      8.408    14.9569  37.896376    30.4951      8.333  255.59620  255.83661    -2.8681     6.1210 -9.990e-29
 149.540463      8.408    14.9552  37.897241    30.4972      8.333  255.60121  255.84151    -2.9304     6.0967 -9.990e-29
 149.540466      8.423    14.9524  37.902374    30.5040      8.347  255.60387  255.84396    -3.0860     6.1129 -9.990e-29
 149.540469      8.441    14.9478  37.902127    30.5086      8.365  255.61953  255.85935    -2.2611     6.4930 -9.990e-29
 149.540472      8.474    14.9471  37.903488    30.5095      8.398  255.62162  255.86140    -2.2066     6.4768 0.0000e+00
 149.540475      8.518    14.9464  37.904169    30.5103      8.441  255.62370  255.86344    -2.1522     6.4808 0.0000e+00
 149.540477      8.567    14.9448  37.903551    30.5109      8.490  255.62835  255.86788    -2.1522     6.4808 0.0000e+00
 149.540480      8.624    14.9434  37.908436    30.5164      8.546  255.62835  255.86788    -2.1210     6.5536 0.0000e+00
 149.540483      8.673    14.9410  37.914250    30.5235      8.595  255.62835  255.86788    -2.1210     6.5536 0.0000e+00
 149.540486      8.718    14.9392  37.915735    30.5255      8.640  255.63386  255.87309    -2.0976     6.5476 0.0000e+00
 149.540489      8.753    14.9374  37.915983    30.5276      8.675  255.63951  255.87863    -2.1210     6.5415 -9.990e-29
 149.540492      8.777    14.9309  37.917963    30.5346      8.698  255.66037  255.89909    -2.3078     6.5375 -9.990e-29
 149.540495      8.790    14.9291  37.917097    30.5353      8.711  255.66869  255.90731    -2.2300     6.0684 -9.990e-29
 149.540498      8.791    14.9276  37.918210    30.5375      8.713  255.67273  255.91125    -2.2767     6.0563 -9.990e-29
 149.540501      8.786    14.9271  37.918643    30.5382      8.707  255.67378  255.91227    -2.1522     6.0765 -9.990e-29
 149.540503      8.779    14.9271  37.917283    30.5370      8.700  255.67592  255.91442    -2.1677     6.1129 -9.990e-29
 149.540506      8.777    14.9268  37.919819    30.5395      8.698  255.67308  255.91155    -1.6852     5.8015 -9.990e-29
 149.540509      8.793    14.9266  37.921550    30.5412      8.715  255.67123  255.90967    -1.6852     5.8177 -9.990e-29
 149.540512      8.817    14.9263  37.923592    30.5446      8.738  255.66687  255.90526    -1.6385     5.8541 -9.990e-29
 149.540515      8.848    14.9259  37.925076    30.5449      8.769  255.66862  255.90699    -1.9420     6.0077 0.0000e+00
 149.540518      8.890    14.9254  37.924891    30.5451      8.811  255.67037  255.90872    -2.0588     6.1614 0.0000e+00
 149.540521      8.937    14.9236  37.925881    30.5474      8.857  255.67579  255.91402    -2.1677     6.1776 0.0000e+00
 149.540524      8.988    14.9226  37.926191    30.5483      8.908  255.67918  255.91735    -2.1132     6.1816 0.0000e+00
 149.540527      9.036    14.9216  37.926871    30.5492      8.955  255.68257  255.92069    -2.1677     6.1857 -9.990e-29
 149.540530      9.056    14.9167  37.922851    30.5500      8.975  255.70641  255.94426    -2.0276     5.5185 -9.990e-29
 149.540532      9.074    14.9153  37.924460    30.5526      8.993  255.70938  255.94714    -1.9498     5.5265 -9.990e-29
 149.540535      9.085    14.9154  37.924955    30.5529      9.004  255.70803  255.94579    -2.0276     5.5185 -9.990e-29
 149.540538      9.082    14.9158  37.926686    30.5541      9.000  255.70385  255.94162    -1.8097     5.5063 -9.990e-29
 149.540541      9.074    14.9158  37.924274    30.5520      8.993  255.70765  255.94544    -1.9809     5.5063 -9.990e-29
 149.540544      9.063    14.9160  37.926192    30.5535      8.982  255.70375  255.94154    -1.7475     6.1978 -9.990e-29
 149.540547      9.045    14.9165  37.925573    30.5526      8.964  255.70298  255.94080    -1.5918     6.2018 -9.990e-29
 149.540550      9.029    14.9170  37.922418    30.5494      8.948  255.70591  255.94379    -1.5452     6.2140 -9.990e-29
 149.540553      9.016    14.9175  37.922851    30.5494      8.935  255.70349  255.94138    -1.5452     6.1978 -9.990e-29
 149.540556      9.005    14.9177  37.922666    30.5491      8.924  255.70290  255.94081    -2.0432     6.4728 -9.990e-29
 149.540558      9.001    14.9178  37.920006    30.5466      8.921  255.70680  255.94474    -1.8409     6.4606 -9.990e-29
 149.540561      9.007    14.9182  37.922418    30.5485      8.926  255.70156  255.93950    -1.8876     6.5172 -9.990e-29
 149.540564      9.021    14.9189  37.924026    30.5494      8.941  255.69643  255.93440    -2.0276     6.4728 -9.990e-29
 149.540567      9.032    14.9191  37.922665    30.5480      8.951  255.69771  255.93570    -1.1872     6.9216 -9.990e-29
 149.540570      9.052    14.9190  37.922851    30.5481      8.971  255.69832  255.93630    -1.0315     6.9256 -9.990e-29
 149.540573      9.083    14.9190  37.922666    30.5481      9.002  255.69832  255.93630    -1.0315     6.9256 0.0000e+00
 149.540576      9.114    14.9190  37.924521    30.5481      9.033  255.69832  255.93630    -1.0315     6.9256 -9.990e-29
 149.540579      9.129    14.9177  37.922666    30.5491      9.047  255.70327  255.94118    -1.4518     6.1290 -9.990e-29
 149.540582      9.142    14.9169  37.926192    30.5528      9.060  255.70062  255.93845    -1.5296     6.1614 -9.990e-29
 149.540584      9.147    14.9164  37.925202    30.5523      9.065  255.70392  255.94173    -1.4206     6.1533 -9.990e-29
 149.540587      9.153    14.9164  37.926192    30.5532      9.071  255.70265  255.94045    -1.3428     6.1614 -9.990e-29
 149.540590      9.156    14.9157  37.925883    30.5535      9.074  255.70574  255.94351    -1.3117     6.1169 -9.990e-29
 149.540593      9.167    14.9146  37.926192    30.5546      9.085  255.70932  255.94702    -1.4829     6.5698 -9.990e-29
 149.540596      9.191    14.9126  37.926873    30.5582      9.109  255.71327  255.95083    -1.5140     6.5536 -9.990e-29
 149.540599      9.224    14.9118  37.928481    30.5592      9.141  255.71521  255.95272    -1.3740     6.5617 0.0000e+00
 149.540602      9.277    14.9111  37.929533    30.5598      9.194  255.71714  255.95462    -1.2494     6.5698 0.0000e+00
 149.540605      9.328    14.9103  37.928234    30.5598      9.244  255.72241  255.95984    -1.2339     6.9782 0.0000e+00
 149.540608      9.392    14.9103  37.927987    30.5598      9.308  255.72241  255.95984    -1.1405     7.0065 0.0000e+00
 149.540611      9.447    14.9102  37.929781    30.5612      9.362  255.72284  255.96027    -1.0782     7.0065 0.0000e+00
 149.540613      9.496    14.9097  37.929163    30.5613      9.411  255.72257  255.95997    -1.0004     7.0126 0.0000e+00
 149.540616      9.532    14.9093  37.933555    30.5613      9.447  255.72481  255.96218    -1.0782     7.0186 -9.990e-29
 149.540619      9.547    14.9085  37.931761    30.5642      9.461  255.72364  255.96094    -0.9848     5.9309 -9.990e-29
 149.540622      9.558    14.9086  37.927802    30.5606      9.472  255.72960  255.96694    -0.7047     6.0037 -9.990e-29
 149.540625      9.556    14.9080  37.929534    30.5626      9.471  255.72918  255.96647    -0.9070     5.9754 -9.990e-29
 149.540628      9.549    14.9072  37.930091    30.5637      9.463  255.73120  255.96843    -0.7202     7.0874 -9.990e-29
 149.540631      9.547    14.9068  37.932689    30.5664      9.462  255.72883  255.96603    -0.5802     7.0833 -9.990e-29
 149.540634      9.549    14.9059  37.933122    30.5675      9.463  255.73134  255.96847    -0.5646     7.0833 -9.990e-29
 149.540637      9.569    14.9047  37.933370    30.5687      9.483  255.73559  255.97265    -0.8136     7.0672 -9.990e-29
 149.540639      9.593    14.9028  37.932257    30.5701      9.507  255.74286  255.97981     0.1825     7.1157 -9.990e-29
 149.540642      9.627    14.9025  37.933371    30.5720      9.541  255.74092  255.97784     0.1203     7.1157 0.0000e+00
 149.540645      9.678    14.9022  37.937144    30.5739      9.592  255.74083  255.97770     0.0580     7.1157 0.0000e+00
 149.540648      9.729    14.9018  37.937083    30.5742      9.642  255.74083  255.97770     0.0580     7.1197 0.0000e+00
 149.540651      9.779    14.9014  37.937825    30.5752      9.691  255.74114  255.97797    -0.0354     7.1197 0.0000e+00
 149.540654      9.824    14.9003  37.938011    30.5762      9.736  255.74492  255.98170    -0.2845     5.5670 0.0000e+00
 149.540657      9.859    14.8992  37.937578    30.5768      9.771  255.74918  255.98590    -0.2923     5.5670 0.0000e+00
 149.540660      9.885    14.8982  37.939125    30.5774      9.796  255.75344  255.99009    -0.3000     5.5670 -9.990e-29
 149.540663      9.905    14.8959  37.937826    30.5794      9.816  255.76205  255.99856    -0.3778     5.5993 -9.990e-29
 149.540666      9.921    14.8952  37.937146    30.5794      9.832  255.76574  256.00221    -0.4557     6.9459 -9.990e-29
 149.540668      9.936    14.8948  37.937826    30.5803      9.847  255.76612  256.00257    -0.4090     6.8933 -9.990e-29
 149.540671      9.945    14.8946  37.939435    30.5818      9.856  255.76417  256.00059    -0.3467     6.9297 -9.990e-29
 149.540674      9.961    14.8946  37.938940    30.5814      9.872  255.76525  256.00167    -0.4712     6.9459 -9.990e-29
 149.540677      9.978    14.8949  37.937827    30.5801      9.888  255.76557  256.00202    -0.3156     7.1157 -9.990e-29
 149.540680     10.001    14.8956  37.938445    30.5813      9.912  255.75987  255.99636    -0.1755     7.1440 -9.990e-29
 149.540683     10.034    14.8956  37.939806    30.5818      9.945  255.75905  255.99554    -0.1989     7.1319 0.0000e+00
 149.540686     10.067    14.8956  37.940858    30.5823      9.977  255.75824  255.99471    -0.1755     7.1319 0.0000e+00
 149.540689     10.100    14.8956  37.942034    30.5828     10.010  255.75824  255.99471    -0.2222     7.1197 0.0000e+00
 149.540692     10.135    14.8952  37.941106    30.5828     10.044  255.75962  255.99607    -0.2378     7.0146 0.0000e+00
 149.540694     10.166    14.8952  37.937332    30.5824     10.075  255.76392  256.00033    -0.3000     7.0106 0.0000e+00
 149.540697     10.191    14.8945  37.940054    30.5821     10.100  255.76560  256.00207    -0.3000     6.9944 0.0000e+00
 149.540700     10.217    14.8941  37.939003    30.5823     10.125  255.76635  256.00274    -0.2767     6.9944 0.0000e+00
 149.540703     10.246    14.8936  37.940240    30.5821     10.154  255.76878  256.00515    -0.2066     6.9944 -9.990e-29
 149.540706     10.270    14.8936  37.942035    30.5830     10.178  255.76717  256.00353    -0.2845     7.4796 -9.990e-29
 149.540709     10.297    14.8936  37.940055    30.5830     10.205  255.76717  256.00353    -0.2845     7.4796 0.0000e+00
 149.540712     10.323    14.8936  37.941169    30.5830     10.230  255.76717  256.00353    -0.2845     7.4796 -9.990e-29
 149.540715     10.346    14.8939  37.942468    30.5849     10.254  255.76224  255.99860     0.5249     7.3098 -9.990e-29
 149.540718     10.368    14.8935  37.938014    30.5813     10.275  255.77101  256.00738     0.7584     7.3179 -9.990e-29
 149.540720     10.390    14.8927  37.941107    30.5847     10.297  255.76904  256.00534     0.5716     7.3421 -9.990e-29
 149.540723     10.414    14.8922  37.941602    30.5855     10.320  255.77030  256.00656     0.5560     7.3138 -9.990e-29
 149.540726     10.434    14.8920  37.936901    30.5814     10.340  255.77831  256.01460     0.4471     7.4554 -9.990e-29
 149.540729     10.450    14.8921  37.941107    30.5851     10.357  255.77139  256.00766     0.4159     7.4473 -9.990e-29
 149.540732     10.465    14.8928  37.942283    30.5856     10.371  255.76694  256.00324     0.4004     7.4715 -9.990e-29
 149.540735     10.487    14.8928  37.942035    30.5858     10.393  255.76668  256.00298     0.3381     7.4513 -9.990e-29
 149.540738     10.519    14.8926  37.942469    30.5849     10.425  255.76918  256.00547     0.3147     7.3320 0.0000e+00
 149.540741     10.558    14.8924  37.940242    30.5854     10.463  255.77167  256.00796     0.3381     7.2127 0.0000e+00
