seaocn-cb/data/ctd_cnv/SBE19plus_01907321_2024_05_28_Cast96.cnv
* Sea-Bird SBE19plus  Data File:
* FileName = E:\Prandtl_Daten\2024\28052024\raw\SBE19plus_01907321_2024_05_28_Cast96.hex
* Software version 2.6.1.12
* Temperature SN = 7321
* Conductivity SN = 7321
* System UpLoad Time = May 28 2024 12:46:59
* <ApplicationData>
* <Seaterm232>
** 20240527
** Sea Practical 2024
** MCat 27.05 CTD_SP7
** NMEA Latitude = 54 8.36N
** NMEA Longitude = 008 20.85E
** waterdepth = 14.4m
** Maja
# nquan = 11
# nvalues = 519                         
# units = specified
# name 0 = timeJ: Julian Days
# name 1 = prdM: Pressure, Strain Gauge [db]
# name 2 = tv290C: Temperature [ITS-90, deg C]
# name 3 = c0mS/cm: Conductivity [mS/cm]
# name 4 = sal00: Salinity, Practical [PSU]
# name 5 = depSM: Depth [salt water, m], lat = 54.00
# name 6 = oxsatMm/Kg: Oxygen Saturation, Weiss [umol/kg]
# name 7 = oxsolMm/Kg: Oxygen Saturation, Garcia & Gordon [umol/kg]
# name 8 = turbWETntu0: Turbidity, WET Labs ECO [NTU]
# name 9 = flECO-AFL: Fluorescence, WET Labs ECO-AFL/FL [mg/m^3]
# name 10 = flag:  0.000e+00
# span 0 = 149.529123, 149.530622       
# span 1 =      0.577,     13.812       
# span 2 =    14.8960,    17.7270       
# span 3 =  37.139939,  37.932953       
# span 4 =    28.2822,    30.5733       
# span 5 =      0.572,     13.688       
# span 6 =  245.68578,  255.77718       
# span 7 =  246.06745,  256.01378       
# span 8 =    -4.4868,     3.7155       
# span 9 =     1.4546,     7.8355       
# span 10 = 0.0000e+00, 0.0000e+00      
# interval = seconds: 0.25
# start_time = May 28 2024 12:40:45 [Instrument's time stamp, header]
# bad_flag = -9.990e-29
*END*
[from data line 263]
 149.529884      7.558    15.1222  37.781598    30.2638      7.490  255.15449  255.40533    -3.1405     5.6883 0.0000e+00
 149.529887      7.583    15.1188  37.782896    30.2673      7.515  255.16557  255.41621    -3.3039     5.7570 -9.990e-29
 149.529890      7.598    15.1114  37.784131    30.2752      7.530  255.18929  255.43949    -3.0860     5.7570 -9.990e-29
 149.529893      7.613    15.1083  37.784935    30.2783      7.545  255.19969  255.44971    -3.1327     5.7651 -9.990e-29
 149.529896      7.633    15.1046  37.788332    30.2842      7.564  255.20866  255.45843    -3.0238     5.0817 -9.990e-29
 149.529899      7.653    15.0998  37.790865    30.2901      7.584  255.22246  255.47195    -3.1794     5.1424 -9.990e-29
 149.529902      7.671    15.0940  37.795745    30.2961      7.602  255.24200  255.49113    -2.8837     5.0737 -9.990e-29
 149.529905      7.698    15.0934  37.792533    30.2982      7.629  255.24178  255.49086    -2.6969     5.2374 0.0000e+00
 149.529907      7.726    15.0927  37.795993    30.3002      7.657  255.24200  255.49113    -2.6658     5.3769 0.0000e+00
 149.529910      7.757    15.0918  37.795993    30.3009      7.687  255.24405  255.49292    -2.6658     5.3850 0.0000e+00
 149.529913      7.793    15.0903  37.800008    30.3056      7.723  255.24477  255.49376    -2.6813     5.3769 0.0000e+00
 149.529916      7.830    15.0890  37.799020    30.3058      7.760  255.24878  255.49743    -2.7125     5.3769 0.0000e+00
 149.529919      7.872    15.0872  37.804642    30.3121      7.802  255.25085  255.49965    -2.7280     5.3082 0.0000e+00
 149.529922      7.909    15.0847  37.804642    30.3140      7.838  255.25811  255.50662    -2.9926     5.1181 0.0000e+00
 149.529925      7.945    15.0841  37.806681    30.3154      7.874  255.25885  255.50732    -3.0393     5.1060 0.0000e+00
 149.529928      7.976    15.0835  37.806187    30.3168      7.905  255.25959  255.50802    -2.9926     5.0939 -9.990e-29
 149.529931      8.000    15.0813  37.810388    30.3217      7.929  255.26197  255.51025    -3.1483     5.1586 -9.990e-29
 149.529933      8.011    15.0771  37.812612    30.3270      7.939  255.27449  255.52251    -2.9459     5.5185 -9.990e-29
 149.529936      8.015    15.0716  37.817370    30.3355      7.943  255.28769  255.53536    -3.1171     5.5953 -9.990e-29
 149.529939      8.020    15.0662  37.813046    30.3358      7.948  255.31482  255.56220    -2.9771     5.5468 -9.990e-29
 149.529942      8.027    15.0629  37.817495    30.3424      7.955  255.32036  255.56752    -2.9771     5.5629 -9.990e-29
 149.529945      8.044    15.0610  37.820399    30.3464      7.972  255.32280  255.56983    -2.9459     6.2504 -9.990e-29
 149.529948      8.058    15.0573  37.821511    30.3540      7.986  255.32836  255.57514    -2.9615     6.2140 -9.990e-29
 149.529951      8.088    15.0564  37.825775    30.3544      8.015  255.33229  255.57903    -3.0393     6.2059 0.0000e+00
 149.529954      8.129    15.0555  37.825034    30.3547      8.057  255.33623  255.58291    -2.9615     6.1978 0.0000e+00
 149.529957      8.182    15.0531  37.829236    30.3604      8.109  255.33898  255.58549    -2.5257     5.7894 0.0000e+00
 149.529959      8.243    15.0481  37.833500    30.3681      8.169  255.35123  255.59741    -2.5257     5.7692 0.0000e+00
 149.529962      8.297    15.0421  37.836591    30.3754      8.223  255.36879  255.61461    -2.6969     5.7692 0.0000e+00
 149.529965      8.339    15.0394  37.834800    30.3767      8.264  255.38052  255.62618    -2.7203     5.7489 0.0000e+00
 149.529968      8.364    15.0367  37.837952    30.3780      8.290  255.39225  255.63776    -2.7436     5.7287 -9.990e-29
 149.529971      8.373    15.0305  37.839250    30.3868      8.299  255.40853  255.65365    -2.6969     5.1909 -9.990e-29
 149.529974      8.375    15.0300  37.843019    30.3905      8.300  255.40437  255.64943    -2.7125     5.1303 -9.990e-29
 149.529977      8.372    15.0279  37.843638    30.3927      8.297  255.41124  255.65618    -2.5413     5.1667 -9.990e-29
 149.529980      8.372    15.0249  37.845245    30.3965      8.297  255.42004  255.66480    -2.7747     5.1747 -9.990e-29
 149.529983      8.377    15.0227  37.845492    30.3984      8.302  255.42808  255.67270    -1.7164     6.2746 -9.990e-29
 149.529986      8.392    15.0179  37.847161    30.4012      8.317  255.44815  255.69249    -1.5918     6.2544 -9.990e-29
 149.529988      8.425    15.0172  37.844381    30.4050      8.349  255.44510  255.68937    -1.7164     6.2848 0.0000e+00
 149.529991      8.468    15.0164  37.851797    30.4089      8.393  255.44682  255.69088    -1.8409     6.2544 0.0000e+00
 149.529994      8.525    15.0142  37.854146    30.4127      8.449  255.44663  255.69045    -2.4790     5.5144 0.0000e+00
 149.529997      8.585    15.0109  37.862058    30.4223      8.508  255.44682  255.69088    -2.6813     5.5144 0.0000e+00
 149.530000      8.638    15.0054  37.865706    30.4298      8.561  255.46184  255.70530    -2.5724     5.5306 0.0000e+00
 149.530003      8.682    15.0019  37.867067    30.4331      8.604  255.47399  255.71724    -2.6814     5.5366 0.0000e+00
 149.530006      8.711    14.9984  37.864162    30.4365      8.633  255.48613  255.72918    -2.5724     5.5306 -9.990e-29
 149.530009      8.728    14.9923  37.865708    30.4400      8.650  255.51122  255.75392    -2.7903     5.6155 -9.990e-29
 149.530012      8.733    14.9922  37.859960    30.4349      8.655  255.52054  255.76328    -2.7125     5.6155 -9.990e-29
 149.530014      8.731    14.9925  37.859712    30.4345      8.653  255.51977  255.76253    -2.7747     5.6034 -9.990e-29
 149.530017      8.731    14.9928  37.861010    30.4354      8.653  255.51686  255.75962    -2.6502     5.6276 -9.990e-29
 149.530020      8.737    14.9933  37.859712    30.4339      8.659  255.51687  255.75968    -2.3078     5.3931 -9.990e-29
 149.530023      8.753    14.9941  37.859279    30.4329      8.675  255.51466  255.75751    -2.5101     5.3405 -9.990e-29
 149.530026      8.775    14.9961  37.857178    30.4305      8.697  255.50861  255.75158    -2.3545     5.3931 -9.990e-29
 149.530029      8.812    14.9963  37.858352    30.4316      8.733  255.50586  255.74883    -2.3000     5.6741 0.0000e+00
 149.530032      8.859    14.9964  37.861134    30.4322      8.780  255.50401  255.74698    -2.2455     5.9228 0.0000e+00
 149.530035      8.900    14.9964  37.860578    30.4322      8.820  255.50401  255.74698    -2.2455     5.9552 0.0000e+00
 149.530038      8.951    14.9964  37.858847    30.4322      8.871  255.50619  255.74913    -2.2455     5.9511 0.0000e+00
 149.530041      8.996    14.9961  37.860887    30.4318      8.916  255.50633  255.74930    -2.2688     5.9592 0.0000e+00
 149.530043      9.027    14.9957  37.860826    30.4330      8.946  255.50619  255.74913    -2.2922     5.9511 -9.990e-29
 149.530046      9.051    14.9934  37.859961    30.4339      8.970  255.51639  255.75920    -2.2922     5.5387 -9.990e-29
 149.530049      9.064    14.9929  37.861691    30.4358      8.983  255.51542  255.75819    -2.3234     5.5265 -9.990e-29
 149.530052      9.075    14.9922  37.864164    30.4386      8.993  255.51415  255.75686    -2.4323     5.5063 -9.990e-29
 149.530055      9.086    14.9909  37.865277    30.4406      9.004  255.51734  255.75997    -2.1522     6.3070 -9.990e-29
 149.530058      9.098    14.9894  37.864350    30.4409      9.017  255.52432  255.76687    -2.1833     6.3110 -9.990e-29
 149.530061      9.115    14.9889  37.863237    30.4403      9.033  255.52811  255.77063    -2.2922     6.2463 -9.990e-29
 149.530064      9.133    14.9887  37.867070    30.4439      9.051  255.52297  255.76545    -2.2144     6.2948 -9.990e-29
 149.530067      9.160    14.9889  37.865092    30.4419      9.078  255.52522  255.76774    -2.3078     6.2867 -9.990e-29
 149.530069      9.180    14.9891  37.869048    30.4474      9.098  255.51438  255.75686    -2.1210     6.3636 -9.990e-29
 149.530072      9.217    14.9888  37.871459    30.4479      9.134  255.51507  255.75753    -2.0198     6.3535 0.0000e+00
 149.530075      9.255    14.9885  37.872077    30.4484      9.172  255.51576  255.75820    -2.0432     6.3595 0.0000e+00
 149.530078      9.295    14.9851  37.876838    30.4553      9.212  255.52107  255.76327    -2.0432     6.3434 0.0000e+00
 149.530081      9.334    14.9797  37.878817    30.4613      9.250  255.53828  255.78016    -2.0588     5.9835 0.0000e+00
 149.530084      9.374    14.9753  37.880611    30.4663      9.290  255.55231  255.79391    -2.1833     5.9794 0.0000e+00
 149.530087      9.401    14.9735  37.880426    30.4676      9.317  255.55899  255.80049    -2.1677     5.9754 0.0000e+00
 149.530090      9.430    14.9718  37.880179    30.4689      9.346  255.56567  255.80707    -2.2767     5.9713 -9.990e-29
 149.530093      9.454    14.9682  37.884383    30.4752      9.370  255.57311  255.81427    -2.4790     5.9471 -9.990e-29
 149.530095      9.474    14.9674  37.883023    30.4746      9.389  255.57845  255.81957    -2.4167     5.9713 -9.990e-29
 149.530098      9.493    14.9660  37.888835    30.4809      9.408  255.57454  255.81553    -2.3856     5.9511 -9.990e-29
 149.530101      9.509    14.9636  37.887661    30.4817      9.424  255.58538  255.82625    -2.4479     5.9552 -9.990e-29
 149.530104      9.524    14.9619  37.887970    30.4833      9.439  255.59128  255.83205    -1.5607     5.9875 -9.990e-29
 149.530107      9.540    14.9616  37.885497    30.4813      9.455  255.59634  255.83711    -1.5918     6.0037 -9.990e-29
 149.530110      9.564    14.9594  37.887476    30.4854      9.478  255.60060  255.84121    -1.7475     6.0360 -9.990e-29
 149.530113      9.595    14.9587  37.888156    30.4873      9.509  255.60083  255.84140    -1.7786     6.0481 0.0000e+00
 149.530116      9.632    14.9580  37.891186    30.4892      9.545  255.60107  255.84159    -1.8097     6.0603 0.0000e+00
 149.530119      9.677    14.9572  37.892176    30.4907      9.590  255.60244  255.84290    -1.8097     6.7679 0.0000e+00
 149.530122      9.726    14.9566  37.893041    30.4919      9.639  255.60343  255.84385    -1.8097     6.7962 0.0000e+00
 149.530124      9.764    14.9555  37.893289    30.4929      9.677  255.60745  255.84780    -1.8409     6.7861 0.0000e+00
 149.530127      9.797    14.9544  37.895701    30.4939      9.710  255.61147  255.85176    -1.7164     6.8043 -9.990e-29
 149.530130      9.819    14.9504  37.896753    30.5001      9.731  255.62112  255.86115    -2.0121     6.0927 -9.990e-29
 149.530133      9.830    14.9489  37.896382    30.5009      9.742  255.62722  255.86716    -1.7942     6.0927 -9.990e-29
 149.530136      9.835    14.9482  37.897680    30.5026      9.747  255.62779  255.86768    -1.9809     6.0846 -9.990e-29
 149.530139      9.834    14.9473  37.894836    30.5007      9.746  255.63574  255.87560    -1.9809     6.0482 -9.990e-29
 149.530142      9.830    14.9466  37.897310    30.5035      9.742  255.63445  255.87425    -2.0899     5.8015 -9.990e-29
 149.530145      9.832    14.9458  37.897248    30.5040      9.744  255.63745  255.87721    -2.0743     5.8096 -9.990e-29
 149.530148      9.841    14.9437  37.897495    30.5069      9.753  255.64345  255.88306    -1.9809     5.8581 -9.990e-29
 149.530150      9.868    14.9437  37.898609    30.5070      9.780  255.64360  255.88322    -2.2144     6.3494 0.0000e+00
 149.530153      9.907    14.9437  37.898609    30.5069      9.818  255.64376  255.88337    -2.4479     6.8407 0.0000e+00
 149.530156      9.959    14.9436  37.893291    30.5070      9.870  255.64460  255.88419    -2.4479     6.8488 0.0000e+00
 149.530159     10.014    14.9433  37.898856    30.5061      9.925  255.64890  255.88849    -2.4634     6.8609 0.0000e+00
 149.530162     10.069    14.9429  37.897063    30.5074      9.979  255.64890  255.88849    -2.4634     6.8731 0.0000e+00
 149.530165     10.118    14.9420  37.898177    30.5078     10.028  255.65066  255.89018    -2.4634     6.8731 0.0000e+00
 149.530168     10.164    14.9409  37.899970    30.5082     10.073  255.65192  255.89136    -2.4479     5.5387 0.0000e+00
 149.530171     10.200    14.9407  37.897312    30.5092     10.109  255.65490  255.89434    -2.4168     5.5043 0.0000e+00
 149.530174     10.228    14.9405  37.899785    30.5082     10.136  255.65787  255.89731    -2.4479     5.4699 -9.990e-29
 149.530177     10.250    14.9397  37.898425    30.5097     10.158  255.65904  255.89843    -2.5724     5.5225 -9.990e-29
 149.530179     10.268    14.9389  37.895581    30.5078     10.176  255.66672  255.90608    -1.6852     5.9633 -9.990e-29
 149.530182     10.275    14.9382  37.895704    30.5084     10.184  255.66885  255.90817    -1.8720     5.9309 -9.990e-29
 149.530185     10.285    14.9380  37.897683    30.5104     10.193  255.66661  255.90590    -1.5296     5.9552 -9.990e-29
 149.530188     10.296    14.9382  37.898178    30.5106     10.203  255.66496  255.90427    -1.5918     5.9552 -9.990e-29
 149.530191     10.310    14.9379  37.898858    30.5115     10.218  255.66506  255.90434    -1.9031     6.4849 -9.990e-29
 149.530194     10.323    14.9379  37.897931    30.5107     10.231  255.66682  255.90610    -1.9498     6.4566 -9.990e-29
 149.530197     10.338    14.9376  37.899044    30.5119     10.245  255.66594  255.90520    -1.9809     6.4849 -9.990e-29
 149.530200     10.356    14.9375  37.897684    30.5107     10.263  255.66839  255.90765    -1.8564     6.5091 -9.990e-29
 149.530203     10.374    14.9383  37.897745    30.5109     10.281  255.66406  255.90337    -2.1366     7.2532 -9.990e-29
 149.530205     10.410    14.9382  37.898611    30.5116     10.317  255.66339  255.90268    -2.1755     7.2492 0.0000e+00
 149.530208     10.450    14.9381  37.900034    30.5118     10.357  255.66406  255.90337    -2.1522     7.2451 0.0000e+00
 149.530211     10.493    14.9375  37.898859    30.5124     10.399  255.66635  255.90558    -2.1522     7.2451 0.0000e+00
 149.530214     10.538    14.9375  37.899787    30.5118     10.444  255.66691  255.90617    -2.1522     7.2127 0.0000e+00
 149.530217     10.589    14.9375  37.897313    30.5104     10.494  255.66635  255.90558    -2.2455     5.9956 0.0000e+00
 149.530220     10.635    14.9378  37.897932    30.5104     10.539  255.66778  255.90706    -2.2767     5.9733 0.0000e+00
 149.530223     10.671    14.9381  37.897252    30.5104     10.576  255.66614  255.90544    -2.3078     5.9956 -9.990e-29
 149.530226     10.693    14.9387  37.898859    30.5107     10.598  255.66240  255.90173    -2.2767     5.9754 -9.990e-29
 149.530229     10.706    14.9386  37.896077    30.5083     10.610  255.66708  255.90642    -2.2455     6.8205 -9.990e-29
 149.530231     10.717    14.9382  37.897932    30.5103     10.621  255.66591  255.90521    -2.3078     6.8165 -9.990e-29
 149.530234     10.711    14.9375  37.898612    30.5115     10.615  255.66744  255.90669    -2.0743     6.7962 -9.990e-29
 149.530237     10.706    14.9369  37.900282    30.5134     10.610  255.66683  255.90605    -2.0743     6.7922 -9.990e-29
 149.530240     10.706    14.9365  37.898612    30.5122     10.610  255.67091  255.91011    -0.9848     5.7409 -9.990e-29
 149.530243     10.713    14.9366  37.901642    30.5149     10.617  255.66568  255.90486    -1.0471     5.7045 -9.990e-29
 149.530246     10.740    14.9366  37.901766    30.5136     10.644  255.66798  255.90717    -0.9849     5.6964 0.0000e+00
 149.530249     10.782    14.9366  37.898860    30.5136     10.686  255.66759  255.90679    -1.0471     5.7045 0.0000e+00
 149.530252     10.837    14.9367  37.900406    30.5123     10.740  255.67028  255.90948    -2.3078     6.1937 0.0000e+00
 149.530255     10.894    14.9369  37.897315    30.5136     10.796  255.66759  255.90679    -2.4790     6.2220 0.0000e+00
 149.530258     10.952    14.9369  37.900963    30.5132     10.854  255.66992  255.90911    -2.5413     6.2220 0.0000e+00
