seaocn-cb/data/ctd_cnv/SBE19plus_01907321_2024_05_27_Cast82.cnv
* Sea-Bird SBE19plus  Data File:
* FileName = E:\Prandtl_Daten\2024\27052024\raw\SBE19plus_01907321_2024_05_27_Cast82.hex
* Software version 2.6.1.12
* Temperature SN = 7321
* Conductivity SN = 7321
* System UpLoad Time = May 27 2024 11:36:37
* <ApplicationData>
* <Seaterm232>
** 20240527
** Sea Practical 2024
** MCat 27.05 CTD_SP5
** NMEA Latitude = 54 7.781N
** NMEA Longitude = 008 25.579E
** waterdepth = 10.5m
** Merle
# nquan = 11
# nvalues = 322                         
# units = specified
# name 0 = timeJ: Julian Days
# name 1 = prdM: Pressure, Strain Gauge [db]
# name 2 = tv290C: Temperature [ITS-90, deg C]
# name 3 = c0mS/cm: Conductivity [mS/cm]
# name 4 = sal00: Salinity, Practical [PSU]
# name 5 = depSM: Depth [salt water, m], lat = 54.00
# name 6 = oxsatMm/Kg: Oxygen Saturation, Weiss [umol/kg]
# name 7 = oxsolMm/Kg: Oxygen Saturation, Garcia & Gordon [umol/kg]
# name 8 = turbWETntu0: Turbidity, WET Labs ECO [NTU]
# name 9 = flECO-AFL: Fluorescence, WET Labs ECO-AFL/FL [mg/m^3]
# name 10 = flag:  0.000e+00
# span 0 = 148.480825, 148.481753       
# span 1 =      0.876,      9.321       
# span 2 =    15.8561,    16.1660       
# span 3 =  37.078972,  37.283908       
# span 4 =    29.0274,    29.1060       
# span 5 =      0.868,      9.237       
# span 6 =  252.00164,  253.46592       
# span 7 =  252.31227,  253.76177       
# span 8 =    -2.7747,    56.0735       
# span 9 =     2.2269,     5.6640       
# span 10 = 0.0000e+00, 0.0000e+00      
# interval = seconds: 0.25
# start_time = May 27 2024 11:30:46 [Instrument's time stamp, header]
# bad_flag = -9.990e-29
*END*
 148.480825      0.907    16.1098  37.249641    29.0578      0.899  252.25745  252.56540    -1.2339     2.6879 -9.990e-29
 148.480828      0.880    16.1111  37.263826    29.0692      0.872  252.23150  252.53943    -0.3778     2.5666 -9.990e-29
 148.480830      0.876    16.1365  37.272239    29.0502      0.868  252.13743  252.44666    -0.3934     2.5302 -9.990e-29
 148.480833      0.909    16.1379  37.263332    29.0435      0.901  252.14236  252.45170    -0.3312     2.5322 0.0000e+00
 148.480836      0.945    16.1379  37.250129    29.0435      0.937  252.14236  252.45170    -0.3312     2.5322 0.0000e+00
 148.480839      0.973    16.1392  37.244604    29.0368      0.964  252.14728  252.45673    -0.2689     2.5342 -9.990e-29
 148.480842      0.984    16.1186  37.243746    29.0463      0.975  252.23348  252.54191    -2.7747     2.2512 -9.990e-29
 148.480845      1.006    16.1156  37.253325    29.0611      0.997  252.22305  252.53124    -2.7747     2.3118 -9.990e-29
 148.480848      1.044    16.1191  37.258361    29.0613      1.035  252.20503  252.51339    -2.7125     2.2694 0.0000e+00
 148.480851      1.092    16.1227  37.264747    29.0615      1.082  252.18701  252.49553    -2.6502     2.2269 0.0000e+00
 148.480854      1.141    16.1344  37.278381    29.0615      1.131  252.12319  252.43222    -2.1366     2.2269 0.0000e+00
 148.480856      1.197    16.1477  37.283908    29.0598      1.187  252.06520  252.37488    -2.0743     2.2714 0.0000e+00
 148.480859      1.241    16.1591  37.282309    29.0501      1.230  252.02526  252.33553    -2.1366     2.2714 0.0000e+00
 148.480862      1.274    16.1626  37.280957    29.0470      1.263  252.01345  252.32390    -2.1288     2.2795 0.0000e+00
 148.480865      1.300    16.1660  37.277763    29.0439      1.288  252.00164  252.31227    -2.2922     2.2633 -9.990e-29
 148.480868      1.322    16.1651  37.271007    29.0359      1.310  252.01976  252.33040     0.7895     3.2864 -9.990e-29
 148.480871      1.344    16.1604  37.262655    29.0321      1.332  252.04980  252.36025     0.8362     3.2783 -9.990e-29
 148.480874      1.373    16.1513  37.249638    29.0274      1.361  252.10291  252.41298     0.9140     3.2702 -9.990e-29
 148.480877      1.397    16.1364  37.239816    29.0297      1.384  252.17305  252.48242     0.0891     3.0680 -9.990e-29
 148.480880      1.406    16.1195  37.234845    29.0378      1.393  252.24371  252.55225     0.1825     3.0316 -9.990e-29
 148.480883      1.417    16.1065  37.235951    29.0483      1.404  252.29069  252.59855     0.0268     3.0357 -9.990e-29
 148.480885      1.431    16.0992  37.231409    29.0496      1.419  252.32462  252.63214     0.1825     3.0397 -9.990e-29
 148.480888      1.451    16.0910  37.231533    29.0559      1.438  252.35443  252.66153    -1.3428     2.6475 -9.990e-29
 148.480891      1.490    16.0909  37.231840    29.0594      1.476  252.34922  252.65628    -1.2961     2.6414 0.0000e+00
 148.480894      1.528    16.0910  37.239637    29.0629      1.514  252.34400  252.65103    -1.3428     2.6475 0.0000e+00
 148.480897      1.573    16.0940  37.243935    29.0629      1.559  252.32538  252.63256    -1.5763     2.6596 0.0000e+00
 148.480900      1.614    16.0995  37.246391    29.0623      1.599  252.30117  252.60861    -1.5763     2.6879 0.0000e+00
 148.480903      1.654    16.1057  37.250136    29.0610      1.639  252.27234  252.58008    -1.5763     2.6839 0.0000e+00
 148.480906      1.696    16.1109  37.249644    29.0579      1.680  252.25372  252.56173    -1.6852     2.7041 0.0000e+00
 148.480909      1.741    16.1141  37.253574    29.0570      1.726  252.23625  252.54440    -1.6697     2.6839 0.0000e+00
 148.480911      1.778    16.1155  37.255109    29.0574      1.762  252.22960  252.53782    -1.6774     2.6940 0.0000e+00
 148.480914      1.805    16.1170  37.257933    29.0570      1.789  252.22295  252.53124    -1.6697     2.6798 -9.990e-29
 148.480917      1.825    16.1260  37.260635    29.0552      1.809  252.18104  252.48976    -2.1677     2.6636 -9.990e-29
 148.480920      1.843    16.1298  37.259222    29.0512      1.827  252.16914  252.47806    -1.8876     2.6717 -9.990e-29
 148.480923      1.851    16.1322  37.263152    29.0529      1.834  252.15434  252.46336    -1.9965     2.6353 -9.990e-29
 148.480926      1.853    16.1348  37.255352    29.0443      1.836  252.15642  252.46561    -1.8253     2.7486 -9.990e-29
 148.480929      1.851    16.1377  37.265116    29.0506      1.834  252.13084  252.44012    -1.9498     2.6919 -9.990e-29
 148.480932      1.860    16.1415  37.266344    29.0491      1.843  252.11456  252.42403    -1.8097     2.6879 -9.990e-29
 148.480935      1.900    16.1413  37.266651    29.0478      1.883  252.11793  252.42740    -1.9420     2.7061 0.0000e+00
 148.480938      1.960    16.1411  37.263151    29.0464      1.943  252.12130  252.43077    -1.8097     2.7243 0.0000e+00
 148.480940      2.024    16.1398  37.261616    29.0461      2.006  252.12840  252.43781    -1.4051     3.2257 0.0000e+00
 148.480943      2.068    16.1391  37.260634    29.0461      2.049  252.13182  252.44121    -1.3818     3.2378 0.0000e+00
 148.480946      2.099    16.1384  37.260143    29.0461      2.080  252.13525  252.44460    -1.3584     3.2257 -9.990e-29
 148.480949      2.121    16.1339  37.259222    29.0482      2.102  252.15409  252.46321    -1.3428     3.2419 -9.990e-29
 148.480952      2.139    16.1318  37.258793    29.0493      2.120  252.16249  252.47151    -1.4673     2.9386 -9.990e-29
 148.480955      2.157    16.1279  37.253328    29.0492      2.138  252.18226  252.49110    -1.4985     2.9750 -9.990e-29
 148.480958      2.183    16.1269  37.255354    29.0499      2.163  252.18605  252.49483    -1.5218     2.9871 0.0000e+00
 148.480961      2.221    16.1259  37.255293    29.0492      2.201  252.18983  252.49856    -1.4985     2.9750 0.0000e+00
 148.480964      2.263    16.1244  37.249644    29.0493      2.242  252.19972  252.50839    -1.0316     2.9771 0.0000e+00
 148.480966      2.299    16.1228  37.255356    29.0479      2.279  252.20960  252.51822    -0.5179     2.9548 -9.990e-29
 148.480969      2.323    16.1199  37.251364    29.0515      2.302  252.21811  252.52657    -0.7669     2.9912 -9.990e-29
 148.480972      2.335    16.1197  37.248540    29.0492      2.315  252.22292  252.53139    -0.6113     3.0114 -9.990e-29
 148.480975      2.348    16.1177  37.247680    29.0499      2.327  252.23167  252.54004    -0.3623     3.7109 -9.990e-29
 148.480978      2.357    16.1141  37.241909    29.0475      2.336  252.25370  252.56192    -0.4712     3.7554 -9.990e-29
 148.480981      2.372    16.1022  37.238103    29.0515      2.351  252.30662  252.61426    -0.4868     3.7190 -9.990e-29
 148.480984      2.408    16.1000  37.236447    29.0524      2.387  252.31603  252.62356    -0.4168     3.7453 0.0000e+00
 148.480987      2.456    16.0978  37.234851    29.0533      2.434  252.32543  252.63286    -0.4868     3.7190 0.0000e+00
 148.480990      2.512    16.0937  37.235466    29.0568      2.490  252.33976  252.64697    -0.9070     3.2338 0.0000e+00
 148.480992      2.561    16.0925  37.237308    29.0585      2.538  252.34272  252.64987    -0.9070     3.2257 0.0000e+00
 148.480995      2.594    16.0914  37.234177    29.0601      2.571  252.34568  252.65276    -0.9070     3.2176 -9.990e-29
 148.480998      2.616    16.0881  37.235282    29.0607      2.593  252.36096  252.66789    -0.8759     3.2419 -9.990e-29
 148.481001      2.634    16.0878  37.237431    29.0628      2.611  252.35896  252.66585    -1.3584     3.2338 -9.990e-29
 148.481004      2.656    16.0886  37.237554    29.0623      2.633  252.35581  252.66274    -0.9848     3.2783 -9.990e-29
 148.481007      2.677    16.0920  37.240992    29.0619      2.653  252.33925  252.64635    -1.1560     3.2176 -9.990e-29
 148.481010      2.704    16.0933  37.240071    29.0611      2.680  252.33416  252.64132    -1.0393     3.3814 0.0000e+00
 148.481013      2.739    16.0946  37.240317    29.0602      2.714  252.32907  252.63630    -0.9848     3.5007 0.0000e+00
 148.481016      2.768    16.0962  37.241115    29.0598      2.743  252.32384  252.63120    -0.9226     3.5452 0.0000e+00
 148.481019      2.793    16.0966  37.238045    29.0581      2.768  252.32303  252.63036    -0.8214     3.5310 0.0000e+00
 148.481021      2.821    16.0970  37.242650    29.0565      2.796  252.32384  252.63120    -0.6580     3.5613 -9.990e-29
 148.481024      2.835    16.0984  37.244860    29.0614      2.810  252.30832  252.61572    -0.6113     3.6260 -9.990e-29
 148.481027      2.859    16.1001  37.242343    29.0588      2.834  252.30438  252.61187    -0.6891     3.6018 -9.990e-29
 148.481030      2.885    16.1003  37.243325    29.0586      2.859  252.30354  252.61104    -0.6035     3.6240 0.0000e+00
 148.481033      2.914    16.1006  37.243264    29.0584      2.888  252.30438  252.61187    -0.6269     3.6462 0.0000e+00
 148.481036      2.947    16.1006  37.240685    29.0560      2.921  252.30567  252.61322    -0.6269     3.6462 0.0000e+00
 148.481039      2.996    16.1003  37.240071    29.0558      2.969  252.30841  252.61593    -0.7669     3.6462 0.0000e+00
 148.481042      3.040    16.0990  37.237247    29.0543      3.013  252.31742  252.62489    -0.7981     3.6746 0.0000e+00
 148.481045      3.082    16.0971  37.235283    29.0539      3.054  252.32753  252.63492    -0.8915     3.6786 0.0000e+00
 148.481047      3.126    16.0953  37.231661    29.0536      3.098  252.33695  252.64426    -0.8448     3.6928 0.0000e+00
 148.481050      3.157    16.0935  37.230680    29.0534      3.128  252.34638  252.65361    -0.8915     3.7069 -9.990e-29
 148.481053      3.182    16.0854  37.227304    29.0556      3.154  252.38334  252.69018     0.3226     3.4724 -9.990e-29
 148.481056      3.195    16.0821  37.226997    29.0577      3.166  252.39604  252.70271     0.3226     3.5047 -9.990e-29
 148.481059      3.208    16.0788  37.227305    29.0603      3.179  252.40781  252.71431     0.2292     3.5047 -9.990e-29
 148.481062      3.217    16.0729  37.226753    29.0571      3.188  252.44283  252.74908    -0.3000     3.4602 -9.990e-29
 148.481065      3.244    16.0706  37.218650    29.0589      3.215  252.45150  252.75763    -0.3700     3.4744 0.0000e+00
 148.481068      3.275    16.0682  37.218835    29.0607      3.246  252.46017  252.76618    -0.4401     3.4885 0.0000e+00
 148.481071      3.316    16.0638  37.221782    29.0655      3.286  252.47248  252.77824    -0.4401     3.4926 0.0000e+00
 148.481073      3.357    16.0616  37.218836    29.0655      3.327  252.48496  252.79063     0.8517     3.6018 0.0000e+00
 148.481076      3.394    16.0608  37.216136    29.0649      3.364  252.48998  252.79561     0.8906     3.6180 0.0000e+00
 148.481079      3.423    16.0600  37.212023    29.0643      3.393  252.49499  252.80059     0.9296     3.6341 -9.990e-29
 148.481082      3.445    16.0536  37.210428    29.0640      3.414  252.52741  252.83272     0.9296     3.6786 -9.990e-29
 148.481085      3.460    16.0496  37.205887    29.0631      3.429  252.54942  252.85455     0.8673     3.6584 -9.990e-29
 148.481088      3.478    16.0452  37.205887    29.0663      3.447  252.56583  252.87073     0.6183     3.5896 -9.990e-29
 148.481091      3.500    16.0410  37.203924    29.0676      3.468  252.58429  252.88898     0.6027     3.5532 -9.990e-29
 148.481094      3.523    16.0376  37.202881    29.0692      3.492  252.59868  252.90321     0.5405     3.6139 -9.990e-29
 148.481097      3.547    16.0319  37.196745    29.0696      3.516  252.62662  252.93087     0.8050     3.8767 -9.990e-29
 148.481100      3.580    16.0307  37.198586    29.0693      3.548  252.63332  252.93752     0.8361     3.8625 0.0000e+00
 148.481102      3.624    16.0294  37.195825    29.0696      3.591  252.64002  252.94417     0.8673     3.8767 0.0000e+00
 148.481105      3.662    16.0276  37.199139    29.0732      3.629  252.64164  252.94567     0.8673     3.8484 0.0000e+00
 148.481108      3.710    16.0263  37.198096    29.0732      3.677  252.64830  252.95227     0.9607     3.8929 0.0000e+00
 148.481111      3.752    16.0256  37.197421    29.0732      3.718  252.65201  252.95595     1.5210     4.0587 0.0000e+00
 148.481114      3.788    16.0252  37.196747    29.0731      3.754  252.65402  252.95794     1.5521     4.0668 0.0000e+00
 148.481117      3.817    16.0248  37.196072    29.0731      3.783  252.65603  252.95993     1.5210     4.0749 -9.990e-29
 148.481120      3.833    16.0228  37.191960    29.0704      3.799  252.67068  252.97451     1.5521     4.0547 -9.990e-29
 148.481123      3.846    16.0210  37.194477    29.0739      3.812  252.67347  252.97720     0.8984     4.0142 -9.990e-29
 148.481126      3.852    16.0192  37.192390    29.0734      3.817  252.68346  252.98710     0.7895     3.8484 -9.990e-29
 148.481128      3.859    16.0169  37.190366    29.0734      3.825  252.69515  252.99868     0.8517     3.8767 -9.990e-29
 148.481131      3.881    16.0134  37.190673    29.0779      3.846  252.70489  253.00823     1.0229     3.8606 -9.990e-29
 148.481134      3.906    16.0137  37.192637    29.0771      3.872  252.70472  253.00808     1.9334     3.7231 0.0000e+00
 148.481137      3.943    16.0140  37.191287    29.0762      3.908  252.70455  253.00793     2.8440     3.5937 0.0000e+00
 148.481140      3.983    16.0143  37.191532    29.0758      3.947  252.70455  253.00793     2.8751     3.5937 0.0000e+00
 148.481143      4.036    16.0143  37.184476    29.0739      4.000  252.71362  253.01706     2.9529     3.6139 0.0000e+00
 148.481146      4.094    16.0118  37.186747    29.0722      4.058  252.71979  253.02308     2.8751     3.6179 0.0000e+00
 148.481149      4.153    16.0091  37.182636    29.0739      4.115  252.73612  253.03930     0.5249     3.6665 0.0000e+00
 148.481152      4.207    16.0071  37.183066    29.0741      4.170  252.74296  253.04604     0.5249     3.6665 0.0000e+00
 148.481155      4.246    16.0061  37.185643    29.0759      4.208  252.74447  253.04749     0.6027     3.6584 0.0000e+00
 148.481157      4.275    16.0052  37.185153    29.0776      4.237  252.74598  253.04894     0.6805     3.6503 -9.990e-29
 148.481160      4.281    16.0038  37.186994    29.0798      4.242  252.74934  253.05222     1.1786     3.9050 -9.990e-29
 148.481163      4.273    16.0041  37.186073    29.0789      4.235  252.74982  253.05272     1.3654     3.9253 -9.990e-29
 148.481166      4.264    16.0048  37.187607    29.0797      4.226  252.74483  253.04776     1.2253     3.9536 -9.990e-29
 148.481169      4.240    16.0051  37.189018    29.0807      4.202  252.74151  253.04444     1.2564     3.9374 -9.990e-29
 148.481172      4.229    16.0059  37.189018    29.0801      4.192  252.73852  253.04150     0.7895     3.9374 -9.990e-29
 148.481175      4.235    16.0069  37.191105    29.0812      4.197  252.73152  253.03454     0.3692     3.6948 -9.990e-29
 148.481178      4.259    16.0094  37.187852    29.0784      4.221  252.72398  253.02713     0.2759     3.7231 -9.990e-29
 148.481181      4.312    16.0099  37.190000    29.0791      4.273  252.72052  253.02369     0.2603     3.7231 0.0000e+00
 148.481183      4.383    16.0103  37.192455    29.0784      4.344  252.72185  253.02508     0.2759     3.7231 0.0000e+00
 148.481186      4.467    16.0103  37.188098    29.0757      4.427  252.72185  253.02508     0.7428     3.6058 0.0000e+00
 148.481189      4.552    16.0102  37.186994    29.0757      4.512  252.72564  253.02885     0.8517     3.6018 0.0000e+00
 148.481192      4.618    16.0084  37.186258    29.0758      4.577  252.73364  253.03676     0.7895     3.6018 0.0000e+00
 148.481195      4.667    16.0068  37.184786    29.0763      4.626  252.74057  253.04361     0.8206     3.6079 0.0000e+00
 148.481198      4.693    16.0052  37.177178    29.0767      4.651  252.74750  253.05047     0.7895     3.6139 -9.990e-29
 148.481201      4.696    15.9980  37.178283    29.0764      4.654  252.78440  253.08704     0.9918     3.7069 -9.990e-29
