seaocn-cb/data/ctd_cnv/SBE19plus_01907321_2024_05_28_Cast96.cnv
* Sea-Bird SBE19plus  Data File:
* FileName = E:\Prandtl_Daten\2024\28052024\raw\SBE19plus_01907321_2024_05_28_Cast96.hex
* Software version 2.6.1.12
* Temperature SN = 7321
* Conductivity SN = 7321
* System UpLoad Time = May 28 2024 12:46:59
* <ApplicationData>
* <Seaterm232>
** 20240527
** Sea Practical 2024
** MCat 27.05 CTD_SP7
** NMEA Latitude = 54 8.36N
** NMEA Longitude = 008 20.85E
** waterdepth = 14.4m
** Maja
# nquan = 11
# nvalues = 519                         
# units = specified
# name 0 = timeJ: Julian Days
# name 1 = prdM: Pressure, Strain Gauge [db]
# name 2 = tv290C: Temperature [ITS-90, deg C]
# name 3 = c0mS/cm: Conductivity [mS/cm]
# name 4 = sal00: Salinity, Practical [PSU]
# name 5 = depSM: Depth [salt water, m], lat = 54.00
# name 6 = oxsatMm/Kg: Oxygen Saturation, Weiss [umol/kg]
# name 7 = oxsolMm/Kg: Oxygen Saturation, Garcia & Gordon [umol/kg]
# name 8 = turbWETntu0: Turbidity, WET Labs ECO [NTU]
# name 9 = flECO-AFL: Fluorescence, WET Labs ECO-AFL/FL [mg/m^3]
# name 10 = flag:  0.000e+00
# span 0 = 149.529123, 149.530622       
# span 1 =      0.577,     13.812       
# span 2 =    14.8960,    17.7270       
# span 3 =  37.139939,  37.932953       
# span 4 =    28.2822,    30.5733       
# span 5 =      0.572,     13.688       
# span 6 =  245.68578,  255.77718       
# span 7 =  246.06745,  256.01378       
# span 8 =    -4.4868,     3.7155       
# span 9 =     1.4546,     7.8355       
# span 10 = 0.0000e+00, 0.0000e+00      
# interval = seconds: 0.25
# start_time = May 28 2024 12:40:45 [Instrument's time stamp, header]
# bad_flag = -9.990e-29
*END*
 149.529123      0.577    17.7270  37.708408    28.2971      0.572  245.68578  246.06745    -3.7708     1.4546 -9.990e-29
 149.529126      0.588    17.7086  37.701746    28.3043      0.583  245.76122  246.14212    -3.9109     1.5152 -9.990e-29
 149.529129      0.607    17.6782  37.694344    28.3081      0.601  245.89878  246.27846    -3.7397     1.5193 -9.990e-29
 149.529132      0.640    17.6703  37.681019    28.3139      0.634  245.92617  246.30552    -3.8253     1.5355 0.0000e+00
 149.529135      0.681    17.6625  37.682070    28.3152      0.675  245.95356  246.33257    -3.7864     1.5516 0.0000e+00
 149.529138      0.729    17.6535  37.669056    28.3152      0.722  246.00398  246.38266    -3.8798     1.5516 0.0000e+00
 149.529141      0.793    17.6408  37.638098    28.2982      0.786  246.09264  246.47091    -3.8487     1.5516 0.0000e+00
 149.529144      0.867    17.6113  37.596489    28.2839      0.860  246.25664  246.63382    -3.8798     1.5436 0.0000e+00
 149.529146      0.946    17.5536  37.524104    28.2822      0.937  246.56532  246.94033    -4.0666     1.5476 0.0000e+00
 149.529149      1.015    17.4612  37.469874    28.2822      1.006  246.97458  247.34579    -4.0666     1.5476 0.0000e+00
 149.529152      1.077    17.4135  37.452161    28.3080      1.067  247.15969  247.52882    -4.0899     1.5517 0.0000e+00
 149.529155      1.114    17.3658  37.399323    28.3338      1.104  247.34480  247.71185    -4.1132     1.5557 -9.990e-29
 149.529158      1.128    17.2115  37.409482    28.4059      1.118  247.96565  248.32595    -4.1288     2.0086 -9.990e-29
 149.529161      1.114    17.1674  37.409179    28.4366      1.104  248.12660  248.48488    -4.0977     1.9964 -9.990e-29
 149.529164      1.064    17.1445  37.346217    28.3995      1.055  248.29930  248.65687    -4.0821     2.0450 -9.990e-29
 149.529167      1.004    17.0896  37.297492    28.3970      0.995  248.56909  248.92439    -4.1132     2.0086 -9.990e-29
 149.529170      0.924    17.0099  37.268754    28.4287      0.916  248.90167  249.25344    -3.7864     2.1865 -9.990e-29
 149.529172      0.851    16.9308  37.225352    28.4478      0.843  249.25410  249.60240    -3.8020     2.1420 -9.990e-29
 149.529175      0.822    16.8515  37.206456    28.4877      0.814  249.57258  249.91726    -3.8020     2.1258 -9.990e-29
 149.529178      0.880    16.7892  37.187746    28.5159      0.872  249.82898  250.17081    -3.9109     2.1501 -9.990e-29
 149.529181      1.002    16.7076  37.181677    28.5575      0.993  250.15764  250.49568    -3.9887     2.0369 -9.990e-29
 149.529184      1.152    16.6949  37.168675    28.5618      1.141  250.21241  250.54988    -4.0976     2.0369 0.0000e+00
 149.529187      1.292    16.6823  37.157759    28.5661      1.281  250.26719  250.60408    -4.1755     2.0369 0.0000e+00
 149.529190      1.387    16.6714  37.152241    28.5716      1.375  250.31171  250.64809    -4.1911     2.0187 0.0000e+00
 149.529193      1.436    16.6604  37.152243    28.5770      1.423  250.35624  250.69210    -4.1755     2.0005 -9.990e-29
 149.529196      1.449    16.6352  37.153164    28.5957      1.436  250.44791  250.78256    -4.2222     2.2795 -9.990e-29
 149.529198      1.435    16.6299  37.152245    28.5987      1.422  250.46910  250.80349    -4.4401     2.2714 -9.990e-29
 149.529201      1.396    16.6255  37.159299    28.6078      1.384  250.47475  250.80889    -4.2845     2.2755 -9.990e-29
 149.529204      1.347    16.6229  37.157705    28.6084      1.335  250.48697  250.82099    -4.2845     2.2755 -9.990e-29
 149.529207      1.309    16.6129  37.155804    28.6138      1.297  250.52642  250.85997    -3.5062     2.3725 -9.990e-29
 149.529210      1.303    16.5924  37.153660    28.6267      1.292  250.60563  250.93819    -3.5529     2.3846 -9.990e-29
 149.529213      1.343    16.5512  37.153662    28.6520      1.331  250.76539  251.09598    -3.5529     2.4008 -9.990e-29
 149.529216      1.422    16.5403  37.148881    28.6593      1.409  250.80696  251.13702    -3.8098     2.3664 0.0000e+00
 149.529219      1.506    16.5293  37.147534    28.6665      1.492  250.84854  251.17807    -4.0666     2.3321 0.0000e+00
 149.529222      1.577    16.5098  37.146678    28.6796      1.563  250.92194  251.25052    -4.0666     2.3321 0.0000e+00
 149.529225      1.635    16.5037  37.143184    28.6825      1.621  250.94689  251.27519    -4.0977     2.3240 0.0000e+00
 149.529227      1.678    16.4977  37.144104    28.6853      1.663  250.97185  251.29986    -4.0666     2.3321 -9.990e-29
 149.529230      1.698    16.4873  37.140609    28.6905      1.683  251.01440  251.34192    -4.4090     2.3482 -9.990e-29
 149.529233      1.701    16.4795  37.141837    28.6972      1.686  251.04173  251.36886    -4.2689     2.6192 -9.990e-29
 149.529236      1.689    16.4721  37.140611    28.7014      1.674  251.07085  251.39762    -4.3156     2.5909 -9.990e-29
 149.529239      1.669    16.4639  37.141348    28.7079      1.654  251.10009  251.42645    -4.4868     2.5747 -9.990e-29
 149.529242      1.637    16.4569  37.143434    28.7148      1.623  251.12313  251.44913    -4.4245     2.5747 -9.990e-29
 149.529245      1.626    16.4503  37.139939    28.7165      1.612  251.15257  251.47827    -4.0977     2.6111 -9.990e-29
 149.529248      1.637    16.4370  37.140001    28.7309      1.623  251.19375  251.51876    -4.0354     2.5868 -9.990e-29
 149.529251      1.688    16.4323  37.145645    28.7370      1.673  251.20676  251.53152    -3.9965     2.5767 0.0000e+00
 149.529253      1.747    16.4276  37.151841    28.7430      1.731  251.21978  251.54429    -3.9576     2.5868 0.0000e+00
 149.529256      1.814    16.4143  37.152088    28.7527      1.798  251.26865  251.59251    -3.9109     2.6475 0.0000e+00
 149.529259      1.876    16.4015  37.149759    28.7599      1.859  251.31981  251.64304    -3.8487     2.6596 0.0000e+00
 149.529262      1.931    16.3916  37.153870    28.7706      1.914  251.35068  251.67339    -3.8487     2.6596 0.0000e+00
 149.529265      1.980    16.3881  37.157122    28.7746      1.962  251.36149  251.68401    -3.8642     2.6576 0.0000e+00
 149.529268      2.022    16.3845  37.155283    28.7785      2.004  251.37230  251.69464    -3.9109     2.6556 -9.990e-29
 149.529271      2.045    16.3712  37.160927    28.7913      2.027  251.41590  251.73756    -3.9887     2.6717 -9.990e-29
 149.529274      2.054    16.3644  37.167799    28.8021      2.036  251.43125  251.75253    -3.9732     2.6515 -9.990e-29
 149.529277      2.051    16.3574  37.178046    28.8160      2.032  251.44220  251.76308    -4.0510     2.6515 -9.990e-29
 149.529280      2.052    16.3492  37.186024    28.8287      2.034  251.46069  251.78111    -4.3467     2.8092 -9.990e-29
 149.529282      2.070    16.3281  37.199464    28.8626      2.052  251.50757  251.82681    -4.2378     3.2176 -9.990e-29
 149.529285      2.096    16.3226  37.207628    28.8704      2.077  251.52107  251.84001    -4.2222     3.2176 0.0000e+00
 149.529288      2.127    16.3172  37.216714    28.8783      2.108  251.53457  251.85321    -4.2378     3.2176 0.0000e+00
 149.529291      2.156    16.3121  37.229299    28.8874      2.137  251.54428  251.86262    -4.3233     3.2176 0.0000e+00
 149.529294      2.182    16.3070  37.237221    28.8965      2.162  251.55398  251.87204    -4.4401     3.2176 -9.990e-29
 149.529297      2.195    16.2823  37.235933    28.9201      2.175  251.63599  251.95278    -4.3623     2.9386 -9.990e-29
 149.529300      2.213    16.2722  37.248521    28.9383      2.193  251.65503  251.97123    -4.3156     2.9871 -9.990e-29
 149.529303      2.237    16.2598  37.251470    28.9498      2.217  251.69670  252.01226    -4.1911     2.9669 -9.990e-29
 149.529306      2.257    16.2484  37.256507    28.9624      2.237  251.73167  252.04662    -4.2378     2.9427 -9.990e-29
 149.529308      2.286    16.2397  37.263816    28.9750      2.266  251.75311  252.06758    -4.2533     2.8941 -9.990e-29
 149.529311      2.310    16.2230  37.261053    28.9960      2.289  251.80012  252.11369    -4.3156     2.9386 -9.990e-29
 149.529314      2.346    16.2180  37.274013    29.0039      2.325  251.81144  252.12473    -4.3001     3.2075 0.0000e+00
 149.529317      2.383    16.2130  37.283904    29.0118      2.361  251.82277  252.13577    -4.2845     3.4764 0.0000e+00
 149.529320      2.423    16.1970  37.300677    29.0379      2.401  251.85725  252.16934    -4.2845     3.4764 0.0000e+00
 149.529323      2.456    16.1869  37.310879    29.0497      2.434  251.88740  252.19895    -4.3156     3.4744 0.0000e+00
 149.529326      2.483    16.1768  37.314445    29.0615      2.461  251.91755  252.22855    -4.3778     3.4522 -9.990e-29
 149.529329      2.503    16.1385  37.314079    29.0922      2.481  252.05528  252.36431    -4.1599     3.4602 -9.990e-29
 149.529332      2.521    16.1288  37.312052    29.0975      2.499  252.09436  252.40291    -4.2378     3.5371 -9.990e-29
 149.529334      2.541    16.1248  37.313773    29.1019      2.519  252.10700  252.41533    -4.3156     3.6058 -9.990e-29
 149.529337      2.560    16.1199  37.316600    29.1106      2.537  252.11640  252.42444    -4.3778     3.5411 -9.990e-29
 149.529340      2.589    16.1184  37.319673    29.1155      2.566  252.11580  252.42374    -4.1989     3.5229 0.0000e+00
 149.529343      2.623    16.1168  37.328277    29.1203      2.600  252.11640  252.42444    -4.0821     3.5047 0.0000e+00
 149.529346      2.658    16.1109  37.332765    29.1285      2.634  252.13027  252.43777    -4.0821     3.4845 0.0000e+00
 149.529349      2.689    16.1058  37.339035    29.1350      2.665  252.14465  252.45188    -4.0821     3.4684 0.0000e+00
 149.529352      2.722    16.1007  37.345675    29.1414      2.697  252.15903  252.46598    -4.0821     3.4845 -9.990e-29
 149.529355      2.747    16.0713  37.343157    29.1665      2.723  252.26272  252.56813    -4.3778     3.6543 -9.990e-29
 149.529358      2.771    16.0598  37.345248    29.1768      2.746  252.30245  252.60725    -4.3623     3.6624 -9.990e-29
 149.529361      2.791    16.0536  37.352011    29.1871      2.766  252.31525  252.61969    -4.3311     3.6786 -9.990e-29
 149.529363      2.815    16.0472  37.353241    29.1929      2.790  252.33721  252.64132    -4.2845     3.7029 -9.990e-29
 149.529366      2.833    16.0403  37.355517    29.1999      2.808  252.35969  252.66342    -4.3934     3.9010 -9.990e-29
 149.529369      2.848    16.0352  37.351214    29.2000      2.822  252.38516  252.68866    -4.4401     3.8565 -9.990e-29
 149.529372      2.870    16.0307  37.355702    29.2072      2.844  252.39540  252.69863    -4.3467     3.8444 -9.990e-29
 149.529375      2.892    16.0242  37.355334    29.2116      2.866  252.42004  252.72295    -4.2066     3.8201 -9.990e-29
 149.529378      2.912    16.0128  37.357671    29.2205      2.886  252.46156  252.76387    -4.0510     3.8120 -9.990e-29
 149.529381      2.943    16.0106  37.356012    29.2219      2.917  252.47044  252.77264    -4.0665     3.8181 0.0000e+00
 149.529384      2.972    16.0084  37.355275    29.2232      2.946  252.47933  252.78141    -4.0666     3.8120 0.0000e+00
 149.529387      3.005    16.0028  37.359641    29.2311      2.978  252.49360  252.79537    -4.0666     3.8161 0.0000e+00
 149.529389      3.032    15.9998  37.359641    29.2332      3.005  252.50475  252.80637    -4.0355     3.7898 0.0000e+00
 149.529392      3.058    15.9968  37.360749    29.2354      3.030  252.51590  252.81736    -4.0043     3.8161 -9.990e-29
 149.529395      3.080    15.9915  37.360380    29.2400      3.052  252.53473  252.83590    -4.4401     3.6382 -9.990e-29
 149.529398      3.102    15.9834  37.362532    29.2474      3.074  252.56209  252.86283    -4.4401     3.6867 -9.990e-29
 149.529401      3.133    15.9824  37.362164    29.2473      3.105  252.56734  252.86804    -4.2611     3.7453 0.0000e+00
 149.529404      3.164    15.9814  37.360320    29.2474      3.135  252.57260  252.87324    -4.1444     3.8039 0.0000e+00
 149.529407      3.196    15.9795  37.364685    29.2501      3.168  252.57290  252.87342    -4.1444     3.8161 0.0000e+00
 149.529410      3.240    15.9771  37.359890    29.2525      3.211  252.58933  252.88975    -4.1444     3.8161 0.0000e+00
 149.529413      3.278    15.9722  37.361981    29.2555      3.249  252.60433  252.90449    -4.1132     3.8323 0.0000e+00
 149.529416      3.309    15.9665  37.364257    29.2617      3.280  252.62231  252.92216    -4.1132     4.3620 0.0000e+00
 149.529418      3.340    15.9632  37.361061    29.2628      3.311  252.63705  252.93673    -4.1132     4.3701 0.0000e+00
 149.529421      3.366    15.9599  37.363337    29.2638      3.336  252.65178  252.95130    -4.1132     4.3620 -9.990e-29
 149.529424      3.384    15.9464  37.361862    29.2744      3.354  252.70108  252.99989    -4.1444     4.3741 -9.990e-29
 149.529427      3.399    15.9404  37.368626    29.2847      3.368  252.71319  253.01165    -4.1132     4.3781 -9.990e-29
 149.529430      3.415    15.9360  37.367089    29.2866      3.385  252.73213  253.03037    -4.3000     4.1760 -9.990e-29
 149.529433      3.424    15.9323  37.369979    29.2918      3.394  252.74144  253.03947    -4.3778     4.1396 -9.990e-29
 149.529436      3.444    15.9272  37.365799    29.2919      3.413  252.76674  253.06452    -4.2066     4.1921 -9.990e-29
 149.529439      3.470    15.9207  37.372502    29.3026      3.439  252.78100  253.07841    -4.1911     4.1557 -9.990e-29
 149.529442      3.490    15.9129  37.375208    29.3107      3.459  252.80602  253.10300    -3.6619     4.3418 -9.990e-29
 149.529444      3.515    15.9038  37.378899    29.3206      3.484  252.83459  253.13107    -3.8331     4.3296 -9.990e-29
 149.529447      3.539    15.8923  37.376748    29.3291      3.508  252.87763  253.17350    -3.9109     4.3094 -9.990e-29
 149.529450      3.570    15.8916  37.378900    29.3307      3.538  252.87846  253.17428    -3.9342     4.4429 0.0000e+00
 149.529453      3.600    15.8909  37.381360    29.3323      3.568  252.87928  253.17506    -3.9576     4.5075 0.0000e+00
 149.529456      3.629    15.8858  37.380070    29.3349      3.596  252.90022  253.19575    -4.0666     4.5601 0.0000e+00
 149.529459      3.658    15.8767  37.385359    29.3463      3.625  252.92636  253.22137    -4.0666     4.5601 0.0000e+00
 149.529462      3.696    15.8635  37.381979    29.3531      3.663  252.98099  253.27533    -4.0666     4.5642 0.0000e+00
 149.529465      3.725    15.8521  37.384440    29.3636      3.692  253.01968  253.31341    -4.0199     5.1747 0.0000e+00
 149.529468      3.756    15.8440  37.386840    29.3718      3.723  253.04661  253.33988    -4.0043     5.1747 0.0000e+00
 149.529470      3.786    15.8395  37.388132    29.3762      3.752  253.06156  253.35459    -4.0043     5.1909 0.0000e+00
 149.529473      3.818    15.8349  37.384627    29.3765      3.784  253.08377  253.37658    -4.0510     5.1909 0.0000e+00
 149.529476      3.849    15.8281  37.388318    29.3848      3.815  253.10398  253.39641    -4.0510     5.2111 0.0000e+00
 149.529479      3.889    15.8235  37.391393    29.3909      3.855  253.11654  253.40871    -3.8953     5.2233 0.0000e+00
 149.529482      3.924    15.8203  37.391333    29.3932      3.889  253.12830  253.42030    -3.8876     5.2354 0.0000e+00
 149.529485      3.957    15.8172  37.392933    29.3955      3.921  253.14006  253.43189    -3.8798     5.2233 -9.990e-29
 149.529488      3.979    15.8044  37.394102    29.4074      3.943  253.18388  253.47502    -3.9109     5.2394 -9.990e-29
 149.529491      3.993    15.7998  37.395825    29.4123      3.958  253.19846  253.48934    -4.0977     4.7987 -9.990e-29
 149.529494      4.002    15.7954  37.392443    29.4126      3.967  253.22016  253.51083    -4.0821     4.7866 -9.990e-29
 149.529497      4.006    15.7902  37.394780    29.4185      3.970  253.23587  253.52626    -4.1132     4.7785 -9.990e-29
 149.529499      4.010    15.7856  37.396441    29.4234      3.974  253.25083  253.54095    -3.9732     4.8270 -9.990e-29
