seaocn-cb/data/ctd_cnv/SBE19plus_01907321_2024_05_30_Cast115.cnv
* Sea-Bird SBE19plus  Data File:
* FileName = E:\Prandtl_Daten\2024\30052024\raw\SBE19plus_01907321_2024_05_30_Cast115.hex
* Software version 2.6.1.12
* Temperature SN = 7321
* Conductivity SN = 7321
* System UpLoad Time = May 30 2024 09:52:38
* <ApplicationData>
* <Seaterm232>
** 20240530
** Sea Practical 2024
** MCat 30.05 CTD_SP6
** NMEA Latitude = 54 08.054N
** NMEA Longitude = 008 22.968E
** waterdepth = 10.3m
** Isabelle
# nquan = 11
# nvalues = 374                         
# units = specified
# name 0 = timeJ: Julian Days
# name 1 = prdM: Pressure, Strain Gauge [db]
# name 2 = tv290C: Temperature [ITS-90, deg C]
# name 3 = c0mS/cm: Conductivity [mS/cm]
# name 4 = sal00: Salinity, Practical [PSU]
# name 5 = depSM: Depth [salt water, m], lat = 54.00
# name 6 = oxsatMm/Kg: Oxygen Saturation, Weiss [umol/kg]
# name 7 = oxsolMm/Kg: Oxygen Saturation, Garcia & Gordon [umol/kg]
# name 8 = turbWETntu0: Turbidity, WET Labs ECO [NTU]
# name 9 = flECO-AFL: Fluorescence, WET Labs ECO-AFL/FL [mg/m^3]
# name 10 = flag:  0.000e+00
# span 0 = 151.408134, 151.409213       
# span 1 =      0.321,      9.671       
# span 2 =    15.8639,    16.5885       
# span 3 =  36.797994,  37.257685       
# span 4 =    28.3666,    29.2420       
# span 5 =      0.319,      9.585       
# span 6 =  251.05370,  253.17509       
# span 7 =  251.38774,  253.47028       
# span 8 =    -3.3662,    30.6572       
# span 9 =     1.2201,     4.7825       
# span 10 = 0.0000e+00, 0.0000e+00      
# interval = seconds: 0.25
# start_time = May 30 2024 09:46:38 [Instrument's time stamp, header]
# bad_flag = -9.990e-29
*END*
[from data line 132]
 151.408516      3.712    16.2520  36.905066    28.6584      3.679  252.23649  252.55360    -1.4051     2.9912 0.0000e+00
 151.408519      3.756    16.2506  36.910939    28.6621      3.722  252.23958  252.55663    -1.4673     2.9912 0.0000e+00
 151.408521      3.796    16.2497  36.911307    28.6631      3.762  252.23826  252.55527    -1.4673     2.9952 0.0000e+00
 151.408524      3.842    16.2491  36.913632    28.6655      3.807  252.23826  252.55527    -1.4829     3.0195 0.0000e+00
 151.408527      3.884    16.2475  36.925135    28.6766      3.849  252.23451  252.55114    -1.6074     3.0599 0.0000e+00
 151.408530      3.929    16.2434  36.930581    28.6842      3.894  252.23451  252.55114    -1.6385     3.0842 0.0000e+00
 151.408533      3.975    16.2384  36.933274    28.6901      3.940  252.24917  252.56553    -1.6852     3.0842 0.0000e+00
 151.408536      4.015    16.2364  36.931806    28.6909      3.979  252.25763  252.57390    -1.6619     3.0903 0.0000e+00
 151.408539      4.054    16.2345  36.934866    28.6916      4.017  252.26609  252.58227    -1.6852     3.0963 -9.990e-29
 151.408542      4.077    16.2322  36.935111    28.6961      4.041  252.26994  252.58598    -1.4362     3.0923 -9.990e-29
 151.408545      4.094    16.2313  36.933337    28.6952      4.057  252.27589  252.59189    -1.2806     3.0842 -9.990e-29
 151.408547      4.092    16.2300  36.933031    28.6959      4.056  252.28115  252.59709    -1.5296     3.0842 -9.990e-29
 151.408550      4.094    16.2298  36.937376    28.6998      4.057  252.27530  252.59121    -1.4051     3.0518 -9.990e-29
 151.408553      4.092    16.2302  36.942578    28.7040      4.056  252.26637  252.58227    -1.3739     3.0599 -9.990e-29
 151.408556      4.092    16.2284  36.950473    28.7121      4.056  252.26126  252.57702    -1.3273     3.0599 -9.990e-29
 151.408559      4.096    16.2250  36.958369    28.7213      4.059  252.26216  252.57770    -1.3428     3.0357 -9.990e-29
 151.408562      4.109    16.2206  36.958553    28.7247      4.072  252.27841  252.59373    -1.4362     2.9588 -9.990e-29
 151.408565      4.124    16.2137  36.959962    28.7426      4.087  252.28197  252.59686    -1.4206     2.9548 -9.990e-29
 151.408568      4.153    16.2118  36.973552    28.7430      4.116  252.29068  252.60547    -1.4129     2.9649 0.0000e+00
 151.408571      4.195    16.2100  36.971349    28.7434      4.157  252.29938  252.61408    -1.4206     2.9750 0.0000e+00
 151.408573      4.240    16.2069  36.973553    28.7456      4.202  252.30753  252.62207    -1.4051     2.9790 0.0000e+00
 151.408576      4.284    16.2055  36.970248    28.7468      4.245  252.31787  252.63236    -1.4518     3.2298 0.0000e+00
 151.408579      4.322    16.2040  36.970370    28.7468      4.283  252.32312  252.63753    -1.4518     3.2298 0.0000e+00
 151.408582      4.357    16.2036  36.971962    28.7478      4.318  252.32344  252.63783    -1.4674     3.2196 0.0000e+00
 151.408585      4.384    16.2032  36.976309    28.7487      4.345  252.32377  252.63813    -1.4518     3.2014 -9.990e-29
 151.408588      4.402    16.2027  36.976493    28.7530      4.363  252.31916  252.63347    -0.9693     3.2661 -9.990e-29
 151.408591      4.420    16.2016  36.979860    28.7567      4.381  252.31807  252.63231    -0.8759     3.2702 -9.990e-29
 151.408594      4.431    16.2003  36.983840    28.7610      4.392  252.31696  252.63111    -0.9693     3.2985 -9.990e-29
 151.408597      4.449    16.1978  36.994372    28.7720      4.410  252.31092  252.62487    -0.9381     3.2742 -9.990e-29
 151.408600      4.464    16.1883  37.001599    28.7887      4.424  252.32922  252.64263    -1.0160     2.9305 -9.990e-29
 151.408602      4.493    16.1856  37.005886    28.7941      4.453  252.33350  252.64675    -0.9927     2.9224 0.0000e+00
 151.408605      4.526    16.1829  37.013849    28.7995      4.486  252.33778  252.65087    -0.9693     2.9143 0.0000e+00
 151.408608      4.566    16.1774  37.026651    28.8145      4.525  252.33914  252.65188    -0.8603     2.9143 0.0000e+00
 151.408611      4.613    16.1714  37.032655    28.8240      4.572  252.35271  252.66511    -0.8603     3.0033 0.0000e+00
 151.408614      4.665    16.1654  37.041049    28.8356      4.623  252.36272  252.67476    -0.7825     3.0437 0.0000e+00
 151.408617      4.714    16.1608  37.038538    28.8368      4.672  252.38386  252.69568    -0.8759     3.0518 0.0000e+00
 151.408620      4.758    16.1580  37.038783    28.8390      4.715  252.39359  252.70515    -0.9381     3.0518 0.0000e+00
 151.408623      4.796    16.1562  37.043501    28.8444      4.753  252.39401  252.70569    -0.9381     3.0518 0.0000e+00
 151.408626      4.823    16.1555  37.043134    28.8447      4.780  252.39627  252.70780    -0.9304     3.1024 0.0000e+00
 151.408628      4.849    16.1549  37.042399    28.8450      4.806  252.39895  252.71045    -0.9226     3.1651 -9.990e-29
 151.408631      4.865    16.1527  37.042705    28.8462      4.822  252.40800  252.71939    -0.9226     3.1812 -9.990e-29
 151.408634      4.871    16.1520  37.048771    28.8519      4.827  252.40136  252.71268    -0.9226     3.1691 -9.990e-29
 151.408637      4.871    16.1504  37.051222    28.8552      4.827  252.40370  252.71492    -1.2961     3.2055 -9.990e-29
 151.408640      4.867    16.1484  37.052203    28.8575      4.824  252.41003  252.72114    -1.1405     3.2176 -9.990e-29
 151.408643      4.869    16.1463  37.056921    28.8631      4.826  252.41078  252.72176    -1.1405     3.2378 -9.990e-29
 151.408646      4.875    16.1436  37.059617    28.8674      4.831  252.41665  252.72747    -1.1405     3.2581 -9.990e-29
 151.408649      4.885    16.1404  37.067768    28.8767      4.842  252.41648  252.72710    -1.0004     3.0963 -9.990e-29
 151.408652      4.898    16.1363  37.064153    28.8766      4.854  252.43744  252.74787    -1.0160     3.1367 -9.990e-29
 151.408655      4.918    16.1310  37.074756    28.8913      4.874  252.43859  252.74867    -0.9537     3.1206 -9.990e-29
 151.408657      4.946    16.1298  37.076656    28.8928      4.901  252.44175  252.75177    -0.9459     3.0943 0.0000e+00
 151.408660      4.975    16.1287  37.078250    28.8943      4.930  252.44490  252.75486    -0.9537     3.0680 0.0000e+00
 151.408663      5.006    16.1269  37.079047    28.8963      4.961  252.44945  252.75920    -0.9381     3.0518 0.0000e+00
 151.408666      5.050    16.1254  37.083460    28.9012      5.005  252.45032  252.76018    -0.9070     3.0397 0.0000e+00
 151.408669      5.092    16.1238  37.084503    28.9032      5.046  252.45390  252.76357    -0.8759     3.0397 0.0000e+00
 151.408672      5.137    16.1220  37.084380    28.9044      5.091  252.46099  252.77056    -0.8759     3.0518 0.0000e+00
 151.408675      5.188    16.1209  37.086403    28.9070      5.142  252.46219  252.77169    -0.9226     3.0518 0.0000e+00
 151.408678      5.228    16.1192  37.089223    28.9106      5.182  252.46429  252.77369    -0.9226     3.0154 0.0000e+00
 151.408681      5.269    16.1173  37.088672    28.9115      5.221  252.47201  252.78132    -0.8759     3.0154 0.0000e+00
 151.408683      5.301    16.1161  37.088918    28.9126      5.254  252.47580  252.78501    -0.8759     3.0357 0.0000e+00
 151.408686      5.338    16.1157  37.090573    28.9144      5.290  252.47580  252.78501    -0.8292     3.2176 0.0000e+00
 151.408689      5.369    16.1157  37.092105    28.9150      5.321  252.47436  252.78357    -0.8136     3.2298 0.0000e+00
 151.408692      5.395    16.1157  37.090328    28.9156      5.346  252.47293  252.78214    -0.8292     3.2176 -9.990e-29
 151.408695      5.418    16.1141  37.088244    28.9134      5.370  252.48470  252.79385    -0.9537     3.2581 -9.990e-29
 151.408698      5.438    16.1125  37.097991    28.9230      5.390  252.47615  252.78516    -0.5490     3.2055 -9.990e-29
 151.408701      5.462    16.1111  37.097930    28.9240      5.413  252.48164  252.79058    -0.5490     3.2378 -9.990e-29
 151.408704      5.484    16.1092  37.101854    28.9287      5.435  252.48297  252.79179    -0.7047     3.2419 -9.990e-29
 151.408707      5.502    16.1062  37.101180    28.9303      5.453  252.49505  252.80372    -0.6269     3.2055 -9.990e-29
 151.408709      5.526    16.1033  37.106391    28.9370      5.477  252.49835  252.80684    -0.4557     3.2257 -9.990e-29
 151.408712      5.540    16.1009  37.111848    28.9434      5.491  252.49918  252.80751    -0.4401     3.4966 -9.990e-29
 151.408715      5.546    16.0977  37.113320    28.9470      5.496  252.50894  252.81710    -0.4401     3.4602 -9.990e-29
 151.408718      5.553    16.0944  37.116448    28.9521      5.504  252.51653  252.82451    -0.4245     3.4683 -9.990e-29
 151.408721      5.557    16.0920  37.117858    28.9551      5.507  252.52339  252.83124    -0.4712     3.4926 -9.990e-29
 151.408724      5.561    16.0909  37.123009    28.9603      5.511  252.51989  252.82764     0.0891     3.0518 -9.990e-29
 151.408727      5.572    16.0886  37.123684    28.9626      5.522  252.52755  252.83518     0.0424     3.0357 -9.990e-29
 151.408730      5.586    16.0854  37.127670    28.9684      5.536  252.53356  252.84100     0.0580     3.0397 -9.990e-29
 151.408733      5.601    16.0807  37.125279    28.9722      5.551  252.55057  252.85777    -0.9848     3.2702 -9.990e-29
 151.408736      5.626    16.0800  37.128100    28.9736      5.576  252.55165  252.85881    -0.9382     3.2945 0.0000e+00
 151.408738      5.661    16.0793  37.130063    28.9749      5.610  252.55231  252.85936    -0.8915     3.3066 0.0000e+00
 151.408741      5.703    16.0784  37.132761    28.9779      5.652  252.55273  252.85985    -0.8915     3.3066 0.0000e+00
 151.408744      5.759    16.0760  37.132639    28.9794      5.708  252.56118  252.86812    -0.8292     3.3066 0.0000e+00
 151.408747      5.822    16.0738  37.134847    28.9830      5.770  252.56628  252.87309     0.5249     3.1489 0.0000e+00
 151.408750      5.880    16.0708  37.135891    28.9861      5.827  252.57611  252.88275     0.6183     3.1489 0.0000e+00
 151.408753      5.937    16.0677  37.140552    28.9923      5.883  252.58052  252.88698     0.6183     3.1691 0.0000e+00
 151.408756      5.986    16.0650  37.141657    28.9952      5.932  252.58905  252.89537     0.5093     3.1731 0.0000e+00
 151.408759      6.024    16.0637  37.141105    28.9959      5.970  252.59425  252.90051     0.1825     3.1812 0.0000e+00
 151.408762      6.055    16.0625  37.143498    28.9966      6.001  252.59945  252.90564    -0.1444     3.1893 -9.990e-29
 151.408764      6.079    16.0567  37.152208    29.0104      6.024  252.60467  252.91050    -0.6424     2.9750 -9.990e-29
 151.408767      6.099    16.0516  37.151656    29.0136      6.044  252.62432  252.92989    -0.7202     2.9588 -9.990e-29
 151.408770      6.113    16.0467  37.155092    29.0202      6.059  252.63769  252.94298    -0.5957     2.9993 -9.990e-29
 151.408773      6.124    16.0429  37.153927    29.0220      6.070  252.65377  252.95887    -0.1599     3.0842 -9.990e-29
 151.408776      6.130    16.0404  37.151658    29.0218      6.075  252.66642  252.97141    -0.1599     3.1125 -9.990e-29
 151.408779      6.139    16.0389  37.152640    29.0238      6.084  252.67063  252.97553    -0.0977     3.1044 -9.990e-29
 151.408782      6.155    16.0381  37.157363    29.0284      6.100  252.66655  252.97138    -0.1132     3.1287 -9.990e-29
 151.408785      6.166    16.0373  37.159203    29.0306      6.111  252.66678  252.97157    -1.2183     3.2500 -9.990e-29
 151.408788      6.177    16.0354  37.161289    29.0338      6.122  252.67083  252.97550    -1.0782     3.2298 -9.990e-29
 151.408791      6.179    16.0332  37.162823    29.0367      6.124  252.67659  252.98114    -0.9848     3.2257 -9.990e-29
 151.408793      6.183    16.0317  37.161965    29.0371      6.127  252.68355  252.98803    -1.1405     3.2823 -9.990e-29
 151.408796      6.181    16.0307  37.162394    29.0382      6.126  252.68678  252.99120    -0.3778     3.1651 -9.990e-29
 151.408799      6.186    16.0309  37.165768    29.0410      6.131  252.68084  252.98525    -0.3156     3.1853 -9.990e-29
 151.408802      6.203    16.0310  37.164173    29.0364      6.147  252.68837  252.99283    -0.5179     3.1812 -9.990e-29
 151.408805      6.234    16.0311  37.160554    29.0379      6.178  252.68552  252.98997    -0.4168     3.1731 0.0000e+00
 151.408808      6.278    16.0310  37.164174    29.0394      6.222  252.68268  252.98711    -0.3156     3.1651 0.0000e+00
 151.408811      6.321    16.0307  37.167180    29.0423      6.265  252.68268  252.98711    -0.1444     3.0033 0.0000e+00
 151.408814      6.376    16.0295  37.166567    29.0426      6.319  252.68512  252.98946    -0.0666     2.9750 0.0000e+00
 151.408817      6.437    16.0278  37.166260    29.0436      6.379  252.69188  252.99613    -0.0666     2.9912 0.0000e+00
 151.408819      6.495    16.0251  37.168040    29.0471      6.437  252.69939  253.00349    -0.0666     2.9912 0.0000e+00
 151.408822      6.550    16.0219  37.173071    29.0538      6.491  252.70381  253.00772     0.0424     3.0963 0.0000e+00
 151.408825      6.606    16.0178  37.175342    29.0587      6.547  252.71566  253.01934     0.0580     3.0963 0.0000e+00
 151.408828      6.650    16.0115  37.175036    29.0630      6.591  252.73970  253.04306     0.0891     3.0923 0.0000e+00
 151.408831      6.687    16.0081  37.180375    29.0679      6.627  252.74868  253.05185     0.0891     3.0842 0.0000e+00
 151.408834      6.716    16.0046  37.178290    29.0727      6.656  252.75766  253.06063     0.0891     3.0923 -9.990e-29
 151.408837      6.738    15.9942  37.179579    29.0796      6.678  252.79794  253.10038    -0.2378     3.4400 -9.990e-29
 151.408840      6.758    15.9913  37.182647    29.0844      6.698  252.80408  253.10635    -0.1599     3.3915 -9.990e-29
 151.408843      6.773    15.9884  37.186329    29.0897      6.712  252.80959  253.11169    -0.1599     3.4158 -9.990e-29
 151.408845      6.783    15.9846  37.185839    29.0921      6.723  252.82464  253.12654    -0.1444     3.2338 -9.990e-29
 151.408848      6.789    15.9807  37.187005    29.0960      6.728  252.83750  253.13919    -0.1132     3.2176 -9.990e-29
 151.408851      6.793    15.9784  37.188294    29.0987      6.732  252.84391  253.14548    -0.2066     3.2419 -9.990e-29
 151.408854      6.787    15.9772  37.190872    29.1019      6.727  252.84481  253.14629    -0.3000     3.2419 -9.990e-29
 151.408857      6.785    15.9775  37.190688    29.1015      6.725  252.84389  253.14539    -0.0666     3.2500 -9.990e-29
 151.408860      6.789    15.9778  37.188601    29.0994      6.728  252.84583  253.14736     0.8362     3.3389 -9.990e-29
 151.408863      6.798    15.9779  37.187435    29.0983      6.737  252.84699  253.14854     0.8829     3.3591 -9.990e-29
 151.408866      6.807    15.9782  37.191547    29.1017      6.746  252.83993  253.14146     0.8517     3.3308 -9.990e-29
 151.408869      6.822    15.9777  37.187190    29.0983      6.761  252.84827  253.14980     0.8517     3.3551 -9.990e-29
 151.408872      6.845    15.9772  37.187865    29.0992      6.784  252.84906  253.15056     0.3381     2.9912 -9.990e-29
 151.408874      6.865    15.9752  37.188356    29.0997      6.804  252.85849  253.15990     0.2914     2.9831 -9.990e-29
 151.408877      6.898    15.9747  37.186761    29.0998      6.836  252.86080  253.16218     0.4003     2.9771 0.0000e+00
 151.408880      6.931    15.9742  37.186086    29.0998      6.869  252.86310  253.16446     0.2914     2.9831 0.0000e+00
 151.408883      6.977    15.9729  37.188357    29.1019      6.914  252.86479  253.16606     0.1358     3.2298 0.0000e+00
 151.408886      7.023    15.9717  37.186332    29.1028      6.960  252.87232  253.17355     0.1358     3.2298 0.0000e+00
 151.408889      7.077    15.9711  37.187867    29.1032      7.014  252.87243  253.17362     0.1358     3.2540 0.0000e+00
