seaocn-cb/data/ctd_cnv/SBE19plus_01907321_2024_05_23_Cast27.cnv
* Sea-Bird SBE19plus  Data File:
* FileName = E:\Prandtl_Daten\2024\CTD\raw\SBE19plus_01907321_2024_05_23_Cast27.hex
* Software version 2.6.1.12
* Temperature SN = 7321
* Conductivity SN = 7321
* System UpLoad Time = May 23 2024 09:52:19
* <ApplicationData>
* <Seaterm232>
** 20240522
** Sea Practical 2024
** MCat 23.05 CTD_NP7
** NMEA Latitude = 054 12.04N
** NMEA Longitude = 008 22.05E
** waterdepth = 14.3m
** Arved
# nquan = 11
# nvalues = 460                         
# units = specified
# name 0 = timeJ: Julian Days
# name 1 = prdM: Pressure, Strain Gauge [db]
# name 2 = tv290C: Temperature [ITS-90, deg C]
# name 3 = c0mS/cm: Conductivity [mS/cm]
# name 4 = sal00: Salinity, Practical [PSU]
# name 5 = depSM: Depth [salt water, m], lat = 54.00
# name 6 = oxsatMm/Kg: Oxygen Saturation, Weiss [umol/kg]
# name 7 = oxsolMm/Kg: Oxygen Saturation, Garcia & Gordon [umol/kg]
# name 8 = turbWETntu0: Turbidity, WET Labs ECO [NTU]
# name 9 = flECO-AFL: Fluorescence, WET Labs ECO-AFL/FL [mg/m^3]
# name 10 = flag:  0.000e+00
# span 0 = 144.406736, 144.408064       
# span 1 =      0.576,     13.442       
# span 2 =    13.7529,    14.0239       
# span 3 =  36.878261,  36.941239       
# span 4 =    30.3649,    30.5501       
# span 5 =      0.571,     13.321       
# span 6 =  260.71331,  261.83794       
# span 7 =  260.90412,  262.01160       
# span 8 =    -4.8136,    -2.4167       
# span 9 =     3.0599,     6.6830       
# span 10 = 0.0000e+00, 0.0000e+00      
# interval = seconds: 0.25
# start_time = May 23 2024 09:44:17 [Instrument's time stamp, header]
# bad_flag = -9.990e-29
*END*
[from data line 394]
 144.407876     11.766    13.7674  36.902640    30.5297     11.661  261.79116  261.96581    -3.3039     6.5172 -9.990e-29
 144.407879     11.771    13.7677  36.901967    30.5289     11.666  261.79112  261.96579    -3.7397     5.9996 -9.990e-29
 144.407882     11.777    13.7680  36.900621    30.5275     11.672  261.79250  261.96720    -3.6774     5.9390 -9.990e-29
 144.407885     11.775    13.7681  36.902395    30.5290     11.670  261.78896  261.96365    -3.9265     5.9835 -9.990e-29
 144.407888     11.777    13.7681  36.903802    30.5303     11.672  261.78661  261.96129    -3.8953     5.9996 -9.990e-29
 144.407891     11.780    13.7681  36.903557    30.5300     11.675  261.78702  261.96170    -3.5685     6.0077 -9.990e-29
 144.407894     11.793    13.7682  36.902640    30.5291     11.688  261.78827  261.96296    -3.6152     6.0563 -9.990e-29
 144.407896     11.815    13.7684  36.902456    30.5279     11.709  261.78927  261.96399    -3.5218     6.0077 -9.990e-29
 144.407899     11.852    13.7685  36.901539    30.5284     11.746  261.78808  261.96280    -3.4751     6.0764 0.0000e+00
 144.407902     11.899    13.7685  36.902640    30.5279     11.793  261.78927  261.96399    -3.4751     6.1452 0.0000e+00
 144.407905     11.957    13.7685  36.899949    30.5283     11.850  261.79014  261.96484    -3.4284     6.1573 0.0000e+00
 144.407908     12.019    13.7681  36.901784    30.5264     11.912  261.79171  261.96644    -3.4751     6.1573 0.0000e+00
 144.407911     12.089    13.7681  36.899582    30.5283     11.981  261.79014  261.96484    -3.5529     6.1452 0.0000e+00
 144.407914     12.162    13.7682  36.903131    30.5283     12.053  261.78782  261.96254    -3.6463     6.1290 0.0000e+00
 144.407917     12.231    13.7686  36.902213    30.5283     12.122  261.78782  261.96254    -3.6619     5.8541 0.0000e+00
 144.407920     12.304    13.7689  36.901296    30.5272     12.194  261.78812  261.96288    -3.6463     5.8339 0.0000e+00
 144.407922     12.359    13.7689  36.900868    30.5266     12.248  261.78824  261.96299    -3.5529     5.8298 0.0000e+00
 144.407925     12.401    13.7690  36.900195    30.5264     12.290  261.78899  261.96375    -3.4985     5.8137 0.0000e+00
 144.407928     12.428    13.7689  36.901724    30.5261     12.317  261.78985  261.96461    -3.5529     5.7975 -9.990e-29
 144.407931     12.443    13.7690  36.901113    30.5268     12.331  261.78805  261.96282    -2.9771     6.2908 -9.990e-29
 144.407934     12.443    13.7686  36.900195    30.5263     12.331  261.79104  261.96579    -3.1483     6.2746 -9.990e-29
 144.407937     12.430    13.7678  36.903254    30.5297     12.319  261.78912  261.96379    -2.9148     6.2989 -9.990e-29
 144.407940     12.412    13.7656  36.907414    30.5353     12.301  261.79089  261.96538    -2.7747     6.0522 -9.990e-29
 144.407943     12.384    13.7625  36.909433    30.5397     12.273  261.79972  261.97398    -2.7436     6.0401 -9.990e-29
 144.407946     12.362    13.7600  36.910596    30.5428     12.252  261.80765  261.98174    -2.8681     6.0765 -9.990e-29
 144.407948     12.340    13.7586  36.910106    30.5434     12.230  261.81397  261.98798    -2.8059     6.0158 -9.990e-29
 144.407951     12.326    13.7574  36.912125    30.5462     12.215  261.81525  261.98915    -2.9615     5.6438 -9.990e-29
 144.407954     12.328    13.7564  36.911024    30.5460     12.217  261.82116  261.99501    -2.9615     5.6762 -9.990e-29
 144.407957     12.340    13.7561  36.912370    30.5475     12.230  261.82008  261.99390    -3.1950     5.6681 -9.990e-29
 144.407960     12.368    13.7558  36.911024    30.5469     12.257  261.82282  261.99663    -3.0393     5.7570 -9.990e-29
 144.407963     12.410    13.7555  36.911453    30.5481     12.299  261.82246  261.99624    -3.0860     6.0360 0.0000e+00
 144.407966     12.461    13.7551  36.913472    30.5492     12.349  261.82282  261.99663    -3.0549     6.2665 0.0000e+00
 144.407969     12.530    13.7539  36.913411    30.5501     12.418  261.82690  262.00057    -3.0549     6.3029 0.0000e+00
 144.407972     12.605    13.7533  36.913718    30.5501     12.492  261.82905  262.00268    -3.0549     6.2948 0.0000e+00
 144.407975     12.685    13.7531  36.911944    30.5494     12.571  261.83281  262.00644    -3.0549     6.2948 0.0000e+00
 144.407977     12.763    13.7530  36.911883    30.5494     12.649  261.83294  262.00657    -3.1483     5.8905 0.0000e+00
 144.407980     12.842    13.7529  36.912128    30.5493     12.727  261.83332  262.00694    -3.1483     5.8905 0.0000e+00
 144.407983     12.904    13.7529  36.911027    30.5486     12.788  261.83520  262.00883    -3.1483     5.8945 0.0000e+00
 144.407986     12.960    13.7530  36.908886    30.5475     12.844  261.83657  262.01022    -3.1716     5.9086 0.0000e+00
 144.407989     13.008    13.7531  36.911027    30.5464     12.891  261.83794  262.01160    -3.2572     5.9228 -9.990e-29
 144.407992     13.031    13.7533  36.909436    30.5467     12.915  261.83620  262.00987    -3.2416     6.3353 -9.990e-29
 144.407995     13.048    13.7535  36.911027    30.5481     12.931  261.83297  262.00664    -3.2728     6.3272 -9.990e-29
 144.407998     13.050    13.7534  36.910782    30.5479     12.933  261.83367  262.00733    -2.9926     6.3110 -9.990e-29
 144.408001     13.031    13.7534  36.911272    30.5484     12.915  261.83284  262.00650    -2.4167     5.9996 -9.990e-29
 144.408003     13.002    13.7532  36.910171    30.5475     12.886  261.83553  262.00919    -2.6813     5.9228 -9.990e-29
 144.408006     12.975    13.7535  36.910354    30.5475     12.859  261.83405  262.00772    -2.5413     5.8945 -9.990e-29
 144.408009     12.949    13.7534  36.909681    30.5469     12.833  261.83544  262.00912    -2.5724     5.9269 -9.990e-29
 144.408012     12.938    13.7536  36.909314    30.5464     12.823  261.83518  262.00887    -2.6658     5.8824 -9.990e-29
 144.408015     12.946    13.7540  36.909191    30.5460     12.830  261.83393  262.00765    -3.0860     5.7611 -9.990e-29
 144.408018     12.964    13.7547  36.910354    30.5475     12.848  261.82757  262.00131    -3.4595     5.6519 -9.990e-29
 144.408021     12.995    13.7549  36.911455    30.5470     12.879  261.82772  262.00147    -3.3895     5.6701 0.0000e+00
 144.408024     13.035    13.7550  36.910599    30.5466     12.918  261.82757  262.00131    -3.3195     5.6883 0.0000e+00
 144.408027     13.077    13.7550  36.910782    30.5466     12.960  261.82729  262.00106    -3.1171     6.1129 0.0000e+00
 144.408030     13.117    13.7550  36.911211    30.5466     13.000  261.82729  262.00106    -3.0082     6.1129 0.0000e+00
 144.408032     13.159    13.7550  36.910110    30.5466     13.041  261.82798  262.00174    -2.9070     6.1109 0.0000e+00
 144.408035     13.197    13.7549  36.911700    30.5461     13.079  261.82905  262.00282    -2.8059     6.1048 -9.990e-29
 144.408038     13.212    13.7547  36.910599    30.5466     13.094  261.82885  262.00261    -3.1638     6.2625 -9.990e-29
 144.408041     13.236    13.7543  36.911028    30.5459     13.117  261.83247  262.00620    -3.1016     6.2787 -9.990e-29
 144.408044     13.265    13.7545  36.909498    30.5452     13.146  261.83272  262.00647    -3.0782     6.2949 0.0000e+00
 144.408047     13.292    13.7547  36.908336    30.5454     13.173  261.83247  262.00620    -3.1016     6.3110 0.0000e+00
 144.408050     13.332    13.7551  36.909682    30.5446     13.213  261.83247  262.00630    -3.2105     6.3110 0.0000e+00
 144.408053     13.365    13.7554  36.906929    30.5438     13.246  261.82901  262.00280    -3.2105     6.2625 0.0000e+00
 144.408056     13.400    13.7556  36.908520    30.5433     13.280  261.83042  262.00426    -3.2572     6.2302 0.0000e+00
 144.408058     13.425    13.7558  36.907174    30.5438     13.305  261.82838  262.00222    -3.1794     6.1978 -9.990e-29
 144.408061     13.438    13.7568  36.906929    30.5415     13.318  261.82699  262.00091    -3.3195     6.2787 -9.990e-29
 144.408064     13.442    13.7573  36.908764    30.5428     13.321  261.82190  261.99583    -2.8837     6.0077 -9.990e-29
