seaocn-cb/data/ctd_cnv/SBE19plus_01907321_2024_05_26_Cast63.cnv
* Sea-Bird SBE19plus  Data File:
* FileName = E:\Prandtl_Daten\2024\26052024\raw\SBE19plus_01907321_2024_05_26_Cast63.hex
* Software version 2.6.1.12
* Temperature SN = 7321
* Conductivity SN = 7321
* System UpLoad Time = May 26 2024 12:17:22
* <ApplicationData>
* <Seaterm232>
** 20240526
** Sea Practical 2024
** MCat 26.05 CTD_FS2
** NMEA Latitude = 054 4.76N
** NMEA Longitude = 008 30.05E
** waterdepth =13m
** Andreas
# nquan = 11
# nvalues = 401                         
# units = specified
# name 0 = timeJ: Julian Days
# name 1 = prdM: Pressure, Strain Gauge [db]
# name 2 = tv290C: Temperature [ITS-90, deg C]
# name 3 = c0mS/cm: Conductivity [mS/cm]
# name 4 = sal00: Salinity, Practical [PSU]
# name 5 = depSM: Depth [salt water, m], lat = 54.00
# name 6 = oxsatMm/Kg: Oxygen Saturation, Weiss [umol/kg]
# name 7 = oxsolMm/Kg: Oxygen Saturation, Garcia & Gordon [umol/kg]
# name 8 = turbWETntu0: Turbidity, WET Labs ECO [NTU]
# name 9 = flECO-AFL: Fluorescence, WET Labs ECO-AFL/FL [mg/m^3]
# name 10 = flag:  0.000e+00
# span 0 = 147.507957, 147.509115       
# span 1 =      1.204,     11.919       
# span 2 =    15.0332,    15.1958       
# span 3 =  37.339907,  37.433174       
# span 4 =    29.8838,    29.9482       
# span 5 =      1.193,     11.813       
# span 6 =  255.42238,  256.17761       
# span 7 =  255.67990,  256.42653       
# span 8 =    -3.5841,     4.4938       
# span 9 =     3.3794,     8.4218       
# span 10 = 0.0000e+00, 0.0000e+00      
# interval = seconds: 0.25
# start_time = May 26 2024 12:10:03 [Instrument's time stamp, header]
# bad_flag = -9.990e-29
*END*
[from data line 132]
 147.508339      4.758    15.0944  37.360003    29.9116      4.716  255.91502  256.16725    -2.6658     6.3878 -9.990e-29
 147.508342      4.753    15.0949  37.357728    29.9092      4.710  255.91681  256.16909    -2.7592     6.9903 -9.990e-29
 147.508345      4.745    15.0928  37.356745    29.9099      4.703  255.92627  256.17844    -2.7592     6.9620 -9.990e-29
 147.508348      4.742    15.0906  37.355208    29.9103      4.699  255.93719  256.18923    -2.7747     7.0025 -9.990e-29
 147.508351      4.734    15.0883  37.352196    29.9094      4.692  255.95070  256.20264    -2.6969     6.9620 -9.990e-29
 147.508354      4.731    15.0849  37.350168    29.9102      4.689  255.96679  256.21854    -2.7125     6.9903 -9.990e-29
 147.508356      4.736    15.0815  37.350845    29.9133      4.694  255.97835  256.22991    -2.9926     6.9297 -9.990e-29
 147.508359      4.736    15.0791  37.348632    29.9132      4.694  255.99121  256.24264    -2.9771     6.9459 -9.990e-29
 147.508362      4.735    15.0766  37.345559    29.9124      4.692  256.00541  256.25672    -2.8837     6.9176 -9.990e-29
 147.508365      4.736    15.0744  37.344945    29.9135      4.694  256.01488  256.26607    -3.0860     6.9459 -9.990e-29
 147.508368      4.736    15.0732  37.347403    29.9166      4.694  256.01543  256.26654    -2.9148     6.5496 -9.990e-29
 147.508371      4.738    15.0729  37.346666    29.9162      4.696  256.01776  256.26886    -2.9148     6.5213 -9.990e-29
 147.508374      4.740    15.0727  37.343961    29.9140      4.698  256.02288  256.27398    -3.0082     6.5455 -9.990e-29
 147.508377      4.744    15.0720  37.346666    29.9169      4.701  256.02129  256.27233    -2.9459     6.5375 -9.990e-29
 147.508380      4.749    15.0720  37.347219    29.9174      4.707  256.02042  256.27146    -3.0082     6.8448 -9.990e-29
 147.508383      4.760    15.0716  37.345560    29.9127      4.718  256.03068  256.28173    -2.9926     6.8650 -9.990e-29
 147.508385      4.789    15.0706  37.341626    29.9160      4.747  256.03012  256.28109    -3.0237     6.8610 0.0000e+00
 147.508388      4.817    15.0697  37.347220    29.9182      4.774  256.03068  256.28173    -2.9926     6.8569 0.0000e+00
 147.508391      4.850    15.0697  37.346236    29.9182      4.806  256.02956  256.28046    -2.6502     6.7639 0.0000e+00
 147.508394      4.886    15.0714  37.345376    29.9162      4.842  256.02677  256.27786    -2.6502     6.7558 0.0000e+00
 147.508397      4.922    15.0720  37.342302    29.9155      4.878  256.02574  256.27676    -2.6658     6.7477 0.0000e+00
 147.508400      4.959    15.0720  37.345130    29.9154      4.915  256.02677  256.27786    -2.6658     6.7437 0.0000e+00
 147.508403      4.995    15.0713  37.344454    29.9154      4.951  256.02755  256.27857    -2.6502     6.7396 0.0000e+00
 147.508406      5.024    15.0710  37.342856    29.9150      4.979  256.03013  256.28114    -2.3078     6.7416 0.0000e+00
 147.508409      5.052    15.0706  37.345131    29.9145      5.007  256.03271  256.28370    -1.9654     6.7396 -9.990e-29
 147.508411      5.074    15.0687  37.343963    29.9169      5.028  256.03834  256.28921    -2.1522     6.7518 -9.990e-29
 147.508414      5.094    15.0683  37.343779    29.9170      5.048  256.04011  256.29096    -2.1677     6.7518 -9.990e-29
 147.508417      5.108    15.0687  37.344947    29.9177      5.063  256.03653  256.28740    -2.1833     6.6547 -9.990e-29
 147.508420      5.121    15.0688  37.343533    29.9164      5.075  256.03846  256.28934    -2.2300     6.6709 -9.990e-29
 147.508423      5.139    15.0686  37.342980    29.9161      5.093  256.04022  256.29109    -2.2455     6.6952 -9.990e-29
 147.508426      5.157    15.0667  37.341259    29.9147      5.111  256.05210  256.30289    -2.1988     5.8824 -9.990e-29
 147.508429      5.187    15.0665  37.339907    29.9162      5.140  256.05068  256.30145    -2.2299     5.9067 0.0000e+00
 147.508432      5.223    15.0663  37.342857    29.9157      5.176  256.05210  256.30289    -2.1988     5.8824 0.0000e+00
 147.508435      5.265    15.0659  37.340338    29.9174      5.218  256.05340  256.30411    -2.2611     5.8783 0.0000e+00
 147.508438      5.312    15.0657  37.341936    29.9174      5.265  256.05340  256.30411    -2.1055     5.8783 0.0000e+00
 147.508440      5.362    15.0657  37.343165    29.9174      5.314  256.05132  256.30205    -2.1988     6.1452 0.0000e+00
 147.508443      5.409    15.0657  37.342182    29.9174      5.361  256.05132  256.30205    -2.1988     6.8812 0.0000e+00
 147.508446      5.449    15.0660  37.342182    29.9172      5.400  256.05251  256.30323    -2.2611     6.8812 0.0000e+00
 147.508449      5.489    15.0660  37.341445    29.9174      5.440  256.05251  256.30323    -2.2611     6.8609 0.0000e+00
 147.508452      5.520    15.0661  37.343043    29.9171      5.471  256.05098  256.30173    -2.2145     6.8529 0.0000e+00
 147.508455      5.551    15.0662  37.341875    29.9178      5.502  256.04945  256.30019    -2.1522     6.8448 -9.990e-29
 147.508458      5.573    15.0667  37.343965    29.9182      5.523  256.04598  256.29674    -1.9498     6.5294 -9.990e-29
 147.508461      5.586    15.0668  37.342736    29.9170      5.536  256.04762  256.29840    -1.9343     6.5577 -9.990e-29
 147.508464      5.602    15.0673  37.341445    29.9155      5.552  256.04790  256.29871    -1.9031     6.5860 -9.990e-29
 147.508466      5.615    15.0674  37.342490    29.9163      5.565  256.04568  256.29649    -2.9615     6.0927 -9.990e-29
 147.508469      5.630    15.0672  37.345379    29.9191      5.580  256.04204  256.29282    -2.8837     6.0846 -9.990e-29
 147.508472      5.655    15.0675  37.346731    29.9200      5.605  256.03876  256.28955    -2.8370     6.1088 -9.990e-29
 147.508475      5.677    15.0687  37.342306    29.9165      5.627  256.03873  256.28960    -2.0121     6.2059 -9.990e-29
 147.508478      5.710    15.0688  37.343781    29.9171      5.659  256.03734  256.28821    -1.9421     6.2079 0.0000e+00
 147.508481      5.750    15.0688  37.345379    29.9177      5.699  256.03595  256.28682    -1.8720     6.2099 0.0000e+00
 147.508484      5.785    15.0690  37.345379    29.9177      5.733  256.03539  256.28627    -1.8720     6.2261 0.0000e+00
 147.508487      5.823    15.0691  37.345564    29.9177      5.771  256.03453  256.28542    -2.0276     6.2261 0.0000e+00
 147.508490      5.858    15.0693  37.345810    29.9177      5.806  256.03329  256.28419    -3.0860     6.2140 0.0000e+00
 147.508492      5.895    15.0696  37.345810    29.9175      5.842  256.03242  256.28334    -3.1327     6.1412 0.0000e+00
 147.508495      5.927    15.0698  37.342368    29.9174      5.874  256.03155  256.28248    -3.1794     6.0684 -9.990e-29
 147.508498      5.949    15.0706  37.341876    29.9133      5.896  256.03481  256.28581    -3.1171     6.0927 -9.990e-29
 147.508501      5.975    15.0707  37.345810    29.9167      5.921  256.02837  256.27935    -2.9459     6.0765 -9.990e-29
 147.508504      5.991    15.0715  37.347900    29.9179      5.938  256.02188  256.27289    -2.7280     6.4161 -9.990e-29
 147.508507      6.017    15.0720  37.344273    29.9143      5.963  256.02552  256.27659    -2.8370     6.4242 -9.990e-29
 147.508510      6.037    15.0714  37.345810    29.9146      5.983  256.02858  256.27961    -2.6813     6.4323 -9.990e-29
 147.508513      6.062    15.0711  37.344028    29.9146      6.008  256.03030  256.28130    -2.4400     6.3029 0.0000e+00
 147.508516      6.095    15.0707  37.343536    29.9146      6.041  256.03201  256.28300    -2.2144     6.1735 0.0000e+00
 147.508519      6.130    15.0700  37.342983    29.9147      6.075  256.03404  256.28496    -2.1988     6.1735 0.0000e+00
 147.508521      6.166    15.0698  37.344704    29.9164      6.111  256.03404  256.28496    -2.1522     6.1533 0.0000e+00
 147.508524      6.203    15.0697  37.345811    29.9173      6.147  256.03205  256.28298    -2.1522     6.1978 0.0000e+00
 147.508527      6.238    15.0698  37.345811    29.9173      6.182  256.03205  256.28298    -2.1522     6.5375 0.0000e+00
 147.508530      6.276    15.0698  37.343414    29.9161      6.220  256.03336  256.28430    -2.2222     6.5375 0.0000e+00
 147.508533      6.307    15.0700  37.345381    29.9149      6.250  256.03466  256.28562    -2.0743     6.5375 -9.990e-29
 147.508536      6.332    15.0697  37.345135    29.9179      6.276  256.03146  256.28237    -1.9031     6.5455 -9.990e-29
 147.508539      6.358    15.0702  37.346426    29.9194      6.301  256.02643  256.27736    -1.8409     6.4626 0.0000e+00
 147.508542      6.383    15.0702  37.350606    29.9194      6.326  256.02643  256.27736    -1.8409     6.4626 0.0000e+00
 147.508545      6.411    15.0706  37.347778    29.9209      6.353  256.02140  256.27234    -1.7786     6.3797 -9.990e-29
 147.508547      6.433    15.0717  37.347410    29.9158      6.375  256.02485  256.27589    -1.5452     6.3474 -9.990e-29
 147.508550      6.460    15.0717  37.345812    29.9162      6.402  256.02380  256.27484    -1.7942     6.2423 0.0000e+00
 147.508553      6.489    15.0717  37.346980    29.9162      6.431  256.02380  256.27484    -1.7942     6.2423 0.0000e+00
 147.508556      6.514    15.0717  37.346427    29.9167      6.456  256.02275  256.27378    -2.0432     6.1371 -9.990e-29
 147.508559      6.538    15.0704  37.346734    29.9176      6.480  256.02845  256.27940    -2.2611     6.1614 -9.990e-29
 147.508562      6.560    15.0687  37.345136    29.9174      6.501  256.03742  256.28829    -2.1055     6.1371 -9.990e-29
 147.508565      6.582    15.0645  37.345813    29.9212      6.523  256.05222  256.30284    -2.1055     6.3272 -9.990e-29
 147.508568      6.602    15.0572  37.344891    29.9238      6.543  256.08503  256.33526    -2.1988     6.2827 -9.990e-29
 147.508571      6.633    15.0556  37.342495    29.9275      6.574  256.08696  256.33708    -2.1521     6.3029 0.0000e+00
 147.508573      6.659    15.0540  37.347904    29.9308      6.599  256.08889  256.33889    -2.1055     6.3231 0.0000e+00
 147.508576      6.686    15.0516  37.345569    29.9311      6.626  256.10166  256.35155    -2.0432     6.4081 0.0000e+00
 147.508579      6.717    15.0511  37.345569    29.9312      6.657  256.10373  256.35359    -1.9498     6.4242 0.0000e+00
 147.508582      6.750    15.0506  37.346246    29.9321      6.689  256.10373  256.35359    -1.9031     6.4242 0.0000e+00
 147.508585      6.786    15.0506  37.347229    29.9321      6.726  256.10352  256.35333    -1.9031     6.4242 0.0000e+00
 147.508588      6.828    15.0515  37.345385    29.9313      6.767  256.10262  256.35250    -1.9187     6.4404 0.0000e+00
 147.508591      6.872    15.0519  37.346492    29.9308      6.811  256.09915  256.34905    -2.6813     6.7356 0.0000e+00
 147.508594      6.910    15.0521  37.346246    29.9308      6.849  256.09915  256.34905    -2.6813     6.7396 0.0000e+00
 147.508597      6.947    15.0521  37.345385    29.9308      6.885  256.10006  256.34997    -2.5880     6.7437 0.0000e+00
 147.508600      6.980    15.0511  37.345570    29.9310      6.917  256.10337  256.35317    -2.5724     6.7437 0.0000e+00
 147.508602      7.007    15.0507  37.347783    29.9324      6.944  256.10348  256.35331    -1.2339     6.6143 0.0000e+00
 147.508605      7.034    15.0503  37.346308    29.9337      6.972  256.10337  256.35317     0.1047     6.4849 -9.990e-29
 147.508608      7.049    15.0499  37.346247    29.9326      6.986  256.10728  256.35706     0.0891     6.4687 -9.990e-29
 147.508611      7.071    15.0496  37.351533    29.9375      7.008  256.10017  256.34990     0.1825     6.4485 -9.990e-29
 147.508614      7.084    15.0515  37.347968    29.9328      7.020  256.09844  256.34830    -2.2767     6.8650 -9.990e-29
 147.508617      7.095    15.0535  37.347660    29.9310      7.031  256.09130  256.34128    -2.2144     6.8690 -9.990e-29
 147.508620      7.111    15.0538  37.348644    29.9317      7.047  256.08859  256.33859    -2.1522     6.8488 -9.990e-29
 147.508623      7.133    15.0531  37.347660    29.9314      7.069  256.09308  256.34304    -2.0899     6.8771 -9.990e-29
 147.508626      7.155    15.0468  37.346493    29.9332      7.091  256.12247  256.37209    -1.1716     7.6292 -9.990e-29
 147.508628      7.191    15.0458  37.344281    29.9341      7.127  256.12611  256.37566    -1.1638     7.6555 0.0000e+00
 147.508631      7.222    15.0447  37.344711    29.9351      7.158  256.12974  256.37923    -1.1716     7.6292 0.0000e+00
 147.508634      7.261    15.0431  37.345142    29.9367      7.196  256.13495  256.38436    -1.1716     7.6778 0.0000e+00
 147.508637      7.301    15.0420  37.345572    29.9379      7.235  256.13870  256.38804    -1.2183     7.6292 0.0000e+00
 147.508640      7.341    15.0412  37.346003    29.9389      7.275  256.13996  256.38922    -1.3273     7.4918 0.0000e+00
 147.508643      7.377    15.0410  37.347232    29.9402      7.311  256.13996  256.38922    -1.4051     7.4918 0.0000e+00
 147.508646      7.417    15.0407  37.348216    29.9402      7.351  256.13996  256.38922    -1.3273     7.5160 0.0000e+00
 147.508649      7.452    15.0406  37.346065    29.9403      7.385  256.14146  256.39070    -1.3273     7.5241 0.0000e+00
 147.508652      7.485    15.0406  37.345819    29.9394      7.418  256.14330  256.39255    -1.2494     7.5322 -9.990e-29
 147.508655      7.510    15.0421  37.345573    29.9378      7.443  256.13824  256.38759    -0.8603     6.6143 -9.990e-29
 147.508657      7.532    15.0424  37.348892    29.9386      7.465  256.13556  256.38491    -0.8603     6.5941 -9.990e-29
 147.508660      7.558    15.0419  37.346741    29.9396      7.490  256.13671  256.38602    -0.9615     6.8933 0.0000e+00
 147.508663      7.583    15.0413  37.347909    29.9405      7.515  256.13762  256.38684    -0.9070     7.1804 0.0000e+00
 147.508666      7.610    15.0405  37.349938    29.9405      7.542  256.13785  256.38713    -1.0004     7.1804 0.0000e+00
 147.508669      7.638    15.0405  37.346066    29.9401      7.569  256.14364  256.39287    -0.9381     7.1804 0.0000e+00
 147.508672      7.665    15.0404  37.346680    29.9398      7.597  256.14368  256.39292    -0.9692     7.1925 0.0000e+00
 147.508675      7.691    15.0403  37.347418    29.9401      7.622  256.14364  256.39287    -0.9381     7.2047 -9.990e-29
 147.508678      7.713    15.0395  37.347971    29.9418      7.644  256.14458  256.39375    -0.5179     7.9163 -9.990e-29
 147.508681      7.734    15.0387  37.347234    29.9418      7.665  256.14868  256.39782    -0.5335     7.9244 -9.990e-29
 147.508683      7.752    15.0380  37.347972    29.9429      7.683  256.15018  256.39927    -0.3623     7.9042 -9.990e-29
 147.508686      7.773    15.0367  37.347665    29.9437      7.703  256.15566  256.40467    -0.3156     7.9082 -9.990e-29
 147.508689      7.798    15.0355  37.347358    29.9443      7.729  256.16085  256.40980    -0.6424     7.2653 -9.990e-29
 147.508692      7.818    15.0352  37.350185    29.9434      7.748  256.16408  256.41302    -0.6269     7.2532 -9.990e-29
 147.508695      7.846    15.0354  37.346067    29.9419      7.776  256.16576  256.41473    -0.6969     7.2552 0.0000e+00
 147.508698      7.880    15.0356  37.342994    29.9434      7.810  256.16408  256.41302    -0.6269     7.2572 0.0000e+00
 147.508701      7.924    15.0359  37.347235    29.9439      7.853  256.15965  256.40862    -0.5179     7.2572 0.0000e+00
 147.508704      7.966    15.0360  37.349079    29.9439      7.895  256.15965  256.40862    -0.5179     7.2451 0.0000e+00
 147.508707      8.010    15.0360  37.346989    29.9448      7.938  256.15877  256.40773    -0.5179     7.2451 0.0000e+00
 147.508709      8.056    15.0357  37.348219    29.9447      7.983  256.15980  256.40877    -0.5646     7.2451 0.0000e+00
 147.508712      8.098    15.0352  37.347666    29.9448      8.025  256.16172  256.41065    -1.1716     6.0805 0.0000e+00
