seaocn-cb/data/ctd_cnv/SBE19plus_01907321_2024_05_23_Cast26.cnv
* Sea-Bird SBE19plus  Data File:
* FileName = E:\Prandtl_Daten\2024\CTD\raw\SBE19plus_01907321_2024_05_23_Cast26.hex
* Software version 2.6.1.12
* Temperature SN = 7321
* Conductivity SN = 7321
* System UpLoad Time = May 23 2024 09:30:03
* <ApplicationData>
* <Seaterm232>
** 20240522
** Sea Practical 2024
** MCat 23.05 CTD_NP6
** NMEA Latitude = 054 11.83N
** NMEA Longitude = 008 24.58E
** waterdepth = 12.6m
** Andreas
# nquan = 11
# nvalues = 411                         
# units = specified
# name 0 = timeJ: Julian Days
# name 1 = prdM: Pressure, Strain Gauge [db]
# name 2 = tv290C: Temperature [ITS-90, deg C]
# name 3 = c0mS/cm: Conductivity [mS/cm]
# name 4 = sal00: Salinity, Practical [PSU]
# name 5 = depSM: Depth [salt water, m], lat = 54.00
# name 6 = oxsatMm/Kg: Oxygen Saturation, Weiss [umol/kg]
# name 7 = oxsolMm/Kg: Oxygen Saturation, Garcia & Gordon [umol/kg]
# name 8 = turbWETntu0: Turbidity, WET Labs ECO [NTU]
# name 9 = flECO-AFL: Fluorescence, WET Labs ECO-AFL/FL [mg/m^3]
# name 10 = flag:  0.000e+00
# span 0 = 144.392095, 144.393281       
# span 1 =      0.531,     11.288       
# span 2 =    14.1164,    14.6729       
# span 3 =  36.571363,  36.793100       
# span 4 =    29.5392,    30.1533       
# span 5 =      0.526,     11.187       
# span 6 =  258.74934,  260.60642       
# span 7 =  258.98268,  260.80437       
# span 8 =    -4.8136,    -0.3467       
# span 9 =     2.4898,     7.9891       
# span 10 = 0.0000e+00, 0.0000e+00      
# interval = seconds: 0.25
# start_time = May 23 2024 09:23:18 [Instrument's time stamp, header]
# bad_flag = -9.990e-29
*END*
 144.392095      0.531    14.6599  36.578181    29.5454      0.526  258.82074  259.05340    -4.5024     2.4898 0.0000e+00
 144.392098      0.569    14.6599  36.578243    29.5454      0.564  258.82074  259.05340    -4.5024     2.4898 -9.990e-29
 144.392101      0.591    14.6598  36.578913    29.5461      0.586  258.81990  259.05255    -4.5490     2.6313 -9.990e-29
 144.392104      0.622    14.6600  36.580071    29.5470      0.616  258.81748  259.05013    -4.6424     2.6434 -9.990e-29
 144.392106      0.629    14.6604  36.580315    29.5470      0.623  258.81561  259.04828    -4.4712     2.6475 -9.990e-29
 144.392109      0.649    14.6617  36.577816    29.5481      0.643  258.80641  259.03915    -4.5179     2.7243 -9.990e-29
 144.392112      0.687    14.6618  36.582754    29.5467      0.681  258.80881  259.04156    -4.4946     2.7122 0.0000e+00
 144.392115      0.728    14.6617  36.579584    29.5481      0.721  258.80641  259.03915    -4.5179     2.7000 0.0000e+00
 144.392118      0.782    14.6617  36.584339    29.5452      0.775  258.81121  259.04398    -4.4712     2.6879 0.0000e+00
 144.392121      0.832    14.6616  36.579158    29.5469      0.824  258.80927  259.04200    -4.4712     2.6879 0.0000e+00
 144.392124      0.874    14.6616  36.581413    29.5453      0.866  258.81221  259.04496    -4.4712     2.6879 0.0000e+00
 144.392127      0.906    14.6616  36.579585    29.5461      0.898  258.81074  259.04348    -4.4790     2.7061 0.0000e+00
 144.392130      0.932    14.6616  36.585863    29.5453      0.924  258.81221  259.04496    -4.4868     2.6798 -9.990e-29
 144.392133      0.948    14.6620  36.586107    29.5508      0.940  258.80032  259.03304    -4.6113     2.6798 -9.990e-29
 144.392135      0.948    14.6620  36.580743    29.5460      0.940  258.80861  259.04138    -4.5957     2.6839 -9.990e-29
 144.392138      0.937    14.6619  36.584096    29.5491      0.929  258.80383  259.03656    -4.6113     2.8254 -9.990e-29
 144.392141      0.915    14.6614  36.579889    29.5457      0.907  258.81232  259.04506    -4.4401     2.7769 -9.990e-29
 144.392144      0.904    14.6610  36.578244    29.5446      0.896  258.81673  259.04945    -4.5646     2.8011 -9.990e-29
 144.392147      0.912    14.6606  36.580926    29.5472      0.904  258.81392  259.04660    -4.4557     2.7971 -9.990e-29
 144.392150      0.934    14.6595  36.581779    29.5495      0.925  258.81586  259.04846    -4.3156     2.8335 -9.990e-29
 144.392153      0.965    14.6592  36.582511    29.5490      0.956  258.81818  259.05077    -4.3156     2.8133 0.0000e+00
 144.392156      1.016    14.6589  36.580926    29.5485      1.007  258.82050  259.05308    -4.3156     2.7930 0.0000e+00
 144.392159      1.074    14.6581  36.576233    29.5485      1.064  258.82050  259.05308    -4.3156     2.7930 0.0000e+00
 144.392161      1.125    14.6575  36.584767    29.5489      1.115  258.83131  259.06388    -4.3467     2.8416 0.0000e+00
 144.392164      1.185    14.6565  36.579403    29.5489      1.175  258.83252  259.06497    -4.3156     2.8982 0.0000e+00
 144.392167      1.242    14.6534  36.574893    29.5489      1.231  258.85163  259.08377    -4.3467     2.8982 0.0000e+00
 144.392170      1.295    14.6504  36.582269    29.5561      1.283  258.85170  259.08393    -4.3467     2.8577 0.0000e+00
 144.392173      1.342    14.6493  36.583733    29.5561      1.330  258.85383  259.08582    -4.4712     2.8456 0.0000e+00
 144.392176      1.371    14.6493  36.580929    29.5570      1.359  258.85609  259.08808    -4.5801     2.7829 0.0000e+00
 144.392179      1.403    14.6493  36.581416    29.5557      1.390  258.85834  259.09035    -4.6891     2.7081 -9.990e-29
 144.392182      1.421    14.6511  36.583428    29.5565      1.408  258.84726  259.07936    -4.5490     2.7566 -9.990e-29
 144.392185      1.433    14.6527  36.576662    29.5492      1.421  258.85188  259.08412    -4.4557     2.6960 -9.990e-29
 144.392188      1.442    14.6547  36.578734    29.5496      1.430  258.84086  259.07321    -4.6269     3.0114 -9.990e-29
 144.392190      1.457    14.6566  36.582757    29.5518      1.444  258.82703  259.05946    -4.4401     3.0801 -9.990e-29
 144.392193      1.470    14.6560  36.582513    29.5511      1.457  258.83098  259.06339    -4.4712     3.0154 -9.990e-29
 144.392196      1.497    14.6543  36.581599    29.5517      1.484  258.83902  259.07133    -4.5023     3.0983 0.0000e+00
 144.392199      1.532    14.6543  36.580075    29.5517      1.518  258.83902  259.07133    -4.5023     3.0983 0.0000e+00
 144.392202      1.564    14.6525  36.577821    29.5524      1.550  258.84707  259.07928    -4.5335     3.1812 -9.990e-29
 144.392205      1.588    14.6448  36.584283    29.5620      1.574  258.87028  259.10200    -4.5024     3.1853 -9.990e-29
 144.392208      1.605    14.6409  36.580504    29.5616      1.590  258.89174  259.12326    -4.5179     3.1408 -9.990e-29
 144.392211      1.603    14.6365  36.582272    29.5665      1.588  258.90608  259.13733    -4.3156     3.3632 -9.990e-29
 144.392214      1.601    14.6348  36.582760    29.5682      1.587  258.91181  259.14296    -4.5335     3.4319 -9.990e-29
 144.392216      1.594    14.6353  36.578615    29.5642      1.579  258.91667  259.14787    -4.4712     3.4360 -9.990e-29
 144.392219      1.599    14.6344  36.580748    29.5668      1.585  258.91681  259.14794    -4.4712     3.3875 -9.990e-29
 144.392222      1.623    14.6311  36.580749    29.5706      1.608  258.92714  259.15807    -4.3934     3.4036 -9.990e-29
 144.392225      1.668    14.6302  36.582273    29.5702      1.653  258.93247  259.16336    -4.4868     3.4097 0.0000e+00
 144.392228      1.725    14.6293  36.579896    29.5706      1.710  258.93780  259.16864    -4.4712     3.4158 0.0000e+00
 144.392231      1.783    14.6285  36.581420    29.5718      1.767  258.93865  259.16943    -4.5802     3.4319 0.0000e+00
 144.392234      1.838    14.6268  36.580080    29.5718      1.822  258.94734  259.17804    -4.4712     3.4441 0.0000e+00
 144.392237      1.898    14.6255  36.580933    29.5718      1.881  258.95105  259.18166    -4.2845     3.5411 0.0000e+00
 144.392240      1.948    14.6248  36.575813    29.5733      1.930  258.95543  259.18600    -4.2845     3.5411 0.0000e+00
 144.392242      1.990    14.6248  36.580080    29.5696      1.972  258.96254  259.19314    -4.2845     3.5290 0.0000e+00
 144.392245      2.022    14.6260  36.572217    29.5733      2.004  258.95543  259.18600    -4.2845     3.5290 0.0000e+00
 144.392248      2.057    14.6277  36.582945    29.5705      2.039  258.93934  259.17006    -4.5802     3.8080 0.0000e+00
 144.392251      2.084    14.6286  36.580934    29.5720      2.066  258.93755  259.16833    -4.6036     3.8201 0.0000e+00
 144.392254      2.110    14.6295  36.576728    29.5705      2.091  258.93577  259.16661    -4.5802     3.8323 -9.990e-29
 144.392257      2.135    14.6321  36.574716    29.5628      2.116  258.93540  259.16645    -4.4712     3.7878 -9.990e-29
 144.392260      2.152    14.6340  36.581848    29.5679      2.133  258.91688  259.14798    -4.2066     3.8403 -9.990e-29
 144.392263      2.161    14.6357  36.576057    29.5613      2.142  258.91935  259.15060    -4.3156     3.9333 -9.990e-29
 144.392266      2.161    14.6371  36.576727    29.5609      2.142  258.91294  259.14427    -4.2689     4.0061 -9.990e-29
 144.392269      2.159    14.6377  36.577580    29.5612      2.140  258.90921  259.14056    -4.2378     3.9940 -9.990e-29
 144.392271      2.159    14.6384  36.574959    29.5583      2.140  258.91074  259.14216    -4.4245     3.9536 -9.990e-29
 144.392274      2.165    14.6388  36.572887    29.5561      2.146  258.91229  259.14375    -4.6113     4.5439 -9.990e-29
 144.392277      2.176    14.6401  36.576056    29.5580      2.157  258.90218  259.13369    -4.5024     4.4671 -9.990e-29
 144.392280      2.192    14.6421  36.575568    29.5595      2.173  258.88904  259.12065    -4.4245     4.4954 -9.990e-29
 144.392283      2.221    14.6423  36.579470    29.5573      2.201  258.89198  259.12361    -4.3312     4.4226 0.0000e+00
 144.392286      2.260    14.6425  36.574898    29.5595      2.239  258.88904  259.12065    -4.2378     4.3498 0.0000e+00
 144.392289      2.300    14.6432  36.582518    29.5551      2.279  258.88689  259.11863    -4.2378     4.3498 0.0000e+00
 144.392292      2.340    14.6440  36.576239    29.5551      2.319  258.88689  259.11863    -4.3623     4.3781 0.0000e+00
 144.392295      2.385    14.6445  36.573679    29.5551      2.364  258.88689  259.11863    -4.3623     4.4186 0.0000e+00
 144.392297      2.435    14.6446  36.582945    29.5607      2.413  258.87384  259.10556    -4.2845     4.4428 0.0000e+00
 144.392300      2.477    14.6448  36.583189    29.5607      2.454  258.87384  259.10556    -4.2845     4.4550 0.0000e+00
 144.392303      2.524    14.6451  36.575569    29.5537      2.501  258.88393  259.11574    -4.2222     4.4712 0.0000e+00
 144.392306      2.562    14.6456  36.571363    29.5495      2.539  258.88716  259.11905    -4.2066     4.4712 0.0000e+00
 144.392309      2.599    14.6459  36.571546    29.5495      2.576  258.88716  259.11905    -4.0821     4.4671 0.0000e+00
 144.392312      2.632    14.6467  36.578251    29.5514      2.608  258.87709  259.10902    -4.0043     4.3256 0.0000e+00
 144.392315      2.661    14.6471  36.574899    29.5531      2.637  258.87318  259.10507    -4.0043     4.3256 0.0000e+00
 144.392318      2.690    14.6473  36.577093    29.5523      2.666  258.87460  259.10654    -4.0043     4.3337 0.0000e+00
 144.392321      2.716    14.6475  36.576910    29.5531      2.691  258.87211  259.10405    -4.0043     4.3418 -9.990e-29
 144.392323      2.741    14.6483  36.580080    29.5551      2.717  258.86410  259.09607    -4.2066     4.1274 -9.990e-29
 144.392326      2.761    14.6485  36.577825    29.5530      2.737  258.86714  259.09913    -4.0821     4.0991 -9.990e-29
 144.392329      2.789    14.6484  36.574107    29.5497      2.764  258.87340  259.10542    -4.0821     4.1396 -9.990e-29
 144.392332      2.799    14.6479  36.576484    29.5522      2.774  258.87168  259.10364    -4.0510     4.0910 -9.990e-29
 144.392335      2.818    14.6474  36.574046    29.5504      2.793  258.87737  259.10933    -3.4595     4.2528 -9.990e-29
 144.392338      2.831    14.6469  36.577338    29.5537      2.805  258.87418  259.10608    -3.5529     4.2407 -9.990e-29
 144.392341      2.843    14.6468  36.580264    29.5564      2.818  258.86980  259.10168    -3.4129     4.3215 -9.990e-29
 144.392344      2.854    14.6478  36.578069    29.5537      2.829  258.86947  259.10142    -3.4440     4.2568 -9.990e-29
 144.392347      2.865    14.6499  36.577825    29.5519      2.840  258.86187  259.09394    -4.5802     3.7676 -9.990e-29
 144.392350      2.883    14.6522  36.584774    29.5564      2.858  258.84187  259.07403    -4.5802     3.7797 -9.990e-29
 144.392352      2.900    14.6553  36.586968    29.5559      2.874  258.82593  259.05826    -4.6113     3.7959 -9.990e-29
 144.392355      2.924    14.6602  36.589894    29.5543      2.897  258.80340  259.03600    -4.3623     3.7756 -9.990e-29
 144.392358      2.958    14.6605  36.589224    29.5519      2.932  258.80658  259.03921    -4.2689     4.0304 0.0000e+00
 144.392361      3.000    14.6606  36.584164    29.5494      2.973  258.80975  259.04241    -4.2689     4.2690 0.0000e+00
 144.392364      3.040    14.6606  36.583615    29.5489      3.013  258.81095  259.04361    -4.2689     4.2851 0.0000e+00
 144.392367      3.080    14.6598  36.581848    29.5489      3.053  258.81387  259.04648    -4.3156     4.3094 0.0000e+00
 144.392370      3.124    14.6598  36.583860    29.5497      3.096  258.81387  259.04648    -4.3156     4.3620 0.0000e+00
 144.392373      3.160    14.6612  36.589895    29.5497      3.132  258.79860  259.03126    -4.3156     4.4671 0.0000e+00
 144.392376      3.202    14.6636  36.586115    29.5490      3.174  258.79550  259.02832    -4.4090     4.4671 0.0000e+00
 144.392378      3.243    14.6665  36.588797    29.5488      3.214  258.77968  259.01266    -4.4090     4.4752 0.0000e+00
 144.392381      3.275    14.6691  36.584773    29.5435      3.246  258.77606  259.00923    -4.2378     4.5197 0.0000e+00
 144.392384      3.303    14.6698  36.586054    29.5435      3.273  258.77253  259.00573    -4.2066     4.5399 0.0000e+00
 144.392387      3.332    14.6704  36.587639    29.5435      3.302  258.76900  259.00223    -4.1755     4.6046 -9.990e-29
 144.392390      3.354    14.6713  36.586785    29.5435      3.324  258.76430  258.99758    -4.1444     4.6410 -9.990e-29
 144.392393      3.378    14.6710  36.590748    29.5473      3.347  258.75917  258.99240    -4.2533     4.6450 -9.990e-29
 144.392396      3.400    14.6706  36.586542    29.5438      3.369  258.76739  259.00063    -4.2378     4.4631 -9.990e-29
 144.392399      3.422    14.6707  36.588309    29.5453      3.391  258.76428  258.99751    -4.3156     4.4186 -9.990e-29
 144.392402      3.445    14.6708  36.581604    29.5392      3.415  258.77472  259.00801    -4.1911     4.4388 -9.990e-29
 144.392405      3.469    14.6711  36.582457    29.5397      3.438  258.77219  259.00548    -4.4090     4.4428 -9.990e-29
 144.392407      3.495    14.6716  36.591236    29.5473      3.464  258.75639  258.98964    -4.2845     4.4671 -9.990e-29
 144.392410      3.515    14.6721  36.587456    29.5435      3.484  258.76037  258.99369    -3.6463     4.7057 -9.990e-29
 144.392413      3.535    14.6725  36.587212    29.5429      3.503  258.75929  258.99263    -3.7553     4.7178 -9.990e-29
 144.392416      3.559    14.6729  36.588005    29.5434      3.527  258.75656  258.98992    -3.9420     4.7016 -9.990e-29
 144.392419      3.568    14.6729  36.592333    29.5472      3.536  258.74934  258.98268    -3.9420     4.7259 -9.990e-29
 144.392422      3.579    14.6726  36.583189    29.5392      3.547  258.76516  258.99854    -4.4712     5.2839 -9.990e-29
 144.392425      3.586    14.6718  36.582763    29.5395      3.554  258.76911  259.00244    -4.6424     5.3244 -9.990e-29
 144.392428      3.604    14.6706  36.591358    29.5481      3.572  258.76011  258.99331    -4.7514     5.3284 -9.990e-29
 144.392431      3.628    14.6652  36.586299    29.5440      3.596  258.79541  259.02836    -4.2689     5.1869 -9.990e-29
 144.392433      3.665    14.6636  36.582276    29.5462      3.632  258.79984  259.03269    -4.1755     5.2091 0.0000e+00
 144.392436      3.712    14.6620  36.584532    29.5484      3.679  258.80427  259.03702    -4.2689     5.1869 0.0000e+00
 144.392439      3.765    14.6577  36.582460    29.5498      3.731  258.82450  259.05701    -4.3156     5.1586 0.0000e+00
 144.392442      3.812    14.6552  36.585874    29.5548      3.778  258.82795  259.06019    -4.3623     5.1586 0.0000e+00
 144.392445      3.860    14.6541  36.589227    29.5583      3.825  258.82884  259.06118    -4.4712     5.7489 0.0000e+00
 144.392448      3.907    14.6502  36.585631    29.5586      3.872  258.84884  259.08088    -4.5179     5.7489 0.0000e+00
 144.392451      3.940    14.6475  36.585449    29.5602      3.905  258.85921  259.09110    -4.5412     5.7449 0.0000e+00
 144.392454      3.971    14.6449  36.587462    29.5621      3.935  258.86958  259.10131    -4.6113     5.7409 -9.990e-29
 144.392457      3.996    14.6371  36.589230    29.5715      3.961  258.89406  259.12530    -4.8136     5.7813 -9.990e-29
 144.392459      4.009    14.6357  36.584597    29.5683      3.973  258.90682  259.13801    -4.6113     6.0927 -9.990e-29
 144.392462      4.018    14.6339  36.584963    29.5701      3.982  258.91335  259.14443    -4.3778     6.1048 -9.990e-29
 144.392465      4.033    14.6314  36.577405    29.5652      3.997  258.93524  259.16623    -4.4868     6.1169 -9.990e-29
 144.392468      4.051    14.6288  36.583867    29.5729      4.015  258.93496  259.16575    -4.6580     6.1290 -9.990e-29
 144.392471      4.069    14.6238  36.575638    29.5769      4.033  258.95414  259.18463    -4.5179     6.7275 -9.990e-29
