seaocn-cb/data/ctd_cnv/SBE19plus_01907321_2024_05_28_Cast87.cnv
* Sea-Bird SBE19plus  Data File:
* FileName = E:\Prandtl_Daten\2024\28052024\raw\SBE19plus_01907321_2024_05_28_Cast87.hex
* Software version 2.6.1.12
* Temperature SN = 7321
* Conductivity SN = 7321
* System UpLoad Time = May 28 2024 09:02:03
* <ApplicationData>
* <Seaterm232>
** 20240527
** Sea Practical 2024
** MCat 27.05 CTD_SP1
** NMEA Latitude = 54 7.81N
** NMEA Longitude = 008 46.48E
** waterdepth = 13.0m
** Isabelle
# nquan = 11
# nvalues = 463                         
# units = specified
# name 0 = timeJ: Julian Days
# name 1 = prdM: Pressure, Strain Gauge [db]
# name 2 = tv290C: Temperature [ITS-90, deg C]
# name 3 = c0mS/cm: Conductivity [mS/cm]
# name 4 = sal00: Salinity, Practical [PSU]
# name 5 = depSM: Depth [salt water, m], lat = 54.00
# name 6 = oxsatMm/Kg: Oxygen Saturation, Weiss [umol/kg]
# name 7 = oxsolMm/Kg: Oxygen Saturation, Garcia & Gordon [umol/kg]
# name 8 = turbWETntu0: Turbidity, WET Labs ECO [NTU]
# name 9 = flECO-AFL: Fluorescence, WET Labs ECO-AFL/FL [mg/m^3]
# name 10 = flag:  0.000e+00
# span 0 = 149.372694, 149.374031       
# span 1 =      0.594,     11.957       
# span 2 =    17.9368,    18.5922       
# span 3 =  35.891648,  36.220937       
# span 4 =    26.4092,    26.6500       
# span 5 =      0.588,     11.850       
# span 6 =  244.62253,  247.43055       
# span 7 =  245.04605,  247.82948       
# span 8 =     1.1941,    21.2253       
# span 9 =     2.9346,     7.2208       
# span 10 = 0.0000e+00, 0.0000e+00      
# interval = seconds: 0.25
# start_time = May 28 2024 08:55:22 [Instrument's time stamp, header]
# bad_flag = -9.990e-29
*END*
[from data line 394]
 149.373834     10.891    18.2529  36.066483    26.5867     10.794  246.03627  246.44718    10.7506     4.0749 -9.990e-29
 149.373837     10.910    18.2482  36.061574    26.5857     10.812  246.06015  246.47090    13.7233     4.1517 -9.990e-29
 149.373840     10.923    18.2404  36.056969    26.5870     10.825  246.09491  246.50537    13.5833     4.0789 -9.990e-29
 149.373843     10.939    18.2330  36.054970    26.5901     10.841  246.12458  246.53475    13.6766     4.1032 -9.990e-29
 149.373845     10.963    18.2202  36.050123    26.5901     10.865  246.18500  246.59470    18.0191     4.2932 -9.990e-29
 149.373848     10.992    18.2156  36.044852    26.5884     10.894  246.20949  246.61904    18.0580     4.3114 0.0000e+00
 149.373851     11.023    18.2110  36.033461    26.5867     10.924  246.23398  246.64337    18.0969     4.3256 0.0000e+00
 149.373854     11.060    18.1959  36.012865    26.5867     10.961  246.31709  246.72596    18.0969     4.3256 0.0000e+00
 149.373857     11.089    18.1714  36.005842    26.5897     10.990  246.41627  246.82420    18.0969     4.3256 0.0000e+00
 149.373860     11.118    18.1503  36.001423    26.5997     11.019  246.49937  246.90647    15.2175     4.4995 0.0000e+00
 149.373863     11.151    18.1391  35.999910    26.5997     11.051  246.54248  246.94914    15.2175     4.4995 0.0000e+00
 149.373866     11.177    18.1336  35.972964    26.5983     11.077  246.58087  246.98737    15.3809     4.4994 0.0000e+00
 149.373869     11.206    18.1281  35.976902    26.5908     11.105  246.61926  247.02560    15.5443     4.4752 -9.990e-29
 149.373872     11.224    18.0882  35.977994    26.6208     11.124  246.75874  247.16344    16.0580     4.6652 -9.990e-29
 149.373874     11.242    18.0828  35.968368    26.6163     11.142  246.79161  247.19614    16.1513     4.6895 -9.990e-29
 149.373877     11.257    18.0743  35.963767    26.6180     11.156  246.82890  247.23310    15.8868     4.7057 -9.990e-29
 149.373880     11.274    18.0636  35.950753    26.6143     11.173  246.88613  247.28996    16.1047     4.6976 -9.990e-29
 149.373883     11.296    18.0490  35.955234    26.6275     11.195  246.93358  247.33680    16.0268     4.7340 -9.990e-29
 149.373886     11.319    18.0351  35.949787    26.6259     11.218  247.00195  247.40467    21.2253     5.3648 -9.990e-29
 149.373889     11.354    18.0307  35.942343    26.6268     11.252  247.02155  247.42410    21.2253     5.3526 0.0000e+00
 149.373892     11.389    18.0263  35.937502    26.6270     11.287  247.04116  247.44353    21.2253     5.3648 0.0000e+00
 149.373895     11.431    18.0173  35.929635    26.6276     11.329  247.08482  247.48687    21.2253     5.3405 0.0000e+00
 149.373898     11.473    18.0062  35.923525    26.6292     11.370  247.13423  247.53585    18.0813     4.4631 0.0000e+00
 149.373900     11.508    17.9939  35.920682    26.6348     11.405  247.18323  247.58436    18.0813     4.4388 0.0000e+00
 149.373903     11.539    17.9850  35.919170    26.6388     11.436  247.21788  247.61865    18.1591     4.4348 0.0000e+00
 149.373906     11.566    17.9827  35.914996    26.6390     11.463  247.22904  247.62973    18.1902     4.4246 0.0000e+00
 149.373909     11.592    17.9805  35.916328    26.6388     11.488  247.24020  247.64082    18.1591     4.4348 -9.990e-29
 149.373912     11.608    17.9730  35.912153    26.6413     11.504  247.27167  247.67199    20.1980     4.4914 -9.990e-29
 149.373915     11.618    17.9699  35.909975    26.6416     11.514  247.28625  247.68645    20.1980     4.4752 -9.990e-29
 149.373918     11.629    17.9659  35.907797    26.6424     11.525  247.30395  247.70400    20.1980     4.4469 -9.990e-29
 149.373921     11.647    17.9619  35.906285    26.6437     11.543  247.32075  247.72064    18.9996     4.4307 -9.990e-29
 149.373924     11.663    17.9565  35.906951    26.6482     11.559  247.33875  247.73841    18.2058     4.6046 -9.990e-29
 149.373927     11.689    17.9562  35.907557    26.6478     11.584  247.34105  247.74070    18.2914     4.5702 0.0000e+00
 149.373929     11.722    17.9558  35.906044    26.6474     11.617  247.34334  247.74299    18.2525     4.5642 0.0000e+00
 149.373932     11.757    17.9550  35.905379    26.6474     11.651  247.34740  247.74702    18.3770     4.5642 0.0000e+00
 149.373935     11.801    17.9538  35.902536    26.6459     11.695  247.35571  247.75528    19.4976     5.1909 0.0000e+00
 149.373938     11.837    17.9511  35.899511    26.6459     11.731  247.36958  247.76906    19.4976     5.2030 0.0000e+00
 149.373941     11.877    17.9488  35.899633    26.6467     11.771  247.37820  247.77758    19.4976     5.2192 0.0000e+00
 149.373944     11.914    17.9476  35.899270    26.6473     11.807  247.38253  247.78186    19.5599     5.2192 0.0000e+00
 149.373947     11.943    17.9465  35.897758    26.6478     11.836  247.38686  247.78615    19.7311     5.2192 -9.990e-29
 149.373950     11.945    17.9436  35.896669    26.6476     11.838  247.40140  247.80058    17.2875     4.3337 -9.990e-29
 149.373953     11.937    17.9417  35.896669    26.6488     11.830  247.40828  247.80739    17.4587     4.3943 -9.990e-29
 149.373955     11.926    17.9402  35.896004    26.6492     11.820  247.41451  247.81356    17.3965     4.4388 -9.990e-29
 149.373958     11.915    17.9393  35.894915    26.6490     11.809  247.41944  247.81846    18.9529     4.4833 -9.990e-29
 149.373961     11.906    17.9385  35.895157    26.6497     11.800  247.42192  247.82091    19.1864     4.4631 -9.990e-29
 149.373964     11.895    17.9379  35.894915    26.6499     11.789  247.42476  247.82371    19.2642     4.5480 -9.990e-29
 149.373967     11.894    17.9375  35.894492    26.6498     11.787  247.42659  247.82553    19.2486     4.4995 -9.990e-29
 149.373970     11.894    17.9372  35.893161    26.6489     11.787  247.42967  247.82861    18.7973     4.5156 -9.990e-29
 149.373973     11.903    17.9370  35.892979    26.6489     11.796  247.43055  247.82948    17.3187     4.3418 -9.990e-29
 149.373976     11.917    17.9370  35.894250    26.6499     11.811  247.42881  247.82774    17.2875     4.3701 -9.990e-29
 149.373979     11.934    17.9368  35.893584    26.6495     11.827  247.43036  247.82928    17.2564     4.3781 -9.990e-29
 149.373981     11.943    17.9371  35.894492    26.6500     11.836  247.42818  247.82711    17.3498     4.3781 -9.990e-29
 149.373984     11.952    17.9374  35.893826    26.6493     11.845  247.42816  247.82710    18.9218     4.9443 -9.990e-29
 149.373987     11.950    17.9376  35.893584    26.6490     11.843  247.42755  247.82650    19.1241     4.9928 -9.990e-29
 149.373990     11.949    17.9377  35.893161    26.6486     11.842  247.42782  247.82677    19.0307     4.9160 -9.990e-29
 149.373993     11.940    17.9376  35.894250    26.6495     11.833  247.42663  247.82558    19.1397     4.9806 -9.990e-29
 149.373996     11.931    17.9379  35.894492    26.6495     11.824  247.42535  247.82431    19.2019     7.1966 -9.990e-29
 149.373999     11.918    17.9382  35.893826    26.6488     11.811  247.42501  247.82399    19.1397     7.1683 -9.990e-29
 149.374002     11.911    17.9385  35.893584    26.6484     11.804  247.42409  247.82308    18.8595     7.2208 -9.990e-29
 149.374005     11.904    17.9391  35.895157    26.6493     11.797  247.42004  247.81905    19.1552     7.2208 -9.990e-29
 149.374008     11.902    17.9396  35.895278    26.6491     11.795  247.41800  247.81703    20.7117     4.6733 -9.990e-29
 149.374010     11.902    17.9404  35.892737    26.6464     11.796  247.41836  247.81743    20.7272     4.6895 -9.990e-29
 149.374013     11.913    17.9404  35.893826    26.6473     11.806  247.41687  247.81594    20.9918     4.7380 -9.990e-29
 149.374016     11.920    17.9405  35.894249    26.6476     11.814  247.41598  247.81505    20.9296     4.7421 -9.990e-29
 149.374019     11.935    17.9403  35.891648    26.6456     11.828  247.42018  247.81925    20.7895     4.6814 -9.990e-29
 149.374022     11.946    17.9402  35.894250    26.6478     11.839  247.41693  247.81599    18.9529     4.4065 -9.990e-29
 149.374025     11.946    17.9405  35.892495    26.6462     11.839  247.41840  247.81747    18.9373     4.4267 -9.990e-29
 149.374028     11.953    17.9408  35.894673    26.6477     11.846  247.41416  247.81324    18.7817     4.3377 -9.990e-29
 149.374031     11.957    17.9414  35.895157    26.6478     11.850  247.41131  247.81041    18.6883     4.3539 -9.990e-29
