seaocn-cb/data/ctd_cnv/SBE19plus_01907321_2024_05_28_Cast99.cnv
* Sea-Bird SBE19plus  Data File:
* FileName = E:\Prandtl_Daten\2024\28052024\raw\SBE19plus_01907321_2024_05_28_Cast99.hex
* Software version 2.6.1.12
* Temperature SN = 7321
* Conductivity SN = 7321
* System UpLoad Time = May 28 2024 13:33:33
* <ApplicationData>
* <Seaterm232>
** 20240527
** Sea Practical 2024
** MCat 27.05 CTD_SP7
** NMEA Latitude = 54 8.36N
** NMEA Longitude = 008 20.85E
** waterdepth = 14.6m
** Isabelle
# nquan = 11
# nvalues = 521                         
# units = specified
# name 0 = timeJ: Julian Days
# name 1 = prdM: Pressure, Strain Gauge [db]
# name 2 = tv290C: Temperature [ITS-90, deg C]
# name 3 = c0mS/cm: Conductivity [mS/cm]
# name 4 = sal00: Salinity, Practical [PSU]
# name 5 = depSM: Depth [salt water, m], lat = 54.00
# name 6 = oxsatMm/Kg: Oxygen Saturation, Weiss [umol/kg]
# name 7 = oxsolMm/Kg: Oxygen Saturation, Garcia & Gordon [umol/kg]
# name 8 = turbWETntu0: Turbidity, WET Labs ECO [NTU]
# name 9 = flECO-AFL: Fluorescence, WET Labs ECO-AFL/FL [mg/m^3]
# name 10 = flag:  0.000e+00
# span 0 = 149.561415, 149.562920       
# span 1 =      0.284,     14.092       
# span 2 =    14.7822,    17.1239       
# span 3 =  37.332984,  38.010071       
# span 4 =    28.7946,    30.7313       
# span 5 =      0.282,     13.966       
# span 6 =  247.70764,  256.08549       
# span 7 =  248.06181,  256.31478       
# span 8 =    -4.9381,    10.2369       
# span 9 =     1.4910,     8.6887       
# span 10 = 0.0000e+00, 0.0000e+00      
# interval = seconds: 0.25
# start_time = May 28 2024 13:26:10 [Instrument's time stamp, header]
# bad_flag = -9.990e-29
*END*
[from data line 132]
 149.561797      3.788    15.5084  37.585971    29.7976      3.754  254.00123  254.27513    -4.3623     6.0158 -9.990e-29
 149.561800      3.785    15.4678  37.621049    29.8592      3.751  254.09950  254.37092    -4.2845     6.0199 -9.990e-29
 149.561803      3.777    15.4243  37.645101    29.9135      3.743  254.22588  254.49473    -4.3156     6.0522 -9.990e-29
 149.561806      3.785    15.3836  37.667062    29.9638      3.751  254.34470  254.61114    -4.0666     6.1776 -9.990e-29
 149.561808      3.805    15.3217  37.664970    30.0195      3.771  254.56257  254.82547    -4.0821     6.1533 -9.990e-29
 149.561811      3.841    15.3117  37.676693    30.0453      3.807  254.56836  254.83056    -4.0976     6.1634 0.0000e+00
 149.561814      3.892    15.3017  37.717789    30.0712      3.858  254.57414  254.83564    -4.0821     6.1735 0.0000e+00
 149.561817      3.943    15.2657  37.733038    30.1123      3.908  254.68609  254.94544    10.1747     6.2908 0.0000e+00
 149.561820      4.006    15.2269  37.759959    30.1660      3.970  254.79026  255.04723    10.2369     6.2908 0.0000e+00
 149.561823      4.066    15.1883  37.776019    30.2100      4.029  254.91053  255.16518    10.1747     6.2948 0.0000e+00
 149.561826      4.110    15.1712  37.776023    30.2232      4.073  254.97494  255.22861    10.2214     6.2867 0.0000e+00
 149.561829      4.146    15.1540  37.788007    30.2363      4.109  255.03934  255.29203    10.1747     6.2948 -9.990e-29
 149.561832      4.170    15.1101  37.793878    30.2861      4.133  255.17689  255.42694     4.3692     6.6143 -9.990e-29
 149.561834      4.174    15.0904  37.794189    30.3016      4.136  255.25061  255.49952     4.4315     6.6062 -9.990e-29
 149.561837      4.179    15.0781  37.801294    30.3175      4.142  255.28605  255.53419     4.3848     6.5981 -9.990e-29
 149.561840      4.184    15.0686  37.800430    30.3241      4.147  255.32317  255.57077    -3.7397     6.7962 -9.990e-29
 149.561843      4.203    15.0619  37.812600    30.3401      4.165  255.32914  255.57626    -3.8798     6.8326 -9.990e-29
 149.561846      4.226    15.0488  37.813404    30.3532      4.189  255.37336  255.61970    -3.8487     6.7882 -9.990e-29
 149.561849      4.256    15.0488  37.815938    30.3532      4.218  255.37336  255.61970    -3.8487     6.7882 0.0000e+00
 149.561852      4.285    15.0488  37.823909    30.3532      4.247  255.37336  255.61970    -3.8487     6.7882 -9.990e-29
 149.561855      4.307    15.0380  37.827246    30.3717      4.268  255.39635  255.64199    -3.5062     6.6668 -9.990e-29
 149.561858      4.327    15.0297  37.830831    30.3834      4.288  255.41845  255.66356    -3.5062     6.6871 -9.990e-29
 149.561861      4.354    15.0293  37.833179    30.3846      4.315  255.41875  255.66382    -3.5452     6.6951 0.0000e+00
 149.561863      4.385    15.0288  37.835033    30.3858      4.346  255.41845  255.66356    -3.5841     6.6871 0.0000e+00
 149.561866      4.416    15.0283  37.838556    30.3893      4.376  255.41905  255.66409    -3.6463     6.3474 0.0000e+00
 149.561869      4.452    15.0252  37.840781    30.3936      4.413  255.42344  255.66823    -3.8020     6.3474 0.0000e+00
 149.561872      4.483    15.0228  37.842697    30.3972      4.443  255.42974  255.67438    -3.8020     6.3474 0.0000e+00
 149.561875      4.513    15.0192  37.844613    30.4018      4.472  255.44040  255.68482    -3.8020     6.3514 0.0000e+00
 149.561878      4.544    15.0132  37.843934    30.4058      4.503  255.46385  255.70792    -3.8175     6.6062 0.0000e+00
 149.561881      4.573    15.0052  37.849003    30.4165      4.532  255.48610  255.72967    -3.8175     6.6143 0.0000e+00
 149.561884      4.609    14.9950  37.858152    30.4326      4.568  255.51036  255.75326    -3.8175     6.6183 0.0000e+00
 149.561887      4.644    14.9879  37.859946    30.4389      4.602  255.53580  255.77828    -3.8098     6.6284 0.0000e+00
 149.561889      4.671    14.9807  37.860998    30.4453      4.629  255.56124  255.80330    -3.8020     6.6183 -9.990e-29
 149.561892      4.689    14.9634  37.859701    30.4586      4.648  255.62721  255.86826    -3.4751     6.3717 -9.990e-29
 149.561895      4.704    14.9618  37.859949    30.4601      4.662  255.63292  255.87387    -3.5529     6.3353 -9.990e-29
 149.561898      4.722    14.9616  37.860814    30.4610      4.680  255.63215  255.87308    -3.6774     6.3231 -9.990e-29
 149.561901      4.750    14.9612  37.860876    30.4613      4.707  255.63352  255.87443    -3.4751     6.3312 -9.990e-29
 149.561904      4.773    14.9617  37.865945    30.4655      4.731  255.62382  255.86472    -3.8798     6.8771 -9.990e-29
 149.561907      4.793    14.9621  37.861556    30.4613      4.751  255.62929  255.87024    -3.8487     6.8892 -9.990e-29
 149.561910      4.812    14.9626  37.864152    30.4632      4.769  255.62319  255.86415    -3.7864     6.8650 -9.990e-29
 149.561913      4.834    14.9599  37.866130    30.4685      4.791  255.62753  255.86832    -3.2728     7.3381 -9.990e-29
 149.561916      4.863    14.9590  37.867861    30.4700      4.819  255.62990  255.87063    -3.2961     7.3401 0.0000e+00
 149.561918      4.894    14.9580  37.869469    30.4715      4.850  255.63227  255.87293    -3.3195     7.3381 0.0000e+00
 149.561921      4.932    14.9568  37.869964    30.4727      4.888  255.63668  255.87726    -3.3429     7.3340 0.0000e+00
 149.561924      4.960    14.9555  37.873488    30.4739      4.915  255.64109  255.88159    -3.3662     7.3260 -9.990e-29
 149.561927      4.980    14.9529  37.873673    30.4792      4.935  255.64485  255.88518    -3.5841     7.0469 -9.990e-29
 149.561930      4.998    14.9506  37.874168    30.4814      4.953  255.65278  255.89297    -3.6774     7.0550 -9.990e-29
 149.561933      5.018    14.9501  37.875899    30.4834      4.973  255.65209  255.89224    -3.5841     7.0550 -9.990e-29
 149.561936      5.036    14.9485  37.874601    30.4860      4.991  255.65568  255.89572    -3.8175     7.1076 -9.990e-29
 149.561939      5.062    14.9476  37.877507    30.4867      5.017  255.65864  255.89863    -3.8175     7.1177 0.0000e+00
 149.561942      5.093    14.9468  37.877631    30.4874      5.047  255.66159  255.90153    -3.8175     7.1076 0.0000e+00
 149.561944      5.129    14.9458  37.878373    30.4888      5.084  255.66413  255.90396    -3.8487     7.1116 0.0000e+00
 149.561947      5.175    14.9452  37.879919    30.4907      5.129  255.66421  255.90409    -3.8487     7.1076 0.0000e+00
 149.561950      5.222    14.9428  37.879054    30.4917      5.176  255.67451  255.91420    -3.7864     7.1076 0.0000e+00
 149.561953      5.272    14.9382  37.883506    30.4993      5.225  255.68492  255.92431    -3.5996     6.2220 0.0000e+00
 149.561956      5.314    14.9342  37.882517    30.5015      5.266  255.69895  255.93806    -3.5996     6.2220 0.0000e+00
 149.561959      5.356    14.9339  37.885485    30.5031      5.308  255.70026  255.93940    -3.5607     6.2261 0.0000e+00
 149.561962      5.385    14.9337  37.883445    30.5046      5.337  255.69895  255.93806    -3.5218     6.2301 -9.990e-29
 149.561965      5.407    14.9320  37.887279    30.5075      5.358  255.70253  255.94153    -3.3195     6.3312 -9.990e-29
 149.561968      5.416    14.9286  37.884806    30.5079      5.368  255.71918  255.95800    -3.2728     6.3353 -9.990e-29
 149.561970      5.419    14.9259  37.885548    30.5107      5.371  255.72816  255.96681    -3.3662     6.3636 -9.990e-29
 149.561973      5.423    14.9236  37.887032    30.5139      5.375  255.73480  255.97331    -3.2883     6.3717 -9.990e-29
 149.561976      5.418    14.9217  37.889753    30.5178      5.369  255.73746  255.97584    -3.3662     6.7396 -9.990e-29
 149.561979      5.423    14.9206  37.890186    30.5190      5.375  255.74113  255.97944    -3.4440     6.7356 -9.990e-29
 149.561982      5.430    14.9194  37.890372    30.5201      5.382  255.74519  255.98343    -3.3506     6.7477 -9.990e-29
 149.561985      5.445    14.9181  37.893711    30.5241      5.396  255.74486  255.98299    -3.4595     6.7356 -9.990e-29
 149.561988      5.467    14.9161  37.895504    30.5278      5.418  255.74872  255.98672    -3.3195     6.8650 -9.990e-29
 149.561991      5.498    14.9164  37.896061    30.5280      5.449  255.74694  255.98495    -3.3273     6.8690 0.0000e+00
 149.561994      5.538    14.9166  37.897050    30.5278      5.489  255.74782  255.98585    -3.3350     6.8731 0.0000e+00
 149.561997      5.589    14.9166  37.895566    30.5269      5.539  255.74782  255.98585    -3.3662     6.8731 0.0000e+00
 149.561999      5.648    14.9157  37.893032    30.5269      5.597  255.75533  255.99332    -3.3662     6.8488 0.0000e+00
 149.562002      5.699    14.9145  37.893959    30.5271      5.648  255.75824  255.99616    -3.1171     6.1654 0.0000e+00
 149.562005      5.751    14.9127  37.893280    30.5278      5.700  255.76601  256.00383    -3.0393     6.1250 0.0000e+00
 149.562008      5.788    14.9119  37.892167    30.5279      5.736  255.76994  256.00771    -3.0782     6.1250 0.0000e+00
 149.562011      5.817    14.9111  37.897918    30.5281      5.765  255.77387  256.01160    -3.0393     6.1250 -9.990e-29
 149.562014      5.841    14.9076  37.898598    30.5366      5.789  255.77708  256.01456    -3.1483     6.4161 -9.990e-29
 149.562017      5.859    14.9061  37.905092    30.5436      5.807  255.77264  256.00999    -3.0238     6.3959 -9.990e-29
 149.562020      5.874    14.9025  37.909359    30.5502      5.821  255.77953  256.01663    -3.0393     6.4364 -9.990e-29
 149.562023      5.883    14.8964  37.911524    30.5569      5.830  255.79899  256.03571    -3.0082     6.4283 -9.990e-29
 149.562025      5.890    14.8933  37.913566    30.5612      5.838  255.80764  256.04416    -2.4790     7.3260 -9.990e-29
 149.562028      5.907    14.8914  37.915545    30.5644      5.854  255.81147  256.04787    -2.4323     7.3098 -9.990e-29
 149.562031      5.919    14.8898  37.920184    30.5698      5.866  255.81024  256.04651    -2.4479     7.3179 -9.990e-29
 149.562034      5.943    14.8858  37.922411    30.5781      5.890  255.81614  256.05213    -2.4479     7.3300 -9.990e-29
 149.562037      5.972    14.8847  37.925999    30.5793      5.919  255.81966  256.05558    -2.5412     7.1036 0.0000e+00
 149.562040      6.007    14.8836  37.926865    30.5806      5.953  255.82319  256.05904    -2.6346     6.8771 0.0000e+00
 149.562043      6.050    14.8809  37.930886    30.5863      5.996  255.82699  256.06266    -2.7125     6.8650 0.0000e+00
 149.562046      6.094    14.8778  37.935093    30.5925      6.040  255.83195  256.06740    -2.7125     6.8569 0.0000e+00
 149.562049      6.127    14.8752  37.941279    30.6001      6.072  255.83232  256.06757    -2.6502     6.8488 0.0000e+00
 149.562052      6.167    14.8702  37.943384    30.6059      6.112  255.84782  256.08276    -2.6502     6.3110 0.0000e+00
 149.562054      6.207    14.8683  37.942951    30.6073      6.152  255.85555  256.09037    -2.6814     6.2888 0.0000e+00
 149.562057      6.240    14.8663  37.946045    30.6086      6.185  255.86328  256.09799    -2.7125     6.3110 -9.990e-29
 149.562060      6.264    14.8646  37.946230    30.6128      6.208  255.86449  256.09908    -2.7125     6.2867 -9.990e-29
 149.562063      6.280    14.8624  37.945736    30.6141      6.224  255.87338  256.10784    -2.5413     6.7962 -9.990e-29
 149.562066      6.286    14.8591  37.945118    30.6161      6.229  255.88708  256.12135    -2.3856     6.8124 -9.990e-29
 149.562069      6.287    14.8558  37.945489    30.6191      6.231  255.89893  256.13300    -2.3545     6.8124 -9.990e-29
 149.562072      6.295    14.8538  37.945613    30.6207      6.238  255.90626  256.14020    -2.3389     6.7962 -9.990e-29
 149.562075      6.302    14.8547  37.948954    30.6230      6.246  255.89751  256.13149    -2.1366     6.9337 -9.990e-29
 149.562078      6.320    14.8568  37.950191    30.6224      6.264  255.88747  256.12157    -2.1366     6.9418 -9.990e-29
 149.562080      6.341    14.8561  37.946726    30.6192      6.284  255.89705  256.13113    -2.2144     6.9337 -9.990e-29
 149.562083      6.377    14.8550  37.945984    30.6204      6.320  255.90038  256.13439    -2.1833     6.9257 0.0000e+00
 149.562086      6.425    14.8539  37.946913    30.6217      6.367  255.90371  256.13765    -2.2144     6.9176 0.0000e+00
 149.562089      6.472    14.8516  37.948274    30.6247      6.414  255.90927  256.14302    -2.1522     6.3757 0.0000e+00
 149.562092      6.523    14.8510  37.950378    30.6271      6.465  255.90927  256.14302    -2.1522     6.3636 0.0000e+00
 149.562095      6.563    14.8506  37.952049    30.6279      6.504  255.90927  256.14302    -2.1522     6.3514 0.0000e+00
 149.562098      6.598    14.8506  37.950873    30.6284      6.539  255.90933  256.14305    -2.1599     6.3332 0.0000e+00
 149.562101      6.629    14.8505  37.951369    30.6279      6.570  255.91056  256.14427    -2.2455     6.3151 -9.990e-29
 149.562104      6.647    14.8490  37.950503    30.6288      6.588  255.91696  256.15059    -2.5101     6.5981 -9.990e-29
 149.562106      6.665    14.8483  37.949946    30.6288      6.606  255.92045  256.15404    -2.3856     6.5941 -9.990e-29
 149.562109      6.683    14.8473  37.951617    30.6311      6.624  255.92158  256.15510    -2.3234     6.5819 -9.990e-29
 149.562112      6.707    14.8432  37.952731    30.6336      6.647  255.93801  256.17129    -1.9031     7.2572 -9.990e-29
 149.562115      6.736    14.8427  37.950937    30.6347      6.676  255.93867  256.17192    -1.8175     7.2531 0.0000e+00
 149.562118      6.775    14.8422  37.952484    30.6358      6.714  255.93837  256.17156    -1.9031     7.2572 0.0000e+00
 149.562121      6.807    14.8421  37.953659    30.6364      6.747  255.93885  256.17206    -1.8253     7.2572 0.0000e+00
 149.562124      6.840    14.8420  37.952484    30.6370      6.779  255.93837  256.17156    -1.9187     7.2653 -9.990e-29
 149.562127      6.858    14.8423  37.951803    30.6351      6.797  255.94018  256.17340    -2.9771     6.2342 -9.990e-29
 149.562130      6.877    14.8427  37.954278    30.6370      6.815  255.93484  256.16806    -2.7592     6.2504 -9.990e-29
 149.562133      6.889    14.8431  37.952484    30.6350      6.828  255.93595  256.16921    -2.8837     6.2665 -9.990e-29
 149.562135      6.904    14.8433  37.952484    30.6349      6.842  255.93538  256.16865    -2.9771     6.2140 -9.990e-29
 149.562138      6.913    14.8433  37.951185    30.6337      6.851  255.93744  256.17072    -2.6035     6.6062 -9.990e-29
 149.562141      6.930    14.8431  37.951123    30.6339      6.868  255.93841  256.17169    -2.6813     6.5941 -9.990e-29
 149.562144      6.948    14.8432  37.952917    30.6354      6.886  255.93501  256.16828    -2.6969     6.6224 -9.990e-29
 149.562147      6.971    14.8448  37.951185    30.6325      6.909  255.93182  256.16519    -1.4985     6.8771 -9.990e-29
 149.562150      7.006    14.8452  37.951123    30.6328      6.943  255.92945  256.16284    -1.5997     6.8872 0.0000e+00
 149.562153      7.043    14.8455  37.952484    30.6325      6.980  255.92920  256.16266    -1.5763     6.8771 0.0000e+00
 149.562156      7.079    14.8461  37.949700    30.6301      7.016  255.92920  256.16266    -1.6385     6.8650 0.0000e+00
 149.562159      7.121    14.8461  37.948463    30.6301      7.057  255.92942  256.16285    -1.5763     6.8609 0.0000e+00
 149.562161      7.152    14.8457  37.950505    30.6311      7.088  255.93118  256.16465    -1.5452     6.6264 0.0000e+00
 149.562164      7.183    14.8454  37.950196    30.6311      7.119  255.92942  256.16285    -1.5452     6.6224 0.0000e+00
 149.562167      7.216    14.8452  37.953413    30.6321      7.151  255.93052  256.16392    -1.6230     6.6143 0.0000e+00
 149.562170      7.247    14.8452  37.951124    30.6321      7.182  255.92919  256.16254    -1.7786     6.5900 0.0000e+00
