seaocn-cb/data/ctd_cnv/SBE19plus_01907321_2024_05_28_Cast101.cnv
* Sea-Bird SBE19plus  Data File:
* FileName = E:\Prandtl_Daten\2024\28052024\raw\SBE19plus_01907321_2024_05_28_Cast101.hex
* Software version 2.6.1.12
* Temperature SN = 7321
* Conductivity SN = 7321
* System UpLoad Time = May 28 2024 14:02:22
* <ApplicationData>
* <Seaterm232>
** 20240527
** Sea Practical 2024
** MCat 27.05 CTD_SP7
** NMEA Latitude = 54 8.36N
** NMEA Longitude = 008 20.85E
** waterdepth = 14.7m
** Isabelle
# nquan = 11
# nvalues = 496                         
# units = specified
# name 0 = timeJ: Julian Days
# name 1 = prdM: Pressure, Strain Gauge [db]
# name 2 = tv290C: Temperature [ITS-90, deg C]
# name 3 = c0mS/cm: Conductivity [mS/cm]
# name 4 = sal00: Salinity, Practical [PSU]
# name 5 = depSM: Depth [salt water, m], lat = 54.00
# name 6 = oxsatMm/Kg: Oxygen Saturation, Weiss [umol/kg]
# name 7 = oxsolMm/Kg: Oxygen Saturation, Garcia & Gordon [umol/kg]
# name 8 = turbWETntu0: Turbidity, WET Labs ECO [NTU]
# name 9 = flECO-AFL: Fluorescence, WET Labs ECO-AFL/FL [mg/m^3]
# name 10 = flag:  0.000e+00
# span 0 = 149.581308, 149.582740       
# span 1 =      0.486,     13.859       
# span 2 =    14.7198,    17.1479       
# span 3 =  37.661777,  38.193782       
# span 4 =    29.0933,    30.8047       
# span 5 =      0.482,     13.735       
# span 6 =  247.08475,  256.27972       
# span 7 =  247.43800,  256.50507       
# span 8 =    -4.7047,    -0.7825       
# span 9 =     2.0652,     9.1760       
# span 10 = 0.0000e+00, 0.0000e+00      
# interval = seconds: 0.25
# start_time = May 28 2024 13:55:53 [Instrument's time stamp, header]
# bad_flag = -9.990e-29
*END*
[from data line 263]
 149.582069      7.739    14.7366  38.026341    30.7851      7.670  256.22168  256.44801    -2.8837     6.5375 -9.990e-29
 149.582072      7.738    14.7364  38.019902    30.7794      7.668  256.23249  256.45886    -2.8681     7.5039 -9.990e-29
 149.582075      7.736    14.7363  38.024979    30.7841      7.666  256.22471  256.45104    -2.8525     7.4998 -9.990e-29
 149.582078      7.730    14.7357  38.023679    30.7834      7.661  256.22908  256.45538    -2.8059     7.4958 -9.990e-29
 149.582080      7.728    14.7354  38.023431    30.7834      7.659  256.23062  256.45691    -2.8837     7.4918 -9.990e-29
 149.582083      7.737    14.7349  38.021698    30.7823      7.668  256.23540  256.46167    -2.8837     7.8840 -9.990e-29
 149.582086      7.759    14.7334  38.018788    30.7855      7.690  256.23718  256.46334    -2.9459     7.9082 -9.990e-29
 149.582089      7.801    14.7334  38.024051    30.7852      7.732  256.23813  256.46429    -2.9382     7.8901 0.0000e+00
 149.582092      7.860    14.7334  38.023246    30.7855      7.790  256.23718  256.46334    -2.9459     7.9082 0.0000e+00
 149.582095      7.918    14.7339  38.025228    30.7849      7.847  256.23520  256.46142    -2.9459     7.8719 0.0000e+00
 149.582098      7.978    14.7339  38.023370    30.7845      7.907  256.23520  256.46142    -2.9459     6.8124 0.0000e+00
 149.582101      8.028    14.7339  38.023432    30.7842      7.956  256.23657  256.46277    -2.9304     6.8124 0.0000e+00
 149.582104      8.070    14.7336  38.020584    30.7835      7.997  256.24014  256.46633    -2.9226     6.8023 0.0000e+00
 149.582106      8.095    14.7332  38.022380    30.7825      8.023  256.24372  256.46990    -2.9148     6.8124 -9.990e-29
 149.582109      8.113    14.7325  38.021204    30.7835      8.041  256.24536  256.47149    -2.8214     7.0631 -9.990e-29
 149.582112      8.123    14.7325  38.019594    30.7822      8.050  256.24821  256.47435    -2.8992     7.0672 -9.990e-29
 149.582115      8.134    14.7322  38.021018    30.7837      8.061  256.24711  256.47321    -2.7747     7.0510 -9.990e-29
 149.582118      8.146    14.7322  38.023928    30.7863      8.073  256.24249  256.46857    -2.9459     7.0227 -9.990e-29
 149.582121      8.163    14.7328  38.023371    30.7852      8.090  256.24079  256.46692    -2.6502     7.8274 -9.990e-29
 149.582124      8.186    14.7343  38.022319    30.7828      8.113  256.23762  256.46385    -2.6035     7.8678 -9.990e-29
 149.582127      8.225    14.7342  38.021947    30.7825      8.151  256.23851  256.46474    -2.6190     7.8556 0.0000e+00
 149.582130      8.265    14.7341  38.021204    30.7822      8.191  256.23940  256.46563    -2.6035     7.8435 0.0000e+00
 149.582133      8.318    14.7338  38.019409    30.7822      8.243  256.24164  256.46779    -2.5101     7.4554 0.0000e+00
 149.582135      8.362    14.7333  38.022195    30.7831      8.287  256.24227  256.46844    -2.4167     7.4473 0.0000e+00
 149.582138      8.402    14.7332  38.021453    30.7835      8.327  256.24196  256.46812    -2.4478     7.4331 0.0000e+00
 149.582141      8.433    14.7333  38.023929    30.7831      8.357  256.24227  256.46844    -2.3856     7.4473 -9.990e-29
 149.582144      8.456    14.7327  38.022877    30.7848      8.381  256.24234  256.46847    -2.4790     7.4715 -9.990e-29
 149.582147      8.466    14.7326  38.024363    30.7862      8.390  256.24027  256.46638    -2.7747     7.5281 -9.990e-29
 149.582150      8.467    14.7325  38.024053    30.7860      8.392  256.24105  256.46716    -2.6969     7.5201 -9.990e-29
 149.582153      8.475    14.7324  38.025478    30.7874      8.399  256.23937  256.46546    -2.7280     7.4998 -9.990e-29
 149.582156      8.478    14.7325  38.024115    30.7860      8.403  256.24096  256.46707    -2.5568     7.5160 -9.990e-29
 149.582159      8.484    14.7321  38.021948    30.7844      8.408  256.24614  256.47224    -2.1522     8.5997 -9.990e-29
 149.582161      8.500    14.7320  38.022815    30.7853      8.424  256.24506  256.47115    -2.0121     8.6078 -9.990e-29
 149.582164      8.522    14.7315  38.023001    30.7890      8.446  256.24082  256.46685    -2.1522     8.6199 -9.990e-29
 149.582167      8.557    14.7315  38.026592    30.7874      8.480  256.24383  256.46988    -2.3156     8.5876 0.0000e+00
 149.582170      8.601    14.7315  38.023001    30.7888      8.524  256.24398  256.46998    -2.4790     8.5552 0.0000e+00
 149.582173      8.650    14.7310  38.025912    30.7888      8.573  256.24580  256.47175    -2.4790     8.5431 0.0000e+00
 149.582176      8.703    14.7302  38.026779    30.7888      8.625  256.24580  256.47175    -2.4012     8.5391 0.0000e+00
 149.582179      8.760    14.7293  38.024117    30.7902      8.681  256.25165  256.47751    -2.4012     8.5391 0.0000e+00
 149.582182      8.807    14.7288  38.026408    30.7909      8.728  256.25165  256.47751    -2.6346     6.8205 0.0000e+00
 149.582185      8.851    14.7283  38.028390    30.7931      8.772  256.25025  256.47608    -2.6813     6.8124 0.0000e+00
 149.582188      8.886    14.7283  38.028514    30.7931      8.806  256.25017  256.47599    -2.6813     6.7922 0.0000e+00
 149.582190      8.911    14.7283  38.024799    30.7932      8.832  256.25008  256.47590    -2.6813     6.8124 -9.990e-29
 149.582193      8.928    14.7281  38.027275    30.7922      8.848  256.25294  256.47876    -2.7280     6.8245 -9.990e-29
 149.582196      8.939    14.7278  38.022632    30.7883      8.859  256.26148  256.48732    -3.1171     8.6361 -9.990e-29
 149.582199      8.942    14.7282  38.025232    30.7903      8.862  256.25591  256.48175    -3.1483     8.5916 -9.990e-29
 149.582202      8.955    14.7290  38.024551    30.7890      8.875  256.25383  256.47972    -3.1171     8.6199 -9.990e-29
 149.582205      8.972    14.7305  38.021455    30.7894      8.891  256.24524  256.47121    -2.9459     8.6604 -9.990e-29
 149.582208      8.997    14.7309  38.026347    30.7885      8.917  256.24489  256.47089    -2.9692     8.6563 0.0000e+00
 149.582211      9.027    14.7312  38.024984    30.7876      8.946  256.24524  256.47121    -2.9459     8.6604 0.0000e+00
 149.582214      9.061    14.7312  38.023003    30.7859      8.980  256.24829  256.47433    -2.8837     8.6765 0.0000e+00
 149.582216      9.098    14.7311  38.021889    30.7855      9.016  256.24947  256.47551    -2.8604     8.6826 0.0000e+00
 149.582219      9.125    14.7310  38.022879    30.7850      9.043  256.25066  256.47670    -2.8370     8.6765 -9.990e-29
 149.582222      9.149    14.7315  38.022322    30.7850      9.067  256.24799  256.47405    -3.0082     7.9649 -9.990e-29
 149.582225      9.169    14.7317  38.020589    30.7833      9.087  256.25018  256.47627    -3.0393     7.9608 -9.990e-29
 149.582228      9.189    14.7319  38.023808    30.7860      9.107  256.24421  256.47029    -3.1171     7.9608 -9.990e-29
 149.582231      9.205    14.7322  38.025666    30.7875      9.123  256.24040  256.46648    -2.2300     8.2236 -9.990e-29
 149.582234      9.227    14.7325  38.025233    30.7868      9.145  256.23995  256.46605    -2.1055     8.2398 -9.990e-29
 149.582237      9.251    14.7330  38.024552    30.7846      9.168  256.24112  256.46726    -2.2455     8.2196 -9.990e-29
 149.582240      9.278    14.7327  38.023251    30.7849      9.195  256.24175  256.46787    -2.1989     8.2338 0.0000e+00
 149.582242      9.314    14.7325  38.023561    30.7852      9.231  256.24238  256.46849    -2.2455     8.2479 0.0000e+00
 149.582245      9.356    14.7321  38.024366    30.7863      9.273  256.24244  256.46849    -2.3545     8.3126 0.0000e+00
 149.582248      9.406    14.7315  38.025914    30.7881      9.321  256.24285  256.46893    -2.3545     8.3328 0.0000e+00
 149.582251      9.459    14.7303  38.026410    30.7895      9.374  256.24630  256.47226    -2.3545     8.3571 0.0000e+00
 149.582254      9.506    14.7293  38.025915    30.7895      9.421  256.25115  256.47705    -2.3545     8.3571 0.0000e+00
 149.582257      9.546    14.7287  38.024058    30.7895      9.461  256.25509  256.48095    -2.2222     7.3826 0.0000e+00
 149.582260      9.575    14.7280  38.027464    30.7892      9.490  256.25903  256.48486    -1.9809     6.4081 -9.990e-29
 149.582263      9.590    14.7273  38.027464    30.7927      9.504  256.25594  256.48172    -1.8409     6.4161 -9.990e-29
 149.582266      9.601    14.7274  38.025668    30.7911      9.515  256.25852  256.48431    -1.8720     6.4040 -9.990e-29
 149.582269      9.610    14.7277  38.027278    30.7923      9.524  256.25481  256.48061    -1.2027     8.0700 -9.990e-29
 149.582271      9.623    14.7276  38.028516    30.7935      9.537  256.25343  256.47920    -1.2183     8.1064 -9.990e-29
 149.582274      9.638    14.7273  38.028145    30.7933      9.551  256.25489  256.48066    -1.2027     8.1023 -9.990e-29
 149.582277      9.661    14.7268  38.028145    30.7926      9.575  256.25901  256.48475    -1.9809     8.5310 -9.990e-29
 149.582280      9.689    14.7268  38.026845    30.7941      9.602  256.25636  256.48209    -1.9498     8.5411 0.0000e+00
 149.582283      9.724    14.7268  38.030189    30.7941      9.636  256.25900  256.48471    -1.9654     8.5512 0.0000e+00
 149.582286      9.762    14.7263  38.028146    30.7956      9.675  256.25900  256.48471    -1.9654     8.5512 0.0000e+00
 149.582289      9.804    14.7259  38.029198    30.7949      9.716  256.25976  256.48544    -1.9732     8.5511 0.0000e+00
 149.582292      9.840    14.7254  38.029508    30.7957      9.752  256.26052  256.48617    -1.9809     8.5471 -9.990e-29
 149.582295      9.862    14.7250  38.031304    30.7980      9.774  256.25894  256.48454    -1.8564     7.3866 -9.990e-29
 149.582297      9.884    14.7242  38.030809    30.7981      9.796  256.26262  256.48818    -1.8720     7.3745 -9.990e-29
 149.582300      9.897    14.7238  38.030190    30.7979      9.808  256.26506  256.49060    -1.9343     7.3704 -9.990e-29
 149.582303      9.906    14.7237  38.031057    30.7988      9.817  256.26426  256.48979    -1.9187     7.3704 -9.990e-29
 149.582306      9.919    14.7237  38.032419    30.8000      9.830  256.26210  256.48762    -1.6697     8.7655 -9.990e-29
 149.582309      9.935    14.7234  38.033038    30.8008      9.846  256.26228  256.48777    -1.6074     8.7493 -9.990e-29
 149.582312      9.952    14.7237  38.029447    30.7993      9.862  256.26322  256.48874    -1.6697     8.7776 -9.990e-29
 149.582315      9.979    14.7237  38.031738    30.7989      9.890  256.26369  256.48921    -1.9654     8.4056 0.0000e+00
 149.582318     10.014    14.7237  38.030809    30.7987      9.924  256.26415  256.48968    -2.0276     8.0376 0.0000e+00
 149.582321     10.056    14.7237  38.031057    30.7987      9.965  256.26415  256.48968    -2.1055     8.0376 0.0000e+00
 149.582323     10.101    14.7232  38.032420    30.7987     10.011  256.26436  256.48988    -2.1055     8.0376 0.0000e+00
 149.582326     10.152    14.7229  38.029200    30.7999     10.061  256.26779  256.49325    -2.1055     8.0134 0.0000e+00
 149.582329     10.200    14.7226  38.031491    30.7976     10.108  256.27025  256.49575    -1.4051     6.8771 0.0000e+00
 149.582332     10.247    14.7222  38.028148    30.7999     10.155  256.27199  256.49739    -1.4051     6.8731 0.0000e+00
 149.582335     10.280    14.7220  38.031058    30.7987     10.188  256.27343  256.49885    -1.4051     6.8711 0.0000e+00
 149.582338     10.305    14.7217  38.031306    30.8002     10.213  256.27199  256.49739    -1.4051     6.8731 -9.990e-29
 149.582341     10.325    14.7213  38.031987    30.8013     10.233  256.27198  256.49736    -1.5452     6.8892 -9.990e-29
 149.582344     10.344    14.7212  38.030811    30.8003     10.251  256.27415  256.49953    -1.7164     6.5455 -9.990e-29
 149.582347     10.362    14.7206  38.029696    30.7998     10.269  256.27824  256.50359    -1.7164     6.5375 -9.990e-29
 149.582350     10.382    14.7203  38.030130    30.8005     10.289  256.27900  256.50433    -1.5918     6.5375 -9.990e-29
 149.582352     10.397    14.7199  38.030625    30.8011     10.304  256.27938  256.50468    -1.5918     6.5375 -9.990e-29
 149.582355     10.417    14.7198  38.030811    30.8014     10.324  256.27967  256.50496    -2.2455     8.6887 -9.990e-29
 149.582358     10.439    14.7203  38.031988    30.8021     10.345  256.27620  256.50151    -2.1366     8.6765 -9.990e-29
 149.582361     10.468    14.7205  38.031926    30.8030     10.374  256.27372  256.49902    -2.0587     8.6947 0.0000e+00
 149.582364     10.499    14.7205  38.034341    30.8030     10.405  256.27372  256.49902    -2.0587     8.6947 0.0000e+00
 149.582367     10.528    14.7206  38.032607    30.8040     10.434  256.27123  256.49654    -1.9809     8.7129 -9.990e-29
 149.582370     10.552    14.7212  38.031741    30.8011     10.458  256.27280  256.49818    -2.1055     8.3207 -9.990e-29
 149.582373     10.568    14.7212  38.030378    30.7999     10.474  256.27527  256.50065    -2.2144     8.3571 -9.990e-29
 149.582376     10.592    14.7210  38.032855    30.8022     10.497  256.27192  256.49727    -2.1522     8.3611 -9.990e-29
 149.582378     10.616    14.7207  38.031060    30.8030     10.521  256.27222  256.49755    -1.1560     7.3987 -9.990e-29
 149.582381     10.641    14.7208  38.033413    30.8032     10.546  256.27150  256.49683    -1.1249     7.3967 0.0000e+00
 149.582384     10.671    14.7207  38.033970    30.8030     10.575  256.27222  256.49755    -1.1560     7.3947 0.0000e+00
 149.582387     10.703    14.7209  38.033165    30.8033     10.608  256.27077  256.49611    -1.1405     7.3866 0.0000e+00
 149.582390     10.740    14.7209  38.035085    30.8027     10.644  256.27226  256.49763    -1.2183     7.3624 0.0000e+00
 149.582393     10.776    14.7212  38.032175    30.8014     10.680  256.27226  256.49763    -2.0899     7.0712 0.0000e+00
 149.582396     10.815    14.7212  38.031803    30.8010     10.718  256.27287  256.49825    -2.1366     7.0631 0.0000e+00
 149.582399     10.858    14.7207  38.029946    30.8009     10.761  256.27699  256.50232    -2.2300     7.0631 0.0000e+00
 149.582402     10.897    14.7205  38.031061    30.8009     10.799  256.27699  256.50232    -2.2611     7.0672 0.0000e+00
 149.582405     10.933    14.7205  38.032237    30.8009     10.836  256.27588  256.50123    -2.5880     7.0833 0.0000e+00
 149.582407     10.961    14.7206  38.031061    30.8013     10.863  256.27565  256.50099    -2.6736     7.0753 0.0000e+00
 149.582410     10.992    14.7208  38.032485    30.8007     10.893  256.27588  256.50123    -2.5880     7.0833 -9.990e-29
 149.582413     11.017    14.7229  38.029699    30.7977     10.919  256.27001  256.49551    -2.6658     7.0469 -9.990e-29
 149.582416     11.039    14.7236  38.030194    30.7976     10.940  256.26665  256.49218    -2.3389     8.7210 -9.990e-29
 149.582419     11.059    14.7238  38.029203    30.7965     10.960  256.26737  256.49292    -2.4634     8.7493 -9.990e-29
 149.582422     11.076    14.7243  38.028151    30.7952     10.977  256.26733  256.49291    -2.3234     8.7574 -9.990e-29
 149.582425     11.090    14.7249  38.027593    30.7942     10.991  256.26592  256.49155    -2.2922     8.7574 -9.990e-29
 149.582428     11.103    14.7251  38.028398    30.7948     11.004  256.26378  256.48942    -2.5724     8.1994 -9.990e-29
 149.582431     11.114    14.7249  38.027284    30.7940     11.015  256.26642  256.49206    -2.6346     8.2317 -9.990e-29
 149.582433     11.134    14.7251  38.029451    30.7957     11.034  256.26213  256.48775    -2.7125     8.2520 -9.990e-29
 149.582436     11.149    14.7255  38.024374    30.7920     11.049  256.26672  256.49240    -2.7125     8.2156 -9.990e-29
 149.582439     11.176    14.7256  38.025674    30.7923     11.076  256.26599  256.49167    -2.8682     8.4784 0.0000e+00
 149.582442     11.202    14.7256  38.026417    30.7926     11.101  256.26526  256.49094    -2.9304     8.7412 0.0000e+00
