seaocn-cb/data/ctd_cnv/SBE19plus_01907321_2024_05_24_Cast44.cnv
* Sea-Bird SBE19plus  Data File:
* FileName = E:\Prandtl_Daten\2024\CTD\raw\SBE19plus_01907321_2024_05_24_Cast44.hex
* Software version 2.6.1.12
* Temperature SN = 7321
* Conductivity SN = 7321
* System UpLoad Time = May 24 2024 12:00:26
* <ApplicationData>
* <Seaterm232>
** 20240524
** Sea Practical 2024
** MCat 24.05 CTD_SP2
** NMEA Latitude = 054 06.04N
** NMEA Longitude = 008 34.80E
** waterdepth = 15.0m
** Emelie
# nquan = 11
# nvalues = 512                         
# units = specified
# name 0 = timeJ: Julian Days
# name 1 = prdM: Pressure, Strain Gauge [db]
# name 2 = tv290C: Temperature [ITS-90, deg C]
# name 3 = c0mS/cm: Conductivity [mS/cm]
# name 4 = sal00: Salinity, Practical [PSU]
# name 5 = depSM: Depth [salt water, m], lat = 54.00
# name 6 = oxsatMm/Kg: Oxygen Saturation, Weiss [umol/kg]
# name 7 = oxsolMm/Kg: Oxygen Saturation, Garcia & Gordon [umol/kg]
# name 8 = turbWETntu0: Turbidity, WET Labs ECO [NTU]
# name 9 = flECO-AFL: Fluorescence, WET Labs ECO-AFL/FL [mg/m^3]
# name 10 = flag:  0.000e+00
# span 0 = 145.495524, 145.497002       
# span 1 =      0.439,     14.336       
# span 2 =    15.6201,    16.4219       
# span 3 =  36.017770,  36.257881       
# span 4 =    27.9382,    28.3585       
# span 5 =      0.435,     14.207       
# span 6 =  252.62733,  255.95078       
# span 7 =  252.95690,  256.24080       
# span 8 =    -2.0276,    19.7622       
# span 9 =     4.6369,    11.4707       
# span 10 = 0.0000e+00, 0.0000e+00      
# interval = seconds: 0.25
# start_time = May 24 2024 11:52:18 [Instrument's time stamp, header]
# bad_flag = -9.990e-29
*END*
 145.495524      0.439    16.2911  36.165164    27.9928      0.435  253.18776  253.51119    -0.8603     5.6195 -9.990e-29
 145.495527      0.448    16.2924  36.163526    27.9904      0.444  253.18531  253.50881    -1.0160     5.6236 -9.990e-29
 145.495530      0.468    16.2928  36.163404    27.9895      0.464  253.18499  253.50852    -0.9848     5.6438 -9.990e-29
 145.495532      0.510    16.2917  36.162737    27.9880      0.506  253.19320  253.51668    -0.9459     5.6317 0.0000e+00
 145.495535      0.583    16.2906  36.157459    27.9868      0.578  253.20140  253.52484    -0.9848     5.6195 0.0000e+00
 145.495538      0.664    16.2901  36.156792    27.9868      0.658  253.20170  253.52511    -1.1094     5.2354 0.0000e+00
 145.495541      0.746    16.2901  36.158552    27.9868      0.739  253.20170  253.52511    -1.1405     5.2354 0.0000e+00
 145.495544      0.822    16.2911  36.156974    27.9877      0.815  253.20011  253.52359    -1.1405     5.2354 0.0000e+00
 145.495547      0.879    16.2922  36.162860    27.9873      0.871  253.19164  253.51516    -1.1250     5.2354 0.0000e+00
 145.495550      0.921    16.2933  36.160068    27.9891      0.913  253.18318  253.50673    -1.1094     5.2273 -9.990e-29
 145.495553      0.932    16.3004  36.164073    27.9852      0.923  253.15457  253.47846    -0.6736     5.4052 -9.990e-29
 145.495556      0.939    16.3018  36.166257    27.9860      0.931  253.14585  253.46980    -0.6424     5.3931 -9.990e-29
 145.495558      0.932    16.3017  36.164497    27.9846      0.923  253.14876  253.47271    -0.7669     5.3567 -9.990e-29
 145.495561      0.919    16.3013  36.164922    27.9853      0.911  253.14995  253.47388    -1.0471     5.2637 -9.990e-29
 145.495564      0.906    16.3007  36.164740    27.9855      0.898  253.15235  253.47625    -1.2494     5.2435 -9.990e-29
 145.495567      0.891    16.2996  36.165347    27.9868      0.883  253.15541  253.47925    -1.2494     5.2354 -9.990e-29
 145.495570      0.888    16.2982  36.164922    27.9874      0.880  253.16152  253.48530    -1.1872     5.2273 -9.990e-29
 145.495573      0.895    16.2957  36.166257    27.9852      0.887  253.17783  253.50151    -0.4557     4.6369 -9.990e-29
 145.495576      0.922    16.2952  36.160311    27.9855      0.914  253.18000  253.50366    -0.4324     4.6410 0.0000e+00
 145.495579      0.961    16.2947  36.160069    27.9852      0.952  253.18218  253.50581    -0.4090     4.6410 0.0000e+00
 145.495582      1.010    16.2939  36.158127    27.9848      1.001  253.18905  253.51264    -0.4090     4.6410 0.0000e+00
 145.495584      1.067    16.2939  36.156550    27.9848      1.057  253.18905  253.51264    -0.4245     4.6410 0.0000e+00
 145.495587      1.121    16.2946  36.160069    27.9856      1.111  253.18257  253.50620    -1.3428     5.1222 0.0000e+00
 145.495590      1.169    16.2947  36.160069    27.9856      1.158  253.18257  253.50620    -1.3895     5.1222 0.0000e+00
 145.495593      1.209    16.2947  36.155216    27.9856      1.198  253.18199  253.50562    -1.3895     5.0979 0.0000e+00
 145.495596      1.244    16.2948  36.160737    27.9838      1.233  253.18497  253.50862    -1.4129     5.0979 0.0000e+00
 145.495599      1.275    16.2948  36.163407    27.9861      1.263  253.18073  253.50437    -1.3428     5.0979 -9.990e-29
 145.495602      1.298    16.2995  36.169414    27.9903      1.287  253.15021  253.47403    -1.4518     5.3931 -9.990e-29
 145.495605      1.319    16.3054  36.170869    27.9874      1.307  253.12580  253.44990    -1.5140     5.3850 -9.990e-29
 145.495608      1.335    16.3108  36.171112    27.9838      1.323  253.10502  253.42938    -1.5763     5.3608 -9.990e-29
 145.495611      1.355    16.3127  36.168684    27.9804      1.343  253.10130  253.42577    -1.4518     5.8541 -9.990e-29
 145.495613      1.379    16.3136  36.169534    27.9848      1.367  253.08886  253.41335    -1.4051     5.8258 -9.990e-29
 145.495616      1.408    16.3158  36.174631    27.9862      1.396  253.07580  253.40038    -1.4051     5.8319 0.0000e+00
 145.495619      1.441    16.3179  36.181367    27.9848      1.428  253.06274  253.38740    -1.4051     5.8379 0.0000e+00
 145.495622      1.472    16.3240  36.178817    27.9811      1.459  253.04335  253.36832    -1.4206     6.5455 0.0000e+00
 145.495625      1.514    16.3240  36.177057    27.9783      1.501  253.04335  253.36832    -1.4518     6.5698 0.0000e+00
 145.495628      1.545    16.3237  36.167773    27.9783      1.531  253.06096  253.38597    -1.4518     6.5698 0.0000e+00
 145.495631      1.574    16.3218  36.175056    27.9763      1.560  253.06275  253.38764    -1.4285     6.5678 0.0000e+00
 145.495634      1.603    16.3199  36.163587    27.9807      1.589  253.06453  253.38932    -1.4051     6.5658 -9.990e-29
 145.495637      1.621    16.3175  36.170869    27.9788      1.607  253.07991  253.40460    -1.1716     6.6668 -9.990e-29
 145.495639      1.641    16.3169  36.170687    27.9790      1.627  253.08232  253.40699    -1.1094     6.6952 -9.990e-29
 145.495642      1.654    16.3161  36.168685    27.9779      1.639  253.08865  253.41329    -1.1249     6.6871 -9.990e-29
 145.495645      1.669    16.3128  36.170020    27.9814      1.654  253.09919  253.42366    -1.1249     6.6466 -9.990e-29
 145.495648      1.689    16.3100  36.169778    27.9831      1.674  253.10993  253.43427    -1.8876     6.3555 -9.990e-29
 145.495651      1.714    16.3116  36.173722    27.9861      1.699  253.09667  253.42106    -1.8409     6.3757 -9.990e-29
 145.495654      1.744    16.3138  36.174632    27.9899      1.728  253.07908  253.40355    -1.9109     6.3656 0.0000e+00
 145.495657      1.782    16.3161  36.187073    27.9936      1.766  253.06150  253.38603    -1.9343     6.3555 0.0000e+00
 145.495660      1.824    16.3310  36.204431    27.9936      1.807  252.97941  253.30458    -1.9498     6.2948 0.0000e+00
 145.495663      1.862    16.3546  36.199997    27.9777      1.845  252.89632  253.22267    -1.9498     6.2827 0.0000e+00
 145.495666      1.902    16.3786  36.205944    27.9660      1.885  252.79695  253.12444    -1.9498     6.2908 0.0000e+00
 145.495668      1.940    16.3880  36.204606    27.9589      1.923  252.76255  253.09050    -1.9810     6.2847 0.0000e+00
 145.495671      1.973    16.3973  36.209887    27.9518      1.956  252.72815  253.05656    -1.9187     6.2908 -9.990e-29
 145.495674      1.997    16.4134  36.216989    27.9511      1.979  252.64889  252.97801    -1.6852     6.1533 -9.990e-29
 145.495677      2.021    16.4206  36.212313    27.9421      2.003  252.62862  252.95813    -1.6385     6.1573 -9.990e-29
 145.495680      2.037    16.4219  36.209885    27.9391      2.019  252.62733  252.95690    -1.5763     6.1654 -9.990e-29
 145.495683      2.054    16.4173  36.205090    27.9382      2.036  252.65180  252.98118    -1.6697     6.1573 -9.990e-29
 145.495686      2.072    16.4100  36.204605    27.9429      2.054  252.68030  253.00933    -1.2806     6.3272 -9.990e-29
 145.495689      2.091    16.3982  36.208127    27.9522      2.072  252.72310  253.05154    -1.4673     6.3717 -9.990e-29
 145.495692      2.118    16.3976  36.205821    27.9524      2.099  252.72531  253.05373    -1.4206     6.3474 0.0000e+00
 145.495694      2.145    16.3976  36.205517    27.9524      2.126  252.72531  253.05373    -1.4206     6.3474 0.0000e+00
 145.495697      2.174    16.3971  36.209281    27.9526      2.155  252.72753  253.05592    -1.3739     6.3231 -9.990e-29
 145.495700      2.198    16.3989  36.204850    27.9532      2.179  252.71764  253.04611    -1.2339     5.8824 -9.990e-29
 145.495703      2.229    16.3989  36.207703    27.9532      2.209  252.71764  253.04611    -1.2339     5.8824 0.0000e+00
 145.495706      2.257    16.3989  36.209039    27.9532      2.237  252.71764  253.04611    -1.2339     5.8824 -9.990e-29
 145.495709      2.282    16.3961  36.209585    27.9570      2.262  252.72514  253.05346    -1.5452     6.4323 -9.990e-29
 145.495712      2.317    16.3956  36.209889    27.9568      2.296  252.72792  253.05622    -1.5763     6.4323 0.0000e+00
 145.495715      2.352    16.3951  36.208614    27.9570      2.331  252.72956  253.05779    -1.6074     6.4323 0.0000e+00
 145.495718      2.384    16.3943  36.211468    27.9596      2.363  252.73070  253.05898    -1.7475     6.4323 0.0000e+00
 145.495720      2.421    16.3932  36.212561    27.9596      2.399  252.73194  253.06011    -1.8876     6.8650 0.0000e+00
 145.495723      2.456    16.3928  36.206430    27.9590      2.434  252.73800  253.06617    -1.9421     6.8690 0.0000e+00
 145.495726      2.485    16.3924  36.211469    27.9566      2.463  252.74405  253.07222    -1.8876     6.8650 -9.990e-29
 145.495729      2.510    16.3847  36.214748    27.9691      2.488  252.76110  253.08884    -1.8409     6.8529 -9.990e-29
 145.495732      2.543    16.3776  36.215659    27.9748      2.520  252.78662  253.11401    -1.8720     6.8529 -9.990e-29
 145.495735      2.567    16.3604  36.225618    27.9952      2.544  252.83727  253.16376    -1.8253     5.6155 -9.990e-29
 145.495738      2.596    16.3604  36.225376    27.9952      2.573  252.83727  253.16376    -1.8253     5.6155 0.0000e+00
 145.495741      2.622    16.3604  36.235335    27.9952      2.598  252.83727  253.16376    -1.8253     5.6155 -9.990e-29
 145.495744      2.647    16.3308  36.233758    28.0188      2.624  252.94456  253.26958    -1.0471     6.3474 -9.990e-29
 145.495747      2.676    16.3287  36.228719    28.0188      2.653  252.95497  253.27990    -0.9459     6.3575 0.0000e+00
 145.495749      2.711    16.3291  36.225380    28.0188      2.687  252.95594  253.28090    -0.8759     6.3474 0.0000e+00
 145.495752      2.749    16.3278  36.225380    28.0179      2.725  252.96066  253.28555    -0.8603     6.3575 0.0000e+00
 145.495755      2.781    16.3291  36.242140    28.0171      2.756  252.95594  253.28090    -0.8759     6.3474 -9.990e-29
 145.495758      2.806    16.3173  36.246271    28.0433      2.781  252.96986  253.29411    -1.9809     6.5455 -9.990e-29
 145.495761      2.828    16.3057  36.236678    28.0432      2.803  253.02794  253.35168    -1.8409     6.5536 -9.990e-29
 145.495764      2.841    16.3045  36.234856    28.0425      2.815  253.03522  253.35891    -1.9031     6.5455 -9.990e-29
 145.495767      2.855    16.3108  36.222954    28.0278      2.830  253.02908  253.35315    -1.9654     6.5415 -9.990e-29
 145.495770      2.866    16.3244  36.217427    28.0135      2.841  252.98545  253.31023    -1.8720    11.0178 -9.990e-29
 145.495773      2.882    16.3399  36.224954    28.0091      2.857  252.91580  253.24129    -1.9654    11.0502 -9.990e-29
 145.495775      2.899    16.3458  36.224772    28.0048      2.873  252.89352  253.21930    -2.0276    11.0259 -9.990e-29
 145.495778      2.919    16.3467  36.216090    28.0003      2.893  252.89714  253.22298    -1.9654    11.0421 -9.990e-29
 145.495781      2.950    16.3446  36.220279    28.0006      2.924  252.90719  253.23294    -1.7553     8.7938 0.0000e+00
 145.495784      2.988    16.3425  36.217426    28.0003      2.962  252.91723  253.24289    -1.6385     6.5455 0.0000e+00
 145.495787      3.021    16.3393  36.213237    28.0008      2.994  252.92421  253.24968    -1.6385     6.5455 0.0000e+00
 145.495790      3.069    16.3392  36.221191    28.0063      3.041  252.93533  253.26086    -1.6541     6.5415 0.0000e+00
 145.495793      3.112    16.3347  36.221799    28.0099      3.085  252.94010  253.26536    -1.6852     6.5415 0.0000e+00
 145.495796      3.152    16.3270  36.228054    28.0207      3.124  252.96013  253.28497    -1.6541     6.0401 0.0000e+00
 145.495799      3.191    16.3162  36.235342    28.0345      3.162  252.99021  253.31447    -1.7319     6.0320 0.0000e+00
 145.495802      3.227    16.3044  36.243299    28.0496      3.198  253.02323  253.34687    -1.6385     6.0320 0.0000e+00
 145.495804      3.265    16.2940  36.246397    28.0596      3.236  253.05795  253.38107    -1.6385     6.0320 0.0000e+00
 145.495807      3.302    16.2817  36.253444    28.0743      3.272  253.09412  253.41658    -1.5763     5.8905 0.0000e+00
 145.495810      3.335    16.2690  36.255207    28.0847      3.305  253.13962  253.46145    -1.5763     5.8905 0.0000e+00
 145.495813      3.368    16.2632  36.257881    28.0899      3.338  253.15956  253.48110    -1.6464     5.8885 0.0000e+00
 145.495816      3.395    16.2575  36.253691    28.0951      3.365  253.17951  253.50075    -1.7631     5.8864 -9.990e-29
 145.495819      3.417    16.2579  36.247677    28.0861      3.387  253.19316  253.51448    -1.9343     5.9471 -9.990e-29
 145.495822      3.428    16.2695  36.247919    28.0781      3.397  253.14866  253.47055    -1.9498     5.9633 -9.990e-29
 145.495825      3.437    16.2815  36.240569    28.0633      3.406  253.11420  253.43672    -1.9654     5.9552 -9.990e-29
 145.495828      3.446    16.2914  36.237957    28.0541      3.416  253.08061  253.40364    -1.8876     5.9713 -9.990e-29
 145.495830      3.452    16.2984  36.234191    28.0459      3.421  253.05939  253.38279    -1.9654     5.9713 -9.990e-29
 145.495833      3.463    16.3021  36.240202    28.0485      3.432  253.03647  253.36002    -1.4518     6.3555 -9.990e-29
 145.495836      3.470    16.3033  36.237530    28.0453      3.439  253.03587  253.35949    -1.3895     6.3555 -9.990e-29
 145.495839      3.490    16.3042  36.238259    28.0453      3.459  253.03145  253.35511    -1.4206     6.3272 -9.990e-29
 145.495842      3.514    16.3120  36.233097    28.0334      3.482  253.01347  253.33756    -1.6852     7.4554 -9.990e-29
 145.495845      3.549    16.3130  36.230668    28.0323      3.517  253.01031  253.33445    -1.6152     7.4432 0.0000e+00
 145.495848      3.591    16.3120  36.229818    28.0334      3.559  253.01347  253.33756    -1.6852     7.4554 0.0000e+00
 145.495851      3.634    16.3108  36.230668    28.0341      3.602  253.01778  253.34182    -1.6697     7.4392 0.0000e+00
 145.495854      3.687    16.3054  36.230487    28.0378      3.654  253.03880  253.36257    -1.6697     7.4392 0.0000e+00
 145.495856      3.733    16.2995  36.232977    28.0441      3.700  253.05738  253.38084    -1.5140     6.6911 0.0000e+00
 145.495859      3.777    16.2905  36.230003    28.0478      3.743  253.09593  253.41896    -1.5140     6.6749 0.0000e+00
 145.495862      3.817    16.2905  36.228486    28.0485      3.783  253.09593  253.41896    -1.5140     6.6749 0.0000e+00
 145.495865      3.859    16.2911  36.232918    28.0485      3.824  253.08922  253.41227    -1.3895     6.6749 0.0000e+00
 145.495868      3.890    16.2931  36.231157    28.0477      3.855  253.08292  253.40607    -1.2961     6.9823 0.0000e+00
 145.495871      3.923    16.2951  36.230671    28.0455      3.888  253.07661  253.39987    -1.2027     7.2896 -9.990e-29
 145.495874      3.948    16.3023  36.224598    28.0368      3.913  253.05584  253.37948    -1.1094     7.4109 -9.990e-29
 145.495877      3.976    16.3029  36.226906    28.0341      3.940  253.05732  253.38101    -1.1172     7.4028 0.0000e+00
 145.495880      4.001    16.3029  36.221623    28.0341      3.966  253.05732  253.38101    -1.1172     7.4028 0.0000e+00
 145.495883      4.027    16.3036  36.223627    28.0313      3.991  253.05881  253.38253    -1.1249     7.3947 -9.990e-29
 145.495885      4.049    16.2996  36.224052    28.0362      4.013  253.07047  253.39399    -0.5802     7.3098 -9.990e-29
 145.495888      4.069    16.2977  36.222535    28.0362      4.032  253.07974  253.40317    -0.6891     7.3098 -9.990e-29
 145.495891      4.085    16.2962  36.221199    28.0361      4.049  253.08752  253.41088    -0.6269     7.3260 -9.990e-29
 145.495894      4.102    16.2955  36.219621    28.0352      4.065  253.09230  253.41564    -1.8720     8.1145 -9.990e-29
 145.495897      4.111    16.2936  36.220957    28.0377      4.074  253.09764  253.42088    -1.8720     8.0700 -9.990e-29
 145.495900      4.120    16.2925  36.225814    28.0427      4.083  253.09471  253.41787    -1.8253     8.0943 -9.990e-29
