seaocn-cb/data/ctd_cnv/SBE19plus_01907321_2024_05_22_Cast13.cnv
* Sea-Bird SBE19plus  Data File:
* FileName = E:\Prandtl_Daten\2024\CTD\raw\SBE19plus_01907321_2024_05_21_Cast13.hex
* Software version 2.6.1.12
* Temperature SN = 7321
* Conductivity SN = 7321
* System UpLoad Time = May 22 2024 11:31:09
* <ApplicationData>
* <Seaterm232>
** 20240522
** Sea Practical 2024
** MCat 22.05 CTD_M2
** NMEA Latitude = 54 04.15N
** NMEA Longitude = 008 24.804E
** waterdepth = 9m
** Merle
# nquan = 11
# nvalues = 297                         
# units = specified
# name 0 = timeJ: Julian Days
# name 1 = prdM: Pressure, Strain Gauge [db]
# name 2 = tv290C: Temperature [ITS-90, deg C]
# name 3 = c0mS/cm: Conductivity [mS/cm]
# name 4 = sal00: Salinity, Practical [PSU]
# name 5 = depSM: Depth [salt water, m], lat = 54.00
# name 6 = oxsatMm/Kg: Oxygen Saturation, Weiss [umol/kg]
# name 7 = oxsolMm/Kg: Oxygen Saturation, Garcia & Gordon [umol/kg]
# name 8 = turbWETntu0: Turbidity, WET Labs ECO [NTU]
# name 9 = flECO-AFL: Fluorescence, WET Labs ECO-AFL/FL [mg/m^3]
# name 10 = flag:  0.000e+00
# span 0 = 143.476554, 143.477410       
# span 1 =      0.638,      7.809       
# span 2 =    13.6199,    13.8522       
# span 3 =  36.742284,  36.846076       
# span 4 =    30.3209,    30.5968       
# span 5 =      0.632,      7.739       
# span 6 =  261.71009,  262.46562       
# span 7 =  261.89154,  262.63118       
# span 8 =    -4.3778,    -1.5918       
# span 9 =     4.9766,     6.9499       
# span 10 = 0.0000e+00, 0.0000e+00      
# interval = seconds: 0.25
# start_time = May 22 2024 11:24:52 [Instrument's time stamp, header]
# bad_flag = -9.990e-29
*END*
[from data line 263]
 143.477315      7.420    13.6384  36.841549    30.5779      7.354  262.39933  262.56601    -2.9771     5.6681 -9.990e-29
 143.477318      7.424    13.6373  36.838064    30.5756      7.357  262.40954  262.57618    -3.0860     5.6802 -9.990e-29
 143.477321      7.442    13.6317  36.841305    30.5841      7.376  262.42427  262.59050    -3.4129     6.2423 -9.990e-29
 143.477323      7.475    13.6302  36.842467    30.5838      7.408  262.43336  262.59950    -3.3429     6.2241 0.0000e+00
 143.477326      7.515    13.6286  36.839105    30.5841      7.448  262.44244  262.60850    -3.2728     6.2423 0.0000e+00
 143.477329      7.566    13.6254  36.840634    30.5874      7.499  262.45241  262.61824    -3.2728     6.2261 0.0000e+00
 143.477332      7.619    13.6232  36.842652    30.5910      7.551  262.45777  262.62344    -3.2728     6.2261 0.0000e+00
 143.477335      7.670    13.6230  36.842896    30.5915      7.602  262.45819  262.62384    -3.3195     5.3931 0.0000e+00
 143.477338      7.720    13.6229  36.842958    30.5915      7.651  262.45866  262.62430    -3.2961     5.3689 0.0000e+00
 143.477341      7.762    13.6230  36.844486    30.5915      7.692  262.45819  262.62384    -3.3195     5.3931 -9.990e-29
 143.477344      7.774    13.6231  36.844058    30.5924      7.705  262.45609  262.62174    -3.3817     5.3891 -9.990e-29
 143.477347      7.767    13.6228  36.841246    30.5900      7.698  262.46197  262.62763    -3.0549     6.8609 -9.990e-29
 143.477350      7.764    13.6226  36.842897    30.5917      7.694  262.45978  262.62541    -3.0860     6.8650 -9.990e-29
 143.477352      7.747    13.6227  36.842469    30.5912      7.678  262.46020  262.62583    -3.1794     6.8771 -9.990e-29
 143.477355      7.736    13.6232  36.844914    30.5931      7.667  262.45404  262.61969    -3.0393     6.8771 -9.990e-29
 143.477358      7.727    13.6233  36.840207    30.5886      7.658  262.46137  262.62707    -3.2105     6.8650 -9.990e-29
 143.477361      7.722    13.6233  36.838373    30.5869      7.652  262.46445  262.63016    -2.9771     5.6479 -9.990e-29
 143.477364      7.722    13.6224  36.844058    30.5929      7.652  262.45867  262.62427    -2.8837     5.6317 -9.990e-29
 143.477367      7.716    13.6217  36.842897    30.5925      7.647  262.46352  262.62909    -2.9615     5.6155 -9.990e-29
 143.477370      7.714    13.6214  36.845159    30.5947      7.645  262.46059  262.62612    -2.9459     5.6519 -9.990e-29
 143.477373      7.705    13.6211  36.843814    30.5938      7.636  262.46430  262.62982    -3.6463     6.9176 -9.990e-29
 143.477376      7.694    13.6211  36.844914    30.5948      7.625  262.46244  262.62795    -3.6308     6.9337 -9.990e-29
 143.477378      7.679    13.6215  36.841979    30.5918      7.611  262.46562  262.63118    -3.4440     6.9297 -9.990e-29
 143.477381      7.658    13.6219  36.844302    30.5936      7.589  262.45996  262.62553    -3.6463     6.9499 -9.990e-29
 143.477384      7.641    13.6222  36.843141    30.5923      7.573  262.46103  262.62662    -3.5218     6.4687 -9.990e-29
 143.477387      7.632    13.6225  36.843569    30.5924      7.564  262.45885  262.62447    -3.5062     6.4970 -9.990e-29
 143.477390      7.626    13.6228  36.841490    30.5903      7.558  262.46118  262.62683    -3.6463     6.4970 -9.990e-29
 143.477393      7.639    13.6229  36.845403    30.5938      7.571  262.45432  262.61994    -3.5374     6.4687 -9.990e-29
 143.477396      7.659    13.6223  36.842224    30.5913      7.591  262.46200  262.62761    -3.3195     6.3029 -9.990e-29
 143.477399      7.694    13.6212  36.842774    30.5930      7.625  262.46486  262.63040    -3.3662     6.2746 -9.990e-29
 143.477402      7.728    13.6210  36.843141    30.5937      7.659  262.46482  262.63034    -3.3584     6.2625 0.0000e+00
 143.477405      7.767    13.6210  36.844242    30.5937      7.697  262.46482  262.63034    -3.3584     6.2625 0.0000e+00
 143.477407      7.798    13.6208  36.845342    30.5944      7.728  262.46478  262.63028    -3.3506     6.2504 -9.990e-29
 143.477410      7.809    13.6199  36.846076    30.5968      7.739  262.46522  262.63063    -3.4595     5.6519 -9.990e-29
