seaocn-cb/data/ctd_cnv/SBE19plus_01907321_2024_05_25_Cast46.cnv
* Sea-Bird SBE19plus  Data File:
* FileName = E:\Prandtl_Daten\2024\25052024\raw\SBE19plus_01907321_2024_05_25_Cast46.hex
* Software version 2.6.1.12
* Temperature SN = 7321
* Conductivity SN = 7321
* System UpLoad Time = May 25 2024 06:08:47
* <ApplicationData>
* <Seaterm232>
** 20240525
** Sea Practical 2024
** MCat 25.05 CTD_SP1
** NMEA Latitude = 054 07.72N
** NMEA Longitude = 008 46.61E
** waterdepth = 10.99m
** Isabell
# nquan = 11
# nvalues = 388                         
# units = specified
# name 0 = timeJ: Julian Days
# name 1 = prdM: Pressure, Strain Gauge [db]
# name 2 = tv290C: Temperature [ITS-90, deg C]
# name 3 = c0mS/cm: Conductivity [mS/cm]
# name 4 = sal00: Salinity, Practical [PSU]
# name 5 = depSM: Depth [salt water, m], lat = 54.00
# name 6 = oxsatMm/Kg: Oxygen Saturation, Weiss [umol/kg]
# name 7 = oxsolMm/Kg: Oxygen Saturation, Garcia & Gordon [umol/kg]
# name 8 = turbWETntu0: Turbidity, WET Labs ECO [NTU]
# name 9 = flECO-AFL: Fluorescence, WET Labs ECO-AFL/FL [mg/m^3]
# name 10 = flag:  0.000e+00
# span 0 = 146.252014, 146.253134       
# span 1 =      0.581,      9.780       
# span 2 =    17.7652,    18.1491       
# span 3 =  35.423101,  35.595973       
# span 4 =    26.2336,    26.3807       
# span 5 =      0.576,      9.693       
# span 6 =  247.08434,  248.71364       
# span 7 =  247.49315,  249.10758       
# span 8 =    -0.5802,     9.8556       
# span 9 =     1.8630,     5.0615       
# span 10 = 0.0000e+00, 0.0000e+00      
# interval = seconds: 0.25
# start_time = May 25 2024 06:01:44 [Instrument's time stamp, header]
# bad_flag = -9.990e-29
*END*
 146.252014      0.581    18.1357  35.543883    26.2377      0.576  247.17026  247.57873    -0.4245     2.0773 -9.990e-29
 146.252017      0.585    18.1371  35.546474    26.2389      0.580  247.16169  247.57020    -0.4712     2.0854 -9.990e-29
 146.252020      0.594    18.1385  35.546956    26.2385      0.589  247.15598  247.56455    -0.5024     2.0814 -9.990e-29
 146.252023      0.614    18.1412  35.545871    26.2353      0.609  247.14828  247.55697     0.0891     2.0005 -9.990e-29
 146.252025      0.645    18.1414  35.545208    26.2347      0.639  247.14792  247.55662     0.1046     2.0005 0.0000e+00
 146.252028      0.676    18.1414  35.544365    26.2347      0.670  247.14792  247.55662     0.1046     2.0005 0.0000e+00
 146.252031      0.704    18.1417  35.542617    26.2342      0.697  247.14755  247.55626     0.1202     2.0005 -9.990e-29
 146.252034      0.722    18.1399  35.544365    26.2354      0.716  247.15420  247.56284    -0.0043     2.0409 -9.990e-29
 146.252037      0.740    18.1382  35.540870    26.2336      0.733  247.16528  247.57386     0.2136     2.0045 -9.990e-29
 146.252040      0.753    18.1384  35.546294    26.2379      0.746  247.15728  247.56584    -0.0199     2.1420 -9.990e-29
 146.252043      0.762    18.1395  35.546053    26.2370      0.755  247.15350  247.56211     0.1202     2.1420 -9.990e-29
 146.252046      0.784    18.1411  35.545631    26.2357      0.777  247.14842  247.55709     0.0268     2.1218 -9.990e-29
 146.252049      0.810    18.1409  35.545631    26.2364      0.803  247.14815  247.55682     0.0268     2.1056 0.0000e+00
 146.252052      0.841    18.1407  35.546957    26.2361      0.834  247.14842  247.55709     0.0268     2.0894 0.0000e+00
 146.252054      0.874    18.1406  35.545872    26.2361      0.866  247.14970  247.55835    -0.0043     2.0814 0.0000e+00
 146.252057      0.910    18.1405  35.545209    26.2361      0.902  247.15125  247.55990    -0.0043     2.0814 0.0000e+00
 146.252060      0.945    18.1400  35.545631    26.2363      0.936  247.15125  247.55990    -0.0043     2.0611 0.0000e+00
 146.252063      0.975    18.1400  35.546957    26.2375      0.967  247.15111  247.55973    -0.1132     2.0207 0.0000e+00
 146.252066      1.003    18.1400  35.548223    26.2379      0.994  247.14979  247.55840    -0.1677     2.0126 0.0000e+00
 146.252069      1.028    18.1401  35.548223    26.2383      1.019  247.14846  247.55708    -0.1132     2.0207 -9.990e-29
 146.252072      1.050    18.1417  35.549307    26.2382      1.041  247.14100  247.54969    -0.1444     2.0005 -9.990e-29
 146.252075      1.065    18.1417  35.550392    26.2391      1.056  247.13985  247.54853    -0.5802     2.0288 -9.990e-29
 146.252078      1.081    18.1422  35.554731    26.2423      1.072  247.13206  247.54074    -0.3934     2.0005 -9.990e-29
 146.252080      1.094    18.1427  35.552321    26.2400      1.084  247.13345  247.54216    -0.3467     2.0450 -9.990e-29
 146.252083      1.111    18.1435  35.551236    26.2389      1.101  247.13122  247.53996    -0.1444     2.0328 -9.990e-29
 146.252086      1.140    18.1437  35.551658    26.2384      1.130  247.13145  247.54020    -0.1210     2.0369 0.0000e+00
 146.252089      1.175    18.1436  35.550633    26.2379      1.164  247.13168  247.54044    -0.1444     2.0328 0.0000e+00
 146.252092      1.207    18.1436  35.547801    26.2357      1.197  247.13618  247.54495    -0.1599     2.0126 0.0000e+00
 146.252095      1.244    18.1432  35.546717    26.2357      1.233  247.13702  247.54575    -0.1599     2.0126 0.0000e+00
 146.252098      1.280    18.1431  35.549067    26.2361      1.269  247.13814  247.54688    -0.1210     2.0187 0.0000e+00
 146.252101      1.310    18.1429  35.543885    26.2371      1.298  247.13702  247.54575    -0.0821     2.0369 -9.990e-29
 146.252104      1.334    18.1423  35.547139    26.2359      1.322  247.14188  247.55060    -0.1755     1.9277 -9.990e-29
 146.252106      1.361    18.1419  35.547139    26.2362      1.349  247.14347  247.55217    -0.2066     1.9520 -9.990e-29
 146.252109      1.379    18.1421  35.549308    26.2379      1.367  247.13990  247.54859    -0.1444     1.9398 -9.990e-29
 146.252112      1.398    18.1421  35.548887    26.2375      1.385  247.14048  247.54918    -0.3467     1.9520 -9.990e-29
 146.252115      1.412    18.1423  35.548043    26.2367      1.400  247.14100  247.54971    -0.3623     1.9600 -9.990e-29
 146.252118      1.425    18.1426  35.549309    26.2375      1.412  247.13802  247.54674    -0.3778     1.9439 -9.990e-29
 146.252121      1.451    18.1432  35.548646    26.2366      1.438  247.13673  247.54547    -0.3311     1.9600 -9.990e-29
 146.252124      1.471    18.1430  35.549550    26.2348      1.457  247.14058  247.54933    -0.3934     1.8954 -9.990e-29
 146.252127      1.502    18.1427  35.546296    26.2347      1.488  247.14182  247.55057    -0.3856     1.8812 0.0000e+00
 146.252130      1.536    18.1425  35.545874    26.2347      1.522  247.14307  247.55180    -0.3778     1.8751 0.0000e+00
 146.252133      1.571    18.1417  35.544127    26.2347      1.557  247.14727  247.55595    -0.3778     1.8670 0.0000e+00
 146.252135      1.607    18.1415  35.546055    26.2347      1.593  247.14794  247.55664    -0.0199     1.8691 0.0000e+00
 146.252138      1.638    18.1413  35.549972    26.2356      1.624  247.14727  247.55595     0.3381     1.8630 -9.990e-29
 146.252141      1.662    18.1412  35.549731    26.2387      1.647  247.14261  247.55127     0.2914     2.0328 -9.990e-29
 146.252144      1.686    18.1426  35.549972    26.2380      1.671  247.13724  247.54596     0.3226     2.0288 -9.990e-29
 146.252147      1.711    18.1430  35.552564    26.2398      1.696  247.13215  247.54087     0.4471     2.0611 -9.990e-29
 146.252150      1.729    18.1435  35.548225    26.2360      1.714  247.13648  247.54524     0.7428     2.0894 -9.990e-29
 146.252153      1.748    18.1436  35.548647    26.2362      1.732  247.13529  247.54405     0.7895     2.0733 -9.990e-29
 146.252156      1.764    18.1435  35.552745    26.2397      1.748  247.13035  247.53909     0.9140     2.0894 -9.990e-29
 146.252159      1.789    18.1447  35.557084    26.2430      1.773  247.11915  247.52791     0.5716     1.9964 -9.990e-29
 146.252161      1.815    18.1450  35.557747    26.2426      1.799  247.11866  247.52744     0.5404     2.0025 0.0000e+00
 146.252164      1.840    18.1448  35.557084    26.2430      1.824  247.11817  247.52696     0.5716     2.0086 0.0000e+00
 146.252167      1.873    18.1450  35.559012    26.2430      1.856  247.11749  247.52628     0.5638     2.0106 0.0000e+00
 146.252170      1.903    18.1448  35.561423    26.2439      1.886  247.11682  247.52559     0.6183     2.0126 -9.990e-29
 146.252173      1.926    18.1453  35.560519    26.2448      1.909  247.11290  247.52168     0.6494     2.1461 -9.990e-29
 146.252176      1.959    18.1456  35.558591    26.2430      1.942  247.11460  247.52340     0.6338     2.1744 -9.990e-29
 146.252179      1.983    18.1449  35.557506    26.2426      1.965  247.11861  247.52739     0.6027     2.1420 -9.990e-29
 146.252182      2.007    18.1441  35.558410    26.2438      1.989  247.12023  247.52897     0.4471     2.1339 -9.990e-29
 146.252185      2.029    18.1437  35.558832    26.2444      2.010  247.12124  247.52997     2.1436     2.1258 -9.990e-29
 146.252187      2.050    18.1437  35.556663    26.2426      2.032  247.12421  247.53294     2.1280     2.1380 -9.990e-29
 146.252190      2.074    18.1432  35.559676    26.2454      2.055  247.12201  247.53071     1.9724     2.1258 -9.990e-29
 146.252193      2.092    18.1429  35.556844    26.2433      2.074  247.12682  247.53552     2.0346     2.1339 -9.990e-29
 146.252196      2.114    18.1435  35.560339    26.2457      2.095  247.11987  247.52858     2.0191     2.1339 -9.990e-29
 146.252199      2.138    18.1453  35.563594    26.2458      2.119  247.11121  247.51999     0.7117     2.0126 -9.990e-29
 146.252202      2.167    18.1457  35.561846    26.2460      2.148  247.10906  247.51785     0.6494     2.0167 0.0000e+00
 146.252205      2.194    18.1461  35.562931    26.2461      2.175  247.10691  247.51571     0.5871     2.0207 0.0000e+00
 146.252208      2.227    18.1463  35.562931    26.2461      2.207  247.10691  247.51571     0.5871     2.0409 0.0000e+00
 146.252211      2.258    18.1463  35.560098    26.2455      2.238  247.10985  247.51867     1.4587     2.1865 0.0000e+00
 146.252214      2.285    18.1461  35.561846    26.2446      2.265  247.10993  247.51873     1.5132     2.1946 0.0000e+00
 146.252216      2.314    18.1457  35.562690    26.2455      2.294  247.11000  247.51880     1.5677     2.2027 -9.990e-29
 146.252219      2.334    18.1453  35.563353    26.2487      2.314  247.10630  247.51506     1.7233     2.2755 -9.990e-29
 146.252222      2.365    18.1453  35.565523    26.2487      2.344  247.10630  247.51506     1.7233     2.2755 0.0000e+00
 146.252225      2.391    18.1453  35.564438    26.2487      2.370  247.10630  247.51506     1.7233     2.2755 -9.990e-29
 146.252228      2.411    18.1467  35.566789    26.2489      2.390  247.09955  247.50836     1.7856     2.2714 -9.990e-29
 146.252231      2.427    18.1472  35.565523    26.2475      2.406  247.09939  247.50822     1.7856     2.2795 -9.990e-29
 146.252234      2.453    18.1473  35.567693    26.2492      2.431  247.09613  247.50496     1.3498     2.1420 -9.990e-29
 146.252237      2.475    18.1475  35.568115    26.2495      2.453  247.09494  247.50377     1.3654     2.1501 -9.990e-29
 146.252240      2.500    18.1479  35.568296    26.2493      2.478  247.09313  247.50198     1.2253     2.1501 -9.990e-29
 146.252242      2.532    18.1480  35.570466    26.2510      2.509  247.08987  247.49872     1.3342     2.1339 -9.990e-29
 146.252245      2.553    18.1487  35.568296    26.2488      2.531  247.09031  247.49919     1.3965     2.1339 -9.990e-29
 146.252248      2.586    18.1486  35.565524    26.2466      2.563  247.09441  247.50330     1.6144     2.0894 -9.990e-29
 146.252251      2.608    18.1483  35.568116    26.2489      2.585  247.09184  247.50071     1.5988     2.0814 -9.990e-29
 146.252254      2.632    18.1480  35.568116    26.2500      2.608  247.09165  247.50051     1.6299     2.0975 -9.990e-29
 146.252257      2.661    18.1480  35.569201    26.2500      2.637  247.09165  247.50051     1.6299     2.0975 0.0000e+00
 146.252260      2.687    18.1480  35.567031    26.2500      2.663  247.09165  247.50051     1.6299     2.0975 -9.990e-29
 146.252263      2.710    18.1485  35.568960    26.2494      2.686  247.09011  247.49899     0.9918     2.1541 -9.990e-29
 146.252266      2.734    18.1489  35.567453    26.2480      2.710  247.09091  247.49980     1.1008     2.1258 -9.990e-29
 146.252269      2.754    18.1491  35.568538    26.2492      2.729  247.08761  247.49650     2.1280     2.2148 -9.990e-29
 146.252271      2.780    18.1489  35.569201    26.2486      2.755  247.08956  247.49845     2.1124     2.2249 0.0000e+00
 146.252274      2.807    18.1488  35.567272    26.2488      2.782  247.09151  247.50040     2.0969     2.2148 0.0000e+00
 146.252277      2.833    18.1483  35.568116    26.2488      2.807  247.09195  247.50082     1.9879     2.2108 0.0000e+00
 146.252280      2.860    18.1479  35.568116    26.2488      2.834  247.09354  247.50239     1.9879     2.2108 0.0000e+00
 146.252283      2.886    18.1476  35.564018    26.2476      2.860  247.09728  247.50613     1.8323     2.2330 0.0000e+00
 146.252286      2.917    18.1474  35.565947    26.2461      2.891  247.10102  247.50987     1.6766     2.2714 -9.990e-29
 146.252289      2.940    18.1473  35.568298    26.2496      2.914  247.09554  247.50437     1.5833     2.2471 -9.990e-29
 146.252292      2.968    18.1472  35.568539    26.2498      2.941  247.09554  247.50437     1.5210     2.2633 -9.990e-29
 146.252295      2.991    18.1477  35.570468    26.2531      2.965  247.08808  247.49690     2.0191     2.3523 -9.990e-29
 146.252297      3.017    18.1477  35.572879    26.2531      2.990  247.08808  247.49690     2.0191     2.3523 0.0000e+00
 146.252300      3.046    18.1477  35.570709    26.2531      3.019  247.08808  247.49690     2.0191     2.3523 -9.990e-29
 146.252303      3.068    18.1471  35.576315    26.2563      3.041  247.08564  247.49442     2.1280     2.3402 -9.990e-29
 146.252306      3.094    18.1473  35.573723    26.2540      3.066  247.08823  247.49704     2.0969     2.3887 -9.990e-29
 146.252309      3.114    18.1476  35.575893    26.2556      3.086  247.08434  247.49315     2.5949     2.5302 -9.990e-29
 146.252312      3.132    18.1472  35.575471    26.2555      3.104  247.08619  247.49498     2.5794     2.5383 -9.990e-29
 146.252315      3.158    18.1469  35.576134    26.2562      3.129  247.08656  247.49534     2.5949     2.5302 -9.990e-29
 146.252318      3.179    18.1461  35.576737    26.2549      3.151  247.09238  247.50113     2.6261     2.5302 -9.990e-29
 146.252321      3.210    18.1459  35.573965    26.2563      3.182  247.09112  247.49986     2.5872     2.5282 0.0000e+00
 146.252323      3.238    18.1457  35.576979    26.2573      3.209  247.09077  247.49950     2.5638     2.5262 0.0000e+00
 146.252326      3.267    18.1457  35.576557    26.2576      3.238  247.08987  247.49859     2.5638     2.5262 0.0000e+00
 146.252329      3.296    18.1457  35.580837    26.2581      3.267  247.08781  247.49655     2.5638     2.5383 0.0000e+00
 146.252332      3.324    18.1457  35.577823    26.2594      3.294  247.08781  247.49655     2.5638     2.5383 0.0000e+00
 146.252335      3.353    18.1454  35.578908    26.2594      3.323  247.08810  247.49678     2.5949     2.5221 0.0000e+00
 146.252338      3.379    18.1452  35.580415    26.2601      3.349  247.08817  247.49687     2.5872     2.5080 0.0000e+00
 146.252341      3.408    18.1449  35.579150    26.2609      3.378  247.08810  247.49678     2.6572     2.5221 -9.990e-29
 146.252344      3.430    18.1452  35.578728    26.2593      3.399  247.08947  247.49817     2.5794     2.5100 -9.990e-29
 146.252347      3.448    18.1456  35.578909    26.2592      3.418  247.08766  247.49637     2.0502     2.6798 -9.990e-29
 146.252350      3.465    18.1456  35.579753    26.2599      3.434  247.08652  247.49523     2.0191     2.7203 -9.990e-29
 146.252352      3.489    18.1455  35.580235    26.2603      3.458  247.08619  247.49489     2.0035     2.7203 -9.990e-29
 146.252355      3.511    18.1455  35.580235    26.2586      3.479  247.08916  247.49788     2.3303     2.5059 -9.990e-29
 146.252358      3.538    18.1454  35.578065    26.2582      3.506  247.09022  247.49894     2.3693     2.5039 0.0000e+00
 146.252361      3.567    18.1453  35.576980    26.2586      3.535  247.08916  247.49788     2.3615     2.5059 0.0000e+00
 146.252364      3.593    18.1451  35.581501    26.2598      3.561  247.08900  247.49770     2.3849     2.5201 0.0000e+00
 146.252367      3.624    18.1449  35.577161    26.2617      3.592  247.08672  247.49540     2.3615     2.5383 -9.990e-29
 146.252370      3.648    18.1447  35.579994    26.2606      3.615  247.08976  247.49843     2.0969     2.7486 -9.990e-29
 146.252373      3.682    18.1444  35.579995    26.2610      3.649  247.09010  247.49876     2.0580     2.7223 0.0000e+00
 146.252376      3.711    18.1442  35.580658    26.2606      3.678  247.09045  247.49910     2.0191     2.7122 0.0000e+00
 146.252378      3.737    18.1442  35.579151    26.2608      3.703  247.09179  247.50045     2.0035     2.7041 0.0000e+00
 146.252381      3.763    18.1441  35.582828    26.2603      3.729  247.09314  247.50180     1.9879     2.7122 -9.990e-29
 146.252384      3.784    18.1434  35.583250    26.2641      3.750  247.09011  247.49872     3.0307     2.6596 -9.990e-29
 146.252387      3.799    18.1431  35.583250    26.2643      3.765  247.09106  247.49966     3.0619     2.6636 -9.990e-29
 146.252390      3.817    18.1428  35.586265    26.2669      3.783  247.08823  247.49681     3.1085     2.6475 -9.990e-29
