seaocn-cb/data/ctd_cnv/SBE19plus_01907321_2024_05_28_Cast95.cnv
* Sea-Bird SBE19plus  Data File:
* FileName = E:\Prandtl_Daten\2024\28052024\raw\SBE19plus_01907321_2024_05_28_Cast95.hex
* Software version 2.6.1.12
* Temperature SN = 7321
* Conductivity SN = 7321
* System UpLoad Time = May 28 2024 12:31:30
* <ApplicationData>
* <Seaterm232>
** 20240527
** Sea Practical 2024
** MCat 27.05 CTD_SP7
** NMEA Latitude = 54 8.36N
** NMEA Longitude = 008 20.85E
** waterdepth = 14.4m
** Maja
# nquan = 11
# nvalues = 488                         
# units = specified
# name 0 = timeJ: Julian Days
# name 1 = prdM: Pressure, Strain Gauge [db]
# name 2 = tv290C: Temperature [ITS-90, deg C]
# name 3 = c0mS/cm: Conductivity [mS/cm]
# name 4 = sal00: Salinity, Practical [PSU]
# name 5 = depSM: Depth [salt water, m], lat = 54.00
# name 6 = oxsatMm/Kg: Oxygen Saturation, Weiss [umol/kg]
# name 7 = oxsolMm/Kg: Oxygen Saturation, Garcia & Gordon [umol/kg]
# name 8 = turbWETntu0: Turbidity, WET Labs ECO [NTU]
# name 9 = flECO-AFL: Fluorescence, WET Labs ECO-AFL/FL [mg/m^3]
# name 10 = flag:  0.000e+00
# span 0 = 149.518194, 149.519604       
# span 1 =      0.962,     13.925       
# span 2 =    14.9370,    17.3688       
# span 3 =  37.225378,  37.919650       
# span 4 =    28.1974,    30.5289       
# span 5 =      0.953,     13.801       
# span 6 =  247.55880,  255.64355       
# span 7 =  247.92679,  255.88267       
# span 8 =    -4.5490,     7.3264       
# span 9 =     1.7579,     8.8969       
# span 10 = 0.0000e+00, 0.0000e+00      
# interval = seconds: 0.25
# start_time = May 28 2024 12:24:04 [Instrument's time stamp, header]
# bad_flag = -9.990e-29
*END*
[from data line 394]
 149.519334     12.334    14.9402  37.917974    30.5262     12.223  255.62748  255.86675     4.0735     6.9620 0.0000e+00
 149.519337     12.363    14.9400  37.916799    30.5262     12.252  255.62841  255.86767     4.0735     6.9378 -9.990e-29
 149.519340     12.381    14.9398  37.918902    30.5272     12.270  255.62785  255.86709     3.9023     6.9418 -9.990e-29
 149.519343     12.392    14.9395  37.918222    30.5269     12.281  255.63008  255.86932     3.8712     6.1735 -9.990e-29
 149.519346     12.397    14.9392  37.918222    30.5270     12.286  255.63095  255.87017     3.6844     6.1695 -9.990e-29
 149.519349     12.403    14.9392  37.918222    30.5271     12.292  255.63125  255.87046     3.7778     6.1533 -9.990e-29
 149.519352     12.408    14.9392  37.914944    30.5242     12.297  255.63641  255.87565     3.8868     6.1735 -9.990e-29
 149.519355     12.419    14.9387  37.916676    30.5261     12.308  255.63543  255.87463     3.7000     7.7425 -9.990e-29
 149.519358     12.443    14.9382  37.914697    30.5266     12.331  255.63720  255.87636     3.8712     7.7344 -9.990e-29
 149.519361     12.470    14.9382  37.916862    30.5270     12.358  255.63663  255.87579     3.8479     7.7203 0.0000e+00
 149.519363     12.508    14.9382  37.917790    30.5275     12.396  255.63605  255.87521     3.8245     7.7061 0.0000e+00
 149.519366     12.551    14.9385  37.918223    30.5275     12.438  255.63395  255.87312     3.8245     7.7020 0.0000e+00
 149.519369     12.607    14.9385  37.917543    30.5273     12.494  255.63395  255.87312     4.3070     6.7760 0.0000e+00
 149.519372     12.658    14.9385  37.917976    30.5271     12.545  255.63411  255.87329     4.3692     6.7760 0.0000e+00
 149.519375     12.710    14.9385  37.917790    30.5273     12.596  255.63473  255.87391     4.3692     6.8407 0.0000e+00
 149.519378     12.750    14.9382  37.918223    30.5275     12.635  255.63541  255.87457     4.2992     6.8447 0.0000e+00
 149.519381     12.782    14.9379  37.917729    30.5279     12.668  255.63610  255.87524     4.2292     6.8407 -9.990e-29
 149.519384     12.801    14.9374  37.918657    30.5287     12.686  255.63747  255.87658     5.3654     6.6345 -9.990e-29
 149.519387     12.819    14.9378  37.916368    30.5264     12.704  255.63964  255.87879     5.4276     6.6668 -9.990e-29
 149.519389     12.826    14.9380  37.917976    30.5276     12.711  255.63624  255.87540     5.2564     6.6830 -9.990e-29
 149.519392     12.832    14.9379  37.916678    30.5266     12.717  255.63887  255.87802     5.3031     7.1885 -9.990e-29
 149.519395     12.839    14.9379  37.917049    30.5269     12.724  255.63829  255.87744     5.3187     7.1763 -9.990e-29
 149.519398     12.847    14.9380  37.917976    30.5276     12.732  255.63626  255.87541     5.4276     7.2168 -9.990e-29
 149.519401     12.869    14.9381  37.914513    30.5265     12.753  255.63775  255.87692     6.5327     7.6535 -9.990e-29
 149.519404     12.901    14.9379  37.916863    30.5262     12.786  255.63951  255.87867     6.5171     7.6616 0.0000e+00
 149.519407     12.943    14.9377  37.915750    30.5265     12.827  255.63775  255.87692     6.5015     7.6535 0.0000e+00
 149.519410     13.000    14.9377  37.918905    30.5278     12.883  255.63605  255.87518     6.5015     7.6454 0.0000e+00
 149.519413     13.055    14.9380  37.918225    30.5278     12.938  255.63600  255.87515     6.5638     7.6454 0.0000e+00
 149.519416     13.117    14.9384  37.917730    30.5272     12.999  255.63537  255.87454     6.5638     7.6050 0.0000e+00
 149.519418     13.164    14.9385  37.918225    30.5271     13.046  255.63441  255.87359     6.2370     7.0874 0.0000e+00
 149.519421     13.206    14.9387  37.917792    30.5272     13.087  255.63346  255.87265     5.9101     6.5011 -9.990e-29
 149.519424     13.229    14.9380  37.918906    30.5283     13.111  255.63503  255.87418     6.0191     6.4930 -9.990e-29
 149.519427     13.249    14.9384  37.917112    30.5264     13.131  255.63642  255.87560     5.8634     6.4849 -9.990e-29
 149.519430     13.260    14.9383  37.918473    30.5277     13.142  255.63458  255.87374     5.4587     6.9539 -9.990e-29
 149.519433     13.264    14.9377  37.918225    30.5279     13.145  255.63729  255.87642     5.4120     6.9620 -9.990e-29
 149.519436     13.266    14.9373  37.917298    30.5274     13.147  255.64020  255.87931     5.4587     6.9742 -9.990e-29
 149.519439     13.273    14.9374  37.917731    30.5277     13.154  255.63923  255.87835     5.5366     6.9903 -9.990e-29
 149.519442     13.288    14.9375  37.916679    30.5268     13.169  255.64014  255.87927     5.3187     7.3704 -9.990e-29
 149.519444     13.319    14.9372  37.916803    30.5276     13.199  255.64004  255.87916     5.2486     7.3381 0.0000e+00
 149.519447     13.361    14.9370  37.918226    30.5276     13.241  255.64014  255.87927     5.2720     7.3057 0.0000e+00
 149.519450     13.410    14.9370  37.917298    30.5280     13.290  255.64041  255.87951     5.2720     7.2694 0.0000e+00
 149.519453     13.463    14.9371  37.917793    30.5276     13.342  255.64041  255.87951     5.3031     6.6911 0.0000e+00
 149.519456     13.509    14.9376  37.916866    30.5274     13.388  255.63987  255.87901     5.5521     6.6547 0.0000e+00
 149.519459     13.551    14.9377  37.917732    30.5274     13.429  255.63824  255.87738     5.5677     6.6547 0.0000e+00
 149.519462     13.582    14.9378  37.918907    30.5278     13.460  255.63689  255.87604     5.5599     6.6527 0.0000e+00
 149.519465     13.609    14.9379  37.916371    30.5282     13.487  255.63554  255.87469     5.5677     6.6507 -9.990e-29
 149.519468     13.630    14.9379  37.918907    30.5282     13.507  255.63557  255.87471     5.1786     6.8245 -9.990e-29
 149.519470     13.637    14.9384  37.917979    30.5270     13.515  255.63530  255.87448     5.4120     6.7760 -9.990e-29
 149.519473     13.639    14.9388  37.918227    30.5270     13.517  255.63346  255.87266     5.2253     6.8003 -9.990e-29
 149.519476     13.640    14.9389  37.918227    30.5269     13.518  255.63318  255.87238     5.4276     6.8731 -9.990e-29
 149.519479     13.650    14.9385  37.916804    30.5259     13.527  255.63658  255.87577     5.8634     6.9216 -9.990e-29
 149.519482     13.666    14.9384  37.916866    30.5260     13.543  255.63707  255.87626     5.9412     6.9256 -9.990e-29
 149.519485     13.688    14.9372  37.917299    30.5271     13.565  255.64116  255.88027     5.8790     6.8771 -9.990e-29
 149.519488     13.723    14.9371  37.917052    30.5275     13.600  255.64073  255.87984     5.8323     7.0753 0.0000e+00
 149.519491     13.763    14.9371  37.917980    30.5275     13.639  255.64073  255.87984     5.8323     7.0753 0.0000e+00
 149.519494     13.788    14.9371  37.918475    30.5280     13.665  255.64030  255.87940     5.7856     7.2734 -9.990e-29
 149.519497     13.812    14.9372  37.915754    30.5259     13.688  255.64355  255.88267     5.8478     7.2694 -9.990e-29
 149.519499     13.845    14.9374  37.917114    30.5270     13.721  255.64056  255.87968     5.8945     7.2855 -9.990e-29
 149.519502     13.867    14.9378  37.919650    30.5289     13.742  255.63513  255.87426     6.6416     7.0227 -9.990e-29
 149.519505     13.881    14.9381  37.918228    30.5274     13.757  255.63622  255.87538     6.8440     7.0025 -9.990e-29
 149.519508     13.883    14.9381  37.917547    30.5268     13.758  255.63729  255.87646     6.8284     7.0267 -9.990e-29
 149.519511     13.879    14.9380  37.915754    30.5253     13.755  255.64041  255.87958     6.6883     7.0267 -9.990e-29
 149.519514     13.870    14.9379  37.917795    30.5272     13.746  255.63777  255.87691     6.7039     6.9499 -9.990e-29
 149.519517     13.864    14.9376  37.916805    30.5265     13.740  255.64019  255.87933     7.2953     6.6426 -9.990e-29
 149.519520     13.859    14.9374  37.917980    30.5277     13.735  255.63920  255.87832     7.3264     6.6588 -9.990e-29
 149.519523     13.852    14.9375  37.916805    30.5266     13.728  255.64047  255.87961     7.3264     6.6871 -9.990e-29
 149.519525     13.852    14.9377  37.917795    30.5273     13.728  255.63833  255.87747     7.1552     6.7113 -9.990e-29
 149.519528     13.854    14.9376  37.916001    30.5258     13.730  255.64145  255.88059     6.4704     7.5322 -9.990e-29
 149.519531     13.848    14.9375  37.916372    30.5262     13.724  255.64115  255.88029     6.5482     7.4715 -9.990e-29
 149.519534     13.841    14.9374  37.916681    30.5266     13.717  255.64124  255.88037     6.5327     7.4634 -9.990e-29
 149.519537     13.821    14.9375  37.915197    30.5252     13.697  255.64327  255.88242     6.5171     7.5322 -9.990e-29
 149.519540     13.795    14.9375  37.916681    30.5265     13.672  255.64092  255.88005     4.9762     7.1440 -9.990e-29
 149.519543     13.770    14.9374  37.916619    30.5266     13.647  255.64129  255.88042     4.9296     7.1278 -9.990e-29
 149.519546     13.752    14.9377  37.915320    30.5252     13.629  255.64217  255.88132     5.0541     7.1602 -9.990e-29
 149.519549     13.746    14.9379  37.917114    30.5266     13.623  255.63847  255.87763     5.0541     7.0833 -9.990e-29
 149.519552     13.754    14.9377  37.916805    30.5265     13.631  255.63983  255.87897     5.9101     6.9903 -9.990e-29
 149.519554     13.778    14.9378  37.916434    30.5279     13.654  255.63695  255.87608     5.7078     7.0469 -9.990e-29
 149.519557     13.812    14.9382  37.918475    30.5275     13.688  255.63542  255.87457     5.7467     7.0307 0.0000e+00
 149.519560     13.847    14.9382  37.918413    30.5275     13.723  255.63542  255.87457     5.7467     7.0307 0.0000e+00
 149.519563     13.880    14.9386  37.919341    30.5272     13.755  255.63388  255.87307     5.7856     7.0146 -9.990e-29
 149.519566     13.894    14.9394  37.917547    30.5258     13.770  255.63238  255.87162     5.7389     6.4808 -9.990e-29
 149.519569     13.894    14.9389  37.917795    30.5264     13.770  255.63373  255.87294     5.7545     6.4889 -9.990e-29
 149.519572     13.872    14.9384  37.918228    30.5272     13.748  255.63506  255.87423     5.7545     6.4849 -9.990e-29
 149.519575     13.834    14.9381  37.917300    30.5266     13.710  255.63765  255.87682     5.7233     6.5132 -9.990e-29
 149.519578     13.794    14.9379  37.918660    30.5280     13.670  255.63607  255.87521     6.2369     6.8852 -9.990e-29
 149.519580     13.756    14.9382  37.917980    30.5272     13.632  255.63624  255.87541     6.3303     6.8650 -9.990e-29
 149.519583     13.727    14.9387  37.917794    30.5266     13.604  255.63449  255.87369     6.2836     6.9337 -9.990e-29
 149.519586     13.721    14.9385  37.917052    30.5261     13.598  255.63652  255.87571     6.1903     6.8609 -9.990e-29
 149.519589     13.730    14.9379  37.916001    30.5256     13.607  255.64021  255.87938     5.8323     7.0833 -9.990e-29
 149.519592     13.765    14.9375  37.917114    30.5269     13.642  255.64022  255.87935     5.8167     7.0672 -9.990e-29
 149.519595     13.809    14.9376  37.917300    30.5258     13.685  255.64145  255.88060     5.8790     7.0793 -9.990e-29
 149.519598     13.862    14.9376  37.916001    30.5258     13.737  255.64145  255.88060     5.8790     7.0793 0.0000e+00
 149.519601     13.902    14.9376  37.916372    30.5258     13.777  255.64145  255.88060     5.8790     7.0793 -9.990e-29
 149.519604     13.925    14.9378  37.916001    30.5256     13.801  255.64091  255.88007     6.9996     5.9471 -9.990e-29
