seaocn-cb/data/ctd_cnv/SBE19plus_01907321_2024_05_27_Cast82.cnv
* Sea-Bird SBE19plus  Data File:
* FileName = E:\Prandtl_Daten\2024\27052024\raw\SBE19plus_01907321_2024_05_27_Cast82.hex
* Software version 2.6.1.12
* Temperature SN = 7321
* Conductivity SN = 7321
* System UpLoad Time = May 27 2024 11:36:37
* <ApplicationData>
* <Seaterm232>
** 20240527
** Sea Practical 2024
** MCat 27.05 CTD_SP5
** NMEA Latitude = 54 7.781N
** NMEA Longitude = 008 25.579E
** waterdepth = 10.5m
** Merle
# nquan = 11
# nvalues = 322                         
# units = specified
# name 0 = timeJ: Julian Days
# name 1 = prdM: Pressure, Strain Gauge [db]
# name 2 = tv290C: Temperature [ITS-90, deg C]
# name 3 = c0mS/cm: Conductivity [mS/cm]
# name 4 = sal00: Salinity, Practical [PSU]
# name 5 = depSM: Depth [salt water, m], lat = 54.00
# name 6 = oxsatMm/Kg: Oxygen Saturation, Weiss [umol/kg]
# name 7 = oxsolMm/Kg: Oxygen Saturation, Garcia & Gordon [umol/kg]
# name 8 = turbWETntu0: Turbidity, WET Labs ECO [NTU]
# name 9 = flECO-AFL: Fluorescence, WET Labs ECO-AFL/FL [mg/m^3]
# name 10 = flag:  0.000e+00
# span 0 = 148.480825, 148.481753       
# span 1 =      0.876,      9.321       
# span 2 =    15.8561,    16.1660       
# span 3 =  37.078972,  37.283908       
# span 4 =    29.0274,    29.1060       
# span 5 =      0.868,      9.237       
# span 6 =  252.00164,  253.46592       
# span 7 =  252.31227,  253.76177       
# span 8 =    -2.7747,    56.0735       
# span 9 =     2.2269,     5.6640       
# span 10 = 0.0000e+00, 0.0000e+00      
# interval = seconds: 0.25
# start_time = May 27 2024 11:30:46 [Instrument's time stamp, header]
# bad_flag = -9.990e-29
*END*
[from data line 132]
 148.481207      4.684    15.9910  37.176504    29.0800      4.642  252.81330  253.11559     0.9607     3.6988 -9.990e-29
 148.481209      4.676    15.9888  37.178038    29.0829      4.635  252.81934  253.12150     1.6611     3.9819 -9.990e-29
 148.481212      4.678    15.9877  37.178100    29.0838      4.636  252.82343  253.12553     1.5210     3.9617 -9.990e-29
 148.481215      4.695    15.9868  37.178468    29.0830      4.653  252.82913  253.13119     1.5677     4.0102 -9.990e-29
 148.481218      4.726    15.9863  37.176505    29.0813      4.684  252.83467  253.13672     2.1124     4.0041 0.0000e+00
 148.481221      4.762    15.9857  37.171720    29.0796      4.720  252.84021  253.14225     2.6572     4.0102 0.0000e+00
 148.481224      4.813    15.9829  37.164174    29.0770      4.770  252.86229  253.16423     5.0074     4.0425 0.0000e+00
 148.481227      4.865    15.9779  37.162151    29.0770      4.821  252.88415  253.18584     5.0385     4.0587 0.0000e+00
 148.481230      4.914    15.9706  37.157183    29.0781      4.870  252.91907  253.22041     5.0385     4.0789 0.0000e+00
 148.481233      4.965    15.9620  37.153074    29.0808      4.921  252.95747  253.25839     5.0385     4.0870 0.0000e+00
 148.481236      5.007    15.9585  37.150069    29.0821      4.962  252.97285  253.27360     3.8090     4.1012 0.0000e+00
 148.481238      5.040    15.9550  37.154180    29.0833      4.995  252.98824  253.28882     2.5638     4.1153 -9.990e-29
 148.481241      5.062    15.9479  37.152831    29.0908      5.016  253.01066  253.31085     2.4860     4.1315 -9.990e-29
 148.481244      5.078    15.9488  37.150684    29.0883      5.033  253.01062  253.31087     2.5638     4.1113 -9.990e-29
 148.481247      5.094    15.9486  37.148476    29.0865      5.049  253.01454  253.31480     7.8868     4.0061 -9.990e-29
 148.481250      5.096    15.9474  37.145777    29.0850      5.051  253.02307  253.32328     8.1047     3.9940 -9.990e-29
 148.481253      5.102    15.9460  37.148292    29.0883      5.056  253.02466  253.32478     8.0424     3.9697 -9.990e-29
 148.481256      5.111    15.9435  37.143508    29.0859      5.065  253.04110  253.34112     8.1202     4.0102 -9.990e-29
 148.481259      5.134    15.9349  37.140504    29.0870      5.088  253.08228  253.38189     6.0969     3.9859 -9.990e-29
 148.481262      5.171    15.9330  37.137560    29.0880      5.124  253.09040  253.38991     6.0424     3.9900 0.0000e+00
 148.481264      5.222    15.9310  37.136702    29.0877      5.175  253.09851  253.39792     6.0969     3.9859 0.0000e+00
 148.481267      5.280    15.9273  37.131981    29.0891      5.233  253.11936  253.41861     6.1591     3.9940 0.0000e+00
 148.481270      5.335    15.9227  37.132104    29.0912      5.287  253.13650  253.43551     6.1591     3.9859 0.0000e+00
 148.481273      5.386    15.9193  37.131982    29.0935      5.338  253.14953  253.44836     5.8790     3.7716 0.0000e+00
 148.481276      5.433    15.9182  37.131921    29.0943      5.385  253.15376  253.45254     5.7467     3.7575 0.0000e+00
 148.481279      5.471    15.9171  37.127568    29.0951      5.423  253.15799  253.45671     5.6144     3.7716 -9.990e-29
 148.481282      5.495    15.9123  37.127016    29.0943      5.446  253.18330  253.48180     5.6455     3.7352 -9.990e-29
 148.481285      5.517    15.9089  37.126649    29.0965      5.468  253.19669  253.49501     6.3926     3.9091 -9.990e-29
 148.481288      5.530    15.9059  37.122663    29.0952      5.480  253.21402  253.51221     6.2836     3.9414 -9.990e-29
 148.481291      5.535    15.9022  37.120763    29.0962      5.486  253.23060  253.52862     6.2058     3.9131 -9.990e-29
 148.481293      5.546    15.8991  37.121683    29.0994      5.496  253.24115  253.53899     6.3303     3.9131 -9.990e-29
 148.481296      5.553    15.8981  37.118801    29.0975      5.504  253.24907  253.54688     4.0113     4.1962 -9.990e-29
 148.481299      5.570    15.8960  37.118250    29.0986      5.520  253.25766  253.55537     4.1047     4.1881 -9.990e-29
 148.481302      5.590    15.8940  37.120519    29.1025      5.540  253.26128  253.55886     4.1825     4.1841 -9.990e-29
 148.481305      5.617    15.8950  37.121009    29.1020      5.567  253.25739  253.55502     3.7545     4.5905 0.0000e+00
 148.481308      5.645    15.8959  37.121439    29.1025      5.594  253.25349  253.55117     3.3264     4.9968 0.0000e+00
 148.481311      5.679    15.8986  37.126835    29.1041      5.629  253.23525  253.53303     3.1708     4.9968 0.0000e+00
 148.481314      5.720    15.9023  37.132353    29.1041      5.669  253.21295  253.51089     3.1708     4.9928 0.0000e+00
 148.481317      5.762    15.9064  37.130084    29.1015      5.710  253.20089  253.49906     3.2486     4.9928 0.0000e+00
 148.481319      5.804    15.9095  37.133027    29.1015      5.752  253.18516  253.48347     3.2486     4.9928 0.0000e+00
 148.481322      5.842    15.9119  37.138056    29.1015      5.790  253.16836  253.46677     1.9257     3.7312 0.0000e+00
 148.481325      5.875    15.9138  37.137688    29.1026      5.822  253.16150  253.46001     1.8634     3.7130 0.0000e+00
 148.481328      5.902    15.9157  37.143514    29.1010      5.849  253.15463  253.45324     1.9257     3.7312 -9.990e-29
 148.481331      5.924    15.9262  37.149401    29.1035      5.871  253.09768  253.39677     1.8323     3.7069 -9.990e-29
 148.481334      5.946    15.9378  37.146027    29.0943      5.893  253.05521  253.35491     2.9062     3.6462 -9.990e-29
 148.481337      5.971    15.9392  37.148726    29.0952      5.918  253.04658  253.34634     2.9140     3.6685 0.0000e+00
 148.481340      6.004    15.9407  37.153080    29.0943      5.950  253.03795  253.33776     2.9062     3.6907 0.0000e+00
 148.481343      6.037    15.9439  37.151240    29.0920      5.983  253.02949  253.32958     2.8440     3.6907 0.0000e+00
 148.481345      6.079    15.9450  37.147437    29.0887      6.025  253.02911  253.32918     2.5015     3.5452 0.0000e+00
 148.481348      6.119    15.9452  37.148296    29.0887      6.064  253.02911  253.32918     2.5015     3.5452 0.0000e+00
 148.481351      6.161    15.9452  37.152160    29.0893      6.106  253.02453  253.32463     2.5949     3.5532 0.0000e+00
 148.481354      6.190    15.9456  37.149584    29.0907      6.135  253.02243  253.32249     2.5949     3.5613 0.0000e+00
 148.481357      6.218    15.9457  37.151240    29.0900      6.162  253.02344  253.32353     4.0346     3.7615 0.0000e+00
 148.481360      6.243    15.9456  37.152222    29.0907      6.187  253.02236  253.32244     5.4743     3.9617 -9.990e-29
 148.481363      6.259    15.9450  37.149216    29.0894      6.203  253.02781  253.32787     5.5988     3.9253 -9.990e-29
 148.481366      6.276    15.9449  37.148480    29.0888      6.220  253.02922  253.32929     5.6299     3.9172 -9.990e-29
 148.481369      6.287    15.9433  37.147193    29.0889      6.231  253.03713  253.33712     5.6611     3.9091 -9.990e-29
 148.481372      6.301    15.9409  37.142347    29.0864      6.245  253.05337  253.35326     4.3226     4.1477 -9.990e-29
 148.481374      6.325    15.9368  37.137196    29.0849      6.269  253.07634  253.37605     4.3070     4.1679 -9.990e-29
 148.481377      6.349    15.9290  37.135786    29.0908      6.292  253.10561  253.40492     4.3848     4.1396 -9.990e-29
 148.481380      6.389    15.9279  37.137381    29.0921      6.332  253.10877  253.40802     4.3225     4.2669 0.0000e+00
 148.481383      6.427    15.9268  37.138547    29.0920      6.370  253.11193  253.41111     4.2603     4.3215 0.0000e+00
 148.481386      6.479    15.9256  37.135972    29.0921      6.421  253.12060  253.41974     4.2603     4.3781 0.0000e+00
 148.481389      6.520    15.9244  37.135052    29.0921      6.462  253.12648  253.42556     4.3537     4.3781 0.0000e+00
 148.481392      6.562    15.9227  37.135972    29.0941      6.504  253.13138  253.43037     4.4159     4.3781 0.0000e+00
 148.481395      6.591    15.9223  37.136708    29.0947      6.533  253.13233  253.43129     4.4470     4.0587 0.0000e+00
 148.481398      6.617    15.9219  37.131128    29.0953      6.558  253.13327  253.43221     4.4782     3.7312 -9.990e-29
 148.481400      6.631    15.9210  37.132600    29.0924      6.572  253.14276  253.44168     4.4315     3.7635 -9.990e-29
 148.481403      6.644    15.9216  37.135911    29.0948      6.585  253.13569  253.43462     4.4782     3.7352 -9.990e-29
 148.481406      6.653    15.9218  37.135114    29.0940      6.594  253.13600  253.43495     4.9762     3.8403 -9.990e-29
 148.481409      6.668    15.9222  37.131680    29.0907      6.608  253.13999  253.43898     4.8050     3.8242 -9.990e-29
 148.481412      6.692    15.9204  37.130515    29.0906      6.632  253.14898  253.44789     5.0541     3.8161 -9.990e-29
 148.481415      6.725    15.9184  37.130086    29.0897      6.664  253.16071  253.45952     5.0930     3.8140 0.0000e+00
 148.481418      6.767    15.9164  37.124629    29.0906      6.706  253.17243  253.47115     5.1319     3.8120 0.0000e+00
 148.481421      6.816    15.9120  37.126653    29.0938      6.755  253.18580  253.48429     6.4393     3.7271 0.0000e+00
 148.481424      6.863    15.9088  37.125979    29.0955      6.802  253.19877  253.49709     6.6261     3.7069 0.0000e+00
 148.481427      6.905    15.9067  37.125305    29.0965      6.843  253.20786  253.50608     6.5638     3.7150 0.0000e+00
 148.481429      6.944    15.9062  37.125550    29.0970      6.881  253.20977  253.50796     6.5949     3.7049 0.0000e+00
 148.481432      6.971    15.9056  37.128310    29.0975      6.909  253.21168  253.50984     6.5638     3.7150 -9.990e-29
 148.481435      6.995    15.9070  37.127819    29.0984      6.932  253.20293  253.50115     8.5249     4.3337 -9.990e-29
 148.481438      7.016    15.9075  37.125060    29.0956      6.954  253.20531  253.50357     8.6027     4.3256 -9.990e-29
 148.481441      7.031    15.9070  37.121810    29.0931      6.968  253.21200  253.51026     8.5560     4.3054 -9.990e-29
 148.481444      7.049    15.9049  37.124631    29.0972      6.986  253.21581  253.51394     6.9685     3.9536 -9.990e-29
 148.481447      7.069    15.9024  37.123773    29.0972      7.006  253.22813  253.52614     6.7039     3.9414 -9.990e-29
 148.481450      7.095    15.9020  37.122608    29.0971      7.031  253.23018  253.52818     6.7895     3.9394 0.0000e+00
 148.481453      7.124    15.9016  37.121872    29.0971      7.060  253.23223  253.53021     6.8751     3.9374 0.0000e+00
 148.481455      7.153    15.9001  37.120278    29.0971      7.089  253.24032  253.53822     8.2136     3.8323 0.0000e+00
 148.481458      7.190    15.8987  37.120095    29.0977      7.125  253.24568  253.54352     8.2914     3.8080 0.0000e+00
 148.481461      7.223    15.8982  37.120708    29.0977      7.158  253.24686  253.54467     8.2914     3.8161 0.0000e+00
 148.481464      7.257    15.8979  37.119421    29.0986      7.192  253.24942  253.54718     8.3226     3.7878 0.0000e+00
 148.481467      7.290    15.8974  37.121015    29.0994      7.225  253.25001  253.54781     8.3226     3.8161 0.0000e+00
 148.481470      7.323    15.8969  37.120954    29.0997      7.257  253.25132  253.54905     6.5794     4.2488 0.0000e+00
 148.481473      7.354    15.8962  37.120341    29.0997      7.288  253.25494  253.55265     6.5482     4.2488 0.0000e+00
 148.481476      7.392    15.8957  37.117030    29.0971      7.326  253.26174  253.55944     6.5482     4.2488 0.0000e+00
 148.481479      7.421    15.8955  37.115988    29.0969      7.355  253.26358  253.56127     6.5015     4.2630 0.0000e+00
 148.481481      7.451    15.8952  37.114884    29.0966      7.384  253.26542  253.56310     6.4548     4.2771 -9.990e-29
 148.481484      7.469    15.8918  37.114210    29.0976      7.402  253.28094  253.57845     9.1319     4.3701 -9.990e-29
 148.481487      7.485    15.8894  37.114885    29.0999      7.418  253.28888  253.58626     8.9918     4.3498 -9.990e-29
 148.481490      7.502    15.8872  37.114027    29.1007      7.435  253.29823  253.59550     9.0696     4.3498 -9.990e-29
 148.481493      7.520    15.8857  37.112126    29.1002      7.453  253.30707  253.60427     8.0424     3.5815 -9.990e-29
 148.481496      7.540    15.8845  37.114886    29.1035      7.473  253.30739  253.60451     8.0735     3.6382 -9.990e-29
 148.481499      7.564    15.8818  37.110104    29.1032      7.496  253.32135  253.61834     8.0424     3.6422 -9.990e-29
 148.481502      7.595    15.8810  37.112372    29.1024      7.527  253.32688  253.62384     9.2720     3.7453 0.0000e+00
 148.481505      7.629    15.8802  37.109001    29.1015      7.561  253.33241  253.62935    10.5015     3.8484 0.0000e+00
 148.481508      7.662    15.8795  37.108020    29.1015      7.593  253.33659  253.63350    10.5327     3.8484 0.0000e+00
 148.481510      7.697    15.8788  37.108265    29.1018      7.628  253.33893  253.63579    10.5327     3.8686 0.0000e+00
 148.481513      7.739    15.8774  37.107530    29.1018      7.669  253.34513  253.64193    10.5015     3.8686 0.0000e+00
 148.481516      7.771    15.8758  37.105323    29.1022      7.702  253.35444  253.65117    10.5015     3.8889 0.0000e+00
 148.481519      7.802    15.8749  37.106856    29.1014      7.733  253.35542  253.65210    11.9646     3.9374 0.0000e+00
 148.481522      7.832    15.8745  37.101706    29.1014      7.762  253.36066  253.65733    12.0113     3.9434 0.0000e+00
 148.481525      7.863    15.8742  37.102810    29.0994      7.792  253.36589  253.66256    11.9646     3.9374 -9.990e-29
 148.481528      7.888    15.8680  37.101462    29.1041      7.818  253.38921  253.68555    13.3187     4.0425 -9.990e-29
 148.481531      7.920    15.8675  37.101891    29.1049      7.849  253.39037  253.68668    13.3887     4.0547 0.0000e+00
 148.481534      7.952    15.8669  37.102934    29.1058      7.881  253.39028  253.68655    13.4120     4.0506 0.0000e+00
 148.481536      7.989    15.8669  37.103976    29.1058      7.917  253.39153  253.68781    13.4120     4.0668 0.0000e+00
 148.481539      8.020    15.8665  37.101463    29.1058      7.948  253.39528  253.69155    13.3187     4.0668 0.0000e+00
 148.481542      8.058    15.8658  37.102076    29.1058      7.986  253.39706  253.69329    10.2836     4.1113 0.0000e+00
 148.481545      8.093    15.8652  37.101708    29.1058      8.020  253.40002  253.69622    10.2214     4.1194 0.0000e+00
 148.481548      8.129    15.8649  37.097601    29.1043      8.057  253.40418  253.70037    10.2525     4.1234 0.0000e+00
 148.481551      8.162    15.8646  37.096437    29.1028      8.089  253.40833  253.70452    10.2214     4.1274 -9.990e-29
 148.481554      8.184    15.8645  37.099870    29.1048      8.111  253.40553  253.70170    12.6961     3.9333 -9.990e-29
 148.481557      8.206    15.8645  37.101218    29.1060      8.133  253.40351  253.69967    12.7272     3.9333 -9.990e-29
 148.481560      8.217    15.8646  37.099625    29.1045      8.144  253.40532  253.70151    12.7428     3.9495 -9.990e-29
 148.481563      8.228    15.8647  37.098521    29.1035      8.154  253.40670  253.70289    12.7272     3.9495 -9.990e-29
 148.481565      8.232    15.8647  37.100360    29.1051      8.158  253.40392  253.70011    12.6805     3.9536 -9.990e-29
 148.481568      8.248    15.8649  37.101464    29.1059      8.174  253.40167  253.69785    14.8440     3.7352 -9.990e-29
 148.481571      8.263    15.8656  37.098153    29.1054      8.189  253.39901  253.69523    14.9062     3.7393 -9.990e-29
 148.481574      8.292    15.8659  37.101464    29.1047      8.218  253.39900  253.69524    14.8984     3.7312 0.0000e+00
 148.481577      8.323    15.8661  37.100299    29.1040      8.248  253.39901  253.69525    14.8906     3.7393 0.0000e+00
 148.481580      8.359    15.8662  37.098828    29.1040      8.285  253.39900  253.69525    13.3654     3.9657 0.0000e+00
