seaocn-cb/data/ctd_cnv/SBE19plus_01907321_2024_05_26_Cast60.cnv
* Sea-Bird SBE19plus  Data File:
* FileName = E:\Prandtl_Daten\2024\25052024\raw\SBE19plus_01907321_2024_05_26_Cast60.hex
* Software version 2.6.1.12
* Temperature SN = 7321
* Conductivity SN = 7321
* System UpLoad Time = May 26 2024 10:29:54
* <ApplicationData>
* <Seaterm232>
** 20240526
** Sea Practical 2024
** MCat 26.05 CTD_SP1
** NMEA Latitude = 054 07.868N
** NMEA Longitude = 008 46.513E
** waterdepth =14.8m
** Merle
# nquan = 11
# nvalues = 525                         
# units = specified
# name 0 = timeJ: Julian Days
# name 1 = prdM: Pressure, Strain Gauge [db]
# name 2 = tv290C: Temperature [ITS-90, deg C]
# name 3 = c0mS/cm: Conductivity [mS/cm]
# name 4 = sal00: Salinity, Practical [PSU]
# name 5 = depSM: Depth [salt water, m], lat = 54.00
# name 6 = oxsatMm/Kg: Oxygen Saturation, Weiss [umol/kg]
# name 7 = oxsolMm/Kg: Oxygen Saturation, Garcia & Gordon [umol/kg]
# name 8 = turbWETntu0: Turbidity, WET Labs ECO [NTU]
# name 9 = flECO-AFL: Fluorescence, WET Labs ECO-AFL/FL [mg/m^3]
# name 10 = flag:  0.000e+00
# span 0 = 147.433070, 147.434586       
# span 1 =      0.481,     13.736       
# span 2 =    17.9709,    18.5823       
# span 3 =  35.859761,  36.256264       
# span 4 =    26.4794,    26.6071       
# span 5 =      0.476,     13.613       
# span 6 =  244.59401,  247.34302       
# span 7 =  245.01699,  247.74347       
# span 8 =    -3.1171,    54.6105       
# span 9 =     1.3292,     5.8864       
# span 10 = 0.0000e+00, 0.0000e+00      
# interval = seconds: 0.25
# start_time = May 26 2024 10:22:28 [Instrument's time stamp, header]
# bad_flag = -9.990e-29
*END*
[from data line 263]
 147.433831      7.217    18.0015  35.872390    26.5906      7.153  247.22088  247.62253    12.6650     2.9224 -9.990e-29
 147.433834      7.239    18.0010  35.875475    26.5943      7.175  247.21707  247.61868    12.9451     2.8901 -9.990e-29
 147.433837      7.261    18.0021  35.876080    26.5941      7.196  247.21218  247.61383    12.7117     2.8739 -9.990e-29
 147.433840      7.283    18.0021  35.872632    26.5912      7.218  247.21659  247.61827    12.7272     2.9224 -9.990e-29
 147.433843      7.299    18.0005  35.866524    26.5872      7.234  247.23092  247.63256    17.5988     3.4077 -9.990e-29
 147.433845      7.316    17.9989  35.868460    26.5899      7.250  247.23423  247.63579    17.6144     3.4602 -9.990e-29
 147.433848      7.332    17.9981  35.867795    26.5898      7.267  247.23797  247.63951    17.7856     3.3794 -9.990e-29
 147.433851      7.354    17.9984  35.869367    26.5909      7.288  247.23490  247.63644    18.6883     3.3551 -9.990e-29
 147.433854      7.380    17.9988  35.869367    26.5908      7.314  247.23353  247.63508    18.6416     3.3390 0.0000e+00
 147.433857      7.411    17.9990  35.869549    26.5909      7.344  247.23216  247.63372    18.5949     3.3389 0.0000e+00
 147.433860      7.444    17.9990  35.870456    26.5914      7.377  247.23216  247.63372    18.4082     3.3389 0.0000e+00
 147.433863      7.484    17.9972  35.871303    26.5932      7.417  247.23669  247.63817    18.3926     3.3632 0.0000e+00
 147.433866      7.518    17.9971  35.871061    26.5932      7.451  247.23737  247.63884    16.5249     3.7554 0.0000e+00
 147.433869      7.551    17.9969  35.871061    26.5932      7.484  247.23815  247.63961    16.3848     3.7554 0.0000e+00
 147.433872      7.578    17.9971  35.870456    26.5931      7.511  247.23737  247.63884    16.2447     3.7554 -9.990e-29
 147.433874      7.602    17.9974  35.866949    26.5895      7.534  247.24208  247.64359    16.3537     3.7433 -9.990e-29
 147.433877      7.624    17.9956  35.865619    26.5896      7.556  247.25050  247.65193    14.0191     2.8820 -9.990e-29
 147.433880      7.642    17.9927  35.865619    26.5915      7.574  247.26116  247.66248    13.9724     2.9224 -9.990e-29
 147.433883      7.660    17.9903  35.866285    26.5935      7.592  247.26903  247.67025    13.9879     2.8941 -9.990e-29
 147.433886      7.677    17.9884  35.864531    26.5933      7.608  247.27834  247.67949    14.1436     2.9305 -9.990e-29
 147.433889      7.690    17.9864  35.859935    26.5909      7.621  247.29216  247.69325    14.2058     2.9467 -9.990e-29
 147.433892      7.713    17.9848  35.861266    26.5964      7.644  247.29060  247.69160    15.4198     2.9831 -9.990e-29
 147.433895      7.739    17.9851  35.865439    26.5968      7.670  247.28864  247.68965    15.3576     2.9245 0.0000e+00
 147.433898      7.772    17.9854  35.866709    26.5964      7.702  247.28668  247.68770    15.4198     2.8860 0.0000e+00
 147.433900      7.805    17.9869  35.863685    26.5954      7.735  247.28520  247.68629    15.5132     2.8860 0.0000e+00
 147.433903      7.841    17.9895  35.868039    26.5940      7.771  247.26954  247.67072    15.9490     3.0761 0.0000e+00
 147.433906      7.868    17.9906  35.868039    26.5947      7.798  247.26547  247.66670    16.0191     3.0761 0.0000e+00
 147.433909      7.897    17.9917  35.864955    26.5940      7.827  247.26140  247.66267    16.0891     3.0761 -9.990e-29
 147.433912      7.919    17.9911  35.867374    26.5939      7.849  247.26484  247.66609    16.0580     2.9993 -9.990e-29
 147.433915      7.939    17.9893  35.866286    26.5941      7.868  247.27293  247.67410    19.7155     2.9831 -9.990e-29
 147.433918      7.959    17.9865  35.864351    26.5944      7.888  247.28593  247.68700    19.9490     2.9993 -9.990e-29
 147.433921      7.979    17.9848  35.860844    26.5925      7.908  247.29670  247.69772    19.7934     2.9831 -9.990e-29
 147.433924      7.998    17.9834  35.866045    26.5977      7.926  247.29491  247.69585    19.9490     2.9871 -9.990e-29
 147.433927      8.022    17.9828  35.863686    26.5980      7.950  247.29737  247.69829    21.8634     3.9212 -9.990e-29
 147.433929      8.047    17.9828  35.865864    26.5970      7.975  247.29895  247.69987    21.8012     3.9131 0.0000e+00
 147.433932      8.073    17.9828  35.863566    26.5980      8.000  247.30053  247.70146    21.7545     3.9172 0.0000e+00
 147.433935      8.107    17.9818  35.865622    26.5984      8.035  247.30149  247.70237    21.7545     3.9091 0.0000e+00
 147.433938      8.146    17.9810  35.866711    26.5991      8.073  247.30284  247.70368    21.7856     3.9091 0.0000e+00
 147.433941      8.182    17.9809  35.865864    26.5991      8.109  247.30433  247.70517    23.0463     3.3389 0.0000e+00
 147.433944      8.215    17.9804  35.862357    26.5966      8.141  247.31103  247.71187    23.1708     3.3025 0.0000e+00
 147.433947      8.240    17.9801  35.861510    26.5964      8.167  247.31272  247.71355    23.1552     3.3167 0.0000e+00
 147.433950      8.266    17.9798  35.866046    26.5962      8.192  247.31440  247.71522    23.2642     3.2945 -9.990e-29
 147.433953      8.286    17.9786  35.866711    26.6013      8.212  247.31168  247.71242    19.7311     3.0680 -9.990e-29
 147.433955      8.304    17.9784  35.863264    26.5986      8.230  247.31735  247.71810    19.8556     3.1165 -9.990e-29
 147.433958      8.328    17.9785  35.867195    26.6018      8.254  247.31166  247.71240    19.7934     3.1287 -9.990e-29
 147.433961      8.343    17.9786  35.865865    26.6006      8.268  247.31287  247.71362    19.7467     3.1287 -9.990e-29
 147.433964      8.361    17.9787  35.867196    26.6016      8.286  247.31074  247.71149    21.9412     3.2459 -9.990e-29
 147.433967      8.381    17.9784  35.865865    26.6014      8.306  247.31268  247.71341    21.8945     3.2581 -9.990e-29
 147.433970      8.408    17.9785  35.866712    26.6016      8.333  247.31192  247.71265    21.9257     3.2439 0.0000e+00
 147.433973      8.437    17.9785  35.867377    26.6014      8.362  247.31115  247.71189    21.9568     3.2581 0.0000e+00
 147.433976      8.468    17.9791  35.866954    26.6012      8.393  247.31115  247.71189    22.5949     3.5290 0.0000e+00
 147.433979      8.499    17.9791  35.863446    26.6000      8.423  247.31469  247.71547    22.6572     3.5290 0.0000e+00
 147.433981      8.529    17.9787  35.864959    26.5992      8.452  247.31523  247.71598    22.6961     3.5209 0.0000e+00
 147.433984      8.560    17.9782  35.863266    26.6000      8.483  247.31577  247.71650    22.7973     3.5128 -9.990e-29
 147.433987      8.583    17.9762  35.865866    26.6021      8.506  247.32207  247.72272    22.5638     3.5613 -9.990e-29
 147.433990      8.605    17.9764  35.862359    26.5990      8.528  247.32595  247.72662    22.9218     3.3228 -9.990e-29
 147.433993      8.622    17.9761  35.864959    26.6014      8.544  247.32364  247.72429    23.0619     3.2783 -9.990e-29
 147.433996      8.649    17.9753  35.864536    26.6015      8.571  247.32706  247.72768    22.8595     3.3268 -9.990e-29
 147.433999      8.671    17.9750  35.864778    26.6020      8.593  247.32799  247.72859    23.0774     3.2581 -9.990e-29
 147.434002      8.693    17.9738  35.860666    26.5996      8.615  247.33754  247.73811    24.3226     3.7756 -9.990e-29
 147.434005      8.720    17.9735  35.861029    26.6009      8.642  247.33654  247.73710    24.3304     3.7817 0.0000e+00
 147.434008      8.747    17.9733  35.863871    26.6022      8.669  247.33738  247.73791    24.3381     3.7756 0.0000e+00
 147.434010      8.777    17.9730  35.863448    26.6023      8.698  247.33617  247.73670    24.3381     3.7514 0.0000e+00
 147.434013      8.804    17.9730  35.864113    26.6026      8.725  247.33617  247.73670    22.7817     3.6988 0.0000e+00
 147.434016      8.835    17.9733  35.865867    26.6026      8.756  247.33617  247.73670    22.7817     3.6948 0.0000e+00
 147.434019      8.866    17.9734  35.862602    26.6025      8.787  247.33478  247.73532    22.7506     3.6826 0.0000e+00
 147.434022      8.893    17.9734  35.864114    26.6011      8.814  247.33671  247.73726    22.8440     3.6665 -9.990e-29
 147.434025      8.913    17.9732  35.864114    26.6025      8.834  247.33560  247.73613    20.9296     3.3187 -9.990e-29
 147.434028      8.939    17.9735  35.865444    26.6034      8.859  247.33253  247.73308    21.0696     3.3025 -9.990e-29
 147.434031      8.957    17.9751  35.868710    26.6050      8.877  247.32211  247.72271    21.0541     3.3106 -9.990e-29
 147.434034      8.981    17.9779  35.869556    26.6039      8.901  247.31094  247.71164    20.9918     3.3470 -9.990e-29
 147.434036      9.001    17.9791  35.868589    26.6023      8.920  247.30789  247.70864    20.9607     3.3025 -9.990e-29
 147.434039      9.027    17.9797  35.866291    26.6001      8.946  247.30885  247.70964    20.0580     3.3834 -9.990e-29
 147.434042      9.045    17.9792  35.863872    26.5983      8.964  247.31375  247.71453    20.2914     3.3511 -9.990e-29
 147.434045      9.067    17.9784  35.864356    26.5998      8.986  247.31541  247.71615    20.3537     3.4158 -9.990e-29
 147.434048      9.094    17.9785  35.864960    26.6004      9.013  247.31375  247.71449    20.3459     3.4036 0.0000e+00
 147.434051      9.123    17.9786  35.866714    26.6007      9.042  247.31208  247.71283    20.3381     3.3915 0.0000e+00
 147.434054      9.154    17.9790  35.866533    26.6010      9.072  247.31109  247.71185    20.3381     3.3349 0.0000e+00
 147.434057      9.189    17.9802  35.871069    26.6007      9.107  247.30605  247.70689    20.1669     3.3349 0.0000e+00
 147.434060      9.214    17.9802  35.865203    26.5986      9.132  247.30605  247.70689    20.4159     3.3349 0.0000e+00
 147.434063      9.240    17.9804  35.864961    26.5985      9.157  247.30763  247.70846    20.5016     3.3289 0.0000e+00
 147.434065      9.265    17.9801  35.862603    26.5986      9.182  247.30921  247.71003    20.8362     3.2945 -9.990e-29
 147.434068      9.289    17.9771  35.862361    26.5984      9.206  247.32377  247.72447    20.7584     3.2661 -9.990e-29
 147.434071      9.313    17.9757  35.861938    26.5989      9.229  247.32937  247.73002    20.8206     3.2540 -9.990e-29
 147.434074      9.338    17.9751  35.859761    26.5975      9.255  247.33456  247.73520    22.8595     3.5330 -9.990e-29
 147.434077      9.362    17.9748  35.863027    26.6004      9.278  247.33135  247.73196    22.9996     3.5532 -9.990e-29
 147.434080      9.388    17.9751  35.865446    26.6022      9.304  247.32679  247.72740    22.6261     3.5209 -9.990e-29
 147.434083      9.411    17.9760  35.865446    26.5991      9.327  247.32791  247.72857    22.7661     3.5290 -9.990e-29
 147.434086      9.437    17.9759  35.862362    26.6009      9.352  247.32522  247.72586    20.8517     3.4259 0.0000e+00
 147.434089      9.462    17.9759  35.866534    26.6009      9.378  247.32522  247.72586    20.8517     3.4259 0.0000e+00
 147.434091      9.491    17.9759  35.866958    26.6026      9.407  247.32252  247.72315    18.9373     3.3228 -9.990e-29
 147.434094      9.515    17.9759  35.864962    26.6013      9.430  247.32470  247.72534    19.1085     3.2742 -9.990e-29
 147.434097      9.544    17.9761  35.862785    26.5993      9.459  247.32707  247.72773    19.1552     3.2864 -9.990e-29
 147.434100      9.568    17.9755  35.863874    26.6006      9.482  247.32778  247.72841    17.9257     3.2823 -9.990e-29
 147.434103      9.595    17.9748  35.864963    26.6019      9.509  247.32881  247.72941    18.0657     3.3228 -9.990e-29
 147.434106      9.617    17.9747  35.863814    26.6011      9.531  247.33071  247.73131    18.0657     3.2783 -9.990e-29
 147.434109      9.641    17.9754  35.864539    26.6012      9.555  247.32722  247.72784    18.0191     3.2864 -9.990e-29
 147.434112      9.663    17.9769  35.865870    26.6013      9.576  247.31977  247.72045    20.4471     3.6422 -9.990e-29
 147.434115      9.688    17.9790  35.866293    26.6003      9.602  247.31168  247.71244    20.6338     3.6826 -9.990e-29
 147.434117      9.710    17.9807  35.868712    26.6012      9.623  247.30211  247.70293    20.4004     3.7069 -9.990e-29
 147.434120      9.734    17.9825  35.868712    26.6000      9.647  247.29554  247.69643    20.4938     3.6422 -9.990e-29
 147.434123      9.758    17.9822  35.863874    26.5982      9.670  247.29982  247.70071    21.1319     3.3025 -9.990e-29
 147.434126      9.787    17.9821  35.866293    26.5992      9.699  247.29864  247.69952    21.1942     3.2884 0.0000e+00
 147.434129      9.814    17.9820  35.868712    26.5983      9.726  247.29982  247.70071    21.2408     3.3025 0.0000e+00
 147.434132      9.847    17.9820  35.866293    26.5993      9.759  247.29897  247.69984    21.2486     3.2924 0.0000e+00
 147.434135      9.874    17.9820  35.869559    26.5983      9.786  247.30047  247.70136    21.2408     3.3106 -9.990e-29
 147.434138      9.898    17.9823  35.870224    26.6013      9.809  247.29417  247.69505    17.4276     3.3228 -9.990e-29
 147.434141      9.927    17.9831  35.872220    26.6025      9.838  247.28863  247.68953    17.3031     3.2742 -9.990e-29
 147.434144      9.951    17.9847  35.871313    26.6007      9.862  247.28393  247.68490    17.3809     3.3187 -9.990e-29
 147.434146      9.971    17.9859  35.868894    26.5957      9.882  247.28644  247.68749    17.8945     3.3875 -9.990e-29
 147.434149      9.996    17.9859  35.866293    26.5957      9.907  247.28644  247.68749    17.8945     3.3875 0.0000e+00
 147.434152     10.022    17.9859  35.868289    26.5957      9.932  247.28644  247.68749    17.8945     3.3875 -9.990e-29
 147.434155     10.038    17.9867  35.868470    26.5970      9.949  247.28035  247.68142    17.8478     3.3915 -9.990e-29
 147.434158     10.062    17.9880  35.871313    26.5972      9.972  247.27385  247.67496    19.3264     3.5937 -9.990e-29
 147.434161     10.090    17.9880  35.869801    26.5972      9.999  247.27385  247.67496    19.3264     3.5937 0.0000e+00
 147.434164     10.117    17.9880  35.873067    26.5972     10.026  247.27385  247.67496    19.3264     3.5937 -9.990e-29
 147.434167     10.141    17.9899  35.869559    26.5969     10.050  247.26550  247.66669    19.5288     3.6220 -9.990e-29
 147.434170     10.168    17.9898  35.870890    26.5978     10.077  247.26417  247.66535    19.3576     3.7474 0.0000e+00
 147.434172     10.195    17.9898  35.873067    26.5987     10.104  247.26334  247.66451    19.3576     3.8727 0.0000e+00
 147.434175     10.228    17.9898  35.872946    26.5987     10.137  247.26309  247.66427    19.2720     3.8747 0.0000e+00
 147.434178     10.254    17.9897  35.870225    26.5987     10.162  247.26334  247.66451    19.3576     3.8767 -9.990e-29
 147.434181     10.276    17.9916  35.872644    26.5972     10.184  247.25688  247.65813    19.3576     3.8403 -9.990e-29
 147.434184     10.299    17.9926  35.874398    26.5979     10.207  247.25073  247.65201    19.4665     3.8525 -9.990e-29
 147.434187     10.327    17.9924  35.870467    26.5948     10.234  247.25676  247.65805    18.6572     3.1246 -9.990e-29
 147.434190     10.349    17.9916  35.871737    26.5964     10.256  247.25816  247.65941    18.4082     3.1367 -9.990e-29
 147.434193     10.369    17.9909  35.870467    26.5958     10.276  247.26242  247.66365    18.3303     3.1125 -9.990e-29
 147.434196     10.392    17.9906  35.870648    26.5962     10.299  247.26343  247.66465    18.5794     3.1448 -9.990e-29
 147.434198     10.414    17.9899  35.869983    26.5961     10.321  247.26686  247.66805    17.5833     3.1974 -9.990e-29
 147.434201     10.443    17.9894  35.872645    26.5985     10.350  247.26480  247.66596    17.4899     3.1812 -9.990e-29
 147.434204     10.467    17.9894  35.872403    26.5985     10.373  247.26514  247.66629    17.5833     3.1448 -9.990e-29
