seaocn-cb/data/ctd_cnv/SBE19plus_01907321_2024_05_29_Cast108.cnv
* Sea-Bird SBE19plus  Data File:
* FileName = E:\Prandtl_Daten\2024\29052024\raw\SBE19plus_01907321_2024_05_29_Cast108.hex
* Software version 2.6.1.12
* Temperature SN = 7321
* Conductivity SN = 7321
* System UpLoad Time = May 29 2024 12:27:42
* <ApplicationData>
* <Seaterm232>
** 20240527
** Sea Practical 2024
** MCat 27.05 CTD_SP7
** NMEA Latitude = 54 08.33N
** NMEA Longitude = 008 20.72E
** waterdepth = 14.2m
** Till
# nquan = 11
# nvalues = 432                         
# units = specified
# name 0 = timeJ: Julian Days
# name 1 = prdM: Pressure, Strain Gauge [db]
# name 2 = tv290C: Temperature [ITS-90, deg C]
# name 3 = c0mS/cm: Conductivity [mS/cm]
# name 4 = sal00: Salinity, Practical [PSU]
# name 5 = depSM: Depth [salt water, m], lat = 54.00
# name 6 = oxsatMm/Kg: Oxygen Saturation, Weiss [umol/kg]
# name 7 = oxsolMm/Kg: Oxygen Saturation, Garcia & Gordon [umol/kg]
# name 8 = turbWETntu0: Turbidity, WET Labs ECO [NTU]
# name 9 = flECO-AFL: Fluorescence, WET Labs ECO-AFL/FL [mg/m^3]
# name 10 = flag:  0.000e+00
# span 0 = 150.514942, 150.516189       
# span 1 =      0.706,     13.126       
# span 2 =    15.0194,    15.0336       
# span 3 =  37.929334,  37.964071       
# span 4 =    30.4747,    30.4983       
# span 5 =      0.700,     13.009       
# span 6 =  255.19658,  255.30805       
# span 7 =  255.44096,  255.55187       
# span 8 =     0.4626,    11.5210       
# span 9 =     2.8941,     6.2423       
# span 10 = 0.0000e+00, 0.0000e+00      
# interval = seconds: 0.25
# start_time = May 29 2024 12:20:08 [Instrument's time stamp, header]
# bad_flag = -9.990e-29
*END*
 150.514942      0.706    15.0336  37.962957    30.4976      0.700  255.19790  255.44229     0.8517     2.9224 -9.990e-29
 150.514945      0.719    15.0336  37.964071    30.4983      0.713  255.19658  255.44096     0.8517     2.8941 -9.990e-29
 150.514948      0.761    15.0336  37.963823    30.4980      0.754  255.19758  255.44196     0.7350     3.1145 0.0000e+00
 150.514951      0.851    15.0336  37.962957    30.4983      0.843  255.19658  255.44096     0.6183     3.3349 0.0000e+00
 150.514954      0.971    15.0336  37.964071    30.4977      0.962  255.19857  255.44295     0.5871     3.3430 0.0000e+00
 150.514957      1.093    15.0336  37.962030    30.4966      1.084  255.19960  255.44399     0.5405     3.3430 0.0000e+00
 150.514959      1.212    15.0333  37.961597    30.4966      1.201  255.20001  255.44438     0.5405     3.3389 0.0000e+00
 150.514962      1.310    15.0332  37.962959    30.4964      1.299  255.20151  255.44589     0.5871     3.3228 0.0000e+00
 150.514965      1.383    15.0330  37.958566    30.4959      1.371  255.20434  255.44871     0.8673     3.3187 0.0000e+00
 150.514968      1.418    15.0327  37.955101    30.4941      1.405  255.20868  255.45305     1.1475     3.2985 -9.990e-29
 150.514971      1.416    15.0317  37.958999    30.4953      1.403  255.21179  255.45610     0.9918     3.2702 -9.990e-29
 150.514974      1.400    15.0316  37.959804    30.4961      1.387  255.21110  255.45539     1.1163     3.2864 -9.990e-29
 150.514977      1.368    15.0314  37.958690    30.4953      1.356  255.21341  255.45770     0.4938     3.5573 -9.990e-29
 150.514980      1.337    15.0314  37.957576    30.4943      1.326  255.21513  255.45943     0.4626     3.5613 -9.990e-29
 150.514983      1.312    15.0310  37.958257    30.4952      1.301  255.21550  255.45977     0.7272     3.5290 -9.990e-29
 150.514986      1.298    15.0307  37.956462    30.4939      1.286  255.21946  255.46373     0.6183     3.5249 -9.990e-29
 150.514988      1.296    15.0301  37.954359    30.4925      1.284  255.22508  255.46932     0.9607     3.7797 -9.990e-29
 150.514991      1.305    15.0296  37.954235    30.4928      1.293  255.22731  255.47152     1.0852     3.7999 -9.990e-29
 150.514994      1.338    15.0291  37.953431    30.4917      1.326  255.23152  255.47572     1.0541     3.7959 -9.990e-29
 150.514997      1.393    15.0291  37.952689    30.4930      1.380  255.22926  255.47345     1.5677     3.8747 0.0000e+00
 150.515000      1.459    15.0291  37.955597    30.4941      1.446  255.22781  255.47199     2.0813     3.9212 0.0000e+00
 150.515003      1.515    15.0290  37.955288    30.4941      1.501  255.22775  255.47192     2.1436     3.9455 0.0000e+00
 150.515006      1.566    15.0290  37.955350    30.4941      1.552  255.22778  255.47196     2.1513     3.9333 0.0000e+00
 150.515009      1.597    15.0290  37.955040    30.4941      1.583  255.22775  255.47192     2.1436     3.9455 -9.990e-29
 150.515012      1.608    15.0289  37.954236    30.4931      1.593  255.22981  255.47399     2.0346     3.9455 -9.990e-29
 150.515014      1.602    15.0290  37.954236    30.4931      1.588  255.22952  255.47370     1.5833     3.7109 -9.990e-29
 150.515017      1.597    15.0289  37.953865    30.4929      1.582  255.23068  255.47485     1.5366     3.7514 -9.990e-29
 150.515020      1.588    15.0284  37.950895    30.4906      1.573  255.23707  255.48124     1.5210     3.7352 -9.990e-29
 150.515023      1.606    15.0282  37.952442    30.4901      1.591  255.23904  255.48320     0.8673     3.5452 -9.990e-29
 150.515026      1.644    15.0281  37.950215    30.4924      1.630  255.23581  255.47994     0.8595     3.5452 0.0000e+00
 150.515029      1.715    15.0279  37.955103    30.4922      1.700  255.23737  255.48150     0.8517     3.5452 0.0000e+00
 150.515032      1.788    15.0278  37.952257    30.4935      1.772  255.23596  255.48006     0.8517     3.5452 0.0000e+00
 150.515035      1.854    15.0276  37.953557    30.4935      1.837  255.23596  255.48006     0.8517     3.5532 0.0000e+00
 150.515038      1.920    15.0276  37.955475    30.4935      1.902  255.23596  255.48006     1.2408     3.6422 0.0000e+00
 150.515041      1.976    15.0276  37.953371    30.4933      1.958  255.23578  255.47989     1.3498     3.6584 0.0000e+00
 150.515043      2.029    15.0277  37.953557    30.4933      2.011  255.23578  255.47989     1.3498     3.6584 0.0000e+00
 150.515046      2.071    15.0277  37.955970    30.4933      2.052  255.23578  255.47989     1.3965     3.6665 0.0000e+00
 150.515049      2.115    15.0277  37.952877    30.4941      2.096  255.23432  255.47842     3.3731     4.0749 0.0000e+00
 150.515052      2.146    15.0278  37.952258    30.4926      2.127  255.23661  255.48073     5.5366     4.4914 -9.990e-29
 150.515055      2.166    15.0266  37.944216    30.4858      2.147  255.25486  255.49897     5.6611     4.5278 -9.990e-29
 150.515058      2.182    15.0252  37.945330    30.4879      2.163  255.25805  255.50208     5.4743     4.4590 -9.990e-29
 150.515061      2.180    15.0243  37.941061    30.4848      2.161  255.26822  255.51222     5.5677     4.4631 -9.990e-29
 150.515064      2.170    15.0235  37.944216    30.4882      2.150  255.26645  255.51038     6.0346     5.2516 -9.990e-29
 150.515067      2.157    15.0227  37.944773    30.4894      2.138  255.26847  255.51235     6.0813     5.2435 -9.990e-29
 150.515069      2.141    15.0222  37.946010    30.4908      2.121  255.26825  255.51210     6.0191     5.2192 -9.990e-29
 150.515072      2.126    15.0219  37.942422    30.4879      2.107  255.27532  255.51918     6.0035     5.2637 -9.990e-29
 150.515075      2.115    15.0217  37.945206    30.4905      2.096  255.27153  255.51535     5.4899     5.2637 -9.990e-29
 150.515078      2.110    15.0215  37.943350    30.4891      2.091  255.27531  255.51913     5.5521     5.2192 -9.990e-29
 150.515081      2.111    15.0212  37.944526    30.4903      2.093  255.27462  255.51842     5.4587     5.2273 -9.990e-29
 150.515084      2.126    15.0209  37.942855    30.4892      2.107  255.27775  255.52155     5.3342     5.0696 -9.990e-29
 150.515087      2.160    15.0209  37.943103    30.4901      2.141  255.27598  255.51977     5.2641     5.0534 0.0000e+00
 150.515090      2.215    15.0210  37.945207    30.4905      2.195  255.27483  255.51862     5.3342     5.0373 0.0000e+00
 150.515093      2.288    15.0210  37.944650    30.4905      2.268  255.27483  255.51862     5.2253     5.0373 0.0000e+00
 150.515095      2.365    15.0211  37.942671    30.4888      2.343  255.27856  255.52236     5.3342     5.0292 0.0000e+00
 150.515098      2.445    15.0212  37.941310    30.4887      2.423  255.27856  255.52236     6.5171     4.9321 0.0000e+00
 150.515101      2.512    15.0212  37.942857    30.4887      2.490  255.27749  255.52130     6.5171     4.9240 0.0000e+00
 150.515104      2.578    15.0212  37.944280    30.4887      2.555  255.27749  255.52130     6.5171     4.9240 0.0000e+00
 150.515107      2.628    15.0210  37.941125    30.4894      2.604  255.27701  255.52080     6.5015     4.9240 0.0000e+00
 150.515110      2.675    15.0210  37.943600    30.4873      2.651  255.28101  255.52483     6.4237     4.9240 0.0000e+00
 150.515113      2.712    15.0210  37.940878    30.4892      2.687  255.27744  255.52124     4.8362     5.1020 0.0000e+00
 150.515116      2.746    15.0211  37.943352    30.4881      2.721  255.27923  255.52303     4.7973     5.1121 0.0000e+00
 150.515119      2.772    15.0210  37.945456    30.4892      2.747  255.27744  255.52124     4.7584     5.1222 -9.990e-29
 150.515122      2.793    15.0212  37.941992    30.4878      2.768  255.27902  255.52284     4.8517     5.0979 -9.990e-29
 150.515124      2.810    15.0213  37.946198    30.4915      2.784  255.27186  255.51565     6.5327     5.1626 -9.990e-29
 150.515127      2.828    15.0213  37.944899    30.4903      2.803  255.27390  255.51771     6.4704     5.1909 -9.990e-29
 150.515130      2.845    15.0212  37.942672    30.4884      2.819  255.27770  255.52152     6.5171     5.1505 -9.990e-29
 150.515133      2.850    15.0212  37.942672    30.4884      2.825  255.27770  255.52152     6.4393     5.2111 -9.990e-29
 150.515136      2.852    15.0212  37.943538    30.4892      2.827  255.27663  255.52044     4.4159     5.0656 -9.990e-29
 150.515139      2.838    15.0209  37.944776    30.4905      2.812  255.27555  255.51934     4.5871     5.0534 -9.990e-29
 150.515142      2.816    15.0210  37.943538    30.4893      2.791  255.27719  255.52099     4.5871     5.0170 -9.990e-29
 150.515145      2.794    15.0212  37.944219    30.4898      2.769  255.27553  255.51933     4.5560     5.0534 -9.990e-29
 150.515148      2.783    15.0212  37.938713    30.4849      2.758  255.28416  255.52800     2.9996     4.8715 -9.990e-29
 150.515150      2.770    15.0212  37.945332    30.4908      2.745  255.27348  255.51728     2.9685     4.8189 -9.990e-29
 150.515153      2.770    15.0217  37.946198    30.4912      2.745  255.27038  255.51420     2.9373     4.8796 -9.990e-29
 150.515156      2.784    15.0223  37.946013    30.4899      2.759  255.26946  255.51332     3.1708     4.8634 -9.990e-29
 150.515159      2.824    15.0224  37.945332    30.4904      2.799  255.26817  255.51202     3.0307     4.7966 0.0000e+00
 150.515162      2.881    15.0225  37.946632    30.4908      2.855  255.26687  255.51073     2.8906     4.7744 0.0000e+00
 150.515165      2.961    15.0226  37.946694    30.4908      2.935  255.26670  255.51059     2.8440     4.7663 0.0000e+00
 150.515168      3.056    15.0229  37.945704    30.4897      3.029  255.26670  255.51059     2.8440     4.7663 0.0000e+00
 150.515171      3.153    15.0229  37.943787    30.4897      3.125  255.26670  255.51059     2.8284     4.7663 0.0000e+00
 150.515174      3.242    15.0229  37.946200    30.4901      3.213  255.26604  255.50993     2.0502     4.7866 0.0000e+00
 150.515177      3.324    15.0229  37.947809    30.4901      3.295  255.26604  255.50993     2.0191     4.8027 0.0000e+00
 150.515179      3.388    15.0227  37.944468    30.4915      3.358  255.26357  255.50745     1.9568     4.8027 0.0000e+00
 150.515182      3.441    15.0227  37.948490    30.4908      3.410  255.26628  255.51015     2.0191     4.8027 0.0000e+00
 150.515185      3.485    15.0227  37.946881    30.4915      3.454  255.26486  255.50873     2.9062     5.0109 0.0000e+00
 150.515188      3.514    15.0226  37.947314    30.4908      3.482  255.26628  255.51015     3.8556     5.2273 -9.990e-29
 150.515191      3.534    15.0231  37.947562    30.4910      3.503  255.26350  255.50740     3.7467     5.2516 -9.990e-29
 150.515194      3.545    15.0232  37.947129    30.4905      3.513  255.26361  255.50751     3.8401     5.2435 -9.990e-29
 150.515197      3.543    15.0232  37.945211    30.4889      3.512  255.26691  255.51082     2.9996     4.8796 -9.990e-29
 150.515200      3.534    15.0231  37.947562    30.4910      3.503  255.26350  255.50740     3.0774     4.8957 -9.990e-29
 150.515203      3.512    15.0231  37.945335    30.4891      3.481  255.26698  255.51089     2.9996     4.9240 -9.990e-29
 150.515205      3.488    15.0230  37.946634    30.4903      3.457  255.26522  255.50911     3.1085     4.9847 -9.990e-29
 150.515208      3.465    15.0229  37.945087    30.4890      3.434  255.26792  255.51182     3.0619     4.9200 -9.990e-29
 150.515211      3.443    15.0230  37.943850    30.4878      3.412  255.26956  255.51347     4.0580     4.9200 -9.990e-29
 150.515214      3.432    15.0228  37.943540    30.4877      3.402  255.27091  255.51481     4.0735     4.9604 -9.990e-29
 150.515217      3.430    15.0226  37.943107    30.4875      3.400  255.27217  255.51606     3.9646     4.9766 -9.990e-29
 150.515220      3.453    15.0224  37.945458    30.4882      3.422  255.27200  255.51588     3.8245     5.3082 -9.990e-29
 150.515223      3.491    15.0223  37.943788    30.4896      3.460  255.27007  255.51394     3.7934     5.3203 0.0000e+00
 150.515226      3.542    15.0222  37.946634    30.4905      3.510  255.26886  255.51272     3.8245     5.3082 0.0000e+00
 150.515229      3.593    15.0222  37.946201    30.4905      3.561  255.26861  255.51246     3.8245     5.3041 0.0000e+00
 150.515231      3.648    15.0223  37.946201    30.4904      3.615  255.26864  255.51249     3.8245     5.3041 0.0000e+00
 150.515234      3.697    15.0223  37.946202    30.4904      3.664  255.26864  255.51249     2.9218     5.8864 0.0000e+00
 150.515237      3.742    15.0224  37.945583    30.4904      3.709  255.26864  255.51249     2.8906     5.8864 0.0000e+00
 150.515240      3.786    15.0225  37.947563    30.4906      3.752  255.26708  255.51094     2.7973     5.8864 0.0000e+00
 150.515243      3.832    15.0225  37.946697    30.4906      3.797  255.26708  255.51094     2.8906     5.8824 0.0000e+00
 150.515246      3.870    15.0225  37.946017    30.4902      3.835  255.26820  255.51206     4.0113     5.4254 0.0000e+00
 150.515249      3.923    15.0225  37.946202    30.4902      3.888  255.26820  255.51206     4.0891     5.4254 0.0000e+00
 150.515252      3.972    15.0225  37.947564    30.4913      3.937  255.26609  255.50995     4.0891     5.4254 0.0000e+00
 150.515255      4.029    15.0226  37.947564    30.4914      3.993  255.26584  255.50970     4.0891     5.4295 0.0000e+00
 150.515258      4.085    15.0226  37.947812    30.4913      4.049  255.26584  255.50970     4.0891     5.4295 0.0000e+00
 150.515260      4.143    15.0226  37.945770    30.4915      4.106  255.26549  255.50935     2.8751     5.4942 0.0000e+00
 150.515263      4.198    15.0226  37.948307    30.4919      4.161  255.26478  255.50864     2.8440     5.5063 0.0000e+00
 150.515266      4.247    15.0227  37.948678    30.4920      4.209  255.26422  255.50808     2.8051     5.5205 0.0000e+00
 150.515269      4.280    15.0227  37.945709    30.4921      4.242  255.26365  255.50751     2.7350     5.5063 -9.990e-29
 150.515272      4.300    15.0229  37.948245    30.4916      4.262  255.26378  255.50766     2.5482     5.4982 -9.990e-29
 150.515275      4.295    15.0228  37.943110    30.4870      4.256  255.27212  255.51603     2.6727     5.5185 -9.990e-29
 150.515278      4.276    15.0228  37.941254    30.4854      4.238  255.27502  255.51894     2.5794     5.5225 -9.990e-29
 150.515281      4.233    15.0225  37.947132    30.4909      4.195  255.26693  255.51080     2.5638     5.4821 -9.990e-29
 150.515284      4.182    15.0225  37.945708    30.4896      4.144  255.26913  255.51301     2.3615     5.0292 -9.990e-29
 150.515286      4.125    15.0224  37.946203    30.4902      4.088  255.26861  255.51248     2.3303     5.0494 -9.990e-29
 150.515289      4.074    15.0226  37.947131    30.4909      4.038  255.26655  255.51041     2.2525     5.0453 -9.990e-29
 150.515292      4.032    15.0225  37.948059    30.4918      3.996  255.26535  255.50921     2.3615     5.0494 -9.990e-29
 150.515295      4.022    15.0226  37.946203    30.4900      3.986  255.26768  255.51156     1.4899     5.0737 -9.990e-29
 150.515298      4.038    15.0226  37.947131    30.4908      4.002  255.26623  255.51010     1.6611     5.0737 -9.990e-29
 150.515301      4.091    15.0229  37.947997    30.4914      4.054  255.26404  255.50792     1.6455     5.0373 -9.990e-29
 150.515304      4.173    15.0236  37.949358    30.4901      4.136  255.26233  255.50626     1.5521     5.0817 -9.990e-29
 150.515307      4.286    15.0236  37.947317    30.4905      4.248  255.26198  255.50590     1.8556     4.9422 0.0000e+00
 150.515310      4.420    15.0236  37.947998    30.4901      4.380  255.26233  255.50626     2.0502     4.8027 0.0000e+00
 150.515312      4.554    15.0234  37.945462    30.4886      4.514  255.26617  255.51009     2.0502     4.8027 0.0000e+00
 150.515315      4.689    15.0233  37.945586    30.4886      4.647  255.26617  255.51009     2.0502     4.7866 0.0000e+00
 150.515318      4.811    15.0232  37.948680    30.4886      4.768  255.26617  255.51009     2.0191     4.8391 0.0000e+00
