seaocn-cb/data/ctd_cnv/SBE19plus_01907321_2024_05_26_Cast61.cnv
* Sea-Bird SBE19plus  Data File:
* FileName = E:\Prandtl_Daten\2024\26052024\raw\SBE19plus_01907321_2024_05_26_Cast61.hex
* Software version 2.6.1.12
* Temperature SN = 7321
* Conductivity SN = 7321
* System UpLoad Time = May 26 2024 11:36:07
* <ApplicationData>
* <Seaterm232>
** 20240526
** Sea Practical 2024
** MCat 26.05 CTD_SP1
** NMEA Latitude = 054 07.868N
** NMEA Longitude = 008 46.513E
** waterdepth =14.8m
** Merle
# nquan = 11
# nvalues = 657                         
# units = specified
# name 0 = timeJ: Julian Days
# name 1 = prdM: Pressure, Strain Gauge [db]
# name 2 = tv290C: Temperature [ITS-90, deg C]
# name 3 = c0mS/cm: Conductivity [mS/cm]
# name 4 = sal00: Salinity, Practical [PSU]
# name 5 = depSM: Depth [salt water, m], lat = 54.00
# name 6 = oxsatMm/Kg: Oxygen Saturation, Weiss [umol/kg]
# name 7 = oxsolMm/Kg: Oxygen Saturation, Garcia & Gordon [umol/kg]
# name 8 = turbWETntu0: Turbidity, WET Labs ECO [NTU]
# name 9 = flECO-AFL: Fluorescence, WET Labs ECO-AFL/FL [mg/m^3]
# name 10 = flag:  0.000e+00
# span 0 = 147.479184, 147.481082       
# span 1 =      0.138,     15.812       
# span 2 =    16.2030,    17.3492       
# span 3 =  36.388056,  36.582802       
# span 4 =    27.5468,    28.4087       
# span 5 =      0.136,     15.670       
# span 6 =  248.73229,  252.91717       
# span 7 =  249.10328,  253.23390       
# span 8 =    -2.1522,    14.1591       
# span 9 =     2.1218,     8.8342       
# span 10 = 0.0000e+00, 0.0000e+00      
# interval = seconds: 0.25
# start_time = May 26 2024 11:28:57 [Instrument's time stamp, header]
# bad_flag = -9.990e-29
*END*
[from data line 525]
 147.480703     14.709    16.2049  36.581034    28.4049     14.577  252.90773  253.22452    11.0307     5.9511 0.0000e+00
 147.480706     14.740    16.2050  36.578108    28.4055     14.608  252.90613  253.22292    11.0307     5.9491 0.0000e+00
 147.480709     14.771    16.2051  36.579450    28.4041     14.638  252.90786  253.22466    10.9996     5.9471 -9.990e-29
 147.480712     14.795    16.2051  36.578109    28.4042     14.662  252.90819  253.22499     9.8167     6.0927 -9.990e-29
 147.480715     14.817    16.2051  36.580364    28.4060     14.684  252.90455  253.22134     9.7389     6.1007 -9.990e-29
 147.480718     14.842    16.2051  36.577255    28.4034     14.709  252.90918  253.22599     9.7233     6.0684 -9.990e-29
 147.480720     14.860    16.2053  36.581279    28.4067     14.727  252.90261  253.21940     9.8167     6.0927 -9.990e-29
 147.480723     14.877    16.2051  36.577682    28.4037     14.744  252.90857  253.22537     9.3031     5.7125 -9.990e-29
 147.480726     14.888    16.2053  36.578901    28.4046     14.755  252.90616  253.22296     9.2720     5.6964 -9.990e-29
 147.480729     14.906    16.2052  36.581035    28.4065     14.773  252.90330  253.22009     9.2720     5.7085 -9.990e-29
 147.480732     14.930    16.2054  36.579694    28.4043     14.796  252.90635  253.22316     9.2253     5.6883 -9.990e-29
 147.480735     14.957    16.2053  36.578597    28.4053     14.823  252.90503  253.22183     8.6183     5.7308 0.0000e+00
 147.480738     14.992    16.2054  36.580791    28.4048     14.858  252.90509  253.22190     8.0580     5.7732 0.0000e+00
 147.480741     15.030    16.2054  36.579268    28.4062     14.896  252.90371  253.22050     8.0580     5.7732 0.0000e+00
 147.480744     15.070    16.2055  36.580792    28.4048     14.935  252.90509  253.22190     8.0580     5.7732 0.0000e+00
 147.480747     15.118    16.2055  36.578902    28.4044     14.982  252.90404  253.22088     7.9646     5.7651 0.0000e+00
 147.480749     15.160    16.2060  36.578597    28.4038     15.024  252.90538  253.22219     7.5910     5.7045 0.0000e+00
 147.480752     15.194    16.2063  36.576586    28.4038     15.058  252.90404  253.22088     7.5910     5.7045 0.0000e+00
 147.480755     15.227    16.2063  36.581463    28.4038     15.091  252.90155  253.21842     7.5910     5.7004 0.0000e+00
 147.480758     15.256    16.2064  36.579085    28.4049     15.120  252.90008  253.21694     7.5366     5.7065 0.0000e+00
 147.480761     15.285    16.2065  36.578598    28.4038     15.148  252.90155  253.21842     7.4821     5.6964 -9.990e-29
 147.480764     15.302    16.2072  36.582377    28.4061     15.165  252.89396  253.21084     9.1163     5.8177 -9.990e-29
 147.480767     15.324    16.2071  36.580122    28.4042     15.186  252.89763  253.21452     9.0229     5.8015 -9.990e-29
 147.480770     15.338    16.2067  36.579086    28.4037     15.201  252.90099  253.21787     8.9918     5.8258 -9.990e-29
 147.480773     15.358    16.2062  36.580366    28.4051     15.220  252.90092  253.21776    10.2214     5.8905 -9.990e-29
 147.480775     15.382    16.2068  36.578598    28.4039     15.244  252.89988  253.21676    10.2214     5.8864 -9.990e-29
 147.480778     15.407    16.2068  36.579452    28.4040     15.269  252.90015  253.21702    10.2525     5.8885 0.0000e+00
 147.480781     15.435    16.2067  36.579513    28.4040     15.296  252.89988  253.21676    10.2836     5.8905 0.0000e+00
 147.480784     15.464    16.2067  36.581707    28.4040     15.325  252.90041  253.21728    10.2836     5.8986 0.0000e+00
 147.480787     15.491    16.2067  36.576099    28.4052     15.352  252.89777  253.21462     9.7856     5.8986 0.0000e+00
 147.480790     15.517    16.2068  36.581037    28.4052     15.378  252.89759  253.21446     9.7856     5.8783 0.0000e+00
 147.480793     15.542    16.2071  36.582500    28.4052     15.403  252.89759  253.21446     9.8478     5.8783 0.0000e+00
 147.480796     15.569    16.2071  36.579025    28.4048     15.430  252.89681  253.21370     9.8556     5.8904 0.0000e+00
 147.480799     15.595    16.2072  36.582622    28.4032     15.455  252.89910  253.21600     9.8634     5.9026 -9.990e-29
 147.480802     15.619    16.2075  36.578477    28.4025     15.479  252.89903  253.21595    11.7311     5.5953 -9.990e-29
 147.480804     15.644    16.2075  36.581952    28.4054     15.504  252.89358  253.21048    11.7000     5.6236 -9.990e-29
 147.480807     15.668    16.2079  36.582378    28.4046     15.527  252.89309  253.21002     9.7545     5.5589 -9.990e-29
 147.480810     15.697    16.2079  36.581281    28.4046     15.556  252.89309  253.21002     9.7545     5.5589 0.0000e+00
 147.480813     15.733    16.2079  36.580794    28.4046     15.592  252.89309  253.21002     9.7545     5.5589 -9.990e-29
 147.480816     15.754    16.2071  36.580611    28.4046     15.612  252.89745  253.21433     9.6299     5.5508 -9.990e-29
 147.480819     15.761    16.2067  36.580611    28.4048     15.620  252.89866  253.21553     9.7078     5.5751 -9.990e-29
 147.480822     15.768    16.2067  36.578112    28.4027     15.627  252.90268  253.21956     7.6533     5.9390 -9.990e-29
 147.480825     15.770    16.2065  36.578234    28.4029     15.629  252.90311  253.21998     7.5599     5.9269 -9.990e-29
 147.480828     15.772    16.2066  36.578356    28.4030     15.630  252.90262  253.21950     7.4198     5.9673 -9.990e-29
 147.480830     15.768    16.2069  36.578112    28.4025     15.627  252.90177  253.21867     7.4354     5.9471 -9.990e-29
 147.480833     15.761    16.2071  36.578356    28.4026     15.619  252.90080  253.21770     7.5443     5.9309 -9.990e-29
 147.480836     15.750    16.2069  36.575674    28.4004     15.609  252.90539  253.22230     8.4938     5.7206 -9.990e-29
 147.480839     15.746    16.2066  36.580367    28.4047     15.605  252.89962  253.21648     8.5405     5.6964 -9.990e-29
 147.480842     15.733    16.2062  36.575674    28.4010     15.592  252.90810  253.22497     8.5560     5.7125 -9.990e-29
 147.480845     15.728    16.2060  36.580611    28.4053     15.587  252.90136  253.21819     8.5249     5.7045 -9.990e-29
 147.480848     15.722    16.2060  36.578051    28.4031     15.581  252.90517  253.22201    10.2992     5.8945 -9.990e-29
 147.480851     15.722    16.2058  36.579026    28.4041     15.581  252.90462  253.22145    10.1124     5.8662 -9.990e-29
 147.480854     15.719    16.2058  36.577685    28.4030     15.578  252.90661  253.22345    10.2214     5.8945 -9.990e-29
 147.480856     15.722    16.2059  36.577929    28.4031     15.581  252.90565  253.22249    10.1903     5.9188 -9.990e-29
 147.480859     15.721    16.2059  36.580184    28.4050     15.580  252.90229  253.21913    11.4665     6.3393 -9.990e-29
 147.480862     15.722    16.2059  36.578112    28.4032     15.581  252.90538  253.22222    11.5443     6.3474 -9.990e-29
 147.480865     15.722    16.2058  36.577685    28.4030     15.581  252.90662  253.22345    11.4665     6.3595 -9.990e-29
 147.480868     15.720    16.2057  36.580611    28.4056     15.580  252.90257  253.21938    11.4976     6.3555 -9.990e-29
 147.480871     15.719    16.2057  36.577258    28.4027     15.578  252.90755  253.22439    13.0852     5.9794 -9.990e-29
 147.480874     15.724    16.2056  36.579026    28.4043     15.583  252.90523  253.22205    13.1941     5.9835 -9.990e-29
 147.480877     15.719    16.2053  36.577258    28.4030     15.578  252.90906  253.22588    13.2408     5.9633 -9.990e-29
 147.480880     15.726    16.2057  36.577624    28.4030     15.585  252.90701  253.22385    13.1786     5.9471 -9.990e-29
 147.480883     15.733    16.2061  36.579026    28.4039     15.592  252.90342  253.22027    13.0696     5.9471 -9.990e-29
 147.480885     15.739    16.2066  36.575917    28.4009     15.598  252.90623  253.22312    14.1591     6.0684 -9.990e-29
 147.480888     15.751    16.2067  36.577258    28.4019     15.610  252.90364  253.22053    14.1280     6.0765 -9.990e-29
 147.480891     15.755    16.2065  36.576954    28.4018     15.614  252.90500  253.22188    14.0969     6.1048 -9.990e-29
 147.480894     15.759    16.2061  36.578600    28.4035     15.617  252.90407  253.22092    14.1591     6.0927 -9.990e-29
 147.480897     15.759    16.2058  36.579026    28.4041     15.617  252.90464  253.22147     8.4626     5.5589 -9.990e-29
 147.480900     15.755    16.2060  36.580611    28.4053     15.614  252.90138  253.21821     8.5560     5.5468 -9.990e-29
 147.480903     15.749    16.2063  36.578051    28.4029     15.608  252.90427  253.22113     8.6338     5.5710 -9.990e-29
 147.480906     15.742    16.2066  36.579453    28.4039     15.601  252.90098  253.21784     8.6183     5.5912 -9.990e-29
 147.480909     15.733    16.2068  36.578356    28.4028     15.592  252.90169  253.21858     6.7661     5.7570 -9.990e-29
 147.480911     15.720    16.2068  36.575673    28.4005     15.579  252.90568  253.22258     6.8440     5.7449 -9.990e-29
 147.480914     15.715    16.2066  36.577197    28.4020     15.574  252.90431  253.22119     6.8284     5.7772 -9.990e-29
 147.480917     15.713    16.2072  36.573662    28.3985     15.572  252.90715  253.22408     6.7661     5.7853 -9.990e-29
 147.480920     15.707    16.2079  36.577441    28.4012     15.566  252.89881  253.21575     7.2331     5.5063 -9.990e-29
 147.480923     15.707    16.2085  36.578904    28.4021     15.566  252.89451  253.21148     7.3731     5.5023 -9.990e-29
 147.480926     15.709    16.2092  36.575246    28.3985     15.568  252.89753  253.21455     7.3576     5.5063 -9.990e-29
 147.480929     15.713    16.2097  36.577685    28.4002     15.572  252.89179  253.20883     7.2798     5.5468 -9.990e-29
 147.480932     15.722    16.2102  36.579269    28.4012     15.581  252.88763  253.20468     7.2953     5.4861 -9.990e-29
 147.480935     15.729    16.2104  36.577380    28.3995     15.588  252.88984  253.20691     9.2253     5.7732 -9.990e-29
 147.480938     15.734    16.2108  36.576770    28.3986     15.593  252.88893  253.20603     9.1786     5.7894 -9.990e-29
 147.480940     15.744    16.2113  36.579696    28.4008     15.602  252.88277  253.19988     9.1786     5.7570 -9.990e-29
 147.480943     15.753    16.2117  36.575673    28.3970     15.611  252.88725  253.20439     9.2253     5.8015 -9.990e-29
 147.480946     15.758    16.2117  36.573966    28.3955     15.617  252.88979  253.20694    10.2836     5.5751 -9.990e-29
 147.480949     15.765    16.2121  36.577685    28.3985     15.624  252.88275  253.19991    10.2214     5.5387 -9.990e-29
 147.480952     15.769    16.2123  36.573905    28.3951     15.628  252.88777  253.20495    10.2836     5.5912 -9.990e-29
 147.480955     15.766    16.2122  36.577685    28.3984     15.624  252.88245  253.19961    10.2214     5.6074 -9.990e-29
 147.480958     15.769    16.2118  36.578233    28.3992     15.628  252.88315  253.20028    10.9840     6.0320 -9.990e-29
 147.480961     15.766    16.2112  36.577441    28.3989     15.624  252.88644  253.20355    11.1241     6.0360 -9.990e-29
 147.480964     15.757    16.2109  36.577928    28.3995     15.615  252.88692  253.20401    11.0619     6.0077 -9.990e-29
 147.480966     15.746    16.2109  36.579940    28.4013     15.605  252.88392  253.20101    11.0307     6.0118 -9.990e-29
 147.480969     15.737    16.2114  36.578050    28.3993     15.596  252.88491  253.20203    10.2836     5.8783 -9.990e-29
 147.480972     15.722    16.2114  36.578782    28.3999     15.581  252.88382  253.20093    10.1903     5.8945 -9.990e-29
 147.480975     15.709    16.2114  36.579269    28.4004     15.568  252.88309  253.20020    10.2836     5.9309 -9.990e-29
 147.480978     15.700    16.2113  36.578111    28.3994     15.559  252.88511  253.20222    10.2525     5.8945 -9.990e-29
 147.480981     15.691    16.2112  36.579330    28.4005     15.550  252.88359  253.20069    10.2681     5.9147 -9.990e-29
 147.480984     15.691    16.2108  36.575917    28.3979     15.550  252.89048  253.20758     9.9724     5.5670 -9.990e-29
 147.480987     15.693    16.2105  36.581037    28.4025     15.552  252.88378  253.20083    10.0813     5.5791 -9.990e-29
 147.480990     15.700    16.2107  36.578233    28.4000     15.559  252.88734  253.20442     9.9879     5.5751 -9.990e-29
 147.480992     15.709    16.2108  36.577684    28.3994     15.568  252.88786  253.20495     9.8945     5.5872 -9.990e-29
 147.480995     15.720    16.2104  36.577685    28.3997     15.579  252.88908  253.20615     8.9762     6.2948 -9.990e-29
 147.480998     15.738    16.2102  36.578355    28.4004     15.597  252.88900  253.20605     9.0541     6.2706 -9.990e-29
 147.481001     15.745    16.2098  36.577807    28.4002     15.604  252.89133  253.20837     9.0074     6.2625 -9.990e-29
 147.481004     15.763    16.2096  36.578111    28.4006     15.622  252.89149  253.20852     9.0385     6.2827 -9.990e-29
 147.481007     15.774    16.2095  36.579453    28.4019     15.633  252.89011  253.20712     8.3070     6.9337 -9.990e-29
 147.481010     15.780    16.2095  36.577929    28.4005     15.638  252.89238  253.20940     8.3070     6.9459 -9.990e-29
 147.481013     15.782    16.2096  36.578477    28.4009     15.640  252.89096  253.20798     8.3692     6.9176 -9.990e-29
 147.481016     15.783    16.2096  36.579270    28.4016     15.642  252.89008  253.20710     8.3848     6.9256 -9.990e-29
 147.481019     15.778    16.2098  36.576771    28.3993     15.636  252.89289  253.20993    10.6883     6.1978 -9.990e-29
 147.481021     15.769    16.2101  36.577929    28.4001     15.627  252.88995  253.20700    10.6883     6.1493 -9.990e-29
 147.481024     15.756    16.2102  36.575247    28.3977     15.615  252.89363  253.21070    10.7661     6.1371 -9.990e-29
 147.481027     15.749    16.2104  36.575673    28.3979     15.608  252.89208  253.20917    10.7973     6.1654 -9.990e-29
 147.481030     15.738    16.2104  36.578599    28.4005     15.597  252.88773  253.20479    10.7350     6.1533 -9.990e-29
 147.481033     15.727    16.2107  36.575429    28.3976     15.586  252.89153  253.20862    12.0735     5.5710 -9.990e-29
 147.481036     15.725    16.2107  36.576953    28.3989     15.584  252.88926  253.20635    12.0113     5.5751 -9.990e-29
 147.481039     15.720    16.2105  36.576344    28.3985     15.579  252.89077  253.20785    12.0113     5.6074 -9.990e-29
 147.481042     15.716    16.2105  36.576770    28.3988     15.575  252.89013  253.20721    11.9957     5.5710 -9.990e-29
 147.481045     15.707    16.2108  36.577684    28.3994     15.566  252.88786  253.20495    10.5327     5.7894 -9.990e-29
 147.481047     15.701    16.2108  36.573783    28.3961     15.561  252.89366  253.21077    10.5327     5.7732 -9.990e-29
 147.481050     15.698    16.2101  36.577685    28.3999     15.557  252.89027  253.20733    10.4704     5.7530 -9.990e-29
 147.481053     15.692    16.2098  36.577685    28.4001     15.551  252.89148  253.20852    10.4082     5.7489 -9.990e-29
 147.481056     15.692    16.2094  36.576770    28.3996     15.551  252.89435  253.21138    11.3264     5.7813 -9.990e-29
 147.481059     15.697    16.2092  36.573418    28.3969     15.557  252.89994  253.21698    11.1864     5.7611 -9.990e-29
 147.481062     15.708    16.2095  36.576100    28.3990     15.567  252.89506  253.21209    11.1864     5.7651 -9.990e-29
 147.481065     15.726    16.2097  36.577441    28.4000     15.585  252.89216  253.20920    11.1397     5.7409 -9.990e-29
 147.481068     15.743    16.2105  36.577197    28.3992     15.602  252.88951  253.20659     7.5443     6.0765 -9.990e-29
 147.481071     15.759    16.2109  36.577258    28.3990     15.618  252.88792  253.20502     7.5443     6.0886 -9.990e-29
 147.481073     15.779    16.2112  36.578355    28.3997     15.638  252.88539  253.20249     7.4510     6.0846 -9.990e-29
 147.481076     15.799    16.2113  36.578355    28.3996     15.658  252.88480  253.20191     7.5132     6.0765 -9.990e-29
