seaocn-cb/data/ctd_cnv/SBE19plus_01907321_2024_05_21_Cast03.cnv
* Sea-Bird SBE19plus  Data File:
* FileName = E:\Prandtl_Daten\2024\CTD\raw\SBE19plus_01907321_2024_05_21_Cast03.hex
* Software version 2.6.1.12
* Temperature SN = 7321
* Conductivity SN = 7321
* System UpLoad Time = May 21 2024 11:05:26
* <ApplicationData>
* <Seaterm232>
** 20240521
** Sea Practical 2024
** MCat 21.05 M3
** NMEA Latitude = 54 08.5N
** NMEA Longitude = 008 18.0E
** waterdepth = 15.0m
** Isabelle
# nquan = 11
# nvalues = 547                         
# units = specified
# name 0 = timeJ: Julian Days
# name 1 = prdM: Pressure, Strain Gauge [db]
# name 2 = tv290C: Temperature [ITS-90, deg C]
# name 3 = c0mS/cm: Conductivity [mS/cm]
# name 4 = sal00: Salinity, Practical [PSU]
# name 5 = depSM: Depth [salt water, m], lat = 54.00
# name 6 = oxsatMm/Kg: Oxygen Saturation, Weiss [umol/kg]
# name 7 = oxsolMm/Kg: Oxygen Saturation, Garcia & Gordon [umol/kg]
# name 8 = turbWETntu0: Turbidity, WET Labs ECO [NTU]
# name 9 = flECO-AFL: Fluorescence, WET Labs ECO-AFL/FL [mg/m^3]
# name 10 = flag:  0.000e+00
# span 0 = 142.457318, 142.458898       
# span 1 =      0.920,     14.005       
# span 2 =    12.4275,    13.9802       
# span 3 =  36.809170,  37.208406       
# span 4 =    30.6218,    31.7023       
# span 5 =      0.912,     13.880       
# span 6 =  260.44853,  266.99333       
# span 7 =  260.63432,  267.07297       
# span 8 =    -4.9693,    -2.8837       
# span 9 =     1.6851,     4.8472       
# span 10 = 0.0000e+00, 0.0000e+00      
# interval = seconds: 0.25
# start_time = May 21 2024 10:57:03 [Instrument's time stamp, header]
# bad_flag = -9.990e-29
*END*
[from data line 132]
 142.457700      4.464    13.9560  37.182640    30.6393      4.424  260.58254  260.76699    -4.5646     3.6948 -9.990e-29
 142.457703      4.431    13.9443  37.153316    30.6218      4.392  260.67682  260.86076    -4.6424     3.6786 -9.990e-29
 142.457705      4.387    13.9114  37.163073    30.6570      4.348  260.78907  260.97081    -4.4712     3.6826 -9.990e-29
 142.457708      4.345    13.8918  37.174609    30.6832      4.307  260.84642  261.02679    -4.5802     3.6301 -9.990e-29
 142.457711      4.314    13.8950  37.171725    30.6780      4.276  260.83843  261.01904    -4.5490     3.6139 -9.990e-29
 142.457714      4.302    13.8963  37.140993    30.6488      4.263  260.88445  261.06540    -4.5490     3.5937 -9.990e-29
 142.457717      4.316    13.8728  37.155042    30.6804      4.277  260.95274  261.13204    -4.4712     3.6584 -9.990e-29
 142.457720      4.354    13.8674  37.163570    30.6879      4.315  260.96843  261.14735    -4.6424     3.6948 -9.990e-29
 142.457723      4.407    13.8677  37.158539    30.6823      4.368  260.97677  261.15576    -4.5957     3.7251 0.0000e+00
 142.457726      4.471    13.8674  37.146946    30.6767      4.431  260.98511  261.16417    -4.5490     3.7190 0.0000e+00
 142.457729      4.528    13.8564  37.090352    30.6423      4.487  261.12465  261.30344    -4.5490     3.7231 0.0000e+00
 142.457731      4.590    13.7952  37.046235    30.6423      4.549  261.43796  261.61315    -4.6580     3.7231 0.0000e+00
 142.457734      4.646    13.7099  37.074924    30.7370      4.605  261.72482  261.89415    -4.8448     4.1921 0.0000e+00
 142.457737      4.690    13.6736  37.063101    30.7552      4.648  261.88709  262.05413    -4.8915     4.1921 0.0000e+00
 142.457740      4.734    13.6627  37.057895    30.7615      4.692  261.93416  262.10051    -4.8682     4.1860 0.0000e+00
 142.457743      4.767    13.6519  37.053363    30.7678      4.724  261.98123  262.14688    -4.8915     4.1800 -9.990e-29
 142.457746      4.787    13.6198  37.037129    30.7744      4.744  262.14232  262.30603    -4.5646     4.3054 -9.990e-29
 142.457749      4.809    13.5931  37.003260    30.7645      4.766  262.30437  262.46660    -4.4712     4.2892 -9.990e-29
 142.457752      4.823    13.5548  36.980670    30.7745      4.780  262.49355  262.65342    -4.5490     4.2973 -9.990e-29
 142.457755      4.832    13.5051  36.980308    30.8142      4.789  262.69037  262.84691    -4.5335     4.2932 -9.990e-29
 142.457758      4.838    13.4673  36.968864    30.8340      4.795  262.85899  263.01308    -4.5490     4.3822 -9.990e-29
 142.457760      4.834    13.4400  36.952402    30.8409      4.791  262.99505  263.14744    -4.5646     4.3660 -9.990e-29
 142.457763      4.827    13.4101  36.928293    30.8426      4.784  263.15424  263.30483    -4.5179     4.3620 -9.990e-29
 142.457766      4.825    13.3694  36.902480    30.8516      4.782  263.35950  263.50756    -4.5490     4.3498 -9.990e-29
 142.457769      4.836    13.3182  36.910133    30.9002      4.793  263.54971  263.69419    -4.5179     4.3781 -9.990e-29
 142.457772      4.856    13.2809  36.921638    30.8992      4.812  263.75543  263.89766    -4.5957     4.1679 -9.990e-29
 142.457775      4.881    13.2635  36.876496    30.9043      4.838  263.84138  263.98250    -4.6579     4.1679 0.0000e+00
 142.457778      4.929    13.2460  36.857116    30.9094      4.885  263.92733  264.06735    -4.5957     4.1679 0.0000e+00
 142.457781      4.983    13.1918  36.834197    30.9320      4.939  264.18223  264.31871    -4.7202     4.1679 0.0000e+00
 142.457784      5.038    13.1354  36.818190    30.9630      4.993  264.43481  264.56752    -4.7514     3.9536 0.0000e+00
 142.457786      5.093    13.0859  36.828097    31.0127      5.048  264.61552  264.74467    -4.7514     3.9536 0.0000e+00
 142.457789      5.142    13.0610  36.837025    31.0414      5.096  264.69966  264.82698    -4.7514     3.9536 0.0000e+00
 142.457792      5.180    13.0594  36.843200    31.0457      5.134  264.70097  264.82815    -4.7592     3.9434 0.0000e+00
 142.457795      5.210    13.0577  36.835497    31.0499      5.163  264.70229  264.82931    -4.7825     3.9333 -9.990e-29
 142.457798      5.217    13.0608  36.836781    31.0413      5.170  264.70100  264.82830    -4.6736     4.0102 -9.990e-29
 142.457801      5.210    13.0565  36.831952    31.0403      5.163  264.72636  264.85340    -4.7825     3.9980 -9.990e-29
 142.457804      5.204    13.0535  36.835070    31.0457      5.158  264.73308  264.85988    -4.8759     3.9697 -9.990e-29
 142.457807      5.204    13.0535  36.837209    31.0476      5.158  264.72909  264.85588    -4.5179     4.4792 -9.990e-29
 142.457810      5.212    13.0553  36.837576    31.0465      5.165  264.72154  264.84845    -4.5490     4.4914 -9.990e-29
 142.457812      5.226    13.0473  36.829691    31.0463      5.180  264.76576  264.89217    -4.5179     4.4995 -9.990e-29
 142.457815      5.254    13.0429  36.830364    31.0480      5.207  264.78705  264.91317    -4.4946     4.4934 0.0000e+00
 142.457818      5.292    13.0385  36.826270    31.0497      5.245  264.80833  264.93417    -4.5179     4.4873 0.0000e+00
 142.457821      5.339    13.0313  36.821809    31.0513      5.292  264.84463  264.97000    -4.6113     4.2326 0.0000e+00
 142.457824      5.392    13.0205  36.817044    31.0557      5.344  264.89617  265.02082    -4.6113     4.2326 0.0000e+00
 142.457827      5.449    13.0069  36.817962    31.0677      5.400  264.94911  265.07280    -4.6113     4.2488 0.0000e+00
 142.457830      5.498    13.0013  36.816375    31.0715      5.449  264.97285  265.09614    -4.5568     4.2569 0.0000e+00
 142.457833      5.536    12.9957  36.821326    31.0753      5.487  264.99658  265.11949    -4.6113     4.2488 -9.990e-29
 142.457836      5.557    12.9859  36.815704    31.0827      5.507  265.03699  265.15921    -4.7514     3.8767 -9.990e-29
 142.457839      5.560    12.9814  36.813443    31.0843      5.510  265.05907  265.18099    -4.7202     3.8525 -9.990e-29
 142.457841      5.545    12.9761  36.813810    31.0890      5.496  265.07975  265.20129    -4.8603     3.8727 -9.990e-29
 142.457844      5.529    12.9705  36.812772    31.0926      5.480  265.10373  265.22489    -4.5179     4.2568 -9.990e-29
 142.457847      5.514    12.9679  36.815522    31.0973      5.465  265.10932  265.23027    -4.4401     4.2811 -9.990e-29
 142.457850      5.516    12.9682  36.811428    31.0932      5.467  265.11528  265.23628    -4.4557     4.2568 -9.990e-29
 142.457853      5.538    12.9596  36.810756    31.1018      5.489  265.14714  265.26752    -4.7358     4.3337 -9.990e-29
 142.457856      5.580    12.9563  36.813018    31.1039      5.530  265.16143  265.28159    -4.7592     4.3741 0.0000e+00
 142.457859      5.637    12.9530  36.811675    31.1059      5.586  265.17573  265.29566    -4.7669     4.3701 0.0000e+00
 142.457862      5.701    12.9469  36.809170    31.1086      5.650  265.20491  265.32442    -4.7825     4.3701 0.0000e+00
 142.457865      5.763    12.9408  36.816382    31.1203      5.711  265.21662  265.33563    -4.7669     4.3701 0.0000e+00
 142.457867      5.821    12.9390  36.821333    31.1234      5.769  265.21814  265.33692    -4.8759     4.3660 0.0000e+00
 142.457870      5.870    12.9386  36.818094    31.1252      5.818  265.21953  265.33835    -4.8214     4.0930 0.0000e+00
 142.457873      5.908    12.9390  36.817300    31.1234      5.856  265.22092  265.33979    -4.9381     3.8080 -9.990e-29
 142.457876      5.926    12.9374  36.811677    31.1186      5.873  265.23845  265.35727    -4.7669     3.7797 -9.990e-29
 142.457879      5.932    12.9348  36.812778    31.1218      5.879  265.24720  265.36581    -4.7202     3.7959 -9.990e-29
 142.457882      5.932    12.9325  36.815711    31.1265      5.879  265.25132  265.36974    -4.7825     4.2528 -9.990e-29
 142.457885      5.924    12.9298  36.816201    31.1291      5.871  265.26112  265.37935    -4.7669     4.2488 -9.990e-29
 142.457888      5.917    12.9273  36.820051    31.1348      5.864  265.26450  265.38251    -4.8136     4.2407 -9.990e-29
 142.457891      5.910    12.9264  36.819135    31.1347      5.857  265.26983  265.38778    -4.8136     4.2447 -9.990e-29
 142.457894      5.910    12.9269  36.820663    31.1357      5.857  265.26487  265.38285    -4.6113     4.1881 -9.990e-29
 142.457896      5.924    12.9267  36.818340    31.1337      5.871  265.26978  265.38777    -4.5024     4.1841 -9.990e-29
 142.457899      5.946    12.9172  36.818646    31.1375      5.893  265.31517  265.43252    -4.6424     4.1598 -9.990e-29
 142.457902      5.986    12.9140  36.814125    31.1399      5.933  265.32871  265.44583    -4.5179     4.1598 0.0000e+00
 142.457905      6.038    12.9107  36.813637    31.1424      5.984  265.34226  265.45915    -4.4712     4.1598 0.0000e+00
 142.457908      6.085    12.9054  36.819321    31.1521      6.030  265.35371  265.47016    -4.4712     4.8472 0.0000e+00
 142.457911      6.140    12.9013  36.819566    31.1557      6.085  265.36973  265.48589    -4.5179     4.8472 0.0000e+00
 142.457914      6.187    12.8976  36.822867    31.1618      6.132  265.37898  265.49484    -4.5179     4.8472 0.0000e+00
 142.457917      6.227    12.8912  36.823418    31.1676      6.171  265.40367  265.51906    -4.5802     4.8270 0.0000e+00
 142.457920      6.265    12.8877  36.825192    31.1734      6.209  265.40367  265.51906    -4.8448     3.6826 0.0000e+00
 142.457922      6.302    12.8877  36.832954    31.1734      6.246  265.40121  265.51626    -4.8448     3.6624 0.0000e+00
 142.457925      6.333    12.8935  36.829714    31.1715      6.276  265.38328  265.49878    -4.7514     3.6624 0.0000e+00
 142.457928      6.364    12.8946  36.828552    31.1701      6.307  265.37999  265.49557    -4.7358     3.6604 0.0000e+00
 142.457931      6.389    12.8957  36.830570    31.1686      6.332  265.37670  265.49236    -4.7202     3.6665 -9.990e-29
 142.457934      6.411    12.8921  36.828798    31.1718      6.354  265.39069  265.50610    -4.8759     3.9859 -9.990e-29
 142.457937      6.426    12.8922  36.827453    31.1705      6.368  265.39276  265.50818    -4.8136     4.0021 -9.990e-29
 142.457940      6.422    12.8922  36.825436    31.1685      6.365  265.39598  265.51143    -4.8448     4.0021 -9.990e-29
 142.457943      6.422    12.8917  36.828798    31.1722      6.365  265.39243  265.50780    -4.3778     4.6450 -9.990e-29
 142.457946      6.419    12.8914  36.830387    31.1739      6.361  265.39081  265.50614    -4.3467     4.6814 -9.990e-29
 142.457948      6.419    12.8904  36.829287    31.1737      6.361  265.39675  265.51203    -4.3778     4.6814 -9.990e-29
 142.457951      6.415    12.8887  36.830815    31.1766      6.358  265.40099  265.51613    -4.3156     4.7097 -9.990e-29
 142.457954      6.422    12.8865  36.832649    31.1800      6.365  265.40644  265.52140    -4.5024     4.6895 -9.990e-29
 142.457957      6.433    12.8810  36.840046    31.1881      6.376  265.42173  265.53626    -4.8448     3.8120 -9.990e-29
 142.457960      6.462    12.8797  36.836440    31.1884      6.405  265.42890  265.54334    -4.8058     3.7958 0.0000e+00
 142.457963      6.504    12.8783  36.834668    31.1887      6.446  265.43606  265.55042    -4.7825     3.7918 0.0000e+00
 142.457966      6.561    12.8739  36.835341    31.1929      6.502  265.45248  265.56651    -4.7669     3.7918 0.0000e+00
 142.457969      6.621    12.8668  36.839132    31.2023      6.562  265.47410  265.58759    -4.5802     3.9536 0.0000e+00
 142.457972      6.683    12.8586  36.838033    31.2080      6.623  265.50914  265.62205    -4.5179     3.9859 0.0000e+00
 142.457975      6.741    12.8525  36.842557    31.2173      6.681  265.52573  265.63816    -4.5179     3.9859 0.0000e+00
 142.457977      6.783    12.8497  36.847143    31.2239      6.723  265.52897  265.64115    -4.5179     4.0223 0.0000e+00
 142.457980      6.827    12.8480  36.846838    31.2250      6.766  265.53644  265.64849    -4.5179     4.0385 0.0000e+00
 142.457983      6.864    12.8467  36.850445    31.2279      6.802  265.53877  265.65070    -4.5568     4.0446 0.0000e+00
 142.457986      6.896    12.8453  36.849956    31.2307      6.835  265.54109  265.65291    -4.5957     4.0506 -9.990e-29
 142.457989      6.920    12.8462  36.852035    31.2314      6.858  265.53462  265.64649    -4.4557     4.0506 -9.990e-29
 142.457992      6.931    12.8473  36.841886    31.2209      6.869  265.54803  265.66008    -4.8136     4.2285 -9.990e-29
 142.457995      6.929    12.8465  36.845677    31.2251      6.867  265.54457  265.65653    -4.7047     4.2407 -9.990e-29
 142.457998      6.931    12.8432  36.850629    31.2325      6.869  265.54915  265.66083    -4.7825     4.2609 -9.990e-29
 142.458001      6.934    12.8387  36.851791    31.2373      6.872  265.56495  265.67629    -4.8603     4.2973 -9.990e-29
 142.458003      6.951    12.8365  36.852097    31.2394      6.889  265.57334  265.68451    -4.6736     4.2447 -9.990e-29
 142.458006      6.975    12.8373  36.855582    31.2440      6.912  265.56050  265.67168    -4.5490     4.1113 -9.990e-29
 142.458009      7.006    12.8364  36.857661    31.2433      6.943  265.56658  265.67771    -4.5957     4.1113 0.0000e+00
 142.458012      7.035    12.8364  36.854665    31.2433      6.972  265.56658  265.67771    -4.5957     4.1113 0.0000e+00
 142.458015      7.064    12.8356  36.859007    31.2426      7.001  265.57265  265.68373    -4.6424     4.1113 -9.990e-29
 142.458018      7.088    12.8354  36.860352    31.2480      7.024  265.56333  265.67435    -4.2845     4.5156 -9.990e-29
 142.458021      7.111    12.8376  36.862431    31.2482      7.048  265.55110  265.66225    -4.3467     4.4873 -9.990e-29
 142.458024      7.135    12.8387  36.863715    31.2485      7.071  265.54427  265.65549    -4.3156     4.4995 -9.990e-29
 142.458027      7.146    12.8382  36.861269    31.2466      7.082  265.55085  265.66206    -4.2533     4.4995 -9.990e-29
 142.458030      7.148    12.8382  36.860474    31.2458      7.084  265.55195  265.66317    -4.4868     3.6503 -9.990e-29
 142.458032      7.135    12.8355  36.860108    31.2477      7.071  265.56350  265.67453    -4.5802     3.6705 -9.990e-29
 142.458035      7.122    12.8308  36.857173    31.2489      7.058  265.58759  265.69830    -4.5490     3.6382 -9.990e-29
 142.458038      7.106    12.8266  36.860720    31.2557      7.042  265.59833  265.70870    -4.5024     3.6786 -9.990e-29
 142.458041      7.107    12.8223  36.863044    31.2614      7.044  265.61122  265.72127    -4.7514     3.3713 -9.990e-29
 142.458044      7.124    12.8160  36.863534    31.2628      7.060  265.64389  265.75351    -4.7981     3.3834 -9.990e-29
 142.458047      7.166    12.8150  36.859009    31.2647      7.102  265.64610  265.75563    -4.7981     3.3855 0.0000e+00
 142.458050      7.228    12.8139  36.861272    31.2667      7.163  265.64389  265.75351    -4.7981     3.3834 0.0000e+00
 142.458053      7.315    12.8114  36.884266    31.2903      7.250  265.64655  265.75448    -4.7981     3.3875 0.0000e+00
 142.458056      7.416    12.7981  36.898642    31.3149      7.349  265.64655  265.75448    -4.7825     3.6058 0.0000e+00
 142.458058      7.518    12.7777  36.903233    31.3361      7.451  265.72036  265.82676    -4.7514     3.6058 0.0000e+00
 142.458061      7.611    12.7620  36.913819    31.3591      7.543  265.76470  265.86985    -4.7825     3.6220 0.0000e+00
 142.458064      7.687    12.7552  36.916084    31.3659      7.619  265.79026  265.89491    -4.7669     3.6018 0.0000e+00
 142.458067      7.735    12.7483  36.916330    31.3726      7.666  265.81583  265.91997    -4.7825     3.6422 -9.990e-29
 142.458070      7.760    12.7366  36.906359    31.3731      7.691  265.87968  265.98306    -4.2689     3.8767 -9.990e-29
 142.458073      7.760    12.7411  36.909417    31.3722      7.691  265.85625  265.95993    -4.4090     3.8889 -9.990e-29
