seaocn-cb/data/ctd_cnv/SBE19plus_01907321_2024_05_25_Cast56.cnv
* Sea-Bird SBE19plus  Data File:
* FileName = E:\Prandtl_Daten\2024\25052024\raw\SBE19plus_01907321_2024_05_25_Cast56.hex
* Software version 2.6.1.12
* Temperature SN = 7321
* Conductivity SN = 7321
* System UpLoad Time = May 25 2024 10:00:31
* <ApplicationData>
* <Seaterm232>
** 20240525
** Sea Practical 2024
** MCat 25.05 CTD_SP11
** NMEA Latitude = 054 9.26N
** NMEA Longitude = 008 9.96E
** waterdepth =19m
** Clemens
# nquan = 11
# nvalues = 667                         
# units = specified
# name 0 = timeJ: Julian Days
# name 1 = prdM: Pressure, Strain Gauge [db]
# name 2 = tv290C: Temperature [ITS-90, deg C]
# name 3 = c0mS/cm: Conductivity [mS/cm]
# name 4 = sal00: Salinity, Practical [PSU]
# name 5 = depSM: Depth [salt water, m], lat = 54.00
# name 6 = oxsatMm/Kg: Oxygen Saturation, Weiss [umol/kg]
# name 7 = oxsolMm/Kg: Oxygen Saturation, Garcia & Gordon [umol/kg]
# name 8 = turbWETntu0: Turbidity, WET Labs ECO [NTU]
# name 9 = flECO-AFL: Fluorescence, WET Labs ECO-AFL/FL [mg/m^3]
# name 10 = flag:  0.000e+00
# span 0 = 146.411597, 146.413524       
# span 1 =      0.652,     18.051       
# span 2 =    12.7364,    14.6499       
# span 3 =  37.479537,  37.897255       
# span 4 =    30.7088,    32.1734       
# span 5 =      0.646,     17.889       
# span 6 =  256.75224,  264.39928       
# span 7 =  256.97429,  264.49397       
# span 8 =    -5.0160,     1.8634       
# span 9 =     4.6289,     8.6401       
# span 10 = 0.0000e+00, 0.0000e+00      
# interval = seconds: 0.25
# start_time = May 25 2024 09:51:19 [Instrument's time stamp, header]
# bad_flag = -9.990e-29
*END*
[from data line 263]
 146.412358      8.221    13.4030  37.492986    31.3721      8.147  262.22635  262.37123    -4.0666     5.9026 0.0000e+00
 146.412361      8.288    13.3987  37.493171    31.3758      8.214  262.24294  262.38753    -4.0666     5.8945 0.0000e+00
 146.412364      8.348    13.3946  37.493911    31.3798      8.274  262.25745  262.40175    -4.0666     5.8945 0.0000e+00
 146.412367      8.407    13.3933  37.492680    31.3803      8.331  262.26380  262.40801    -4.0665     5.8904 0.0000e+00
 146.412370      8.445    13.3919  37.491264    31.3808      8.369  262.27015  262.41428    -4.1132     5.8864 -9.990e-29
 146.412373      8.468    13.3860  37.488064    31.3814      8.393  262.30147  262.44523    -4.0354     5.4578 -9.990e-29
 146.412376      8.470    13.3838  37.489480    31.3845      8.394  262.30735  262.45095    -4.0821     5.4699 -9.990e-29
 146.412378      8.459    13.3819  37.489726    31.3863      8.384  262.31464  262.45810    -4.0510     5.4335 -9.990e-29
 146.412381      8.447    13.3805  37.490834    31.3885      8.371  262.31818  262.46154    -4.1755     6.8003 -9.990e-29
 146.412384      8.443    13.3795  37.492004    31.3904      8.367  262.31991  262.46319    -4.0510     6.7841 -9.990e-29
 146.412387      8.448    13.3782  37.490835    31.3904      8.373  262.32704  262.47024    -3.9887     6.8124 -9.990e-29
 146.412390      8.470    13.3713  37.491081    31.3979      8.395  262.35087  262.49357    -4.0821     6.7760 -9.990e-29
 146.412393      8.498    13.3701  37.492806    31.4004      8.422  262.35294  262.49554    -3.9265     6.8266 0.0000e+00
 146.412396      8.547    13.3689  37.495946    31.4028      8.471  262.35500  262.49750    -3.8331     6.8569 0.0000e+00
 146.412399      8.598    13.3677  37.497547    31.4052      8.521  262.35688  262.49929    -3.8175     6.8771 0.0000e+00
 146.412402      8.642    13.3665  37.497178    31.4059      8.564  262.36240  262.50473    -3.8175     6.8650 0.0000e+00
 146.412405      8.678    13.3651  37.495701    31.4064      8.601  262.36910  262.51134    -3.8175     6.8711 0.0000e+00
 146.412407      8.706    13.3637  37.494778    31.4068      8.628  262.37579  262.51794    -3.8175     6.8650 -9.990e-29
 146.412410      8.717    13.3543  37.495456    31.4143      8.639  262.41308  262.55458    -4.0354     5.9552 -9.990e-29
 146.412413      8.718    13.3503  37.496072    31.4182      8.640  262.42774  262.56896    -4.0821     5.9633 -9.990e-29
 146.412416      8.722    13.3481  37.496134    31.4200      8.644  262.43620  262.57728    -4.0977     5.9713 -9.990e-29
 146.412419      8.744    13.3451  37.495457    31.4232      8.666  262.44709  262.58794    -3.4751     6.3595 -9.990e-29
 146.412422      8.781    13.3448  37.496812    31.4243      8.702  262.44692  262.58775    -3.4673     6.3575 0.0000e+00
 146.412425      8.830    13.3444  37.498536    31.4253      8.751  262.44709  262.58794    -3.4751     6.3595 0.0000e+00
 146.412428      8.892    13.3432  37.500507    31.4281      8.812  262.44830  262.58899    -3.6152     6.3555 0.0000e+00
 146.412431      8.961    13.3398  37.503155    31.4333      8.881  262.45698  262.59741    -4.0043     5.5912 0.0000e+00
 146.412433      9.020    13.3358  37.506481    31.4397      8.939  262.46707  262.60719    -4.0510     5.5670 0.0000e+00
 146.412436      9.069    13.3337  37.507528    31.4419      8.988  262.47461  262.61458    -4.0743     5.5791 0.0000e+00
 146.412439      9.105    13.3315  37.510177    31.4442      9.024  262.48216  262.62197    -4.0977     5.5670 -9.990e-29
 146.412442      9.125    13.3260  37.507529    31.4487      9.044  262.50361  262.64304    -4.0821     5.5548 -9.990e-29
 146.412445      9.127    13.3233  37.507899    31.4513      9.045  262.51382  262.65306    -4.0354     5.8298 -9.990e-29
 146.412448      9.121    13.3220  37.509069    31.4535      9.040  262.51668  262.65582    -4.0666     5.8096 -9.990e-29
 146.412451      9.107    13.3212  37.512025    31.4569      9.025  262.51477  262.65383    -4.1132     5.8015 -9.990e-29
 146.412454      9.098    13.3201  37.514119    31.4598      9.016  262.51577  262.65473    -4.1132     5.8379 -9.990e-29
 146.412457      9.111    13.3181  37.516397    31.4635      9.029  262.51960  262.65840    -3.9576     6.8650 -9.990e-29
 146.412459      9.134    13.3133  37.519169    31.4727      9.053  262.52904  262.66745    -4.0977     6.8488 -9.990e-29
 146.412462      9.176    13.3125  37.521941    31.4748      9.094  262.52966  262.66800    -4.0665     6.8731 0.0000e+00
 146.412465      9.232    13.3116  37.525082    31.4769      9.150  262.53028  262.66855    -4.0354     6.8488 0.0000e+00
 146.412468      9.287    13.3102  37.527238    31.4801      9.204  262.53207  262.67012    -3.9732     6.0077 0.0000e+00
 146.412471      9.338    13.3085  37.531242    31.4852      9.255  262.53213  262.67022    -3.9732     6.0077 0.0000e+00
 146.412474      9.389    13.3070  37.531119    31.4864      9.305  262.53810  262.67598    -4.0121     6.0117 0.0000e+00
 146.412477      9.426    13.3055  37.533707    31.4876      9.341  262.54407  262.68185    -4.0510     6.0158 -9.990e-29
 146.412480      9.444    13.2993  37.534816    31.4961      9.360  262.56205  262.69937    -4.3156     6.1371 -9.990e-29
 146.412483      9.455    13.2972  37.533707    31.4968      9.370  262.57221  262.70940    -4.3778     6.1533 -9.990e-29
 146.412486      9.450    13.2962  37.535309    31.4992      9.365  262.57347  262.71057    -4.3311     6.1654 -9.990e-29
 146.412488      9.444    13.2942  37.538327    31.5037      9.359  262.57630  262.71323    -4.3623     6.1614 -9.990e-29
 146.412491      9.455    13.2923  37.539436    31.5063      9.370  262.58183  262.71862    -4.4401     6.1452 -9.990e-29
 146.412494      9.477    13.2902  37.539190    31.5097      9.392  262.58671  262.72333    -4.3467     7.3138 -9.990e-29
 146.412497      9.517    13.2900  37.541285    31.5104      9.432  262.58659  262.72319    -4.2923     7.3239 0.0000e+00
 146.412500      9.566    13.2898  37.542455    31.5111      9.481  262.58671  262.72333    -4.2689     7.3340 0.0000e+00
 146.412503      9.621    13.2886  37.543564    31.5131      9.535  262.58945  262.72594    -4.2689     7.3340 0.0000e+00
 146.412506      9.679    13.2873  37.543811    31.5144      9.593  262.59420  262.73060    -4.3000     6.2827 0.0000e+00
 146.412509      9.732    13.2852  37.545413    31.5176      9.645  262.59949  262.73572    -4.3000     6.2827 0.0000e+00
 146.412512      9.780    13.2843  37.545352    31.5183      9.692  262.60312  262.73929    -4.3000     6.2827 0.0000e+00
 146.412514      9.811    13.2834  37.544305    31.5190      9.723  262.60675  262.74286    -4.3000     6.2867 -9.990e-29
 146.412517      9.831    13.2801  37.546646    31.5230      9.743  262.61769  262.75356    -4.3934     6.1048 -9.990e-29
 146.412520      9.838    13.2768  37.547263    31.5263      9.750  262.62947  262.76510    -4.4090     6.0927 -9.990e-29
 146.412523      9.840    13.2739  37.549111    31.5304      9.752  262.63771  262.77313    -4.2845     6.0724 -9.990e-29
 146.412526      9.843    13.2713  37.554225    31.5373      9.755  262.63896  262.77415    -4.3467     6.1129 -9.990e-29
 146.412529      9.845    13.2660  37.554349    31.5418      9.757  262.65955  262.79436    -4.3000     7.9689 -9.990e-29
 146.412532      9.860    13.2633  37.557429    31.5469      9.772  262.66513  262.79972    -4.3311     7.9527 -9.990e-29
 146.412535      9.873    13.2604  37.558538    31.5537      9.784  262.66866  262.80301    -4.2845     7.9487 -9.990e-29
 146.412538      9.906    13.2566  37.562051    31.5583      9.817  262.68086  262.81493    -4.3234     7.9507 0.0000e+00
 146.412541      9.955    13.2528  37.565133    31.5628      9.866  262.69305  262.82684    -4.2845     7.9487 0.0000e+00
 146.412543      9.999    13.2465  37.566859    31.5696      9.909  262.71491  262.84824    -4.0666     6.9499 0.0000e+00
 146.412546     10.042    13.2420  37.568215    31.5746      9.952  262.73028  262.86328    -4.0510     6.9459 0.0000e+00
 146.412549     10.086    13.2364  37.570557    31.5814      9.996  262.74823  262.88081    -4.0043     6.9418 0.0000e+00
 146.412552     10.122    13.2299  37.571544    31.5878     10.032  262.77219  262.90430    -4.0043     6.9337 0.0000e+00
 146.412555     10.153    13.2275  37.571730    31.5898     10.063  262.78129  262.91324    -3.9965     6.1513 0.0000e+00
 146.412558     10.179    13.2251  37.571976    31.5918     10.088  262.79039  262.92218    -4.0043     5.3688 -9.990e-29
 146.412561     10.201    13.2190  37.572408    31.5975     10.110  262.81317  262.94452    -4.0977     5.3729 -9.990e-29
 146.412564     10.223    13.2147  37.572655    31.6014     10.131  262.82984  262.96088    -4.0199     5.3688 -9.990e-29
 146.412567     10.245    13.2096  37.571732    31.6047     10.153  262.85138  262.98207    -4.5646     6.9984 -9.990e-29
 146.412569     10.272    13.2087  37.571732    31.6070     10.180  262.85249  262.98310    -4.5023     7.0024 0.0000e+00
 146.412572     10.305    13.2077  37.574936    31.6093     10.213  262.85138  262.98207    -4.5024     6.9984 0.0000e+00
 146.412575     10.345    13.2047  37.583626    31.6199     10.253  262.85360  262.98412    -4.4401     6.9944 0.0000e+00
 146.412578     10.384    13.1954  37.588804    31.6325     10.291  262.87798  263.00751    -4.3467     6.6911 0.0000e+00
 146.412581     10.424    13.1827  37.589792    31.6439     10.330  262.92609  263.05471    -4.3311     6.6830 0.0000e+00
 146.412584     10.460    13.1747  37.590717    31.6514     10.366  262.95581  263.08385    -4.3156     6.6830 0.0000e+00
 146.412587     10.497    13.1726  37.591334    31.6535     10.403  262.96368  263.09157    -4.2611     6.6709 0.0000e+00
 146.412590     10.522    13.1705  37.591828    31.6556     10.428  262.97155  263.09929    -4.3156     6.6588 -9.990e-29
 146.412593     10.535    13.1714  37.593861    31.6571     10.441  262.96354  263.09133    -4.2845     6.0482 -9.990e-29
 146.412595     10.540    13.1698  37.594231    31.6588     10.446  262.96917  263.09684    -4.3467     6.0522 -9.990e-29
 146.412598     10.542    13.1647  37.595033    31.6638     10.448  262.98798  263.11527    -4.3000     6.0037 -9.990e-29
 146.412601     10.535    13.1592  37.597314    31.6706     10.441  263.00566  263.13254    -4.2378     6.0280 -9.990e-29
 146.412604     10.533    13.1537  37.600582    31.6782     10.439  263.02137  263.14783    -4.0510     6.5577 -9.990e-29
 146.412607     10.537    13.1482  37.601754    31.6839     10.442  263.04124  263.16730    -4.1755     6.5253 -9.990e-29
 146.412610     10.551    13.1359  37.604282    31.6974     10.457  263.08325  263.20841    -4.0199     6.5213 -9.990e-29
 146.412613     10.586    13.1321  37.605269    31.7045     10.491  263.09108  263.21593    -4.1055     6.3049 0.0000e+00
 146.412616     10.634    13.1283  37.613530    31.7115     10.538  263.09891  263.22345    -4.0199     6.0886 0.0000e+00
 146.412619     10.699    13.1145  37.616491    31.7257     10.603  263.14811  263.27164    -4.0666     6.0886 0.0000e+00
 146.412622     10.772    13.1031  37.623891    31.7422     10.676  263.18028  263.30293    -4.0666     6.0886 0.0000e+00
 146.412624     10.847    13.0895  37.629750    31.7591     10.750  263.22360  263.34522    -4.0977     6.0886 0.0000e+00
 146.412627     10.913    13.0728  37.630615    31.7738     10.815  263.28770  263.40811    -4.1132     5.4497 0.0000e+00
 146.412630     10.960    13.0661  37.626425    31.7775     10.862  263.31785  263.43780    -4.1210     5.4336 0.0000e+00
 146.412633     10.993    13.0593  37.628522    31.7812     10.895  263.34800  263.46749    -4.1132     5.4174 -9.990e-29
 146.412636     11.011    13.0463  37.629509    31.7950     10.913  263.39405  263.51257    -4.0510     5.4416 -9.990e-29
 146.412639     11.011    13.0417  37.631298    31.8005     10.913  263.40883  263.52701    -4.0977     5.4174 -9.990e-29
 146.412642     11.002    13.0383  37.633518    31.8054     10.904  263.41831  263.53623    -3.7708     5.8419 -9.990e-29
 146.412645     10.997    13.0365  37.634320    31.8077     10.898  263.42401  263.54179    -3.8798     5.7975 -9.990e-29
 146.412648     10.991    13.0353  37.635676    31.8100     10.893  263.42649  263.54416    -3.7708     5.8096 -9.990e-29
 146.412650     11.002    13.0343  37.635677    31.8108     10.904  263.43046  263.54807    -3.8487     5.8339 -9.990e-29
 146.412653     11.024    13.0238  37.637219    31.8252     10.925  263.46128  263.57807    -3.4129     6.3878 -9.990e-29
 146.412656     11.068    13.0197  37.641659    31.8303     10.968  263.47442  263.59089    -3.3895     6.3797 0.0000e+00
 146.412659     11.120    13.0156  37.645176    31.8354     11.021  263.48755  263.60371    -3.3662     6.3878 0.0000e+00
 146.412662     11.168    13.0070  37.651159    31.8483     11.068  263.51124  263.62672    -3.3662     6.3717 0.0000e+00
 146.412665     11.210    13.0027  37.653503    31.8530     11.110  263.52608  263.64125    -3.5063     6.0644 0.0000e+00
 146.412668     11.237    12.9984  37.658623    31.8577     11.137  263.54092  263.65577    -3.6463     5.7045 -9.990e-29
 146.412671     11.261    12.9833  37.659056    31.8756     11.160  263.59082  263.70452    -3.6152     5.7045 -9.990e-29
 146.412674     11.276    12.9751  37.662203    31.8855     11.175  263.61766  263.73073    -3.5529     5.7004 -9.990e-29
 146.412677     11.287    12.9691  37.666028    31.8941     11.186  263.63454  263.74714    -3.8020     6.4849 -9.990e-29
 146.412679     11.298    12.9629  37.667941    31.9011     11.197  263.65557  263.76771    -3.7553     6.4849 -9.990e-29
 146.412682     11.316    12.9574  37.669730    31.9075     11.215  263.67428  263.78599    -3.7397     6.4889 -9.990e-29
 146.412685     11.340    12.9481  37.670348    31.9163     11.238  263.70861  263.81965    -3.8953     6.5011 -9.990e-29
 146.412688     11.380    12.9473  37.670842    31.9176     11.278  263.71076  263.82173    -3.8331     6.3414 0.0000e+00
 146.412691     11.423    12.9465  37.672138    31.9189     11.321  263.71291  263.82381    -3.8953     6.1857 0.0000e+00
 146.412694     11.475    12.9445  37.673865    31.9222     11.372  263.71787  263.82861    -3.8642     6.1816 0.0000e+00
 146.412697     11.528    12.9416  37.673866    31.9246     11.424  263.72922  263.83975    -3.8642     6.1614 0.0000e+00
 146.412700     11.575    12.9375  37.676642    31.9306     11.471  263.74056  263.85077    -3.7086     6.1614 0.0000e+00
 146.412703     11.608    12.9352  37.678309    31.9334     11.504  263.74846  263.85849    -3.4907     5.8986 0.0000e+00
 146.412705     11.639    12.9328  37.679852    31.9362     11.535  263.75636  263.86621    -3.2728     5.6357 -9.990e-29
 146.412708     11.663    12.9271  37.679667    31.9422     11.558  263.77639  263.88581    -3.2883     5.6479 -9.990e-29
 146.412711     11.683    12.9231  37.682320    31.9481     11.578  263.78735  263.89645    -3.2416     5.6357 -9.990e-29
 146.412714     11.701    12.9190  37.684295    31.9534     11.596  263.80005  263.90884    -3.5685     5.7732 -9.990e-29
 146.412717     11.717    12.9153  37.685406    31.9576     11.612  263.81284  263.92134    -3.5062     5.7409 -9.990e-29
 146.412720     11.724    12.9105  37.685653    31.9619     11.619  263.83135  263.93950    -3.5529     5.7813 -9.990e-29
 146.412723     11.737    12.9052  37.685160    31.9658     11.632  263.85285  263.96062    -3.4751     5.7813 -9.990e-29
 146.412726     11.755    12.9026  37.685222    31.9681     11.650  263.86322  263.97079    -3.0393     7.1157 -9.990e-29
 146.412729     11.777    12.8986  37.688061    31.9789     11.672  263.86508  263.97229    -3.1794     7.1278 -9.990e-29
 146.412731     11.816    12.8958  37.693120    31.9831     11.710  263.87255  263.97953    -3.1560     7.1258 0.0000e+00
