seaocn-cb/data/ctd_cnv/SBE19plus_01907321_2024_05_28_Cast91.cnv
* Sea-Bird SBE19plus  Data File:
* FileName = E:\Prandtl_Daten\2024\28052024\raw\SBE19plus_01907321_2024_05_28_Cast91.hex
* Software version 2.6.1.12
* Temperature SN = 7321
* Conductivity SN = 7321
* System UpLoad Time = May 28 2024 11:30:06
* <ApplicationData>
* <Seaterm232>
** 20240527
** Sea Practical 2024
** MCat 27.05 CTD_SP7
** NMEA Latitude = 54 8.36N
** NMEA Longitude = 008 20.855E
** waterdepth = 13.7m
** Isabelle
# nquan = 11
# nvalues = 496                         
# units = specified
# name 0 = timeJ: Julian Days
# name 1 = prdM: Pressure, Strain Gauge [db]
# name 2 = tv290C: Temperature [ITS-90, deg C]
# name 3 = c0mS/cm: Conductivity [mS/cm]
# name 4 = sal00: Salinity, Practical [PSU]
# name 5 = depSM: Depth [salt water, m], lat = 54.00
# name 6 = oxsatMm/Kg: Oxygen Saturation, Weiss [umol/kg]
# name 7 = oxsolMm/Kg: Oxygen Saturation, Garcia & Gordon [umol/kg]
# name 8 = turbWETntu0: Turbidity, WET Labs ECO [NTU]
# name 9 = flECO-AFL: Fluorescence, WET Labs ECO-AFL/FL [mg/m^3]
# name 10 = flag:  0.000e+00
# span 0 = 149.475917, 149.477350       
# span 1 =      0.493,     13.135       
# span 2 =    15.1039,    16.7576       
# span 3 =  37.102619,  37.796937       
# span 4 =    28.4696,    30.2900       
# span 5 =      0.488,     13.018       
# span 6 =  250.06231,  255.20748       
# span 7 =  250.40308,  255.45723       
# span 8 =    -4.2378,    21.1319       
# span 9 =     1.9237,     6.6305       
# span 10 = 0.0000e+00, 0.0000e+00      
# interval = seconds: 0.25
# start_time = May 28 2024 11:24:06 [Instrument's time stamp, header]
# bad_flag = -9.990e-29
*END*
 149.475917      0.493    16.7530  37.108686    28.4743      0.488  250.07669  250.41723    -3.3195     2.0450 -9.990e-29
 149.475920      0.495    16.7576  37.108379    28.4696      0.490  250.06231  250.40308    -3.2261     1.9924 -9.990e-29
 149.475923      0.535    16.7555  37.106969    28.4704      0.530  250.07113  250.41181    -3.2261     1.9965 0.0000e+00
 149.475926      0.608    16.7534  37.105437    28.4712      0.602  250.07995  250.42053    -3.2261     1.9924 0.0000e+00
 149.475929      0.693    16.7476  37.103354    28.4735      0.687  250.10443  250.44474    -3.6152     1.9884 0.0000e+00
 149.475932      0.770    16.7411  37.102619    28.4775      0.763  250.12966  250.46967    -3.6152     1.9884 0.0000e+00
 149.475935      0.834    16.7354  37.104950    28.4835      0.827  250.14713  250.48685    -3.5685     2.0167 0.0000e+00
 149.475937      0.892    16.7323  37.108261    28.4871      0.884  250.15606  250.49562    -3.5607     2.0228 0.0000e+00
 149.475940      0.931    16.7293  37.108385    28.4906      0.922  250.16498  250.50439    -3.5685     2.0288 -9.990e-29
 149.475943      0.938    16.7155  37.109734    28.5016      0.930  250.21381  250.55256    -3.6774     1.9600 -9.990e-29
 149.475946      0.927    16.7036  37.116051    28.5155      0.919  250.24864  250.58678    -3.5841     1.9681 -9.990e-29
 149.475949      0.901    16.6863  37.117463    28.5290      0.893  250.31076  250.64806    -3.5841     1.9600 -9.990e-29
 149.475952      0.856    16.6688  37.128625    28.5510      0.848  250.35928  250.69567    -3.6152     1.9641 -9.990e-29
 149.475955      0.834    16.6476  37.128628    28.5661      0.827  250.43755  250.77292    -3.4440     1.9439 -9.990e-29
 149.475958      0.834    16.6281  37.127220    28.5787      0.826  250.51154  250.84599    -3.5529     1.9317 -9.990e-29
 149.475961      0.856    16.6008  37.128203    28.6023      0.848  250.60601  250.93910    -3.6152     1.9681 -9.990e-29
 149.475964      0.901    16.5953  37.132007    28.6056      0.893  250.62765  250.96048    -3.4284     1.9903 0.0000e+00
 149.475966      0.969    16.5897  37.130414    28.6088      0.960  250.64928  250.98185    -3.2572     1.9964 0.0000e+00
 149.475969      1.049    16.5806  37.131274    28.6160      1.040  250.68176  251.01388    -3.2572     1.9964 0.0000e+00
 149.475972      1.128    16.5721  37.132686    28.6233      1.117  250.71132  251.04302    -3.2728     1.9924 0.0000e+00
 149.475975      1.186    16.5689  37.132809    28.6256      1.175  250.72312  251.05467    -3.2805     1.9924 0.0000e+00
 149.475978      1.217    16.5657  37.133852    28.6279      1.206  250.73493  251.06632    -3.2728     1.9924 -9.990e-29
 149.475981      1.219    16.5611  37.135018    28.6331      1.208  250.74856  251.07971    -3.5685     1.9317 -9.990e-29
 149.475984      1.186    16.5580  37.136490    28.6366      1.175  250.75812  251.08911    -3.6152     1.9641 -9.990e-29
 149.475987      1.155    16.5491  37.152070    28.6563      1.145  250.76809  251.09856    -3.5996     1.9398 -9.990e-29
 149.475990      1.126    16.5318  37.157101    28.6730      1.116  250.82502  251.15462    -3.2416     1.9237 -9.990e-29
 149.475992      1.115    16.5139  37.163422    28.6913      1.105  250.88215  251.21083    -3.2416     1.9398 -9.990e-29
 149.475995      1.133    16.4744  37.164713    28.7266      1.123  251.01634  251.34304    -3.3506     1.9520 -9.990e-29
 149.475998      1.188    16.4630  37.171648    28.7375      1.177  251.05399  251.38011    -3.4829     1.9763 0.0000e+00
 149.476001      1.272    16.4516  37.178032    28.7484      1.260  251.09163  251.41717    -3.5685     2.0005 0.0000e+00
 149.476004      1.361    16.4284  37.191227    28.7764      1.349  251.15866  251.48298    -3.6152     2.0167 0.0000e+00
 149.476007      1.461    16.4034  37.190801    28.7940      1.448  251.25197  251.57506    -3.6152     2.0167 0.0000e+00
 149.476010      1.556    16.3833  37.190375    28.8080      1.542  251.32727  251.64937    -3.6152     2.0167 0.0000e+00
 149.476013      1.618    16.3770  37.188290    28.8117      1.604  251.35250  251.67428    -3.6229     2.0228 0.0000e+00
 149.476016      1.655    16.3706  37.188291    28.8154      1.640  251.37772  251.69919    -3.5685     2.0369 -9.990e-29
 149.476019      1.668    16.3501  37.187372    28.8294      1.653  251.45519  251.77565    -3.8175     1.9924 -9.990e-29
 149.476021      1.642    16.3355  37.187619    28.8402      1.627  251.50932  251.82905    -3.7708     2.0207 -9.990e-29
 149.476024      1.596    16.3228  37.184737    28.8468      1.582  251.56056  251.87968    -3.8175     2.0288 -9.990e-29
 149.476027      1.549    16.3108  37.183511    28.8545      1.535  251.60696  251.92548    -3.5062     2.1056 -9.990e-29
 149.476030      1.501    16.3011  37.182591    28.8607      1.488  251.64452  251.96255    -3.6152     2.1501 -9.990e-29
 149.476033      1.458    16.2936  37.180199    28.8641      1.445  251.67587  251.99355    -3.5841     2.1339 -9.990e-29
 149.476036      1.443    16.2882  37.176886    28.8651      1.430  251.70082  252.01824    -3.5062     2.1865 -9.990e-29
 149.476039      1.463    16.2836  37.178237    28.8696      1.450  251.71589  252.03308    -3.3195     1.9964 -9.990e-29
 149.476042      1.521    16.2796  37.179649    28.8737      1.508  251.72880  252.04578    -3.2728     1.9843 -9.990e-29
 149.476045      1.611    16.2760  37.181245    28.8778      1.596  251.73973  252.05652    -3.1794     2.0045 -9.990e-29
 149.476047      1.704    16.2773  37.181429    28.8772      1.688  251.73442  252.05128    -3.2961     2.0632 0.0000e+00
 149.476050      1.793    16.2786  37.182166    28.8765      1.777  251.72911  252.04603    -3.4129     2.1218 0.0000e+00
 149.476053      1.853    16.2825  37.183883    28.8752      1.837  251.71194  252.02904    -3.4907     2.1420 0.0000e+00
 149.476056      1.903    16.2837  37.185110    28.8748      1.886  251.70655  252.02372    -3.5530     2.1481 0.0000e+00
 149.476059      1.932    16.2849  37.179772    28.8744      1.915  251.70117  252.01839    -3.4907     2.1420 -9.990e-29
 149.476062      1.936    16.2827  37.179159    28.8709      1.918  251.71838  252.03552    -3.6152     2.1501 -9.990e-29
 149.476065      1.927    16.2810  37.179159    28.8722      1.909  251.72466  252.04171    -3.5685     2.2795 -9.990e-29
 149.476068      1.912    16.2777  37.172779    28.8690      1.895  251.74637  252.06329    -3.4751     2.2471 -9.990e-29
 149.476071      1.910    16.2676  37.173270    28.8734      1.893  251.78918  252.10562    -3.5529     2.2714 -9.990e-29
 149.476073      1.939    16.2651  37.169344    28.8755      1.922  251.79792  252.11424    -3.4829     2.3118 0.0000e+00
 149.476076      1.983    16.2626  37.170081    28.8747      1.965  251.80667  252.12285    -3.4129     2.3159 0.0000e+00
 149.476079      2.034    16.2579  37.162781    28.8776      2.016  251.83487  252.15086    -3.3506     2.3523 0.0000e+00
 149.476082      2.094    16.2534  37.163641    28.8787      2.076  251.85039  252.16615    -3.3506     2.3361 0.0000e+00
 149.476085      2.153    16.2490  37.164623    28.8796      2.133  251.86543  252.18096    -3.3662     2.3685 0.0000e+00
 149.476088      2.202    16.2475  37.158428    28.8811      2.182  251.87587  252.19134    -3.4752     2.4048 0.0000e+00
 149.476091      2.239    16.2459  37.154135    28.8796      2.219  251.88631  252.20172    -3.5841     2.4736 -9.990e-29
 149.476094      2.250    16.2354  37.150700    28.8805      2.230  251.93700  252.25193    -3.6619     2.4534 -9.990e-29
 149.476097      2.243    16.2307  37.151928    28.8849      2.223  251.95254  252.26722    -3.6152     2.4534 -9.990e-29
 149.476100      2.213    16.2274  37.153032    28.8883      2.194  251.96315  252.27766    -3.6152     2.4574 -9.990e-29
 149.476102      2.173    16.2258  37.151315    28.8880      2.154  251.97196  252.28639    -3.4907     2.4655 -9.990e-29
 149.476105      2.142    16.2247  37.151437    28.8889      2.123  251.97565  252.29003    -3.5062     2.4453 -9.990e-29
 149.476108      2.142    16.2235  37.147819    28.8867      2.123  251.98551  252.29985    -3.5529     2.4453 -9.990e-29
 149.476111      2.179    16.2201  37.145243    28.8878      2.159  252.00023  252.31441    -3.6463     2.5221 -9.990e-29
 149.476114      2.253    16.2193  37.146409    28.8887      2.233  252.00256  252.31669    -3.6074     2.5201 0.0000e+00
 149.476117      2.346    16.2186  37.147145    28.8878      2.325  252.00488  252.31897    -3.5685     2.5181 0.0000e+00
 149.476120      2.436    16.2176  37.144140    28.8894      2.414  252.01313  252.32716    -3.5685     2.5181 0.0000e+00
 149.476123      2.496    16.2173  37.145674    28.8885      2.474  252.01321  252.32725    -3.5374     2.5221 0.0000e+00
 149.476126      2.534    16.2170  37.143221    28.8894      2.512  252.01313  252.32716    -3.5685     2.5383 -9.990e-29
 149.476128      2.554    16.2176  37.144570    28.8880      2.532  252.01271  252.32677    -3.3817     2.6677 -9.990e-29
 149.476131      2.564    16.2177  37.145429    28.8886      2.541  252.01084  252.32490    -3.5529     2.6434 -9.990e-29
 149.476134      2.558    16.2177  37.142791    28.8864      2.535  252.01475  252.32883    -3.6308     2.6434 -9.990e-29
 149.476137      2.549    16.2175  37.142791    28.8865      2.526  252.01564  252.32971    -3.2261     3.4279 -9.990e-29
 149.476140      2.542    16.2168  37.141626    28.8866      2.519  252.01907  252.33311    -3.3195     3.4319 -9.990e-29
 149.476143      2.567    16.2166  37.142301    28.8878      2.544  252.01801  252.33203    -3.3273     3.4238 0.0000e+00
 149.476146      2.609    16.2164  37.144754    28.8866      2.586  252.01907  252.33311    -3.3350     3.4319 0.0000e+00
 149.476149      2.666    16.2158  37.141197    28.8870      2.642  252.02436  252.33835    -3.5841     3.4158 0.0000e+00
 149.476152      2.746    16.2150  37.141320    28.8870      2.722  252.02721  252.34117    -3.5841     3.4117 0.0000e+00
 149.476155      2.814    16.2140  37.143222    28.8894      2.789  252.02832  252.34221    -3.5996     3.4117 0.0000e+00
 149.476157      2.867    16.2134  37.142977    28.8897      2.841  252.03061  252.34447    -3.5762     3.4138 0.0000e+00
 149.476160      2.898    16.2128  37.140892    28.8900      2.872  252.03290  252.34674    -3.5996     3.4158 -9.990e-29
 149.476163      2.905    16.2097  37.138439    28.8883      2.879  252.05133  252.36504    -3.3973     3.2904 -9.990e-29
 149.476166      2.896    16.2079  37.138255    28.8894      2.870  252.05818  252.37180    -3.3506     3.2985 -9.990e-29
 149.476169      2.870    16.2061  37.138010    28.8905      2.845  252.06542  252.37894    -3.3506     3.2823 -9.990e-29
 149.476172      2.828    16.2044  37.142303    28.8955      2.803  252.06530  252.37871    -3.3973     3.3187 -9.990e-29
 149.476175      2.792    16.2035  37.135864    28.8906      2.767  252.07814  252.39154    -2.9148     3.1974 -9.990e-29
 149.476178      2.777    16.2028  37.137336    28.8924      2.752  252.07863  252.39199    -2.9771     3.1934 -9.990e-29
 149.476181      2.788    16.2015  37.139360    28.8951      2.763  252.08042  252.39370    -2.9771     3.2298 -9.990e-29
 149.476183      2.834    16.1970  37.140035    28.8981      2.808  252.09791  252.41096    -3.3195     3.1448 -9.990e-29
 149.476186      2.912    16.1962  37.139115    28.8982      2.886  252.10127  252.41429    -3.3662     3.1549 0.0000e+00
 149.476189      3.009    16.1955  37.138257    28.8981      2.982  252.10462  252.41761    -3.3195     3.1651 0.0000e+00
 149.476192      3.094    16.1936  37.135743    28.8984      3.067  252.11559  252.42849    -3.3506     3.1651 0.0000e+00
 149.476195      3.173    16.1915  37.135008    28.8984      3.145  252.12450  252.43730    -3.3506     3.1448 0.0000e+00
 149.476198      3.233    16.1907  37.136173    28.8995      3.204  252.12694  252.43970    -3.4362     3.1246 0.0000e+00
 149.476201      3.266    16.1898  37.135744    28.9007      3.237  252.12938  252.44209    -3.5218     3.1044 -9.990e-29
 149.476204      3.277    16.1864  37.141080    28.9074      3.248  252.13468  252.44718    -3.6152     3.0437 -9.990e-29
 149.476207      3.268    16.1838  37.139118    28.9075      3.239  252.14716  252.45955    -3.4907     3.0478 -9.990e-29
 149.476209      3.259    16.1805  37.141940    28.9124      3.230  252.15522  252.46743    -3.5529     3.0154 -9.990e-29
 149.476212      3.244    16.1766  37.141879    28.9152      3.215  252.16996  252.48197    -3.2883     3.0316 -9.990e-29
 149.476215      3.239    16.1725  37.142983    28.9191      3.210  252.18387  252.49565    -3.3662     3.0357 -9.990e-29
 149.476218      3.257    16.1626  37.144763    28.9302      3.228  252.21383  252.52509    -3.3195     3.0599 -9.990e-29
 149.476221      3.288    16.1604  37.147585    28.9314      3.259  252.22285  252.53400    -3.4362     3.0195 0.0000e+00
 149.476224      3.334    16.1581  37.146727    28.9327      3.304  252.23187  252.54291    -3.4129     2.9831 0.0000e+00
 149.476227      3.394    16.1545  37.147586    28.9361      3.364  252.24408  252.55493    -3.5529     2.9831 0.0000e+00
 149.476230      3.449    16.1506  37.148446    28.9397      3.418  252.25748  252.56812    -3.5841     2.9831 0.0000e+00
 149.476233      3.498    16.1487  37.147403    28.9406      3.467  252.26559  252.57614    -3.6230     2.9810 0.0000e+00
 149.476236      3.529    16.1467  37.151882    28.9416      3.497  252.27371  252.58416    -3.5841     2.9669 -9.990e-29
 149.476238      3.551    16.1412  37.148938    28.9469      3.519  252.29178  252.60194    -3.3195     3.0963 -9.990e-29
 149.476241      3.560    16.1393  37.150962    28.9500      3.528  252.29594  252.60599    -3.3506     3.1165 -9.990e-29
 149.476244      3.562    16.1385  37.149367    28.9492      3.530  252.30130  252.61133    -3.4129     3.1084 -9.990e-29
 149.476247      3.554    16.1384  37.147589    28.9477      3.522  252.30425  252.61428    -3.0393     3.1287 -9.990e-29
 149.476250      3.550    16.1382  37.150717    28.9506      3.519  252.30048  252.61048    -3.1171     3.1893 -9.990e-29
 149.476253      3.562    16.1376  37.155195    28.9549      3.530  252.29591  252.60585    -3.1483     3.1489 -9.990e-29
 149.476256      3.582    16.1344  37.153723    28.9544      3.550  252.31313  252.62293    -3.0860     3.1610 -9.990e-29
 149.476259      3.618    16.1336  37.151883    28.9537      3.586  252.31789  252.62766    -3.3350     3.0720 0.0000e+00
 149.476262      3.664    16.1329  37.149123    28.9544      3.631  252.32148  252.63116    -3.5218     2.9831 0.0000e+00
 149.476264      3.715    16.1320  37.152129    28.9562      3.682  252.32265  252.63239    -3.5841     2.9588 0.0000e+00
 149.476267      3.773    16.1307  37.154154    28.9590      3.740  252.32358  252.63318    -3.5529     2.9588 0.0000e+00
 149.476270      3.828    16.1298  37.155074    28.9590      3.794  252.32552  252.63507    -3.5529     2.9710 0.0000e+00
 149.476273      3.877    16.1296  37.151885    28.9592      3.843  252.32881  252.63835    -3.4518     2.9811 0.0000e+00
 149.476276      3.915    16.1293  37.153050    28.9580      3.880  252.33210  252.64164    -3.3506     2.9710 -9.990e-29
 149.476279      3.934    16.1289  37.157589    28.9632      3.899  252.32512  252.63461    -3.2416     2.9629 -9.990e-29
 149.476282      3.943    16.1284  37.150413    28.9574      3.908  252.33792  252.64742    -3.3973     2.9588 -9.990e-29
 149.476285      3.943    16.1274  37.150536    28.9582      3.908  252.34132  252.65077    -3.6930     3.0276 -9.990e-29
 149.476288      3.943    16.1267  37.154400    28.9620      3.908  252.33825  252.64764    -3.5685     3.0599 -9.990e-29
 149.476291      3.952    16.1255  37.154339    28.9628      3.917  252.34283  252.65216    -3.6152     3.0518 -9.990e-29
 149.476293      3.972    16.1222  37.154646    28.9673      3.937  252.35154  252.66068    -3.3195     2.9952 -9.990e-29
