seaocn-cb/data/ctd_cnv/SBE19plus_01907321_2024_05_25_Cast51.cnv
* Sea-Bird SBE19plus  Data File:
* FileName = E:\Prandtl_Daten\2024\25052024\raw\SBE19plus_01907321_2024_05_25_Cast51.hex
* Software version 2.6.1.12
* Temperature SN = 7321
* Conductivity SN = 7321
* System UpLoad Time = May 25 2024 08:13:16
* <ApplicationData>
* <Seaterm232>
** 20240525
** Sea Practical 2024
** MCat 25.05 CTD_SP6
** NMEA Latitude = 054 07.96N
** NMEA Longitude = 008 23.01E
** waterdepth = 9.2m
** Till
# nquan = 11
# nvalues = 344                         
# units = specified
# name 0 = timeJ: Julian Days
# name 1 = prdM: Pressure, Strain Gauge [db]
# name 2 = tv290C: Temperature [ITS-90, deg C]
# name 3 = c0mS/cm: Conductivity [mS/cm]
# name 4 = sal00: Salinity, Practical [PSU]
# name 5 = depSM: Depth [salt water, m], lat = 54.00
# name 6 = oxsatMm/Kg: Oxygen Saturation, Weiss [umol/kg]
# name 7 = oxsolMm/Kg: Oxygen Saturation, Garcia & Gordon [umol/kg]
# name 8 = turbWETntu0: Turbidity, WET Labs ECO [NTU]
# name 9 = flECO-AFL: Fluorescence, WET Labs ECO-AFL/FL [mg/m^3]
# name 10 = flag:  0.000e+00
# span 0 = 146.338909, 146.339902       
# span 1 =      0.462,      8.235       
# span 2 =    15.5285,    15.9479       
# span 3 =  36.401980,  36.672390       
# span 4 =    28.4522,    28.9715       
# span 5 =      0.458,      8.162       
# span 6 =  254.10922,  255.34347       
# span 7 =  254.41388,  255.62457       
# span 8 =    -3.6463,     1.4276       
# span 9 =     3.6058,     6.7720       
# span 10 = 0.0000e+00, 0.0000e+00      
# interval = seconds: 0.25
# start_time = May 25 2024 08:06:34 [Instrument's time stamp, header]
# bad_flag = -9.990e-29
*END*
[from data line 132]
 146.339291      2.537    15.9262  36.404846    28.4577      2.515  254.21739  254.52105    -2.3312     4.8533 0.0000e+00
 146.339294      2.581    15.9258  36.404846    28.4579      2.558  254.21861  254.52221    -2.9459     4.8391 0.0000e+00
 146.339297      2.627    15.9253  36.406368    28.4579      2.603  254.21876  254.52240    -2.9615     4.7663 0.0000e+00
 146.339300      2.669    15.9248  36.402352    28.4582      2.645  254.22347  254.52704    -3.0237     4.7583 0.0000e+00
 146.339303      2.703    15.9243  36.408132    28.4568      2.679  254.22832  254.53188    -3.0860     4.7663 -9.990e-29
 146.339306      2.723    15.9225  36.410384    28.4650      2.699  254.22319  254.52662    -2.5101     4.8229 -9.990e-29
 146.339308      2.734    15.9206  36.410567    28.4665      2.710  254.22987  254.53320    -2.6502     4.8351 -9.990e-29
 146.339311      2.743    15.9188  36.407281    28.4650      2.719  254.24178  254.54504    -2.8059     4.8472 -9.990e-29
 146.339314      2.744    15.9180  36.410263    28.4681      2.719  254.24031  254.54350    -2.7436     4.9321 -9.990e-29
 146.339317      2.749    15.9168  36.410384    28.4691      2.725  254.24466  254.54779    -2.6346     4.8472 -9.990e-29
 146.339320      2.764    15.9154  36.409898    28.4697      2.739  254.25084  254.55390    -3.1483     4.9483 -9.990e-29
 146.339323      2.786    15.9128  36.408803    28.4741      2.761  254.25644  254.55935    -2.7903     4.9483 -9.990e-29
 146.339326      2.826    15.9118  36.412819    28.4755      2.800  254.25914  254.56200    -2.8837     4.9281 0.0000e+00
 146.339329      2.880    15.9107  36.414462    28.4770      2.855  254.26185  254.56464    -2.9771     4.9079 0.0000e+00
 146.339332      2.944    15.9087  36.417931    28.4795      2.918  254.26420  254.56687    -3.3506     4.5439 0.0000e+00
 146.339334      3.014    15.9056  36.413246    28.4814      2.987  254.28309  254.58563    -3.3506     4.5439 0.0000e+00
 146.339337      3.085    15.9023  36.415012    28.4834      3.057  254.29300  254.59516    -3.3350     4.5601 0.0000e+00
 146.339340      3.139    15.9008  36.422740    28.4879      3.111  254.29307  254.59533    -3.3273     4.5723 0.0000e+00
 146.339343      3.179    15.8993  36.421463    28.4923      3.151  254.29300  254.59516    -3.3195     4.5844 -9.990e-29
 146.339346      3.196    15.8906  36.421281    28.4972      3.167  254.32815  254.62987    -3.4129     4.4428 -9.990e-29
 146.339349      3.201    15.8878  36.426819    28.5040      3.173  254.33066  254.63220    -3.5218     4.4348 -9.990e-29
 146.339352      3.203    15.8858  36.425480    28.5043      3.175  254.34023  254.64168    -3.4595     4.4388 -9.990e-29
 146.339355      3.203    15.8838  36.429558    28.5093      3.175  254.34162  254.64294    -2.8525     5.1828 -9.990e-29
 146.339358      3.205    15.8809  36.427915    28.5100      3.176  254.35528  254.65645    -2.9926     5.2314 -9.990e-29
 146.339361      3.209    15.8799  36.427063    28.5100      3.180  254.36049  254.66162    -2.9771     5.1909 -9.990e-29
 146.339363      3.225    15.8791  36.432175    28.5150      3.196  254.35580  254.65685    -3.0393     5.2071 -9.990e-29
 146.339366      3.249    15.8737  36.429315    28.5165      3.220  254.38040  254.68120    -3.0082     4.9483 -9.990e-29
 146.339369      3.283    15.8729  36.429498    28.5165      3.254  254.38444  254.68520    -2.9771     4.9261 0.0000e+00
 146.339372      3.324    15.8721  36.428160    28.5165      3.294  254.38848  254.68920    -3.0082     4.9038 0.0000e+00
 146.339375      3.367    15.8704  36.432177    28.5212      3.337  254.38908  254.68959    -2.9459     4.9038 0.0000e+00
 146.339378      3.408    15.8687  36.436376    28.5235      3.377  254.38910  254.68969    -3.0704     4.8836 0.0000e+00
 146.339381      3.444    15.8670  36.432116    28.5258      3.413  254.40189  254.70233    -3.2105     4.6895 0.0000e+00
 146.339384      3.475    15.8650  36.433030    28.5258      3.444  254.40838  254.70870    -3.3506     4.6895 0.0000e+00
 146.339387      3.511    15.8628  36.435951    28.5293      3.480  254.41213  254.71232    -3.2728     4.6895 0.0000e+00
 146.339389      3.546    15.8604  36.433274    28.5298      3.514  254.42555  254.72563    -3.2728     4.6652 0.0000e+00
 146.339392      3.586    15.8580  36.435100    28.5325      3.554  254.43187  254.73182    -3.2572     4.5965 0.0000e+00
 146.339395      3.634    15.8555  36.434614    28.5339      3.601  254.44229  254.74211    -3.2572     4.5358 0.0000e+00
 146.339398      3.676    15.8543  36.435527    28.5339      3.643  254.44546  254.74521    -3.2572     4.5358 0.0000e+00
 146.339401      3.714    15.8543  36.431267    28.5353      3.681  254.44546  254.74521    -3.2105     4.5358 0.0000e+00
 146.339404      3.743    15.8548  36.436135    28.5335      3.710  254.44628  254.74608    -3.1871     4.6612 0.0000e+00
 146.339407      3.769    15.8553  36.438022    28.5353      3.735  254.44065  254.74045    -3.2105     4.7946 -9.990e-29
 146.339410      3.787    15.8555  36.440822    28.5393      3.753  254.43299  254.73277    -3.2883     4.7421 -9.990e-29
 146.339413      3.794    15.8543  36.440153    28.5395      3.760  254.43823  254.73795    -3.2728     4.7299 -9.990e-29
 146.339416      3.803    15.8524  36.435710    28.5370      3.769  254.45219  254.75185    -3.3039     4.7623 -9.990e-29
 146.339418      3.812    15.8509  36.441675    28.5433      3.778  254.44921  254.74875    -2.8681     5.8379 -9.990e-29
 146.339421      3.819    15.8490  36.440823    28.5439      3.785  254.45775  254.75719    -2.8370     5.8339 -9.990e-29
 146.339424      3.834    15.8473  36.435285    28.5403      3.800  254.47247  254.77186    -2.7903     5.8824 -9.990e-29
 146.339427      3.858    15.8452  36.441736    28.5442      3.823  254.47651  254.77577    -3.1483     5.1020 -9.990e-29
 146.339430      3.898    15.8448  36.438024    28.5468      3.863  254.47422  254.77344    -3.1483     5.0919 0.0000e+00
 146.339433      3.938    15.8443  36.443258    28.5494      3.903  254.47193  254.77111    -3.1483     5.0817 0.0000e+00
 146.339436      3.993    15.8439  36.445267    28.5494      3.957  254.47193  254.77111    -3.1483     5.0817 0.0000e+00
 146.339439      4.045    15.8438  36.438146    28.5514      4.009  254.47351  254.77262    -3.1950     5.0737 0.0000e+00
 146.339442      4.102    15.8431  36.445268    28.5505      4.065  254.48035  254.77943    -3.1483     4.7340 0.0000e+00
 146.339444      4.149    15.8422  36.442955    28.5519      4.112  254.47993  254.77897    -3.3662     4.7178 0.0000e+00
 146.339447      4.193    15.8419  36.444842    28.5515      4.156  254.48014  254.77920    -3.3195     4.7158 0.0000e+00
 146.339450      4.230    15.8416  36.442164    28.5526      4.192  254.47993  254.77897    -3.4907     4.6976 -9.990e-29
 146.339453      4.250    15.8405  36.439973    28.5492      4.212  254.49156  254.79057    -3.2105     6.7275 -9.990e-29
 146.339456      4.263    15.8400  36.444416    28.5534      4.224  254.48665  254.78561    -3.5062     6.7558 -9.990e-29
 146.339459      4.268    15.8399  36.441312    28.5508      4.230  254.49196  254.79092    -3.1483     6.7720 -9.990e-29
 146.339462      4.274    15.8399  36.441495    28.5509      4.235  254.49168  254.79065    -3.3506     6.7437 -9.990e-29
 146.339465      4.281    15.8399  36.437478    28.5474      4.243  254.49746  254.79646    -3.3350     6.7477 -9.990e-29
 146.339468      4.295    15.8400  36.444173    28.5531      4.257  254.48704  254.78600    -3.1794     5.0373 -9.990e-29
 146.339470      4.317    15.8406  36.441678    28.5496      4.279  254.49030  254.78931    -2.8525     5.0696 -9.990e-29
 146.339473      4.350    15.8408  36.440643    28.5498      4.311  254.48876  254.78778    -3.0315     5.0696 0.0000e+00
 146.339476      4.387    15.8410  36.441495    28.5496      4.348  254.49020  254.78928    -2.8525     5.0696 0.0000e+00
 146.339479      4.431    15.8414  36.438148    28.5500      4.391  254.48722  254.78625    -2.4167     5.9107 0.0000e+00
 146.339482      4.480    15.8414  36.442530    28.5506      4.440  254.48426  254.78328    -2.4167     5.9673 0.0000e+00
 146.339485      4.527    15.8410  36.443504    28.5517      4.487  254.48426  254.78328    -2.4167     5.9835 0.0000e+00
 146.339488      4.569    15.8406  36.444417    28.5527      4.528  254.48471  254.78370    -2.5101     5.9835 0.0000e+00
 146.339491      4.607    15.8403  36.443748    28.5528      4.566  254.48644  254.78541    -2.5880     5.3183 0.0000e+00
 146.339494      4.637    15.8399  36.440401    28.5527      4.595  254.48816  254.78712    -2.7592     4.6531 -9.990e-29
 146.339497      4.653    15.8388  36.446427    28.5558      4.611  254.48836  254.78724    -3.0238     4.6774 -9.990e-29
 146.339499      4.666    15.8383  36.444601    28.5546      4.624  254.49324  254.79211    -2.8681     4.6652 -9.990e-29
 146.339502      4.680    15.8381  36.441071    28.5517      4.639  254.49919  254.79807    -2.9459     5.0373 -9.990e-29
 146.339505      4.695    15.8376  36.444844    28.5554      4.653  254.49560  254.79443    -3.1483     5.0211 -9.990e-29
 146.339508      4.719    15.8363  36.443384    28.5586      4.677  254.49641  254.79515    -2.9771     5.0373 -9.990e-29
 146.339511      4.750    15.8360  36.447523    28.5569      4.707  254.50099  254.79973    -3.0705     5.0697 0.0000e+00
 146.339514      4.788    15.8357  36.443080    28.5586      4.745  254.50100  254.79968    -3.0393     5.1020 0.0000e+00
 146.339517      4.836    15.8350  36.447706    28.5596      4.792  254.50100  254.79968    -3.0393     5.1950 0.0000e+00
 146.339520      4.883    15.8341  36.450384    28.5617      4.839  254.50100  254.79968    -3.0082     5.2030 0.0000e+00
 146.339523      4.928    15.8332  36.448619    28.5626      4.884  254.50602  254.80452    -3.0082     5.1950 0.0000e+00
 146.339525      4.972    15.8325  36.452211    28.5637      4.928  254.50632  254.80486    -3.0082     5.1909 0.0000e+00
 146.339528      5.003    15.8319  36.450385    28.5657      4.958  254.50602  254.80452    -3.0393     5.1788 -9.990e-29
 146.339531      5.023    15.8309  36.452942    28.5671      4.978  254.50887  254.80730    -3.1794     5.1747 -9.990e-29
 146.339534      5.033    15.8301  36.451968    28.5668      4.988  254.51336  254.81176    -3.1171     5.1222 -9.990e-29
 146.339537      5.041    15.8292  36.451299    28.5668      4.996  254.51770  254.81606    -3.1327     5.1222 -9.990e-29
 146.339540      5.047    15.8286  36.456168    28.5715      5.002  254.51274  254.81104    -3.1794     4.8917 -9.990e-29
 146.339543      5.065    15.8273  36.453308    28.5700      5.020  254.52191  254.82015    -3.1950     4.8957 -9.990e-29
 146.339546      5.083    15.8253  36.453551    28.5691      5.038  254.53383  254.83199    -3.4907     4.9402 -9.990e-29
 146.339549      5.109    15.8250  36.450630    28.5722      5.063  254.53031  254.82843    -3.3117     5.0413 0.0000e+00
 146.339552      5.142    15.8246  36.457082    28.5752      5.096  254.52870  254.82672    -3.1327     5.1424 0.0000e+00
 146.339554      5.182    15.8235  36.458422    28.5771      5.136  254.52870  254.82672    -3.1171     5.1586 0.0000e+00
 146.339557      5.224    15.8227  36.460553    28.5771      5.177  254.52882  254.82678    -3.0549     5.1586 0.0000e+00
 146.339560      5.264    15.8220  36.455987    28.5760      5.217  254.53817  254.83612    -3.1171     5.1303 0.0000e+00
 146.339563      5.306    15.8218  36.452639    28.5751      5.259  254.54175  254.83969    -2.9615     5.1100 0.0000e+00
 146.339566      5.346    15.8216  36.454648    28.5751      5.298  254.54175  254.83969    -2.1210     4.6410 0.0000e+00
 146.339569      5.383    15.8211  36.458240    28.5776      5.334  254.54021  254.83811    -1.8720     4.5925 0.0000e+00
 146.339572      5.414    15.8211  36.457084    28.5786      5.365  254.53910  254.83698    -1.8720     4.5925 0.0000e+00
 146.339575      5.445    15.8209  36.458423    28.5790      5.396  254.53910  254.83698    -1.9498     4.6491 0.0000e+00
 146.339578      5.479    15.8205  36.460858    28.5813      5.430  254.53727  254.83507    -3.2105     4.8108 0.0000e+00
 146.339580      5.508    15.8197  36.462441    28.5822      5.459  254.53727  254.83507    -3.2261     4.8310 0.0000e+00
 146.339583      5.543    15.8181  36.459946    28.5832      5.494  254.54590  254.84355    -3.3195     4.8310 0.0000e+00
 146.339586      5.576    15.8176  36.463538    28.5842      5.526  254.54665  254.84434    -3.3506     4.8371 0.0000e+00
 146.339589      5.607    15.8171  36.461955    28.5861      5.557  254.54590  254.84355    -3.3195     4.8270 -9.990e-29
 146.339592      5.627    15.8144  36.466643    28.5907      5.577  254.55148  254.84897    -3.3195     5.1262 -9.990e-29
 146.339595      5.645    15.8125  36.469931    28.5949      5.595  254.55344  254.85081    -3.1171     5.1181 -9.990e-29
 146.339598      5.664    15.8106  36.471088    28.5973      5.613  254.55923  254.85649    -3.4129     5.1181 -9.990e-29
 146.339601      5.674    15.8076  36.469323    28.5979      5.624  254.57306  254.87019    -1.9965     5.3810 -9.990e-29
 146.339604      5.691    15.8043  36.480465    28.6100      5.640  254.56884  254.86572    -2.0432     5.3608 -9.990e-29
 146.339606      5.705    15.8009  36.480527    28.6125      5.654  254.58171  254.87842    -2.2144     5.3244 -9.990e-29
 146.339609      5.724    15.7949  36.484241    28.6210      5.673  254.59734  254.89370    -2.1522     5.4254 -9.990e-29
 146.339612      5.751    15.7939  36.485338    28.6219      5.700  254.60075  254.89705    -2.6892     5.4476 0.0000e+00
 146.339615      5.784    15.7929  36.485825    28.6228      5.732  254.60415  254.90040    -3.2261     5.4699 0.0000e+00
 146.339618      5.826    15.7904  36.490941    28.6291      5.774  254.60606  254.90215    -3.2261     5.4982 0.0000e+00
 146.339621      5.872    15.7869  36.497153    28.6370      5.819  254.60991  254.90578    -3.2728     5.5589 0.0000e+00
 146.339624      5.927    15.7830  36.499834    28.6422      5.874  254.62093  254.91658    -3.2261     5.4982 0.0000e+00
 146.339627      5.977    15.7789  36.504950    28.6496      5.924  254.62855  254.92396    -3.3195     4.8108 0.0000e+00
 146.339630      6.027    15.7743  36.506900    28.6546      5.973  254.64339  254.93853    -3.3506     4.7946 0.0000e+00
 146.339633      6.063    15.7723  36.509642    28.6573      6.009  254.64915  254.94417    -3.3506     4.7926 0.0000e+00
 146.339635      6.094    15.7702  36.508546    28.6600      6.040  254.65490  254.94981    -3.3506     4.7906 -9.990e-29
 146.339638      6.118    15.7636  36.516769    28.6709      6.063  254.66909  254.96362    -3.3195     4.8917 -9.990e-29
 146.339641      6.131    15.7595  36.518354    28.6752      6.076  254.68234  254.97664    -3.2416     4.8876 -9.990e-29
 146.339644      6.138    15.7549  36.522009    28.6818      6.083  254.69455  254.98858    -3.4284     4.9160 -9.990e-29
 146.339647      6.147    15.7514  36.519207    28.6819      6.092  254.71205  255.00591    -3.3195     4.9160 -9.990e-29
 146.339650      6.160    15.7492  36.520792    28.6848      6.104  254.71777  255.01152    -2.8370     5.2758 -9.990e-29
 146.339653      6.178    15.7461  36.519878    28.6896      6.122  254.72539  255.01895    -3.3039     5.3122 -9.990e-29
 146.339656      6.210    15.7454  36.523716    28.6908      6.155  254.72661  255.02013    -3.1716     5.3405 0.0000e+00
 146.339659      6.249    15.7447  36.525483    28.6921      6.193  254.72784  255.02132    -3.0393     5.3244 0.0000e+00
 146.339661      6.304    15.7432  36.525057    28.6924      6.247  254.73423  255.02764    -3.0393     5.3244 0.0000e+00
 146.339664      6.358    15.7427  36.524144    28.6928      6.302  254.73661  255.02994    -3.2105     4.8027 0.0000e+00
