seaocn-cb/data/ctd_cnv/SBE19plus_01907321_2024_05_23_Cast33.cnv
* Sea-Bird SBE19plus  Data File:
* FileName = E:\Prandtl_Daten\2024\CTD\raw\SBE19plus_01907321_2024_05_23_Cast33.hex
* Software version 2.6.1.12
* Temperature SN = 7321
* Conductivity SN = 7321
* System UpLoad Time = May 23 2024 12:33:31
* <ApplicationData>
* <Seaterm232>
** 20240523
** Sea Practical 2024
** MCat 23.05 CTD_SP1
** NMEA Latitude = 054 7.77N
** NMEA Longitude = 008 46.67E
** waterdepth = 14.4m
** Clemens
# nquan = 11
# nvalues = 445                         
# units = specified
# name 0 = timeJ: Julian Days
# name 1 = prdM: Pressure, Strain Gauge [db]
# name 2 = tv290C: Temperature [ITS-90, deg C]
# name 3 = c0mS/cm: Conductivity [mS/cm]
# name 4 = sal00: Salinity, Practical [PSU]
# name 5 = depSM: Depth [salt water, m], lat = 54.00
# name 6 = oxsatMm/Kg: Oxygen Saturation, Weiss [umol/kg]
# name 7 = oxsolMm/Kg: Oxygen Saturation, Garcia & Gordon [umol/kg]
# name 8 = turbWETntu0: Turbidity, WET Labs ECO [NTU]
# name 9 = flECO-AFL: Fluorescence, WET Labs ECO-AFL/FL [mg/m^3]
# name 10 = flag:  0.000e+00
# span 0 = 144.519010, 144.520295       
# span 1 =      0.645,     13.384       
# span 2 =    16.4347,    17.3607       
# span 3 =  35.300949,  35.543375       
# span 4 =    26.7081,    27.1564       
# span 5 =      0.640,     13.265       
# span 6 =  250.07687,  253.91895       
# span 7 =  250.45314,  254.25418       
# span 8 =    -3.6930,     0.0580       
# span 9 =     2.8497,     8.3207       
# span 10 = 0.0000e+00, 0.0000e+00      
# interval = seconds: 0.25
# start_time = May 23 2024 12:25:59 [Instrument's time stamp, header]
# bad_flag = -9.990e-29
*END*
[from data line 263]
 144.519771      8.330    16.5973  35.347862    27.0817      8.256  253.22898  253.57166    -2.2767     7.1966 -9.990e-29
 144.519774      8.334    16.5958  35.343773    27.0793      8.260  253.24086  253.58350    -2.1522     7.2047 -9.990e-29
 144.519777      8.349    16.5848  35.342932    27.0821      8.274  253.29067  253.63282    -2.4479     7.9123 -9.990e-29
 144.519780      8.376    16.5786  35.338424    27.0859      8.301  253.31541  253.65727    -2.4557     7.9163 0.0000e+00
 144.519783      8.422    16.5723  35.337344    27.0890      8.346  253.34014  253.68171    -2.4634     7.9123 0.0000e+00
 144.519786      8.474    16.5630  35.329169    27.0896      8.399  253.38788  253.72905    -2.4634     7.8961 0.0000e+00
 144.519789      8.531    16.5499  35.333078    27.1011      8.455  253.43221  253.77274    -1.9187     7.0106 0.0000e+00
 144.519792      8.590    16.5450  35.332658    27.1033      8.513  253.45180  253.79211    -1.9031     6.9984 0.0000e+00
 144.519795      8.642    16.5439  35.330915    27.1041      8.565  253.45843  253.79869    -1.9031     7.0106 0.0000e+00
 144.519797      8.681    16.5426  35.333500    27.1053      8.603  253.46167  253.80186    -1.9187     7.0065 0.0000e+00
 144.519800      8.710    16.5413  35.335184    27.1073      8.632  253.46491  253.80503    -1.9343     7.0146 -9.990e-29
 144.519803      8.730    16.5357  35.330676    27.1086      8.652  253.49020  253.83008    -1.9498     7.8678 -9.990e-29
 144.519806      8.741    16.5380  35.334162    27.1100      8.663  253.47639  253.81636    -1.8409     7.8597 -9.990e-29
 144.519809      8.745    16.5387  35.329173    27.1053      8.666  253.48092  253.82095    -1.9187     7.8435 -9.990e-29
 144.519812      8.750    16.5322  35.326228    27.1072      8.672  253.51041  253.85014    -1.8564     7.8395 -9.990e-29
 144.519815      8.757    16.5260  35.327912    27.1128      8.679  253.53155  253.87098    -2.5880     8.0336 -9.990e-29
 144.519818      8.779    16.5187  35.328754    27.1148      8.701  253.56457  253.90367    -2.5880     8.0255 -9.990e-29
 144.519821      8.818    16.5153  35.324487    27.1138      8.739  253.58328  253.92224    -2.6425     8.0275 0.0000e+00
 144.519823      8.865    16.5119  35.316794    27.1148      8.786  253.60198  253.94081    -2.5880     8.0255 0.0000e+00
 144.519826      8.920    16.5007  35.316375    27.1200      8.840  253.64549  253.98379    -1.9809     7.2815 0.0000e+00
 144.519829      8.973    16.4908  35.321245    27.1309      8.892  253.67656  254.01436    -1.9187     7.2572 0.0000e+00
 144.519832      9.022    16.4881  35.321906    27.1322      8.941  253.68773  254.02541    -1.9031     7.2653 0.0000e+00
 144.519835      9.055    16.4877  35.320644    27.1331      8.974  253.68850  254.02616    -1.8798     7.2512 0.0000e+00
 144.519838      9.082    16.4881  35.326655    27.1322      9.001  253.68773  254.02541    -1.8564     7.2653 -9.990e-29
 144.519841      9.095    16.4967  35.325332    27.1303      9.014  253.64795  253.98600    -1.1249     7.2451 -9.990e-29
 144.519844      9.093    16.5007  35.324249    27.1267      9.012  253.63432  253.97257    -1.2183     7.2653 -9.990e-29
 144.519847      9.090    16.5006  35.321304    27.1243      9.008  253.63896  253.97722    -1.0315     7.2694 -9.990e-29
 144.519850      9.093    16.4973  35.320823    27.1261      9.012  253.65209  253.99020    -1.1405     7.2532 -9.990e-29
 144.519852      9.102    16.4951  35.322146    27.1287      9.021  253.65884  253.99684    -2.3389     8.1670 -9.990e-29
 144.519855      9.126    16.4875  35.319321    27.1314      9.044  253.69222  254.02987    -2.3701     8.1630 -9.990e-29
 144.519858      9.161    16.4847  35.319322    27.1304      9.079  253.70799  254.04552    -2.3389     8.1650 0.0000e+00
 144.519861      9.216    16.4819  35.312471    27.1314      9.133  253.72375  254.06117    -2.3078     8.1630 0.0000e+00
 144.519864      9.270    16.4751  35.317641    27.1384      9.187  253.74226  254.07933    -2.3078     7.0631 0.0000e+00
 144.519867      9.332    16.4702  35.316139    27.1404      9.249  253.76344  254.10029    -2.3856     7.0631 0.0000e+00
 144.519870      9.385    16.4684  35.316380    27.1404      9.301  253.76994  254.10670    -2.3856     7.0631 0.0000e+00
 144.519873      9.436    16.4684  35.313976    27.1410      9.352  253.77351  254.11028    -2.3856     7.0672 0.0000e+00
 144.519876      9.471    16.4680  35.314878    27.1403      9.386  253.77425  254.11100    -2.0666     7.5099 0.0000e+00
 144.519878      9.498    16.4676  35.316801    27.1410      9.413  253.77500  254.11173    -1.7475     7.9649 -9.990e-29
 144.519881      9.520    16.4685  35.314758    27.1403      9.435  253.77209  254.10887    -1.8409     7.9568 -9.990e-29
 144.519884      9.522    16.4692  35.311632    27.1372      9.437  253.77390  254.11073    -1.8409     7.9689 -9.990e-29
 144.519887      9.520    16.4677  35.315719    27.1416      9.435  253.77347  254.11021    -1.9343     7.4715 -9.990e-29
 144.519890      9.529    16.4664  35.312294    27.1397      9.444  253.78380  254.12048    -1.8876     7.4473 -9.990e-29
 144.519893      9.540    16.4668  35.314638    27.1420      9.455  253.77727  254.11396    -1.8409     7.4715 -9.990e-29
 144.519896      9.566    16.4661  35.315479    27.1401      9.480  253.78370  254.12038    -1.8565     7.4614 0.0000e+00
 144.519899      9.602    16.4655  35.310130    27.1384      9.516  253.79013  254.12679    -1.8409     7.4513 0.0000e+00
 144.519902      9.648    16.4638  35.308869    27.1384      9.562  253.79853  254.13511    -1.4362     7.1480 0.0000e+00
 144.519905      9.692    16.4613  35.310552    27.1415      9.605  253.80570  254.14216    -1.3739     7.1319 0.0000e+00
 144.519907      9.739    16.4597  35.312475    27.1440      9.652  253.80910  254.14547    -1.3739     7.1319 0.0000e+00
 144.519910      9.781    16.4597  35.312055    27.1441      9.693  253.80973  254.14610    -1.4128     7.1279 0.0000e+00
 144.519913      9.810    16.4596  35.315721    27.1440      9.722  253.81036  254.14673    -1.4518     7.1238 -9.990e-29
 144.519916      9.832    16.4610  35.316382    27.1467      9.744  253.79843  254.13484    -1.5452     6.7639 -9.990e-29
 144.519919      9.845    16.4623  35.313557    27.1434      9.757  253.79763  254.13412    -1.5763     6.7275 -9.990e-29
 144.519922      9.852    16.4627  35.310132    27.1402      9.764  253.80112  254.13765    -1.7631     6.7396 -9.990e-29
 144.519925      9.859    16.4626  35.313798    27.1434      9.771  253.79635  254.13285    -1.4829     7.6939 -9.990e-29
 144.519928      9.869    16.4624  35.312476    27.1424      9.780  253.79892  254.13542    -1.6230     7.7142 -9.990e-29
 144.519931      9.891    16.4596  35.310973    27.1433      9.802  253.81110  254.14747    -1.5452     7.6899 -9.990e-29
 144.519933      9.923    16.4579  35.311394    27.1429      9.835  253.82060  254.15690    -1.8254     7.4189 0.0000e+00
 144.519936      9.973    16.4561  35.307789    27.1433      9.883  253.83010  254.16632    -2.1055     7.1480 0.0000e+00
 144.519939     10.033    16.4515  35.306528    27.1447      9.943  253.84969  254.18569    -2.1522     7.1480 0.0000e+00
 144.519942     10.095    16.4499  35.309713    27.1479     10.004  253.85092  254.18684    -2.1522     7.1400 0.0000e+00
 144.519945     10.151    16.4499  35.309052    27.1484     10.061  253.85092  254.18684    -2.1522     7.1400 0.0000e+00
 144.519948     10.195    16.4499  35.310134    27.1484     10.104  253.85145  254.18737    -2.1132     7.1460 0.0000e+00
 144.519951     10.232    16.4499  35.310976    27.1488     10.140  253.85067  254.18658    -2.1522     7.1521 -9.990e-29
 144.519954     10.255    16.4498  35.311216    27.1497     10.164  253.84942  254.18532    -1.6852     7.0753 -9.990e-29
 144.519957     10.266    16.4509  35.312058    27.1497     10.174  253.84384  254.17979    -1.6541     7.0672 -9.990e-29
 144.519959     10.266    16.4514  35.309714    27.1474     10.174  253.84543  254.18142    -1.6074     7.0833 -9.990e-29
 144.519962     10.263    16.4503  35.307370    27.1461     10.171  253.85322  254.18917    -2.1677     7.1925 -9.990e-29
 144.519965     10.259    16.4486  35.307791    27.1476     10.167  253.85881  254.19468    -2.1522     7.1723 -9.990e-29
 144.519968     10.266    16.4478  35.308632    27.1489     10.175  253.86099  254.19681    -2.2144     7.2289 -9.990e-29
 144.519971     10.290    16.4486  35.309954    27.1476     10.198  253.85885  254.19471    -1.6230     7.3502 -9.990e-29
 144.519974     10.325    16.4484  35.307791    27.1474     10.232  253.86041  254.19626    -1.6464     7.3664 0.0000e+00
 144.519977     10.374    16.4482  35.306950    27.1476     10.281  253.86197  254.19782    -1.6385     7.3826 0.0000e+00
 144.519980     10.431    16.4469  35.308032    27.1489     10.337  253.86538  254.20116    -1.6697     7.4028 0.0000e+00
 144.519983     10.482    16.4461  35.310496    27.1502     10.388  253.86581  254.20153    -1.6852     7.4028 0.0000e+00
 144.519986     10.531    16.4461  35.308874    27.1502     10.437  253.86581  254.20153    -1.7008     6.9337 0.0000e+00
 144.519988     10.569    16.4465  35.308633    27.1498     10.475  253.86593  254.20169    -1.6930     6.9337 0.0000e+00
 144.519991     10.597    16.4469  35.307792    27.1494     10.502  253.86456  254.20034    -1.7008     6.9337 -9.990e-29
 144.519994     10.618    16.4475  35.309956    27.1501     10.523  253.86016  254.19596    -1.5452     6.9256 -9.990e-29
 144.519997     10.628    16.4478  35.307792    27.1481     10.532  253.86242  254.19825    -1.6852     6.9256 -9.990e-29
 144.520000     10.635    16.4475  35.308453    27.1488     10.540  253.86238  254.19819    -2.1833     7.0672 -9.990e-29
 144.520003     10.640    16.4466  35.308874    27.1498     10.545  253.86518  254.20095    -2.1522     7.0833 -9.990e-29
 144.520006     10.655    16.4464  35.310136    27.1510     10.560  253.86426  254.20001    -2.1677     7.0510 -9.990e-29
 144.520009     10.679    16.4449  35.307792    27.1478     10.583  253.87714  254.21285    -1.4051     7.6373 -9.990e-29
 144.520012     10.719    16.4445  35.305209    27.1490     10.623  253.87726  254.21294    -1.3895     7.6414 0.0000e+00
 144.520014     10.763    16.4440  35.307372    27.1502     10.666  253.87739  254.21304    -1.4051     7.6454 0.0000e+00
 144.520017     10.816    16.4425  35.309716    27.1532     10.719  253.87892  254.21446    -1.3739     7.6454 0.0000e+00
 144.520020     10.870    16.4424  35.311219    27.1547     10.773  253.87892  254.21446    -1.4051     7.6454 0.0000e+00
 144.520023     10.923    16.4424  35.312301    27.1547     10.825  253.87892  254.21446    -1.3739     7.1076 0.0000e+00
 144.520026     10.963    16.4427  35.307373    27.1532     10.865  253.87913  254.21471    -1.4128     7.1036 0.0000e+00
 144.520029     10.994    16.4429  35.307553    27.1509     10.896  253.88184  254.21744    -1.3739     7.1076 -9.990e-29
 144.520032     11.018    16.4439  35.307553    27.1504     10.919  253.87788  254.21352    -1.5140     7.1197 -9.990e-29
 144.520035     11.029    16.4446  35.311881    27.1536     10.930  253.86872  254.20437    -1.0938     7.1521 -9.990e-29
 144.520038     11.034    16.4450  35.304549    27.1470     10.935  253.87797  254.21369    -1.1094     7.1319 -9.990e-29
 144.520041     11.034    16.4441  35.308635    27.1511     10.935  253.87536  254.21101    -1.0315     7.1400 -9.990e-29
 144.520043     11.040    16.4433  35.306953    27.1502     10.941  253.88095  254.21657    -1.0160     7.1319 -9.990e-29
 144.520046     11.054    16.4424  35.309477    27.1530     10.955  253.88065  254.21622    -1.1405     7.1480 -9.990e-29
 144.520049     11.078    16.4423  35.310559    27.1494     10.979  253.88759  254.22317    -0.0043     7.9891 -9.990e-29
 144.520052     11.113    16.4419  35.305210    27.1510     11.013  253.88709  254.22265     0.0424     7.9730 0.0000e+00
 144.520055     11.160    16.4414  35.308215    27.1526     11.060  253.88660  254.22212     0.0580     7.9891 0.0000e+00
 144.520058     11.204    16.4406  35.310379    27.1526     11.103  253.88660  254.22212     0.0580     7.9568 0.0000e+00
 144.520061     11.255    16.4406  35.306533    27.1517     11.154  253.88978  254.22529    -1.8720     7.2168 0.0000e+00
 144.520064     11.299    16.4408  35.306954    27.1517     11.198  253.89085  254.22636    -1.8954     7.1966 0.0000e+00
 144.520067     11.332    16.4410  35.308036    27.1517     11.230  253.88978  254.22529    -1.8720     7.2168 -9.990e-29
 144.520069     11.355    16.4410  35.308456    27.1530     11.254  253.88759  254.22310    -1.8409     7.1966 -9.990e-29
 144.520072     11.374    16.4404  35.309057    27.1539     11.272  253.88920  254.22467    -1.2183     6.9256 -9.990e-29
 144.520075     11.383    16.4403  35.308216    27.1532     11.281  253.89076  254.22623    -1.1405     6.9216 -9.990e-29
 144.520078     11.392    16.4406  35.309719    27.1543     11.290  253.88731  254.22278    -1.2183     6.9378 -9.990e-29
 144.520081     11.403    16.4407  35.311582    27.1558     11.301  253.88426  254.21973    -1.1094     6.9176 -9.990e-29
 144.520084     11.427    16.4406  35.310139    27.1507     11.324  253.89395  254.22944    -2.0121     7.7061 -9.990e-29
 144.520087     11.469    16.4400  35.305452    27.1507     11.366  253.89695  254.23242    -2.1132     7.7020 0.0000e+00
 144.520090     11.514    16.4394  35.304551    27.1507     11.411  253.89955  254.23492    -2.1522     7.7061 0.0000e+00
 144.520093     11.576    16.4382  35.307796    27.1542     11.472  253.89995  254.23540    -2.1833     7.7061 0.0000e+00
 144.520095     11.634    16.4382  35.307797    27.1544     11.530  253.89955  254.23492    -2.1522     7.7061 0.0000e+00
 144.520098     11.687    16.4385  35.309299    27.1547     11.583  253.89615  254.23153    -1.9031     7.1602 0.0000e+00
 144.520101     11.729    16.4389  35.309299    27.1550     11.624  253.89445  254.22985    -1.8876     7.1521 0.0000e+00
 144.520104     11.755    16.4394  35.310141    27.1547     11.650  253.89276  254.22818    -1.9031     7.1440 -9.990e-29
 144.520107     11.769    16.4397  35.305633    27.1514     11.664  253.89725  254.23271    -1.7786     7.1278 -9.990e-29
 144.520110     11.775    16.4392  35.307797    27.1535     11.669  253.89593  254.23135    -1.6385     6.8529 -9.990e-29
 144.520113     11.773    16.4391  35.306054    27.1521     11.668  253.89881  254.23423    -1.6852     6.8569 -9.990e-29
 144.520116     11.768    16.4393  35.307556    27.1533     11.662  253.89597  254.23140    -1.6541     6.8731 -9.990e-29
 144.520119     11.766    16.4393  35.309960    27.1553     11.660  253.89243  254.22784    -1.6230     6.8731 -9.990e-29
 144.520122     11.775    16.4394  35.305453    27.1514     11.669  253.89845  254.23390    -2.1522     7.5848 -9.990e-29
 144.520124     11.791    16.4394  35.308458    27.1521     11.686  253.89755  254.23299    -2.0743     7.6009 -9.990e-29
 144.520127     11.826    16.4389  35.306295    27.1533     11.720  253.89801  254.23342    -2.1055     7.5929 0.0000e+00
 144.520130     11.877    16.4384  35.308218    27.1544     11.771  253.89847  254.23385    -2.0743     7.5848 0.0000e+00
 144.520133     11.934    16.4378  35.307798    27.1544     11.827  253.90101  254.23636    -1.9809     7.4756 0.0000e+00
 144.520136     11.992    16.4378  35.308218    27.1544     11.885  253.90109  254.23645    -1.9498     7.4675 0.0000e+00
 144.520139     12.050    16.4380  35.307558    27.1548     11.942  253.90101  254.23636    -1.9498     7.4675 0.0000e+00
 144.520142     12.089    16.4385  35.309060    27.1548     11.980  253.89703  254.23241    -1.9498     7.4675 0.0000e+00
 144.520145     12.125    16.4385  35.308880    27.1549     12.017  253.89702  254.23240    -1.9576     7.4634 0.0000e+00
