seaocn-cb/data/ctd_cnv/SBE19plus_01907321_2024_05_24_Cast37.cnv
* Sea-Bird SBE19plus  Data File:
* FileName = E:\Prandtl_Daten\2024\CTD\raw\SBE19plus_01907321_2024_05_24_Cast37.hex
* Software version 2.6.1.12
* Temperature SN = 7321
* Conductivity SN = 7321
* System UpLoad Time = May 24 2024 08:56:13
* <ApplicationData>
* <Seaterm232>
** 20240524
** Sea Practical 2024
** MCat 23.05 CTD_Z1
** NMEA Latitude = 054 1.69N
** NMEA Longitude = 008 32.78E
** waterdepth = 12m
** Andreas
# nquan = 11
# nvalues = 449                         
# units = specified
# name 0 = timeJ: Julian Days
# name 1 = prdM: Pressure, Strain Gauge [db]
# name 2 = tv290C: Temperature [ITS-90, deg C]
# name 3 = c0mS/cm: Conductivity [mS/cm]
# name 4 = sal00: Salinity, Practical [PSU]
# name 5 = depSM: Depth [salt water, m], lat = 54.00
# name 6 = oxsatMm/Kg: Oxygen Saturation, Weiss [umol/kg]
# name 7 = oxsolMm/Kg: Oxygen Saturation, Garcia & Gordon [umol/kg]
# name 8 = turbWETntu0: Turbidity, WET Labs ECO [NTU]
# name 9 = flECO-AFL: Fluorescence, WET Labs ECO-AFL/FL [mg/m^3]
# name 10 = flag:  0.000e+00
# span 0 = 145.365605, 145.366901       
# span 1 =      0.407,     11.389       
# span 2 =    15.4285,    16.0380       
# span 3 =  34.842262,  35.265550       
# span 4 =    27.0483,    27.8155       
# span 5 =      0.404,     11.287       
# span 6 =  256.06271,  257.94418       
# span 7 =  256.38095,  258.22964       
# span 8 =    -3.6774,    25.9412       
# span 9 =     3.0963,    10.0918       
# span 10 = 0.0000e+00, 0.0000e+00      
# interval = seconds: 0.25
# start_time = May 24 2024 08:45:05 [Instrument's time stamp, header]
# bad_flag = -9.990e-29
*END*
[from data line 263]
 145.366366      7.717    15.4359  35.241755    27.7916      7.648  257.89198  258.17731    13.3809     8.4218 -9.990e-29
 145.366369      7.739    15.4359  35.239653    27.7897      7.670  257.89493  258.18028    13.3965     8.4016 -9.990e-29
 145.366372      7.756    15.4367  35.240914    27.7902      7.686  257.88992  258.17530    13.4899     8.4339 -9.990e-29
 145.366374      7.780    15.4339  35.238812    27.7904      7.710  257.90425  258.18950    12.4782     7.9689 -9.990e-29
 145.366377      7.809    15.4331  35.238813    27.7914      7.739  257.90639  258.19159    12.5327     7.9588 0.0000e+00
 145.366380      7.838    15.4324  35.239834    27.7904      7.767  257.90853  258.19368    12.5560     7.9568 0.0000e+00
 145.366383      7.872    15.4314  35.235150    27.7910      7.802  257.91978  258.20491    12.5560     7.9568 0.0000e+00
 145.366386      7.900    15.4306  35.236892    27.7889      7.829  257.92017  258.20525    11.7934     7.9649 0.0000e+00
 145.366389      7.932    15.4306  35.234070    27.7907      7.861  257.92017  258.20525    11.7934     7.9649 0.0000e+00
 145.366392      7.962    15.4308  35.236892    27.7897      7.890  257.92192  258.20702    11.8245     7.9710 0.0000e+00
 145.366395      7.991    15.4310  35.240255    27.7907      7.919  257.91867  258.20377    11.8556     7.9568 -9.990e-29
 145.366398      8.014    15.4316  35.240495    27.7934      7.943  257.91067  258.19579    11.7622     7.9689 -9.990e-29
 145.366400      8.031    15.4315  35.243258    27.7959      7.959  257.90703  258.19211    14.6727     8.2317 -9.990e-29
 145.366403      8.055    15.4316  35.243498    27.7960      7.983  257.90605  258.19115    14.5794     8.2156 -9.990e-29
 145.366406      8.071    15.4307  35.243078    27.7992      7.999  257.90512  258.19015    14.6727     8.2398 -9.990e-29
 145.366409      8.104    15.4300  35.246501    27.8008      8.032  257.90594  258.19092    14.8751     8.2277 0.0000e+00
 145.366412      8.133    15.4293  35.249024    27.7997      8.061  257.90676  258.19170    15.0774     8.2196 0.0000e+00
 145.366415      8.165    15.4285  35.245000    27.7997      8.092  257.91761  258.20250    15.0774     8.2196 0.0000e+00
 145.366418      8.199    15.4285  35.242418    27.7972      8.126  257.91761  258.20250    15.0930     8.2196 0.0000e+00
 145.366421      8.241    15.4297  35.242838    27.7967      8.167  257.91485  258.19985    15.0930     8.1994 0.0000e+00
 145.366424      8.278    15.4312  35.242418    27.7953      8.204  257.90969  258.19477    14.1280     8.1630 0.0000e+00
 145.366427      8.312    15.4321  35.242658    27.7948      8.238  257.90969  258.19477    14.1280     8.1590 0.0000e+00
 145.366429      8.351    15.4327  35.235992    27.7930      8.276  257.90566  258.19078    14.1591     8.1630 0.0000e+00
 145.366432      8.387    15.4328  35.241157    27.7922      8.312  257.90526  258.19043    14.1591     8.1711 0.0000e+00
 145.366435      8.420    15.4333  35.240917    27.7926      8.345  257.90377  258.18896    13.4977     8.2095 0.0000e+00
 145.366438      8.447    15.4337  35.242658    27.7922      8.372  257.90227  258.18749    12.8206     8.2479 -9.990e-29
 145.366441      8.471    15.4355  35.240496    27.7905      8.395  257.89589  258.18121    12.9607     8.2439 -9.990e-29
 145.366444      8.491    15.4350  35.240737    27.7910      8.415  257.89737  258.18266    12.9607     8.2317 -9.990e-29
 145.366447      8.513    15.4341  35.239836    27.7909      8.437  257.90216  258.18741    12.9296     8.2196 -9.990e-29
 145.366450      8.535    15.4334  35.239236    27.7909      8.458  257.90617  258.19138    15.6377     8.6240 -9.990e-29
 145.366453      8.557    15.4327  35.239836    27.7919      8.480  257.90801  258.19318    15.7622     8.6361 -9.990e-29
 145.366455      8.580    15.4326  35.238996    27.7912      8.503  257.90963  258.19481    15.6066     8.6442 -9.990e-29
 145.366458      8.602    15.4327  35.241338    27.7932      8.525  257.90572  258.19088    15.5443     8.6240 -9.990e-29
 145.366461      8.624    15.4327  35.240737    27.7927      8.546  257.90666  258.19182    12.6027     9.0445 -9.990e-29
 145.366464      8.646    15.4320  35.238816    27.7904      8.568  257.91379  258.19894    12.4626     9.0526 -9.990e-29
 145.366467      8.675    15.4320  35.237735    27.7891      8.597  257.91661  258.20177    12.5016     9.0567 0.0000e+00
 145.366470      8.706    15.4319  35.234492    27.7904      8.628  257.91942  258.20452    12.5405     9.0526 0.0000e+00
 145.366473      8.733    15.4309  35.236895    27.7905      8.655  257.91942  258.20452    13.1475     7.9002 0.0000e+00
 145.366476      8.762    15.4304  35.241759    27.7906      8.684  257.91942  258.20452    13.1630     7.9002 0.0000e+00
 145.366479      8.790    15.4304  35.236655    27.7908      8.711  257.92041  258.20550    13.1630     7.8921 0.0000e+00
 145.366481      8.817    15.4306  35.237075    27.7908      8.738  257.92041  258.20550    13.1319     7.9042 0.0000e+00
 145.366484      8.848    15.4306  35.241759    27.7944      8.769  257.91324  258.19831    11.7467     8.0053 0.0000e+00
 145.366487      8.881    15.4307  35.241339    27.7944      8.801  257.91324  258.19831    11.7467     8.0134 0.0000e+00
 145.366490      8.919    15.4307  35.240498    27.7944      8.839  257.91475  258.19979    11.7467     8.0376 0.0000e+00
 145.366493      8.956    15.4307  35.241579    27.7949      8.876  257.91475  258.19979    11.7311     8.0174 0.0000e+00
 145.366496      8.994    15.4309  35.243081    27.7958      8.914  257.91031  258.19536    11.6533     8.0659 0.0000e+00
 145.366499      9.031    15.4319  35.244582    27.7958      8.950  257.90371  258.18881    10.0813     8.0296 0.0000e+00
 145.366502      9.062    15.4329  35.243501    27.7946      8.981  257.90371  258.18881    10.0346     8.0296 0.0000e+00
 145.366505      9.087    15.4330  35.241339    27.7937      9.006  257.90309  258.18826     9.9957     8.0194 0.0000e+00
 145.366508      9.117    15.4329  35.243682    27.7929      9.035  257.90507  258.19025     9.9568     8.0093 -9.990e-29
 145.366510      9.135    15.4320  35.244102    27.7959      9.053  257.90420  258.18932    11.5443     8.3126 -9.990e-29
 145.366513      9.155    15.4319  35.240739    27.7930      9.073  257.90972  258.19485    11.5288     8.3045 -9.990e-29
 145.366516      9.171    15.4317  35.238818    27.7915      9.089  257.91362  258.19875    11.3731     8.2722 -9.990e-29
 145.366519      9.190    15.4314  35.244763    27.7969      9.108  257.90567  258.19074    11.4510     8.2803 -9.990e-29
 145.366522      9.205    15.4316  35.245424    27.7991      9.122  257.90050  258.18557     7.2953     9.3114 -9.990e-29
 145.366525      9.232    15.4320  35.247526    27.7991      9.149  257.89862  258.18371     7.2953     9.3073 0.0000e+00
 145.366528      9.263    15.4322  35.248186    27.7992      9.180  257.89673  258.18184     7.2953     9.3114 0.0000e+00
 145.366531      9.297    15.4322  35.253352    27.8026      9.214  257.89424  258.17929     7.4043     9.3033 0.0000e+00
 145.366534      9.334    15.4316  35.251610    27.8038      9.250  257.88938  258.17444    15.0307     7.7142 0.0000e+00
 145.366536      9.374    15.4315  35.255274    27.8059      9.290  257.88921  258.17423    15.0930     7.7142 0.0000e+00
 145.366539      9.414    15.4313  35.257196    27.8059      9.330  257.88921  258.17423    15.1085     7.6939 0.0000e+00
 145.366542      9.452    15.4313  35.249689    27.8043      9.368  257.89256  258.17758    15.0930     7.6939 0.0000e+00
 145.366545      9.489    15.4312  35.253352    27.8019      9.404  257.89756  258.18259    15.1085     7.6939 0.0000e+00
 145.366548      9.524    15.4313  35.250530    27.8031      9.438  257.89506  258.18008    16.1124     8.0458 0.0000e+00
 145.366551      9.553    15.4312  35.250169    27.8019      9.467  257.89756  258.18259    17.1630     8.4016 -9.990e-29
 145.366554      9.573    15.4309  35.253112    27.8044      9.487  257.89482  258.17982    17.1163     8.4258 -9.990e-29
 145.366557      9.593    15.4307  35.254614    27.8058      9.507  257.89343  258.17841    17.0229     8.4097 -9.990e-29
 145.366560      9.611    15.4305  35.251431    27.8032      9.525  257.89928  258.18427    14.3926     8.1792 -9.990e-29
 145.366562      9.631    15.4311  35.247107    27.7990      9.545  257.90352  258.18857    14.3926     8.1711 -9.990e-29
 145.366565      9.645    15.4313  35.238159    27.7910      9.559  257.91646  258.20158    14.2992     8.1387 -9.990e-29
 145.366568      9.671    15.4313  35.238159    27.7899      9.584  257.91877  258.20389    12.9685     7.9224 0.0000e+00
 145.366571      9.696    15.4313  35.235577    27.7888      9.609  257.92021  258.20536    11.6377     7.7263 0.0000e+00
 145.366574      9.722    15.4313  35.235156    27.7882      9.635  257.92108  258.20621    11.5132     7.7061 0.0000e+00
 145.366577      9.751    15.4313  35.231314    27.7882      9.664  257.92021  258.20536    11.5132     7.6980 0.0000e+00
 145.366580      9.780    15.4313  35.237919    27.7908      9.693  257.91720  258.20232    11.4976     7.6980 0.0000e+00
 145.366583      9.815    15.4312  35.240922    27.7934      9.727  257.91227  258.19737    10.2836     7.9082 0.0000e+00
 145.366586      9.849    15.4312  35.244165    27.7962      9.761  257.90800  258.19307    10.2681     7.9082 0.0000e+00
 145.366589      9.879    15.4312  35.244105    27.7962      9.790  257.90772  258.19281    10.2681     7.9082 0.0000e+00
 145.366591      9.908    15.4312  35.243504    27.7962      9.819  257.90772  258.19281    10.3148     7.8961 0.0000e+00
 145.366594      9.937    15.4311  35.245426    27.7974      9.848  257.90630  258.19136    10.3148     7.9163 0.0000e+00
 145.366597      9.970    15.4308  35.249931    27.8016      9.881  257.90119  258.18620     9.4276     8.0781 0.0000e+00
 145.366600     10.005    15.4308  35.249931    27.8017      9.915  257.90060  258.18561     9.4276     8.0983 0.0000e+00
 145.366603     10.039    15.4309  35.250531    27.8020      9.950  257.89908  258.18409     9.4899     8.0983 0.0000e+00
 145.366606     10.072    15.4312  35.256958    27.8051      9.982  257.88905  258.17409     9.4899     8.0902 0.0000e+00
 145.366609     10.105    15.4318  35.254856    27.8074     10.015  257.88824  258.17323     7.5443     8.0457 0.0000e+00
 145.366612     10.143    15.4323  35.258880    27.8064     10.053  257.88428  258.16932     7.5443     8.0296 0.0000e+00
 145.366615     10.171    15.4323  35.256778    27.8077     10.080  257.88428  258.16932     7.5288     8.0296 0.0000e+00
 145.366617     10.200    15.4320  35.257799    27.8071     10.109  257.88457  258.16960     7.4977     8.0275 0.0000e+00
 145.366620     10.229    15.4317  35.253775    27.8077     10.138  257.88486  258.16987     7.4354     8.0255 -9.990e-29
 145.366623     10.249    15.4319  35.256778    27.8067     10.158  257.88586  258.17088     7.9957     8.2358 -9.990e-29
 145.366626     10.266    15.4329  35.256538    27.8058     10.174  257.88225  258.16733     7.9957     8.1994 -9.990e-29
 145.366629     10.275    15.4342  35.254616    27.8031     10.183  257.88001  258.16517     7.9646     8.2277 -9.990e-29
 145.366632     10.288    15.4344  35.255036    27.8033     10.196  257.87844  258.16362     6.7817     9.2143 -9.990e-29
 145.366635     10.297    15.4337  35.251433    27.8007     10.205  257.88678  258.17194     6.6416     9.2426 -9.990e-29
 145.366638     10.313    15.4321  35.254616    27.8059     10.221  257.88601  258.17105     6.8906     9.1982 -9.990e-29
 145.366641     10.341    15.4319  35.256118    27.8084     10.248  257.88265  258.16767     6.8439     9.2164 0.0000e+00
 145.366644     10.370    15.4317  35.261464    27.8109     10.277  257.88200  258.16693     6.8906     9.1982 0.0000e+00
 145.366646     10.406    15.4307  35.262305    27.8123     10.313  257.88200  258.16693     8.4938     8.3692 0.0000e+00
 145.366649     10.451    15.4297  35.263387    27.8129     10.358  257.88435  258.16921     8.4938     8.3571 0.0000e+00
 145.366652     10.493    15.4296  35.262125    27.8139     10.399  257.88435  258.16921     8.6027     8.3571 0.0000e+00
 145.366655     10.541    15.4296  35.265309    27.8129     10.446  257.88693  258.17180     8.6027     8.3571 0.0000e+00
 145.366658     10.583    15.4296  35.261885    27.8155     10.488  257.88173  258.16658     7.7622     7.8355 0.0000e+00
 145.366661     10.623    15.4302  35.265550    27.8134     10.528  257.88170  258.16661     7.7622     7.8355 0.0000e+00
 145.366664     10.654    15.4303  35.263387    27.8145     10.559  257.88048  258.16537     7.7700     7.8415 0.0000e+00
 145.366667     10.681    15.4304  35.264048    27.8134     10.586  257.88170  258.16661     7.7778     7.8476 -9.990e-29
 145.366670     10.698    15.4300  35.258882    27.8097     10.602  257.89022  258.17514     9.7389     8.6240 -9.990e-29
 145.366672     10.718    15.4298  35.263568    27.8139     10.622  257.88360  258.16848     9.6611     8.6321 -9.990e-29
 145.366675     10.743    15.4300  35.262967    27.8133     10.647  257.88393  258.16882     9.7389     8.6199 -9.990e-29
 145.366678     10.765    15.4302  35.261465    27.8139     10.669  257.88205  258.16694     7.1864     8.5835 -9.990e-29
 145.366681     10.796    15.4301  35.263808    27.8129     10.700  257.88451  258.16941     7.2642     8.5511 0.0000e+00
 145.366684     10.829    15.4299  35.261225    27.8125     10.732  257.88690  258.17178     7.2642     8.5471 0.0000e+00
 145.366687     10.868    15.4297  35.261886    27.8118     10.770  257.88698  258.17188     7.2642     8.5471 0.0000e+00
 145.366690     10.904    15.4295  35.259964    27.8118     10.807  257.88886  258.17374     7.2175     8.5511 0.0000e+00
 145.366693     10.937    15.4294  35.258463    27.8110     10.839  257.89082  258.17570     7.1708     8.5552 -9.990e-29
 145.366696     10.961    15.4298  35.261646    27.8121     10.863  257.88671  258.17160    14.1280     8.0093 -9.990e-29
 145.366698     10.981    15.4302  35.259544    27.8101     10.883  257.88875  258.17367    14.1436     8.0093 -9.990e-29
 145.366701     11.007    15.4299  35.261226    27.8117     10.908  257.88708  258.17198    14.1591     7.9770 -9.990e-29
 145.366704     11.014    15.4299  35.259544    27.8102     10.915  257.88969  258.17460    14.2214     8.0296 -9.990e-29
 145.366707     11.021    15.4299  35.253958    27.8054     10.922  257.89833  258.18327    19.5132     8.8625 -9.990e-29
 145.366710     11.034    15.4296  35.251015    27.8030     10.935  257.90412  258.18906    19.5132     8.8828 -9.990e-29
 145.366713     11.050    15.4294  35.242668    27.7962     10.951  257.91701  258.20200    19.5599     8.8666 -9.990e-29
 145.366716     11.076    15.4293  35.243088    27.7928     10.976  257.92361  258.20862    17.4431     8.5876 0.0000e+00
 145.366719     11.108    15.4292  35.235161    27.7894     11.009  257.93021  258.21524    15.4198     8.3086 0.0000e+00
 145.366722     11.148    15.4291  35.229817    27.7853     11.049  257.93781  258.22286    15.3264     8.2803 0.0000e+00
 145.366725     11.194    15.4291  35.230478    27.7853     11.094  257.93781  258.22286    15.3264     8.2803 0.0000e+00
 145.366727     11.245    15.4298  35.239005    27.7863     11.144  257.92871  258.21382    15.3264     8.2803 0.0000e+00
 145.366730     11.285    15.4302  35.232820    27.7893     11.184  257.92546  258.21052    15.3342     8.2763 0.0000e+00
 145.366733     11.320    15.4305  35.237504    27.7863     11.218  257.92871  258.21382    15.3420     8.2722 -9.990e-29
 145.366736     11.327    15.4316  35.241587    27.7933     11.225  257.91119  258.19630    15.3731     8.1590 -9.990e-29
 145.366739     11.323    15.4315  35.244170    27.7956     11.222  257.90750  258.19259    15.4510     8.1670 -9.990e-29
