seaocn-cb/data/ctd_cnv/SBE19plus_01907321_2024_05_29_Cast103.cnv
* Sea-Bird SBE19plus  Data File:
* FileName = E:\Prandtl_Daten\2024\29052024\raw\SBE19plus_01907321_2024_05_29_Cast103.hex
* Software version 2.6.1.12
* Temperature SN = 7321
* Conductivity SN = 7321
* System UpLoad Time = May 29 2024 08:35:28
* <ApplicationData>
* <Seaterm232>
** 20240527
** Sea Practical 2024
** MCat 27.05 CTD_SP1
** NMEA Latitude = 54 07.90N
** NMEA Longitude = 008 46.41E
** waterdepth = 13.0m
** Isabelle
# nquan = 11
# nvalues = 492                         
# units = specified
# name 0 = timeJ: Julian Days
# name 1 = prdM: Pressure, Strain Gauge [db]
# name 2 = tv290C: Temperature [ITS-90, deg C]
# name 3 = c0mS/cm: Conductivity [mS/cm]
# name 4 = sal00: Salinity, Practical [PSU]
# name 5 = depSM: Depth [salt water, m], lat = 54.00
# name 6 = oxsatMm/Kg: Oxygen Saturation, Weiss [umol/kg]
# name 7 = oxsolMm/Kg: Oxygen Saturation, Garcia & Gordon [umol/kg]
# name 8 = turbWETntu0: Turbidity, WET Labs ECO [NTU]
# name 9 = flECO-AFL: Fluorescence, WET Labs ECO-AFL/FL [mg/m^3]
# name 10 = flag:  0.000e+00
# span 0 = 150.354219, 150.355639       
# span 1 =      0.374,     11.645       
# span 2 =    18.2213,    18.2649       
# span 3 =  35.958049,  36.036939       
# span 4 =    26.5190,    26.5582       
# span 5 =      0.371,     11.540       
# span 6 =  246.03033,  246.29564       
# span 7 =  246.44183,  246.70577       
# span 8 =     4.7428,    32.1047       
# span 9 =     3.3308,     5.0373       
# span 10 = 0.0000e+00, 0.0000e+00      
# interval = seconds: 0.25
# start_time = May 29 2024 08:28:48 [Instrument's time stamp, header]
# bad_flag = -9.990e-29
*END*
[from data line 263]
 150.354980      7.102    18.2280  35.969669    26.5242      7.039  246.25736  246.66770    13.1163     4.1841 -9.990e-29
 150.354983      7.124    18.2270  35.970516    26.5261      7.061  246.25910  246.66939    12.2447     3.9091 -9.990e-29
 150.354986      7.148    18.2263  35.968579    26.5250      7.084  246.26425  246.67452    12.2603     3.9212 -9.990e-29
 150.354988      7.168    18.2258  35.968095    26.5249      7.104  246.26679  246.67705    12.2447     3.9455 -9.990e-29
 150.354991      7.188    18.2256  35.969366    26.5260      7.124  246.26571  246.67595    12.1825     3.9091 -9.990e-29
 150.354994      7.210    18.2258  35.967671    26.5245      7.146  246.26739  246.67764    12.2292     3.9374 -9.990e-29
 150.354997      7.237    18.2258  35.967671    26.5245      7.173  246.26740  246.67765    12.2136     3.9131 -9.990e-29
 150.355000      7.261    18.2254  35.967247    26.5244      7.196  246.26956  246.67979    12.1980     3.9091 -9.990e-29
 150.355003      7.286    18.2248  35.967671    26.5237      7.221  246.27327  246.68349    11.0619     4.1679 -9.990e-29
 150.355006      7.316    18.2245  35.965916    26.5241      7.250  246.27420  246.68441    11.0152     4.1679 0.0000e+00
 150.355009      7.342    18.2242  35.966400    26.5237      7.276  246.27513  246.68533    10.9685     4.1679 0.0000e+00
 150.355012      7.373    18.2242  35.965492    26.5245      7.307  246.27513  246.68533    10.9685     4.1679 0.0000e+00
 150.355014      7.404    18.2242  35.967006    26.5239      7.338  246.27568  246.68588    10.9529     4.1679 0.0000e+00
 150.355017      7.435    18.2242  35.965795    26.5243      7.368  246.27552  246.68571    10.7973     4.0587 0.0000e+00
 150.355020      7.462    18.2242  35.966159    26.5241      7.395  246.27560  246.68579    10.7739     4.0526 0.0000e+00
 150.355023      7.489    18.2242  35.967006    26.5243      7.422  246.27552  246.68571    10.7506     4.0466 -9.990e-29
 150.355026      7.506    18.2245  35.966582    26.5244      7.439  246.27371  246.68392    10.7194     4.0506 -9.990e-29
 150.355029      7.522    18.2248  35.968338    26.5256      7.455  246.27040  246.68061    10.7039     4.0385 -9.990e-29
 150.355032      7.548    18.2250  35.967249    26.5246      7.480  246.27095  246.68117    12.9762     3.9859 -9.990e-29
 150.355035      7.568    18.2253  35.970760    26.5273      7.500  246.26526  246.67548    12.9296     4.0142 -9.990e-29
 150.355038      7.592    18.2258  35.970518    26.5247      7.524  246.26701  246.67726    12.8984     3.9900 -9.990e-29
 150.355041      7.625    18.2258  35.968096    26.5247      7.557  246.26714  246.67739    13.6844     4.0547 0.0000e+00
 150.355043      7.655    18.2258  35.967915    26.5247      7.586  246.26701  246.67726    14.3303     4.1194 0.0000e+00
 150.355046      7.688    18.2256  35.969731    26.5248      7.619  246.26727  246.67752    14.3770     4.1194 0.0000e+00
 150.355049      7.719    18.2256  35.968097    26.5248      7.650  246.26768  246.67793    14.3770     4.1274 0.0000e+00
 150.355052      7.746    18.2254  35.966583    26.5237      7.677  246.27037  246.68062    14.3770     4.1194 0.0000e+00
 150.355055      7.775    18.2251  35.964162    26.5230      7.706  246.27343  246.68367    14.4004     4.0627 0.0000e+00
 150.355058      7.803    18.2247  35.965070    26.5222      7.733  246.27649  246.68672    14.4237     3.9980 -9.990e-29
 150.355061      7.823    18.2238  35.961801    26.5208      7.753  246.28285  246.69305    14.4704     3.9697 -9.990e-29
 150.355064      7.848    18.2235  35.965252    26.5239      7.778  246.27944  246.68961    14.4548     3.9738 -9.990e-29
 150.355067      7.866    18.2230  35.963315    26.5226      7.796  246.28396  246.69412    14.9373     4.0061 -9.990e-29
 150.355069      7.881    18.2225  35.962891    26.5225      7.811  246.28611  246.69625    14.8906     3.9819 -9.990e-29
 150.355072      7.905    18.2220  35.962043    26.5222      7.834  246.28915  246.69928    14.7661     3.9819 -9.990e-29
 150.355075      7.927    18.2213  35.963315    26.5233      7.856  246.29053  246.70063    14.8284     3.9859 -9.990e-29
 150.355078      7.952    18.2214  35.962891    26.5239      7.881  246.28888  246.69898    14.1202     3.9859 0.0000e+00
 150.355081      7.981    18.2216  35.964647    26.5233      7.910  246.28781  246.69793    13.4120     3.9859 0.0000e+00
 150.355084      8.014    18.2220  35.963073    26.5230      7.942  246.28781  246.69793    13.4120     3.9859 0.0000e+00
 150.355087      8.045    18.2220  35.962407    26.5224      7.973  246.28841  246.69854    13.3498     4.0061 0.0000e+00
 150.355090      8.074    18.2220  35.962407    26.5224      8.002  246.28841  246.69854    13.4587     4.0061 0.0000e+00
 150.355093      8.105    18.2220  35.963558    26.5224      8.033  246.28874  246.69887    14.3303     4.0910 0.0000e+00
 150.355095      8.133    18.2221  35.960470    26.5220      8.060  246.28913  246.69927    14.3459     4.1092 0.0000e+00
 150.355098      8.158    18.2221  35.962650    26.5207      8.085  246.29108  246.70122    14.3615     4.1274 -9.990e-29
 150.355101      8.180    18.2218  35.958049    26.5190      8.107  246.29564  246.70577    14.2836     4.1072 -9.990e-29
 150.355104      8.198    18.2216  35.963982    26.5239      8.125  246.28823  246.69834    13.9568     4.2892 -9.990e-29
 150.355107      8.224    18.2219  35.964829    26.5244      8.150  246.28584  246.69595    13.9101     4.3175 -9.990e-29
 150.355110      8.245    18.2218  35.962892    26.5229      8.172  246.28879  246.69891    13.8167     4.3175 -9.990e-29
 150.355113      8.269    18.2219  35.964648    26.5240      8.195  246.28645  246.69656    14.8751     4.0102 -9.990e-29
 150.355116      8.297    18.2221  35.964406    26.5244      8.222  246.28477  246.69489    14.8129     3.9981 0.0000e+00
 150.355119      8.326    18.2224  35.965738    26.5240      8.251  246.28309  246.69322    14.8284     3.9900 0.0000e+00
 150.355122      8.357    18.2229  35.965072    26.5239      8.282  246.28212  246.69227    14.8284     3.9859 0.0000e+00
 150.355124      8.386    18.2230  35.964648    26.5239      8.311  246.28143  246.69158    14.8595     3.9738 0.0000e+00
 150.355127      8.417    18.2230  35.965375    26.5233      8.341  246.28143  246.69158    14.8595     3.9657 0.0000e+00
 150.355130      8.446    18.2230  35.964164    26.5241      8.371  246.28143  246.69158    14.6883     3.9657 0.0000e+00
 150.355133      8.477    18.2233  35.966586    26.5239      8.401  246.28035  246.69052    14.6883     3.9637 0.0000e+00
 150.355136      8.504    18.2235  35.968342    26.5248      8.428  246.27793  246.68810    14.6883     3.9657 -9.990e-29
 150.355139      8.527    18.2242  35.967010    26.5246      8.450  246.27487  246.68507    14.5794     3.9778 -9.990e-29
 150.355142      8.549    18.2245  35.965920    26.5235      8.472  246.27510  246.68532    14.8128     4.3337 -9.990e-29
 150.355145      8.567    18.2247  35.966586    26.5240      8.490  246.27358  246.68380    14.8595     4.3054 -9.990e-29
 150.355148      8.583    18.2251  35.966586    26.5237      8.506  246.27202  246.68225    14.9529     4.3377 -9.990e-29
 150.355150      8.607    18.2251  35.968584    26.5241      8.530  246.27139  246.68162    18.9062     4.2407 -9.990e-29
 150.355153      8.632    18.2253  35.967071    26.5238      8.555  246.27078  246.68102    18.8362     4.2488 0.0000e+00
 150.355156      8.662    18.2255  35.966828    26.5241      8.584  246.27016  246.68041    18.7661     4.2407 0.0000e+00
 150.355159      8.689    18.2255  35.968584    26.5236      8.611  246.27016  246.68041    18.7039     4.2285 0.0000e+00
 150.355162      8.720    18.2254  35.966586    26.5238      8.642  246.27083  246.68108    18.7039     4.2285 0.0000e+00
 150.355165      8.753    18.2247  35.966405    26.5238      8.675  246.27083  246.68108    18.7973     4.3256 0.0000e+00
 150.355168      8.784    18.2247  35.975548    26.5313      8.705  246.26217  246.67234    18.8284     4.3781 0.0000e+00
 150.355171      8.811    18.2253  35.980634    26.5329      8.732  246.25560  246.66579    18.8517     4.3882 0.0000e+00
 150.355174      8.842    18.2262  35.981300    26.5344      8.763  246.24902  246.65924    18.8751     4.3781 -9.990e-29
 150.355177      8.864    18.2309  35.982814    26.5331      8.785  246.22884  246.63923    18.7973     4.3498 -9.990e-29
 150.355179      8.886    18.2320  35.985054    26.5343      8.807  246.22205  246.63247    19.9957     4.6450 -9.990e-29
 150.355182      8.905    18.2334  35.991594    26.5387      8.825  246.20787  246.61832    20.0580     4.5925 -9.990e-29
 150.355185      8.923    18.2354  35.992866    26.5384      8.843  246.19894  246.60947    20.1513     4.6410 -9.990e-29
 150.355188      8.948    18.2375  35.999467    26.5425      8.868  246.18248  246.59307    20.0580     4.6369 -9.990e-29
 150.355191      8.972    18.2409  35.997711    26.5392      8.892  246.17176  246.58249    19.3731     4.2326 -9.990e-29
 150.355194      8.999    18.2413  35.998135    26.5404      8.919  246.16814  246.57887    19.3809     4.2427 0.0000e+00
 150.355197      9.032    18.2416  36.001647    26.5416      8.952  246.16451  246.57525    19.3731     4.2366 0.0000e+00
 150.355200      9.058    18.2425  36.007583    26.5435      8.977  246.15304  246.56379    19.3887     4.2366 0.0000e+00
 150.355203      9.087    18.2441  36.006008    26.5435      9.006  246.14954  246.56036    20.1825     4.1679 0.0000e+00
 150.355205      9.118    18.2450  36.006129    26.5435      9.037  246.14594  246.55680    20.2759     4.1517 0.0000e+00
 150.355208      9.150    18.2452  36.007765    26.5435      9.068  246.14405  246.55492    20.2914     4.1477 0.0000e+00
 150.355211      9.177    18.2455  36.008431    26.5440      9.095  246.14217  246.55304    20.3070     4.1436 -9.990e-29
 150.355214      9.201    18.2467  36.009522    26.5447      9.118  246.13543  246.54634    20.2292     4.1719 -9.990e-29
 150.355217      9.224    18.2472  36.011763    26.5462      9.142  246.13053  246.54144    20.3226     4.4388 -9.990e-29
 150.355220      9.242    18.2483  36.013459    26.5468      9.160  246.12416  246.53512    20.2759     4.4226 -9.990e-29
 150.355223      9.264    18.2492  36.016366    26.5487      9.182  246.11710  246.52808    20.1980     4.4348 -9.990e-29
 150.355226      9.285    18.2503  36.017457    26.5488      9.202  246.11156  246.52257    20.3226     4.4469 -9.990e-29
 150.355229      9.308    18.2522  36.017033    26.5459      9.225  246.10739  246.51849    21.0541     4.6289 -9.990e-29
 150.355231      9.338    18.2524  36.015458    26.5465      9.254  246.10543  246.51653    20.9607     4.6349 0.0000e+00
 150.355234      9.363    18.2526  36.017215    26.5471      9.279  246.10346  246.51456    21.0074     4.6289 0.0000e+00
 150.355237      9.398    18.2527  36.019395    26.5488      9.314  246.10021  246.51131    21.0074     4.6248 0.0000e+00
 150.355240      9.432    18.2530  36.022061    26.5508      9.348  246.09536  246.50647    22.7039     4.3862 0.0000e+00
 150.355243      9.460    18.2540  36.023333    26.5510      9.375  246.09020  246.50134    22.7661     4.3458 0.0000e+00
 150.355246      9.489    18.2544  36.023818    26.5511      9.404  246.08816  246.49932    22.7350     4.3438 0.0000e+00
 150.355249      9.518    18.2549  36.025090    26.5510      9.433  246.08611  246.49729    22.7661     4.3458 -9.990e-29
 150.355252      9.542    18.2559  36.023757    26.5503      9.456  246.08277  246.49398    22.7039     4.7016 -9.990e-29
 150.355255      9.567    18.2565  36.024000    26.5501      9.481  246.08026  246.49149    22.7194     4.6976 -9.990e-29
 150.355258      9.582    18.2566  36.023576    26.5496      9.496  246.08021  246.49145    22.7661     4.6895 -9.990e-29
 150.355260      9.596    18.2564  36.024666    26.5507      9.511  246.07968  246.49091    22.7506     4.6733 -9.990e-29
 150.355263      9.617    18.2564  36.023818    26.5500      9.530  246.08084  246.49207    22.7194     4.6895 -9.990e-29
 150.355266      9.638    18.2566  36.024666    26.5519      9.552  246.07640  246.48763    21.9412     4.3175 -9.990e-29
 150.355269      9.667    18.2568  36.026423    26.5514      9.581  246.07636  246.48760    21.9568     4.3114 0.0000e+00
 150.355272      9.698    18.2569  36.025575    26.5510      9.612  246.07640  246.48763    21.9724     4.3175 0.0000e+00
 150.355275      9.730    18.2569  36.024970    26.5506      9.643  246.07746  246.48870    21.9724     4.3256 0.0000e+00
 150.355278      9.762    18.2567  36.022910    26.5498      9.675  246.07998  246.49122    23.2331     4.3822 0.0000e+00
 150.355281      9.791    18.2567  36.023819    26.5497      9.704  246.07998  246.49122    23.2642     4.3822 0.0000e+00
 150.355284      9.817    18.2568  36.024001    26.5498      9.729  246.07940  246.49064    23.2642     4.3802 0.0000e+00
 150.355286      9.846    18.2569  36.025091    26.5497      9.758  246.07881  246.49006    23.2953     4.3781 -9.990e-29
 150.355289      9.870    18.2572  36.024243    26.5498      9.782  246.07757  246.48883    22.7661     4.6086 -9.990e-29
 150.355292      9.892    18.2570  35.999650    26.5298      9.804  246.11147  246.52283    22.6572     4.5965 -9.990e-29
 150.355295      9.914    18.2567  36.024667    26.5504      9.825  246.07858  246.48982    22.6572     4.6450 -9.990e-29
 150.355298      9.936    18.2566  36.025576    26.5512      9.847  246.07767  246.48891    22.7194     4.6289 -9.990e-29
 150.355301      9.952    18.2567  36.024789    26.5505      9.863  246.07843  246.48967    22.5327     4.4550 -9.990e-29
 150.355304      9.976    18.2572  36.025092    26.5504      9.887  246.07648  246.48774    22.5015     4.4550 -9.990e-29
 150.355307     10.002    18.2574  36.025092    26.5505      9.912  246.07553  246.48680    22.4937     4.4510 0.0000e+00
 150.355310     10.033    18.2575  36.025576    26.5504      9.943  246.07551  246.48679    22.5015     4.4469 0.0000e+00
 150.355313     10.064    18.2575  36.024668    26.5499      9.974  246.07551  246.48679    22.4860     4.4145 0.0000e+00
 150.355315     10.096    18.2571  36.024486    26.5499     10.006  246.07766  246.48891    21.8323     4.3862 0.0000e+00
 150.355318     10.133    18.2566  36.024668    26.5504     10.042  246.07931  246.49054    21.7700     4.3579 0.0000e+00
 150.355321     10.160    18.2562  36.024486    26.5504     10.069  246.08082  246.49205    21.7856     4.3701 0.0000e+00
 150.355324     10.188    18.2561  36.023336    26.5502     10.096  246.08224  246.49345    21.7778     4.3640 0.0000e+00
 150.355327     10.215    18.2559  36.023336    26.5498     10.124  246.08365  246.49486    21.7856     4.3701 -9.990e-29
 150.355330     10.235    18.2556  36.023820    26.5503     10.144  246.08396  246.49516    24.2603     4.3984 -9.990e-29
 150.355333     10.253    18.2557  36.022730    26.5493     10.162  246.08513  246.49633    24.2447     4.3498 -9.990e-29
 150.355336     10.270    18.2560  36.020064    26.5470     10.178  246.08780  246.49903    24.1202     4.3701 -9.990e-29
 150.355339     10.288    18.2560  36.023336    26.5497     10.196  246.08338  246.49460    27.5132     4.4428 -9.990e-29
 150.355341     10.310    18.2560  36.022912    26.5493     10.218  246.08365  246.49487    27.4043     4.4509 -9.990e-29
 150.355344     10.334    18.2563  36.023154    26.5489     10.241  246.08306  246.49430    27.4354     4.4509 -9.990e-29
 150.355347     10.365    18.2563  36.022670    26.5497     10.272  246.08184  246.49307    26.9841     4.4732 0.0000e+00
 150.355350     10.392    18.2563  36.024487    26.5504     10.299  246.08062  246.49184    26.5327     4.4954 0.0000e+00
 150.355353     10.423    18.2566  36.026426    26.5517     10.330  246.07676  246.48799    26.4393     4.4954 0.0000e+00
