seaocn-cb/data/ctd_cnv/SBE19plus_01907321_2024_05_24_Cast38.cnv
* Sea-Bird SBE19plus  Data File:
* FileName = E:\Prandtl_Daten\2024\CTD\raw\SBE19plus_01907321_2024_05_24_Cast38.hex
* Software version 2.6.1.12
* Temperature SN = 7321
* Conductivity SN = 7321
* System UpLoad Time = May 24 2024 09:13:36
* <ApplicationData>
* <Seaterm232>
** 20240524
** Sea Practical 2024
** MCat 24.05 CTD_Z2
** NMEA Latitude = 054 2.14N
** NMEA Longitude = 008 30.06E
** waterdepth = 7m
** Andreas
# nquan = 11
# nvalues = 165                         
# units = specified
# name 0 = timeJ: Julian Days
# name 1 = prdM: Pressure, Strain Gauge [db]
# name 2 = tv290C: Temperature [ITS-90, deg C]
# name 3 = c0mS/cm: Conductivity [mS/cm]
# name 4 = sal00: Salinity, Practical [PSU]
# name 5 = depSM: Depth [salt water, m], lat = 54.00
# name 6 = oxsatMm/Kg: Oxygen Saturation, Weiss [umol/kg]
# name 7 = oxsolMm/Kg: Oxygen Saturation, Garcia & Gordon [umol/kg]
# name 8 = turbWETntu0: Turbidity, WET Labs ECO [NTU]
# name 9 = flECO-AFL: Fluorescence, WET Labs ECO-AFL/FL [mg/m^3]
# name 10 = flag:  0.000e+00
# span 0 = 145.381843, 145.382318       
# span 1 =      0.882,      5.269       
# span 2 =    14.6297,    14.6382       
# span 3 =  36.875784,  36.898400       
# span 4 =    29.8279,    29.8500       
# span 5 =      0.874,      5.222       
# span 6 =  258.39469,  258.45231       
# span 7 =  258.62365,  258.68089       
# span 8 =     5.8945,    12.8206       
# span 9 =     5.7591,     8.4258       
# span 10 = 0.0000e+00, 0.0000e+00      
# interval = seconds: 0.25
# start_time = May 24 2024 09:08:38 [Instrument's time stamp, header]
# bad_flag = -9.990e-29
*END*
 145.381843      0.905    14.6372  36.891242    29.8437      0.897  258.40788  258.63684     8.0580     5.8703 -9.990e-29
 145.381846      0.889    14.6368  36.893689    29.8463      0.881  258.40572  258.63464     7.9646     5.8217 -9.990e-29
 145.381849      0.882    14.6363  36.893016    29.8461      0.874  258.40885  258.63774     7.9957     5.8662 -9.990e-29
 145.381852      0.891    14.6359  36.894851    29.8480      0.883  258.40710  258.63596     8.0580     5.8136 -9.990e-29
 145.381855      0.913    14.6369  36.894178    29.8475      0.905  258.40311  258.63202     6.8284     5.7651 -9.990e-29
 145.381858      0.946    14.6373  36.895157    29.8475      0.937  258.40117  258.63010     6.8439     5.7651 0.0000e+00
 145.381861      1.006    14.6376  36.895769    29.8475      0.997  258.39923  258.62818     6.8284     5.7651 0.0000e+00
 145.381863      1.088    14.6376  36.897543    29.8475      1.078  258.39923  258.62818     6.8128     5.7651 0.0000e+00
 145.381866      1.174    14.6373  36.894730    29.8467      1.163  258.40217  258.63111     6.7506     5.7813 0.0000e+00
 145.381869      1.243    14.6371  36.893935    29.8464      1.232  258.40357  258.63250     6.4626     5.7591 0.0000e+00
 145.381872      1.298    14.6369  36.894852    29.8462      1.286  258.40496  258.63389     6.1124     5.8177 -9.990e-29
 145.381875      1.321    14.6374  36.896626    29.8483      1.310  258.39893  258.62787     6.1280     5.8379 -9.990e-29
 145.381878      1.320    14.6373  36.898033    29.8496      1.308  258.39697  258.62589     5.8945     5.8662 -9.990e-29
 145.381881      1.309    14.6373  36.897299    29.8490      1.297  258.39814  258.62707     6.4237     6.4081 -9.990e-29
 145.381884      1.279    14.6372  36.898400    29.8500      1.268  258.39666  258.62557     6.7194     6.4161 -9.990e-29
 145.381887      1.254    14.6373  36.897788    29.8494      1.243  258.39733  258.62625     6.5171     6.4364 -9.990e-29
 145.381889      1.248    14.6379  36.895953    29.8491      1.237  258.39469  258.62365     8.5560     8.4258 -9.990e-29
 145.381892      1.276    14.6381  36.897972    29.8479      1.264  258.39608  258.62506     8.5249     8.4157 0.0000e+00
 145.381895      1.347    14.6379  36.895525    29.8466      1.335  258.39748  258.62647     8.5405     8.4218 0.0000e+00
 145.381898      1.447    14.6374  36.894180    29.8460      1.434  258.40293  258.63188     8.5249     8.4097 0.0000e+00
 145.381901      1.538    14.6358  36.888492    29.8460      1.525  258.41827  258.64717     8.5249     8.4097 0.0000e+00
 145.381904      1.604    14.6350  36.891490    29.8440      1.590  258.41899  258.64783     7.9024     7.4413 0.0000e+00
 145.381907      1.644    14.6342  36.894181    29.8460      1.629  258.41970  258.64848     7.2798     6.4728 -9.990e-29
 145.381910      1.668    14.6337  36.891490    29.8464      1.653  258.42180  258.65055     7.3109     6.4323 -9.990e-29
 145.381913      1.673    14.6336  36.893692    29.8484      1.658  258.41857  258.64730     7.3576     6.4040 -9.990e-29
 145.381916      1.659    14.6335  36.895282    29.8499      1.644  258.41631  258.64502     7.3731     6.4323 -9.990e-29
 145.381918      1.633    14.6341  36.895588    29.8497      1.619  258.41345  258.64219     6.9840     6.8609 -9.990e-29
 145.381921      1.615    14.6349  36.895955    29.8495      1.600  258.40990  258.63869     7.0774     6.8165 -9.990e-29
 145.381924      1.604    14.6355  36.894854    29.8480      1.590  258.40931  258.63814     7.0930     6.7922 -9.990e-29
 145.381927      1.622    14.6364  36.896199    29.8471      1.608  258.40621  258.63510     8.0580     7.4109 -9.990e-29
 145.381930      1.668    14.6363  36.894609    29.8473      1.653  258.40662  258.63550     8.0268     7.3785 0.0000e+00
 145.381933      1.734    14.6361  36.894854    29.8471      1.718  258.40703  258.63590     8.0113     7.3785 0.0000e+00
 145.381936      1.810    14.6353  36.890389    29.8453      1.794  258.41747  258.64632     8.0113     7.3785 0.0000e+00
 145.381939      1.879    14.6342  36.890757    29.8453      1.863  258.42104  258.64983     8.0268     7.3785 0.0000e+00
 145.381942      1.936    14.6332  36.891002    29.8456      1.919  258.42451  258.65324     8.2292     7.3381 0.0000e+00
 145.381944      1.978    14.6327  36.889534    29.8459      1.960  258.42761  258.65632     8.2447     7.3179 0.0000e+00
 145.381947      2.009    14.6322  36.888311    29.8456      1.991  258.43071  258.65940     8.2292     7.3381 -9.990e-29
 145.381950      2.027    14.6315  36.889901    29.8465      2.009  258.43281  258.66144     8.2914     7.3098 -9.990e-29
 145.381953      2.042    14.6312  36.887149    29.8442      2.023  258.43840  258.66704    11.7778     8.1751 -9.990e-29
 145.381956      2.056    14.6312  36.888984    29.8459      2.038  258.43577  258.66439    11.7311     8.2115 -9.990e-29
 145.381959      2.075    14.6310  36.890085    29.8470      2.056  258.43460  258.66321    11.7467     8.1549 -9.990e-29
 145.381962      2.098    14.6305  36.890391    29.8466      2.080  258.43777  258.66636    11.7934     8.1347 -9.990e-29
 145.381965      2.131    14.6304  36.889229    29.8457      2.112  258.44004  258.66863    11.1631     7.9831 0.0000e+00
 145.381968      2.173    14.6305  36.887149    29.8451      2.154  258.44047  258.66907    10.5327     7.8314 0.0000e+00
 145.381970      2.219    14.6305  36.887578    29.8451      2.199  258.44047  258.66907    10.4860     7.8314 0.0000e+00
 145.381973      2.259    14.6307  36.888312    29.8453      2.239  258.43916  258.66777    10.4704     7.8476 0.0000e+00
 145.381976      2.292    14.6309  36.885682    29.8454      2.271  258.43785  258.66647    10.4860     7.8719 -9.990e-29
 145.381979      2.314    14.6321  36.886966    29.8433      2.293  258.43533  258.66403    10.2214     7.4715 -9.990e-29
 145.381982      2.321    14.6321  36.884948    29.8415      2.300  258.43857  258.66728    10.2836     7.4068 -9.990e-29
 145.381985      2.332    14.6315  36.882869    29.8401      2.311  258.44455  258.67324    10.2836     7.4958 -9.990e-29
 145.381988      2.339    14.6307  36.884948    29.8426      2.318  258.44417  258.67280    10.3926     7.4230 -9.990e-29
 145.381991      2.352    14.6303  36.883358    29.8414      2.331  258.44820  258.67681    11.2331     8.3814 -9.990e-29
 145.381994      2.361    14.6305  36.882013    29.8435      2.340  258.44372  258.67232    11.0930     8.4177 -9.990e-29
 145.381997      2.392    14.6305  36.885805    29.8434      2.371  258.44402  258.67263    11.1786     8.4177 0.0000e+00
 145.381999      2.422    14.6305  36.885621    29.8435      2.400  258.44372  258.67232    11.0930     8.4177 0.0000e+00
 145.382002      2.469    14.6305  36.885866    29.8434      2.447  258.44432  258.67293    10.7973     7.1116 0.0000e+00
 145.382005      2.520    14.6309  36.883359    29.8435      2.497  258.44367  258.67227    10.7973     7.1116 0.0000e+00
 145.382008      2.573    14.6309  36.886294    29.8422      2.550  258.44366  258.67231    10.7973     7.1116 0.0000e+00
 145.382011      2.627    14.6310  36.884827    29.8422      2.604  258.44366  258.67231    10.7194     7.1116 0.0000e+00
 145.382014      2.679    14.6310  36.884460    29.8418      2.655  258.44399  258.67264    10.7194     7.1602 0.0000e+00
 145.382017      2.712    14.6312  36.883359    29.8411      2.687  258.44414  258.67281    10.8128     7.1662 0.0000e+00
 145.382020      2.743    14.6314  36.886540    29.8405      2.718  258.44430  258.67298    10.9373     7.2208 -9.990e-29
 145.382023      2.761    14.6312  36.881097    29.8385      2.736  258.44854  258.67723    10.8284     7.2532 -9.990e-29
 145.382025      2.775    14.6306  36.882870    29.8406      2.750  258.44807  258.67671    11.0774     7.2127 -9.990e-29
 145.382028      2.784    14.6301  36.883971    29.8420      2.759  258.44837  258.67697     8.7895     6.9903 -9.990e-29
 145.382031      2.797    14.6299  36.886051    29.8440      2.772  258.44564  258.67421     8.6650     6.9782 -9.990e-29
 145.382034      2.810    14.6297  36.882442    29.8409      2.785  258.45231  258.68089     8.7272     6.9701 -9.990e-29
 145.382037      2.833    14.6306  36.887152    29.8406      2.808  258.44812  258.67676     9.3498     7.0793 -9.990e-29
 145.382040      2.859    14.6309  36.882871    29.8406      2.833  258.44627  258.67493     9.3576     7.0995 0.0000e+00
 145.382043      2.895    14.6313  36.883543    29.8406      2.870  258.44442  258.67309     9.3498     7.1076 0.0000e+00
 145.382046      2.939    14.6321  36.884583    29.8406      2.913  258.43984  258.66855     9.3654     7.1197 0.0000e+00
 145.382049      2.981    14.6325  36.884033    29.8401      2.955  258.43898  258.66772     9.4276     7.1076 0.0000e+00
 145.382052      3.023    14.6329  36.884216    29.8400      2.996  258.43898  258.66772    12.3381     6.9297 0.0000e+00
 145.382054      3.063    14.6329  36.881770    29.8380      3.036  258.44089  258.66967    12.5560     6.8892 0.0000e+00
 145.382057      3.098    14.6326  36.881770    29.8380      3.070  258.44238  258.67115    12.5560     6.8892 0.0000e+00
 145.382060      3.131    14.6323  36.882443    29.8388      3.103  258.44238  258.67115    12.4782     6.9014 0.0000e+00
 145.382063      3.162    14.6322  36.883972    29.8395      3.134  258.44143  258.67017    12.4549     6.9297 0.0000e+00
 145.382066      3.197    14.6322  36.883789    29.8402      3.168  258.44037  258.66909    12.4782     6.9014 -9.990e-29
 145.382069      3.220    14.6325  36.884217    29.8402      3.192  258.43883  258.66758    11.5288     6.9539 -9.990e-29
 145.382072      3.244    14.6331  36.881587    29.8373      3.215  258.44070  258.66950    11.5132     6.9095 -9.990e-29
 145.382075      3.259    14.6334  36.881343    29.8369      3.230  258.44022  258.66904    11.4198     6.9580 -9.990e-29
 145.382078      3.275    14.6333  36.881526    29.8372      3.246  258.44023  258.66904     9.6299     7.2815 -9.990e-29
 145.382080      3.290    14.6332  36.882444    29.8380      3.260  258.43907  258.66786     9.7856     7.2572 -9.990e-29
 145.382083      3.306    14.6328  36.882872    29.8388      3.277  258.44016  258.66893     9.6922     7.2694 -9.990e-29
 145.382086      3.324    14.6333  36.886297    29.8403      3.295  258.43470  258.66348     9.8323     7.8072 -9.990e-29
 145.382089      3.357    14.6333  36.885013    29.8417      3.327  258.43227  258.66103     9.7778     7.7708 0.0000e+00
 145.382092      3.390    14.6333  36.888071    29.8403      3.360  258.43435  258.66318     9.7233     7.8072 0.0000e+00
 145.382095      3.435    14.6337  36.883790    29.8387      3.405  258.43435  258.66318     9.7233     7.7788 0.0000e+00
 145.382098      3.479    14.6337  36.883729    29.8387      3.448  258.43435  258.66318     9.7233     7.7788 0.0000e+00
 145.382101      3.527    14.6336  36.886053    29.8407      3.495  258.43238  258.66118     9.7389     7.3866 0.0000e+00
 145.382104      3.569    14.6336  36.885808    29.8409      3.537  258.43197  258.66076     9.8167     7.3826 0.0000e+00
 145.382106      3.609    14.6337  36.886971    29.8411      3.576  258.43088  258.65967     9.8323     7.3765 0.0000e+00
 145.382109      3.636    14.6339  36.886298    29.8415      3.603  258.42937  258.65817     9.8167     7.3826 -9.990e-29
 145.382112      3.659    14.6343  36.886053    29.8403      3.627  258.42940  258.65823     9.7856     7.4068 -9.990e-29
 145.382115      3.676    14.6341  36.885442    29.8399      3.643  258.43098  258.65981    10.1124     7.6575 -9.990e-29
 145.382118      3.685    14.6338  36.886053    29.8407      3.652  258.43118  258.65999    10.0969     7.7061 -9.990e-29
 145.382121      3.702    14.6336  36.886971    29.8417      3.668  258.43061  258.65939    10.0191     7.7586 -9.990e-29
 145.382124      3.718    14.6328  36.885259    29.8407      3.685  258.43630  258.66506    10.0502     7.7384 -9.990e-29
 145.382127      3.743    14.6321  36.886727    29.8420      3.710  258.43801  258.66671    10.3459     8.0093 -9.990e-29
 145.382130      3.774    14.6321  36.886054    29.8423      3.741  258.43719  258.66589    10.2914     8.0214 0.0000e+00
 145.382133      3.807    14.6322  36.886727    29.8425      3.773  258.43636  258.66507    10.2836     8.0296 0.0000e+00
 145.382135      3.846    14.6327  36.887644    29.8425      3.811  258.43315  258.66188    10.2369     8.0336 0.0000e+00
 145.382138      3.886    14.6333  36.887400    29.8429      3.851  258.43121  258.65998     9.7856     8.2964 0.0000e+00
 145.382141      3.924    14.6333  36.888501    29.8422      3.889  258.43121  258.65998     9.7389     8.3005 0.0000e+00
 145.382144      3.964    14.6332  36.886055    29.8422      3.929  258.43174  258.66050     9.7389     8.3025 0.0000e+00
 145.382147      3.992    14.6331  36.887156    29.8411      3.956  258.43400  258.66277     9.6922     8.3045 -9.990e-29
 145.382150      4.015    14.6314  36.884587    29.8396      3.979  258.44592  258.67460     9.6922     7.5120 -9.990e-29
 145.382153      4.045    14.6311  36.882875    29.8402      4.008  258.44637  258.67503     9.7233     7.4999 0.0000e+00
 145.382156      4.070    14.6309  36.883792    29.8408      4.034  258.44592  258.67460     9.7545     7.5120 0.0000e+00
 145.382159      4.098    14.6309  36.884587    29.8414      4.061  258.44497  258.67362     9.8323     7.4918 0.0000e+00
 145.382161      4.129    14.6312  36.888318    29.8422      4.092  258.43844  258.66713     9.8323     7.4918 0.0000e+00
 145.382164      4.154    14.6319  36.886300    29.8422      4.117  258.43844  258.66713     9.0385     7.2572 0.0000e+00
 145.382167      4.185    14.6321  36.885260    29.8422      4.148  258.43844  258.66713     9.0229     7.2451 0.0000e+00
 145.382170      4.218    14.6321  36.887401    29.8428      4.180  258.43742  258.66611     9.0385     7.2370 0.0000e+00
 145.382173      4.245    14.6321  36.886973    29.8430      4.207  258.43583  258.66453     9.1008     7.2451 0.0000e+00
 145.382176      4.275    14.6321  36.888502    29.8431      4.236  258.43491  258.66361    11.2175     7.8921 0.0000e+00
 145.382179      4.306    14.6322  36.887646    29.8436      4.267  258.43466  258.66335    11.2330     7.9002 0.0000e+00
 145.382182      4.331    14.6323  36.889542    29.8431      4.292  258.43491  258.66361    11.2486     7.9082 -9.990e-29
 145.382185      4.353    14.6331  36.889909    29.8445      4.314  258.42837  258.65711    11.2953     7.9244 -9.990e-29
 145.382187      4.386    14.6333  36.888747    29.8433      4.347  258.42937  258.65813     8.9762     7.8719 -9.990e-29
 145.382190      4.411    14.6331  36.885261    29.8427      4.372  258.43107  258.65983     9.0074     7.8355 -9.990e-29
 145.382193      4.448    14.6330  36.888075    29.8430      4.408  258.43147  258.66022     9.0308     7.8274 0.0000e+00
 145.382196      4.486    14.6328  36.888319    29.8427      4.446  258.43188  258.66062     9.0541     7.8193 0.0000e+00
 145.382199      4.528    14.6328  36.887402    29.8424      4.487  258.43367  258.66241     9.8323     7.7991 0.0000e+00
 145.382202      4.561    14.6328  36.886729    29.8424      4.520  258.43367  258.66241     9.8323     7.7829 0.0000e+00
 145.382205      4.594    14.6328  36.888564    29.8426      4.553  258.43317  258.66190     9.7778     7.7748 0.0000e+00
 145.382208      4.621    14.6327  36.889115    29.8435      4.580  258.43215  258.66087     9.7233     7.7667 -9.990e-29
 145.382211      4.643    14.6334  36.888993    29.8433      4.601  258.42884  258.65760     9.7856     7.7910 -9.990e-29
 145.382214      4.660    14.6334  36.887402    29.8418      4.618  258.43111  258.65988    10.6572     8.1590 -9.990e-29
 145.382216      4.681    14.6333  36.888687    29.8431      4.639  258.42965  258.65841    10.8284     8.1711 -9.990e-29
 145.382219      4.707    14.6333  36.890094    29.8444      4.665  258.42741  258.65616    10.9840     8.1670 -9.990e-29
