seaocn-cb/data/ctd_cnv/SBE19plus_01907321_2024_05_29_Cast105.cnv
* Sea-Bird SBE19plus  Data File:
* FileName = E:\Prandtl_Daten\2024\29052024\raw\SBE19plus_01907321_2024_05_29_Cast105.hex
* Software version 2.6.1.12
* Temperature SN = 7321
* Conductivity SN = 7321
* System UpLoad Time = May 29 2024 10:57:41
* <ApplicationData>
* <Seaterm232>
** 20240527
** Sea Practical 2024
** MCat 27.05 CTD_Z3
** NMEA Latitude = 54 02.69N
** NMEA Longitude = 008 27.26E
** waterdepth = 13.3m
** Isabelle
# nquan = 11
# nvalues = 421                         
# units = specified
# name 0 = timeJ: Julian Days
# name 1 = prdM: Pressure, Strain Gauge [db]
# name 2 = tv290C: Temperature [ITS-90, deg C]
# name 3 = c0mS/cm: Conductivity [mS/cm]
# name 4 = sal00: Salinity, Practical [PSU]
# name 5 = depSM: Depth [salt water, m], lat = 54.00
# name 6 = oxsatMm/Kg: Oxygen Saturation, Weiss [umol/kg]
# name 7 = oxsolMm/Kg: Oxygen Saturation, Garcia & Gordon [umol/kg]
# name 8 = turbWETntu0: Turbidity, WET Labs ECO [NTU]
# name 9 = flECO-AFL: Fluorescence, WET Labs ECO-AFL/FL [mg/m^3]
# name 10 = flag:  0.000e+00
# span 0 = 150.452766, 150.453981       
# span 1 =      0.644,     12.282       
# span 2 =    15.6005,    15.6172       
# span 3 =  37.600527,  37.614802       
# span 4 =    29.7274,    29.7499       
# span 5 =      0.638,     12.172       
# span 6 =  253.56994,  253.62735       
# span 7 =  253.84963,  253.90617       
# span 8 =    -3.5996,    18.0657       
# span 9 =     8.5957,    10.6620       
# span 10 = 0.0000e+00, 0.0000e+00      
# interval = seconds: 0.25
# start_time = May 29 2024 10:50:38 [Instrument's time stamp, header]
# bad_flag = -9.990e-29
*END*
 150.452766      0.644    15.6013  37.605795    29.7460      0.638  253.62065  253.89949    -3.5685     9.0324 -9.990e-29
 150.452769      0.665    15.6011  37.605795    29.7444      0.659  253.62428  253.90312    -3.5841     9.0324 -9.990e-29
 150.452772      0.691    15.6011  37.603822    29.7443      0.685  253.62438  253.90323    -3.4284     9.1133 0.0000e+00
 150.452775      0.716    15.6011  37.603699    29.7444      0.710  253.62428  253.90312    -3.3817     9.1941 0.0000e+00
 150.452778      0.752    15.6012  37.606658    29.7442      0.746  253.62448  253.90333    -3.2728     9.1941 0.0000e+00
 150.452781      0.802    15.6012  37.603268    29.7446      0.795  253.62343  253.90228    -3.3350     9.1658 0.0000e+00
 150.452784      0.875    15.6012  37.604254    29.7438      0.867  253.62490  253.90375    -3.2572     9.1577 0.0000e+00
 150.452786      0.948    15.6012  37.603022    29.7446      0.939  253.62343  253.90228    -3.3350     9.0162 0.0000e+00
 150.452789      1.006    15.6013  37.605796    29.7447      0.997  253.62311  253.90197    -3.3117     9.0142 0.0000e+00
 150.452792      1.035    15.6012  37.607645    29.7459      1.026  253.62116  253.90000    -3.3817     9.0122 -9.990e-29
 150.452795      1.052    15.6014  37.606906    29.7468      1.042  253.61890  253.89774    -3.3195     9.0041 -9.990e-29
 150.452798      1.045    15.6015  37.606721    29.7465      1.035  253.61859  253.89744    -3.3039     8.5957 -9.990e-29
 150.452801      1.036    15.6016  37.604008    29.7440      1.026  253.62243  253.90131    -3.2883     8.6038 -9.990e-29
 150.452804      1.028    15.6014  37.603947    29.7442      1.019  253.62341  253.90226    -3.3350     8.5997 -9.990e-29
 150.452807      1.033    15.6009  37.605365    29.7458      1.024  253.62301  253.90183    -3.2416     8.6078 -9.990e-29
 150.452810      1.057    15.6007  37.605118    29.7459      1.048  253.62392  253.90273    -3.3195     8.9313 -9.990e-29
 150.452812      1.086    15.6006  37.605365    29.7464      1.076  253.62338  253.90218    -3.3662     8.9212 0.0000e+00
 150.452815      1.135    15.6007  37.606474    29.7470      1.125  253.62285  253.90164    -3.3817     8.9151 0.0000e+00
 150.452818      1.182    15.6006  37.606660    29.7470      1.172  253.62285  253.90164    -3.3817     8.9151 0.0000e+00
 150.452821      1.226    15.6007  37.605304    29.7464      1.215  253.62320  253.90201    -3.3662     8.9151 0.0000e+00
 150.452824      1.254    15.6006  37.606043    29.7459      1.242  253.62439  253.90320    -3.3506     8.9151 -9.990e-29
 150.452827      1.279    15.6006  37.605550    29.7461      1.268  253.62405  253.90285    -3.0238     9.8694 -9.990e-29
 150.452830      1.303    15.6006  37.605119    29.7457      1.291  253.62472  253.90353    -3.0082     9.8896 -9.990e-29
 150.452833      1.325    15.6007  37.604626    29.7455      1.313  253.62474  253.90356    -3.1794     9.8249 -9.990e-29
 150.452836      1.359    15.6007  37.604934    29.7456      1.347  253.62447  253.90328    -3.3350     9.8209 0.0000e+00
 150.452839      1.392    15.6007  37.605304    29.7455      1.380  253.62474  253.90356    -3.3506     9.8249 0.0000e+00
 150.452841      1.430    15.6006  37.603147    29.7446      1.418  253.62661  253.90542    -3.3506     9.8249 0.0000e+00
 150.452844      1.465    15.6006  37.603948    29.7443      1.452  253.62735  253.90617    -3.3350     9.8270 0.0000e+00
 150.452847      1.492    15.6006  37.602716    29.7446      1.479  253.62661  253.90542    -3.3195     9.8290 -9.990e-29
 150.452850      1.509    15.6005  37.607154    29.7475      1.495  253.62203  253.90082    -3.3350     9.6915 -9.990e-29
 150.452853      1.516    15.6011  37.605120    29.7453      1.502  253.62308  253.90192    -3.3817     9.6591 -9.990e-29
 150.452856      1.531    15.6014  37.605551    29.7454      1.517  253.62096  253.89981    -3.3195     9.6794 -9.990e-29
 150.452859      1.544    15.6016  37.603949    29.7438      1.530  253.62283  253.90170    -3.3506     9.7198 -9.990e-29
 150.452862      1.564    15.6015  37.604688    29.7457      1.550  253.61995  253.89881    -3.5374    10.0231 -9.990e-29
 150.452865      1.593    15.6015  37.606044    29.7459      1.579  253.61963  253.89849    -3.5841    10.0292 0.0000e+00
 150.452867      1.635    15.6015  37.606476    29.7457      1.620  253.61995  253.89881    -3.5996    10.0271 0.0000e+00
 150.452870      1.681    15.6015  37.605305    29.7461      1.666  253.61932  253.89817    -3.5996    10.0271 0.0000e+00
 150.452873      1.734    15.6017  37.606661    29.7450      1.718  253.62038  253.89926    -3.3817     9.5297 0.0000e+00
 150.452876      1.776    15.6019  37.604874    29.7451      1.760  253.61869  253.89757    -3.3817     9.4853 0.0000e+00
 150.452879      1.808    15.6019  37.605799    29.7451      1.792  253.61869  253.89757    -3.3195     9.4812 0.0000e+00
 150.452882      1.841    15.6019  37.606723    29.7456      1.825  253.61829  253.89716    -3.3739     9.4711 0.0000e+00
 150.452885      1.867    15.6018  37.606045    29.7460      1.850  253.61789  253.89675    -3.3195     9.4610 -9.990e-29
 150.452888      1.890    15.6017  37.606970    29.7463      1.874  253.61813  253.89698    -2.4479     9.3963 -9.990e-29
 150.452891      1.912    15.6016  37.606477    29.7459      1.895  253.61919  253.89804    -2.4634     9.4327 -9.990e-29
 150.452894      1.922    15.6018  37.607402    29.7465      1.904  253.61690  253.89576    -2.3234     9.4206 -9.990e-29
 150.452896      1.936    15.6018  37.604012    29.7436      1.919  253.62208  253.90097    -1.8097     9.3680 -9.990e-29
 150.452899      1.944    15.6019  37.604875    29.7443      1.926  253.62048  253.89936    -2.0121     9.3437 -9.990e-29
 150.452902      1.947    15.6020  37.604258    29.7437      1.930  253.62113  253.90002    -1.9654     9.3801 -9.990e-29
 150.452905      1.960    15.6021  37.603703    29.7430      1.942  253.62139  253.90030    -2.0276     9.4003 -9.990e-29
 150.452908      1.982    15.6026  37.609991    29.7473      1.964  253.61156  253.89046     1.2720     9.4893 -9.990e-29
 150.452911      2.011    15.6027  37.609005    29.7474      1.993  253.61104  253.88995     1.3109     9.4974 0.0000e+00
 150.452914      2.058    15.6028  37.609313    29.7475      2.040  253.61053  253.88943     1.3187     9.5055 0.0000e+00
 150.452917      2.115    15.6029  37.609930    29.7475      2.096  253.60941  253.88834     1.3187     9.5055 0.0000e+00
 150.452920      2.173    15.6032  37.609128    29.7479      2.154  253.60903  253.88794     1.3187     9.5176 0.0000e+00
 150.452922      2.232    15.6032  37.611101    29.7486      2.212  253.60643  253.88535     1.8634    10.5770 0.0000e+00
 150.452925      2.281    15.6033  37.611101    29.7487      2.261  253.60587  253.88480     1.8634    10.5892 0.0000e+00
 150.452928      2.321    15.6035  37.612026    29.7488      2.300  253.60459  253.88352     1.8245    10.5912 0.0000e+00
 150.452931      2.347    15.6036  37.613506    29.7491      2.326  253.60331  253.88224     1.7856    10.5892 -9.990e-29
 150.452934      2.363    15.6041  37.613074    29.7497      2.342  253.59997  253.87892     2.5794     9.5783 -9.990e-29
 150.452937      2.365    15.6043  37.611102    29.7478      2.343  253.60210  253.88108     2.5015     9.5702 -9.990e-29
 150.452940      2.366    15.6045  37.612396    29.7488      2.345  253.59954  253.87851     2.5638     9.5904 -9.990e-29
 150.452943      2.361    15.6047  37.612951    29.7491      2.340  253.59780  253.87679     2.5015     9.5459 -9.990e-29
 150.452946      2.359    15.6049  37.613752    29.7497      2.338  253.59599  253.87498     1.9724     9.5540 -9.990e-29
 150.452948      2.357    15.6050  37.613382    29.7493      2.336  253.59626  253.87526     1.9724     9.5621 -9.990e-29
 150.452951      2.376    15.6052  37.611780    29.7499      2.355  253.59400  253.87300     1.7545     9.5702 -9.990e-29
 150.452954      2.407    15.6053  37.614307    29.7497      2.385  253.59385  253.87286     1.8012     9.5783 0.0000e+00
 150.452957      2.447    15.6054  37.613937    29.7499      2.425  253.59370  253.87272     1.7545     9.5864 0.0000e+00
 150.452960      2.502    15.6054  37.614801    29.7494      2.479  253.59370  253.87272     1.3965     9.7360 0.0000e+00
 150.452963      2.573    15.6054  37.613506    29.7489      2.550  253.59414  253.87317     1.3809     9.7521 0.0000e+00
 150.452966      2.650    15.6055  37.612952    29.7488      2.626  253.59414  253.87317     1.3809     9.7562 0.0000e+00
 150.452969      2.719    15.6054  37.613507    29.7488      2.695  253.59393  253.87296     1.3809     9.7602 0.0000e+00
 150.452972      2.768    15.6055  37.614309    29.7492      2.743  253.59363  253.87265     1.5366    10.0150 0.0000e+00
 150.452975      2.804    15.6054  37.611781    29.7496      2.779  253.59333  253.87234     1.7856    10.2738 -9.990e-29
 150.452977      2.814    15.6057  37.614802    29.7498      2.789  253.59172  253.87075     1.7233    10.2455 -9.990e-29
 150.452980      2.803    15.6057  37.611966    29.7474      2.778  253.59604  253.87509     1.7700    10.2414 -9.990e-29
 150.452983      2.777    15.6058  37.612952    29.7482      2.752  253.59423  253.87327     2.3459     9.1901 -9.990e-29
 150.452986      2.752    15.6058  37.614185    29.7492      2.727  253.59203  253.87107     2.3770     9.1658 -9.990e-29
 150.452989      2.735    15.6057  37.614123    29.7493      2.711  253.59271  253.87174     2.3148     9.1699 -9.990e-29
 150.452992      2.739    15.6058  37.613938    29.7491      2.714  253.59270  253.87173     2.2836     9.1537 -9.990e-29
 150.452995      2.764    15.6058  37.614555    29.7483      2.740  253.59406  253.87311     1.6611     9.1820 -9.990e-29
 150.452998      2.819    15.6057  37.613076    29.7473      2.794  253.59636  253.87541     1.6066     9.1679 0.0000e+00
 150.453001      2.892    15.6055  37.610672    29.7470      2.866  253.59739  253.87643     1.6611     9.1618 0.0000e+00
 150.453003      2.968    15.6055  37.611535    29.7470      2.942  253.59739  253.87643     1.5521     9.1618 0.0000e+00
 150.453006      3.049    15.6055  37.612460    29.7478      3.022  253.59645  253.87548     1.5677     9.1658 0.0000e+00
 150.453009      3.109    15.6054  37.612399    29.7478      3.081  253.59624  253.87527     1.5522     9.6086 0.0000e+00
 150.453012      3.153    15.6054  37.613077    29.7478      3.125  253.59645  253.87548     1.5677    10.0514 -9.990e-29
 150.453015      3.178    15.6052  37.612276    29.7479      3.150  253.59756  253.87658     1.5833    10.0756 -9.990e-29
 150.453018      3.180    15.6051  37.612646    29.7482      3.152  253.59729  253.87630     1.4899    10.0918 -9.990e-29
 150.453021      3.164    15.6054  37.611104    29.7467      3.136  253.59875  253.87778     2.8906     9.2831 -9.990e-29
 150.453024      3.138    15.6054  37.612399    29.7479      3.110  253.59676  253.87578     2.7194     9.3073 -9.990e-29
 150.453027      3.129    15.6055  37.612275    29.7476      3.101  253.59635  253.87539     2.7817     9.3195 -9.990e-29
 150.453030      3.129    15.6054  37.611289    29.7468      3.101  253.59815  253.87719     2.8595     9.2871 -9.990e-29
 150.453032      3.146    15.6059  37.612276    29.7467      3.118  253.59604  253.87510     3.0619     9.3599 -9.990e-29
 150.453035      3.181    15.6060  37.611536    29.7469      3.152  253.59520  253.87426     3.0541     9.3620 0.0000e+00
 150.453038      3.236    15.6061  37.612276    29.7467      3.207  253.59604  253.87510     3.0619     9.3640 0.0000e+00
 150.453041      3.300    15.6062  37.609564    29.7462      3.270  253.59526  253.87434     3.0930     9.3801 0.0000e+00
 150.453044      3.373    15.6062  37.611352    29.7451      3.342  253.59670  253.87579     3.0930     9.7441 0.0000e+00
 150.453047      3.436    15.6063  37.610242    29.7462      3.406  253.59526  253.87434     3.0463     9.7602 0.0000e+00
 150.453050      3.491    15.6064  37.613201    29.7466      3.460  253.59382  253.87291     3.0463     9.7602 0.0000e+00
 150.453053      3.531    15.6064  37.611969    29.7471      3.500  253.59287  253.87196     3.1241     9.7400 0.0000e+00
 150.453056      3.557    15.6064  37.611784    29.7466      3.525  253.59382  253.87291     3.2019     9.7198 -9.990e-29
 150.453058      3.562    15.6063  37.611106    29.7459      3.531  253.59545  253.87454     3.0619     9.7643 -9.990e-29
 150.453061      3.553    15.6064  37.611599    29.7462      3.522  253.59440  253.87349     3.0463     9.7602 -9.990e-29
 150.453064      3.548    15.6063  37.611969    29.7466      3.516  253.59413  253.87321     3.0619     9.7683 -9.990e-29
 150.453067      3.546    15.6064  37.610428    29.7452      3.514  253.59619  253.87528     2.8751     9.7683 -9.990e-29
 150.453070      3.555    15.6064  37.611106    29.7458      3.523  253.59516  253.87425     0.5871     9.3437 -9.990e-29
 150.453073      3.580    15.6062  37.609750    29.7457      3.548  253.59616  253.87524     0.6338     9.3801 -9.990e-29
 150.453076      3.617    15.6061  37.610859    29.7456      3.585  253.59709  253.87617     0.5638     9.3680 0.0000e+00
 150.453079      3.662    15.6059  37.610428    29.7457      3.630  253.59761  253.87667     0.4938     9.3801 0.0000e+00
 150.453082      3.712    15.6059  37.611291    29.7455      3.678  253.59802  253.87709     0.4159     9.8613 0.0000e+00
 150.453084      3.763    15.6057  37.609257    29.7464      3.729  253.59796  253.87701     0.2914     9.8977 0.0000e+00
 150.453087      3.804    15.6056  37.611292    29.7465      3.770  253.59798  253.87703     0.2914     9.8977 0.0000e+00
 150.453090      3.842    15.6056  37.611292    29.7465      3.808  253.59798  253.87703     0.2914     9.9058 0.0000e+00
 150.453093      3.873    15.6055  37.611785    29.7468      3.839  253.59805  253.87710     0.8051    10.0149 0.0000e+00
 150.453096      3.899    15.6054  37.610429    29.7471      3.864  253.59813  253.87716     1.3187    10.1403 -9.990e-29
 150.453099      3.915    15.6052  37.611600    29.7470      3.880  253.59903  253.87805     1.2253    10.1565 -9.990e-29
 150.453102      3.944    15.6051  37.610861    29.7464      3.909  253.60047  253.87949     1.3342    10.1161 -9.990e-29
 150.453105      3.968    15.6051  37.611354    29.7462      3.932  253.60078  253.87981     0.7272     9.6430 -9.990e-29
 150.453108      3.998    15.6051  37.610676    29.7474      3.963  253.59901  253.87802     0.7739     9.6430 0.0000e+00
 150.453111      4.029    15.6051  37.613203    29.7472      3.993  253.60068  253.87968     0.7584     9.6430 0.0000e+00
 150.453113      4.064    15.6051  37.611539    29.7480      4.028  253.59802  253.87703     0.7895     9.6470 0.0000e+00
 150.453116      4.092    15.6049  37.612711    29.7476      4.055  253.59935  253.87836     0.7739     9.6531 0.0000e+00
 150.453119      4.117    15.6051  37.612834    29.7480      4.081  253.59802  253.87703     0.7895     9.6591 -9.990e-29
 150.453122      4.136    15.6051  37.612464    29.7478      4.099  253.59843  253.87744     2.1436    10.3385 -9.990e-29
 150.453125      4.158    15.6050  37.612649    29.7480      4.120  253.59845  253.87746     2.0657    10.3263 -9.990e-29
 150.453128      4.170    15.6051  37.611601    29.7470      4.133  253.59947  253.87849     1.9879    10.3385 -9.990e-29
 150.453131      4.183    15.6051  37.612218    29.7475      4.146  253.59854  253.87756     0.8050     9.9260 -9.990e-29
 150.453134      4.200    15.6052  37.612711    29.7479      4.162  253.59750  253.87652     0.8673     9.9462 -9.990e-29
 150.453137      4.223    15.6051  37.610862    29.7489      4.186  253.59604  253.87505     0.8517     9.9179 -9.990e-29
 150.453139      4.258    15.6051  37.613882    29.7484      4.220  253.59699  253.87600     1.0696    10.0999 0.0000e+00
 150.453142      4.304    15.6051  37.612650    29.7485      4.265  253.59685  253.87586     1.2875    10.2819 0.0000e+00
