seaocn-cb/data/ctd_cnv/SBE19plus_01907321_2024_05_30_Cast113.cnv
* Sea-Bird SBE19plus  Data File:
* FileName = E:\Prandtl_Daten\2024\30052024\raw\SBE19plus_01907321_2024_05_30_Cast113.hex
* Software version 2.6.1.12
* Temperature SN = 7321
* Conductivity SN = 7321
* System UpLoad Time = May 30 2024 08:40:45
* <ApplicationData>
* <Seaterm232>
** 20240529
** Sea Practical 2024
** MCat 30.05 CTD_SP7
** NMEA Latitude = 54 08.32N
** NMEA Longitude = 008 20.64E
** waterdepth = 12.4m
** Maja
# nquan = 11
# nvalues = 425                         
# units = specified
# name 0 = timeJ: Julian Days
# name 1 = prdM: Pressure, Strain Gauge [db]
# name 2 = tv290C: Temperature [ITS-90, deg C]
# name 3 = c0mS/cm: Conductivity [mS/cm]
# name 4 = sal00: Salinity, Practical [PSU]
# name 5 = depSM: Depth [salt water, m], lat = 54.00
# name 6 = oxsatMm/Kg: Oxygen Saturation, Weiss [umol/kg]
# name 7 = oxsolMm/Kg: Oxygen Saturation, Garcia & Gordon [umol/kg]
# name 8 = turbWETntu0: Turbidity, WET Labs ECO [NTU]
# name 9 = flECO-AFL: Fluorescence, WET Labs ECO-AFL/FL [mg/m^3]
# name 10 = flag:  0.000e+00
# span 0 = 151.357031, 151.358258       
# span 1 =      0.516,     12.091       
# span 2 =    15.2714,    16.0397       
# span 3 =  37.416344,  37.845536       
# span 4 =    29.2895,    30.2045       
# span 5 =      0.511,     11.983       
# span 6 =  252.20242,  254.49752       
# span 7 =  252.50546,  254.75645       
# span 8 =    -3.9109,    11.3887       
# span 9 =     1.0219,     4.0142       
# span 10 = 0.0000e+00, 0.0000e+00      
# interval = seconds: 0.25
# start_time = May 30 2024 08:32:56 [Instrument's time stamp, header]
# bad_flag = -9.990e-29
*END*
[from data line 132]
 151.357413      4.098    15.7985  37.502838    29.5067      4.062  253.03907  253.32891    -2.7125     3.4238 0.0000e+00
 151.357416      4.135    15.7944  37.514477    29.5200      4.098  253.04130  253.33143    -2.8370     3.3915 0.0000e+00
 151.357419      4.166    15.7882  37.516879    29.5267      4.129  253.05879  253.34828    -3.0860     2.6030 0.0000e+00
 151.357422      4.192    15.7858  37.516757    29.5284      4.154  253.06790  253.35726    -3.1171     2.5949 0.0000e+00
 151.357425      4.219    15.7834  37.516449    29.5302      4.181  253.07701  253.36625    -3.1483     2.5868 -9.990e-29
 151.357428      4.243    15.7793  37.514725    29.5314      4.205  253.09518  253.38421    -3.1794     2.5585 -9.990e-29
 151.357431      4.268    15.7782  37.516450    29.5337      4.230  253.09672  253.38568    -1.7786     2.8254 -9.990e-29
 151.357433      4.297    15.7771  37.519775    29.5374      4.259  253.09583  253.38472    -1.9965     2.8416 -9.990e-29
 151.357436      4.316    15.7755  37.525688    29.5439      4.277  253.09309  253.38185    -2.0121     2.8294 -9.990e-29
 151.357439      4.325    15.7729  37.523717    29.5441      4.286  253.10582  253.39445    -1.8097     2.8335 -9.990e-29
 151.357442      4.332    15.7707  37.529384    29.5506      4.293  253.10521  253.39370    -1.8720     2.8860 -9.990e-29
 151.357445      4.332    15.7684  37.529446    29.5524      4.293  253.11368  253.40204    -2.5101     2.5787 -9.990e-29
 151.357448      4.323    15.7670  37.529384    29.5534      4.284  253.11908  253.40737    -2.4323     2.5585 -9.990e-29
 151.357451      4.321    15.7666  37.529446    29.5537      4.283  253.12046  253.40873    -2.3856     2.5989 -9.990e-29
 151.357454      4.323    15.7659  37.530493    29.5552      4.284  253.12154  253.40975    -2.4167     2.5909 -9.990e-29
 151.357457      4.343    15.7622  37.534989    29.5568      4.304  253.13740  253.42543    -2.5413     2.4979 -9.990e-29
 151.357459      4.370    15.7617  37.529200    29.5620      4.331  253.13078  253.41875    -2.6113     2.5303 0.0000e+00
 151.357462      4.412    15.7612  37.540287    29.5672      4.373  253.13216  253.41989    -2.6813     2.4979 0.0000e+00
 151.357465      4.463    15.7581  37.542813    29.5718      4.423  253.13216  253.41989    -2.6813     2.4979 0.0000e+00
 151.357468      4.522    15.7545  37.547188    29.5782      4.481  253.13885  253.42635    -2.4323     2.3604 0.0000e+00
 151.357471      4.593    15.7510  37.550515    29.5838      4.552  253.14712  253.43441    -2.4323     2.3482 0.0000e+00
 151.357474      4.658    15.7474  37.552980    29.5886      4.617  253.15699  253.44407    -2.4323     2.3482 0.0000e+00
 151.357477      4.722    15.7441  37.556246    29.5939      4.680  253.16417  253.45106    -2.2455     2.3563 0.0000e+00
 151.357480      4.779    15.7404  37.564502    29.6039      4.736  253.16417  253.45106    -2.2455     2.9184 0.0000e+00
 151.357483      4.832    15.7355  37.582681    29.6234      4.788  253.16554  253.45218    -2.1833     2.9184 0.0000e+00
 151.357486      4.864    15.7315  37.584531    29.6272      4.821  253.16976  253.45580    -2.2455     2.9164 0.0000e+00
 151.357488      4.895    15.7275  37.577630    29.6310      4.852  253.18325  253.46907    -2.1833     2.8739 -9.990e-29
 151.357491      4.906    15.7192  37.573933    29.6280      4.862  253.23062  253.51605    -2.0276     2.9143 -9.990e-29
 151.357494      4.902    15.7201  37.582683    29.6350      4.859  253.21408  253.49951    -2.2767     2.7607 -9.990e-29
 151.357497      4.897    15.7189  37.588722    29.6411      4.853  253.20903  253.49436    -2.1522     2.7930 -9.990e-29
 151.357500      4.886    15.7154  37.594331    29.6487      4.842  253.21377  253.49887    -2.1833     2.7405 -9.990e-29
 151.357503      4.870    15.7114  37.596304    29.6534      4.826  253.22579  253.51066    -2.1677     2.7647 -9.990e-29
 151.357506      4.864    15.7082  37.595195    29.6548      4.821  253.23926  253.52397    -2.7747     2.6151 -9.990e-29
 151.357509      4.862    15.7063  37.597476    29.6583      4.819  253.24316  253.52774    -2.7747     2.6758 -9.990e-29
 151.357512      4.869    15.7033  37.603825    29.6661      4.826  253.24471  253.52909    -2.6502     2.6596 -9.990e-29
 151.357514      4.890    15.6999  37.603455    29.6683      4.846  253.25765  253.54186    -2.6813     2.5989 -9.990e-29
 151.357517      4.908    15.6977  37.599819    29.6667      4.864  253.27143  253.55555    -2.1988     2.6596 -9.990e-29
 151.357520      4.935    15.6963  37.599326    29.6674      4.891  253.27750  253.56155    -2.0121     2.6313 -9.990e-29
 151.357523      4.959    15.6943  37.600498    29.6754      4.915  253.27395  253.55783    -2.2611     2.6353 -9.990e-29
 151.357526      4.994    15.6931  37.606723    29.6760      4.949  253.27875  253.56257    -2.4946     2.6596 0.0000e+00
 151.357529      5.039    15.6920  37.606046    29.6765      4.994  253.27416  253.55783    -2.7280     2.6839 0.0000e+00
 151.357532      5.094    15.6900  37.617081    29.6876      5.048  253.27416  253.55775    -2.7280     2.6879 0.0000e+00
 151.357535      5.163    15.6848  37.632495    29.7050      5.117  253.27416  253.55775    -2.7280     2.7122 0.0000e+00
 151.357538      5.236    15.6753  37.638847    29.7177      5.189  253.29617  253.57882    -2.6813     2.7000 0.0000e+00
 151.357541      5.316    15.6651  37.645262    29.7310      5.269  253.32470  253.60676    -2.6813     2.7000 0.0000e+00
 151.357543      5.386    15.6573  37.641810    29.7338      5.338  253.35883  253.64049    -2.5413     2.5221 0.0000e+00
 151.357546      5.448    15.6553  37.642859    29.7357      5.399  253.36540  253.64695    -2.4012     2.4958 0.0000e+00
 151.357549      5.495    15.6534  37.647238    29.7376      5.446  253.37197  253.65342    -2.2611     2.4695 -9.990e-29
 151.357552      5.517    15.6483  37.650630    29.7483      5.468  253.37929  253.66041    -2.4012     2.5383 -9.990e-29
 151.357555      5.515    15.6451  37.652542    29.7523      5.466  253.38814  253.66907    -2.2300     2.6839 -9.990e-29
 151.357558      5.497    15.6415  37.656860    29.7589      5.448  253.39507  253.67578    -2.0743     2.6839 -9.990e-29
 151.357561      5.466    15.6377  37.656984    29.7619      5.417  253.40927  253.68977    -2.1677     2.6232 -9.990e-29
 151.357564      5.440    15.6355  37.655010    29.7618      5.392  253.42050  253.70089    -2.1055     2.6556 -9.990e-29
 151.357567      5.418    15.6346  37.658526    29.7656      5.370  253.41836  253.69868    -2.0121     2.5989 -9.990e-29
 151.357569      5.406    15.6341  37.660561    29.7677      5.357  253.41701  253.69729    -1.8876     2.6758 -9.990e-29
 151.357572      5.400    15.6321  37.662473    29.7709      5.352  253.42174  253.70189    -1.8720     2.6556 -9.990e-29
 151.357575      5.420    15.6288  37.664262    29.7750      5.372  253.43136  253.71133    -1.9187     2.6596 -9.990e-29
 151.357578      5.444    15.6256  37.657232    29.7750      5.395  253.44768  253.72749    -2.2611     2.9467 -9.990e-29
 151.357581      5.480    15.6253  37.661487    29.7745      5.431  253.45014  253.72994    -2.2378     2.9528 0.0000e+00
 151.357584      5.528    15.6249  37.659822    29.7750      5.478  253.44832  253.72799    -2.2144     2.9588 0.0000e+00
 151.357587      5.577    15.6235  37.666114    29.7805      5.527  253.44832  253.72799    -2.2144     2.9831 0.0000e+00
 151.357590      5.626    15.6212  37.671789    29.7872      5.576  253.44832  253.72799    -2.2144     3.0033 0.0000e+00
 151.357593      5.677    15.6155  37.682092    29.8006      5.627  253.45398  253.73310    -2.3856     3.1529 0.0000e+00
 151.357595      5.730    15.6064  37.689250    29.8138      5.679  253.47716  253.75574    -2.4167     3.1529 0.0000e+00
 151.357598      5.794    15.5966  37.693632    29.8250      5.743  253.50721  253.78523    -2.4634     3.1529 0.0000e+00
 151.357601      5.851    15.5888  37.693695    29.8309      5.799  253.53621  253.81381    -2.4167     3.1206 0.0000e+00
 151.357604      5.911    15.5843  37.694744    29.8342      5.858  253.55138  253.82872    -2.2455     2.4736 0.0000e+00
 151.357607      5.970    15.5821  37.691783    29.8352      5.916  253.56416  253.84140    -2.1677     2.4655 0.0000e+00
 151.357610      6.024    15.5809  37.694313    29.8374      5.970  253.56502  253.84218    -2.1677     2.4412 0.0000e+00
 151.357613      6.066    15.5803  37.695054    29.8381      6.012  253.56652  253.84365    -2.2222     2.4311 0.0000e+00
 151.357616      6.097    15.5798  37.695671    29.8389      6.043  253.56802  253.84511    -2.2922     2.4210 -9.990e-29
 151.357619      6.105    15.5763  37.699250    29.8451      6.050  253.57455  253.85142    -2.3234     2.7162 -9.990e-29
 151.357622      6.097    15.5752  37.696536    29.8436      6.043  253.58280  253.85963    -2.3856     2.7566 -9.990e-29
 151.357624      6.075    15.5748  37.695548    29.8430      6.021  253.58576  253.86258    -2.1833     2.6960 -9.990e-29
 151.357627      6.043    15.5757  37.688329    29.8360      5.989  253.59355  253.87046    -2.0432     2.4898 -9.990e-29
 151.357630      6.002    15.5802  37.683270    29.8282      5.949  253.58453  253.86172    -2.2144     2.5181 -9.990e-29
 151.357633      5.966    15.5861  37.674447    29.8160      5.913  253.57567  253.85325    -2.2767     2.5181 -9.990e-29
 151.357636      5.940    15.5915  37.667600    29.8059      5.887  253.56615  253.84406    -2.2455     2.5342 -9.990e-29
 151.357639      5.939    15.5967  37.676543    29.8098      5.885  253.53281  253.81094    -2.2611     2.5342 -9.990e-29
 151.357642      5.960    15.5977  37.667167    29.8008      5.907  253.54361  253.82187    -2.5257     3.0357 -9.990e-29
 151.357645      6.010    15.6064  37.661492    29.7868      5.956  253.52388  253.80266    -2.4479     3.0478 -9.990e-29
 151.357648      6.079    15.6092  37.658778    29.7854      6.025  253.51196  253.79089    -2.4323     3.0357 0.0000e+00
 151.357650      6.163    15.6120  37.660566    29.7841      6.108  253.50004  253.77912    -2.4323     3.0235 0.0000e+00
 151.357653      6.254    15.6161  37.654769    29.7759      6.198  253.49366  253.77300    -2.4167     2.8577 0.0000e+00
 151.357656      6.349    15.6212  37.649218    29.7672      6.292  253.48338  253.76303    -2.4323     2.8335 0.0000e+00
 151.357659      6.427    15.6267  37.648601    29.7625      6.370  253.46378  253.74374    -2.3701     2.8254 0.0000e+00
 151.357662      6.491    15.6314  37.646936    29.7574      6.433  253.44872  253.72894    -2.3545     2.8092 0.0000e+00
 151.357665      6.548    15.6328  37.646627    29.7563      6.489  253.44383  253.72413    -2.3233     2.7789 0.0000e+00
 151.357668      6.586    15.6341  37.647367    29.7551      6.527  253.43893  253.71931    -2.3545     2.7324 -9.990e-29
 151.357671      6.601    15.6361  37.642002    29.7495      6.542  253.43867  253.71918    -2.4167     2.7283 -9.990e-29
 151.357674      6.595    15.6381  37.644592    29.7503      6.536  253.42707  253.70767    -2.4167     2.7041 -9.990e-29
 151.357677      6.582    15.6398  37.646812    29.7510      6.523  253.41750  253.69818    -1.9498     3.1044 -9.990e-29
 151.357679      6.562    15.6398  37.649032    29.7529      6.504  253.41411  253.69477    -1.9498     3.1044 -9.990e-29
 151.357682      6.540    15.6385  37.651683    29.7563      6.482  253.41505  253.69563    -2.0121     3.0680 -9.990e-29
 151.357685      6.524    15.6364  37.653225    29.7592      6.465  253.42033  253.70079    -1.9187     3.1044 -9.990e-29
 151.357688      6.515    15.6340  37.659393    29.7664      6.456  253.42004  253.70032    -1.8409     3.0963 -9.990e-29
 151.357691      6.516    15.6296  37.668707    29.7779      6.458  253.42230  253.70228    -2.3078     2.6353 -9.990e-29
 151.357694      6.533    15.6223  37.674938    29.7889      6.475  253.43984  253.71939    -2.1833     2.6677 -9.990e-29
 151.357697      6.557    15.6047  37.680615    29.8072      6.498  253.49693  253.77548    -2.3701     2.6273 -9.990e-29
 151.357700      6.597    15.6022  37.680678    29.8107      6.538  253.50351  253.78192    -1.8798     2.9528 0.0000e+00
 151.357703      6.651    15.5997  37.684380    29.8142      6.592  253.51010  253.78835    -1.4829     3.2783 0.0000e+00
 151.357705      6.708    15.5943  37.691106    29.8242      6.648  253.52013  253.79804    -1.4518     3.2783 0.0000e+00
 151.357708      6.772    15.5887  37.694994    29.8318      6.711  253.53507  253.81265    -1.4829     3.2702 0.0000e+00
 151.357711      6.821    15.5815  37.703880    29.8451      6.760  253.54853  253.82566    -1.4518     3.2702 0.0000e+00
 151.357714      6.863    15.5737  37.700734    29.8481      6.802  253.58242  253.85914    -1.3739     3.0478 0.0000e+00
 151.357717      6.903    15.5697  37.701537    29.8519      6.841  253.59222  253.86856    -1.3739     3.0074 0.0000e+00
 151.357720      6.932    15.5687  37.709127    29.8560      6.870  253.59420  253.87062    -1.3272     3.0054 0.0000e+00
 151.357723      6.960    15.5677  37.711350    29.8601      6.897  253.59222  253.86856    -1.3739     3.0033 -9.990e-29
 151.357726      6.982    15.5570  37.715670    29.8739      6.919  253.62214  253.89785    -0.9693     2.6798 -9.990e-29
 151.357729      7.000    15.5518  37.717769    29.8797      6.937  253.63830  253.91371    -0.9537     2.6879 -9.990e-29
 151.357731      7.013    15.5473  37.723571    29.8882      6.950  253.64643  253.92156    -1.0627     2.7445 -9.990e-29
 151.357734      7.018    15.5401  37.730176    29.8995      6.955  253.66330  253.93799    -0.7825     2.7364 -9.990e-29
 151.357737      7.033    15.5312  37.733264    29.9089      6.970  253.69171  253.96589    -1.0004     2.7041 -9.990e-29
 151.357740      7.055    15.5106  37.742771    29.9385      6.992  253.74459  254.01752    -1.0471     2.8537 -9.990e-29
 151.357743      7.089    15.5053  37.749070    29.9422      7.026  253.76509  254.03773    -0.9849     2.8436 0.0000e+00
 151.357746      7.128    15.5000  37.748330    29.9459      7.064  253.78558  254.05794    -0.9226     2.8497 0.0000e+00
 151.357749      7.175    15.4922  37.750245    29.9535      7.111  253.81167  254.08358    -0.9070     2.8497 0.0000e+00
 151.357752      7.223    15.4876  37.758519    29.9643      7.158  253.81628  254.08788    -0.6269     3.1084 0.0000e+00
 151.357755      7.268    15.4843  37.763151    29.9689      7.203  253.82518  254.09658    -0.5335     3.1124 0.0000e+00
 151.357758      7.305    15.4810  37.765066    29.9734      7.239  253.83408  254.10528    -0.6269     3.1084 -9.990e-29
 151.357760      7.328    15.4667  37.768216    29.9887      7.263  253.87961  254.14999    -0.7202     3.0761 -9.990e-29
 151.357763      7.345    15.4614  37.769019    29.9934      7.279  253.89828  254.16837    -0.2689     2.8416 -9.990e-29
 151.357766      7.341    15.4566  37.770008    29.9979      7.276  253.91461  254.18442    -0.3467     2.8416 -9.990e-29
 151.357769      7.327    15.4515  37.775504    30.0067      7.261  253.92546  254.19495    -0.1288     2.8416 -9.990e-29
 151.357772      7.305    15.4450  37.778902    30.0147      7.239  253.94451  254.21361    -0.3311     2.8537 -9.990e-29
 151.357775      7.290    15.4376  37.777976    30.0194      7.225  253.97342  254.24212    -0.4401     2.9063 -9.990e-29
 151.357778      7.283    15.4292  37.783906    30.0311      7.218  253.99587  254.26407    -0.4245     2.8739 -9.990e-29
 151.357781      7.301    15.4147  37.785513    30.0401      7.236  254.05390  254.32130    -0.4090     2.9224 -9.990e-29
 151.357784      7.343    15.4126  37.781561    30.0433      7.277  254.05896  254.32623    -0.4401     2.9326 0.0000e+00
 151.357786      7.405    15.4106  37.785082    30.0464      7.339  254.06401  254.33116    -0.4090     2.9427 0.0000e+00
