seaocn-cb/data/ctd_cnv/SBE19plus_01907321_2024_05_23_Cast26.cnv
* Sea-Bird SBE19plus  Data File:
* FileName = E:\Prandtl_Daten\2024\CTD\raw\SBE19plus_01907321_2024_05_23_Cast26.hex
* Software version 2.6.1.12
* Temperature SN = 7321
* Conductivity SN = 7321
* System UpLoad Time = May 23 2024 09:30:03
* <ApplicationData>
* <Seaterm232>
** 20240522
** Sea Practical 2024
** MCat 23.05 CTD_NP6
** NMEA Latitude = 054 11.83N
** NMEA Longitude = 008 24.58E
** waterdepth = 12.6m
** Andreas
# nquan = 11
# nvalues = 411                         
# units = specified
# name 0 = timeJ: Julian Days
# name 1 = prdM: Pressure, Strain Gauge [db]
# name 2 = tv290C: Temperature [ITS-90, deg C]
# name 3 = c0mS/cm: Conductivity [mS/cm]
# name 4 = sal00: Salinity, Practical [PSU]
# name 5 = depSM: Depth [salt water, m], lat = 54.00
# name 6 = oxsatMm/Kg: Oxygen Saturation, Weiss [umol/kg]
# name 7 = oxsolMm/Kg: Oxygen Saturation, Garcia & Gordon [umol/kg]
# name 8 = turbWETntu0: Turbidity, WET Labs ECO [NTU]
# name 9 = flECO-AFL: Fluorescence, WET Labs ECO-AFL/FL [mg/m^3]
# name 10 = flag:  0.000e+00
# span 0 = 144.392095, 144.393281       
# span 1 =      0.531,     11.288       
# span 2 =    14.1164,    14.6729       
# span 3 =  36.571363,  36.793100       
# span 4 =    29.5392,    30.1533       
# span 5 =      0.526,     11.187       
# span 6 =  258.74934,  260.60642       
# span 7 =  258.98268,  260.80437       
# span 8 =    -4.8136,    -0.3467       
# span 9 =     2.4898,     7.9891       
# span 10 = 0.0000e+00, 0.0000e+00      
# interval = seconds: 0.25
# start_time = May 23 2024 09:23:18 [Instrument's time stamp, header]
# bad_flag = -9.990e-29
*END*
[from data line 263]
 144.392856      7.737    14.4398  36.659767    29.7844      7.668  259.55206  259.77097    -3.8487     6.2099 0.0000e+00
 144.392859      7.768    14.4344  36.664649    29.7929      7.698  259.56512  259.78367    -3.8487     6.2099 0.0000e+00
 144.392862      7.797    14.4312  36.671178    29.7983      7.727  259.57238  259.79071    -3.8331     6.2058 0.0000e+00
 144.392865      7.823    14.4280  36.671546    29.8037      7.753  259.57964  259.79774    -3.8175     6.2301 -9.990e-29
 144.392867      7.844    14.4113  36.675635    29.8205      7.774  259.63760  259.85465    -3.7086     6.2342 -9.990e-29
 144.392870      7.868    14.4053  36.674537    29.8242      7.798  259.66296  259.87966    -3.8642     6.2261 -9.990e-29
 144.392873      7.890    14.4008  36.673379    29.8251      7.820  259.68493  259.90138    -3.5841     6.7720 -9.990e-29
 144.392876      7.916    14.4008  36.671731    29.8251      7.845  259.68493  259.90138    -3.5841     6.7720 0.0000e+00
 144.392879      7.945    14.4008  36.676308    29.8251      7.874  259.68493  259.90138    -3.5841     6.7720 -9.990e-29
 144.392882      7.970    14.3962  36.677895    29.8341      7.899  259.69295  259.90907    -3.7397     6.7113 -9.990e-29
 144.392885      7.996    14.3936  36.680947    29.8389      7.924  259.69833  259.91427    -3.9420     6.7356 -9.990e-29
 144.392888      8.014    14.3912  36.680337    29.8402      7.942  259.70846  259.92427    -3.2105     6.8569 -9.990e-29
 144.392891      8.036    14.3889  36.679666    29.8414      7.964  259.71870  259.93436    -3.2105     6.8892 -9.990e-29
 144.392894      8.058    14.3863  36.681680    29.8451      7.986  259.72546  259.94096    -3.3817     6.8812 -9.990e-29
 144.392896      8.076    14.3831  36.678995    29.8517      8.004  259.73084  259.94609    -3.2105     6.8569 -9.990e-29
 144.392899      8.102    14.3825  36.686196    29.8514      8.029  259.73469  259.94991    -3.0315     6.6830 0.0000e+00
 144.392902      8.131    14.3819  36.684366    29.8517      8.058  259.73853  259.95373    -3.0082     6.5091 0.0000e+00
 144.392905      8.156    14.3807  36.685892    29.8526      8.083  259.74172  259.95685    -2.9303     6.4950 0.0000e+00
 144.392908      8.184    14.3796  36.690897    29.8541      8.111  259.74491  259.95996    -3.0082     6.4808 -9.990e-29
 144.392911      8.207    14.3615  36.687541    29.8786      8.134  259.79662  260.01047    -3.3817     6.9661 -9.990e-29
 144.392914      8.237    14.3581  36.697612    29.8833      8.163  259.80636  260.01998    -3.3039     6.9802 0.0000e+00
 144.392917      8.269    14.3547  36.702130    29.8880      8.195  259.81609  260.02949    -3.2261     6.9944 0.0000e+00
 144.392920      8.299    14.3482  36.699628    29.8907      8.224  259.84548  260.05851    -3.2261     7.0308 0.0000e+00
 144.392922      8.326    14.3431  36.701216    29.8961      8.251  259.86293  260.07563    -3.2261     7.0308 0.0000e+00
 144.392925      8.363    14.3401  36.703841    29.9008      8.288  259.87047  260.08296    -3.3817     6.7194 0.0000e+00
 144.392928      8.401    14.3379  36.702987    29.9008      8.325  259.88041  260.09278    -3.2261     6.7032 0.0000e+00
 144.392931      8.441    14.3358  36.699875    29.9017      8.365  259.89373  260.10600    -3.3506     6.7032 0.0000e+00
 144.392934      8.477    14.3352  36.701096    29.9008      8.401  259.89413  260.10634    -3.3506     6.6709 0.0000e+00
 144.392937      8.518    14.3347  36.699387    29.9020      8.441  259.89413  260.10634    -3.4751     6.5981 0.0000e+00
 144.392940      8.547    14.3347  36.705918    29.9038      8.470  259.89340  260.10558    -3.4907     6.5940 0.0000e+00
 144.392943      8.576    14.3347  36.705003    29.9067      8.499  259.88810  260.10025    -3.4751     6.5900 -9.990e-29
 144.392946      8.598    14.3339  36.704514    29.9061      8.521  259.89365  260.10576    -3.6619     6.5819 -9.990e-29
 144.392948      8.612    14.3326  36.705674    29.9081      8.535  259.89678  260.10880    -3.6152     6.5900 -9.990e-29
 144.392951      8.629    14.3308  36.706834    29.9105      8.552  259.90196  260.11387    -3.7864     7.6737 -9.990e-29
 144.392954      8.647    14.3274  36.708544    29.9147      8.570  259.91243  260.12412    -3.6774     7.6454 -9.990e-29
 144.392957      8.662    14.3247  36.706835    29.9152      8.584  259.92581  260.13734    -3.4440     7.5969 -9.990e-29
 144.392960      8.674    14.3218  36.709277    29.9197      8.597  259.93332  260.14465    -3.4751     7.6980 -9.990e-29
 144.392963      8.683    14.3200  36.709033    29.9208      8.606  259.94049  260.15172    -2.9304     7.2168 -9.990e-29
 144.392966      8.696    14.3194  36.706409    29.9189      8.619  259.94712  260.15833    -2.8214     7.2006 -9.990e-29
 144.392969      8.705    14.3191  36.703906    29.9169      8.628  259.95266  260.16387    -2.8059     7.1440 -9.990e-29
 144.392972      8.727    14.3231  36.704333    29.9113      8.649  259.94167  260.15314    -3.5685     6.8488 -9.990e-29
 144.392975      8.753    14.3244  36.701098    29.9102      8.675  259.93634  260.14790    -3.5140     6.8366 0.0000e+00
 144.392977      8.789    14.3258  36.700976    29.9090      8.711  259.93101  260.14265    -3.5685     6.8245 0.0000e+00
 144.392980      8.844    14.3298  36.698046    29.9038      8.765  259.92021  260.13212    -3.5841     6.8043 0.0000e+00
 144.392983      8.908    14.3322  36.701280    29.9033      8.828  259.91226  260.12433    -3.5841     6.7882 0.0000e+00
 144.392986      8.968    14.3322  36.697191    29.9038      8.888  259.90322  260.11530    -3.5841     6.3717 0.0000e+00
 144.392989      9.019    14.3321  36.703661    29.9066      8.938  259.90296  260.11496    -3.3662     6.3191 0.0000e+00
 144.392992      9.070    14.3320  36.704821    29.9071      8.989  259.90174  260.11374    -3.4440     6.3454 0.0000e+00
 144.392995      9.105    14.3321  36.701953    29.9076      9.023  259.90051  260.11252    -3.3039     6.3191 -9.990e-29
 144.392998      9.123    14.3276  36.706837    29.9129      9.041  259.91493  260.12663    -3.4129     6.3595 -9.990e-29
 144.393001      9.128    14.3224  36.706837    29.9169      9.047  259.93523  260.14662    -3.1483     6.9539 -9.990e-29
 144.393003      9.125    14.3158  36.709402    29.9243      9.043  259.95665  260.16761    -3.3195     6.9337 -9.990e-29
 144.393006      9.130    14.3099  36.714469    29.9334      9.048  259.97164  260.18220    -3.2728     6.9620 -9.990e-29
 144.393009      9.141    14.3044  36.716484    29.9395      9.059  259.98984  260.20004    -3.1483     6.9297 -9.990e-29
 144.393012      9.159    14.2918  36.723872    29.9584      9.077  260.02286  260.23221    -2.9148     6.5455 -9.990e-29
 144.393015      9.189    14.2886  36.726560    29.9596      9.106  260.03740  260.24657    -2.9459     6.5637 0.0000e+00
 144.393018      9.223    14.2854  36.723874    29.9608      9.141  260.05194  260.26093    -2.9148     6.5819 0.0000e+00
 144.393021      9.254    14.2834  36.724546    29.9627      9.172  260.05919  260.26806    -2.8915     6.5860 0.0000e+00
 144.393024      9.280    14.2815  36.728943    29.9645      9.197  260.06644  260.27518    -2.8059     6.5900 -9.990e-29
 144.393027      9.303    14.2730  36.729920    29.9760      9.220  260.09093  260.29910    -3.2728     7.2087 -9.990e-29
 144.393030      9.327    14.2706  36.733951    29.9814      9.244  260.09348  260.30148    -3.3662     7.2896 -9.990e-29
 144.393032      9.344    14.2675  36.735783    29.9855      9.260  260.10285  260.31063    -3.2105     7.2370 -9.990e-29
 144.393035      9.360    14.2636  36.737554    29.9901      9.276  260.11525  260.32278    -3.1016     7.1763 -9.990e-29
 144.393038      9.378    14.2597  36.735784    29.9916      9.294  260.13342  260.34072    -3.0393     7.2127 -9.990e-29
 144.393041      9.397    14.2543  36.735113    29.9931      9.313  260.15889  260.36588    -3.0860     7.2047 -9.990e-29
 144.393044      9.424    14.2534  36.732976    29.9960      9.340  260.15878  260.36569    -3.0316     7.1905 0.0000e+00
 144.393047      9.453    14.2524  36.737800    29.9990      9.369  260.15889  260.36588    -2.9771     7.2047 0.0000e+00
 144.393050      9.495    14.2513  36.737373    29.9993      9.410  260.16351  260.37028    -2.9771     7.2977 0.0000e+00
 144.393053      9.539    14.2513  36.737312    29.9993      9.454  260.16364  260.37041    -2.9304     7.3017 0.0000e+00
 144.393056      9.587    14.2514  36.735786    29.9979      9.501  260.16434  260.37117    -2.9459     7.3057 0.0000e+00
 144.393058      9.628    14.2520  36.735297    29.9970      9.542  260.16434  260.37117    -2.9459     7.3017 0.0000e+00
 144.393061      9.667    14.2533  36.734259    29.9950      9.580  260.16106  260.36798    -3.0704     6.7760 0.0000e+00
 144.393064      9.705    14.2539  36.733771    29.9941      9.618  260.15953  260.36649    -3.0860     6.7760 0.0000e+00
 144.393067      9.742    14.2551  36.734626    29.9939      9.654  260.15346  260.36049    -3.2105     6.7962 0.0000e+00
 144.393070      9.780    14.2562  36.733954    29.9924      9.692  260.15346  260.36049    -3.2416     6.8326 0.0000e+00
 144.393073      9.817    14.2569  36.728703    29.9899      9.729  260.15018  260.35728    -3.3817     7.3462 0.0000e+00
 144.393076      9.846    14.2574  36.732611    29.9885      9.757  260.15103  260.35824    -3.3817     7.3684 0.0000e+00
 144.393079      9.877    14.2579  36.729497    29.9899      9.788  260.14595  260.35316    -3.3817     7.3462 -9.990e-29
 144.393082      9.897    14.2594  36.729558    29.9859      9.808  260.14508  260.35242    -3.3195     7.3421 -9.990e-29
 144.393084      9.909    14.2595  36.729253    29.9856      9.821  260.14500  260.35235    -2.6658     6.6668 -9.990e-29
 144.393087      9.915    14.2597  36.728154    29.9844      9.826  260.14621  260.35357    -2.5257     6.7073 -9.990e-29
 144.393090      9.922    14.2600  36.730657    29.9865      9.833  260.14096  260.34832    -2.7125     6.7113 -9.990e-29
 144.393093      9.924    14.2594  36.732611    29.9886      9.835  260.13983  260.34714    -2.6191     6.6911 -9.990e-29
 144.393096      9.926    14.2585  36.733771    29.9905      9.837  260.14176  260.34900    -2.6191     6.7073 -9.990e-29
 144.393099      9.933    14.2567  36.734626    29.9926      9.844  260.14712  260.35425    -2.6969     6.5698 -9.990e-29
 144.393102      9.944    14.2548  36.735970    29.9953      9.855  260.15258  260.35957    -2.6502     6.5536 -9.990e-29
 144.393105      9.970    14.2532  36.737130    29.9976      9.880  260.15687  260.36376    -2.6502     6.4849 -9.990e-29
 144.393108      9.993    14.2470  36.737375    30.0076      9.904  260.17192  260.37838    -2.4790     7.3987 -9.990e-29
 144.393111     10.028    14.2447  36.742871    30.0102      9.938  260.17949  260.38580    -2.6113     7.4108 0.0000e+00
 144.393113     10.066    14.2423  36.744765    30.0129      9.976  260.18706  260.39322    -2.7125     7.4068 0.0000e+00
 144.393116     10.104    14.2369  36.745437    30.0178     10.014  260.20742  260.41323    -2.7125     7.4149 0.0000e+00
 144.393119     10.143    14.2317  36.746049    30.0223     10.052  260.22670  260.43219    -2.5101     7.4068 0.0000e+00
 144.393122     10.187    14.2299  36.747881    30.0254     10.095  260.23078  260.43615    -2.5101     6.8852 0.0000e+00
 144.393125     10.228    14.2272  36.753317    30.0324     10.137  260.23250  260.43765    -2.5101     6.8690 0.0000e+00
 144.393128     10.278    14.2221  36.754173    30.0371     10.186  260.25110  260.45592    -2.5413     6.8852 0.0000e+00
 144.393131     10.323    14.2169  36.757044    30.0437     10.231  260.26669  260.47117    -2.7125     6.9297 0.0000e+00
 144.393134     10.371    14.2107  36.756434    30.0479     10.278  260.29178  260.49588    -2.7125     7.0672 0.0000e+00
 144.393137     10.407    14.2084  36.758023    30.0504     10.314  260.29944  260.50340    -2.6425     7.0915 0.0000e+00
 144.393139     10.445    14.2062  36.760222    30.0529     10.352  260.30710  260.51091    -2.4790     7.1157 -9.990e-29
 144.393142     10.469    14.2007  36.760039    30.0590     10.376  260.32526  260.52872    -2.8059     7.0955 -9.990e-29
 144.393145     10.491    14.1987  36.758940    30.0595     10.397  260.33500  260.53833    -2.4790     7.0469 -9.990e-29
 144.393148     10.508    14.1962  36.759613    30.0621     10.414  260.34359  260.54677    -2.4946     7.3421 -9.990e-29
 144.393151     10.520    14.1945  36.760285    30.0640     10.426  260.34924  260.55231    -2.6191     7.3583 -9.990e-29
 144.393154     10.531    14.1938  36.761628    30.0658     10.437  260.34969  260.55271    -2.6191     7.3947 -9.990e-29
 144.393157     10.546    14.1945  36.760651    30.0643     10.452  260.34866  260.55172    -2.5880     7.4271 -9.990e-29
 144.393160     10.557    14.1945  36.758025    30.0620     10.462  260.35296  260.55605    -2.8059     6.6911 -9.990e-29
 144.393163     10.570    14.1943  36.757597    30.0617     10.475  260.35455  260.55763    -2.6813     6.6547 -9.990e-29
 144.393166     10.586    14.1936  36.760285    30.0647     10.491  260.35281  260.55582    -2.5880     6.6668 -9.990e-29
 144.393168     10.608    14.1934  36.760896    30.0654     10.513  260.35270  260.55569    -2.5724     6.7275 -9.990e-29
 144.393171     10.624    14.1933  36.760713    30.0653     10.529  260.35331  260.55629    -1.8720     7.0753 -9.990e-29
 144.393174     10.641    14.1933  36.761140    30.0657     10.545  260.35262  260.55560    -1.9187     7.0550 -9.990e-29
 144.393177     10.664    14.1934  36.758942    30.0636     10.569  260.35593  260.55894    -1.9654     7.0348 -9.990e-29
 144.393180     10.686    14.1924  36.761812    30.0689     10.591  260.35169  260.55460    -1.7008     6.7032 -9.990e-29
 144.393183     10.717    14.1915  36.763889    30.0705     10.621  260.35362  260.55646    -1.6307     6.6628 0.0000e+00
 144.393186     10.754    14.1905  36.766027    30.0722     10.657  260.35555  260.55832    -1.6230     6.6668 0.0000e+00
 144.393189     10.797    14.1863  36.771037    30.0801     10.701  260.36380  260.56628    -1.6230     6.6668 0.0000e+00
 144.393192     10.836    14.1802  36.773726    30.0873     10.739  260.38348  260.58554    -1.6385     6.6668 0.0000e+00
 144.393194     10.876    14.1736  36.771833    30.0907     10.778  260.41240  260.61407    -1.6385     6.6588 0.0000e+00
 144.393197     10.916    14.1690  36.775132    30.0972     10.818  260.42491  260.62627    -1.5140     6.6588 0.0000e+00
 144.393200     10.956    14.1658  36.778676    30.1029     10.858  260.43174  260.63287    -1.3739     6.6952 0.0000e+00
 144.393203     10.993    14.1611  36.778493    30.1064     10.894  260.45053  260.65137    -1.3428     6.6952 0.0000e+00
 144.393206     11.034    14.1570  36.782282    30.1131     10.936  260.46047  260.66102    -1.2650     6.6952 0.0000e+00
 144.393209     11.069    14.1522  36.784298    30.1186     10.970  260.47594  260.67618    -1.0938     6.8609 0.0000e+00
 144.393212     11.100    14.1495  36.783444    30.1203     11.001  260.48720  260.68728    -1.0082     6.8893 0.0000e+00
 144.393215     11.128    14.1468  36.786010    30.1220     11.028  260.49846  260.69837    -1.0938     6.8609 -9.990e-29
 144.393218     11.146    14.1367  36.787477    30.1336     11.046  260.53143  260.73067    -1.1405     6.9337 -9.990e-29
 144.393220     11.161    14.1334  36.789738    30.1382     11.061  260.54063  260.73964    -0.3467     7.9325 -9.990e-29
 144.393223     11.173    14.1307  36.790961    30.1414     11.073  260.54917  260.74801    -0.6424     7.9810 -9.990e-29
 144.393226     11.184    14.1279  36.792000    30.1446     11.084  260.55861  260.75726    -0.3778     7.9891 -9.990e-29
 144.393229     11.190    14.1246  36.793100    30.1481     11.089  260.56969  260.76813    -0.4090     7.9891 -9.990e-29
