seaocn-cb/data/ctd_cnv/SBE19plus_01907321_2024_05_26_Cast66.cnv
* Sea-Bird SBE19plus  Data File:
* FileName = E:\Prandtl_Daten\2024\26052024\raw\SBE19plus_01907321_2024_05_26_Cast66.hex
* Software version 2.6.1.12
* Temperature SN = 7321
* Conductivity SN = 7321
* System UpLoad Time = May 26 2024 14:39:10
* <ApplicationData>
* <Seaterm232>
** 20240526
** Sea Practical 2024
** MCat 26.05 CTD_SP1
** NMEA Latitude = 054 07.808N
** NMEA Longitude = 008 46.636E
** waterdepth =15.5 m
** Merle
# nquan = 11
# nvalues = 580                         
# units = specified
# name 0 = timeJ: Julian Days
# name 1 = prdM: Pressure, Strain Gauge [db]
# name 2 = tv290C: Temperature [ITS-90, deg C]
# name 3 = c0mS/cm: Conductivity [mS/cm]
# name 4 = sal00: Salinity, Practical [PSU]
# name 5 = depSM: Depth [salt water, m], lat = 54.00
# name 6 = oxsatMm/Kg: Oxygen Saturation, Weiss [umol/kg]
# name 7 = oxsolMm/Kg: Oxygen Saturation, Garcia & Gordon [umol/kg]
# name 8 = turbWETntu0: Turbidity, WET Labs ECO [NTU]
# name 9 = flECO-AFL: Fluorescence, WET Labs ECO-AFL/FL [mg/m^3]
# name 10 = flag:  0.000e+00
# span 0 = 147.606030, 147.607705       
# span 1 =      0.497,     14.111       
# span 2 =    17.2845,    18.2020       
# span 3 =  36.177226,  36.560634       
# span 4 =    27.0221,    27.3217       
# span 5 =      0.493,     13.984       
# span 6 =  245.54715,  249.44113       
# span 7 =  245.95388,  249.81093       
# span 8 =    -3.1483,     5.1008       
# span 9 =     3.0963,     9.0647       
# span 10 = 0.0000e+00, 0.0000e+00      
# interval = seconds: 0.25
# start_time = May 26 2024 14:31:27 [Instrument's time stamp, header]
# bad_flag = -9.990e-29
*END*
[from data line 263]
 147.606791      7.190    17.6069  36.264113    27.1737      7.126  248.13196  248.51537    -1.8720     4.4145 -9.990e-29
 147.606794      7.223    17.6067  36.263020    27.1722      7.158  248.13519  248.51860    -1.5452     4.4994 0.0000e+00
 147.606797      7.268    17.6066  36.259072    27.1731      7.203  248.13842  248.52183    -1.3117     4.5844 0.0000e+00
 147.606800      7.312    17.6044  36.260348    27.1731      7.247  248.14502  248.52833    -1.2183     4.5844 0.0000e+00
 147.606803      7.356    17.6011  36.261017    27.1759      7.290  248.15619  248.53936    -1.1405     4.5601 0.0000e+00
 147.606806      7.400    17.5977  36.263447    27.1798      7.334  248.16552  248.54853    -1.1405     4.5520 0.0000e+00
 147.606808      7.427    17.5953  36.259256    27.1800      7.361  248.17712  248.56004    -1.4596     4.3640 0.0000e+00
 147.606811      7.454    17.5929  36.261504    27.1798      7.388  248.18872  248.57155    -1.7786     4.1679 -9.990e-29
 147.606814      7.467    17.5829  36.258589    27.1859      7.400  248.22652  248.60892    -1.6385     4.1719 -9.990e-29
 147.606817      7.473    17.5758  36.256647    27.1891      7.406  248.25555  248.63766    -1.6230     4.1962 -9.990e-29
 147.606820      7.476    17.5700  36.257133    27.1933      7.409  248.27623  248.65809    -2.0276     4.2609 -9.990e-29
 147.606823      7.476    17.5661  36.257073    27.1959      7.409  248.29087  248.67256    -1.8409     4.2204 -9.990e-29
 147.606826      7.482    17.5640  36.255980    27.1964      7.415  248.30014  248.68174    -1.9343     4.2447 -9.990e-29
 147.606829      7.504    17.5633  36.258835    27.2003      7.436  248.29679  248.67834    -1.5452     4.2407 -9.990e-29
 147.606832      7.536    17.5643  36.260171    27.2002      7.469  248.29203  248.67361    -1.3662     4.3903 0.0000e+00
 147.606834      7.582    17.5653  36.261690    27.2002      7.514  248.28726  248.66889    -1.2339     4.5278 0.0000e+00
 147.606837      7.628    17.5677  36.257741    27.1954      7.559  248.28413  248.66588    -1.2183     4.5278 0.0000e+00
 147.606840      7.671    17.5677  36.257742    27.1952      7.603  248.28413  248.66588    -1.2183     4.5237 0.0000e+00
 147.606843      7.701    17.5668  36.255312    27.1949      7.632  248.28895  248.67067    -1.1639     4.5076 0.0000e+00
 147.606846      7.737    17.5658  36.258593    27.1946      7.668  248.29437  248.67605    -1.1094     4.5237 -9.990e-29
 147.606849      7.753    17.5619  36.256163    27.1979      7.684  248.30776  248.68927    -1.4518     4.2932 -9.990e-29
 147.606852      7.770    17.5619  36.253552    27.1957      7.700  248.31141  248.69294    -1.4206     4.3175 -9.990e-29
 147.606855      7.781    17.5605  36.256832    27.1993      7.711  248.31179  248.69324    -1.4051     4.3175 -9.990e-29
 147.606858      7.788    17.5588  36.257318    27.2009      7.719  248.31762  248.69899    -2.0121     4.7744 -9.990e-29
 147.606861      7.796    17.5564  36.252216    27.1982      7.726  248.33341  248.71471    -1.8409     4.7502 -9.990e-29
 147.606863      7.812    17.5528  36.250637    27.2054      7.742  248.33877  248.71988    -1.9187     4.7663 -9.990e-29
 147.606866      7.843    17.5527  36.257926    27.2050      7.773  248.34010  248.72121    -1.4129     4.6753 0.0000e+00
 147.606869      7.887    17.5528  36.256712    27.2045      7.816  248.34063  248.72175    -0.9070     4.5844 0.0000e+00
 147.606872      7.938    17.5529  36.256408    27.2040      7.867  248.34063  248.72175    -0.8759     4.5844 0.0000e+00
 147.606875      7.989    17.5529  36.256165    27.2037      7.917  248.34063  248.72175    -0.8759     4.5682 0.0000e+00
 147.606878      8.035    17.5529  36.255315    27.2035      7.963  248.34159  248.72273    -0.9304     4.5682 0.0000e+00
 147.606881      8.069    17.5527  36.253554    27.2032      7.997  248.34282  248.72395    -0.9848     4.5682 -9.990e-29
 147.606884      8.093    17.5522  36.255012    27.2033      8.020  248.34513  248.72624    -1.1094     4.2528 -9.990e-29
 147.606887      8.109    17.5525  36.256166    27.2040      8.037  248.34229  248.72340    -1.2806     4.2811 -9.990e-29
 147.606889      8.113    17.5532  36.255740    27.2032      8.040  248.34041  248.72155    -1.2494     4.2528 -9.990e-29
 147.606892      8.118    17.5531  36.253554    27.2015      8.046  248.34409  248.72523    -1.1249     4.2366 -9.990e-29
 147.606895      8.116    17.5508  36.252886    27.2025      8.044  248.35338  248.73443    -1.8876     4.3781 -9.990e-29
 147.606898      8.118    17.5480  36.254223    27.2054      8.046  248.36173  248.74265    -1.9498     4.3984 -9.990e-29
 147.606901      8.131    17.5460  36.255012    27.2080      8.058  248.36705  248.74788    -1.9498     4.3741 -9.990e-29
 147.606904      8.156    17.5453  36.255741    27.2078      8.083  248.37060  248.75140    -1.5452     4.3761 0.0000e+00
 147.606907      8.195    17.5447  36.254223    27.2076      8.121  248.37414  248.75492    -1.1405     4.3741 0.0000e+00
 147.606910      8.244    17.5417  36.250883    27.2076      8.170  248.38967  248.77034    -1.1405     4.3781 0.0000e+00
 147.606913      8.288    17.5358  36.249548    27.2097      8.214  248.41353  248.79395    -1.1405     4.3862 0.0000e+00
 147.606916      8.328    17.5316  36.248091    27.2118      8.253  248.42973  248.80997    -1.1172     4.3964 0.0000e+00
 147.606918      8.362    17.5275  36.248457    27.2139      8.288  248.44592  248.82599    -1.1405     4.4065 -9.990e-29
 147.606921      8.382    17.5159  36.248883    27.2224      8.307  248.48785  248.86742    -2.0276     4.4469 -9.990e-29
 147.606924      8.404    17.5135  36.245786    27.2214      8.329  248.50117  248.88065    -1.9498     4.4509 -9.990e-29
 147.606927      8.419    17.5110  36.246697    27.2238      8.344  248.50919  248.88855    -2.0121     4.4307 -9.990e-29
 147.606930      8.428    17.5077  36.243175    27.2231      8.353  248.52619  248.90543    -1.9809     4.4267 -9.990e-29
 147.606933      8.435    17.5047  36.244876    27.2265      8.360  248.53464  248.91374    -1.2027     5.0453 -9.990e-29
 147.606936      8.454    17.5016  36.246273    27.2257      8.378  248.55127  248.93025    -1.2339     5.0292 -9.990e-29
 147.606939      8.481    17.5011  36.241415    27.2281      8.405  248.54958  248.92852    -1.2261     5.0494 0.0000e+00
 147.606942      8.514    17.5006  36.246273    27.2285      8.438  248.55127  248.93025    -1.2339     5.0292 0.0000e+00
 147.606944      8.563    17.4992  36.242933    27.2294      8.486  248.55784  248.93672    -1.5918     4.9402 0.0000e+00
 147.606947      8.612    17.4957  36.241173    27.2294      8.535  248.57333  248.95206    -1.6697     4.9200 0.0000e+00
 147.606950      8.658    17.4934  36.240263    27.2305      8.581  248.58233  248.96096    -1.6541     4.9139 0.0000e+00
 147.606953      8.704    17.4912  36.239838    27.2316      8.626  248.59133  248.96987    -1.7164     4.9079 -9.990e-29
 147.606956      8.727    17.4819  36.238989    27.2368      8.649  248.62749  249.00563    -1.7164     4.7219 -9.990e-29
 147.606959      8.744    17.4783  36.242026    27.2417      8.665  248.63654  249.01452    -1.7319     4.6733 -9.990e-29
 147.606962      8.749    17.4764  36.240082    27.2413      8.671  248.64608  249.02398    -1.5918     4.7097 -9.990e-29
 147.606965      8.753    17.4733  36.239415    27.2428      8.674  248.65846  249.03623    -1.7008     4.7178 -9.990e-29
 147.606968      8.753    17.4709  36.237836    27.2431      8.674  248.66964  249.04731    -1.1872     4.6248 -9.990e-29
 147.606970      8.754    17.4703  36.235650    27.2417      8.676  248.67487  249.05253    -1.2806     4.6086 -9.990e-29
 147.606973      8.765    17.4706  36.242027    27.2469      8.687  248.66501  249.04265    -1.2183     4.6127 -9.990e-29
 147.606976      8.786    17.4716  36.238322    27.2427      8.707  248.66720  249.04490    -1.2494     4.6208 -9.990e-29
 147.606979      8.818    17.4700  36.237836    27.2418      8.739  248.67641  249.05405    -0.9615     4.7845 0.0000e+00
 147.606982      8.859    17.4684  36.233100    27.2427      8.779  248.68562  249.06320    -0.6736     4.9483 0.0000e+00
 147.606985      8.911    17.4627  36.232312    27.2440      8.832  248.70778  249.08513    -0.6113     4.9968 0.0000e+00
 147.606988      8.961    17.4574  36.232798    27.2475      8.880  248.72692  249.10403    -0.6113     4.9968 0.0000e+00
 147.606991      9.001    17.4549  36.228124    27.2478      8.920  248.73965  249.11665    -0.6268     4.9948 0.0000e+00
 147.606994      9.032    17.4523  36.228792    27.2475      8.951  248.75237  249.12928    -0.6424     4.9928 -9.990e-29
 147.606997      9.055    17.4469  36.231646    27.2540      8.974  248.76724  249.14390    -1.2183     4.4550 -9.990e-29
 147.606999      9.072    17.4451  36.230128    27.2539      8.991  248.77619  249.15277    -1.1716     4.4348 -9.990e-29
 147.607002      9.081    17.4423  36.229036    27.2549      9.000  248.78793  249.16440    -1.1405     4.4388 -9.990e-29
 147.607005      9.092    17.4387  36.228368    27.2567      9.011  248.80217  249.17849    -1.0627     5.4942 -9.990e-29
 147.607008      9.107    17.4362  36.228369    27.2584      9.025  248.81145  249.18766    -1.2027     5.5185 -9.990e-29
 147.607011      9.127    17.4336  36.228794    27.2595      9.045  248.82209  249.19819    -1.2183     5.5346 -9.990e-29
 147.607014      9.156    17.4333  36.227640    27.2586      9.074  248.82514  249.20124    -0.9615     5.7065 0.0000e+00
 147.607017      9.192    17.4330  36.224848    27.2590      9.110  248.82819  249.20428    -0.7047     5.8419 0.0000e+00
 147.607020      9.240    17.4303  36.224362    27.2590      9.157  248.83910  249.21507    -0.7047     5.8783 0.0000e+00
 147.607023      9.287    17.4253  36.221084    27.2596      9.204  248.86198  249.23775    -0.7047     5.8864 0.0000e+00
 147.607025      9.327    17.4229  36.223514    27.2622      9.244  248.86925  249.24491    -0.7514     5.9086 0.0000e+00
 147.607028      9.360    17.4205  36.223089    27.2648      9.276  248.87652  249.25206    -0.7981     5.9309 -9.990e-29
 147.607031      9.378    17.4149  36.224061    27.2690      9.294  248.89649  249.27179    -1.1405     4.6046 -9.990e-29
 147.607034      9.389    17.4126  36.221754    27.2687      9.305  248.90839  249.28360    -1.2027     4.6289 -9.990e-29
 147.607037      9.393    17.4101  36.219751    27.2687      9.309  248.92049  249.29560    -1.1872     4.6369 -9.990e-29
 147.607040      9.391    17.4074  36.215562    27.2670      9.307  248.93627  249.31128    -1.1094     4.6329 -9.990e-29
 147.607043      9.397    17.4041  36.220662    27.2734      9.313  248.94116  249.31600    -1.1094     4.6976 -9.990e-29
 147.607046      9.408    17.4024  36.221938    27.2756      9.323  248.94586  249.32062    -1.1094     4.7178 -9.990e-29
 147.607049      9.424    17.3989  36.219206    27.2744      9.340  248.96445  249.33908    -1.1560     4.6855 -9.990e-29
 147.607052      9.451    17.3978  36.217749    27.2744      9.367  248.96972  249.34430    -1.1793     4.7441 0.0000e+00
 147.607054      9.490    17.3968  36.215989    27.2744      9.405  248.97498  249.34953    -1.2027     4.8027 0.0000e+00
 147.607057      9.535    17.3948  36.215564    27.2754      9.450  248.98244  249.35686    -1.2027     4.8068 0.0000e+00
 147.607060      9.579    17.3941  36.217750    27.2776      9.493  248.98244  249.35686    -1.1716     4.8068 0.0000e+00
 147.607063      9.626    17.3940  36.219086    27.2783      9.540  248.98213  249.35654    -1.1716     4.8048 0.0000e+00
 147.607066      9.661    17.3938  36.218357    27.2790      9.575  248.98182  249.35622    -1.1716     4.7946 -9.990e-29
 147.607069      9.685    17.3955  36.217082    27.2761      9.598  248.97818  249.35267    -1.2650     4.6895 -9.990e-29
 147.607072      9.701    17.3967  36.218661    27.2766      9.614  248.97164  249.34617    -1.1405     4.6814 -9.990e-29
 147.607075      9.714    17.3979  36.216232    27.2738      9.627  248.97043  249.34502    -1.1405     4.7097 -9.990e-29
 147.607078      9.727    17.3989  36.217082    27.2738      9.640  248.96553  249.34016    -1.3117     4.6814 -9.990e-29
 147.607080      9.739    17.4002  36.213803    27.2702      9.652  248.96551  249.34022    -0.6269     5.2233 -9.990e-29
 147.607083      9.760    17.3993  36.216475    27.2735      9.672  248.96432  249.33897    -0.6736     5.2435 -9.990e-29
 147.607086      9.790    17.3989  36.217082    27.2735      9.703  248.96599  249.34063    -0.6891     5.2334 0.0000e+00
 147.607089      9.821    17.3986  36.216475    27.2735      9.734  248.96766  249.34229    -0.7047     5.2435 0.0000e+00
 147.607092      9.862    17.3974  36.210951    27.2735      9.773  248.98010  249.35469    -0.7047     5.2516 0.0000e+00
 147.607095      9.907    17.3939  36.213380    27.2741      9.818  248.98969  249.36412    -0.7047     5.2556 0.0000e+00
 147.607098      9.949    17.3889  36.213563    27.2775      9.860  249.00769  249.38190    -0.7514     5.2516 0.0000e+00
 147.607101      9.984    17.3864  36.212653    27.2788      9.894  249.01777  249.39187    -0.7748     5.2516 0.0000e+00
 147.607104     10.009    17.3838  36.214050    27.2802      9.920  249.02784  249.40184    -0.7981     5.2314 -9.990e-29
 147.607106     10.020    17.3775  36.214475    27.2859      9.931  249.04878  249.42250    -0.4401     5.1060 -9.990e-29
 147.607109     10.022    17.3763  36.209375    27.2825      9.932  249.06029  249.43398    -0.4557     5.1303 -9.990e-29
 147.607112     10.022    17.3738  36.211622    27.2860      9.932  249.06640  249.43997    -0.3467     5.1141 -9.990e-29
 147.607115     10.024    17.3698  36.208223    27.2859      9.934  249.08603  249.45943    -0.3778     5.1909 -9.990e-29
 147.607118     10.035    17.3652  36.205431    27.2867      9.945  249.10727  249.48049    -0.4712     5.1828 -9.990e-29
 147.607121     10.049    17.3566  36.207192    27.2931      9.959  249.13793  249.51076    -0.4401     5.1828 -9.990e-29
 147.607124     10.075    17.3546  36.206282    27.2937      9.985  249.14612  249.51887    -0.4790     5.1727 0.0000e+00
 147.607127     10.109    17.3527  36.204765    27.2944     10.019  249.15430  249.52697    -0.4401     5.1828 0.0000e+00
 147.607130     10.153    17.3487  36.203005    27.2956     10.062  249.17163  249.54414    -0.1755     5.5670 0.0000e+00
 147.607133     10.202    17.3446  36.200031    27.2959     10.111  249.19100  249.56334    -0.1599     5.5791 0.0000e+00
 147.607135     10.248    17.3406  36.199668    27.2983     10.156  249.20667  249.57884    -0.1755     5.5791 0.0000e+00
 147.607138     10.290    17.3388  36.199486    27.2995     10.198  249.21346  249.58554    -0.1755     5.5852 0.0000e+00
 147.607141     10.325    17.3370  36.199244    27.3006     10.232  249.22024  249.59224    -0.1911     5.5791 -9.990e-29
 147.607144     10.346    17.3328  36.200155    27.3039     10.254  249.23477  249.60659    -0.4090     4.8876 -9.990e-29
 147.607147     10.361    17.3331  36.192203    27.2971     10.268  249.24508  249.61694    -0.4090     4.9402 -9.990e-29
 147.607150     10.370    17.3313  36.195420    27.3009     10.277  249.24703  249.61880    -0.4401     4.8876 -9.990e-29
 147.607153     10.376    17.3282  36.197242    27.3045     10.283  249.25589  249.62752    -0.7202     5.0939 -9.990e-29
 147.607156     10.390    17.3264  36.196574    27.3052     10.297  249.26364  249.63519    -0.6736     5.1060 -9.990e-29
 147.607159     10.412    17.3245  36.196817    27.3058     10.319  249.27197  249.64344    -0.6424     5.0898 -9.990e-29
 147.607161     10.441    17.3237  36.195725    27.3070     10.348  249.27384  249.64528    -0.7980     5.1788 0.0000e+00
 147.607164     10.472    17.3229  36.197243    27.3073     10.378  249.27571  249.64711    -0.9537     5.2273 0.0000e+00
