seaocn-cb/data/ctd_cnv/SBE19plus_01907321_2024_05_24_Cast45.cnv
* Sea-Bird SBE19plus  Data File:
* FileName = E:\Prandtl_Daten\2024\CTD\raw\SBE19plus_01907321_2024_05_24_Cast45.hex
* Software version 2.6.1.12
* Temperature SN = 7321
* Conductivity SN = 7321
* System UpLoad Time = May 24 2024 12:58:38
* <ApplicationData>
* <Seaterm232>
** 20240524
** Sea Practical 2024
** MCat 24.05 CTD_SP1
** NMEA Latitude = 054 07.817N
** NMEA Longitude = 008 46.533E
** waterdepth = 14.3m
** Merle
# nquan = 11
# nvalues = 503                         
# units = specified
# name 0 = timeJ: Julian Days
# name 1 = prdM: Pressure, Strain Gauge [db]
# name 2 = tv290C: Temperature [ITS-90, deg C]
# name 3 = c0mS/cm: Conductivity [mS/cm]
# name 4 = sal00: Salinity, Practical [PSU]
# name 5 = depSM: Depth [salt water, m], lat = 54.00
# name 6 = oxsatMm/Kg: Oxygen Saturation, Weiss [umol/kg]
# name 7 = oxsolMm/Kg: Oxygen Saturation, Garcia & Gordon [umol/kg]
# name 8 = turbWETntu0: Turbidity, WET Labs ECO [NTU]
# name 9 = flECO-AFL: Fluorescence, WET Labs ECO-AFL/FL [mg/m^3]
# name 10 = flag:  0.000e+00
# span 0 = 145.536687, 145.538139       
# span 1 =      0.596,     13.334       
# span 2 =    16.7381,    18.0610       
# span 3 =  35.474697,  36.159011       
# span 4 =    26.7718,    27.0996       
# span 5 =      0.590,     13.215       
# span 6 =  246.60617,  252.50482       
# span 7 =  247.00897,  252.85341       
# span 8 =    -3.9109,     3.6066       
# span 9 =     1.6730,    12.5220       
# span 10 = 0.0000e+00, 0.0000e+00      
# interval = seconds: 0.25
# start_time = May 24 2024 12:51:38 [Instrument's time stamp, header]
# bad_flag = -9.990e-29
*END*
 145.536687      0.596    18.0561  36.154157    26.7893      0.590  246.63051  247.03313    -3.5685     1.6730 -9.990e-29
 145.536690      0.601    18.0567  36.155917    26.7905      0.596  246.62624  247.02888    -3.6152     1.6891 -9.990e-29
 145.536693      0.607    18.0602  36.158586    26.7841      0.601  246.61977  247.02258    -3.5529     1.6730 -9.990e-29
 145.536696      0.632    18.0605  36.151063    26.7860      0.626  246.61537  247.01817    -3.6385     1.6810 0.0000e+00
 145.536698      0.663    18.0608  36.156159    26.7873      0.657  246.61157  247.01438    -3.6463     1.6730 0.0000e+00
 145.536701      0.692    18.0608  36.155492    26.7873      0.686  246.61157  247.01438    -3.7241     1.6891 0.0000e+00
 145.536704      0.718    18.0608  36.152398    26.7873      0.712  246.61157  247.01438    -3.8175     1.8307 0.0000e+00
 145.536707      0.749    18.0609  36.159011    26.7875      0.742  246.61099  247.01380    -3.8642     1.8347 0.0000e+00
 145.536710      0.787    18.0610  36.153854    26.7901      0.780  246.60617  247.00897    -3.9109     1.8307 -9.990e-29
 145.536713      0.811    18.0538  36.149304    26.7808      0.804  246.65562  247.05820    -3.5685     1.9034 -9.990e-29
 145.536716      0.840    18.0513  36.142025    26.7835      0.833  246.66286  247.06533    -3.6229     1.8994 0.0000e+00
 145.536719      0.873    18.0489  36.144695    26.7839      0.865  246.67010  247.07246    -3.5841     1.9034 0.0000e+00
 145.536722      0.911    18.0455  36.139175    26.7862      0.903  246.69014  247.09239    -3.5841     1.8954 0.0000e+00
 145.536725      0.939    18.0429  36.141845    26.7878      0.930  246.69587  247.09801    -3.5841     1.8711 0.0000e+00
 145.536727      0.973    18.0409  36.142452    26.7885      0.965  246.70223  247.10429    -3.3195     1.8711 0.0000e+00
 145.536730      1.008    18.0409  36.141178    26.7890      0.999  246.70326  247.10532    -3.2884     1.8691 0.0000e+00
 145.536733      1.034    18.0409  36.132989    26.7885      1.024  246.70430  247.10636    -3.2572     1.8711 -9.990e-29
 145.536736      1.054    18.0394  36.139419    26.7880      1.044  246.71203  247.11404    -3.3506     1.8792 -9.990e-29
 145.536739      1.070    18.0385  36.140087    26.7892      1.061  246.71456  247.11653    -3.3039     1.8792 -9.990e-29
 145.536742      1.085    18.0389  36.143362    26.7916      1.075  246.70853  247.11050    -3.3195     2.0207 -9.990e-29
 145.536745      1.101    18.0403  36.145789    26.7927      1.091  246.70023  247.10225    -3.3195     1.9924 -9.990e-29
 145.536748      1.119    18.0424  36.145000    26.7906      1.109  246.69352  247.09562    -3.3817     2.0288 -9.990e-29
 145.536751      1.143    18.0454  36.145364    26.7904      1.133  246.67972  247.08193    -3.5374     1.9277 -9.990e-29
 145.536753      1.171    18.0453  36.147123    26.7898      1.160  246.68096  247.08317    -3.4752     1.8933 0.0000e+00
 145.536756      1.202    18.0454  36.145546    26.7904      1.191  246.67972  247.08193    -3.4595     1.8913 0.0000e+00
 145.536759      1.236    18.0459  36.149732    26.7903      1.225  246.67432  247.07654    -3.4595     1.8913 0.0000e+00
 145.536762      1.269    18.0466  36.147973    26.7903      1.258  246.67432  247.07654    -3.5062     1.9034 0.0000e+00
 145.536765      1.309    18.0469  36.143605    26.7893      1.297  246.67424  247.07650    -3.6774     1.9439 0.0000e+00
 145.536768      1.347    18.0481  36.147973    26.7893      1.335  246.66866  247.07098    -3.7397     1.9479 0.0000e+00
 145.536771      1.386    18.0483  36.150217    26.7901      1.373  246.66666  247.06899    -3.7085     1.9580 0.0000e+00
 145.536774      1.417    18.0484  36.144879    26.7909      1.404  246.66467  247.06700    -3.7397     1.9681 -9.990e-29
 145.536777      1.437    18.0476  36.141603    26.7844      1.424  246.67927  247.08160    -2.9148     2.0733 -9.990e-29
 145.536780      1.464    18.0455  36.133233    26.7789      1.451  246.69852  247.10080    -3.1016     2.0814 -9.990e-29
 145.536782      1.486    18.0286  36.126198    26.7769      1.473  246.78190  247.18356    -3.1794     2.0450 -9.990e-29
 145.536785      1.514    18.0236  36.117466    26.7779      1.500  246.80398  247.20545    -3.2961     2.0854 0.0000e+00
 145.536788      1.543    18.0186  36.111888    26.7769      1.529  246.82606  247.22734    -3.4129     2.1258 0.0000e+00
 145.536791      1.572    18.0081  36.097821    26.7788      1.558  246.88372  247.28463    -3.5685     2.2471 0.0000e+00
 145.536794      1.603    17.9952  36.093397    26.7789      1.589  246.93724  247.33765    -3.5685     2.2471 0.0000e+00
 145.536797      1.630    17.9848  36.092307    26.7848      1.616  246.97652  247.37651    -3.5685     2.2471 0.0000e+00
 145.536800      1.660    17.9787  36.095157    26.7911      1.645  246.99510  247.39482    -3.5529     2.2714 0.0000e+00
 145.536803      1.692    17.9766  36.094976    26.7923      1.677  246.99764  247.39721    -3.2105     2.3321 0.0000e+00
 145.536806      1.721    17.9766  36.101524    26.7960      1.706  246.99764  247.39721    -3.0393     2.3361 0.0000e+00
 145.536808      1.752    17.9766  36.100251    26.7972      1.737  246.99508  247.39470    -3.0237     2.3341 0.0000e+00
 145.536811      1.780    17.9775  36.085093    26.7960      1.764  246.99253  247.39219    -3.0393     2.3361 -9.990e-29
 145.536814      1.804    17.9713  36.087459    26.7896      1.788  247.03287  247.43233    -3.5685     2.7364 -9.990e-29
 145.536817      1.813    17.9648  36.084186    26.7911      1.797  247.06139  247.46060    -3.5529     2.7041 -9.990e-29
 145.536820      1.833    17.9585  36.064183    26.7788      1.817  247.11193  247.51097    -3.5374     2.7203 -9.990e-29
 145.536823      1.853    17.9465  36.046185    26.7718      1.836  247.18065  247.57928    -3.7708     2.6960 -9.990e-29
 145.536826      1.875    17.9052  36.030858    26.7775      1.858  247.36755  247.76459    -3.5685     2.5989 -9.990e-29
 145.536829      1.901    17.8951  36.020380    26.7797      1.884  247.41217  247.80881    -3.5607     2.6010 0.0000e+00
 145.536832      1.933    17.8850  36.009539    26.7801      1.916  247.45678  247.85304    -3.5529     2.5989 0.0000e+00
 145.536834      1.970    17.8669  35.993127    26.7801      1.952  247.54620  247.94178    -3.4751     2.6030 0.0000e+00
 145.536837      2.006    17.8453  35.969696    26.7801      1.988  247.65782  248.05261    -3.4751     2.8011 0.0000e+00
 145.536840      2.043    17.8211  35.973634    26.7882      2.025  247.74168  248.13545    -3.5374     3.0154 0.0000e+00
 145.536843      2.085    17.8064  35.955049    26.7940      2.066  247.82137  248.21461    -3.5374     3.0518 0.0000e+00
 145.536846      2.123    17.7903  35.954567    26.7882      2.104  247.88167  248.27424    -3.5062     3.0357 0.0000e+00
 145.536849      2.156    17.7839  35.931387    26.7930      2.137  247.92143  248.31379    -3.4907     3.0438 0.0000e+00
 145.536852      2.183    17.7774  35.929210    26.7876      2.164  247.96119  248.35333    -3.5062     3.0357 -9.990e-29
 145.536855      2.205    17.7430  35.922797    26.8031      2.186  248.10014  248.49088    -3.1327     3.2500 -9.990e-29
 145.536858      2.229    17.7323  35.922436    26.8098      2.209  248.14028  248.53058    -3.0082     3.2257 -9.990e-29
 145.536861      2.253    17.7245  35.915659    26.8093      2.232  248.17840  248.56840    -3.0549     3.2298 -9.990e-29
 145.536863      2.276    17.7069  35.900595    26.8072      2.256  248.26664  248.65597    -3.3195     3.3551 -9.990e-29
 145.536866      2.304    17.7069  35.899083    26.8072      2.283  248.26664  248.65597    -3.3195     3.3551 0.0000e+00
 145.536869      2.335    17.7069  35.899508    26.8072      2.314  248.26664  248.65597    -3.3195     3.3551 -9.990e-29
 145.536872      2.360    17.6801  35.888136    26.8236      2.339  248.36744  248.75565    -3.3506     3.2783 -9.990e-29
 145.536875      2.391    17.6793  35.897756    26.8203      2.370  248.37696  248.76515    -3.3350     3.2824 0.0000e+00
 145.536878      2.422    17.6785  35.888561    26.8171      2.401  248.38647  248.77466    -3.3195     3.2864 0.0000e+00
 145.536881      2.455    17.6777  35.880940    26.8145      2.433  248.39459  248.78276    -3.2573     3.3086 0.0000e+00
 145.536884      2.483    17.6769  35.886203    26.8118      2.460  248.40270  248.79085    -3.1950     3.3308 -9.990e-29
 145.536887      2.508    17.6667  35.878159    26.8162      2.486  248.44466  248.83239    -2.9304     3.3268 -9.990e-29
 145.536889      2.528    17.6624  35.877010    26.8180      2.506  248.46187  248.84943    -3.1950     3.6139 -9.990e-29
 145.536892      2.548    17.6572  35.878946    26.8230      2.525  248.47853  248.86586    -3.1327     3.5977 -9.990e-29
 145.536895      2.570    17.6542  35.868060    26.8160      2.547  248.50492  248.89217    -3.0549     3.5856 -9.990e-29
 145.536898      2.588    17.6478  35.857357    26.8113      2.565  248.54354  248.93057    -3.0082     3.6341 -9.990e-29
 145.536901      2.612    17.6294  35.854516    26.8144      2.589  248.62674  249.01305    -3.4440     3.4522 -9.990e-29
 145.536904      2.643    17.6262  35.846475    26.8155      2.620  248.64029  249.02647    -3.5296     3.4643 0.0000e+00
 145.536907      2.674    17.6230  35.844058    26.8166      2.650  248.65384  249.03989    -3.6152     3.4764 0.0000e+00
 145.536910      2.711    17.6179  35.848230    26.8234      2.686  248.66708  249.05289    -3.6152     3.4764 0.0000e+00
 145.536913      2.749    17.6176  35.848654    26.8234      2.724  248.66775  249.05355    -3.3506     4.0627 0.0000e+00
 145.536916      2.786    17.6156  35.838860    26.8178      2.761  248.68860  249.07436    -3.3195     4.0789 0.0000e+00
 145.536918      2.826    17.6095  35.834931    26.8178      2.800  248.71688  249.10239    -3.3195     4.0830 0.0000e+00
 145.536921      2.868    17.6033  35.833239    26.8205      2.842  248.74235  249.12760    -3.2883     4.0991 0.0000e+00
 145.536924      2.902    17.6001  35.828585    26.8207      2.876  248.75730  249.14244    -3.0938     4.1659 0.0000e+00
 145.536927      2.935    17.5970  35.822299    26.8208      2.909  248.77226  249.15727    -2.8214     4.2488 -9.990e-29
 145.536930      2.959    17.5828  35.816195    26.8198      2.932  248.84231  249.22677    -2.7747     4.2811 -9.990e-29
 145.536933      2.979    17.5760  35.811844    26.8207      2.952  248.87367  249.25786    -3.0238     4.2488 -9.990e-29
 145.536936      2.997    17.5716  35.817466    26.8282      2.970  248.88205  249.26603    -2.9459     4.2649 -9.990e-29
 145.536939      3.015    17.5691  35.816197    26.8288      2.989  248.89319  249.27707    -3.0549     3.9940 -9.990e-29
 145.536942      3.039    17.5675  35.810697    26.8253      3.012  248.90681  249.29065    -3.1794     4.0142 -9.990e-29
 145.536944      3.058    17.5669  35.814626    26.8290      3.030  248.90352  249.28731    -3.0082     3.9738 -9.990e-29
 145.536947      3.074    17.5643  35.812692    26.8291      3.046  248.91592  249.29961    -2.4323     4.4671 -9.990e-29
 145.536950      3.107    17.5630  35.812692    26.8278      3.079  248.92426  249.30791    -2.4712     4.4651 0.0000e+00
 145.536953      3.136    17.5617  35.807676    26.8291      3.108  248.93096  249.31445    -2.4790     4.4631 0.0000e+00
 145.536956      3.165    17.5601  35.813781    26.8320      3.137  248.93122  249.31473    -2.4790     4.4631 0.0000e+00
 145.536959      3.200    17.5601  35.812935    26.8320      3.171  248.93096  249.31445    -2.4790     4.4307 0.0000e+00
 145.536962      3.231    17.5611  35.809611    26.8300      3.202  248.92996  249.31353    -2.5490     4.4611 0.0000e+00
 145.536965      3.264    17.5620  35.807193    26.8280      3.234  248.92871  249.31232    -2.7903     4.4307 -9.990e-29
 145.536968      3.285    17.5621  35.803325    26.8227      3.256  248.93721  249.32085    -2.8059     4.4509 -9.990e-29
 145.536970      3.309    17.5525  35.799156    26.8194      3.280  248.98925  249.37253    -3.0082     4.1072 -9.990e-29
 145.536973      3.335    17.5525  35.791785    26.8194      3.305  248.98925  249.37253    -3.0082     4.1072 0.0000e+00
 145.536976      3.366    17.5525  35.794807    26.8194      3.336  248.98925  249.37253    -3.0082     4.1072 -9.990e-29
 145.536979      3.391    17.5346  35.781756    26.8241      3.361  249.06758  249.45014    -3.0860     4.1234 -9.990e-29
 145.536982      3.424    17.5310  35.783328    26.8263      3.394  249.08135  249.46375    -3.0549     4.1133 0.0000e+00
 145.536985      3.459    17.5274  35.782845    26.8285      3.428  249.09511  249.47736    -3.0238     4.1234 0.0000e+00
 145.536988      3.495    17.5240  35.786350    26.8285      3.464  249.10270  249.48479    -3.0082     4.6733 0.0000e+00
 145.536991      3.530    17.5225  35.773965    26.8334      3.498  249.12567  249.50776    -2.9148     4.6733 0.0000e+00
 145.536994      3.565    17.5185  35.781759    26.8275      3.533  249.12975  249.51163    -2.9148     4.6936 0.0000e+00
 145.536997      3.599    17.5167  35.773301    26.8275      3.567  249.14816  249.53001    -2.8059     4.6936 0.0000e+00
 145.536999      3.634    17.5124  35.766113    26.8275      3.602  249.17447  249.55616    -2.4479     5.3486 0.0000e+00
 145.537002      3.663    17.5086  35.764604    26.8263      3.630  249.18942  249.57096    -2.3934     5.3547 0.0000e+00
 145.537005      3.691    17.5049  35.756088    26.8281      3.658  249.20437  249.58575    -2.4479     5.3608 -9.990e-29
 145.537008      3.709    17.4903  35.755907    26.8305      3.676  249.27119  249.65197    -2.2922     5.3041 -9.990e-29
 145.537011      3.723    17.4843  35.759049    26.8370      3.690  249.28894  249.66946    -2.7747     3.9980 -9.990e-29
 145.537014      3.734    17.4820  35.757177    26.8370      3.701  249.30030  249.68073    -2.6191     3.9778 -9.990e-29
 145.537017      3.751    17.4824  35.759593    26.8387      3.717  249.29536  249.67580    -2.6502     3.9697 -9.990e-29
 145.537020      3.771    17.4821  35.750654    26.8314      3.737  249.30885  249.68931    -2.6813     3.9819 -9.990e-29
 145.537023      3.796    17.4771  35.752828    26.8337      3.762  249.32937  249.70963    -2.1366     5.5063 -9.990e-29
 145.537025      3.826    17.4752  35.749386    26.8355      3.791  249.33534  249.71551    -2.1755     5.5084 0.0000e+00
 145.537028      3.857    17.4733  35.750897    26.8341      3.822  249.34131  249.72139    -2.2144     5.5063 0.0000e+00
 145.537031      3.891    17.4697  35.743952    26.8374      3.856  249.36480  249.74476    -2.2144     5.5063 0.0000e+00
 145.537034      3.929    17.4655  35.747636    26.8399      3.894  249.37524  249.75501    -2.1833     5.5063 0.0000e+00
 145.537037      3.973    17.4643  35.746972    26.8401      3.938  249.37524  249.75501    -1.3739     4.4105 0.0000e+00
 145.537040      4.006    17.4643  35.752408    26.8401      3.970  249.38088  249.76059    -1.3739     4.3620 0.0000e+00
 145.537043      4.046    17.4648  35.742624    26.8402      4.010  249.37780  249.75754    -1.4284     4.3802 0.0000e+00
 145.537046      4.072    17.4654  35.730667    26.8357      4.035  249.38265  249.76243    -1.4829     4.3498 -9.990e-29
 145.537049      4.094    17.4432  35.725898    26.8359      4.057  249.48979  249.86869    -2.9615     4.2973 -9.990e-29
 145.537052      4.121    17.4396  35.725235    26.8355      4.084  249.50792  249.88669    -2.9382     4.3053 0.0000e+00
 145.537054      4.149    17.4360  35.718534    26.8358      4.112  249.52605  249.90468    -2.9459     4.3134 0.0000e+00
 145.537057      4.174    17.4296  35.714430    26.8358      4.137  249.55586  249.93423    -2.9148     4.3256 0.0000e+00
 145.537060      4.203    17.4251  35.722460    26.8429      4.166  249.56142  249.93956    -2.6191     4.4348 0.0000e+00
 145.537063      4.229    17.4230  35.717691    26.8455      4.191  249.57594  249.95401    -2.6191     4.4348 0.0000e+00
