seaocn-cb/data/ctd_cnv/SBE19plus_01907321_2024_05_25_Cast56.cnv
* Sea-Bird SBE19plus  Data File:
* FileName = E:\Prandtl_Daten\2024\25052024\raw\SBE19plus_01907321_2024_05_25_Cast56.hex
* Software version 2.6.1.12
* Temperature SN = 7321
* Conductivity SN = 7321
* System UpLoad Time = May 25 2024 10:00:31
* <ApplicationData>
* <Seaterm232>
** 20240525
** Sea Practical 2024
** MCat 25.05 CTD_SP11
** NMEA Latitude = 054 9.26N
** NMEA Longitude = 008 9.96E
** waterdepth =19m
** Clemens
# nquan = 11
# nvalues = 667                         
# units = specified
# name 0 = timeJ: Julian Days
# name 1 = prdM: Pressure, Strain Gauge [db]
# name 2 = tv290C: Temperature [ITS-90, deg C]
# name 3 = c0mS/cm: Conductivity [mS/cm]
# name 4 = sal00: Salinity, Practical [PSU]
# name 5 = depSM: Depth [salt water, m], lat = 54.00
# name 6 = oxsatMm/Kg: Oxygen Saturation, Weiss [umol/kg]
# name 7 = oxsolMm/Kg: Oxygen Saturation, Garcia & Gordon [umol/kg]
# name 8 = turbWETntu0: Turbidity, WET Labs ECO [NTU]
# name 9 = flECO-AFL: Fluorescence, WET Labs ECO-AFL/FL [mg/m^3]
# name 10 = flag:  0.000e+00
# span 0 = 146.411597, 146.413524       
# span 1 =      0.652,     18.051       
# span 2 =    12.7364,    14.6499       
# span 3 =  37.479537,  37.897255       
# span 4 =    30.7088,    32.1734       
# span 5 =      0.646,     17.889       
# span 6 =  256.75224,  264.39928       
# span 7 =  256.97429,  264.49397       
# span 8 =    -5.0160,     1.8634       
# span 9 =     4.6289,     8.6401       
# span 10 = 0.0000e+00, 0.0000e+00      
# interval = seconds: 0.25
# start_time = May 25 2024 09:51:19 [Instrument's time stamp, header]
# bad_flag = -9.990e-29
*END*
[from data line 525]
 146.413116     15.570    12.7524  37.748019    32.1535     15.430  264.34821  264.44410    -0.9070     6.4849 0.0000e+00
 146.413119     15.607    12.7527  37.747093    32.1523     15.467  264.34873  264.44465    -0.0977     7.0672 0.0000e+00
 146.413122     15.636    12.7530  37.746228    32.1512     15.496  264.34873  264.44465    -0.0977     7.0672 0.0000e+00
 146.413125     15.668    12.7533  37.745982    32.1507     15.528  264.34818  264.44417    -0.1444     7.0672 0.0000e+00
 146.413128     15.703    12.7537  37.745550    32.1499     15.562  264.34727  264.44329    -0.1599     7.0672 0.0000e+00
 146.413131     15.749    12.7541  37.744809    32.1498     15.608  264.34719  264.44325    -0.2222     7.0510 0.0000e+00
 146.413134     15.798    12.7546  37.746229    32.1498     15.656  264.34277  264.43885    -0.7047     5.9713 0.0000e+00
 146.413137     15.846    12.7554  37.746908    32.1498     15.703  264.33852  264.43465    -0.7047     5.9713 0.0000e+00
 146.413139     15.886    12.7558  37.745982    32.1490     15.743  264.33780  264.43396    -0.6580     5.9815 0.0000e+00
 146.413142     15.915    12.7562  37.744933    32.1482     15.772  264.33707  264.43327    -0.6113     5.9916 -9.990e-29
 146.413145     15.928    12.7564  37.744068    32.1462     15.785  264.33961  264.43584    -1.1405     6.5617 -9.990e-29
 146.413148     15.924    12.7560  37.745365    32.1477     15.781  264.33874  264.43494    -1.2183     6.5375 -9.990e-29
 146.413151     15.913    12.7560  37.746661    32.1490     15.770  264.33647  264.43265    -1.0938     6.5415 -9.990e-29
 146.413154     15.900    12.7564  37.746229    32.1482     15.758  264.33581  264.43202    -1.2494     6.5455 -9.990e-29
 146.413157     15.891    12.7569  37.747587    32.1491     15.749  264.33145  264.42769    -0.9381     6.9823 -9.990e-29
 146.413160     15.898    12.7570  37.746229    32.1477     15.756  264.33327  264.42953    -0.8759     7.0146 -9.990e-29
 146.413163     15.915    12.7566  37.747340    32.1499     15.772  264.33154  264.42775    -0.9537     6.9903 -9.990e-29
 146.413166     15.946    12.7565  37.748205    32.1498     15.803  264.33249  264.42870    -0.1677     7.0166 0.0000e+00
 146.413168     15.991    12.7563  37.747773    32.1499     15.848  264.33291  264.42909     0.6027     7.0429 0.0000e+00
 146.413171     16.048    12.7562  37.748267    32.1502     15.904  264.33291  264.42909     0.6027     7.0510 0.0000e+00
 146.413174     16.114    12.7560  37.748884    32.1510     15.969  264.33291  264.42909     0.5560     7.0510 0.0000e+00
 146.413177     16.179    12.7552  37.748947    32.1517     16.034  264.33605  264.43214     0.5560     7.0510 0.0000e+00
 146.413180     16.238    12.7534  37.749996    32.1542     16.092  264.34101  264.43697     0.5249     7.0429 0.0000e+00
 146.413183     16.285    12.7521  37.750614    32.1556     16.139  264.34570  264.44155     0.4471     6.3858 0.0000e+00
 146.413186     16.321    12.7508  37.749812    32.1570     16.175  264.35039  264.44614     0.2759     5.7045 -9.990e-29
 146.413189     16.345    12.7479  37.749442    32.1584     16.199  264.36403  264.45958     0.3537     5.6681 -9.990e-29
 146.413192     16.365    12.7465  37.750862    32.1609     16.219  264.36691  264.46234     0.3226     5.6883 -9.990e-29
 146.413194     16.382    12.7452  37.751788    32.1629     16.235  264.37065  264.46598     0.2603     6.1412 -9.990e-29
 146.413197     16.398    12.7446  37.751542    32.1631     16.251  264.37335  264.46863     0.2292     6.1533 -9.990e-29
 146.413200     16.420    12.7442  37.752221    32.1641     16.273  264.37358  264.46883     0.3692     6.1371 -9.990e-29
 146.413203     16.440    12.7444  37.752221    32.1639     16.293  264.37304  264.46830     0.1825     6.1897 -9.990e-29
 146.413206     16.462    12.7444  37.751974    32.1636     16.315  264.37320  264.46847    -0.0199     6.5213 -9.990e-29
 146.413209     16.484    12.7441  37.751542    32.1635     16.336  264.37538  264.47063    -0.1755     6.5415 -9.990e-29
 146.413212     16.508    12.7436  37.751974    32.1643     16.360  264.37662  264.47182    -0.3311     6.5455 -9.990e-29
 146.413215     16.535    12.7434  37.751727    32.1643     16.387  264.37791  264.47310    -0.2222     6.5536 -9.990e-29
 146.413218     16.557    12.7436  37.753086    32.1653     16.409  264.37442  264.46962    -0.3934     6.2342 -9.990e-29
 146.413220     16.575    12.7441  37.752901    32.1648     16.427  264.37307  264.46831    -0.5179     6.1937 -9.990e-29
 146.413223     16.592    12.7443  37.751728    32.1635     16.443  264.37429  264.46955    -0.4557     6.2099 -9.990e-29
 146.413226     16.610    12.7442  37.752221    32.1640     16.461  264.37372  264.46897    -0.4090     6.2140 -9.990e-29
 146.413229     16.624    12.7439  37.751542    32.1636     16.475  264.37605  264.47129    -0.4245     6.2018 -9.990e-29
 146.413232     16.646    12.7444  37.753333    32.1647     16.497  264.37159  264.46684     0.1202     6.5819 -9.990e-29
 146.413235     16.676    12.7448  37.753148    32.1646     16.526  264.36973  264.46501     0.1046     6.6022 0.0000e+00
 146.413238     16.707    12.7452  37.753518    32.1644     16.557  264.36825  264.46364     0.0891     6.6143 0.0000e+00
 146.413241     16.745    12.7459  37.751543    32.1618     16.595  264.36786  264.46317    -0.0043     6.6143 0.0000e+00
 146.413244     16.781    12.7461  37.751543    32.1617     16.631  264.36771  264.46311    -0.3156     5.8217 0.0000e+00
 146.413247     16.825    12.7465  37.751358    32.1617     16.674  264.36638  264.46181    -0.4090     5.8177 0.0000e+00
 146.413249     16.871    12.7465  37.751975    32.1614     16.719  264.36533  264.46076    -0.4090     5.8177 0.0000e+00
 146.413252     16.918    12.7469  37.751975    32.1614     16.766  264.36396  264.45941    -0.4090     5.8258 0.0000e+00
 146.413255     16.958    12.7470  37.751729    32.1611     16.806  264.36386  264.45932     0.3692     6.1816 0.0000e+00
 146.413258     16.989    12.7470  37.751790    32.1610     16.837  264.36386  264.45932     0.4159     6.1978 0.0000e+00
 146.413261     17.020    12.7470  37.750370    32.1596     16.868  264.36600  264.46148     0.3848     6.1978 0.0000e+00
 146.413264     17.046    12.7470  37.749321    32.1593     16.893  264.36749  264.46297     0.4003     6.2099 0.0000e+00
 146.413267     17.071    12.7468  37.749877    32.1589     16.918  264.36898  264.46445     0.3848     6.2220 -9.990e-29
 146.413270     17.092    12.7462  37.750247    32.1602     16.938  264.36965  264.46507     0.1980     6.0158 -9.990e-29
 146.413273     17.117    12.7460  37.750124    32.1603     16.964  264.37073  264.46613     0.0113     5.9754 -9.990e-29
 146.413275     17.139    12.7459  37.749815    32.1601     16.985  264.37184  264.46724     0.0580     6.0118 -9.990e-29
 146.413278     17.155    12.7460  37.749322    32.1595     17.001  264.37216  264.46757     0.0268     6.0239 -9.990e-29
 146.413281     17.174    12.7458  37.748951    32.1593     17.020  264.37366  264.46907    -0.6736     6.9539 -9.990e-29
 146.413284     17.192    12.7456  37.749816    32.1603     17.038  264.37301  264.46839    -0.6424     6.9135 -9.990e-29
 146.413287     17.208    12.7454  37.750124    32.1607     17.054  264.37304  264.46841    -0.6269     6.9176 -9.990e-29
 146.413290     17.232    12.7463  37.750433    32.1604     17.078  264.36884  264.46426    -0.2222     6.3636 -9.990e-29
 146.413293     17.259    12.7466  37.750618    32.1606     17.105  264.36677  264.46221    -0.2144     6.3615 0.0000e+00
 146.413296     17.285    12.7469  37.751544    32.1604     17.130  264.36470  264.46016    -0.2066     6.3595 0.0000e+00
 146.413299     17.314    12.7477  37.751544    32.1601     17.159  264.36163  264.45715    -0.1755     6.3555 0.0000e+00
 146.413302     17.347    12.7482  37.751112    32.1597     17.191  264.36043  264.45600    -0.1755     6.3555 0.0000e+00
 146.413304     17.374    12.7486  37.751977    32.1597     17.218  264.35753  264.45311    -0.1599     6.8124 0.0000e+00
 146.413307     17.407    12.7489  37.752224    32.1597     17.251  264.35593  264.45155    -0.1599     6.8124 0.0000e+00
 146.413310     17.434    12.7491  37.751792    32.1591     17.278  264.35572  264.45132    -0.1599     6.8124 0.0000e+00
 146.413313     17.464    12.7491  37.751545    32.1591     17.307  264.35565  264.45127    -0.1444     6.7882 0.0000e+00
 146.413316     17.498    12.7493  37.751977    32.1593     17.341  264.35526  264.45090     0.0735     6.5860 0.0000e+00
 146.413319     17.533    12.7493  37.752224    32.1593     17.376  264.35538  264.45103     0.0891     6.1573 0.0000e+00
 146.413322     17.569    12.7493  37.751360    32.1583     17.412  264.35538  264.45103     0.1513     6.1573 0.0000e+00
 146.413325     17.609    12.7491  37.750619    32.1579     17.451  264.35811  264.45374     0.1513     6.1654 0.0000e+00
 146.413328     17.653    12.7484  37.749817    32.1579     17.495  264.36208  264.45767     0.0891     6.1654 0.0000e+00
 146.413330     17.702    12.7483  37.750002    32.1578     17.544  264.36236  264.45794    -0.1444     6.1048 0.0000e+00
 146.413333     17.737    12.7483  37.749879    32.1579     17.578  264.36248  264.45806    -0.1678     6.0947 0.0000e+00
 146.413336     17.770    12.7483  37.750867    32.1578     17.611  264.36260  264.45818    -0.1911     6.0846 -9.990e-29
 146.413339     17.790    12.7483  37.750805    32.1587     17.630  264.36101  264.45659    -0.1911     6.1007 -9.990e-29
 146.413342     17.803    12.7476  37.750867    32.1594     17.643  264.36373  264.45925     0.5405     7.5848 -9.990e-29
 146.413345     17.808    12.7478  37.751546    32.1598     17.649  264.36170  264.45723     0.5871     7.5645 -9.990e-29
 146.413348     17.810    12.7479  37.751546    32.1598     17.650  264.36142  264.45696     0.6183     7.6050 -9.990e-29
 146.413351     17.814    12.7478  37.751546    32.1598     17.654  264.36171  264.45723     0.6183     7.5928 -9.990e-29
 146.413354     17.823    12.7477  37.750682    32.1591     17.663  264.36351  264.45904     0.3226     6.8205 -9.990e-29
 146.413356     17.837    12.7472  37.750867    32.1597     17.677  264.36545  264.46093     0.3226     6.7801 -9.990e-29
 146.413359     17.858    12.7467  37.750621    32.1599     17.697  264.36787  264.46332     0.3692     6.7801 -9.990e-29
 146.413362     17.869    12.7461  37.750682    32.1604     17.708  264.37002  264.46543     0.3226     6.8043 -9.990e-29
 146.413365     17.887    12.7458  37.751979    32.1615     17.726  264.36967  264.46505     0.2914     6.8731 -9.990e-29
 146.413368     17.923    12.7461  37.751547    32.1612     17.763  264.36842  264.46382     0.3070     6.8772 0.0000e+00
 146.413371     17.958    12.7461  37.751547    32.1612     17.797  264.36842  264.46382     0.3070     6.8772 0.0000e+00
 146.413374     17.985    12.7464  37.751794    32.1609     17.824  264.36716  264.46259     0.3226     6.8812 -9.990e-29
 146.413377     18.005    12.7463  37.750374    32.1599     17.844  264.36981  264.46524     0.3537     6.8488 -9.990e-29
 146.413380     18.013    12.7454  37.750436    32.1608     17.851  264.37337  264.46873     0.1047     7.4634 -9.990e-29
 146.413383     18.003    12.7445  37.751547    32.1625     17.842  264.37480  264.47008    -0.0666     7.4513 -9.990e-29
 146.413385     17.980    12.7443  37.752473    32.1636     17.818  264.37401  264.46926     0.0735     7.4351 -9.990e-29
 146.413388     17.947    12.7446  37.752226    32.1632     17.786  264.37329  264.46857     0.0735     7.4432 -9.990e-29
 146.413391     17.918    12.7448  37.752473    32.1632     17.757  264.37199  264.46729     0.7739     6.2140 -9.990e-29
 146.413394     17.890    12.7452  37.752658    32.1630     17.730  264.36996  264.46528     0.7428     6.2059 -9.990e-29
 146.413397     17.879    12.7453  37.751732    32.1621     17.719  264.37129  264.46663     0.7584     6.2140 -9.990e-29
 146.413400     17.879    12.7449  37.752473    32.1632     17.719  264.37168  264.46698     1.0229     6.2220 -9.990e-29
 146.413403     17.892    12.7446  37.752226    32.1631     17.732  264.37297  264.46825     0.6338     6.4849 -9.990e-29
 146.413406     17.912    12.7450  37.754634    32.1651     17.752  264.36736  264.46265     0.6961     6.4647 -9.990e-29
 146.413409     17.932    12.7454  37.754325    32.1645     17.771  264.36651  264.46182     0.5716     6.4889 -9.990e-29
 146.413411     17.952    12.7451  37.754017    32.1644     17.791  264.36819  264.46349     0.4626     6.4687 -9.990e-29
 146.413414     17.965    12.7438  37.754202    32.1657     17.804  264.37294  264.46814     0.5249     6.4687 -9.990e-29
 146.413417     17.972    12.7422  37.753832    32.1667     17.811  264.37979  264.47488     0.3848     6.8043 -9.990e-29
 146.413420     17.972    12.7406  37.754203    32.1684     17.811  264.38534  264.48031     0.2759     6.8043 -9.990e-29
 146.413423     17.968    12.7399  37.754758    32.1696     17.807  264.38746  264.48236     0.2914     6.8165 -9.990e-29
 146.413426     17.956    12.7396  37.754882    32.1699     17.795  264.38836  264.48324     0.4626     6.8205 -9.990e-29
 146.413429     17.947    12.7396  37.755005    32.1701     17.786  264.38814  264.48302     0.3537     6.8569 -9.990e-29
 146.413432     17.934    12.7396  37.754017    32.1691     17.773  264.38986  264.48475     0.1202     6.8690 -9.990e-29
 146.413435     17.934    12.7393  37.754573    32.1699     17.773  264.39001  264.48487     0.2292     6.8852 -9.990e-29
 146.413437     17.941    12.7391  37.754450    32.1700     17.780  264.39108  264.48593     0.4471     6.8488 -9.990e-29
 146.413440     17.965    12.7389  37.755314    32.1709     17.804  264.39042  264.48525     1.4587     6.5172 -9.990e-29
 146.413443     17.989    12.7391  37.755499    32.1709     17.827  264.38899  264.48384     1.5521     6.5415 -9.990e-29
 146.413446     18.011    12.7399  37.755561    32.1703     17.849  264.38608  264.48098     1.4899     6.5455 -9.990e-29
 146.413449     18.021    12.7406  37.755499    32.1696     17.860  264.38338  264.47834     1.5521     6.5294 -9.990e-29
 146.413452     18.025    12.7409  37.754635    32.1685     17.863  264.38349  264.47848     0.2447     6.2948 -9.990e-29
 146.413455     18.018    12.7408  37.753647    32.1677     17.856  264.38578  264.48077     0.3070     6.2908 -9.990e-29
 146.413458     17.992    12.7404  37.753338    32.1678     17.831  264.38799  264.48295     0.2447     6.3151 -9.990e-29
 146.413461     17.956    12.7399  37.754326    32.1692     17.795  264.38820  264.48312     0.2603     6.3029 -9.990e-29
 146.413464     17.909    12.7398  37.754449    32.1694     17.748  264.38824  264.48314     0.2759     6.2948 -9.990e-29
 146.413466     17.872    12.7395  37.754449    32.1696     17.712  264.38934  264.48422     0.8050     5.4942 -9.990e-29
 146.413469     17.845    12.7391  37.753400    32.1690     17.685  264.39284  264.48770     0.8050     5.4901 -9.990e-29
 146.413472     17.830    12.7389  37.753770    32.1695     17.670  264.39275  264.48759     0.6494     5.5023 -9.990e-29
 146.413475     17.841    12.7384  37.755005    32.1711     17.681  264.39256  264.48736     0.8206     5.5063 -9.990e-29
 146.413478     17.863    12.7386  37.755128    32.1710     17.703  264.39152  264.48633     0.9607     6.0846 -9.990e-29
 146.413481     17.892    12.7390  37.755499    32.1710     17.732  264.38948  264.48432     0.8673     6.1048 -9.990e-29
 146.413484     17.922    12.7391  37.755129    32.1706     17.761  264.38987  264.48472     0.8984     6.1048 -9.990e-29
 146.413487     17.947    12.7389  37.755931    32.1715     17.786  264.38905  264.48387     0.9140     6.0927 -9.990e-29
 146.413490     17.969    12.7390  37.755561    32.1711     17.808  264.38943  264.48427     0.5405     6.2220 -9.990e-29
