seaocn-cb/data/ctd_cnv/SBE19plus_01907321_2024_05_26_Cast65.cnv
* Sea-Bird SBE19plus  Data File:
* FileName = E:\Prandtl_Daten\2024\26052024\raw\SBE19plus_01907321_2024_05_26_Cast65.hex
* Software version 2.6.1.12
* Temperature SN = 7321
* Conductivity SN = 7321
* System UpLoad Time = May 26 2024 13:37:15
* <ApplicationData>
* <Seaterm232>
** 20240526
** Sea Practical 2024
** MCat 26.05 CTD_SP2
** NMEA Latitude = 054 06.074N
** NMEA Longitude = 008 34.869E
** waterdepth =16.7 m
** Isabelle
# nquan = 11
# nvalues = 544                         
# units = specified
# name 0 = timeJ: Julian Days
# name 1 = prdM: Pressure, Strain Gauge [db]
# name 2 = tv290C: Temperature [ITS-90, deg C]
# name 3 = c0mS/cm: Conductivity [mS/cm]
# name 4 = sal00: Salinity, Practical [PSU]
# name 5 = depSM: Depth [salt water, m], lat = 54.00
# name 6 = oxsatMm/Kg: Oxygen Saturation, Weiss [umol/kg]
# name 7 = oxsolMm/Kg: Oxygen Saturation, Garcia & Gordon [umol/kg]
# name 8 = turbWETntu0: Turbidity, WET Labs ECO [NTU]
# name 9 = flECO-AFL: Fluorescence, WET Labs ECO-AFL/FL [mg/m^3]
# name 10 = flag:  0.000e+00
# span 0 = 147.562679, 147.564251       
# span 1 =      0.456,     15.896       
# span 2 =    15.9305,    17.4236       
# span 3 =  36.639703,  36.976516       
# span 4 =    27.8681,    28.8691       
# span 5 =      0.452,     15.754       
# span 6 =  247.81038,  253.49320       
# span 7 =  248.18240,  253.79427       
# span 8 =    -3.1483,    22.5327       
# span 9 =     1.8711,     8.6119       
# span 10 = 0.0000e+00, 0.0000e+00      
# interval = seconds: 0.25
# start_time = May 26 2024 13:28:55 [Instrument's time stamp, header]
# bad_flag = -9.990e-29
*END*
[from data line 263]
 147.563440      8.221    16.6059  36.754125    28.2726      8.147  251.14219  251.47765     3.3731     6.2059 0.0000e+00
 147.563443      8.268    16.6034  36.745576    28.2677      8.194  251.16378  251.49917     1.8167     5.9592 0.0000e+00
 147.563446      8.319    16.5952  36.738616    28.2676      8.245  251.20457  251.53960     1.7545     5.9592 0.0000e+00
 147.563449      8.361    16.5780  36.723292    28.2676      8.286  251.29121  251.62550     1.7545     5.9754 0.0000e+00
 147.563452      8.409    16.5506  36.724700    28.2871      8.334  251.39159  251.72455     1.8012     5.9754 0.0000e+00
 147.563455      8.449    16.5313  36.724519    28.3006      8.373  251.46397  251.79599     2.0502     5.7894 0.0000e+00
 147.563458      8.482    16.5141  36.715974    28.3054      8.406  251.54070  251.87194     2.0502     5.7894 0.0000e+00
 147.563461      8.513    16.4901  36.710239    28.3175      8.437  251.63906  251.96916     2.0502     5.8015 0.0000e+00
 147.563464      8.538    16.4739  36.702063    28.3255      8.462  251.70561  252.03494     2.1046     5.8096 0.0000e+00
 147.563466      8.566    16.4577  36.704081    28.3334      8.489  251.77217  252.10073     2.1591     5.8015 -9.990e-29
 147.563469      8.588    16.4117  36.701276    28.3652      8.511  251.94553  252.27185     2.3303     5.9713 -9.990e-29
 147.563472      8.608    16.3956  36.699630    28.3753      8.531  252.00846  252.33399     2.1903     5.9471 -9.990e-29
 147.563475      8.628    16.3806  36.700974    28.3871      8.551  252.06274  252.38753     2.4237     5.9996 -9.990e-29
 147.563478      8.640    16.3749  36.700731    28.3909      8.563  252.08457  252.40908     2.2525     5.9713 -9.990e-29
 147.563481      8.653    16.3800  36.702744    28.3890      8.576  252.06226  252.38701     2.1280     6.6224 -9.990e-29
 147.563484      8.673    16.3843  36.699143    28.3828      8.596  252.05155  252.37653     2.1124     6.5738 -9.990e-29
 147.563487      8.686    16.3793  36.690660    28.3791      8.608  252.08282  252.40760     2.0502     6.6264 -9.990e-29
 147.563490      8.710    16.3668  36.685413    28.3835      8.632  252.13744  252.46164     1.9568     6.6224 -9.990e-29
 147.563492      8.730    16.3093  36.679436    28.4148      8.652  252.36973  252.69115     1.4276     6.9378 -9.990e-29
 147.563495      8.757    16.2985  36.674314    28.4219      8.679  252.41138  252.73226     1.3731     6.9499 0.0000e+00
 147.563498      8.792    16.2877  36.672974    28.4290      8.713  252.45303  252.77338     1.3187     6.9620 0.0000e+00
 147.563501      8.828    16.2740  36.670657    28.4367      8.749  252.50785  252.82753     1.3187     6.9620 0.0000e+00
 147.563504      8.868    16.2669  36.671390    28.4424      8.789  252.53337  252.85270     1.3965     6.0643 0.0000e+00
 147.563507      8.921    16.2636  36.672733    28.4459      8.842  252.54409  252.86325     1.3965     6.0401 0.0000e+00
 147.563510      8.972    16.2625  36.673222    28.4459      8.892  252.54732  252.86642     1.3965     6.0401 0.0000e+00
 147.563513      9.020    16.2612  36.668463    28.4471      8.939  252.55184  252.87086     1.2720     6.0643 0.0000e+00
 147.563516      9.062    16.2612  36.674076    28.4489      8.981  252.55184  252.87086     1.4899     6.0643 0.0000e+00
 147.563519      9.102    16.2610  36.674504    28.4489      9.021  252.55184  252.87086     2.0191     5.7651 0.0000e+00
 147.563521      9.140    16.2606  36.673222    28.4490      9.058  252.55369  252.87267     2.1903     5.7368 0.0000e+00
 147.563524      9.173    16.2604  36.674504    28.4491      9.091  252.55417  252.87317     2.1903     5.7308 0.0000e+00
 147.563527      9.200    16.2603  36.673162    28.4497      9.118  252.55369  252.87267     2.1903     5.6964 -9.990e-29
 147.563530      9.224    16.2603  36.671087    28.4468      9.141  252.55909  252.87809     1.5988     7.4190 -9.990e-29
 147.563533      9.240    16.2616  36.673833    28.4482      9.158  252.55019  252.86924     1.5988     7.4028 -9.990e-29
 147.563536      9.262    16.2620  36.673650    28.4477      9.179  252.54866  252.86774     1.5054     7.3947 -9.990e-29
 147.563539      9.279    16.2622  36.668463    28.4431      9.196  252.55576  252.87487     1.5833     7.3785 -9.990e-29
 147.563542      9.301    16.2614  36.670904    28.4458      9.218  252.55517  252.87423     1.1163     7.2491 -9.990e-29
 147.563545      9.328    16.2591  36.670050    28.4467      9.245  252.56521  252.88416     1.0385     7.3017 -9.990e-29
 147.563547      9.350    16.2562  36.670051    28.4487      9.266  252.57610  252.89490     1.0852     7.2168 -9.990e-29
 147.563550      9.375    16.2551  36.670661    28.4500      9.292  252.57913  252.89788     1.1630     7.2734 -9.990e-29
 147.563553      9.399    16.2550  36.674505    28.4534      9.315  252.57405  252.89277     0.6027     6.6345 -9.990e-29
 147.563556      9.421    16.2531  36.671394    28.4521      9.337  252.58562  252.90427     0.6494     6.6426 -9.990e-29
 147.563559      9.445    16.2538  36.670723    28.4519      9.360  252.58269  252.90136     0.5871     6.6224 -9.990e-29
 147.563562      9.470    16.2536  36.671760    28.4549      9.386  252.57828  252.89692     0.5871     6.6022 0.0000e+00
 147.563565      9.498    16.2534  36.678533    28.4580      9.413  252.57748  252.89595     0.5871     6.5819 0.0000e+00
 147.563568      9.529    16.2509  36.682622    28.4633      9.444  252.57748  252.89595     0.5405     6.3151 0.0000e+00
 147.563571      9.560    16.2438  36.682867    28.4685      9.474  252.60371  252.92182     0.3070     6.2948 0.0000e+00
 147.563573      9.595    16.2358  36.680366    28.4721      9.509  252.63279  252.95040     0.1669     6.2665 0.0000e+00
 147.563576      9.637    16.2343  36.687507    28.4793      9.550  252.63598  252.95346     0.1669     6.2018 0.0000e+00
 147.563579      9.682    16.2321  36.690864    28.4838      9.595  252.63598  252.95346     1.3498     6.1573 0.0000e+00
 147.563582      9.733    16.2257  36.698921    28.4953      9.646  252.64819  252.96530     1.3498     6.1533 0.0000e+00
 147.563585      9.782    16.2149  36.702768    28.5062      9.695  252.68293  252.99948     1.3498     6.1533 0.0000e+00
 147.563588      9.830    16.2059  36.699412    28.5098      9.742  252.72204  253.03816     1.3498     6.1371 0.0000e+00
 147.563591      9.870    16.2014  36.704906    28.5177      9.782  252.73079  253.04665     1.9101     5.7813 0.0000e+00
 147.563594      9.910    16.1980  36.704358    28.5197      9.821  252.74429  253.05999     1.9568     5.7287 0.0000e+00
 147.563597      9.941    16.1969  36.708143    28.5221      9.852  252.74571  253.06134     1.9335     5.7489 0.0000e+00
 147.563600      9.969    16.1958  36.707899    28.5245      9.879  252.74713  253.06269     1.9568     5.7166 -9.990e-29
 147.563602      9.987    16.1962  36.709058    28.5250      9.897  252.74428  253.05986     1.1008     6.0158 -9.990e-29
 147.563605     10.003    16.1962  36.709058    28.5250      9.914  252.74429  253.05986     1.1475     6.0563 -9.990e-29
 147.563608     10.014    16.1937  36.707960    28.5258      9.925  252.75528  253.07074     1.1630     6.0401 -9.990e-29
 147.563611     10.025    16.1944  36.704908    28.5227      9.935  252.75711  253.07262     0.9762     6.1614 -9.990e-29
 147.563614     10.032    16.1979  36.709486    28.5241      9.943  252.73704  253.05270     1.0229     6.0724 -9.990e-29
 147.563617     10.051    16.1991  36.710401    28.5223      9.961  252.73457  253.05029     2.7194     6.4849 -9.990e-29
 147.563620     10.078    16.1968  36.708326    28.5216      9.988  252.74730  253.06293     2.7194     6.4768 0.0000e+00
 147.563623     10.109    16.1945  36.702772    28.5223     10.019  252.76004  253.07556     2.7194     6.4687 0.0000e+00
 147.563626     10.140    16.1890  36.707289    28.5284     10.049  252.77384  253.08907     2.3615     6.4364 0.0000e+00
 147.563628     10.180    16.1866  36.705031    28.5285     10.089  252.78501  253.10006     2.3303     6.1533 0.0000e+00
 147.563631     10.220    16.1858  36.708328    28.5318     10.129  252.78501  253.10006     2.3303     6.1533 0.0000e+00
 147.563634     10.257    16.1857  36.714677    28.5372     10.165  252.77498  253.09000     2.3303     6.1533 0.0000e+00
 147.563637     10.295    16.1844  36.721209    28.5438     10.203  252.77498  253.09000     2.3303     6.1978 0.0000e+00
 147.563640     10.331    16.1796  36.727193    28.5524     10.239  252.77991  253.09454     1.4432     6.9054 0.0000e+00
 147.563643     10.366    16.1740  36.726095    28.5555     10.273  252.80223  253.11642     1.4432     6.9095 0.0000e+00
 147.563646     10.401    16.1714  36.732873    28.5632     10.308  252.80266  253.11702     1.3965     6.9095 0.0000e+00
 147.563649     10.426    16.1651  36.735743    28.5702     10.333  252.82178  253.13563     1.3965     6.9095 0.0000e+00
 147.563652     10.453    16.1579  36.739164    28.5783     10.360  252.84382  253.15728     2.6261     5.7975 0.0000e+00
 147.563655     10.481    16.1531  36.744966    28.5867     10.387  252.85326  253.16645     2.8906     5.7975 0.0000e+00
 147.563657     10.517    16.1465  36.745638    28.5920     10.423  252.87698  253.18984     2.8906     5.7975 0.0000e+00
 147.563660     10.548    16.1394  36.753578    28.6040     10.454  252.89196  253.20441     2.8440     5.7409 0.0000e+00
 147.563663     10.585    16.1296  36.751931    28.6095     10.490  252.93118  253.24314     2.8440     5.7409 0.0000e+00
 147.563666     10.621    16.1212  36.752848    28.6161     10.526  252.96174  253.27327     4.3070     6.3312 0.0000e+00
 147.563669     10.652    16.1191  36.750161    28.6164     10.557  252.96660  253.27801     4.3070     6.3555 0.0000e+00
 147.563672     10.685    16.1191  36.754864    28.6196     10.590  252.96660  253.27801     4.2292     6.3636 0.0000e+00
 147.563675     10.718    16.1191  36.757796    28.6208     10.622  252.96442  253.27582     4.1902     6.3636 0.0000e+00
 147.563678     10.743    16.1191  36.757429    28.6221     10.647  252.96224  253.27363     4.2292     6.3636 -9.990e-29
 147.563681     10.765    16.1195  36.762987    28.6263     10.669  252.95301  253.26440     1.1163     7.4715 -9.990e-29
 147.563683     10.789    16.1165  36.763171    28.6287     10.693  252.96419  253.27542     1.0074     7.4837 -9.990e-29
 147.563686     10.807    16.1130  36.764698    28.6324     10.711  252.97486  253.28591     1.1163     7.4311 -9.990e-29
 147.563689     10.827    16.1098  36.761156    28.6317     10.731  252.99220  253.30310     3.6533     6.3555 -9.990e-29
 147.563692     10.849    16.1080  36.755538    28.6338     10.752  252.99778  253.30859     3.6533     6.3636 -9.990e-29
 147.563695     10.879    16.1069  36.762073    28.6421     10.781  252.98865  253.29936     3.6844     6.3414 0.0000e+00
 147.563698     10.906    16.1059  36.779543    28.6504     10.808  252.99778  253.30859     3.7155     6.3191 0.0000e+00
 147.563701     10.939    16.0971  36.782966    28.6596     10.841  253.00753  253.31765     3.8245     5.8258 0.0000e+00
 147.563704     10.979    16.0888  36.779851    28.6629     10.880  253.04348  253.35321     3.8401     5.8258 0.0000e+00
 147.563707     11.021    16.0865  36.785533    28.6672     10.922  253.04374  253.35331     3.8556     5.8460 0.0000e+00
 147.563709     11.059    16.0863  36.782723    28.6695     10.960  253.04374  253.35331     3.8556     5.8460 0.0000e+00
 147.563712     11.103    16.0851  36.793293    28.6772     11.004  253.04886  253.35844     3.8556     5.8622 0.0000e+00
 147.563715     11.143    16.0774  36.797999    28.6868     11.043  253.05945  253.36848     3.7311     5.8622 0.0000e+00
 147.563718     11.182    16.0668  36.801422    28.6974     11.081  253.09433  253.40280     3.7311     5.8622 0.0000e+00
 147.563721     11.211    16.0598  36.801179    28.7022     11.110  253.12116  253.42927     3.7000     5.8419 0.0000e+00
 147.563724     11.245    16.0583  36.799101    28.7024     11.145  253.12858  253.43662     3.6922     5.8298 0.0000e+00
 147.563727     11.273    16.0567  36.798246    28.7027     11.172  253.13601  253.44398     3.7000     5.8419 -9.990e-29
 147.563730     11.296    16.0553  36.797819    28.7059     11.195  253.13732  253.44520     2.5327     7.8274 -9.990e-29
 147.563733     11.326    16.0548  36.801668    28.7058     11.224  253.13996  253.44782     2.4782     7.8152 0.0000e+00
 147.563736     11.357    16.0543  36.800752    28.7059     11.255  253.14261  253.45045     2.5327     7.8031 0.0000e+00
 147.563738     11.388    16.0534  36.799836    28.7060     11.286  253.14677  253.45456     2.6728     6.9660 0.0000e+00
 147.563741     11.417    16.0524  36.801669    28.7063     11.315  253.15092  253.45867     2.9218     6.1290 -9.990e-29
 147.563744     11.441    16.0523  36.804236    28.7102     11.338  253.14466  253.45238     2.7194     6.1816 -9.990e-29
 147.563747     11.466    16.0531  36.803441    28.7090     11.363  253.14316  253.45092     2.7506     6.1776 -9.990e-29
 147.563750     11.486    16.0517  36.808147    28.7140     11.383  253.14123  253.44890     2.4548     6.7639 -9.990e-29
 147.563753     11.512    16.0474  36.808514    28.7174     11.409  253.15692  253.46436     2.4393     6.7639 -9.990e-29
 147.563756     11.535    16.0412  36.808820    28.7222     11.432  253.17991  253.48703     2.6572     6.6790 -9.990e-29
 147.563759     11.553    16.0382  36.805949    28.7219     11.450  253.19564  253.50262     2.6727     6.7962 -9.990e-29
 147.563762     11.577    16.0381  36.813710    28.7286     11.474  253.18433  253.49126     2.6261     6.7113 -9.990e-29
 147.563764     11.599    16.0309  36.819638    28.7437     11.495  253.19435  253.50085     6.5171     5.8460 -9.990e-29
 147.563767     11.626    16.0277  36.825079    28.7484     11.522  253.20263  253.50895     6.5949     5.8541 0.0000e+00
 147.563770     11.656    16.0244  36.830458    28.7530     11.551  253.21092  253.51705     6.6727     5.8581 0.0000e+00
 147.563773     11.690    16.0170  36.834738    28.7620     11.586  253.23215  253.53787     6.6727     5.8622 0.0000e+00
 147.563776     11.731    16.0095  36.837429    28.7698     11.625  253.25665  253.56197     4.4004     5.9309 0.0000e+00
 147.563779     11.774    16.0050  36.839080    28.7745     11.669  253.27100  253.57609     4.4004     5.9633 0.0000e+00
 147.563782     11.824    16.0026  36.843971    28.7804     11.718  253.27270  253.57763     4.6650     5.9713 0.0000e+00
 147.563785     11.867    15.9995  36.850941    28.7887     11.761  253.27396  253.57869     4.6650     5.9916 0.0000e+00
 147.563788     11.915    15.9944  36.851981    28.7933     11.808  253.29163  253.59609     4.4159     6.2382 0.0000e+00
 147.563791     11.955    15.9902  36.850759    28.7937     11.848  253.30939  253.61364     4.2603     6.2463 0.0000e+00
 147.563793     11.993    15.9901  36.848742    28.7950     11.886  253.31018  253.61443     4.2292     6.2423 0.0000e+00
 147.563796     12.024    15.9901  36.850453    28.7944     11.917  253.31176  253.61601     4.2136     6.2443 0.0000e+00
 147.563799     12.050    15.9901  36.850943    28.7950     11.942  253.31018  253.61443     4.1669     6.2423 -9.990e-29
 147.563802     12.068    15.9903  36.853205    28.7973     11.960  253.30548  253.60972     5.5210     6.3151 -9.990e-29
 147.563805     12.088    15.9908  36.849353    28.7935     11.980  253.30917  253.61347     5.6766     6.3919 -9.990e-29
 147.563808     12.105    15.9928  36.852532    28.7949     11.996  253.29691  253.60129     5.6144     6.3353 -9.990e-29
 147.563811     12.128    15.9936  36.855711    28.7970     12.020  253.28915  253.59355     5.3654     6.3474 -9.990e-29
 147.563814     12.150    15.9931  36.855650    28.7973     12.042  253.29105  253.59543     4.6961     5.9916 -9.990e-29
