seaocn-cb/data/ctd_cnv/SBE19plus_01907321_2024_05_27_Cast76.cnv
* Sea-Bird SBE19plus  Data File:
* FileName = E:\Prandtl_Daten\2024\27052024\raw\SBE19plus_01907321_2024_05_27_Cast76.hex
* Software version 2.6.1.12
* Temperature SN = 7321
* Conductivity SN = 7321
* System UpLoad Time = May 27 2024 10:06:42
* <ApplicationData>
* <Seaterm232>
** 20240527
** Sea Practical 2024
** MCat 27.05 CTD_SP5
** NMEA Latitude = 54 7.781N
** NMEA Longitude = 008 25.579E
** waterdepth = 9.3m
** Merle
# nquan = 11
# nvalues = 291                         
# units = specified
# name 0 = timeJ: Julian Days
# name 1 = prdM: Pressure, Strain Gauge [db]
# name 2 = tv290C: Temperature [ITS-90, deg C]
# name 3 = c0mS/cm: Conductivity [mS/cm]
# name 4 = sal00: Salinity, Practical [PSU]
# name 5 = depSM: Depth [salt water, m], lat = 54.00
# name 6 = oxsatMm/Kg: Oxygen Saturation, Weiss [umol/kg]
# name 7 = oxsolMm/Kg: Oxygen Saturation, Garcia & Gordon [umol/kg]
# name 8 = turbWETntu0: Turbidity, WET Labs ECO [NTU]
# name 9 = flECO-AFL: Fluorescence, WET Labs ECO-AFL/FL [mg/m^3]
# name 10 = flag:  0.000e+00
# span 0 = 148.417841, 148.418681       
# span 1 =      0.952,      8.309       
# span 2 =    16.2755,    16.3695       
# span 3 =  36.902322,  36.969973       
# span 4 =    28.6191,    28.6569       
# span 5 =      0.943,      8.234       
# span 6 =  251.70544,  252.12849       
# span 7 =  252.02810,  252.44679       
# span 8 =     5.2720,   132.5716       
# span 9 =     3.3490,     6.4687       
# span 10 = 0.0000e+00, 0.0000e+00      
# interval = seconds: 0.25
# start_time = May 27 2024 10:00:16 [Instrument's time stamp, header]
# bad_flag = -9.990e-29
*END*
 148.417841      0.952    16.3604  36.959444    28.6261      0.943  251.75296  252.07524     6.9840     3.4724 -9.990e-29
 148.417844      0.955    16.3574  36.962627    28.6306      0.947  251.76005  252.08217     5.2720     3.3672 -9.990e-29
 148.417847      0.999    16.3573  36.962199    28.6305      0.990  251.76084  252.08296     5.2720     3.3490 0.0000e+00
 148.417850      1.088    16.3574  36.961770    28.6306      1.079  251.76005  252.08217     5.2720     3.3672 0.0000e+00
 148.417853      1.187    16.3580  36.964464    28.6320      1.176  251.75440  252.07655     5.3498     3.3794 0.0000e+00
 148.417856      1.265    16.3589  36.969667    28.6337      1.254  251.74743  252.06960     5.4199     3.3855 0.0000e+00
 148.417859      1.301    16.3597  36.969545    28.6353      1.290  251.74045  252.06265     5.4899     3.3915 -9.990e-29
 148.417862      1.316    16.3673  36.967402    28.6279      1.304  251.71555  252.03814     6.8595     3.7312 -9.990e-29
 148.417865      1.321    16.3690  36.969973    28.6289      1.309  251.70544  252.02810     6.7350     3.7109 -9.990e-29
 148.417867      1.340    16.3695  36.968503    28.6243      1.328  251.71080  252.03350     6.7039     3.7514 -9.990e-29
 148.417870      1.369    16.3687  36.965137    28.6225      1.357  251.71773  252.04041     6.6338     3.8747 0.0000e+00
 148.417873      1.407    16.3687  36.959628    28.6225      1.395  251.71773  252.04041     6.6338     3.8747 0.0000e+00
 148.417876      1.435    16.3679  36.959016    28.6207      1.422  251.72466  252.04732     6.5638     3.9980 -9.990e-29
 148.417879      1.442    16.3610  36.952039    28.6191      1.429  251.76175  252.08411     6.4237     3.9900 -9.990e-29
 148.417882      1.440    16.3558  36.948857    28.6201      1.427  251.78570  252.10782     6.4393     3.9859 -9.990e-29
 148.417885      1.433    16.3507  36.948858    28.6238      1.420  251.80495  252.12682     6.8440     4.2124 -9.990e-29
 148.417888      1.436    16.3473  36.946838    28.6245      1.424  251.82057  252.14228     6.6261     4.1679 -9.990e-29
 148.417891      1.455    16.3437  36.947145    28.6294      1.442  251.83015  252.15167     6.8284     4.1598 -9.990e-29
 148.417894      1.484    16.3440  36.949532    28.6307      1.471  251.82630  252.14782     6.7739     4.0749 0.0000e+00
 148.417896      1.530    16.3443  36.953143    28.6299      1.516  251.82244  252.14397     6.8284     4.0142 0.0000e+00
 148.417899      1.575    16.3454  36.951674    28.6304      1.561  251.82042  252.14202     6.8284     3.9900 0.0000e+00
 148.417902      1.619    16.3468  36.953388    28.6304      1.605  251.81280  252.13446     6.8284     3.9859 0.0000e+00
 148.417905      1.659    16.3490  36.956815    28.6317      1.644  251.79964  252.12138     6.8284     3.9859 0.0000e+00
 148.417908      1.709    16.3523  36.959508    28.6317      1.693  251.78336  252.10525     9.0385     4.8876 0.0000e+00
 148.417911      1.756    16.3547  36.958590    28.6292      1.740  251.78038  252.10244     9.0385     4.8876 0.0000e+00
 148.417914      1.800    16.3549  36.954428    28.6273      1.784  251.77805  252.10009     9.0696     4.9058 0.0000e+00
 148.417917      1.832    16.3551  36.950450    28.6253      1.816  251.78038  252.10244     8.9296     4.8876 -9.990e-29
 148.417920      1.849    16.3499  36.945432    28.6213      1.832  251.81324  252.13510     9.0074     4.9523 -9.990e-29
 148.417922      1.856    16.3460  36.946656    28.6251      1.840  251.82588  252.14753    10.2058     4.8351 -9.990e-29
 148.417925      1.849    16.3429  36.941822    28.6231      1.833  251.84445  252.16598    10.4237     4.9160 -9.990e-29
 148.417928      1.845    16.3397  36.938212    28.6223      1.829  251.86181  252.18320    10.1903     4.8513 -9.990e-29
 148.417931      1.856    16.3343  36.938518    28.6265      1.840  251.88182  252.20294    10.1903     4.7866 -9.990e-29
 148.417934      1.876    16.3221  36.933256    28.6297      1.859  251.93668  252.25723    12.7272     4.7663 -9.990e-29
 148.417937      1.915    16.3197  36.932156    28.6308      1.897  251.94646  252.26689    12.7116     4.7622 0.0000e+00
 148.417940      1.955    16.3174  36.930749    28.6319      1.937  251.95623  252.27656    12.6961     4.7582 0.0000e+00
 148.417943      1.997    16.3136  36.930994    28.6348      1.979  251.97003  252.29017    12.6961     4.7582 0.0000e+00
 148.417946      2.044    16.3108  36.931668    28.6373      2.026  251.97959  252.29958    13.7856     4.7663 0.0000e+00
 148.417948      2.084    16.3085  36.930077    28.6376      2.066  251.99069  252.31057    13.8634     4.8027 0.0000e+00
 148.417951      2.113    16.3062  36.928548    28.6379      2.095  252.00139  252.32117    13.7856     4.7946 0.0000e+00
 148.417954      2.152    16.3044  36.927386    28.6382      2.132  252.00746  252.32709    13.9257     4.8149 0.0000e+00
 148.417957      2.181    16.3040  36.931180    28.6401      2.162  252.00876  252.32842    13.8479     4.8290 0.0000e+00
 148.417960      2.208    16.3036  36.925122    28.6421      2.189  252.00746  252.32709    13.9412     4.8634 -9.990e-29
 148.417963      2.228    16.3023  36.923164    28.6361      2.209  252.02416  252.34377    13.9879     4.8310 -9.990e-29
 148.417966      2.237    16.3020  36.927815    28.6403      2.217  252.01848  252.33806    13.8634     4.8472 -9.990e-29
 148.417969      2.243    16.3019  36.927631    28.6402      2.223  252.01906  252.33863    13.8478     4.8270 -9.990e-29
 148.417972      2.243    16.3022  36.925122    28.6378      2.223  252.02157  252.34117    10.8595     4.8310 -9.990e-29
 148.417975      2.252    16.3025  36.926469    28.6387      2.232  252.01838  252.33799    10.9062     4.8715 -9.990e-29
 148.417977      2.270    16.3035  36.924878    28.6376      2.250  252.01552  252.33518    10.5949     4.8149 -9.990e-29
 148.417980      2.301    16.3038  36.925979    28.6371      2.280  252.01493  252.33461    12.3381     4.7826 0.0000e+00
 148.417983      2.337    16.3041  36.925367    28.6376      2.317  252.01434  252.33403    14.0813     4.7623 0.0000e+00
 148.417986      2.374    16.3046  36.927631    28.6380      2.353  252.00891  252.32861    14.0813     4.7582 0.0000e+00
 148.417989      2.418    16.3046  36.927509    28.6382      2.396  252.00851  252.32822    14.0657     4.7582 0.0000e+00
 148.417992      2.460    16.3045  36.928549    28.6380      2.438  252.00851  252.32822    13.9879     4.7502 0.0000e+00
 148.417995      2.500    16.3038  36.923777    28.6354      2.478  252.01769  252.33737    12.0268     4.7097 0.0000e+00
 148.417998      2.531    16.3035  36.922982    28.6354      2.508  252.01769  252.33737    11.9179     4.7057 0.0000e+00
 148.418001      2.566    16.3030  36.927632    28.6391      2.543  252.01784  252.33745    11.9179     4.6774 0.0000e+00
 148.418003      2.597    16.3026  36.926959    28.6393      2.573  252.01675  252.33635    12.0580     4.7057 0.0000e+00
 148.418006      2.629    16.3026  36.927510    28.6395      2.606  252.01675  252.33635    13.2720     4.8876 0.0000e+00
 148.418009      2.657    16.3029  36.930570    28.6406      2.633  252.01344  252.33305    13.3343     4.8978 0.0000e+00
 148.418012      2.686    16.3032  36.923778    28.6417      2.662  252.01013  252.32975    13.2720     4.9079 -9.990e-29
 148.418015      2.706    16.3033  36.923411    28.6354      2.682  252.02015  252.33981    13.4899     4.9240 -9.990e-29
 148.418018      2.715    16.3013  36.922187    28.6358      2.691  252.02948  252.34906    13.3965     4.9443 -9.990e-29
 148.418021      2.719    16.3000  36.926838    28.6408      2.695  252.02772  252.34720    11.4976     4.5358 -9.990e-29
 148.418024      2.719    16.2988  36.927388    28.6421      2.695  252.03141  252.35083    11.5910     4.5965 -9.990e-29
 148.418027      2.723    16.2963  36.924696    28.6427      2.699  252.04284  252.36214    11.3576     4.5682 -9.990e-29
 148.418030      2.750    16.2953  36.925982    28.6422      2.726  252.04826  252.36752    12.6961     5.4012 0.0000e+00
 148.418032      2.788    16.2944  36.923351    28.6427      2.764  252.05367  252.37289    14.0346     6.2342 0.0000e+00
 148.418035      2.834    16.2929  36.925370    28.6445      2.809  252.05642  252.37556    14.1280     6.2787 0.0000e+00
 148.418038      2.881    16.2916  36.924698    28.6449      2.856  252.06226  252.38133    14.1280     6.2989 0.0000e+00
 148.418041      2.923    16.2906  36.924881    28.6449      2.897  252.06592  252.38494    14.1280     6.2787 0.0000e+00
 148.418044      2.963    16.2904  36.921272    28.6444      2.937  252.06950  252.38852    14.3615     5.7207 0.0000e+00
 148.418047      2.993    16.2901  36.922557    28.6430      2.966  252.07309  252.39210    14.7039     5.1424 -9.990e-29
 148.418050      3.018    16.2897  36.921272    28.6432      2.991  252.07462  252.39362    14.9529     5.0858 -9.990e-29
 148.418053      3.035    16.2899  36.923352    28.6449      3.007  252.07065  252.38965    14.9218     5.1222 -9.990e-29
 148.418056      3.058    16.2903  36.924454    28.6455      3.031  252.06753  252.38654    14.9996     5.2961 -9.990e-29
 148.418058      3.073    16.2907  36.922190    28.6433      3.045  252.06938  252.38843    14.9218     5.3365 -9.990e-29
 148.418061      3.089    16.2914  36.922863    28.6433      3.062  252.06569  252.38477    14.8128     5.3122 -9.990e-29
 148.418064      3.104    16.2921  36.924882    28.6446      3.076  252.06030  252.37940    14.7506     5.2718 -9.990e-29
 148.418067      3.115    16.2921  36.921945    28.6421      3.087  252.06466  252.38377    14.7194     5.2758 -9.990e-29
 148.418070      3.131    16.2920  36.923108    28.6431      3.103  252.06324  252.38235    10.6416     4.5520 -9.990e-29
 148.418073      3.151    16.2902  36.925800    28.6450      3.123  252.06919  252.38820    10.3926     4.5601 -9.990e-29
 148.418076      3.179    16.2896  36.923781    28.6450      3.150  252.07212  252.39111    10.4237     4.5560 0.0000e+00
 148.418079      3.217    16.2890  36.922680    28.6450      3.188  252.07505  252.39401    10.3926     4.5601 0.0000e+00
 148.418082      3.266    16.2874  36.922313    28.6457      3.237  252.08164  252.40052     9.0229     4.7340 0.0000e+00
 148.418084      3.321    16.2863  36.925128    28.6489      3.291  252.08171  252.40052     9.0229     4.7582 0.0000e+00
 148.418087      3.378    16.2850  36.924884    28.6489      3.347  252.08692  252.40566     9.0229     4.7582 0.0000e+00
 148.418090      3.420    16.2841  36.921764    28.6489      3.389  252.09285  252.41156     9.0775     4.7644 0.0000e+00
 148.418093      3.447    16.2831  36.921274    28.6483      3.416  252.09878  252.41745     9.0074     4.7502 -9.990e-29
 148.418096      3.456    16.2794  36.925558    28.6542      3.425  252.10701  252.42547    11.7622     4.5763 -9.990e-29
 148.418099      3.454    16.2785  36.921520    28.6513      3.424  252.11630  252.43474    11.7311     4.5844 -9.990e-29
 148.418102      3.442    16.2780  36.923110    28.6531      3.411  252.11574  252.43415    11.7934     4.5520 -9.990e-29
 148.418105      3.442    16.2775  36.922560    28.6529      3.411  252.11836  252.43675    12.2914     4.5601 -9.990e-29
 148.418108      3.449    16.2774  36.920174    28.6555      3.418  252.11481  252.43317    12.1358     4.5884 -9.990e-29
 148.418111      3.476    16.2775  36.925374    28.6543      3.445  252.11662  252.43499    12.2525     4.5924 0.0000e+00
 148.418113      3.515    16.2775  36.922744    28.6531      3.483  252.11843  252.43681    12.2292     4.5925 0.0000e+00
 148.418116      3.562    16.2775  36.921765    28.6531      3.530  252.11843  252.43681    12.3692     4.5965 0.0000e+00
 148.418119      3.611    16.2779  36.924457    28.6526      3.579  252.11484  252.43327    12.2292     4.9806 0.0000e+00
 148.418122      3.663    16.2783  36.922989    28.6526      3.630  252.11444  252.43283    12.1669     4.9806 0.0000e+00
 148.418125      3.703    16.2787  36.921949    28.6519      3.670  252.11412  252.43257    12.1591     4.9806 0.0000e+00
 148.418128      3.730    16.2791  36.923784    28.6512      3.697  252.11340  252.43187    12.1669     4.9806 -9.990e-29
 148.418131      3.744    16.2803  36.921704    28.6501      3.711  252.10957  252.42810    12.3070     5.1222 -9.990e-29
 148.418134      3.752    16.2804  36.923111    28.6513      3.718  252.10719  252.42572    12.2914     5.0898 -9.990e-29
 148.418137      3.757    16.2803  36.919012    28.6478      3.724  252.11357  252.43211    12.4315     5.1505 -9.990e-29
 148.418139      3.766    16.2796  36.921031    28.6500      3.733  252.11299  252.43149    12.4626     5.1424 -9.990e-29
 148.418142      3.786    16.2780  36.925375    28.6518      3.753  252.11794  252.43636    11.7155     4.6733 -9.990e-29
 148.418145      3.812    16.2777  36.921766    28.6521      3.778  252.11922  252.43761    11.7545     4.6753 0.0000e+00
 148.418148      3.850    16.2773  36.921888    28.6524      3.816  252.11794  252.43636    11.7155     4.6774 0.0000e+00
 148.418151      3.894    16.2771  36.924458    28.6548      3.859  252.11761  252.43596    11.6533     4.6976 0.0000e+00
 148.418154      3.940    16.2768  36.925805    28.6548      3.904  252.11761  252.43596    11.1241     4.7057 0.0000e+00
 148.418157      3.985    16.2767  36.922195    28.6531      3.950  252.12251  252.44086    11.0619     4.6976 0.0000e+00
 148.418160      4.027    16.2763  36.921522    28.6531      3.991  252.12355  252.44186    11.0307     4.7097 0.0000e+00
 148.418163      4.066    16.2762  36.922746    28.6533      4.029  252.12415  252.44247    11.0151     4.6895 0.0000e+00
 148.418166      4.091    16.2762  36.922868    28.6539      4.055  252.12355  252.44186    10.9996     4.7097 -9.990e-29
 148.418168      4.107    16.2756  36.920849    28.6526      4.071  252.12849  252.44679    14.6261     4.9847 -9.990e-29
 148.418171      4.117    16.2755  36.925805    28.6569      4.080  252.12145  252.43972    14.6572     4.9968 -9.990e-29
 148.418174      4.118    16.2756  36.921094    28.6528      4.082  252.12813  252.44643    14.5327     4.9847 -9.990e-29
 148.418177      4.124    16.2759  36.921767    28.6532      4.087  252.12623  252.44454    14.6261     4.9766 -9.990e-29
 148.418180      4.128    16.2760  36.921461    28.6529      4.091  252.12609  252.44440    14.7817     4.8108 -9.990e-29
 148.418183      4.146    16.2762  36.924887    28.6557      4.109  252.12042  252.43872    14.6727     4.7906 -9.990e-29
 148.418186      4.164    16.2766  36.917912    28.6560      4.127  252.11795  252.43627    14.7973     4.8108 -9.990e-29
 148.418189      4.194    16.2766  36.925561    28.6548      4.156  252.11996  252.43828    14.4082     4.7421 0.0000e+00
 148.418192      4.235    16.2766  36.922869    28.6545      4.197  252.11966  252.43800    14.1747     4.7057 0.0000e+00
 148.418194      4.281    16.2767  36.924031    28.6536      4.243  252.12192  252.44027    14.0346     4.6976 0.0000e+00
 148.418197      4.327    16.2768  36.922318    28.6532      4.288  252.12110  252.43946    14.1747     4.6976 0.0000e+00
 148.418200      4.374    16.2769  36.922685    28.6531      4.335  252.12151  252.43987    14.1280     4.6976 0.0000e+00
 148.418203      4.405    16.2769  36.924460    28.6532      4.366  252.12110  252.43946    14.2214     4.6976 -9.990e-29
 148.418206      4.427    16.2769  36.919932    28.6508      4.387  252.12521  252.44358    14.5327     4.8513 -9.990e-29
 148.418209      4.445    16.2769  36.923114    28.6535      4.406  252.12051  252.43886    14.7506     4.8998 -9.990e-29
 148.418212      4.456    16.2768  36.924215    28.6545      4.416  252.11918  252.43752    14.5949     4.8755 -9.990e-29
 148.418215      4.471    16.2771  36.927091    28.6568      4.431  252.11403  252.43237    14.4860     4.8310 -9.990e-29
 148.418218      4.487    16.2772  36.923542    28.6517      4.447  252.12206  252.44044    16.5560     4.7340 -9.990e-29
