seaocn-cb/data/ctd_cnv/SBE19plus_01907321_2024_05_27_Cast84.cnv
* Sea-Bird SBE19plus  Data File:
* FileName = E:\Prandtl_Daten\2024\27052024\raw\SBE19plus_01907321_2024_05_27_Cast84.hex
* Software version 2.6.1.12
* Temperature SN = 7321
* Conductivity SN = 7321
* System UpLoad Time = May 27 2024 12:05:24
* <ApplicationData>
* <Seaterm232>
** 20240527
** Sea Practical 2024
** MCat 27.05 CTD_SP5
** NMEA Latitude = 54 7.781N
** NMEA Longitude = 008 25.579E
** waterdepth = 10.5m
** Merle
# nquan = 11
# nvalues = 371                         
# units = specified
# name 0 = timeJ: Julian Days
# name 1 = prdM: Pressure, Strain Gauge [db]
# name 2 = tv290C: Temperature [ITS-90, deg C]
# name 3 = c0mS/cm: Conductivity [mS/cm]
# name 4 = sal00: Salinity, Practical [PSU]
# name 5 = depSM: Depth [salt water, m], lat = 54.00
# name 6 = oxsatMm/Kg: Oxygen Saturation, Weiss [umol/kg]
# name 7 = oxsolMm/Kg: Oxygen Saturation, Garcia & Gordon [umol/kg]
# name 8 = turbWETntu0: Turbidity, WET Labs ECO [NTU]
# name 9 = flECO-AFL: Fluorescence, WET Labs ECO-AFL/FL [mg/m^3]
# name 10 = flag:  0.000e+00
# span 0 = 148.500865, 148.501936       
# span 1 =      0.472,      9.892       
# span 2 =    15.7931,    16.0188       
# span 3 =  37.133547,  37.319865       
# span 4 =    29.1762,    29.1945       
# span 5 =      0.468,      9.804       
# span 6 =  252.50048,  253.62424       
# span 7 =  252.80335,  253.91644       
# span 8 =    -3.5062,    33.2097       
# span 9 =     1.6487,     7.0288       
# span 10 = 0.0000e+00, 0.0000e+00      
# interval = seconds: 0.25
# start_time = May 27 2024 12:00:05 [Instrument's time stamp, header]
# bad_flag = -9.990e-29
*END*
[from data line 263]
 148.501626      7.762    15.8059  37.152183    29.1937      7.693  253.54657  253.83933     2.0191     4.2204 -9.990e-29
 148.501629      7.782    15.8053  37.147644    29.1902      7.712  253.55584  253.84859     1.9879     4.1557 -9.990e-29
 148.501632      7.800    15.8048  37.148319    29.1911      7.730  253.55661  253.84934     2.6572     4.4550 -9.990e-29
 148.501635      7.815    15.8043  37.148994    29.1921      7.745  253.55738  253.85008     2.7194     4.4428 -9.990e-29
 148.501638      7.837    15.8038  37.147890    29.1914      7.767  253.56085  253.85353     2.4548     4.4428 -9.990e-29
 148.501641      7.862    15.8034  37.146479    29.1905      7.792  253.56479  253.85745     2.5015     4.4590 -9.990e-29
 148.501644      7.884    15.8028  37.146724    29.1933      7.813  253.56282  253.85543     3.8556     4.1679 -9.990e-29
 148.501646      7.915    15.8028  37.149178    29.1926      7.844  253.56399  253.85661     3.7700     4.1780 0.0000e+00
 148.501649      7.950    15.8028  37.147645    29.1920      7.879  253.56516  253.85778     3.6844     4.1881 0.0000e+00
 148.501652      7.982    15.8027  37.147461    29.1919      7.911  253.56590  253.85852     3.6688     4.1982 0.0000e+00
 148.501655      8.010    15.8025  37.148994    29.1920      7.938  253.56664  253.85925     3.6533     4.2083 -9.990e-29
 148.501658      8.033    15.8019  37.148075    29.1930      7.962  253.56813  253.86070     5.2253     4.4024 -9.990e-29
 148.501661      8.052    15.8016  37.147461    29.1926      7.980  253.56996  253.86252     5.1630     4.3862 -9.990e-29
 148.501664      8.066    15.8012  37.145805    29.1915      7.994  253.57426  253.86681     5.3498     4.4065 -9.990e-29
 148.501667      8.087    15.8008  37.145499    29.1915      8.014  253.57592  253.86846     7.0774     4.3337 -9.990e-29
 148.501670      8.108    15.8002  37.146910    29.1918      8.036  253.57861  253.87112     7.1397     4.3094 -9.990e-29
 148.501672      8.138    15.8001  37.145315    29.1924      8.065  253.57795  253.87044     7.0308     4.3074 0.0000e+00
 148.501675      8.169    15.8000  37.146603    29.1918      8.096  253.57861  253.87112     6.9218     4.3094 0.0000e+00
 148.501678      8.211    15.7997  37.144886    29.1930      8.137  253.58030  253.87275     6.8906     4.3054 0.0000e+00
 148.501681      8.260    15.7993  37.146604    29.1917      8.186  253.58109  253.87357     6.6416     4.1800 0.0000e+00
 148.501684      8.315    15.7987  37.141942    29.1917      8.240  253.58948  253.88192     6.5171     4.1800 0.0000e+00
 148.501687      8.373    15.7979  37.143353    29.1917      8.298  253.59035  253.88274     6.5638     4.1881 0.0000e+00
 148.501690      8.419    15.7975  37.143722    29.1921      8.343  253.59157  253.88394     6.5404     4.1982 0.0000e+00
 148.501693      8.453    15.7971  37.141023    29.1925      8.378  253.59279  253.88514     6.5638     4.1881 -9.990e-29
 148.501696      8.466    15.7965  37.144397    29.1936      8.390  253.59418  253.88649     6.8128     3.8565 -9.990e-29
 148.501698      8.473    15.7963  37.144458    29.1938      8.398  253.59469  253.88699     6.7973     3.8889 -9.990e-29
 148.501701      8.473    15.7960  37.143109    29.1928      8.397  253.59792  253.89021     6.6727     3.8282 -9.990e-29
 148.501704      8.466    15.7959  37.141023    29.1911      8.390  253.60167  253.89397     9.1008     4.0264 -9.990e-29
 148.501707      8.460    15.7958  37.141943    29.1920      8.385  253.60057  253.89286     9.0074     4.0627 -9.990e-29
 148.501710      8.460    15.7960  37.143538    29.1932      8.385  253.59726  253.88955     9.0385     4.0627 -9.990e-29
 148.501713      8.475    15.7959  37.142618    29.1924      8.399  253.59896  253.89126     8.9607     4.0304 -9.990e-29
 148.501716      8.497    15.7958  37.143538    29.1945      8.421  253.59615  253.88843     6.4237     4.0789 -9.990e-29
 148.501719      8.535    15.7959  37.144888    29.1932      8.459  253.59776  253.89006     6.4160     4.0769 0.0000e+00
 148.501722      8.585    15.7958  37.142189    29.1924      8.508  253.59938  253.89168     6.4237     4.0749 0.0000e+00
 148.501725      8.639    15.7955  37.142251    29.1924      8.562  253.60110  253.89338     6.4860     4.0425 0.0000e+00
 148.501727      8.707    15.7954  37.142374    29.1924      8.629  253.60155  253.89382     6.4860     4.0183 0.0000e+00
 148.501730      8.765    15.7950  37.140963    29.1925      8.687  253.60405  253.89629     6.3148     3.8565 0.0000e+00
 148.501733      8.818    15.7949  37.141945    29.1924      8.739  253.60504  253.89728     6.2058     3.8565 0.0000e+00
 148.501736      8.858    15.7949  37.141700    29.1925      8.779  253.60455  253.89678     6.1513     3.8605 0.0000e+00
 148.501739      8.893    15.7948  37.140044    29.1924      8.813  253.60504  253.89728     6.2058     3.8646 -9.990e-29
 148.501742      8.913    15.7945  37.142374    29.1931      8.833  253.60494  253.89716     8.7117     4.2771 -9.990e-29
 148.501745      8.924    15.7946  37.140044    29.1910      8.844  253.60818  253.90042     8.6961     4.2568 -9.990e-29
 148.501748      8.931    15.7946  37.141700    29.1925      8.851  253.60567  253.89791     8.7584     4.2407 -9.990e-29
 148.501751      8.935    15.7944  37.143049    29.1938      8.855  253.60453  253.89674     8.7584     4.2892 -9.990e-29
 148.501753      8.946    15.7944  37.140044    29.1912      8.866  253.60908  253.90131    10.2836     5.3729 -9.990e-29
 148.501756      8.955    15.7943  37.140780    29.1919      8.875  253.60827  253.90049    10.2214     5.3446 -9.990e-29
 148.501759      8.969    15.7940  37.140964    29.1922      8.889  253.60889  253.90110    10.4548     5.3244 -9.990e-29
 148.501762      8.980    15.7940  37.141271    29.1925      8.900  253.60844  253.90064    10.3770     5.2718 -9.990e-29
 148.501765      9.002    15.7940  37.140106    29.1915      8.922  253.61021  253.90242     6.8595     6.9539 -9.990e-29
 148.501768      9.022    15.7936  37.140290    29.1919      8.941  253.61143  253.90362     6.8595     6.9701 -9.990e-29
 148.501771      9.046    15.7936  37.137591    29.1916      8.965  253.61241  253.90460     6.6883     7.0227 -9.990e-29
 148.501774      9.077    15.7936  37.139861    29.1925      8.996  253.61099  253.90317     6.6883     7.0288 0.0000e+00
 148.501777      9.114    15.7935  37.141946    29.1916      9.032  253.61241  253.90460     6.6883     7.0227 0.0000e+00
 148.501780      9.156    15.7933  37.137592    29.1917      9.074  253.61338  253.90555     6.8440     4.9240 0.0000e+00
 148.501782      9.199    15.7933  37.139861    29.1917      9.117  253.61338  253.90555     6.8440     4.8998 0.0000e+00
 148.501785      9.254    15.7932  37.140597    29.1919      9.171  253.61338  253.90555     6.7661     4.9079 0.0000e+00
 148.501788      9.305    15.7932  37.140045    29.1924      9.222  253.61259  253.90476     6.7661     4.8957 0.0000e+00
 148.501791      9.345    15.7932  37.141272    29.1929      9.262  253.61162  253.90378     7.2642     3.7837 0.0000e+00
 148.501794      9.380    15.7932  37.142192    29.1929      9.296  253.61162  253.90378     7.2642     3.7716 0.0000e+00
 148.501797      9.407    15.7932  37.140046    29.1929      9.323  253.61203  253.90419     7.2564     3.7676 0.0000e+00
 148.501800      9.433    15.7933  37.139862    29.1918      9.349  253.61322  253.90539     7.2486     3.7716 -9.990e-29
 148.501803      9.451    15.7934  37.141150    29.1927      9.367  253.61127  253.90345    17.4276     4.1517 -9.990e-29
 148.501806      9.462    15.7932  37.140598    29.1923      9.377  253.61271  253.90488    17.3965     4.1638 -9.990e-29
 148.501808      9.475    15.7932  37.136734    29.1889      9.390  253.61857  253.91076    17.5521     4.1881 -9.990e-29
 148.501811      9.490    15.7934  37.135937    29.1881      9.405  253.61919  253.91140    17.4120     4.1962 -9.990e-29
 148.501814      9.504    15.7932  37.137838    29.1900      9.419  253.61721  253.90939    14.2214     5.3688 -9.990e-29
 148.501817      9.526    15.7931  37.137470    29.1926      9.441  253.61308  253.90524    13.9257     5.4254 -9.990e-29
 148.501820      9.557    15.7932  37.140782    29.1921      9.472  253.61364  253.90580    13.9335     5.4133 0.0000e+00
 148.501823      9.592    15.7932  37.139862    29.1921      9.506  253.61364  253.90580    13.9335     5.4133 0.0000e+00
 148.501826      9.627    15.7932  37.140966    29.1917      9.540  253.61420  253.90637    13.9412     5.4012 -9.990e-29
 148.501829      9.652    15.7932  37.138759    29.1907      9.566  253.61590  253.90808    21.9257     4.9806 -9.990e-29
 148.501832      9.652    15.7933  37.136796    29.1889      9.566  253.61828  253.91048    21.6922     4.9968 -9.990e-29
 148.501834      9.647    15.7933  37.140353    29.1920      9.560  253.61289  253.90506    21.8323     4.9443 -9.990e-29
 148.501837      9.645    15.7936  37.139188    29.1908      9.559  253.61376  253.90596    21.8323     4.9483 -9.990e-29
 148.501840      9.645    15.7935  37.141825    29.1932      9.558  253.61006  253.90224    16.1825     4.0910 -9.990e-29
 148.501843      9.643    15.7936  37.137593    29.1894      9.557  253.61618  253.90838    16.0891     4.0425 -9.990e-29
 148.501846      9.645    15.7937  37.138145    29.1898      9.558  253.61475  253.90695    15.9179     4.0466 -9.990e-29
 148.501849      9.650    15.7938  37.140599    29.1918      9.564  253.61074  253.90293    16.1825     4.0385 -9.990e-29
 148.501852      9.654    15.7938  37.140783    29.1920      9.567  253.61046  253.90266    20.2447     4.4954 -9.990e-29
 148.501855      9.657    15.7939  37.137225    29.1888      9.571  253.61555  253.90777    20.1202     4.5035 -9.990e-29
 148.501858      9.666    15.7938  37.136919    29.1886      9.580  253.61632  253.90854    20.0891     4.5035 -9.990e-29
 148.501861      9.677    15.7939  37.138759    29.1900      9.591  253.61363  253.90584    18.1124     4.2245 -9.990e-29
 148.501863      9.706    15.7938  37.138513    29.1899      9.620  253.61412  253.90633    18.1747     4.2326 0.0000e+00
 148.501866      9.734    15.7937  37.138268    29.1898      9.647  253.61461  253.90682    18.2369     4.2407 0.0000e+00
 148.501869      9.761    15.7937  37.137716    29.1896      9.674  253.61504  253.90725    18.2914     4.2569 0.0000e+00
 148.501872      9.787    15.7937  37.136245    29.1894      9.699  253.61546  253.90768    18.3459     4.2730 -9.990e-29
 148.501875      9.807    15.7936  37.137901    29.1896      9.719  253.61581  253.90801    18.2525     4.2649 -9.990e-29
 148.501878      9.821    15.7934  37.137594    29.1895      9.733  253.61687  253.90907    28.8362     4.7866 -9.990e-29
 148.501881      9.823    15.7932  37.136919    29.1890      9.735  253.61849  253.91068    28.7428     4.7987 -9.990e-29
 148.501884      9.821    15.7935  37.138575    29.1903      9.733  253.61509  253.90728    28.6338     4.8310 -9.990e-29
 148.501887      9.827    15.7933  37.138085    29.1899      9.739  253.61643  253.90862    28.7117     4.8189 -9.990e-29
 148.501889      9.840    15.7932  37.138759    29.1906      9.752  253.61571  253.90789    24.0268     4.2488 -9.990e-29
 148.501892      9.853    15.7932  37.136919    29.1890      9.764  253.61851  253.91070    23.8245     4.2326 -9.990e-29
 148.501895      9.869    15.7932  37.136490    29.1886      9.781  253.61917  253.91136    24.1202     4.2285 -9.990e-29
 148.501898      9.882    15.7932  37.135938    29.1881      9.793  253.62001  253.91221    24.0113     4.2528 -9.990e-29
 148.501901      9.887    15.7933  37.139434    29.1911      9.799  253.61442  253.90660    32.8673     4.8674 -9.990e-29
 148.501904      9.884    15.7933  37.136613    29.1886      9.795  253.61869  253.91089    32.9607     4.8472 -9.990e-29
 148.501907      9.878    15.7932  37.135816    29.1880      9.790  253.62020  253.91239    33.0385     4.8351 -9.990e-29
 148.501910      9.860    15.7934  37.138085    29.1899      9.772  253.61615  253.90835    33.2097     4.8634 -9.990e-29
 148.501913      9.840    15.7936  37.138575    29.1902      9.752  253.61480  253.90700    32.5093     4.5520 -9.990e-29
 148.501916      9.829    15.7937  37.136490    29.1883      9.741  253.61736  253.90958    32.4938     4.5318 -9.990e-29
 148.501918      9.818    15.7937  37.137042    29.1887      9.730  253.61652  253.90873    32.4626     4.5763 -9.990e-29
 148.501921      9.818    15.7937  37.136735    29.1885      9.730  253.61698  253.90920    32.6027     4.6127 -9.990e-29
 148.501924      9.830    15.7935  37.137165    29.1890      9.742  253.61723  253.90943    32.5405     4.5035 -9.990e-29
 148.501927      9.849    15.7932  37.136613    29.1888      9.761  253.61927  253.91146    28.8517     4.6572 -9.990e-29
 148.501930      9.863    15.7932  37.135816    29.1881      9.775  253.62048  253.91268    28.9762     4.6976 -9.990e-29
 148.501933      9.885    15.7932  37.137717    29.1897      9.797  253.61732  253.90951    28.7895     4.6976 -9.990e-29
 148.501936      9.892    15.7931  37.133547    29.1861      9.804  253.62424  253.91644    28.7272     4.6652 -9.990e-29
