seaocn-cb/data/ctd_cnv/SBE19plus_01907321_2024_05_30_Cast116.cnv
* Sea-Bird SBE19plus  Data File:
* FileName = E:\Prandtl_Daten\2024\30052024\raw\SBE19plus_01907321_2024_05_30_Cast116.hex
* Software version 2.6.1.12
* Temperature SN = 7321
* Conductivity SN = 7321
* System UpLoad Time = May 30 2024 10:40:10
* <ApplicationData>
* <Seaterm232>
** 20240530
** Sea Practical 2024
** MCat 30.05 CTD_Mooring 1
** NMEA Latitude = 54 07.562N
** NMEA Longitude = 008 27.957E
** waterdepth = 6.0m
** Isabelle
# nquan = 11
# nvalues = 197                         
# units = specified
# name 0 = timeJ: Julian Days
# name 1 = prdM: Pressure, Strain Gauge [db]
# name 2 = tv290C: Temperature [ITS-90, deg C]
# name 3 = c0mS/cm: Conductivity [mS/cm]
# name 4 = sal00: Salinity, Practical [PSU]
# name 5 = depSM: Depth [salt water, m], lat = 54.00
# name 6 = oxsatMm/Kg: Oxygen Saturation, Weiss [umol/kg]
# name 7 = oxsolMm/Kg: Oxygen Saturation, Garcia & Gordon [umol/kg]
# name 8 = turbWETntu0: Turbidity, WET Labs ECO [NTU]
# name 9 = flECO-AFL: Fluorescence, WET Labs ECO-AFL/FL [mg/m^3]
# name 10 = flag:  0.000e+00
# span 0 = 151.440778, 151.441345       
# span 1 =      0.146,      5.205       
# span 2 =    16.3506,    17.0143       
# span 3 =  36.148572,  36.395889       
# span 4 =    27.6620,    28.1214       
# span 5 =      0.145,      5.159       
# span 6 =  250.15258,  252.66882       
# span 7 =  250.50903,  252.99404       
# span 8 =    -2.5413,    11.8401       
# span 9 =     1.6568,     5.5144       
# span 10 = 0.0000e+00, 0.0000e+00      
# interval = seconds: 0.25
# start_time = May 30 2024 10:33:23 [Instrument's time stamp, header]
# bad_flag = -9.990e-29
*END*
[from data line 132]
 151.441160      3.586    16.4538  36.213893    27.9197      3.554  252.50167  252.83278     0.6961     4.2407 -9.990e-29
 151.441163      3.599    16.4482  36.221423    27.9301      3.567  252.51197  252.84276    -0.1911     4.3822 -9.990e-29
 151.441166      3.612    16.4418  36.219602    27.9330      3.580  252.53878  252.86927    -0.1132     4.3781 -9.990e-29
 151.441169      3.623    16.4375  36.219602    27.9360      3.590  252.55496  252.88525    -0.1599     4.3943 -9.990e-29
 151.441172      3.634    16.4354  36.221606    27.9392      3.601  252.55996  252.89013    -0.1599     4.3579 -9.990e-29
 151.441175      3.648    16.4341  36.224946    27.9429      3.616  252.55993  252.89002     1.1008     4.3660 -9.990e-29
 151.441178      3.669    16.4326  36.226039    27.9449      3.636  252.56383  252.89384     1.2875     4.2124 -9.990e-29
 151.441181      3.687    16.4310  36.224582    27.9448      3.654  252.57209  252.90203     1.0541     4.1881 -9.990e-29
 151.441183      3.709    16.4291  36.228893    27.9559      3.676  252.56263  252.89242     1.1630     4.1881 -9.990e-29
 151.441186      3.742    16.4281  36.235998    27.9589      3.708  252.56223  252.89196     0.8439     4.4287 0.0000e+00
 151.441189      3.775    16.4272  36.241525    27.9619      3.741  252.56263  252.89242     0.5249     4.6572 0.0000e+00
 151.441192      3.820    16.4242  36.243469    27.9656      3.786  252.56998  252.89949     0.5249     4.6693 0.0000e+00
 151.441195      3.862    16.4221  36.244137    27.9677      3.828  252.57726  252.90666     0.6961     4.6976 0.0000e+00
 151.441198      3.906    16.4203  36.246081    27.9706      3.871  252.57726  252.90666     0.6961     4.6976 0.0000e+00
 151.441201      3.944    16.4188  36.255860    27.9797      3.909  252.58113  252.91043     0.2292     4.2568 0.0000e+00
 151.441204      3.988    16.4159  36.253188    27.9800      3.953  252.58718  252.91623     0.2292     4.2568 0.0000e+00
 151.441207      4.030    16.4131  36.258047    27.9858      3.994  252.59061  252.91931     0.3070     4.2568 0.0000e+00
 151.441209      4.065    16.4102  36.265580    27.9943      4.029  252.59072  252.91960     0.3692     4.3013 0.0000e+00
 151.441212      4.098    16.4084  36.272445    27.9985      4.061  252.59227  252.92086     0.4160     4.3094 0.0000e+00
 151.441215      4.127    16.4066  36.274207    28.0027      4.090  252.59393  252.92242     0.5249     4.3984 -9.990e-29
 151.441218      4.147    16.3985  36.276881    28.0121      4.110  252.61820  252.94627     0.6805     4.3903 -9.990e-29
 151.441221      4.160    16.3955  36.279737    28.0167      4.122  252.62528  252.95318     0.5560     4.4024 -9.990e-29
 151.441224      4.171    16.3928  36.281317    28.0200      4.133  252.63331  252.96108     0.9296     4.3781 -9.990e-29
 151.441227      4.180    16.3911  36.279737    28.0198      4.142  252.64205  252.96974     1.0852     4.4550 -9.990e-29
 151.441230      4.189    16.3899  36.285145    28.0252      4.151  252.63834  252.96595     1.1163     4.4388 -9.990e-29
 151.441233      4.193    16.3894  36.284173    28.0248      4.155  252.64191  252.96949     1.1319     4.4186 -9.990e-29
 151.441236      4.196    16.3897  36.290127    28.0296      4.159  252.63191  252.95947     1.3031     4.4469 -9.990e-29
 151.441238      4.205    16.3891  36.290796    28.0306      4.168  252.63306  252.96060     1.7856     4.4307 -9.990e-29
 151.441241      4.224    16.3875  36.289945    28.0317      4.186  252.63918  252.96663     1.7700     4.4024 -9.990e-29
 151.441244      4.251    16.3876  36.290796    28.0358      4.213  252.63185  252.95927     1.8790     4.4226 0.0000e+00
 151.441247      4.282    16.3875  36.300336    28.0398      4.244  252.62947  252.95682     1.9879     4.4428 0.0000e+00
 151.441250      4.326    16.3865  36.300094    28.0404      4.287  252.62524  252.95250     2.1280     5.1343 0.0000e+00
 151.441253      4.373    16.3853  36.305867    28.0461      4.334  252.62524  252.95250     2.3615     5.1343 0.0000e+00
 151.441256      4.422    16.3844  36.309878    28.0502      4.383  252.62331  252.95041     2.3303     5.1343 0.0000e+00
 151.441259      4.470    16.3829  36.313404    28.0543      4.430  252.62331  252.95041     2.3303     5.1100 0.0000e+00
 151.441262      4.517    16.3812  36.313404    28.0554      4.477  252.62973  252.95675     2.0502     4.1962 0.0000e+00
 151.441264      4.554    16.3805  36.315410    28.0568      4.513  252.63085  252.95783     2.0347     4.1902 0.0000e+00
 151.441267      4.583    16.3799  36.322947    28.0581      4.542  252.63197  252.95891     2.0502     4.1962 -9.990e-29
 151.441270      4.605    16.3751  36.326230    28.0707      4.564  252.63399  252.96064     2.2214     4.1800 -9.990e-29
 151.441273      4.612    16.3720  36.327629    28.0740      4.571  252.64350  252.96999     2.1903     4.1598 -9.990e-29
 151.441276      4.623    16.3698  36.324894    28.0733      4.582  252.65607  252.98246     3.3264     4.5278 -9.990e-29
 151.441279      4.627    16.3682  36.330425    28.0791      4.586  252.65369  252.97997     3.3264     4.5035 -9.990e-29
 151.441282      4.634    16.3666  36.332675    28.0822      4.593  252.65676  252.98295     3.4198     4.4954 -9.990e-29
 151.441285      4.654    16.3641  36.337113    28.0889      4.613  252.65779  252.98382     2.8595     5.5023 -9.990e-29
 151.441288      4.685    16.3638  36.338390    28.0903      4.644  252.65656  252.98257     2.8518     5.5002 0.0000e+00
 151.441291      4.718    16.3636  36.341308    28.0917      4.676  252.65532  252.98132     2.8595     5.5023 0.0000e+00
 151.441293      4.753    16.3625  36.344652    28.0953      4.711  252.65436  252.98028     2.8906     5.5144 0.0000e+00
 151.441296      4.797    16.3615  36.348179    28.0990      4.754  252.65436  252.98027     2.8906     5.5144 0.0000e+00
 151.441299      4.839    16.3605  36.349760    28.1011      4.796  252.65406  252.97984     3.6844     4.3539 0.0000e+00
 151.441302      4.877    16.3603  36.350672    28.1020      4.833  252.65406  252.97984     3.8556     4.3256 0.0000e+00
 151.441305      4.910    16.3603  36.352618    28.1029      4.866  252.65263  252.97841     3.8789     4.3216 0.0000e+00
 151.441308      4.939    16.3603  36.351098    28.1037      4.895  252.65120  252.97697     3.8556     4.3256 -9.990e-29
 151.441311      4.957    16.3602  36.351524    28.1028      4.913  252.65315  252.97892     7.7155     4.7421 -9.990e-29
 151.441314      4.966    16.3594  36.355963    28.1071      4.922  252.64964  252.97534     7.7000     4.7663 -9.990e-29
 151.441317      4.975    16.3582  36.355963    28.1080      4.931  252.65421  252.97985     7.7622     4.7421 -9.990e-29
 151.441319      4.983    16.3573  36.355294    28.1080      4.938  252.65854  252.98415     7.7622     4.7663 -9.990e-29
 151.441322      4.997    16.3574  36.358821    28.1110      4.953  252.65304  252.97863     7.8868     4.7259 -9.990e-29
 151.441325      5.019    16.3562  36.359733    28.1130      4.974  252.65565  252.98118     9.3809     5.3244 -9.990e-29
 151.441328      5.048    16.3556  36.360159    28.1138      5.003  252.65732  252.98281     9.3420     5.3203 0.0000e+00
 151.441331      5.094    16.3550  36.361011    28.1145      5.049  252.65898  252.98444     9.3809     5.3163 0.0000e+00
 151.441334      5.138    16.3546  36.360403    28.1145      5.092  252.66066  252.98611     9.3653     5.3102 0.0000e+00
 151.441337      5.165    16.3543  36.363687    28.1145      5.119  252.66234  252.98777     9.4276     5.3041 -9.990e-29
 151.441340      5.180    16.3528  36.364173    28.1188      5.133  252.66257  252.98790    11.7622     5.3850 -9.990e-29
 151.441343      5.198    16.3519  36.364356    28.1195      5.151  252.66565  252.99095    11.7622     5.3850 -9.990e-29
 151.441345      5.205    16.3506  36.365512    28.1214      5.159  252.66882  252.99404    11.8401     5.4012 -9.990e-29
