seaocn-cb/data/ctd_cnv/SBE19plus_01907321_2024_05_23_Cast28.cnv
* Sea-Bird SBE19plus  Data File:
* FileName = E:\Prandtl_Daten\2024\CTD\raw\SBE19plus_01907321_2024_05_23_Cast28.hex
* Software version 2.6.1.12
* Temperature SN = 7321
* Conductivity SN = 7321
* System UpLoad Time = May 23 2024 10:12:29
* <ApplicationData>
* <Seaterm232>
** 20240522
** Sea Practical 2024
** MCat 23.05 CTD_NP8
** NMEA Latitude = 054 12.23N
** NMEA Longitude = 008 19.52E
** waterdepth = 16m
** Arved
# nquan = 11
# nvalues = 561                         
# units = specified
# name 0 = timeJ: Julian Days
# name 1 = prdM: Pressure, Strain Gauge [db]
# name 2 = tv290C: Temperature [ITS-90, deg C]
# name 3 = c0mS/cm: Conductivity [mS/cm]
# name 4 = sal00: Salinity, Practical [PSU]
# name 5 = depSM: Depth [salt water, m], lat = 54.00
# name 6 = oxsatMm/Kg: Oxygen Saturation, Weiss [umol/kg]
# name 7 = oxsolMm/Kg: Oxygen Saturation, Garcia & Gordon [umol/kg]
# name 8 = turbWETntu0: Turbidity, WET Labs ECO [NTU]
# name 9 = flECO-AFL: Fluorescence, WET Labs ECO-AFL/FL [mg/m^3]
# name 10 = flag:  0.000e+00
# span 0 = 144.420790, 144.422410       
# span 1 =      0.431,     14.933       
# span 2 =    13.5525,    14.2333       
# span 3 =  36.955153,  37.148856       
# span 4 =    30.3228,    30.9270       
# span 5 =      0.427,     14.799       
# span 6 =  259.66508,  262.24017       
# span 7 =  259.86791,  262.39853       
# span 8 =    -5.2494,    -1.5452       
# span 9 =     2.0531,     7.8557       
# span 10 = 0.0000e+00, 0.0000e+00      
# interval = seconds: 0.25
# start_time = May 23 2024 10:04:33 [Instrument's time stamp, header]
# bad_flag = -9.990e-29
*END*
[from data line 525]
 144.422309     14.791    13.5531  37.142237    30.9215     14.659  262.23465  262.39298    -3.0393     6.3474 -9.990e-29
 144.422312     14.779    13.5535  37.141868    30.9209     14.646  262.23381  262.39218    -3.1327     6.3312 -9.990e-29
 144.422315     14.762    13.5539  37.141316    30.9201     14.630  262.23329  262.39168    -3.0704     6.3353 -9.990e-29
 144.422318     14.753    13.5537  37.141010    30.9200     14.621  262.23438  262.39276    -3.0704     6.3191 -9.990e-29
 144.422321     14.736    13.5533  37.139967    30.9193     14.604  262.23786  262.39622    -2.6813     6.1371 -9.990e-29
 144.422323     14.724    13.5531  37.140642    30.9202     14.592  262.23758  262.39592    -2.6813     6.1290 -9.990e-29
 144.422326     14.718    13.5528  37.140826    30.9205     14.586  262.23813  262.39646    -2.8370     6.1857 -9.990e-29
 144.422329     14.709    13.5527  37.140887    30.9207     14.577  262.23860  262.39691    -2.6502     6.1695 -9.990e-29
 144.422332     14.716    13.5525  37.141255    30.9211     14.584  262.23856  262.39686    -2.7747     6.1452 -9.990e-29
 144.422335     14.729    13.5528  37.143156    30.9227     14.597  262.23450  262.39280    -2.2455     6.7882 -9.990e-29
 144.422338     14.749    13.5536  37.141746    30.9205     14.617  262.23425  262.39262    -2.2922     6.7922 -9.990e-29
 144.422341     14.779    13.5536  37.141439    30.9208     14.646  262.23330  262.39168    -2.2922     6.8083 0.0000e+00
 144.422344     14.813    13.5537  37.142237    30.9205     14.680  262.23273  262.39112    -2.2922     6.7922 0.0000e+00
 144.422347     14.844    13.5538  37.141685    30.9207     14.711  262.23254  262.39093    -2.7514     6.5799 0.0000e+00
 144.422350     14.875    13.5539  37.140642    30.9204     14.742  262.23273  262.39112    -3.2105     6.3353 -9.990e-29
 144.422352     14.899    13.5532  37.141562    30.9208     14.766  262.23557  262.39391    -3.1483     6.3514 -9.990e-29
 144.422355     14.910    13.5531  37.142114    30.9214     14.776  262.23493  262.39327    -3.0238     6.3514 -9.990e-29
 144.422358     14.901    13.5533  37.141072    30.9203     14.767  262.23582  262.39418    -2.8214     5.7894 -9.990e-29
 144.422361     14.883    13.5536  37.141869    30.9208     14.749  262.23331  262.39168    -3.1327     5.8379 -9.990e-29
 144.422364     14.848    13.5539  37.141071    30.9199     14.715  262.23376  262.39216    -2.8992     5.8096 -9.990e-29
 144.422367     14.808    13.5537  37.140887    30.9198     14.675  262.23462  262.39301    -2.9304     5.8258 -9.990e-29
 144.422370     14.760    13.5533  37.142114    30.9213     14.628  262.23397  262.39232    -3.1794     5.4295 -9.990e-29
 144.422373     14.705    13.5534  37.140887    30.9201     14.573  262.23571  262.39407    -3.4751     5.4457 -9.990e-29
 144.422376     14.656    13.5534  37.142543    30.9216     14.525  262.23288  262.39123    -3.3506     5.4659 -9.990e-29
 144.422378     14.616    13.5538  37.141991    30.9209     14.485  262.23234  262.39072    -3.1483     5.5063 -9.990e-29
 144.422381     14.587    13.5538  37.141745    30.9206     14.456  262.23274  262.39112    -3.2416     5.4699 -9.990e-29
 144.422384     14.579    13.5533  37.141868    30.9211     14.449  262.23426  262.39261    -3.1171     5.7489 -9.990e-29
 144.422387     14.590    13.5531  37.139047    30.9187     14.459  262.24017  262.39853    -3.0393     5.7409 -9.990e-29
 144.422390     14.625    13.5529  37.141684    30.9213     14.494  262.23633  262.39465    -2.9459     5.7449 -9.990e-29
 144.422393     14.678    13.5526  37.141316    30.9212     14.546  262.23814  262.39645    -3.0549     5.7206 -9.990e-29
 144.422396     14.736    13.5530  37.139476    30.9191     14.604  262.23984  262.39819    -3.4440     5.7611 -9.990e-29
 144.422399     14.800    13.5533  37.141255    30.9214     14.667  262.23411  262.39246    -3.3973     5.7570 -9.990e-29
 144.422402     14.855    13.5533  37.142237    30.9209     14.721  262.23510  262.39345    -3.3739     5.7308 0.0000e+00
 144.422405     14.895    13.5533  37.141256    30.9209     14.761  262.23510  262.39345    -3.3739     5.7308 0.0000e+00
 144.422407     14.922    13.5532  37.141992    30.9205     14.788  262.23608  262.39443    -3.3506     5.7045 -9.990e-29
 144.422410     14.933    13.5533  37.141746    30.9209     14.799  262.23499  262.39334    -3.6152     5.8622 -9.990e-29
