seaocn-cb/data/ctd_cnv/SBE19plus_01907321_2024_05_29_Cast109.cnv
* Sea-Bird SBE19plus  Data File:
* FileName = E:\Prandtl_Daten\2024\29052024\raw\SBE19plus_01907321_2024_05_29_Cast109.hex
* Software version 2.6.1.12
* Temperature SN = 7321
* Conductivity SN = 7321
* System UpLoad Time = May 29 2024 12:52:00
* <ApplicationData>
* <Seaterm232>
** 20240527
** Sea Practical 2024
** MCat 27.05 CTD_SP5
** NMEA Latitude = 54 07.75N
** NMEA Longitude = 008 25.58E
** waterdepth = 10.5m
** Till
# nquan = 11
# nvalues = 336                         
# units = specified
# name 0 = timeJ: Julian Days
# name 1 = prdM: Pressure, Strain Gauge [db]
# name 2 = tv290C: Temperature [ITS-90, deg C]
# name 3 = c0mS/cm: Conductivity [mS/cm]
# name 4 = sal00: Salinity, Practical [PSU]
# name 5 = depSM: Depth [salt water, m], lat = 54.00
# name 6 = oxsatMm/Kg: Oxygen Saturation, Weiss [umol/kg]
# name 7 = oxsolMm/Kg: Oxygen Saturation, Garcia & Gordon [umol/kg]
# name 8 = turbWETntu0: Turbidity, WET Labs ECO [NTU]
# name 9 = flECO-AFL: Fluorescence, WET Labs ECO-AFL/FL [mg/m^3]
# name 10 = flag:  0.000e+00
# span 0 = 150.532911, 150.533880       
# span 1 =      0.830,      9.825       
# span 2 =    15.5489,    15.5678       
# span 3 =  37.564295,  37.601858       
# span 4 =    29.7410,    29.7704       
# span 5 =      0.822,      9.737       
# span 6 =  253.75696,  253.86147       
# span 7 =  254.03394,  254.13810       
# span 8 =    -0.4401,   164.9607       
# span 9 =     2.5100,     5.4942       
# span 10 = 0.0000e+00, 0.0000e+00      
# interval = seconds: 0.25
# start_time = May 29 2024 12:45:57 [Instrument's time stamp, header]
# bad_flag = -9.990e-29
*END*
 150.532911      0.830    15.5657  37.599574    29.7673      0.822  253.76347  254.04042     0.0268     2.7647 -9.990e-29
 150.532914      0.837    15.5653  37.598773    29.7669      0.830  253.76617  254.04310     0.0891     2.7971 -9.990e-29
 150.532917      0.861    15.5653  37.596123    29.7667      0.853  253.76688  254.04380     0.6183     2.5262 -9.990e-29
 150.532920      0.892    15.5653  37.598526    29.7665      0.884  253.76717  254.04410     0.5949     2.5181 0.0000e+00
 150.532922      0.918    15.5653  37.598157    29.7665      0.909  253.76717  254.04410     0.5949     2.5181 0.0000e+00
 150.532925      0.945    15.5653  37.598958    29.7663      0.936  253.76746  254.04439     0.5716     2.5100 -9.990e-29
 150.532928      0.968    15.5655  37.596801    29.7649      0.960  253.76879  254.04574     1.1941     2.8052 -9.990e-29
 150.532931      0.999    15.5654  37.596739    29.7656      0.991  253.76801  254.04495     1.1630     2.7890 0.0000e+00
 150.532934      1.028    15.5653  37.598157    29.7649      1.019  253.76879  254.04574     1.1319     2.7850 0.0000e+00
 150.532937      1.074    15.5651  37.593658    29.7624      1.064  253.77502  254.05197     1.1163     2.7850 0.0000e+00
 150.532940      1.131    15.5651  37.593350    29.7624      1.121  253.77502  254.05197     0.3537     2.7930 0.0000e+00
 150.532943      1.200    15.5651  37.596124    29.7622      1.189  253.77511  254.05208     0.3381     3.2176 0.0000e+00
 150.532946      1.280    15.5652  37.593104    29.7636      1.269  253.77254  254.04948     0.3226     3.2298 0.0000e+00
 150.532948      1.355    15.5652  37.595200    29.7636      1.343  253.77254  254.04948     0.3381     3.2257 0.0000e+00
 150.532951      1.413    15.5652  37.600254    29.7659      1.401  253.76869  254.04562     0.3382     3.2317 0.0000e+00
 150.532954      1.451    15.5652  37.599638    29.7681      1.439  253.76484  254.04175     0.3537     3.2257 -9.990e-29
 150.532957      1.461    15.5657  37.599083    29.7666      1.448  253.76460  254.04155     0.1513     3.4279 -9.990e-29
 150.532960      1.455    15.5657  37.598775    29.7663      1.442  253.76507  254.04202     0.0580     3.4319 -9.990e-29
 150.532963      1.435    15.5661  37.601179    29.7682      1.423  253.75991  254.03687     0.1513     3.4198 -9.990e-29
 150.532966      1.417    15.5664  37.594337    29.7620      1.404  253.76948  254.04650     0.3537     3.4198 -9.990e-29
 150.532969      1.408    15.5665  37.596309    29.7636      1.395  253.76587  254.04288     0.2292     3.4158 -9.990e-29
 150.532972      1.417    15.5667  37.598097    29.7647      1.404  253.76285  254.03986     0.3381     3.4036 -9.990e-29
 150.532975      1.450    15.5667  37.597727    29.7654      1.437  253.76159  254.03859     0.0424     3.2782 0.0000e+00
 150.532977      1.495    15.5667  37.599391    29.7660      1.482  253.76171  254.03870    -0.2066     3.1651 0.0000e+00
 150.532980      1.543    15.5666  37.599083    29.7660      1.529  253.76125  254.03825    -0.2066     3.1529 0.0000e+00
 150.532983      1.586    15.5665  37.599207    29.7660      1.572  253.76148  254.03848    -0.1833     3.1509 0.0000e+00
 150.532986      1.625    15.5666  37.600008    29.7660      1.610  253.76125  254.03825    -0.1599     3.1367 -9.990e-29
 150.532989      1.650    15.5663  37.600317    29.7672      1.636  253.76077  254.03774     0.6961     3.1731 -9.990e-29
 150.532992      1.673    15.5667  37.601858    29.7683      1.658  253.75696  254.03394     1.6922     3.3389 -9.990e-29
 150.532995      1.691    15.5668  37.599577    29.7661      1.676  253.75987  254.03687     1.7078     3.3591 -9.990e-29
 150.532998      1.704    15.5669  37.599639    29.7661      1.688  253.75949  254.03650     1.5988     3.3551 -9.990e-29
 150.533001      1.725    15.5669  37.597728    29.7654      1.710  253.76084  254.03785    -0.4401     3.5371 -9.990e-29
 150.533003      1.755    15.5668  37.598776    29.7644      1.739  253.76303  254.04004    -0.3779     3.5371 0.0000e+00
 150.533006      1.780    15.5667  37.596311    29.7653      1.765  253.76456  254.04154    -0.3156     3.5371 0.0000e+00
 150.533009      1.817    15.5662  37.598098    29.7633      1.800  253.76521  254.04223    -0.3156     3.5492 0.0000e+00
 150.533012      1.847    15.5659  37.594955    29.7641      1.831  253.76800  254.04497    -0.3779     3.5654 0.0000e+00
 150.533015      1.878    15.5656  37.597852    29.7629      1.862  253.77144  254.04841    -0.4401     3.5815 -9.990e-29
 150.533018      1.902    15.5642  37.599085    29.7676      1.885  253.77074  254.04761     0.0268     3.3632 -9.990e-29
 150.533021      1.926    15.5639  37.596743    29.7658      1.909  253.77522  254.05209     0.0424     3.3591 -9.990e-29
 150.533024      1.946    15.5636  37.594956    29.7644      1.929  253.77914  254.05600     0.0891     3.3389 -9.990e-29
 150.533027      1.964    15.5635  37.598099    29.7672      1.947  253.77464  254.05148     0.5560     3.2864 -9.990e-29
 150.533030      1.979    15.5638  37.598407    29.7673      1.961  253.77300  254.04985     0.5249     3.2783 -9.990e-29
 150.533032      1.988    15.5641  37.596990    29.7658      1.970  253.77429  254.05117     0.5249     3.2904 -9.990e-29
 150.533035      2.005    15.5643  37.599085    29.7675      1.987  253.77022  254.04709     0.4938     3.3147 -9.990e-29
 150.533038      2.028    15.5649  37.596127    29.7665      2.010  253.76923  254.04614     0.1047     4.3701 -9.990e-29
 150.533041      2.070    15.5651  37.598408    29.7664      2.051  253.76827  254.04519     0.0814     4.3762 0.0000e+00
 150.533044      2.121    15.5653  37.598531    29.7665      2.102  253.76731  254.04424     0.0580     4.3701 0.0000e+00
 150.533047      2.187    15.5658  37.600010    29.7662      2.167  253.76408  254.04105     0.0580     4.3660 0.0000e+00
 150.533050      2.259    15.5661  37.598778    29.7658      2.239  253.76408  254.04105     0.1825     4.3498 0.0000e+00
 150.533053      2.332    15.5664  37.598162    29.7650      2.311  253.76410  254.04110     0.5716     3.5452 0.0000e+00
 150.533056      2.396    15.5665  37.597854    29.7650      2.374  253.76410  254.04110     0.5716     3.5411 0.0000e+00
 150.533058      2.436    15.5665  37.598409    29.7649      2.414  253.76369  254.04069     0.5716     3.5391 0.0000e+00
 150.533061      2.465    15.5665  37.594587    29.7651      2.443  253.76328  254.04027     0.5249     3.5371 -9.990e-29
 150.533064      2.471    15.5660  37.599580    29.7665      2.449  253.76327  254.04023     0.3537     3.2945 -9.990e-29
 150.533067      2.451    15.5659  37.597669    29.7649      2.429  253.76677  254.04374     0.4471     3.2945 -9.990e-29
 150.533070      2.411    15.5656  37.598162    29.7656      2.389  253.76717  254.04411     0.3848     3.2864 -9.990e-29
 150.533073      2.369    15.5653  37.597669    29.7654      2.348  253.76878  254.04572     0.2603     3.2945 -9.990e-29
 150.533076      2.321    15.5654  37.593108    29.7613      2.301  253.77543  254.05240    -0.0510     3.5452 -9.990e-29
 150.533079      2.292    15.5651  37.597854    29.7657      2.272  253.76933  254.04625     0.1825     3.5209 -9.990e-29
 150.533082      2.288    15.5653  37.597730    29.7655      2.268  253.76893  254.04586     0.0268     3.5371 -9.990e-29
 150.533084      2.309    15.5660  37.600504    29.7674      2.288  253.76205  254.03901     0.1202     3.5249 -9.990e-29
 150.533087      2.364    15.5669  37.600751    29.7632      2.343  253.76464  254.04167     0.3537     3.5492 -9.990e-29
 150.533090      2.439    15.5671  37.596560    29.7647      2.417  253.76106  254.03808     0.3382     3.5573 0.0000e+00
 150.533093      2.526    15.5673  37.600320    29.7638      2.504  253.76119  254.03824     0.3226     3.5492 0.0000e+00
 150.533096      2.618    15.5674  37.597731    29.7661      2.594  253.75747  254.03449     0.3226     3.5371 0.0000e+00
 150.533099      2.703    15.5676  37.601430    29.7642      2.679  253.75810  254.03517     0.3226     3.5371 0.0000e+00
 150.533102      2.778    15.5678  37.598656    29.7642      2.753  253.75810  254.03517     0.3848     3.5330 0.0000e+00
 150.533105      2.837    15.5678  37.596561    29.7632      2.812  253.75972  254.03680     0.4315     3.5330 0.0000e+00
 150.533108      2.877    15.5678  37.596315    29.7623      2.852  253.76134  254.03843     0.3848     3.5330 -9.990e-29
 150.533111      2.899    15.5660  37.596746    29.7638      2.873  253.76786  254.04484     0.3070     3.5613 -9.990e-29
 150.533113      2.906    15.5649  37.596561    29.7645      2.880  253.77226  254.04919     1.5521     3.8889 -9.990e-29
 150.533116      2.906    15.5636  37.593911    29.7632      2.880  253.78132  254.05818     1.6299     3.8646 -9.990e-29
 150.533119      2.906    15.5618  37.593788    29.7644      2.880  253.78827  254.06504     1.5521     3.8242 -9.990e-29
 150.533122      2.906    15.5609  37.597240    29.7682      2.880  253.78651  254.06321     1.5366     3.8646 -9.990e-29
 150.533125      2.910    15.5608  37.597055    29.7681      2.884  253.78709  254.06379     0.7584     3.6422 -9.990e-29
 150.533128      2.914    15.5606  37.595021    29.7664      2.888  253.79079  254.06749     0.8362     3.5937 -9.990e-29
 150.533131      2.917    15.5603  37.593789    29.7655      2.891  253.79386  254.07055     0.9140     3.6139 -9.990e-29
 150.533134      2.924    15.5599  37.594158    29.7662      2.898  253.79477  254.07143     1.0074     3.5896 -9.990e-29
 150.533137      2.937    15.5591  37.592864    29.7657      2.911  253.79999  254.07662     0.8206     3.5977 -9.990e-29
 150.533139      2.955    15.5585  37.595022    29.7685      2.929  253.79783  254.07441     2.1124     3.4683 -9.990e-29
 150.533142      2.982    15.5585  37.595638    29.7678      2.956  253.79912  254.07570     2.0735     3.4683 0.0000e+00
 150.533145      3.021    15.5584  37.594159    29.7685      2.994  253.79905  254.07562     2.1124     3.4683 0.0000e+00
 150.533148      3.064    15.5584  37.595638    29.7672      3.037  253.80041  254.07699     2.0346     3.4926 0.0000e+00
 150.533151      3.115    15.5584  37.594159    29.7679      3.087  253.79905  254.07562     1.3498     3.4926 0.0000e+00
 150.533154      3.173    15.5587  37.595207    29.7672      3.145  253.79772  254.07432     1.3498     3.4805 0.0000e+00
 150.533157      3.230    15.5591  37.594776    29.7679      3.201  253.79694  254.07356     1.3498     3.4805 0.0000e+00
 150.533160      3.279    15.5592  37.596317    29.7678      3.249  253.79563  254.07225     1.3732     3.4684 0.0000e+00
 150.533163      3.317    15.5592  37.595208    29.7685      3.287  253.79432  254.07094     1.3498     3.4562 -9.990e-29
 150.533166      3.337    15.5589  37.594468    29.7671      3.307  253.79836  254.07497     0.3537     4.1194 -9.990e-29
 150.533168      3.346    15.5588  37.594160    29.7668      3.317  253.79913  254.07574     0.3226     4.0991 -9.990e-29
 150.533171      3.352    15.5587  37.591695    29.7648      3.322  253.80350  254.08011     0.4315     4.1315 -9.990e-29
 150.533174      3.348    15.5587  37.595454    29.7680      3.318  253.79745  254.07404     0.9918     3.8686 -9.990e-29
 150.533177      3.342    15.5588  37.593359    29.7661      3.313  253.80036  254.07697     1.1475     3.8808 -9.990e-29
 150.533180      3.355    15.5587  37.594776    29.7675      3.325  253.79878  254.07538     1.0229     3.8686 -9.990e-29
 150.533183      3.375    15.5588  37.593667    29.7671      3.345  253.79870  254.07530     0.9918     3.8484 -9.990e-29
 150.533186      3.408    15.5589  37.594468    29.7681      3.377  253.79663  254.07322     1.1397     3.7837 0.0000e+00
 150.533189      3.444    15.5589  37.596996    29.7675      3.413  253.79673  254.07335     1.2875     3.7271 0.0000e+00
 150.533192      3.492    15.5591  37.595208    29.7686      3.460  253.79456  254.07115     1.3187     3.7271 0.0000e+00
 150.533194      3.548    15.5591  37.596564    29.7675      3.517  253.79673  254.07335     1.3187     3.7271 0.0000e+00
 150.533197      3.609    15.5589  37.594716    29.7672      3.577  253.79814  254.07475     1.3187     3.7514 0.0000e+00
 150.533200      3.667    15.5588  37.593052    29.7672      3.635  253.79814  254.07475     3.4976     4.0910 0.0000e+00
 150.533203      3.722    15.5587  37.595394    29.7657      3.689  253.80102  254.07764     3.4976     4.0951 0.0000e+00
 150.533206      3.770    15.5586  37.592621    29.7668      3.736  253.80064  254.07723     3.4821     4.1174 0.0000e+00
 150.533209      3.801    15.5584  37.594963    29.7656      3.767  253.80321  254.07981     3.4510     4.1396 -9.990e-29
 150.533212      3.812    15.5577  37.594347    29.7677      3.778  253.80324  254.07979     1.4432     4.0668 -9.990e-29
 150.533215      3.812    15.5572  37.593361    29.7672      3.778  253.80681  254.08333     1.2875     4.0466 -9.990e-29
 150.533218      3.802    15.5568  37.593053    29.7672      3.768  253.80874  254.08525     1.2564     4.0627 -9.990e-29
 150.533220      3.784    15.5565  37.594470    29.7687      3.750  253.80774  254.08422     1.3031     4.0385 -9.990e-29
 150.533223      3.766    15.5560  37.591512    29.7665      3.732  253.81402  254.09049     3.0152     3.5613 -9.990e-29
 150.533226      3.752    15.5558  37.592436    29.7675      3.718  253.81348  254.08993     3.0152     3.5452 -9.990e-29
 150.533229      3.743    15.5554  37.593915    29.7691      3.709  253.81268  254.08910     3.0619     3.5330 -9.990e-29
 150.533232      3.754    15.5549  37.593792    29.7663      3.720  253.81984  254.09626     3.0463     3.5452 -9.990e-29
 150.533235      3.781    15.5549  37.590403    29.7658      3.747  253.82080  254.09722     2.0736     3.6928 0.0000e+00
 150.533238      3.827    15.5549  37.589170    29.7663      3.793  253.81984  254.09626     1.1475     3.8403 0.0000e+00
 150.533241      3.882    15.5550  37.591266    29.7670      3.847  253.81829  254.09471     1.1008     3.8525 0.0000e+00
 150.533244      3.945    15.5550  37.591512    29.7672      3.910  253.81795  254.09436     1.0852     3.8606 0.0000e+00
 150.533247      4.011    15.5550  37.592622    29.7680      3.975  253.81662  254.09303     1.0852     3.8848 0.0000e+00
 150.533249      4.077    15.5550  37.592622    29.7681      4.040  253.81637  254.09278     1.3965     4.1881 0.0000e+00
 150.533252      4.142    15.5550  37.592623    29.7682      4.105  253.81637  254.09278     1.3965     4.1962 0.0000e+00
 150.533255      4.203    15.5551  37.594287    29.7694      4.165  253.81327  254.08968     1.3031     4.1962 0.0000e+00
 150.533258      4.261    15.5560  37.595211    29.7694      4.223  253.80895  254.08546     1.3031     4.1962 0.0000e+00
 150.533261      4.312    15.5568  37.593116    29.7671      4.274  253.80895  254.08546     2.3459     4.4388 0.0000e+00
 150.533264      4.351    15.5572  37.589726    29.7653      4.312  253.81024  254.08677     2.3459     4.4429 0.0000e+00
 150.533267      4.378    15.5575  37.592870    29.7636      4.339  253.81152  254.08808     2.3459     4.4388 -9.990e-29
 150.533270      4.382    15.5576  37.590589    29.7642      4.343  253.80963  254.08619     2.2369     4.4186 -9.990e-29
 150.533273      4.384    15.5580  37.593548    29.7666      4.344  253.80392  254.08049     1.8167     4.1921 -9.990e-29
 150.533275      4.371    15.5578  37.594349    29.7674      4.332  253.80328  254.07983     1.7233     4.1921 -9.990e-29
 150.533278      4.356    15.5578  37.594041    29.7671      4.318  253.80374  254.08030     1.9257     4.1517 -9.990e-29
 150.533281      4.340    15.5576  37.594780    29.7679      4.301  253.80319  254.07973     1.7856     4.1881 -9.990e-29
 150.533284      4.322    15.5573  37.593671    29.7672      4.283  253.80634  254.08287     1.8478     4.1841 -9.990e-29
 150.533287      4.307    15.5573  37.592623    29.7663      4.269  253.80764  254.08418     1.5210     3.9212 -9.990e-29
