seaocn-cb/data/ctd_cnv/SBE19plus_01907321_2024_05_27_Cast69.cnv
* Sea-Bird SBE19plus  Data File:
* FileName = E:\Prandtl_Daten\2024\27052024\raw\SBE19plus_01907321_2024_05_27_Cast69.hex
* Software version 2.6.1.12
* Temperature SN = 7321
* Conductivity SN = 7321
* System UpLoad Time = May 27 2024 08:56:54
* <ApplicationData>
* <Seaterm232>
** 20240527
** Sea Practical 2024
** MCat 27.05 CTD_SP5
** NMEA Latitude = 54 7.781N
** NMEA Longitude = 008 25.579E
** waterdepth = 8m
** Maja
# nquan = 11
# nvalues = 318                         
# units = specified
# name 0 = timeJ: Julian Days
# name 1 = prdM: Pressure, Strain Gauge [db]
# name 2 = tv290C: Temperature [ITS-90, deg C]
# name 3 = c0mS/cm: Conductivity [mS/cm]
# name 4 = sal00: Salinity, Practical [PSU]
# name 5 = depSM: Depth [salt water, m], lat = 54.00
# name 6 = oxsatMm/Kg: Oxygen Saturation, Weiss [umol/kg]
# name 7 = oxsolMm/Kg: Oxygen Saturation, Garcia & Gordon [umol/kg]
# name 8 = turbWETntu0: Turbidity, WET Labs ECO [NTU]
# name 9 = flECO-AFL: Fluorescence, WET Labs ECO-AFL/FL [mg/m^3]
# name 10 = flag:  0.000e+00
# span 0 = 148.345654, 148.346571       
# span 1 =      0.680,      6.911       
# span 2 =    16.3458,    16.5409       
# span 3 =  36.898909,  36.943920       
# span 4 =    28.4514,    28.6213       
# span 5 =      0.674,      6.849       
# span 6 =  251.15139,  251.84004       
# span 7 =  251.48280,  252.16187       
# span 8 =    -2.2300,     7.8556       
# span 9 =     3.1246,     6.4849       
# span 10 = 0.0000e+00, 0.0000e+00      
# interval = seconds: 0.25
# start_time = May 27 2024 08:16:25 [Instrument's time stamp, header]
# bad_flag = -9.990e-29
*END*
 148.345654      0.680    16.5409  36.908386    28.4537      0.674  251.15493  251.48637    -1.9654     3.6503 0.0000e+00
 148.345657      0.802    16.5407  36.909732    28.4549      0.795  251.15363  251.48506    -1.9654     3.6503 0.0000e+00
 148.345660      0.888    16.5406  36.911506    28.4556      0.880  251.15251  251.48393    -1.8798     3.6321 0.0000e+00
 148.345663      0.930    16.5406  36.908815    28.4564      0.921  251.15139  251.48280    -1.9809     3.6139 -9.990e-29
 148.345666      0.955    16.5396  36.907285    28.4549      0.947  251.15882  251.49020    -1.7319     4.0344 -9.990e-29
 148.345668      0.988    16.5395  36.908937    28.4550      0.979  251.15904  251.49042    -1.6152     4.0708 0.0000e+00
 148.345671      1.032    16.5395  36.909060    28.4551      1.022  251.15927  251.49064    -1.6852     4.0587 0.0000e+00
 148.345674      1.094    16.5389  36.909488    28.4554      1.084  251.16079  251.49213    -1.6852     4.1072 0.0000e+00
 148.345677      1.159    16.5387  36.908693    28.4556      1.149  251.16215  251.49347    -1.7008     4.0850 0.0000e+00
 148.345680      1.214    16.5385  36.904778    28.4554      1.203  251.16350  251.49482    -1.7164     4.1113 -9.990e-29
 148.345683      1.231    16.5377  36.906369    28.4540      1.220  251.16996  251.50125    -1.5140     3.9536 -9.990e-29
 148.345686      1.224    16.5371  36.909550    28.4571      1.213  251.16741  251.49866    -1.5140     3.9293 -9.990e-29
 148.345689      1.196    16.5368  36.908633    28.4566      1.186  251.16995  251.50119    -1.7942     3.9657 -9.990e-29
 148.345692      1.160    16.5366  36.907715    28.4560      1.149  251.17217  251.50341    -1.9809     3.5775 -9.990e-29
 148.345694      1.111    16.5365  36.909366    28.4575      1.101  251.17003  251.50125    -1.8720     3.6422 -9.990e-29
 148.345697      1.068    16.5364  36.906369    28.4550      1.059  251.17470  251.50593    -1.9343     3.5977 -9.990e-29
 148.345700      1.061    16.5362  36.905451    28.4543      1.052  251.17664  251.50787    -2.0432     3.6099 -9.990e-29
 148.345703      1.107    16.5358  36.910406    28.4546      1.097  251.17823  251.50944    -1.8097     3.1327 -9.990e-29
 148.345706      1.205    16.5359  36.905452    28.4558      1.194  251.17588  251.50708    -1.8642     3.1387 0.0000e+00
 148.345709      1.331    16.5358  36.908511    28.4568      1.319  251.17472  251.50592    -1.9187     3.1448 0.0000e+00
 148.345712      1.448    16.5357  36.908144    28.4568      1.435  251.17472  251.50592    -1.9187     3.1448 0.0000e+00
 148.345715      1.536    16.5355  36.906799    28.4564      1.522  251.17649  251.50768    -1.9654     3.1509 0.0000e+00
 148.345718      1.589    16.5353  36.909124    28.4559      1.574  251.17825  251.50943    -1.9187     3.1246 -9.990e-29
 148.345720      1.601    16.5342  36.905881    28.4559      1.587  251.18385  251.51498    -1.8720     3.1367 -9.990e-29
 148.345723      1.587    16.5339  36.907472    28.4575      1.573  251.18272  251.51383    -1.9654     3.1651 -9.990e-29
 148.345726      1.548    16.5339  36.905270    28.4557      1.534  251.18593  251.51705    -1.8409     3.1570 -9.990e-29
 148.345729      1.492    16.5335  36.905025    28.4558      1.478  251.18776  251.51886    -1.7319     3.3955 -9.990e-29
 148.345732      1.430    16.5332  36.909307    28.4596      1.417  251.18237  251.51343    -1.6697     3.3794 -9.990e-29
 148.345735      1.358    16.5332  36.904168    28.4553      1.346  251.19015  251.52124    -1.6852     3.3632 -9.990e-29
 148.345738      1.309    16.5327  36.906125    28.4573      1.298  251.18877  251.51983    -1.7475     3.3308 -9.990e-29
 148.345741      1.305    16.5324  36.906798    28.4581      1.294  251.18899  251.52003    -1.8720     3.2540 -9.990e-29
 148.345744      1.348    16.5322  36.905881    28.4575      1.335  251.19126  251.52229    -1.8720     3.2945 -9.990e-29
 148.345747      1.453    16.5305  36.907716    28.4596      1.440  251.19603  251.52698    -1.8253     3.3066 -9.990e-29
 148.345749      1.599    16.5300  36.907044    28.4593      1.585  251.19873  251.52965    -1.7708     3.4684 0.0000e+00
 148.345752      1.771    16.5296  36.905699    28.4596      1.755  251.20142  251.53233    -1.7164     3.5492 0.0000e+00
 148.345755      1.909    16.5281  36.906556    28.4596      1.892  251.20567  251.53650    -1.7164     3.6220 0.0000e+00
 148.345758      2.013    16.5277  36.904538    28.4601      1.995  251.20883  251.53965    -1.6930     3.5856 0.0000e+00
 148.345761      2.066    16.5272  36.905028    28.4596      2.048  251.21200  251.54280    -1.6697     3.6220 -9.990e-29
 148.345764      2.064    16.5260  36.905456    28.4612      2.046  251.21521  251.54595    -1.6385     3.5937 -9.990e-29
 148.345767      2.010    16.5258  36.904110    28.4603      1.992  251.21806  251.54879    -1.4051     3.9455 -9.990e-29
 148.345770      1.924    16.5257  36.906312    28.4623      1.906  251.21509  251.54581    -1.2650     4.0061 -9.990e-29
 148.345773      1.816    16.5259  36.905027    28.4610      1.800  251.21601  251.54674    -1.5763     3.9778 -9.990e-29
 148.345775      1.708    16.5266  36.904353    28.4600      1.693  251.21452  251.54529    -1.4673     3.9697 -9.990e-29
 148.345778      1.637    16.5269  36.904598    28.4600      1.623  251.21292  251.54370    -1.7164     3.7514 -9.990e-29
 148.345781      1.621    16.5269  36.898909    28.4551      1.606  251.22124  251.55205    -1.5452     3.6746 -9.990e-29
 148.345784      1.661    16.5267  36.904108    28.4598      1.646  251.21455  251.54533    -1.6852     3.7433 -9.990e-29
 148.345787      1.761    16.5263  36.905455    28.4611      1.746  251.21384  251.54459    -1.7475     3.7433 -9.990e-29
 148.345790      1.889    16.5263  36.906128    28.4601      1.872  251.21590  251.54666    -1.6385     3.6665 -9.990e-29
 148.345793      2.030    16.5264  36.904355    28.4598      2.011  251.21593  251.54670    -1.6385     3.6887 0.0000e+00
 148.345796      2.152    16.5263  36.903743    28.4601      2.133  251.21590  251.54666    -1.6385     3.6665 0.0000e+00
 148.345799      2.240    16.5264  36.904783    28.4599      2.220  251.21553  251.54629    -1.6930     3.6887 0.0000e+00
 148.345802      2.285    16.5263  36.904845    28.4604      2.265  251.21509  251.54584    -1.7475     3.6665 -9.990e-29
 148.345804      2.296    16.5251  36.903438    28.4601      2.275  251.22162  251.55232    -1.6385     3.7312 -9.990e-29
 148.345807      2.283    16.5246  36.904539    28.4614      2.263  251.22181  251.55248    -1.6074     3.7271 -9.990e-29
 148.345810      2.250    16.5244  36.905028    28.4620      2.230  251.22198  251.55264    -1.6852     3.7150 -9.990e-29
 148.345813      2.214    16.5247  36.902520    28.4596      2.194  251.22442  251.55511    -1.6385     3.7716 -9.990e-29
 148.345816      2.179    16.5252  36.903621    28.4602      2.160  251.22098  251.55169    -1.9809     4.8189 -9.990e-29
 148.345819      2.156    16.5252  36.903743    28.4603      2.136  251.22079  251.55150    -1.9809     4.8189 -9.990e-29
 148.345822      2.150    16.5244  36.902948    28.4602      2.131  251.22497  251.55564    -1.9809     4.8189 -9.990e-29
 148.345825      2.168    16.5235  36.901847    28.4599      2.149  251.22991  251.56055    -1.9031     4.7502 -9.990e-29
 148.345828      2.214    16.5223  36.900930    28.4615      2.194  251.23316  251.56373    -1.6385     3.8727 -9.990e-29
 148.345830      2.285    16.5224  36.902765    28.4609      2.265  251.23358  251.56416    -1.6930     3.8383 0.0000e+00
 148.345833      2.376    16.5225  36.901603    28.4603      2.355  251.23316  251.56373    -1.6385     3.8727 0.0000e+00
 148.345836      2.466    16.5240  36.902460    28.4600      2.444  251.22737  251.55802    -1.7475     3.8039 0.0000e+00
 148.345839      2.551    16.5253  36.902766    28.4593      2.529  251.22214  251.55285    -1.8409     3.5735 0.0000e+00
 148.345842      2.619    16.5264  36.900931    28.4577      2.595  251.21957  251.55034    -1.9032     3.5391 0.0000e+00
 148.345845      2.668    16.5274  36.905886    28.4562      2.644  251.21701  251.54784    -1.9654     3.5735 -9.990e-29
 148.345848      2.684    16.5305  36.908149    28.4602      2.660  251.19501  251.52595    -1.9654     3.5209 -9.990e-29
 148.345851      2.684    16.5319  36.907293    28.4585      2.661  251.19114  251.52215    -1.5452     3.6220 -9.990e-29
 148.345854      2.659    16.5332  36.907415    28.4577      2.635  251.18611  251.51719    -1.6541     3.6382 -9.990e-29
 148.345856      2.621    16.5341  36.907047    28.4567      2.597  251.18301  251.51413    -1.6074     3.6584 -9.990e-29
 148.345859      2.568    16.5350  36.908393    28.4572      2.545  251.17769  251.50885    -1.6385     3.5856 -9.990e-29
 148.345862      2.517    16.5353  36.907414    28.4562      2.494  251.17819  251.50937    -1.6074     3.6099 -9.990e-29
 148.345865      2.471    16.5354  36.907720    28.4564      2.449  251.17711  251.50830    -1.8564     3.5977 -9.990e-29
 148.345868      2.464    16.5352  36.907047    28.4560      2.442  251.17900  251.51017    -1.9498     3.6220 -9.990e-29
 148.345871      2.497    16.5345  36.906557    28.4560      2.475  251.18215  251.51329    -1.8097     3.6341 -9.990e-29
 148.345874      2.572    16.5332  36.907965    28.4537      2.549  251.19293  251.52403    -1.7786     3.9940 -9.990e-29
 148.345877      2.677    16.5331  36.902765    28.4556      2.654  251.19033  251.52141    -1.6774     4.0163 0.0000e+00
 148.345880      2.791    16.5329  36.906987    28.4574      2.766  251.18772  251.51878    -1.5918     3.9940 0.0000e+00
 148.345883      2.886    16.5329  36.907721    28.4574      2.860  251.18669  251.51776    -1.5918     3.9859 0.0000e+00
 148.345885      2.962    16.5336  36.906559    28.4580      2.936  251.18602  251.51712    -1.5918     3.9374 0.0000e+00
 148.345888      3.013    16.5343  36.910230    28.4576      2.986  251.18094  251.51206    -1.6852     3.7150 0.0000e+00
 148.345891      3.041    16.5349  36.909985    28.4587      3.014  251.17585  251.50699    -1.5296     3.4926 -9.990e-29
 148.345894      3.044    16.5377  36.909373    28.4560      3.017  251.16656  251.49784    -1.7475     3.5047 -9.990e-29
 148.345897      3.022    16.5384  36.910413    28.4564      2.995  251.16231  251.49362    -1.7164     3.4805 -9.990e-29
 148.345900      2.999    16.5392  36.911759    28.4569      2.972  251.15731  251.48865    -1.7008     3.3025 -9.990e-29
 148.345903      2.969    16.5401  36.910657    28.4554      2.943  251.15558  251.48698    -1.8253     3.3066 -9.990e-29
 148.345906      2.955    16.5405  36.909740    28.4543      2.928  251.15541  251.48683    -1.7786     3.2783 -9.990e-29
 148.345909      2.968    16.5405  36.906375    28.4514      2.941  251.16034  251.49178    -1.7942     3.2945 -9.990e-29
 148.345911      3.000    16.5402  36.911086    28.4537      2.974  251.15801  251.48942    -1.9654     3.5977 -9.990e-29
 148.345914      3.055    16.5404  36.908822    28.4543      3.028  251.15608  251.48750    -1.9032     3.5977 0.0000e+00
 148.345917      3.115    16.5402  36.910658    28.4537      3.088  251.15801  251.48942    -1.8409     3.5977 0.0000e+00
 148.345920      3.176    16.5400  36.907844    28.4550      3.147  251.16041  251.49182    -1.8409     3.6139 0.0000e+00
 148.345923      3.232    16.5390  36.908640    28.4541      3.203  251.16347  251.49482    -1.8954     3.6240 0.0000e+00
 148.345926      3.270    16.5380  36.907478    28.4551      3.241  251.16652  251.49783    -2.0121     3.6139 -9.990e-29
 148.345929      3.289    16.5337  36.907845    28.4574      3.259  251.18372  251.51482    -2.0121     4.1194 -9.990e-29
 148.345932      3.294    16.5335  36.905887    28.4559      3.264  251.18749  251.51859    -1.8564     4.1638 -9.990e-29
 148.345935      3.290    16.5334  36.906560    28.4565      3.261  251.18680  251.51790    -1.8409     4.2164 -9.990e-29
 148.345937      3.272    16.5325  36.904848    28.4557      3.243  251.19262  251.52368    -1.7786     5.2030 -9.990e-29
 148.345940      3.261    16.5311  36.905459    28.4572      3.232  251.19685  251.52784    -1.5296     5.1505 -9.990e-29
 148.345943      3.261    16.5293  36.904787    28.4579      3.232  251.20448  251.53538    -1.7942     5.1303 -9.990e-29
 148.345946      3.278    16.5259  36.903747    28.4573      3.248  251.22276  251.55352    -1.5140     4.5763 -9.990e-29
 148.345949      3.305    16.5247  36.901178    28.4599      3.275  251.22386  251.55455    -1.4518     4.5742 0.0000e+00
 148.345952      3.349    16.5236  36.905461    28.4626      3.319  251.22497  251.55559    -1.4362     4.5763 0.0000e+00
 148.345955      3.396    16.5216  36.906990    28.4652      3.366  251.23000  251.56051    -1.4051     4.5803 0.0000e+00
 148.345958      3.451    16.5186  36.904544    28.4652      3.420  251.24477  251.57516    -1.4362     4.6005 0.0000e+00
 148.345961      3.504    16.5145  36.903444    28.4672      3.473  251.26181  251.59200    -1.5140     4.5803 0.0000e+00
 148.345964      3.559    16.5099  36.900936    28.4683      3.527  251.28271  251.61269    -1.5763     4.5925 0.0000e+00
 148.345966      3.611    16.5058  36.902099    28.4723      3.579  251.29642  251.62620    -1.5763     4.5925 0.0000e+00
 148.345969      3.662    16.5018  36.901427    28.4745      3.630  251.31222  251.64181    -1.5763     4.6208 0.0000e+00
 148.345972      3.695    16.5006  36.903752    28.4764      3.662  251.31506  251.64458    -1.5530     4.6269 0.0000e+00
 148.345975      3.721    16.4994  36.903874    28.4782      3.688  251.31789  251.64734    -1.5296     4.6208 -9.990e-29
 148.345978      3.734    16.4971  36.905710    28.4815      3.700  251.32348  251.65281    -1.4206     4.5439 -9.990e-29
 148.345981      3.737    16.4958  36.903569    28.4806      3.704  251.33145  251.66073    -1.3895     4.5965 -9.990e-29
 148.345984      3.734    16.4948  36.904120    28.4817      3.700  251.33426  251.66349    -1.3739     4.5278 -9.990e-29
 148.345987      3.732    16.4944  36.903997    28.4819      3.698  251.33595  251.66516    -1.6074     4.7582 -9.990e-29
 148.345990      3.735    16.4940  36.904364    28.4825      3.702  251.33692  251.66611    -1.7942     4.8593 -9.990e-29
 148.345992      3.741    16.4936  36.899165    28.4783      3.708  251.34606  251.67525    -1.6697     4.8068 -9.990e-29
 148.345995      3.761    16.4947  36.902285    28.4803      3.727  251.33757  251.66680    -1.7786     4.8229 -9.990e-29
 148.345998      3.786    16.4952  36.901612    28.4793      3.753  251.33646  251.66572    -1.7475     4.5965 -9.990e-29
 148.346001      3.805    16.4956  36.902101    28.4794      3.771  251.33455  251.66382    -1.9654     4.6086 -9.990e-29
 148.346004      3.830    16.4958  36.903569    28.4805      3.796  251.33150  251.66078    -2.1522     4.6289 -9.990e-29
 148.346007      3.852    16.4956  36.901612    28.4790      3.818  251.33499  251.66427    -1.9809     4.5803 -9.990e-29
 148.346010      3.878    16.4952  36.902530    28.4801      3.843  251.33547  251.66472    -1.9498     4.5682 -9.990e-29
 148.346013      3.896    16.4906  36.905283    28.4875      3.861  251.34512  251.67412    -0.9693     4.6289 -9.990e-29
 148.346016      3.924    16.4887  36.907485    28.4875      3.888  251.35499  251.68390    -0.9071     4.6268 0.0000e+00
 148.346019      3.962    16.4867  36.904121    28.4875      3.926  251.36485  251.69368    -0.8448     4.6289 0.0000e+00
 148.346021      4.006    16.4836  36.909811    28.4945      3.970  251.36799  251.69664    -0.8448     4.6572 0.0000e+00
 148.346024      4.055    16.4802  36.910668    28.4976      4.019  251.37943  251.70791    -1.5296     5.1222 0.0000e+00
 148.346027      4.102    16.4766  36.910424    28.5000      4.066  251.39309  251.72139    -1.5296     5.1464 0.0000e+00
 148.346030      4.137    16.4750  36.909813    28.5009      4.100  251.39958  251.72780    -1.4284     5.1343 0.0000e+00
