seaocn-cb/data/ctd_cnv/SBE19plus_01907321_2024_05_24_Cast44.cnv
* Sea-Bird SBE19plus  Data File:
* FileName = E:\Prandtl_Daten\2024\CTD\raw\SBE19plus_01907321_2024_05_24_Cast44.hex
* Software version 2.6.1.12
* Temperature SN = 7321
* Conductivity SN = 7321
* System UpLoad Time = May 24 2024 12:00:26
* <ApplicationData>
* <Seaterm232>
** 20240524
** Sea Practical 2024
** MCat 24.05 CTD_SP2
** NMEA Latitude = 054 06.04N
** NMEA Longitude = 008 34.80E
** waterdepth = 15.0m
** Emelie
# nquan = 11
# nvalues = 512                         
# units = specified
# name 0 = timeJ: Julian Days
# name 1 = prdM: Pressure, Strain Gauge [db]
# name 2 = tv290C: Temperature [ITS-90, deg C]
# name 3 = c0mS/cm: Conductivity [mS/cm]
# name 4 = sal00: Salinity, Practical [PSU]
# name 5 = depSM: Depth [salt water, m], lat = 54.00
# name 6 = oxsatMm/Kg: Oxygen Saturation, Weiss [umol/kg]
# name 7 = oxsolMm/Kg: Oxygen Saturation, Garcia & Gordon [umol/kg]
# name 8 = turbWETntu0: Turbidity, WET Labs ECO [NTU]
# name 9 = flECO-AFL: Fluorescence, WET Labs ECO-AFL/FL [mg/m^3]
# name 10 = flag:  0.000e+00
# span 0 = 145.495524, 145.497002       
# span 1 =      0.439,     14.336       
# span 2 =    15.6201,    16.4219       
# span 3 =  36.017770,  36.257881       
# span 4 =    27.9382,    28.3585       
# span 5 =      0.435,     14.207       
# span 6 =  252.62733,  255.95078       
# span 7 =  252.95690,  256.24080       
# span 8 =    -2.0276,    19.7622       
# span 9 =     4.6369,    11.4707       
# span 10 = 0.0000e+00, 0.0000e+00      
# interval = seconds: 0.25
# start_time = May 24 2024 11:52:18 [Instrument's time stamp, header]
# bad_flag = -9.990e-29
*END*
[from data line 394]
 145.496664     11.602    15.7976  36.035746    28.2248     11.498  255.27238  255.57167    13.4276     9.1294 0.0000e+00
 145.496667     11.664    15.7976  36.035261    28.2248     11.560  255.27238  255.57167    13.4432     9.1577 0.0000e+00
 145.496670     11.724    15.7963  36.031565    28.2248     11.619  255.28396  255.58321    13.3965     9.7441 0.0000e+00
 145.496672     11.777    15.7901  36.030658    28.2269     11.672  255.30906  255.60800    13.3809     9.7643 0.0000e+00
 145.496675     11.814    15.7877  36.029810    28.2282     11.708  255.31883  255.61765    13.3809     9.7542 0.0000e+00
 145.496678     11.841    15.7853  36.027629    28.2295     11.735  255.32860  255.62730    13.3809     9.7643 -9.990e-29
 145.496681     11.858    15.7759  36.026116    28.2330     11.751  255.37039  255.66862    15.1708     9.1092 -9.990e-29
 145.496684     11.859    15.7732  36.030236    28.2386     11.753  255.37476  255.67283    15.1708     9.1537 -9.990e-29
 145.496687     11.847    15.7728  36.028055    28.2369     11.740  255.37959  255.67765    15.1241     9.1254 -9.990e-29
 145.496690     11.830    15.7744  36.029993    28.2375     11.724  255.37026  255.66839    15.2331     9.1052 -9.990e-29
 145.496693     11.812    15.7755  36.030659    28.2373     11.706  255.36528  255.66346    17.5988     9.7683 -9.990e-29
 145.496696     11.810    15.7748  36.030659    28.2378     11.704  255.36771  255.66586    17.6144     9.7602 -9.990e-29
 145.496698     11.808    15.7756  36.029387    28.2361     11.703  255.36661  255.66480    17.6611     9.7441 -9.990e-29
 145.496701     11.819    15.7781  36.032234    28.2368     11.713  255.35287  255.65118    17.5210     9.7521 -9.990e-29
 145.496704     11.838    15.7819  36.031992    28.2339     11.732  255.33867  255.63717    17.6144     9.7360 -9.990e-29
 145.496707     11.856    15.7881  36.030901    28.2298     11.750  255.31406  255.61288    15.8556    10.7428 -9.990e-29
 145.496710     11.892    15.7888  36.032415    28.2292     11.786  255.31148  255.61033    15.8790    10.7509 0.0000e+00
 145.496713     11.931    15.7895  36.032233    28.2286     11.824  255.31330  255.61222    15.8556    10.7428 0.0000e+00
 145.496716     11.974    15.7895  36.029144    28.2271     11.867  255.31330  255.61222    15.9023    10.7226 0.0000e+00
 145.496719     12.024    15.7868  36.028235    28.2271     11.916  255.32564  255.62442    17.0541     9.8168 0.0000e+00
 145.496722     12.080    15.7820  36.028721    28.2309     11.972  255.34317  255.64170    17.1319     9.8128 0.0000e+00
 145.496725     12.135    15.7734  36.030479    28.2385     12.026  255.37364  255.67172    17.1319     9.8128 0.0000e+00
 145.496727     12.195    15.7634  36.031571    28.2466     12.086  255.41059  255.70814    17.2253     9.8128 0.0000e+00
 145.496730     12.259    15.7547  36.028058    28.2497     12.149  255.44938  255.74649    18.0346     9.1011 0.0000e+00
 145.496733     12.319    15.7505  36.029998    28.2544     12.209  255.46256  255.75945    18.1591     9.1011 0.0000e+00
 145.496736     12.376    15.7481  36.031573    28.2567     12.265  255.46961  255.76636    18.0346     9.1011 0.0000e+00
 145.496739     12.428    15.7481  36.029998    28.2567     12.317  255.47481  255.77165    18.2058     9.1011 0.0000e+00
 145.496742     12.468    15.7482  36.025394    28.2540     12.357  255.47509  255.77187    18.2059     9.4630 0.0000e+00
 145.496745     12.494    15.7492  36.027817    28.2513     12.382  255.47481  255.77165    18.3926     9.8330 -9.990e-29
 145.496748     12.512    15.7485  36.027817    28.2539     12.400  255.47388  255.77067    18.2836     9.7885 -9.990e-29
 145.496751     12.512    15.7462  36.026788    28.2546     12.400  255.48425  255.78093    18.3303     9.7683 -9.990e-29
 145.496753     12.505    15.7444  36.024789    28.2542     12.393  255.49427  255.79087    18.2525     9.8128 -9.990e-29
 145.496756     12.492    15.7420  36.029999    28.2604     12.380  255.49545  255.79189    17.8945    10.1686 -9.990e-29
 145.496759     12.479    15.7394  36.029394    28.2617     12.368  255.50638  255.80270    17.7856    10.1525 -9.990e-29
 145.496762     12.456    15.7359  36.029818    28.2646     12.344  255.51908  255.81521    17.8634    10.1525 -9.990e-29
 145.496765     12.449    15.7324  36.029152    28.2665     12.337  255.53345  255.82941    17.8323    10.1484 -9.990e-29
 145.496768     12.447    15.7270  36.032000    28.2729     12.335  255.55006  255.84572    17.5833     9.7481 -9.990e-29
 145.496771     12.456    15.7185  36.030244    28.2774     12.344  255.58545  255.88067    17.5988     9.7683 -9.990e-29
 145.496774     12.483    15.7176  36.030305    28.2771     12.371  255.59052  255.88570    17.5444     9.7663 0.0000e+00
 145.496777     12.523    15.7167  36.028245    28.2774     12.411  255.59559  255.89073    17.5988     9.7643 0.0000e+00
 145.496780     12.574    15.7137  36.028912    28.2796     12.462  255.60584  255.90082    18.9685     9.1335 0.0000e+00
 145.496782     12.627    15.7114  36.030246    28.2824     12.514  255.61294  255.90779    19.0619     9.1335 0.0000e+00
 145.496785     12.691    15.7097  36.030004    28.2834     12.577  255.61972  255.91449    19.0774     9.1375 0.0000e+00
 145.496788     12.755    15.7076  36.029398    28.2843     12.641  255.62888  255.92353    19.0930     9.1375 0.0000e+00
 145.496791     12.819    15.7059  36.029399    28.2856     12.704  255.63550  255.93004    19.7622     9.1213 0.0000e+00
 145.496794     12.875    15.7058  36.030671    28.2856     12.760  255.63559  255.93016    19.7622     8.8302 0.0000e+00
 145.496797     12.928    15.7058  36.028672    28.2849     12.812  255.63550  255.93004    19.7467     8.8181 0.0000e+00
 145.496800     12.977    15.7068  36.028490    28.2840     12.861  255.63342  255.92804    19.7311     8.8302 0.0000e+00
 145.496803     13.016    15.7076  36.027824    28.2829     12.899  255.63342  255.92804    19.7155     8.8302 0.0000e+00
 145.496806     13.045    15.7076  36.024795    28.2801     12.928  255.63545  255.93014    18.3615     9.8290 0.0000e+00
 145.496808     13.070    15.7072  36.022796    28.2801     12.953  255.63545  255.93014    18.2681     9.8290 0.0000e+00
 145.496811     13.096    15.7071  36.028733    28.2815     12.978  255.63657  255.93122    18.3148     9.8310 0.0000e+00
 145.496814     13.121    15.7070  36.026976    28.2841     13.004  255.63251  255.92714    18.2681     9.8128 -9.990e-29
 145.496817     13.132    15.7076  36.029581    28.2844     13.015  255.62881  255.92347    18.2369     9.8371 -9.990e-29
 145.496820     13.140    15.7072  36.026976    28.2824     13.022  255.63430  255.92896    18.1903     9.8249 -9.990e-29
 145.496823     13.143    15.7059  36.026128    28.2825     13.026  255.64045  255.93505    18.3615     9.8128 -9.990e-29
 145.496826     13.147    15.7045  36.028734    28.2858     13.029  255.64195  255.93645    18.3303     9.8249 -9.990e-29
 145.496829     13.138    15.7039  36.024311    28.2824     13.020  255.65111  255.94561    19.3887     9.7198 -9.990e-29
 145.496832     13.140    15.7019  36.023887    28.2835     13.022  255.65935  255.95374    19.6222     9.7158 -9.990e-29
 145.496834     13.138    15.7008  36.030915    28.2904     13.020  255.65288  255.94718    19.5132     9.7279 -9.990e-29
 145.496837     13.142    15.7008  36.031157    28.2906     13.024  255.65252  255.94681    19.6066     9.7077 -9.990e-29
 145.496840     13.152    15.7015  36.028492    28.2878     13.035  255.65386  255.94820    19.5443     9.6915 -9.990e-29
 145.496843     13.171    15.7032  36.030915    28.2885     13.053  255.64409  255.93851    18.5794     9.4731 -9.990e-29
 145.496846     13.204    15.7024  36.030733    28.2884     13.085  255.64834  255.94273    18.5560     9.4872 0.0000e+00
 145.496849     13.247    15.7016  36.029158    28.2883     13.129  255.65259  255.94694    18.5638     9.5014 0.0000e+00
 145.496852     13.302    15.7003  36.027644    28.2878     13.183  255.65979  255.95407    18.5638     9.5014 0.0000e+00
 145.496855     13.366    15.7003  36.024312    28.2858     13.246  255.66297  255.95728    18.7817     8.9919 0.0000e+00
 145.496858     13.435    15.7004  36.025403    28.2851     13.315  255.66581  255.96011    18.7973     8.9798 0.0000e+00
 145.496861     13.508    15.7011  36.017770    28.2786     13.387  255.66743  255.96188    18.7817     8.9677 0.0000e+00
 145.496863     13.577    15.7022  36.017952    28.2786     13.456  255.66743  255.96188    18.7661     8.9636 0.0000e+00
 145.496866     13.638    15.7022  36.025221    28.2838     13.515  255.65396  255.94839    15.8712     8.6846 0.0000e+00
 145.496869     13.694    15.7018  36.027827    28.2868     13.571  255.65396  255.94839    15.8712     8.6684 0.0000e+00
 145.496872     13.740    15.7008  36.027646    28.2874     13.617  255.65791  255.95223    15.8479     8.6644 0.0000e+00
 145.496875     13.771    15.6999  36.028737    28.2880     13.647  255.66185  255.95612    15.9023     8.6684 -9.990e-29
 145.496878     13.782    15.6954  36.030494    28.2937     13.658  255.67483  255.96885    15.4821     9.2426 -9.990e-29
 145.496881     13.782    15.6956  36.027404    28.2908     13.658  255.67863  255.97268    15.2798     9.2386 -9.990e-29
 145.496884     13.774    15.6955  36.030494    28.2936     13.651  255.67422  255.96824    15.3887     9.2507 -9.990e-29
 145.496887     13.762    15.6959  36.032008    28.2946     13.638  255.67039  255.96442    15.4354     9.2507 -9.990e-29
 145.496889     13.751    15.6970  36.028736    28.2910     13.627  255.67143  255.96553    15.3731     9.2184 -9.990e-29
 145.496892     13.741    15.6976  36.032008    28.2934     13.618  255.66401  255.95812    18.7817     9.4206 -9.990e-29
 145.496895     13.738    15.6970  36.030493    28.2925     13.615  255.66844  255.96254    18.9218     9.4570 -9.990e-29
 145.496898     13.745    15.6964  36.032008    28.2943     13.622  255.66856  255.96262    18.7661     9.4084 -9.990e-29
 145.496901     13.758    15.6987  36.030675    28.2936     13.635  255.65812  255.95229    16.0113     9.6996 -9.990e-29
 145.496904     13.789    15.6995  36.033099    28.2921     13.665  255.65661  255.95083    15.9491     9.6875 0.0000e+00
 145.496907     13.823    15.7003  36.030917    28.2905     13.700  255.65509  255.94936    15.8868     9.6753 0.0000e+00
 145.496910     13.867    15.7012  36.029827    28.2889     13.743  255.65344  255.94776    15.8868     9.6753 0.0000e+00
 145.496913     13.911    15.7017  36.030251    28.2889     13.786  255.65100  255.94534    15.9179     9.6753 0.0000e+00
 145.496916     13.953    15.7018  36.029888    28.2885     13.828  255.65097  255.94533    16.5093     8.7776 0.0000e+00
 145.496918     13.991    15.7018  36.030009    28.2885     13.866  255.65014  255.94445    16.5405     8.7655 0.0000e+00
 145.496921     14.030    15.7011  36.032251    28.2910     13.904  255.65014  255.94445    16.5405     8.7574 0.0000e+00
 145.496924     14.072    15.6996  36.031585    28.2916     13.945  255.65725  255.95148    16.6183     8.7574 0.0000e+00
 145.496927     14.115    15.6977  36.030676    28.2920     13.989  255.66564  255.95978    16.8673     9.0162 0.0000e+00
 145.496930     14.159    15.6944  36.034433    28.2977     14.032  255.67299  255.96692    16.8673     9.0243 0.0000e+00
 145.496933     14.210    15.6893  36.031162    28.2985     14.083  255.69743  255.99112    16.8673     9.0243 0.0000e+00
 145.496936     14.261    15.6866  36.033769    28.3015     14.134  255.70592  255.99946    16.8440     9.0385 0.0000e+00
 145.496939     14.300    15.6839  36.036011    28.3046     14.171  255.71442  256.00781    16.9296     9.0526 -9.990e-29
 145.496942     14.312    15.6747  36.037951    28.3148     14.184  255.74326  256.03614    13.5988    10.0635 -9.990e-29
 145.496944     14.329    15.6701  36.036861    28.3171     14.200  255.76283  256.05548    13.6299    10.0716 -9.990e-29
 145.496947     14.332    15.6649  36.037285    28.3212     14.204  255.78220  256.07457    13.5988    10.0797 -9.990e-29
 145.496950     14.327    15.6621  36.036377    28.3224     14.199  255.79420  256.08643    13.5833    10.0716 -9.990e-29
 145.496953     14.307    15.6603  36.036377    28.3237     14.179  255.80116  256.09330    13.0852     9.5459 -9.990e-29
 145.496956     14.276    15.6580  36.035953    28.3251     14.148  255.81089  256.10291    13.1319     9.5500 -9.990e-29
 145.496959     14.239    15.6544  36.040134    28.3313     14.112  255.81843  256.11024    13.1786     9.5459 -9.990e-29
 145.496962     14.187    15.6505  36.040801    28.3347     14.059  255.83224  256.12384    13.1319     9.5581 -9.990e-29
 145.496965     14.141    15.6486  36.036620    28.3324     14.014  255.84589  256.13741    14.7506     8.5633 -9.990e-29
 145.496968     14.099    15.6495  36.038801    28.3337     13.972  255.83919  256.13075    14.6883     8.5552 -9.990e-29
 145.496970     14.072    15.6515  36.042133    28.3351     13.945  255.82620  256.11784    14.6572     8.5269 -9.990e-29
 145.496973     14.055    15.6536  36.040376    28.3321     13.929  255.82099  256.11275    14.6572     8.5593 -9.990e-29
 145.496976     14.062    15.6526  36.043224    28.3353     13.936  255.82028  256.11198    15.6222     8.6442 -9.990e-29
 145.496979     14.082    15.6486  36.042316    28.3374     13.956  255.83715  256.12863    15.5599     8.6361 -9.990e-29
 145.496982     14.121    15.6433  36.041468    28.3405     13.994  255.85908  256.15029    15.6222     8.5997 -9.990e-29
 145.496985     14.164    15.6377  36.041832    28.3448     14.037  255.88008  256.17099    15.6844     8.5997 -9.990e-29
 145.496988     14.208    15.6322  36.043409    28.3501     14.081  255.89892  256.18953    15.4821     8.6361 -9.990e-29
 145.496991     14.256    15.6231  36.044076    28.3573     14.128  255.93243  256.22256    14.4548     8.6118 -9.990e-29
 145.496994     14.292    15.6231  36.044319    28.3573     14.164  255.93243  256.22256    14.4548     8.6118 0.0000e+00
 145.496997     14.318    15.6231  36.042744    28.3573     14.189  255.93243  256.22256    14.4548     8.6118 -9.990e-29
 145.496999     14.332    15.6201  36.043229    28.3585     14.204  255.94564  256.23562    14.3615     8.6280 -9.990e-29
 145.497002     14.336    15.6203  36.039472    28.3551     14.207  255.95078  256.24080    13.2253     8.6765 -9.990e-29
