seaocn-cb/data/ctd_cnv/SBE19plus_01907321_2024_05_21_Cast02.cnv
* Sea-Bird SBE19plus  Data File:
* FileName = E:\Prandtl_Daten\2024\CTD\SBE19plus_01907321_2024_05_21_Cast02.hex
* Software version 2.6.1.12
* Temperature SN = 7321
* Conductivity SN = 7321
* System UpLoad Time = May 21 2024 10:20:53
* <ApplicationData>
* <Seaterm232>
** 20240521
** Sea Practical 2024
** MCat 21.05 M2
** NMEA Latitude = 54 08.0N
** NMEA Longitude = 008 23.0E
** waterdepth = 12.0m
** Isabelle
# nquan = 11
# nvalues = 394                         
# units = specified
# name 0 = timeJ: Julian Days
# name 1 = prdM: Pressure, Strain Gauge [db]
# name 2 = tv290C: Temperature [ITS-90, deg C]
# name 3 = c0mS/cm: Conductivity [mS/cm]
# name 4 = sal00: Salinity, Practical [PSU]
# name 5 = depSM: Depth [salt water, m], lat = 54.00
# name 6 = oxsatMm/Kg: Oxygen Saturation, Weiss [umol/kg]
# name 7 = oxsolMm/Kg: Oxygen Saturation, Garcia & Gordon [umol/kg]
# name 8 = turbWETntu0: Turbidity, WET Labs ECO [NTU]
# name 9 = flECO-AFL: Fluorescence, WET Labs ECO-AFL/FL [mg/m^3]
# name 10 = flag:  0.000e+00
# span 0 = 142.427225, 142.428362       
# span 1 =      0.740,      9.893       
# span 2 =    13.0264,    14.6980       
# span 3 =  36.641090,  37.058001       
# span 4 =    29.9407,    30.9004       
# span 5 =      0.733,      9.805       
# span 6 =  257.90686,  265.17684       
# span 7 =  258.13818,  265.30361       
# span 8 =    -5.6230,    -2.3701       
# span 9 =     1.2928,     5.3041       
# span 10 = 0.0000e+00, 0.0000e+00      
# interval = seconds: 0.25
# start_time = May 21 2024 10:13:37 [Instrument's time stamp, header]
# bad_flag = -9.990e-29
*END*
[from data line 263]
 142.427986      7.145    13.0370  36.651818    30.8871      7.081  265.11746  265.24489    -3.4595     4.4914 0.0000e+00
 142.427989      7.190    13.0359  36.651391    30.8871      7.126  265.12228  265.24965    -3.5529     4.4914 0.0000e+00
 142.427992      7.243    13.0344  36.650294    30.8874      7.178  265.13059  265.25785    -3.5529     4.3620 0.0000e+00
 142.427995      7.289    13.0333  36.651392    30.8876      7.223  265.13277  265.25996    -3.5529     4.3539 0.0000e+00
 142.427998      7.325    13.0333  36.649562    30.8884      7.260  265.13451  265.26171    -3.5374     4.3519 0.0000e+00
 142.428001      7.351    13.0333  36.652063    30.8876      7.285  265.13625  265.26345    -3.5218     4.3539 -9.990e-29
 142.428003      7.362    13.0340  36.650294    30.8876      7.296  265.13212  265.25936    -3.8175     4.6289 -9.990e-29
 142.428006      7.356    13.0343  36.651636    30.8887      7.290  265.12863  265.25588    -3.8020     4.6450 -9.990e-29
 142.428009      7.342    13.0336  36.648708    30.8865      7.276  265.13658  265.26381    -3.8798     4.6208 -9.990e-29
 142.428012      7.320    13.0322  36.647549    30.8866      7.254  265.14407  265.27122    -3.8642     4.6046 -9.990e-29
 142.428015      7.289    13.0319  36.650233    30.8893      7.223  265.14056  265.26766    -3.6930     4.1436 -9.990e-29
 142.428018      7.270    13.0320  36.651392    30.8904      7.205  265.13826  265.26535    -3.8487     4.1072 -9.990e-29
 142.428021      7.259    13.0318  36.650050    30.8893      7.194  265.14144  265.26853    -3.9109     4.1072 -9.990e-29
 142.428024      7.268    13.0313  36.650965    30.8905      7.203  265.14189  265.26893    -3.7397     4.1072 -9.990e-29
 142.428027      7.298    13.0307  36.645780    30.8894      7.232  265.14671  265.27373    -3.4440     4.3337 -9.990e-29
 142.428030      7.340    13.0307  36.649379    30.8885      7.274  265.14861  265.27565    -3.4440     4.3559 0.0000e+00
 142.428032      7.394    13.0307  36.647366    30.8881      7.328  265.15052  265.27756    -3.4440     4.3781 0.0000e+00
 142.428035      7.460    13.0302  36.647550    30.8876      7.393  265.15199  265.27899    -3.3817     4.3781 0.0000e+00
 142.428038      7.531    13.0292  36.645537    30.8881      7.464  265.15957  265.28653    -3.3817     4.3701 0.0000e+00
 142.428041      7.602    13.0282  36.647795    30.8900      7.534  265.15957  265.28653    -3.7708     4.0142 0.0000e+00
 142.428044      7.664    13.0282  36.649686    30.8916      7.596  265.15654  265.28338    -3.7708     4.0021 0.0000e+00
 142.428047      7.714    13.0289  36.650723    30.8916      7.645  265.15320  265.28008    -3.7164     3.9961 0.0000e+00
 142.428050      7.754    13.0295  36.651150    30.8916      7.685  265.14986  265.27678    -3.6619     3.9900 -9.990e-29
 142.428053      7.776    13.0320  36.651394    30.8902      7.706  265.13861  265.26570    -2.9148     4.2973 -9.990e-29
 142.428056      7.787    13.0321  36.650296    30.8890      7.717  265.13994  265.26705    -2.8992     4.3094 -9.990e-29
 142.428058      7.787    13.0322  36.648710    30.8875      7.717  265.14239  265.26953    -2.9459     4.3094 -9.990e-29
 142.428061      7.801    13.0330  36.653163    30.8910      7.731  265.13151  265.25866    -2.9148     4.3215 -9.990e-29
 142.428064      7.810    13.0341  36.653102    30.8900      7.741  265.12728  265.25451    -3.4751     4.2568 -9.990e-29
 142.428067      7.825    13.0345  36.651394    30.8881      7.755  265.12851  265.25578    -3.4440     4.2649 -9.990e-29
 142.428070      7.849    13.0354  36.654322    30.8900      7.778  265.11972  265.24703    -3.6152     4.2488 -9.990e-29
 142.428073      7.876    13.0356  36.654322    30.8897      7.806  265.11982  265.24714    -3.6230     4.4570 0.0000e+00
 142.428076      7.911    13.0357  36.653712    30.8893      7.840  265.11993  265.24726    -3.6152     4.6208 0.0000e+00
 142.428079      7.942    13.0357  36.650235    30.8885      7.871  265.12412  265.25142    -3.6308     4.6329 0.0000e+00
 142.428082      7.982    13.0352  36.652492    30.8885      7.910  265.12412  265.25142    -3.5996     4.6329 0.0000e+00
 142.428084      8.009    13.0352  36.652858    30.8886      7.937  265.12366  265.25097    -3.6152     4.6349 0.0000e+00
 142.428087      8.036    13.0352  36.648710    30.8888      7.964  265.12321  265.25052    -3.5996     4.6369 -9.990e-29
 142.428090      8.047    13.0354  36.651150    30.8871      7.975  265.12562  265.25295    -3.5841     4.5035 -9.990e-29
 142.428093      8.043    13.0360  36.651394    30.8868      7.971  265.12259  265.24996    -3.6774     4.5116 -9.990e-29
 142.428096      8.030    13.0364  36.649442    30.8846      7.958  265.12422  265.25165    -3.5841     4.5278 -9.990e-29
 142.428099      8.010    13.0359  36.649564    30.8851      7.939  265.12602  265.25341    -3.6463     4.4792 -9.990e-29
 142.428102      7.996    13.0348  36.647795    30.8844      7.924  265.13370  265.26103    -3.5218     4.3498 -9.990e-29
 142.428105      7.981    13.0336  36.650052    30.8875      7.910  265.13442  265.26164    -3.5062     4.3822 -9.990e-29
 142.428108      7.983    13.0332  36.646270    30.8843      7.911  265.14270  265.26993    -3.5218     4.3660 -9.990e-29
 142.428111      7.997    13.0315  36.644013    30.8836      7.926  265.15356  265.28069    -3.5841     4.3620 -9.990e-29
 142.428113      8.019    13.0280  36.644197    30.8855      7.947  265.16919  265.29608    -3.3506     3.9172 -9.990e-29
 142.428116      8.059    13.0279  36.643038    30.8865      7.987  265.16821  265.29508    -3.3506     3.9131 0.0000e+00
 142.428119      8.114    13.0277  36.644868    30.8874      8.042  265.16903  265.29586    -3.3506     3.9172 0.0000e+00
 142.428122      8.178    13.0274  36.644686    30.8875      8.105  265.16760  265.29442    -3.3195     3.9253 0.0000e+00
 142.428125      8.251    13.0274  36.645540    30.8875      8.177  265.16903  265.29586    -3.3039     3.9900 0.0000e+00
 142.428128      8.322    13.0273  36.643039    30.8883      8.247  265.17090  265.29768    -3.3039     3.9900 0.0000e+00
 142.428131      8.388    13.0267  36.645357    30.8885      8.313  265.17090  265.29768    -3.3039     3.9859 0.0000e+00
 142.428134      8.448    13.0267  36.645358    30.8886      8.372  265.17066  265.29744    -3.3817     3.9738 0.0000e+00
 142.428137      8.503    13.0272  36.645846    30.8885      8.426  265.16782  265.29464    -3.3039     3.9859 0.0000e+00
 142.428139      8.546    13.0275  36.645541    30.8882      8.470  265.16709  265.29393    -2.8992     4.1295 0.0000e+00
 142.428142      8.579    13.0277  36.647554    30.8878      8.503  265.16636  265.29321    -2.4167     4.2851 -9.990e-29
 142.428145      8.598    13.0300  36.649567    30.8898      8.521  265.15045  265.27742    -2.3701     4.3013 -9.990e-29
 142.428148      8.605    13.0308  36.649018    30.8886      8.528  265.14794  265.27497    -2.4479     4.3134 -9.990e-29
 142.428151      8.603    13.0307  36.649140    30.8888      8.526  265.14830  265.27533    -3.8020     5.0575 -9.990e-29
 142.428154      8.596    13.0306  36.646700    30.8866      8.519  265.15281  265.27985    -3.6930     5.0615 -9.990e-29
 142.428157      8.583    13.0304  36.647554    30.8875      8.506  265.15219  265.27921    -3.8020     5.0534 -9.990e-29
 142.428160      8.590    13.0300  36.647737    30.8880      8.513  265.15333  265.28032    -3.8487     5.0817 -9.990e-29
 142.428163      8.607    13.0307  36.647554    30.8873      8.530  265.15105  265.27809    -3.5685     4.1760 -9.990e-29
 142.428166      8.623    13.0310  36.645114    30.8847      8.546  265.15384  265.28093    -3.4284     4.1921 -9.990e-29
 142.428168      8.641    13.0307  36.646273    30.8861      8.564  265.15329  265.28034    -3.5374     4.1638 -9.990e-29
 142.428171      8.658    13.0310  36.649811    30.8892      8.580  265.14602  265.27306    -3.4751     4.1881 -9.990e-29
 142.428174      8.663    13.0314  36.647798    30.8869      8.586  265.14777  265.27486    -3.0860     4.9685 -9.990e-29
 142.428177      8.661    13.0318  36.649140    30.8879      8.584  265.14400  265.27110    -2.9459     4.9443 -9.990e-29
 142.428180      8.660    13.0314  36.646883    30.8861      8.582  265.14935  265.27645    -3.0860     4.9160 -9.990e-29
 142.428183      8.660    13.0309  36.646212    30.8858      8.582  265.15254  265.27961    -3.0393     4.9079 -9.990e-29
 142.428186      8.665    13.0309  36.647798    30.8873      8.588  265.14980  265.27685    -3.1483     4.9281 -9.990e-29
 142.428189      8.674    13.0310  36.646029    30.8856      8.597  265.15258  265.27965    -3.2728     4.5601 -9.990e-29
 142.428192      8.696    13.0302  36.646212    30.8878      8.618  265.15245  265.27946    -3.3195     4.5722 -9.990e-29
 142.428194      8.738    13.0299  36.647798    30.8870      8.660  265.15558  265.28258    -3.3429     4.5662 0.0000e+00
 142.428197      8.787    13.0297  36.645541    30.8878      8.709  265.15306  265.28001    -3.3195     4.5601 0.0000e+00
 142.428200      8.855    13.0297  36.648836    30.8871      8.775  265.15781  265.28478    -3.2105     4.2730 0.0000e+00
 142.428203      8.930    13.0295  36.646457    30.8871      8.850  265.15781  265.28478    -3.1483     4.2649 0.0000e+00
 142.428206      9.004    13.0294  36.646030    30.8868      8.924  265.15918  265.28614    -3.1171     4.2528 0.0000e+00
 142.428209      9.074    13.0289  36.645604    30.8868      8.992  265.16071  265.28762    -3.1483     4.2528 0.0000e+00
 142.428212      9.135    13.0288  36.646702    30.8879      9.054  265.16071  265.28762    -3.3506     4.3741 0.0000e+00
 142.428215      9.196    13.0288  36.647800    30.8883      9.113  265.15963  265.28654    -3.3584     4.3781 0.0000e+00
 142.428218      9.234    13.0288  36.649813    30.8888      9.151  265.15856  265.28547    -3.3662     4.3741 -9.990e-29
 142.428220      9.257    13.0308  36.650301    30.8895      9.175  265.14617  265.27320    -3.5062     4.3579 -9.990e-29
 142.428223      9.268    13.0317  36.648715    30.8873      9.186  265.14545  265.27256    -3.0082     5.0534 -9.990e-29
 142.428226      9.263    13.0314  36.645360    30.8844      9.180  265.15241  265.27953    -3.1171     5.0534 -9.990e-29
 142.428229      9.254    13.0302  36.643530    30.8836      9.171  265.16020  265.28726    -3.0860     5.0332 -9.990e-29
 142.428232      9.230    13.0289  36.644994    30.8861      9.147  265.16286  265.28981    -3.0238     5.0332 -9.990e-29
 142.428235      9.217    13.0276  36.644201    30.8864      9.135  265.16973  265.29658    -3.0549     5.0170 -9.990e-29
 142.428238      9.206    13.0276  36.646214    30.8883      9.124  265.16624  265.29307    -3.3817     4.2973 -9.990e-29
 142.428241      9.208    13.0279  36.647739    30.8895      9.126  265.16244  265.28928    -3.3817     4.2851 -9.990e-29
 142.428244      9.210    13.0291  36.648898    30.8896      9.128  265.15551  265.28243    -3.1794     4.3175 -9.990e-29
 142.428247      9.217    13.0302  36.645360    30.8854      9.135  265.15730  265.28433    -3.3506     4.3418 -9.990e-29
 142.428249      9.234    13.0303  36.644445    30.8844      9.151  265.15832  265.28537    -3.0704     5.3041 -9.990e-29
 142.428252      9.250    13.0289  36.643896    30.8860      9.167  265.16340  265.29034    -3.0860     5.2839 -9.990e-29
 142.428255      9.276    13.0288  36.644872    30.8843      9.193  265.16726  265.29421    -3.1094     5.2940 0.0000e+00
 142.428258      9.301    13.0287  36.641090    30.8860      9.218  265.16340  265.29034    -3.1327     5.2839 0.0000e+00
 142.428261      9.332    13.0287  36.646886    30.8873      9.249  265.16172  265.28864    -3.3662     4.2488 0.0000e+00
 142.428264      9.367    13.0287  36.646215    30.8875      9.283  265.16082  265.28773    -3.3662     4.2488 0.0000e+00
 142.428267      9.402    13.0288  36.646703    30.8873      9.317  265.16172  265.28864    -3.3662     4.2488 0.0000e+00
 142.428270      9.443    13.0288  36.642433    30.8857      9.359  265.16713  265.29404    -3.3195     4.2447 0.0000e+00
 142.428273      9.489    13.0283  36.644141    30.8844      9.404  265.16803  265.29499    -3.1171     4.2447 0.0000e+00
 142.428275      9.540    13.0279  36.642433    30.8850      9.455  265.17157  265.29847    -3.1171     4.2447 0.0000e+00
 142.428278      9.602    13.0271  36.642434    30.8845      9.516  265.17479  265.30164    -3.1016     4.2609 0.0000e+00
 142.428281      9.659    13.0264  36.641336    30.8850      9.572  265.17684  265.30361    -3.1016     4.2447 0.0000e+00
 142.428284      9.719    13.0264  36.643471    30.8867      9.632  265.17684  265.30361    -3.0549     4.2447 0.0000e+00
 142.428287      9.781    13.0264  36.645362    30.8883      9.693  265.17275  265.29951    -3.1171     4.1962 0.0000e+00
 142.428290      9.832    13.0268  36.648901    30.8897      9.744  265.16826  265.29503    -3.1094     4.1962 0.0000e+00
 142.428293      9.872    13.0271  36.651829    30.8910      9.784  265.16376  265.29055    -3.1638     4.1962 -9.990e-29
 142.428296      9.888    13.0313  36.649144    30.8878      9.800  265.14659  265.27367    -3.1483     4.2083 -9.990e-29
 142.428299      9.892    13.0315  36.645789    30.8845      9.804  265.15182  265.27894    -3.7241     4.9321 -9.990e-29
 142.428302      9.872    13.0305  36.646033    30.8856      9.784  265.15544  265.28248    -3.4751     4.9281 -9.990e-29
 142.428304      9.821    13.0295  36.643471    30.8840      9.733  265.16389  265.29089    -3.6152     4.9604 -9.990e-29
 142.428307      9.761    13.0282  36.644020    30.8855      9.673  265.16782  265.29473    -3.6308     4.9321 -9.990e-29
 142.428310      9.713    13.0276  36.646033    30.8880      9.626  265.16691  265.29375    -3.3506     4.2204 -9.990e-29
 142.428313      9.675    13.0279  36.645850    30.8876      9.588  265.16604  265.29290    -3.1950     4.2568 -9.990e-29
 142.428316      9.648    13.0276  36.647558    30.8894      9.561  265.16393  265.29076    -3.2572     4.2407 -9.990e-29
 142.428319      9.633    13.0279  36.644691    30.8865      9.547  265.16773  265.29461    -3.4284     4.2407 -9.990e-29
 142.428322      9.629    13.0284  36.646460    30.8877      9.543  265.16263  265.28953    -3.1483     4.7704 -9.990e-29
 142.428325      9.631    13.0288  36.644568    30.8856      9.545  265.16446  265.29140    -3.0082     4.7744 -9.990e-29
 142.428328      9.638    13.0289  36.646460    30.8873      9.552  265.16090  265.28783    -2.8525     4.7178 -9.990e-29
 142.428330      9.651    13.0284  36.647558    30.8888      9.564  265.16104  265.28792    -2.9615     4.7502 -9.990e-29
 142.428333      9.667    13.0284  36.643349    30.8848      9.581  265.16834  265.29526    -3.1483     4.7542 -9.990e-29
 142.428336      9.682    13.0283  36.647314    30.8886      9.595  265.16177  265.28865    -3.1171     3.9778 -9.990e-29
 142.428339      9.702    13.0284  36.643349    30.8848      9.615  265.16807  265.29500    -3.0860     3.9900 -9.990e-29
 142.428342      9.718    13.0286  36.644691    30.8859      9.631  265.16518  265.29211    -3.1171     3.9657 -9.990e-29
 142.428345      9.746    13.0285  36.644142    30.8854      9.658  265.16644  265.29336    -3.0238     4.0142 -9.990e-29
 142.428348      9.777    13.0282  36.645789    30.8873      9.689  265.16506  265.29194    -2.5724     4.3256 -9.990e-29
 142.428351      9.808    13.0279  36.642434    30.8847      9.720  265.17133  265.29822    -2.6502     4.3013 -9.990e-29
 142.428354      9.838    13.0279  36.642861    30.8847      9.750  265.17133  265.29822    -2.6502     4.3013 0.0000e+00
 142.428356      9.868    13.0279  36.644996    30.8847      9.779  265.17133  265.29822    -2.6502     4.3013 -9.990e-29
 142.428359      9.888    13.0282  36.647803    30.8891      9.799  265.16165  265.28852    -3.7553     4.4954 -9.990e-29
 142.428362      9.893    13.0288  36.650243    30.8908      9.805  265.15483  265.28171    -3.4595     4.5075 -9.990e-29
