seaocn-cb/data/ctd_cnv/SBE19plus_01907321_2024_05_29_Cast111.cnv
* Sea-Bird SBE19plus  Data File:
* FileName = E:\Prandtl_Daten\2024\29052024\raw\SBE19plus_01907321_2024_05_29_Cast111.hex
* Software version 2.6.1.12
* Temperature SN = 7321
* Conductivity SN = 7321
* System UpLoad Time = May 29 2024 14:31:59
* <ApplicationData>
* <Seaterm232>
** 20240529
** Sea Practical 2024
** MCat 27.05 CTD_SP2
** NMEA Latitude = 54 06.51N
** NMEA Longitude = 008 34.32E
** waterdepth = 15.95m
** clemens
# nquan = 11
# nvalues = 512                         
# units = specified
# name 0 = timeJ: Julian Days
# name 1 = prdM: Pressure, Strain Gauge [db]
# name 2 = tv290C: Temperature [ITS-90, deg C]
# name 3 = c0mS/cm: Conductivity [mS/cm]
# name 4 = sal00: Salinity, Practical [PSU]
# name 5 = depSM: Depth [salt water, m], lat = 54.00
# name 6 = oxsatMm/Kg: Oxygen Saturation, Weiss [umol/kg]
# name 7 = oxsolMm/Kg: Oxygen Saturation, Garcia & Gordon [umol/kg]
# name 8 = turbWETntu0: Turbidity, WET Labs ECO [NTU]
# name 9 = flECO-AFL: Fluorescence, WET Labs ECO-AFL/FL [mg/m^3]
# name 10 = flag:  0.000e+00
# span 0 = 150.588383, 150.589861       
# span 1 =      0.282,     15.382       
# span 2 =    16.1922,    16.3730       
# span 3 =  36.468595,  36.604020       
# span 4 =    28.2291,    28.4357       
# span 5 =      0.279,     15.244       
# span 6 =  252.36810,  252.93026       
# span 7 =  252.69358,  253.24633       
# span 8 =    -2.2300,    12.9451       
# span 9 =     4.1517,     6.9499       
# span 10 = 0.0000e+00, 0.0000e+00      
# interval = seconds: 0.25
# start_time = May 29 2024 14:06:01 [Instrument's time stamp, header]
# bad_flag = -9.990e-29
*END*
[from data line 263]
 150.589144      7.863    16.2718  36.475486    28.2706      7.793  252.80480  253.12550     1.1475     6.6911 -9.990e-29
 150.589146      7.854    16.2715  36.476642    28.2719      7.784  252.80429  253.12497     1.7545     5.8096 -9.990e-29
 150.589149      7.854    16.2712  36.478165    28.2734      7.784  252.80324  253.12390     1.8634     5.8217 -9.990e-29
 150.589152      7.863    16.2709  36.476155    28.2719      7.793  252.80744  253.12810     2.0035     5.8177 -9.990e-29
 150.589155      7.881    16.2702  36.475729    28.2708      7.811  252.81260  253.13324     2.2214     6.1048 -9.990e-29
 150.589158      7.912    16.2700  36.474329    28.2713      7.841  252.81265  253.13328     2.2759     6.1129 0.0000e+00
 150.589161      7.963    16.2698  36.475303    28.2719      7.892  252.81270  253.13331     2.3303     6.1048 0.0000e+00
 150.589164      8.029    16.2689  36.476643    28.2737      7.957  252.81439  253.13494     2.3303     6.0927 0.0000e+00
 150.589167      8.109    16.2679  36.477983    28.2755      8.037  252.81608  253.13658     2.4393     6.0765 0.0000e+00
 150.589170      8.188    16.2666  36.479323    28.2775      8.114  252.81899  253.13942     2.4860     5.6074 0.0000e+00
 150.589172      8.262    16.2652  36.478593    28.2779      8.188  252.82527  253.14563     2.5794     5.5832 0.0000e+00
 150.589175      8.326    16.2640  36.478837    28.2790      8.252  252.82979  253.15009     2.5794     5.5751 0.0000e+00
 150.589178      8.379    16.2636  36.480664    28.2800      8.304  252.82997  253.15024     2.5716     5.5792 0.0000e+00
 150.589181      8.416    16.2632  36.480664    28.2811      8.340  252.83014  253.15039     2.5638     5.5751 -9.990e-29
 150.589184      8.438    16.2606  36.481334    28.2835      8.362  252.83888  253.15900     4.0424     5.7409 -9.990e-29
 150.589187      8.449    16.2597  36.479508    28.2825      8.373  252.84493  253.16502     4.0891     5.7489 -9.990e-29
 150.589190      8.454    16.2591  36.483283    28.2862      8.378  252.84146  253.16149     4.2603     5.7813 -9.990e-29
 150.589193      8.465    16.2589  36.481517    28.2848      8.389  252.84499  253.16502     4.1825     5.7813 -9.990e-29
 150.589196      8.476    16.2589  36.482857    28.2859      8.400  252.84301  253.16304     6.7506     6.8973 -9.990e-29
 150.589198      8.494    16.2591  36.481943    28.2850      8.418  252.84347  253.16351     6.8595     6.9499 -9.990e-29
 150.589201      8.509    16.2588  36.483100    28.2862      8.432  252.84297  253.16299     6.6883     6.9418 -9.990e-29
 150.589204      8.518    16.2587  36.483527    28.2866      8.442  252.84265  253.16266     6.7661     6.9256 -9.990e-29
 150.589207      8.527    16.2584  36.480056    28.2839      8.451  252.84901  253.16903     6.0191     6.5617 -9.990e-29
 150.589210      8.534    16.2582  36.483283    28.2868      8.458  252.84514  253.16512     5.9568     6.5415 -9.990e-29
 150.589213      8.543    16.2581  36.485293    28.2886      8.467  252.84247  253.16244     5.9879     6.5253 -9.990e-29
 150.589216      8.550    16.2579  36.481761    28.2857      8.474  252.84832  253.16830     5.9257     6.5334 -9.990e-29
 150.589219      8.567    16.2577  36.481579    28.2857      8.490  252.84950  253.16948     6.3459     6.8245 -9.990e-29
 150.589222      8.589    16.2582  36.485110    28.2883      8.512  252.84248  253.16245     6.3303     6.7962 -9.990e-29
 150.589225      8.627    16.2582  36.485110    28.2880      8.550  252.84269  253.16267     6.2992     6.7922 0.0000e+00
 150.589227      8.678    16.2582  36.484441    28.2876      8.600  252.84290  253.16288     6.3303     6.7962 0.0000e+00
 150.589230      8.736    16.2582  36.483954    28.2873      8.658  252.84426  253.16424     6.2681     6.7882 0.0000e+00
 150.589233      8.807    16.2573  36.482858    28.2873      8.729  252.84573  253.16561     3.9179     6.1573 0.0000e+00
 150.589236      8.878    16.2565  36.487304    28.2914      8.799  252.84709  253.16690     3.8868     6.1573 0.0000e+00
 150.589239      8.946    16.2555  36.489070    28.2918      8.866  252.84709  253.16690     3.9179     6.1573 0.0000e+00
 150.589242      9.001    16.2545  36.486208    28.2918      8.920  252.85500  253.17479     3.9646     6.1573 0.0000e+00
 150.589245      9.039    16.2541  36.484138    28.2912      8.958  252.85791  253.17769     4.8129     6.0361 0.0000e+00
 150.589248      9.065    16.2538  36.484625    28.2905      8.984  252.86082  253.18058     5.6611     5.8905 -9.990e-29
 150.589251      9.079    16.2536  36.489071    28.2949      8.998  252.85413  253.17386     5.5833     5.9026 -9.990e-29
 150.589253      9.083    16.2536  36.487792    28.2938      9.002  252.85603  253.17576     5.5833     5.9269 -9.990e-29
 150.589256      9.087    16.2534  36.486209    28.2926      9.006  252.85929  253.17902     4.3381     6.1210 -9.990e-29
 150.589259      9.098    16.2533  36.487548    28.2938      9.017  252.85761  253.17733     4.1980     6.1695 -9.990e-29
 150.589262      9.109    16.2537  36.488462    28.2938      9.027  252.85549  253.17522     4.2292     6.1654 -9.990e-29
 150.589265      9.140    16.2537  36.487975    28.2938      9.058  252.85554  253.17528     5.0696     6.4666 0.0000e+00
 150.589268      9.173    16.2537  36.487914    28.2938      9.091  252.85549  253.17522     5.9101     6.7679 0.0000e+00
 150.589271      9.207    16.2533  36.489985    28.2958      9.125  252.85559  253.17533     6.0969     6.8650 0.0000e+00
 150.589274      9.244    16.2529  36.490411    28.2962      9.161  252.85496  253.17465     6.1358     6.8731 0.0000e+00
 150.589277      9.269    16.2526  36.490229    28.2966      9.186  252.85587  253.17554     6.0969     6.8812 -9.990e-29
 150.589280      9.282    16.2520  36.489863    28.2966      9.199  252.85913  253.17877     6.0346     6.8286 -9.990e-29
 150.589282      9.289    16.2514  36.494004    28.3006      9.206  252.85541  253.17500     4.7272     6.6952 -9.990e-29
 150.589285      9.289    16.2509  36.492665    28.2998      9.206  252.85922  253.17879     4.6183     6.6628 -9.990e-29
 150.589288      9.291    16.2506  36.488645    28.2965      9.208  252.86609  253.18567     5.0229     6.6790 -9.990e-29
 150.589291      9.302    16.2506  36.489315    28.2968      9.219  252.86557  253.18515     6.5482     6.5981 -9.990e-29
 150.589294      9.331    16.2506  36.489011    28.2987      9.248  252.86237  253.18194     6.6260     6.5900 0.0000e+00
 150.589297      9.373    16.2506  36.493335    28.2988      9.289  252.86062  253.18020     6.5482     6.5981 0.0000e+00
 150.589300      9.428    16.2510  36.491569    28.3001      9.344  252.85918  253.17873     6.5482     6.5981 0.0000e+00
 150.589303      9.495    16.2514  36.493579    28.3001      9.410  252.85585  253.17545     6.5015     6.5981 0.0000e+00
 150.589306      9.559    16.2514  36.497050    28.3030      9.474  252.85043  253.17001     5.6144     5.6519 0.0000e+00
 150.589308      9.621    16.2509  36.499548    28.3056      9.535  252.84919  253.16872     5.6144     5.6519 0.0000e+00
 150.589311      9.676    16.2494  36.504725    28.3111      9.589  252.84699  253.16641     5.5988     5.6519 0.0000e+00
 150.589314      9.716    16.2486  36.510024    28.3140      9.629  252.84640  253.16577     5.6456     5.6620 0.0000e+00
 150.589317      9.749    16.2477  36.506248    28.3169      9.662  252.84581  253.16512     5.5366     5.6438 -9.990e-29
 150.589320      9.769    16.2440  36.510938    28.3202      9.682  252.85811  253.17724     2.8128     5.8419 -9.990e-29
 150.589323      9.775    16.2424  36.515202    28.3251      9.687  252.85814  253.17716     2.7194     5.8217 -9.990e-29
 150.589326      9.784    16.2406  36.517152    28.3280      9.696  252.86192  253.18083     2.6727     5.8056 -9.990e-29
 150.589329      9.795    16.2390  36.517091    28.3291      9.707  252.86807  253.18691     2.6572     5.8339 -9.990e-29
 150.589332      9.813    16.2367  36.520746    28.3347      9.725  252.87010  253.18879     5.5521     6.6790 -9.990e-29
 150.589334      9.848    16.2362  36.521660    28.3353      9.760  252.87114  253.18981     5.5366     6.6689 0.0000e+00
 150.589337      9.884    16.2358  36.522513    28.3360      9.796  252.87218  253.19083     5.5521     6.6668 0.0000e+00
 150.589340      9.924    16.2348  36.522392    28.3366      9.835  252.87602  253.19462     5.5210     6.6588 0.0000e+00
 150.589343      9.957    16.2345  36.522331    28.3368      9.868  252.87743  253.19601     5.2642     6.5678 0.0000e+00
 150.589346      9.988    16.2341  36.525012    28.3370      9.899  252.87885  253.19741     4.8829     6.4687 -9.990e-29
 150.589349     10.010    16.2336  36.522331    28.3374      9.920  252.88070  253.19924     4.8517     6.4485 -9.990e-29
 150.589352     10.019    16.2338  36.523915    28.3386      9.930  252.87774  253.19628     4.8517     6.4970 -9.990e-29
 150.589355     10.025    16.2339  36.523672    28.3383      9.935  252.87750  253.19605     6.0502     6.2342 -9.990e-29
 150.589358     10.021    16.2343  36.520748    28.3355      9.931  252.88033  253.19892     6.1591     6.1816 -9.990e-29
 150.589361     10.012    16.2351  36.516727    28.3315      9.922  252.88327  253.20192     5.9257     6.1978 -9.990e-29
 150.589363     10.008    16.2360  36.514960    28.3293      9.919  252.88256  253.20126     5.9568     6.2261 -9.990e-29
 150.589366     10.012    16.2383  36.509356    28.3216      9.922  252.88468  253.20354     3.7934     5.9754 -9.990e-29
 150.589369     10.041    16.2391  36.507834    28.3205      9.951  252.88237  253.20128     3.6144     5.9713 0.0000e+00
 150.589372     10.088    16.2400  36.506676    28.3216      9.998  252.88006  253.19901     3.4510     5.9673 0.0000e+00
 150.589375     10.156    16.2415  36.511306    28.3222     10.065  252.86747  253.18647     3.4510     5.9592 0.0000e+00
 150.589378     10.241    16.2415  36.512707    28.3232     10.150  252.86423  253.18323     3.4510     5.9390 0.0000e+00
 150.589381     10.333    16.2410  36.517397    28.3275     10.240  252.86423  253.18323     4.2759     5.6276 0.0000e+00
 150.589384     10.429    16.2396  36.515875    28.3278     10.336  252.86811  253.18698     4.3070     5.6276 0.0000e+00
 150.589387     10.506    16.2381  36.518982    28.3311     10.412  252.86811  253.18698     4.3070     5.6640 0.0000e+00
 150.589389     10.575    16.2374  36.527024    28.3351     10.481  252.86577  253.18449     4.3304     5.6681 0.0000e+00
 150.589392     10.623    16.2367  36.526781    28.3391     10.528  252.86254  253.18120     4.3070     5.6721 -9.990e-29
 150.589395     10.645    16.2322  36.525441    28.3409     10.549  252.88188  253.20033     4.2447     5.9026 -9.990e-29
 150.589398     10.650    16.2314  36.522821    28.3391     10.555  252.88850  253.20693     4.3692     5.9633 -9.990e-29
 150.589401     10.637    16.2314  36.525684    28.3416     10.542  252.88424  253.20265     4.3537     5.9552 -9.990e-29
 150.589404     10.619    16.2318  36.523674    28.3396     10.524  252.88601  253.20445     5.3965     5.9794 -9.990e-29
 150.589407     10.597    16.2325  36.525197    28.3404     10.502  252.88101  253.19947     5.6299     5.9754 -9.990e-29
 150.589410     10.577    16.2330  36.527694    28.3423     10.483  252.87547  253.19395     5.4587     5.9916 -9.990e-29
 150.589413     10.566    16.2325  36.528121    28.3430     10.472  252.87665  253.19510     5.5366     5.9471 -9.990e-29
 150.589416     10.557    16.2322  36.526354    28.3417     10.463  252.88048  253.19892     5.4120     5.9754 -9.990e-29
 150.589418     10.557    16.2314  36.529888    28.3452     10.463  252.87795  253.19634     4.1202     6.8124 -9.990e-29
 150.589421     10.563    16.2307  36.528121    28.3442     10.468  252.88331  253.20167     4.0580     6.8003 -9.990e-29
 150.589424     10.581    16.2299  36.528121    28.3472     10.486  252.88211  253.20041     4.0268     6.7679 -9.990e-29
 150.589427     10.614    16.2298  36.530985    28.3469     10.519  252.88306  253.20136     4.6027     6.3150 0.0000e+00
 150.589430     10.654    16.2298  36.530132    28.3472     10.559  252.88371  253.20197     4.8829     5.8986 0.0000e+00
 150.589433     10.709    16.2292  36.531777    28.3469     10.613  252.88400  253.20230     5.1786     5.8905 0.0000e+00
 150.589436     10.776    16.2286  36.529462    28.3481     10.680  252.88953  253.20775     5.0852     5.8905 0.0000e+00
 150.589439     10.849    16.2282  36.530559    28.3481     10.752  252.88961  253.20785     5.2253     5.8824 0.0000e+00
 150.589442     10.920    16.2274  36.531474    28.3494     10.823  252.88987  253.20802     6.1591     5.5508 0.0000e+00
 150.589444     10.995    16.2270  36.533241    28.3511     10.897  252.88987  253.20802     6.3148     5.5346 0.0000e+00
 150.589447     11.070    16.2267  36.535678    28.3534     10.971  252.88750  253.20562     6.3148     5.5346 0.0000e+00
 150.589450     11.141    16.2261  36.538847    28.3544     11.041  252.88750  253.20562     6.2836     5.5953 0.0000e+00
 150.589453     11.201    16.2251  36.535496    28.3566     11.101  252.89088  253.20889     4.3848     5.7570 0.0000e+00
 150.589456     11.250    16.2250  36.538360    28.3557     11.150  252.89239  253.21042     4.3770     5.7651 0.0000e+00
 150.589459     11.280    16.2248  36.538177    28.3570     11.179  252.89088  253.20889     4.3848     5.7732 -9.990e-29
 150.589462     11.296    16.2241  36.533912    28.3537     11.195  252.89993  253.21794     4.2447     5.7570 -9.990e-29
 150.589465     11.289    16.2245  36.533912    28.3534     11.188  252.89872  253.21674     4.3848     5.7247 -9.990e-29
 150.589468     11.278    16.2248  36.533668    28.3530     11.177  252.89786  253.21590     3.3109     5.9754 -9.990e-29
 150.589470     11.256    16.2252  36.533485    28.3526     11.155  252.89661  253.21467     3.2486     5.9552 -9.990e-29
 150.589473     11.234    16.2253  36.536593    28.3552     11.133  252.89168  253.20972     3.3264     5.9309 -9.990e-29
 150.589476     11.218    16.2255  36.530805    28.3500     11.117  252.89936  253.21745     3.3109     5.9552 -9.990e-29
 150.589479     11.212    16.2254  36.535800    28.3544     11.112  252.89224  253.21029     3.8089     6.2787 -9.990e-29
 150.589482     11.216    16.2252  36.537263    28.3558     11.115  252.89098  253.20901     3.7778     6.2625 -9.990e-29
 150.589485     11.238    16.2241  36.536593    28.3575     11.137  252.89331  253.21129     3.6844     6.2867 -9.990e-29
 150.589488     11.272    16.2240  36.538360    28.3585     11.172  252.89248  253.21044     4.7506     6.2402 0.0000e+00
 150.589491     11.322    16.2238  36.540310    28.3594     11.220  252.89165  253.20960     5.6144     6.1937 0.0000e+00
 150.589494     11.371    16.2237  36.541711    28.3603     11.269  252.89086  253.20880     5.8167     6.1533 0.0000e+00
 150.589497     11.422    16.2236  36.541285    28.3603     11.320  252.89086  253.20880     5.6922     6.1533 0.0000e+00
 150.589499     11.471    16.2233  36.540188    28.3597     11.369  252.89403  253.21196     5.6922     6.1533 0.0000e+00
 150.589502     11.515    16.2228  36.539884    28.3597     11.412  252.89403  253.21196     5.3498     5.7247 0.0000e+00
 150.589505     11.561    16.2222  36.543723    28.3634     11.457  252.89416  253.21197     5.3498     5.7206 0.0000e+00
 150.589508     11.606    16.2215  36.544637    28.3647     11.502  252.89277  253.21062     5.3498     5.7206 0.0000e+00
 150.589511     11.654    16.2208  36.547501    28.3676     11.549  252.89265  253.21041     5.3498     5.7206 0.0000e+00
 150.589514     11.701    16.2195  36.556703    28.3765     11.596  252.88869  253.20619     5.3031     5.7206 0.0000e+00
 150.589517     11.747    16.2171  36.559568    28.3806     11.642  252.88869  253.20619     4.1358     5.7570 0.0000e+00
