seaocn-cb/data/ctd_cnv/SBE19plus_01907321_2024_05_21_Cast03.cnv
* Sea-Bird SBE19plus  Data File:
* FileName = E:\Prandtl_Daten\2024\CTD\raw\SBE19plus_01907321_2024_05_21_Cast03.hex
* Software version 2.6.1.12
* Temperature SN = 7321
* Conductivity SN = 7321
* System UpLoad Time = May 21 2024 11:05:26
* <ApplicationData>
* <Seaterm232>
** 20240521
** Sea Practical 2024
** MCat 21.05 M3
** NMEA Latitude = 54 08.5N
** NMEA Longitude = 008 18.0E
** waterdepth = 15.0m
** Isabelle
# nquan = 11
# nvalues = 547                         
# units = specified
# name 0 = timeJ: Julian Days
# name 1 = prdM: Pressure, Strain Gauge [db]
# name 2 = tv290C: Temperature [ITS-90, deg C]
# name 3 = c0mS/cm: Conductivity [mS/cm]
# name 4 = sal00: Salinity, Practical [PSU]
# name 5 = depSM: Depth [salt water, m], lat = 54.00
# name 6 = oxsatMm/Kg: Oxygen Saturation, Weiss [umol/kg]
# name 7 = oxsolMm/Kg: Oxygen Saturation, Garcia & Gordon [umol/kg]
# name 8 = turbWETntu0: Turbidity, WET Labs ECO [NTU]
# name 9 = flECO-AFL: Fluorescence, WET Labs ECO-AFL/FL [mg/m^3]
# name 10 = flag:  0.000e+00
# span 0 = 142.457318, 142.458898       
# span 1 =      0.920,     14.005       
# span 2 =    12.4275,    13.9802       
# span 3 =  36.809170,  37.208406       
# span 4 =    30.6218,    31.7023       
# span 5 =      0.912,     13.880       
# span 6 =  260.44853,  266.99333       
# span 7 =  260.63432,  267.07297       
# span 8 =    -4.9693,    -2.8837       
# span 9 =     1.6851,     4.8472       
# span 10 = 0.0000e+00, 0.0000e+00      
# interval = seconds: 0.25
# start_time = May 21 2024 10:57:03 [Instrument's time stamp, header]
# bad_flag = -9.990e-29
*END*
[from data line 263]
 142.458079      7.720    12.7457  36.903176    31.3626      7.651  265.84910  265.95317    -4.0510     3.6139 -9.990e-29
 142.458082      7.689    12.7502  36.902992    31.3587      7.620  265.83134  265.93574    -4.0821     3.6139 -9.990e-29
 142.458084      7.662    12.7545  36.902563    31.3547      7.593  265.81458  265.91930    -3.9109     3.6139 -9.990e-29
 142.458087      7.644    12.7582  36.902746    31.3518      7.575  265.79961  265.90460    -4.1132     3.6341 -9.990e-29
 142.458090      7.642    12.7596  36.905683    31.3534      7.573  265.78873  265.89379    -4.3778     3.7473 -9.990e-29
 142.458093      7.651    12.7572  36.905928    31.3557      7.582  265.79806  265.90294    -4.2845     3.7554 -9.990e-29
 142.458096      7.663    12.7517  36.904460    31.3588      7.595  265.82244  265.92694    -4.2845     3.7716 -9.990e-29
 142.458099      7.684    12.7464  36.907520    31.3661      7.615  265.83859  265.94267    -4.3311     3.7635 -9.990e-29
 142.458102      7.709    12.7426  36.904828    31.3667      7.640  265.85853  265.96236    -4.3778     3.7109 -9.990e-29
 142.458105      7.735    12.7410  36.908989    31.3720      7.665  265.85756  265.96123    -4.4712     3.4845 -9.990e-29
 142.458108      7.760    12.7212  36.917922    31.3927      7.691  265.92894  266.03112    -4.6113     3.4805 -9.990e-29
 142.458111      7.788    12.7175  36.913580    31.3924      7.718  265.95005  266.05200    -4.5801     3.4825 0.0000e+00
 142.458113      7.819    12.7168  36.906362    31.3920      7.749  265.96255  266.06450    -4.5490     3.4845 0.0000e+00
 142.458116      7.859    12.7168  36.904587    31.3879      7.788  265.96255  266.06450    -4.4401     3.8565 0.0000e+00
 142.458119      7.901    12.7224  36.904342    31.3879      7.830  265.93979  266.04217    -4.4401     3.8565 0.0000e+00
 142.458122      7.959    12.7224  36.924287    31.4018      7.888  265.92532  266.02641    -4.5179     3.8646 0.0000e+00
 142.458125      8.016    12.7101  36.941178    31.4280      7.944  265.92532  266.02641    -4.5802     3.8403 0.0000e+00
 142.458128      8.074    12.6887  36.952687    31.4567      8.002  265.99103  266.09043    -4.5802     3.4400 0.0000e+00
 142.458131      8.123    12.6672  36.947793    31.4692      8.051  266.08582  266.18369    -4.5646     3.4158 0.0000e+00
 142.458134      8.165    12.6633  36.940022    31.4696      8.092  266.10870  266.20632    -4.5412     3.4097 0.0000e+00
 142.458137      8.194    12.6593  36.937329    31.4692      8.121  266.13159  266.22895    -4.5179     3.4036 -9.990e-29
 142.458139      8.213    12.6721  36.938491    31.4571      8.139  266.08280  266.18112    -4.6113     3.1610 -9.990e-29
 142.458142      8.218    12.6761  36.944365    31.4592      8.144  266.05615  266.15471    -4.5490     3.1772 -9.990e-29
 142.458145      8.223    12.6763  36.944549    31.4593      8.150  266.05526  266.15383    -4.4712     3.1448 -9.990e-29
 142.458148      8.216    12.6771  36.947303    31.4613      8.143  266.04726  266.14586    -4.6269     3.1448 -9.990e-29
 142.458151      8.209    12.6763  36.946140    31.4608      8.135  266.05245  266.15100    -4.6580     3.1489 -9.990e-29
 142.458154      8.212    12.6751  36.951220    31.4666      8.139  266.04838  266.14679    -4.2689     4.1638 -9.990e-29
 142.458157      8.223    12.6725  36.956301    31.4736      8.150  266.04975  266.14791    -4.3778     4.1881 -9.990e-29
 142.458160      8.247    12.6651  36.958566    31.4827      8.173  266.07405  266.17164    -4.4401     4.1760 -9.990e-29
 142.458163      8.282    12.6616  36.959424    31.4863      8.208  266.08699  266.18430    -4.4246     4.0344 0.0000e+00
 142.458166      8.320    12.6580  36.960832    31.4899      8.245  266.09992  266.19697    -4.4401     3.8929 0.0000e+00
 142.458168      8.356    12.6512  36.958569    31.4935      8.282  266.13139  266.22797    -4.5024     3.8646 0.0000e+00
 142.458171      8.393    12.6459  36.958141    31.4974      8.318  266.15334  266.24953    -4.5179     3.8646 0.0000e+00
 142.458174      8.426    12.6412  36.959733    31.5029      8.350  266.16943  266.26526    -4.6269     3.8646 0.0000e+00
 142.458177      8.458    12.6367  36.961325    31.5082      8.383  266.18495  266.28043    -4.6269     3.3551 0.0000e+00
 142.458180      8.497    12.6308  36.960347    31.5121      8.421  266.21016  266.30521    -4.5646     3.3389 0.0000e+00
 142.458183      8.528    12.6246  36.964939    31.5217      8.451  266.22724  266.32178    -4.5335     3.3551 0.0000e+00
 142.458186      8.557    12.6221  36.967633    31.5251      8.480  266.23516  266.32950    -4.5412     3.3470 0.0000e+00
 142.458189      8.583    12.6195  36.968123    31.5285      8.506  266.24309  266.33723    -4.5179     3.3551 -9.990e-29
 142.458192      8.606    12.5966  36.966043    31.5454      8.529  266.33900  266.43147    -4.5490     3.3632 -9.990e-29
 142.458194      8.635    12.5942  36.965310    31.5487      8.558  266.34645  266.43873    -4.5724     3.3551 0.0000e+00
 142.458197      8.666    12.5918  36.967881    31.5519      8.589  266.35391  266.44599    -4.5957     3.3632 0.0000e+00
 142.458200      8.696    12.5889  36.966535    31.5530      8.618  266.36803  266.45991    -4.5957     3.3713 0.0000e+00
 142.458203      8.736    12.5889  36.966780    31.5533      8.657  266.36803  266.45991    -3.1171     4.1072 0.0000e+00
 142.458206      8.768    12.5900  36.967882    31.5533      8.690  266.36113  266.45308    -3.1016     4.1194 0.0000e+00
 142.458209      8.803    12.5934  36.969902    31.5524      8.724  266.34387  266.43605    -3.1016     4.1274 0.0000e+00
 142.458212      8.839    12.5959  36.970269    31.5524      8.760  266.33325  266.42561    -3.1483     4.1274 0.0000e+00
 142.458215      8.869    12.5960  36.973758    31.5522      8.789  266.32989  266.42224    -3.7786     3.9798 0.0000e+00
 142.458218      8.894    12.5961  36.974677    31.5538      8.815  266.32653  266.41887    -4.4090     3.8323 -9.990e-29
 142.458220      8.907    12.5953  36.975901    31.5565      8.827  266.32592  266.41818    -4.3623     3.7918 -9.990e-29
 142.458223      8.911    12.5963  36.969473    31.5496      8.831  266.33328  266.42567    -4.3156     3.7918 -9.990e-29
 142.458226      8.902    12.5965  36.974983    31.5546      8.822  266.32268  266.41504    -4.2845     4.2649 -9.990e-29
 142.458229      8.896    12.5980  36.976024    31.5543      8.816  266.31484  266.40729    -4.2845     4.2568 -9.990e-29
 142.458232      8.885    12.6005  36.979635    31.5557      8.805  266.29845  266.39105    -4.3467     4.2285 -9.990e-29
 142.458235      8.872    12.6027  36.979329    31.5536      8.793  266.29013  266.38290    -4.3156     4.2488 -9.990e-29
 142.458238      8.856    12.6032  36.978533    31.5524      8.776  266.28952  266.38233    -3.7553     3.7312 -9.990e-29
 142.458241      8.847    12.6028  36.978533    31.5527      8.767  266.29094  266.38373    -3.8642     3.7352 -9.990e-29
 142.458244      8.848    12.6027  36.976941    31.5512      8.769  266.29404  266.38684    -3.8175     3.7393 -9.990e-29
 142.458247      8.865    12.5990  36.975533    31.5502      8.785  266.31662  266.40919    -3.7241     3.7271 -9.990e-29
 142.458249      8.907    12.5974  36.972595    31.5510      8.827  266.32434  266.41681    -4.0665     3.8201 0.0000e+00
 142.458252      8.967    12.5958  36.971310    31.5517      8.887  266.33207  266.42442    -4.3623     3.9131 0.0000e+00
 142.458255      9.040    12.5921  36.968311    31.5519      8.959  266.35228  266.44438    -4.3623     3.9172 0.0000e+00
 142.458258      9.122    12.5880  36.969475    31.5564      9.040  266.36686  266.45864    -4.3623     3.9414 0.0000e+00
 142.458261      9.217    12.5838  36.968986    31.5595      9.134  266.38465  266.47613    -4.3778     3.9172 0.0000e+00
 142.458264      9.306    12.5811  36.968558    31.5613      9.223  266.38886  266.48005    -4.4868     3.2014 0.0000e+00
 142.458267      9.384    12.5808  36.973946    31.5651      9.300  266.39076  266.48198    -4.5802     3.1772 0.0000e+00
 142.458270      9.452    12.5807  36.972416    31.5660      9.367  266.38981  266.48102    -4.5957     3.1893 0.0000e+00
 142.458273      9.490    12.5808  36.973334    31.5651      9.405  266.39076  266.48198    -4.7047     3.1772 -9.990e-29
 142.458275      9.507    12.5816  36.971130    31.5632      9.422  266.38993  266.48122    -4.3623     3.1893 -9.990e-29
 142.458278      9.514    12.5806  36.970824    31.5637      9.429  266.39419  266.48542    -4.3467     3.2217 -9.990e-29
 142.458281      9.501    12.5805  36.971253    31.5642      9.416  266.39399  266.48520    -4.3934     3.2095 -9.990e-29
 142.458284      9.483    12.5805  36.970885    31.5639      9.398  266.39463  266.48584    -4.3156     3.2419 -9.990e-29
 142.458287      9.461    12.5805  36.972171    31.5651      9.376  266.39234  266.48354    -4.2845     3.4683 -9.990e-29
 142.458290      9.450    12.5801  36.974191    31.5673      9.365  266.39019  266.48134    -4.3156     3.4926 -9.990e-29
 142.458293      9.448    12.5803  36.972232    31.5654      9.364  266.39308  266.48427    -4.3000     3.4683 -9.990e-29
 142.458296      9.461    12.5808  36.973334    31.5660      9.376  266.38914  266.48035    -4.2066     3.4764 -9.990e-29
 142.458299      9.481    12.5831  36.975660    31.5713      9.396  266.36622  266.45753    -4.0821     3.7271 -9.990e-29
 142.458302      9.507    12.5846  36.980987    31.5696      9.421  266.36135  266.45277    -4.0587     3.7413 0.0000e+00
 142.458304      9.538    12.5860  36.979884    31.5678      9.452  266.36046  266.45206    -4.0510     3.7433 0.0000e+00
 142.458307      9.570    12.5860  36.976517    31.5662      9.485  266.36046  266.45206    -4.0510     3.7433 0.0000e+00
 142.458310      9.603    12.5860  36.977803    31.5651      9.517  266.36134  266.45290    -4.0743     3.7332 0.0000e+00
 142.458313      9.631    12.5855  36.976273    31.5662      9.544  266.36221  266.45373    -4.0977     3.7231 -9.990e-29
 142.458316      9.647    12.5845  36.969600    31.5592      9.561  266.38074  266.47227    -4.3311     3.2945 -9.990e-29
 142.458319      9.654    12.5822  36.971498    31.5630      9.568  266.38682  266.47815    -4.3934     3.3066 -9.990e-29
 142.458322      9.652    12.5791  36.970151    31.5643      9.566  266.40177  266.49288    -4.2845     3.2621 -9.990e-29
 142.458325      9.645    12.5763  36.970703    31.5672      9.559  266.41193  266.50283    -4.2533     3.8727 -9.990e-29
 142.458328      9.645    12.5748  36.972172    31.5698      9.559  266.41533  266.50611    -4.3000     3.8484 -9.990e-29
 142.458330      9.661    12.5739  36.969479    31.5718      9.575  266.41670  266.50739    -4.3778     3.8686 -9.990e-29
 142.458333      9.694    12.5733  36.973519    31.5728      9.608  266.41848  266.50911    -4.2299     3.8544 0.0000e+00
 142.458336      9.742    12.5726  36.974438    31.5738      9.655  266.42025  266.51084    -4.1444     3.8565 0.0000e+00
 142.458339      9.813    12.5715  36.975418    31.5754      9.725  266.42285  266.51335    -4.0821     3.8565 0.0000e+00
 142.458342      9.889    12.5706  36.974439    31.5756      9.801  266.42835  266.51880    -4.0977     3.8686 0.0000e+00
 142.458345      9.975    12.5687  36.975113    31.5776      9.886  266.43494  266.52523    -4.0666     3.8767 0.0000e+00
 142.458348     10.057    12.5673  36.974807    31.5785      9.967  266.44125  266.53144    -4.0977     3.8767 0.0000e+00
 142.458351     10.123    12.5665  36.975542    31.5795     10.032  266.44405  266.53418    -4.1756     3.4501 0.0000e+00
 142.458354     10.172    12.5656  36.977379    31.5806     10.081  266.44685  266.53691    -4.2845     3.0235 -9.990e-29
 142.458356     10.196    12.5624  36.974992    31.5826     10.104  266.46044  266.55028    -4.1911     3.0357 -9.990e-29
 142.458359     10.203    12.5625  36.974196    31.5818     10.112  266.46157  266.55142    -4.3467     3.0721 -9.990e-29
 142.458362     10.194    12.5617  36.977134    31.5853     10.103  266.45951  266.54926    -4.3623     3.4400 -9.990e-29
 142.458365     10.177    12.5602  36.976522    31.5860     10.086  266.46686  266.55651    -4.3156     3.4238 -9.990e-29
 142.458368     10.155    12.5595  36.977380    31.5874     10.065  266.46790  266.55749    -4.4557     3.4319 -9.990e-29
 142.458371     10.134    12.5600  36.976767    31.5864     10.043  266.46697  266.55660    -4.2845     3.3996 -9.990e-29
 142.458374     10.123    12.5601  36.980992    31.5903     10.032  266.45920  266.54879    -4.3156     4.1841 -9.990e-29
 142.458377     10.121    12.5598  36.979890    31.5895     10.030  266.46229  266.55187    -4.3156     4.1719 -9.990e-29
 142.458380     10.124    12.5594  36.979767    31.5898     10.034  266.46422  266.55377    -4.3934     4.1517 -9.990e-29
 142.458383     10.143    12.5576  36.978972    31.5905     10.052  266.47278  266.56221    -4.4401     4.1719 -9.990e-29
 142.458385     10.164    12.5523  36.976707    31.5914     10.073  266.50085  266.58992    -4.2689     3.9172 -9.990e-29
 142.458388     10.199    12.5520  36.975238    31.5921     10.108  266.50158  266.59063    -4.2378     3.9172 0.0000e+00
 142.458391     10.239    12.5516  36.976034    31.5914     10.148  266.50232  266.59133    -4.2689     3.9172 0.0000e+00
 142.458394     10.292    12.5516  36.974197    31.5927     10.200  266.50487  266.59383    -4.3156     3.9172 0.0000e+00
 142.458397     10.351    12.5509  36.976096    31.5933     10.258  266.50561  266.59464    -4.3156     3.9172 0.0000e+00
 142.458400     10.407    12.5497  36.975545    31.5938     10.314  266.51074  266.59962    -4.3000     3.1570 0.0000e+00
 142.458403     10.462    12.5474  36.977627    31.5977     10.368  266.51651  266.60520    -4.2222     3.1570 0.0000e+00
 142.458406     10.511    12.5467  36.978056    31.5996     10.417  266.51651  266.60520    -4.3000     3.1651 0.0000e+00
 142.458409     10.557    12.5462  36.982158    31.6011     10.462  266.51717  266.60573    -4.2922     3.1731 0.0000e+00
 142.458411     10.595    12.5467  36.980444    31.6025     10.500  266.51142  266.60000    -4.3778     3.1651 -9.990e-29
 142.458414     10.617    12.5490  36.978974    31.5976     10.522  266.50796  266.59675    -4.2066     3.3228 -9.990e-29
 142.458417     10.619    12.5493  36.980811    31.5990     10.524  266.50328  266.59207    -4.3778     3.3349 -9.990e-29
 142.458420     10.624    12.5495  36.979770    31.5979     10.529  266.50456  266.59337    -4.4090     3.2864 -9.990e-29
 142.458423     10.622    12.5481  36.981240    31.6004     10.527  266.50738  266.59608    -3.8487     4.4267 -9.990e-29
 142.458426     10.620    12.5470  36.977138    31.5975     10.525  266.51921  266.60787    -3.7864     4.4752 -9.990e-29
 142.458429     10.624    12.5469  36.983015    31.6031     10.529  266.50909  266.59768    -3.8487     4.4469 -9.990e-29
 142.458432     10.640    12.5475  36.984607    31.6041     10.545  266.50372  266.59233    -3.7708     4.4226 -9.990e-29
 142.458435     10.664    12.5473  36.983015    31.6028     10.569  266.50772  266.59633    -3.9576     4.1719 -9.990e-29
 142.458438     10.697    12.5461  36.983016    31.6030     10.601  266.51401  266.60255    -3.8953     4.1800 0.0000e+00
 142.458440     10.737    12.5449  36.981240    31.6031     10.641  266.52031  266.60877    -3.8642     4.1719 0.0000e+00
 142.458443     10.779    12.5426  36.981302    31.6051     10.682  266.52887  266.61704    -3.8331     4.1881 0.0000e+00
 142.458446     10.821    12.5416  36.984180    31.6067     10.724  266.52965  266.61794    -3.8642     4.1679 0.0000e+00
 142.458449     10.861    12.5415  36.982160    31.6067     10.763  266.53219  266.62039    -4.3467     3.4845 0.0000e+00
 142.458452     10.901    12.5416  36.981486    31.6064     10.803  266.53295  266.62114    -4.3622     3.4724 0.0000e+00
