seaocn-cb/data/ctd_cnv/SBE19plus_01907321_2024_05_24_Cast39.cnv
* Sea-Bird SBE19plus  Data File:
* FileName = E:\Prandtl_Daten\2024\CTD\raw\SBE19plus_01907321_2024_05_24_Cast39.hex
* Software version 2.6.1.12
* Temperature SN = 7321
* Conductivity SN = 7321
* System UpLoad Time = May 24 2024 09:38:21
* <ApplicationData>
* <Seaterm232>
** 20240524
** Sea Practical 2024
** MCat 24.05 CTD_Z3
** NMEA Latitude = 054 02.623N
** NMEA Longitude = 008 27.131E
** waterdepth = 14.2m
** Isabelle
# nquan = 11
# nvalues = 454                         
# units = specified
# name 0 = timeJ: Julian Days
# name 1 = prdM: Pressure, Strain Gauge [db]
# name 2 = tv290C: Temperature [ITS-90, deg C]
# name 3 = c0mS/cm: Conductivity [mS/cm]
# name 4 = sal00: Salinity, Practical [PSU]
# name 5 = depSM: Depth [salt water, m], lat = 54.00
# name 6 = oxsatMm/Kg: Oxygen Saturation, Weiss [umol/kg]
# name 7 = oxsolMm/Kg: Oxygen Saturation, Garcia & Gordon [umol/kg]
# name 8 = turbWETntu0: Turbidity, WET Labs ECO [NTU]
# name 9 = flECO-AFL: Fluorescence, WET Labs ECO-AFL/FL [mg/m^3]
# name 10 = flag:  0.000e+00
# span 0 = 145.397101, 145.398411       
# span 1 =      0.543,     12.839       
# span 2 =    14.4874,    15.3044       
# span 3 =  36.784595,  36.906838       
# span 4 =    29.3149,    29.9686       
# span 5 =      0.538,     12.724       
# span 6 =  255.87520,  258.97561       
# span 7 =  256.14265,  259.19564       
# span 8 =    -4.3311,    28.8984       
# span 9 =     2.8860,     8.9394       
# span 10 = 0.0000e+00, 0.0000e+00      
# interval = seconds: 0.25
# start_time = May 24 2024 09:30:36 [Instrument's time stamp, header]
# bad_flag = -9.990e-29
*END*
[from data line 132]
 145.397483      4.612    14.6902  36.825214    29.7425      4.571  258.31073  258.54335     4.2447     7.6131 0.0000e+00
 145.397486      4.658    14.6823  36.826316    29.7496      4.617  258.33967  258.57181     4.2447     7.5928 0.0000e+00
 145.397488      4.696    14.6797  36.827477    29.7527      4.654  258.34701  258.57898     4.4938     7.5767 0.0000e+00
 145.397491      4.736    14.6796  36.828028    29.7527      4.694  258.34846  258.58042     6.0813     7.5767 0.0000e+00
 145.397494      4.767    14.6795  36.823871    29.7513      4.725  258.35108  258.58306     6.1202     7.5827 0.0000e+00
 145.397497      4.793    14.6793  36.825644    29.7496      4.750  258.35515  258.58713     6.0813     7.5928 -9.990e-29
 145.397500      4.811    14.6761  36.823077    29.7514      4.768  258.36912  258.60092     5.8945     7.5362 -9.990e-29
 145.397503      4.826    14.6747  36.824545    29.7537      4.783  258.37209  258.60380     2.9218     7.0914 -9.990e-29
 145.397506      4.837    14.6708  36.826073    29.7581      4.793  258.38470  258.61615     2.8440     7.0874 -9.990e-29
 145.397509      4.849    14.6636  36.825891    29.7634      4.806  258.41300  258.64404     2.8440     7.0227 -9.990e-29
 145.397512      4.868    14.6551  36.828337    29.7721      4.824  258.44182  258.67234     2.9840     7.0389 -9.990e-29
 145.397514      4.893    14.6485  36.828154    29.7749      4.849  258.47141  258.70155     1.1319     6.8245 -9.990e-29
 145.397517      4.919    14.6495  36.825893    29.7725      4.875  258.47067  258.70088     1.1319     6.8285 0.0000e+00
 145.397520      4.951    14.6504  36.822225    29.7702      4.907  258.46993  258.70021     1.1319     6.8245 0.0000e+00
 145.397523      4.986    14.6559  36.822286    29.7660      4.942  258.44863  258.67923     1.1319     6.8205 0.0000e+00
 145.397526      5.023    14.6623  36.824058    29.7627      4.978  258.42105  258.65202     1.2875     6.7962 0.0000e+00
 145.397529      5.067    14.6681  36.820084    29.7546      5.021  258.40473  258.63608     3.7622     6.7962 0.0000e+00
 145.397532      5.110    14.6737  36.815500    29.7463      5.064  258.39056  258.62227     3.9957     6.8326 0.0000e+00
 145.397535      5.152    14.6796  36.816844    29.7430      5.106  258.36573  258.59778     3.9957     6.8326 0.0000e+00
 145.397538      5.194    14.6812  36.818128    29.7426      5.148  258.35812  258.59026     3.9957     6.8326 0.0000e+00
 145.397541      5.232    14.6812  36.817761    29.7426      5.186  258.35812  258.59026     7.7467     7.0389 0.0000e+00
 145.397543      5.271    14.6770  36.823201    29.7506      5.224  258.36538  258.59723     7.7934     7.0712 0.0000e+00
 145.397546      5.300    14.6702  36.828031    29.7601      5.253  258.38422  258.61562     7.8712     7.0955 0.0000e+00
 145.397549      5.333    14.6619  36.826076    29.7647      5.285  258.41950  258.65043     7.7934     7.0995 0.0000e+00
 145.397552      5.360    14.6539  36.829928    29.7743      5.312  258.44430  258.67473     7.6066     7.2734 0.0000e+00
 145.397555      5.393    14.6461  36.829501    29.7798      5.345  258.47507  258.70504     7.5910     7.3421 0.0000e+00
 145.397558      5.422    14.6412  36.830174    29.7842      5.374  258.49317  258.72284     7.6066     7.3421 0.0000e+00
 145.397561      5.450    14.6380  36.835798    29.7891      5.401  258.50105  258.73051     7.5910     7.3179 0.0000e+00
 145.397564      5.477    14.6348  36.834883    29.7941      5.428  258.50893  258.73818     7.6844     7.2896 -9.990e-29
 145.397567      5.502    14.6187  36.834884    29.8034      5.453  258.57682  258.80514     6.1591     7.8314 -9.990e-29
 145.397569      5.532    14.6187  36.832439    29.8034      5.482  258.57682  258.80514     6.1591     7.8314 0.0000e+00
 145.397572      5.561    14.6187  36.828649    29.8034      5.511  258.57682  258.80514     6.1591     7.8314 -9.990e-29
 145.397575      5.579    14.6248  36.828587    29.7952      5.529  258.55916  258.78787     6.0191     7.8233 -9.990e-29
 145.397578      5.606    14.6289  36.829932    29.7933      5.556  258.54141  258.77035     2.9996     7.0510 -9.990e-29
 145.397581      5.628    14.6321  36.830176    29.7911      5.578  258.52866  258.75779     2.9840     6.9984 -9.990e-29
 145.397584      5.652    14.6365  36.825897    29.7798      5.602  258.52569  258.75515     2.6883     7.0186 -9.990e-29
 145.397587      5.683    14.6387  36.821374    29.7796      5.632  258.51461  258.74419     2.5872     6.8548 0.0000e+00
 145.397590      5.716    14.6409  36.824552    29.7793      5.665  258.50353  258.73323     2.5171     6.7882 0.0000e+00
 145.397593      5.750    14.6463  36.824979    29.7755      5.699  258.48194  258.71196     2.5171     6.7639 0.0000e+00
 145.397595      5.791    14.6513  36.821373    29.7684      5.739  258.46828  258.69863     2.5482     6.7639 0.0000e+00
 145.397598      5.827    14.6582  36.817888    29.7600      5.775  258.44705  258.67783     2.5638     6.7639 0.0000e+00
 145.397601      5.869    14.6649  36.817337    29.7543      5.817  258.42201  258.65319     2.9840     6.9823 0.0000e+00
 145.397604      5.904    14.6706  36.814831    29.7478      5.851  258.40422  258.63575     3.1241     7.0106 0.0000e+00
 145.397607      5.946    14.6757  36.816175    29.7450      5.892  258.38204  258.61387     3.0930     7.0106 0.0000e+00
 145.397610      5.984    14.6801  36.815747    29.7413      5.930  258.36594  258.59803     3.1241     7.0146 0.0000e+00
 145.397613      6.019    14.6828  36.817764    29.7410      5.965  258.35212  258.58436     3.2642     7.4149 0.0000e+00
 145.397616      6.048    14.6844  36.819108    29.7403      5.994  258.34675  258.57908     3.2642     7.4432 0.0000e+00
 145.397619      6.075    14.6844  36.817275    29.7403      6.021  258.34675  258.57908     3.2642     7.4392 0.0000e+00
 145.397622      6.101    14.6824  36.816847    29.7393      6.046  258.35600  258.58821     3.2953     7.4432 0.0000e+00
 145.397624      6.130    14.6824  36.814158    29.7380      6.075  258.35943  258.59167     3.2953     7.4877 0.0000e+00
 145.397627      6.157    14.6824  36.814036    29.7380      6.102  258.35964  258.59188     1.9412     7.5969 0.0000e+00
 145.397630      6.190    14.6807  36.814403    29.7395      6.135  258.36586  258.59799     1.8478     7.6333 0.0000e+00
 145.397633      6.225    14.6796  36.813731    29.7398      6.169  258.37116  258.60306     1.9101     7.6697 0.0000e+00
 145.397636      6.252    14.6785  36.819415    29.7432      6.196  258.37127  258.60325     1.8011     7.6798 0.0000e+00
 145.397639      6.285    14.6773  36.820455    29.7466      6.229  258.37116  258.60306     1.9101     7.6899 -9.990e-29
 145.397642      6.307    14.6709  36.817094    29.7494      6.250  258.39968  258.63121     3.8868     7.7061 -9.990e-29
 145.397645      6.332    14.6729  36.815994    29.7469      6.276  258.39378  258.62544     3.7778     7.6454 -9.990e-29
 145.397648      6.363    14.6767  36.813915    29.7421      6.306  258.38238  258.61428     3.8868     7.6373 -9.990e-29
 145.397650      6.381    14.6796  36.817765    29.7433      6.324  258.36473  258.59678     7.6222     7.3421 -9.990e-29
 145.397653      6.405    14.6799  36.820088    29.7452      6.348  258.36015  258.59220     7.7155     7.4190 -9.990e-29
 145.397656      6.431    14.6799  36.824977    29.7496      6.373  258.35236  258.58436     7.5132     7.3866 -9.990e-29
 145.397659      6.453    14.6634  36.827484    29.7666      6.395  258.40816  258.63915     9.3031     7.5888 -9.990e-29
 145.397662      6.482    14.6576  36.829931    29.7728      6.424  258.42749  258.65812     9.3575     7.5929 0.0000e+00
 145.397665      6.518    14.6518  36.833783    29.7789      6.460  258.44682  258.67710     9.3965     7.5969 0.0000e+00
 145.397668      6.558    14.6386  36.837819    29.7926      6.500  258.49166  258.72113     9.3965     7.5969 0.0000e+00
 145.397671      6.606    14.6272  36.834459    29.7983      6.547  258.54127  258.77008     9.3498     7.6292 0.0000e+00
 145.397674      6.644    14.6210  36.837577    29.8058      6.585  258.56016  258.78858     9.3498     7.5726 0.0000e+00
 145.397677      6.688    14.6175  36.840084    29.8108      6.628  258.57001  258.79820     9.9879     7.0955 0.0000e+00
 145.397679      6.730    14.6143  36.845036    29.8177      6.670  258.57447  258.80244    10.0191     7.0510 0.0000e+00
 145.397682      6.765    14.6079  36.848889    29.8261      6.704  258.59306  258.82061     9.9879     7.0955 0.0000e+00
 145.397685      6.799    14.5966  36.853598    29.8390      6.738  258.62940  258.85624    10.1280     7.1278 0.0000e+00
 145.397688      6.827    14.5908  36.854700    29.8440      6.766  258.65104  258.87753    10.6261     7.2613 0.0000e+00
 145.397691      6.858    14.5850  36.849321    29.8489      6.796  258.67268  258.89882    11.2798     7.3947 -9.990e-29
 145.397694      6.881    14.5744  36.847976    29.8533      6.820  258.72022  258.94576    11.3264     7.4271 -9.990e-29
 145.397697      6.907    14.5742  36.850605    29.8534      6.845  258.72077  258.94629    11.4198     7.3280 0.0000e+00
 145.397700      6.934    14.5741  36.850666    29.8535      6.872  258.72131  258.94683    11.5132     7.2289 0.0000e+00
 145.397703      6.963    14.5711  36.852256    29.8572      6.901  258.73026  258.95559    11.5132     7.1723 0.0000e+00
 145.397705      6.994    14.5658  36.855987    29.8647      6.932  258.74488  258.96987    11.4976     7.1723 0.0000e+00
 145.397708      7.027    14.5594  36.859901    29.8731      6.964  258.76362  258.98819    11.4976     7.1723 0.0000e+00
 145.397711      7.058    14.5540  36.860574    29.8779      6.995  258.78345  259.00769    13.6922     6.9944 0.0000e+00
 145.397714      7.083    14.5509  36.858373    29.8783      7.020  258.79907  259.02314    13.6922     6.9944 0.0000e+00
 145.397717      7.109    14.5494  36.860819    29.8810      7.045  258.80103  259.02499    13.6611     6.9944 0.0000e+00
 145.397720      7.134    14.5491  36.859719    29.8813      7.071  258.80296  259.02690    13.6222     7.0045 0.0000e+00
 145.397723      7.160    14.5488  36.860942    29.8810      7.096  258.80488  259.02881    13.6611     7.0146 -9.990e-29
 145.397726      7.185    14.5471  36.866445    29.8896      7.121  258.79871  259.02249    11.5288     7.1925 -9.990e-29
 145.397729      7.214    14.5462  36.867791    29.8897      7.150  258.80343  259.02715    11.4977     7.1925 0.0000e+00
 145.397731      7.242    14.5452  36.866507    29.8899      7.177  258.80815  259.03182    11.4665     7.1925 0.0000e+00
 145.397734      7.269    14.5431  36.869137    29.8939      7.204  258.81217  259.03569    11.4665     7.1925 0.0000e+00
 145.397737      7.300    14.5395  36.868465    29.8960      7.235  258.82709  259.05040    12.9762     7.3138 0.0000e+00
 145.397740      7.335    14.5376  36.870605    29.8994      7.269  258.83103  259.05420    12.9762     7.3219 0.0000e+00
 145.397743      7.373    14.5352  36.871890    29.9024      7.307  258.83839  259.06142    12.8829     7.3138 0.0000e+00
 145.397746      7.415    14.5334  36.870973    29.9024      7.349  258.84695  259.06987    12.8829     7.3098 0.0000e+00
 145.397749      7.455    14.5334  36.869750    29.9020      7.389  258.84983  259.07274    13.8323     7.1319 0.0000e+00
 145.397752      7.494    14.5334  36.868038    29.9003      7.427  258.85172  259.07467    13.9568     7.1319 0.0000e+00
 145.397755      7.523    14.5334  36.867610    29.8998      7.456  258.85184  259.07480    13.9568     7.1561 0.0000e+00
 145.397758      7.558    14.5331  36.864797    29.8993      7.490  258.85815  259.08111    13.9568     7.1602 0.0000e+00
 145.397760      7.587    14.5322  36.866021    29.8993      7.519  258.85944  259.08233    13.1941     7.1561 0.0000e+00
 145.397763      7.625    14.5311  36.866021    29.9002      7.557  258.86387  259.08670    13.1941     7.1400 0.0000e+00
 145.397766      7.660    14.5304  36.866755    29.9011      7.591  258.86609  259.08887    13.2097     7.1238 0.0000e+00
 145.397769      7.695    14.5297  36.865532    29.9019      7.626  258.86830  259.09103    13.2253     7.1400 -9.990e-29
 145.397772      7.718    14.5279  36.868467    29.9043      7.649  258.87365  259.09626    12.0268     6.8245 -9.990e-29
 145.397775      7.753    14.5276  36.867856    29.9055      7.684  258.87292  259.09550    12.0268     6.8306 0.0000e+00
 145.397778      7.782    14.5273  36.870058    29.9063      7.713  258.87318  259.09574    12.0268     6.8367 0.0000e+00
 145.397781      7.808    14.5273  36.869630    29.9063      7.738  258.87300  259.09557    12.0268     6.8609 0.0000e+00
 145.397784      7.835    14.5272  36.869569    29.9062      7.765  258.87318  259.09574    12.0424     6.8690 0.0000e+00
 145.397786      7.864    14.5273  36.868285    29.9057      7.794  258.87433  259.09690    12.5560     7.0631 0.0000e+00
 145.397789      7.890    14.5272  36.870303    29.9052      7.819  258.87567  259.09824    13.0696     7.2653 -9.990e-29
 145.397792      7.912    14.5267  36.869569    29.9067      7.841  258.87540  259.09793    13.2564     7.2410 -9.990e-29
 145.397795      7.937    14.5272  36.871648    29.9082      7.866  258.87031  259.09285    13.2875     7.2653 -9.990e-29
 145.397798      7.961    14.5277  36.871404    29.9075      7.890  258.86866  259.09123    12.9296     7.3745 -9.990e-29
 145.397801      7.985    14.5269  36.873666    29.9102      7.913  258.86828  259.09079    13.1163     7.3704 -9.990e-29
 145.397804      8.016    14.5265  36.873667    29.9106      7.944  258.86957  259.09205    13.0774     7.3704 0.0000e+00
 145.397807      8.043    14.5261  36.873911    29.9110      7.971  258.87085  259.09331    13.1163     7.3704 0.0000e+00
 145.397810      8.074    14.5257  36.873667    29.9110      8.002  258.87452  259.09697    14.2992     7.7950 0.0000e+00
 145.397812      8.107    14.5257  36.872750    29.9115      8.034  258.87452  259.09697    14.3615     7.8799 0.0000e+00
 145.397815      8.141    14.5257  36.875930    29.9127      8.069  258.87346  259.09578    14.3615     7.8638 0.0000e+00
 145.397818      8.178    14.5241  36.877092    29.9153      8.105  258.87346  259.09578    14.4548     7.8638 0.0000e+00
 145.397821      8.220    14.5213  36.876848    29.9173      8.146  258.88505  259.10720    14.4860     7.8476 0.0000e+00
 145.397824      8.262    14.5186  36.875014    29.9177      8.188  258.89831  259.12032    16.6805     7.4877 0.0000e+00
 145.397827      8.309    14.5170  36.876237    29.9188      8.235  258.90255  259.12445    16.6805     7.4675 0.0000e+00
 145.397830      8.350    14.5170  36.874831    29.9200      8.275  258.90255  259.12445    16.6805     7.4675 0.0000e+00
 145.397833      8.391    14.5171  36.877277    29.9206      8.316  258.89945  259.12137    16.6805     7.4675 0.0000e+00
 145.397836      8.431    14.5171  36.880763    29.9238      8.356  258.89771  259.11956    17.5521     7.3866 0.0000e+00
 145.397839      8.462    14.5169  36.880213    29.9239      8.387  258.89638  259.11824    17.6300     7.3724 0.0000e+00
 145.397841      8.492    14.5166  36.882476    29.9238      8.416  258.89771  259.11956    17.7078     7.3866 -9.990e-29
 145.397844      8.517    14.5139  36.881192    29.9268      8.441  258.90675  259.12843    17.5988     7.4149 -9.990e-29
 145.397847      8.537    14.5138  36.877033    29.9231      8.461  258.91405  259.13575    18.0191     7.5605 -9.990e-29
 145.397850      8.548    14.5150  36.878868    29.9239      8.472  258.90640  259.12815    18.1436     7.5645 -9.990e-29
 145.397853      8.563    14.5148  36.880947    29.9258      8.486  258.90365  259.12538    18.0969     7.6171 -9.990e-29
 145.397856      8.577    14.5138  36.879541    29.9254      8.500  258.91004  259.13171    18.1591     7.6131 -9.990e-29
