seaocn-cb/data/ctd_cnv/SBE19plus_01907321_2024_05_28_Cast98.cnv
* Sea-Bird SBE19plus  Data File:
* FileName = E:\Prandtl_Daten\2024\28052024\raw\SBE19plus_01907321_2024_05_28_Cast98.hex
* Software version 2.6.1.12
* Temperature SN = 7321
* Conductivity SN = 7321
* System UpLoad Time = May 28 2024 13:18:31
* <ApplicationData>
* <Seaterm232>
** 20240527
** Sea Practical 2024
** MCat 27.05 CTD_SP7
** NMEA Latitude = 54 8.36N
** NMEA Longitude = 008 20.85E
** waterdepth = 14.5m
** Isabelle
# nquan = 11
# nvalues = 581                         
# units = specified
# name 0 = timeJ: Julian Days
# name 1 = prdM: Pressure, Strain Gauge [db]
# name 2 = tv290C: Temperature [ITS-90, deg C]
# name 3 = c0mS/cm: Conductivity [mS/cm]
# name 4 = sal00: Salinity, Practical [PSU]
# name 5 = depSM: Depth [salt water, m], lat = 54.00
# name 6 = oxsatMm/Kg: Oxygen Saturation, Weiss [umol/kg]
# name 7 = oxsolMm/Kg: Oxygen Saturation, Garcia & Gordon [umol/kg]
# name 8 = turbWETntu0: Turbidity, WET Labs ECO [NTU]
# name 9 = flECO-AFL: Fluorescence, WET Labs ECO-AFL/FL [mg/m^3]
# name 10 = flag:  0.000e+00
# span 0 = 149.550741, 149.552419       
# span 1 =      0.607,     14.341       
# span 2 =    14.8347,    17.1894       
# span 3 =  37.205837,  37.978192       
# span 4 =    28.6743,    30.6611       
# span 5 =      0.602,     14.212       
# span 6 =  247.54138,  255.94218       
# span 7 =  247.89883,  256.17488       
# span 8 =    -4.6736,    18.3148       
# span 9 =     1.5436,    10.2172       
# span 10 = 0.0000e+00, 0.0000e+00      
# interval = seconds: 0.25
# start_time = May 28 2024 13:11:35 [Instrument's time stamp, header]
# bad_flag = -9.990e-29
*END*
[from data line 394]
 149.551881     10.223    14.8393  37.971926    30.6547     10.132  255.92104  256.15394    -0.6891     7.7627 0.0000e+00
 149.551884     10.258    14.8392  37.973473    30.6546     10.166  255.92204  256.15494    -0.5957     7.7627 0.0000e+00
 149.551887     10.300    14.8389  37.971926    30.6557     10.208  255.92177  256.15460    -0.5957     6.2867 0.0000e+00
 149.551889     10.338    14.8384  37.974154    30.6552     10.246  255.92324  256.15612    -0.6269     6.2867 0.0000e+00
 149.551892     10.377    14.8382  37.972112    30.6568     10.284  255.92560  256.15844    -0.6580     6.2867 0.0000e+00
 149.551895     10.404    14.8375  37.973226    30.6552     10.311  255.92645  256.15924    -0.6580     6.3029 0.0000e+00
 149.551898     10.431    14.8374  37.971246    30.6560     10.338  255.92861  256.16139    -0.4323     6.4545 0.0000e+00
 149.551901     10.460    14.8372  37.971680    30.6552     10.367  255.93076  256.16354    -0.1288     6.6224 -9.990e-29
 149.551904     10.481    14.8362  37.970813    30.6557     10.387  255.93552  256.16824    -0.1132     6.6143 -9.990e-29
 149.551907     10.501    14.8356  37.971928    30.6571     10.407  255.93579  256.16848    -0.2845     6.6305 -9.990e-29
 149.551910     10.526    14.8351  37.970999    30.6567     10.432  255.93930  256.17196     0.0424     7.6899 -9.990e-29
 149.551913     10.548    14.8350  37.970814    30.6579     10.454  255.93747  256.17011     0.0113     7.7263 -9.990e-29
 149.551916     10.579    14.8350  37.972361    30.6576     10.484  255.93802  256.17066    -0.0277     7.7061 0.0000e+00
 149.551918     10.609    14.8350  37.971680    30.6573     10.514  255.93856  256.17121     0.0113     7.7222 0.0000e+00
 149.551921     10.634    14.8349  37.971433    30.6572     10.539  255.93891  256.17156     0.0190     7.7040 0.0000e+00
 149.551924     10.659    14.8349  37.974342    30.6571     10.564  255.93926  256.17191     0.1047     7.7222 -9.990e-29
 149.551927     10.681    14.8353  37.969020    30.6546     10.586  255.94166  256.17435    -0.5490     7.6373 -9.990e-29
 149.551930     10.694    14.8356  37.968153    30.6537     10.598  255.94218  256.17488    -0.6269     7.6737 -9.990e-29
 149.551933     10.702    14.8354  37.972547    30.6577     10.606  255.93581  256.16847    -0.5490     7.6373 -9.990e-29
 149.551936     10.705    14.8351  37.974032    30.6593     10.609  255.93461  256.16725    -1.0627     7.2613 -9.990e-29
 149.551939     10.700    14.8354  37.973661    30.6587     10.604  255.93404  256.16670    -0.8448     7.2410 -9.990e-29
 149.551942     10.705    14.8359  37.974837    30.6594     10.609  255.93016  256.16284    -0.8759     7.2532 -9.990e-29
 149.551944     10.714    14.8362  37.972114    30.6567     10.618  255.93332  256.16604    -0.9226     7.2370 -9.990e-29
 149.551947     10.736    14.8358  37.971681    30.6567     10.640  255.93575  256.16845    -0.2533     7.3179 -9.990e-29
 149.551950     10.760    14.8357  37.973104    30.6579     10.663  255.93393  256.16661    -0.1911     7.3260 -9.990e-29
 149.551953     10.800    14.8359  37.973042    30.6589     10.703  255.93131  256.16400    -0.2455     7.3139 0.0000e+00
 149.551956     10.837    14.8361  37.975456    30.6585     10.740  255.92869  256.16138    -0.3000     7.3017 0.0000e+00
 149.551959     10.888    14.8368  37.974714    30.6585     10.790  255.92730  256.16003    -0.7669     6.8326 0.0000e+00
 149.551962     10.946    14.8371  37.973909    30.6574     10.848  255.92730  256.16003    -1.0004     6.8165 0.0000e+00
 149.551965     10.997    14.8371  37.972115    30.6574     10.899  255.92829  256.16104    -1.0004     6.8003 0.0000e+00
 149.551968     11.048    14.8369  37.973786    30.6575     10.949  255.92938  256.16211    -1.0315     6.7922 0.0000e+00
 149.551970     11.090    14.8368  37.973662    30.6576     10.991  255.92883  256.16157    -0.9693     6.7942 0.0000e+00
 149.551973     11.125    14.8367  37.973786    30.6576     11.025  255.92938  256.16211    -1.0627     6.7882 -9.990e-29
 149.551976     11.143    14.8369  37.972549    30.6564     11.043  255.93059  256.16335    -0.8136     7.2653 -9.990e-29
 149.551979     11.161    14.8368  37.973663    30.6575     11.061  255.92913  256.16187    -0.7514     7.2815 -9.990e-29
 149.551982     11.171    14.8362  37.972116    30.6566     11.071  255.93390  256.16661    -1.0938     7.2653 -9.990e-29
 149.551985     11.171    14.8360  37.972549    30.6571     11.071  255.93379  256.16649    -0.5802     7.5605 -9.990e-29
 149.551988     11.174    14.8362  37.973291    30.6576     11.074  255.93204  256.16475    -0.7514     7.5524 -9.990e-29
 149.551991     11.167    14.8365  37.972796    30.6569     11.067  255.93137  256.16411    -0.6113     7.5767 -9.990e-29
 149.551994     11.170    14.8369  37.971930    30.6559     11.070  255.93159  256.16435    -0.5024     7.5928 -9.990e-29
 149.551997     11.178    14.8370  37.971002    30.6549     11.078  255.93249  256.16526    -0.0821    10.2172 -9.990e-29
 149.551999     11.192    14.8369  37.973044    30.6568     11.092  255.92955  256.16231     0.0113    10.2050 -9.990e-29
 149.552002     11.211    14.8372  37.973291    30.6568     11.110  255.92831  256.16107     0.1047    10.1767 -9.990e-29
 149.552005     11.232    14.8381  37.972363    30.6554     11.132  255.92605  256.15887     0.3848     7.1076 -9.990e-29
 149.552008     11.260    14.8382  37.972549    30.6561     11.159  255.92474  256.15756     0.3926     7.1197 0.0000e+00
 149.552011     11.285    14.8381  37.974034    30.6567     11.184  255.92429  256.15708     0.4004     7.1076 0.0000e+00
 149.552014     11.316    14.8377  37.974591    30.6574     11.215  255.92429  256.15708     0.4004     7.1197 0.0000e+00
 149.552017     11.353    14.8375  37.974220    30.6574     11.251  255.92577  256.15855     0.3070     7.1197 0.0000e+00
 149.552020     11.382    14.8375  37.972797    30.6571     11.280  255.92775  256.16055     0.2914     7.1197 0.0000e+00
 149.552023     11.427    14.8369  37.973478    30.6571     11.325  255.92902  256.16177     0.0113     6.9014 0.0000e+00
 149.552025     11.471    14.8367  37.973787    30.6571     11.369  255.92942  256.16216    -0.0821     6.8529 0.0000e+00
 149.552028     11.521    14.8364  37.972364    30.6576     11.417  255.93246  256.16515    -0.0821     6.8650 0.0000e+00
 149.552031     11.562    14.8359  37.973912    30.6575     11.459  255.93286  256.16559    -0.3156     6.8529 0.0000e+00
 149.552034     11.605    14.8356  37.972860    30.6583     11.501  255.93463  256.16730    -0.3156     6.6143 0.0000e+00
 149.552037     11.643    14.8355  37.973664    30.6580     11.539  255.93482  256.16750    -0.3856     6.6122 0.0000e+00
 149.552040     11.670    14.8354  37.974469    30.6584     11.566  255.93463  256.16730    -0.3000     6.6143 -9.990e-29
 149.552043     11.685    14.8353  37.973665    30.6585     11.580  255.93495  256.16761    -0.2845     6.6426 -9.990e-29
 149.552046     11.697    14.8352  37.972551    30.6576     11.593  255.93730  256.16995    -0.5024     6.3353 -9.990e-29
 149.552049     11.703    14.8349  37.970261    30.6557     11.598  255.94179  256.17445    -0.2066     6.3474 -9.990e-29
 149.552052     11.708    14.8348  37.973479    30.6587     11.604  255.93728  256.16991    -0.4090     6.3474 -9.990e-29
 149.552054     11.707    14.8349  37.974469    30.6595     11.602  255.93513  256.16776    -0.4868     6.4081 -9.990e-29
 149.552057     11.714    14.8349  37.973479    30.6586     11.609  255.93699  256.16963     1.4432     7.8638 -9.990e-29
 149.552060     11.725    14.8348  37.973665    30.6589     11.620  255.93700  256.16962     1.3187     7.8112 -9.990e-29
 149.552063     11.749    14.8347  37.971685    30.6571     11.643  255.94043  256.17307     1.5521     7.8435 -9.990e-29
 149.552066     11.767    14.8352  37.974841    30.6571     11.662  255.93804  256.17070     1.3031     7.8597 -9.990e-29
 149.552069     11.793    14.8353  37.972118    30.6565     11.687  255.93865  256.17131     0.8128     7.4999 0.0000e+00
 149.552072     11.820    14.8354  37.970818    30.6571     11.714  255.93804  256.17070     0.5093     7.1400 0.0000e+00
 149.552075     11.851    14.8356  37.973232    30.6572     11.745  255.93458  256.16726     0.3226     7.1400 0.0000e+00
 149.552078     11.878    14.8359  37.972861    30.6578     11.772  255.93432  256.16702     0.3226     7.1238 0.0000e+00
 149.552080     11.911    14.8363  37.974594    30.6584     11.805  255.92987  256.16258     0.3226     7.0995 0.0000e+00
 149.552083     11.946    14.8369  37.976141    30.6584     11.839  255.92597  256.15875     0.3537     6.2908 0.0000e+00
 149.552086     11.981    14.8372  37.974346    30.6583     11.873  255.92555  256.15831     0.3771     6.2746 0.0000e+00
 149.552089     12.015    14.8375  37.973913    30.6573     11.908  255.92597  256.15875     0.4004     6.2584 -9.990e-29
 149.552092     12.037    14.8377  37.974470    30.6572     11.929  255.92494  256.15774     0.2292     6.2948 -9.990e-29
 149.552095     12.052    14.8373  37.971438    30.6548     11.944  255.93119  256.16399    -0.0666     6.7113 -9.990e-29
 149.552098     12.061    14.8369  37.973233    30.6567     11.953  255.93009  256.16285    -0.1132     6.7032 -9.990e-29
 149.552101     12.070    14.8365  37.970757    30.6547     11.962  255.93517  256.16792    -0.1911     6.7437 -9.990e-29
 149.552104     12.085    14.8360  37.970819    30.6552     11.977  255.93710  256.16982    -0.3156     6.7154 -9.990e-29
 149.552106     12.107    14.8352  37.972614    30.6556     11.998  255.94071  256.17338    -0.3311     7.8152 -9.990e-29
 149.552109     12.139    14.8351  37.970572    30.6574     12.031  255.93802  256.17068    -0.3078     7.8314 0.0000e+00
 149.552112     12.181    14.8350  37.974347    30.6590     12.072  255.93557  256.16820    -0.3311     7.8355 0.0000e+00
 149.552115     12.234    14.8350  37.974224    30.6590     12.125  255.93557  256.16820    -0.3467     7.8355 0.0000e+00
 149.552118     12.293    14.8352  37.973667    30.6590     12.183  255.93557  256.16820    -0.3467     7.8355 0.0000e+00
 149.552121     12.349    14.8352  37.975214    30.6591     12.239  255.93456  256.16720     0.0736     7.0207 0.0000e+00
 149.552124     12.391    14.8352  37.972553    30.6597     12.280  255.93321  256.16585     0.4938     6.2059 -9.990e-29
 149.552127     12.413    14.8358  37.975276    30.6593     12.302  255.93113  256.16380     0.4626     6.1937 -9.990e-29
 149.552130     12.420    14.8360  37.974472    30.6584     12.309  255.93154  256.16423     0.6338     6.2140 -9.990e-29
 149.552133     12.411    14.8365  37.970820    30.6547     12.300  255.93529  256.16804    -0.2845     6.5455 -9.990e-29
 149.552135     12.402    14.8365  37.973791    30.6573     12.291  255.93058  256.16331    -0.3156     6.5375 -9.990e-29
 149.552138     12.395    14.8365  37.973481    30.6571     12.284  255.93136  256.16408    -0.5802     6.5375 -9.990e-29
 149.552141     12.389    14.8363  37.973481    30.6573     12.278  255.93193  256.16465    -0.4401     6.5536 -9.990e-29
 149.552144     12.391    14.8364  37.974967    30.6585     12.280  255.92929  256.16201     1.3965     8.4703 -9.990e-29
 149.552147     12.402    14.8366  37.973048    30.6566     12.291  255.93147  256.16421     1.4120     8.4703 -9.990e-29
 149.552150     12.422    14.8359  37.973543    30.6585     12.311  255.93165  256.16434     1.2408     8.4784 -9.990e-29
 149.552153     12.455    14.8358  37.974596    30.6581     12.344  255.93298  256.16566     0.8984     7.5464 0.0000e+00
 149.552156     12.490    14.8358  37.973482    30.6585     12.378  255.93169  256.16437     0.7117     6.6224 0.0000e+00
 149.552159     12.536    14.8358  37.974967    30.6579     12.423  255.93281  256.16550     0.5560     6.6143 0.0000e+00
 149.552161     12.578    14.8359  37.973915    30.6587     12.465  255.93169  256.16437     0.7117     6.6143 0.0000e+00
 149.552164     12.621    14.8360  37.974968    30.6587     12.508  255.93088  256.16357     0.5560     6.5941 0.0000e+00
 149.552167     12.665    14.8362  37.975277    30.6587     12.552  255.93088  256.16357     0.7584     6.5941 0.0000e+00
 149.552170     12.703    14.8362  37.974596    30.6588     12.590  255.92999  256.16269     2.4704     6.5981 0.0000e+00
 149.552173     12.745    14.8362  37.975215    30.6583     12.631  255.93094  256.16365     2.4704     6.6062 0.0000e+00
 149.552176     12.784    14.8359  37.971441    30.6588     12.669  255.93051  256.16320     2.4237     6.6062 0.0000e+00
 149.552179     12.824    14.8359  37.975463    30.6578     12.709  255.93375  256.16644     2.3303     6.6062 0.0000e+00
 149.552182     12.855    14.8359  37.973793    30.6585     12.740  255.93213  256.16482     2.1669     6.5739 0.0000e+00
 149.552185     12.880    14.8358  37.975030    30.6578     12.765  255.93375  256.16644     2.0035     6.5294 -9.990e-29
 149.552188     12.893    14.8354  37.971689    30.6562     12.778  255.93855  256.17123     2.3459     6.5375 -9.990e-29
 149.552190     12.897    14.8352  37.974845    30.6591     12.781  255.93414  256.16679     2.0657     6.5294 -9.990e-29
 149.552193     12.895    14.8353  37.974164    30.6585     12.780  255.93493  256.16758     1.9412     7.6373 -9.990e-29
 149.552196     12.893    14.8356  37.975402    30.6594     12.778  255.93210  256.16476     1.8167     7.6575 -9.990e-29
 149.552199     12.888    14.8356  37.974845    30.6588     12.772  255.93269  256.16536     1.8478     7.6131 -9.990e-29
 149.552202     12.888    14.8358  37.974226    30.6582     12.772  255.93309  256.16577     1.9101     7.6616 -9.990e-29
 149.552205     12.895    14.8359  37.974350    30.6581     12.780  255.93232  256.16501     2.4704     7.9932 -9.990e-29
 149.552208     12.917    14.8356  37.974597    30.6581     12.801  255.93400  256.16667     2.6105     7.9770 -9.990e-29
 149.552211     12.944    14.8356  37.974040    30.6585     12.828  255.93309  256.16575     2.6027     7.9669 0.0000e+00
 149.552214     12.986    14.8357  37.975031    30.6589     12.870  255.93217  256.16484     2.5949     7.9568 0.0000e+00
 149.552216     13.030    14.8357  37.976578    30.6600     12.913  255.92975  256.16241     2.5949     7.9406 0.0000e+00
 149.552219     13.074    14.8363  37.976826    30.6600     12.957  255.92707  256.15977     2.1280     6.6183 0.0000e+00
 149.552222     13.107    14.8365  37.976826    30.6598     12.989  255.92636  256.15907     2.0424     6.6062 0.0000e+00
 149.552225     13.132    14.8367  37.974474    30.6597     13.015  255.92565  256.15837     1.9568     6.6183 -9.990e-29
 149.552228     13.156    14.8365  37.975712    30.6588     13.038  255.92802  256.16074     1.9412     6.6264 -9.990e-29
 149.552231     13.176    14.8369  37.975403    30.6583     13.058  255.92737  256.16011     2.1591     7.4473 -9.990e-29
 149.552234     13.198    14.8369  37.976826    30.6595     13.080  255.92484  256.15757     2.1280     7.4594 -9.990e-29
 149.552237     13.221    14.8368  37.974165    30.6591     13.103  255.92624  256.15897     2.1124     7.4715 -9.990e-29
 149.552240     13.258    14.8369  37.976331    30.6584     13.139  255.92714  256.15988     1.8868     7.0389 0.0000e+00
 149.552242     13.296    14.8368  37.974846    30.6583     13.177  255.92803  256.16078     1.6611     6.6062 0.0000e+00
 149.552245     13.342    14.8363  37.975032    30.6583     13.222  255.93008  256.16279     1.6611     6.6062 0.0000e+00
 149.552248     13.389    14.8359  37.974970    30.6586     13.269  255.93147  256.16415     1.6455     6.6143 0.0000e+00
 149.552251     13.433    14.8359  37.975466    30.6589     13.313  255.93170  256.16439     1.7000     6.6224 0.0000e+00
 149.552254     13.466    14.8358  37.976332    30.6591     13.346  255.93147  256.16415     1.6455     6.6143 -9.990e-29
