seaocn-cb/data/ctd_cnv/SBE19plus_01907321_2024_05_27_Cast84.cnv
* Sea-Bird SBE19plus  Data File:
* FileName = E:\Prandtl_Daten\2024\27052024\raw\SBE19plus_01907321_2024_05_27_Cast84.hex
* Software version 2.6.1.12
* Temperature SN = 7321
* Conductivity SN = 7321
* System UpLoad Time = May 27 2024 12:05:24
* <ApplicationData>
* <Seaterm232>
** 20240527
** Sea Practical 2024
** MCat 27.05 CTD_SP5
** NMEA Latitude = 54 7.781N
** NMEA Longitude = 008 25.579E
** waterdepth = 10.5m
** Merle
# nquan = 11
# nvalues = 371                         
# units = specified
# name 0 = timeJ: Julian Days
# name 1 = prdM: Pressure, Strain Gauge [db]
# name 2 = tv290C: Temperature [ITS-90, deg C]
# name 3 = c0mS/cm: Conductivity [mS/cm]
# name 4 = sal00: Salinity, Practical [PSU]
# name 5 = depSM: Depth [salt water, m], lat = 54.00
# name 6 = oxsatMm/Kg: Oxygen Saturation, Weiss [umol/kg]
# name 7 = oxsolMm/Kg: Oxygen Saturation, Garcia & Gordon [umol/kg]
# name 8 = turbWETntu0: Turbidity, WET Labs ECO [NTU]
# name 9 = flECO-AFL: Fluorescence, WET Labs ECO-AFL/FL [mg/m^3]
# name 10 = flag:  0.000e+00
# span 0 = 148.500865, 148.501936       
# span 1 =      0.472,      9.892       
# span 2 =    15.7931,    16.0188       
# span 3 =  37.133547,  37.319865       
# span 4 =    29.1762,    29.1945       
# span 5 =      0.468,      9.804       
# span 6 =  252.50048,  253.62424       
# span 7 =  252.80335,  253.91644       
# span 8 =    -3.5062,    33.2097       
# span 9 =     1.6487,     7.0288       
# span 10 = 0.0000e+00, 0.0000e+00      
# interval = seconds: 0.25
# start_time = May 27 2024 12:00:05 [Instrument's time stamp, header]
# bad_flag = -9.990e-29
*END*
[from data line 132]
 148.501247      4.086    15.9099  37.225487    29.1832      4.049  253.04160  253.33936    -2.6346     3.8019 0.0000e+00
 148.501250      4.124    15.9097  37.227697    29.1821      4.087  253.04251  253.34028    -2.5724     3.8120 0.0000e+00
 148.501253      4.175    15.9090  37.221190    29.1803      4.138  253.05320  253.35094    -2.5724     3.8727 0.0000e+00
 148.501256      4.224    15.9074  37.221190    29.1803      4.187  253.05918  253.35683    -2.5724     3.8727 0.0000e+00
 148.501259      4.274    15.9056  37.222664    29.1829      4.236  253.06353  253.36109    -2.6502     3.8727 0.0000e+00
 148.501262      4.316    15.9047  37.221621    29.1831      4.277  253.06790  253.36541    -2.8137     3.7575 0.0000e+00
 148.501264      4.354    15.9037  37.216772    29.1834      4.315  253.07227  253.36973    -2.9771     3.6058 -9.990e-29
 148.501267      4.378    15.9005  37.218184    29.1827      4.339  253.08968  253.38699    -2.9459     3.6058 -9.990e-29
 148.501270      4.389    15.8991  37.214624    29.1806      4.349  253.10011  253.39737    -2.8681     3.6503 -9.990e-29
 148.501273      4.389    15.8978  37.218000    29.1846      4.349  253.10008  253.39725    -1.7164     3.4198 -9.990e-29
 148.501276      4.396    15.8960  37.212722    29.1813      4.357  253.11459  253.41170    -1.5763     3.3632 -9.990e-29
 148.501279      4.407    15.8939  37.210451    29.1808      4.367  253.12605  253.42306    -1.7631     3.4926 -9.990e-29
 148.501282      4.423    15.8892  37.210697    29.1820      4.384  253.14752  253.44430    -1.9031     3.4077 -9.990e-29
 148.501285      4.456    15.8883  37.207874    29.1803      4.416  253.15502  253.45178    -1.8564     3.5957 0.0000e+00
 148.501288      4.500    15.8874  37.202473    29.1800      4.459  253.16253  253.45925    -1.9031     3.7716 0.0000e+00
 148.501291      4.549    15.8855  37.202474    29.1800      4.508  253.16970  253.46632    -1.8097     3.7837 0.0000e+00
 148.501293      4.600    15.8838  37.202228    29.1803      4.559  253.17635  253.47289    -1.7786     3.7878 0.0000e+00
 148.501296      4.642    15.8818  37.199713    29.1810      4.601  253.18761  253.48406    -1.7786     3.7878 0.0000e+00
 148.501299      4.682    15.8807  37.199836    29.1811      4.640  253.19169  253.48809    -1.8876     3.7211 0.0000e+00
 148.501302      4.710    15.8796  37.198118    29.1820      4.668  253.19577  253.49211    -2.1366     3.6422 -9.990e-29
 148.501305      4.724    15.8777  37.201800    29.1851      4.682  253.19998  253.49620    -2.0899     3.6422 -9.990e-29
 148.501308      4.721    15.8774  37.198363    29.1823      4.678  253.20635  253.50257    -2.1210     3.5856 -9.990e-29
 148.501311      4.719    15.8769  37.195418    29.1802      4.677  253.21287  253.50909    -2.1833     5.0332 -9.990e-29
 148.501314      4.713    15.8759  37.198732    29.1838      4.671  253.21144  253.50759    -1.8876     5.0009 -9.990e-29
 148.501317      4.722    15.8752  37.194497    29.1806      4.680  253.22051  253.51665    -2.2767     5.0009 -9.990e-29
 148.501319      4.739    15.8747  37.197443    29.1831      4.697  253.21853  253.51463    -2.4012     3.6826 -9.990e-29
 148.501322      4.776    15.8742  37.197014    29.1833      4.733  253.22080  253.51688    -2.3934     3.6604 0.0000e+00
 148.501325      4.825    15.8737  37.196584    29.1831      4.782  253.22308  253.51912    -2.4012     3.6746 0.0000e+00
 148.501328      4.880    15.8726  37.192412    29.1826      4.836  253.23327  253.52929    -2.4634     3.6746 0.0000e+00
 148.501331      4.944    15.8712  37.193578    29.1826      4.899  253.23691  253.53284    -2.4946     3.6826 0.0000e+00
 148.501334      5.004    15.8700  37.196340    29.1842      4.959  253.23724  253.53309    -2.4946     3.7150 0.0000e+00
 148.501337      5.055    15.8691  37.193579    29.1842      5.010  253.24500  253.54082    -2.4167     3.8767 0.0000e+00
 148.501340      5.098    15.8688  37.190695    29.1831      5.053  253.24823  253.54404    -2.4012     3.8848 0.0000e+00
 148.501343      5.128    15.8685  37.197016    29.1821      5.082  253.25146  253.54727    -2.4167     3.8767 -9.990e-29
 148.501345      5.139    15.8687  37.193395    29.1843      5.093  253.24682  253.54262    -2.4167     3.8646 -9.990e-29
 148.501348      5.140    15.8693  37.197200    29.1871      5.094  253.23870  253.53451    -2.2922     3.4117 -9.990e-29
 148.501351      5.142    15.8694  37.196586    29.1865      5.096  253.23933  253.53514    -2.3078     3.3955 -9.990e-29
 148.501354      5.146    15.8693  37.194377    29.1847      5.100  253.24296  253.53879    -2.5880     3.4158 -9.990e-29
 148.501357      5.155    15.8689  37.195175    29.1857      5.109  253.24325  253.53905    -2.3078     3.4158 -9.990e-29
 148.501360      5.175    15.8678  37.194745    29.1818      5.129  253.25550  253.55128    -2.2144     3.8282 -9.990e-29
 148.501363      5.206    15.8675  37.189836    29.1830      5.160  253.25523  253.55098    -2.1755     3.8282 0.0000e+00
 148.501366      5.245    15.8671  37.191984    29.1832      5.198  253.25550  253.55128    -2.1366     3.8282 0.0000e+00
 148.501369      5.277    15.8665  37.190450    29.1842      5.230  253.25938  253.55508    -2.0432     3.8282 0.0000e+00
 148.501372      5.319    15.8654  37.191985    29.1832      5.272  253.26125  253.55689    -1.7319     3.7716 0.0000e+00
 148.501374      5.354    15.8649  37.187873    29.1840      5.306  253.26630  253.56192    -1.7086     3.7332 0.0000e+00
 148.501377      5.385    15.8644  37.189960    29.1826      5.337  253.27134  253.56695    -1.6852     3.7716 -9.990e-29
 148.501380      5.405    15.8635  37.190206    29.1853      5.357  253.27142  253.56697    -1.5763     3.7878 -9.990e-29
 148.501383      5.422    15.8633  37.191126    29.1862      5.373  253.27064  253.56617    -1.8409     3.7433 -9.990e-29
 148.501386      5.433    15.8627  37.188610    29.1844      5.384  253.27682  253.57234    -1.3739     3.6099 -9.990e-29
 148.501389      5.451    15.8620  37.188733    29.1851      5.402  253.27933  253.57480    -1.2961     3.6220 -9.990e-29
 148.501392      5.469    15.8614  37.187690    29.1846      5.420  253.28299  253.57845    -1.5296     3.5977 -9.990e-29
 148.501395      5.491    15.8604  37.189961    29.1853      5.442  253.28699  253.58239    -1.8409     4.9402 -9.990e-29
 148.501398      5.529    15.8603  37.187629    29.1861      5.480  253.28605  253.58144    -1.9109     4.9240 0.0000e+00
 148.501400      5.571    15.8602  37.189286    29.1853      5.521  253.28699  253.58239    -1.8409     4.9402 0.0000e+00
 148.501403      5.617    15.8591  37.185052    29.1843      5.566  253.29569  253.59104    -1.8720     4.9079 0.0000e+00
 148.501406      5.664    15.8571  37.183826    29.1843      5.613  253.30501  253.60026    -1.7786     4.9079 0.0000e+00
 148.501409      5.715    15.8558  37.185605    29.1867      5.664  253.30711  253.60229    -1.3739     3.6543 0.0000e+00
 148.501412      5.763    15.8546  37.185913    29.1867      5.711  253.31144  253.60654    -1.3739     3.6301 0.0000e+00
 148.501415      5.801    15.8545  37.183826    29.1871      5.749  253.31362  253.60872    -1.4673     3.6119 0.0000e+00
 148.501418      5.834    15.8543  37.180881    29.1863      5.782  253.31580  253.61090    -1.5607     3.6301 -9.990e-29
 148.501421      5.852    15.8536  37.184502    29.1874      5.800  253.31719  253.61226    -0.2222     3.6503 -9.990e-29
 148.501424      5.865    15.8527  37.179593    29.1838      5.812  253.32818  253.62323    -0.4090     3.6948 -9.990e-29
 148.501427      5.868    15.8513  37.179471    29.1847      5.816  253.33343  253.62840    -0.2845     3.7312 -9.990e-29
 148.501429      5.872    15.8501  37.179471    29.1855      5.820  253.33789  253.63281    -0.1444     3.6665 -9.990e-29
 148.501432      5.872    15.8493  37.174133    29.1815      5.820  253.34923  253.64413    -0.2533     3.6948 -9.990e-29
 148.501435      5.880    15.8484  37.180391    29.1876      5.827  253.34305  253.63787    -1.7475     3.7797 -9.990e-29
 148.501438      5.898    15.8469  37.180023    29.1879      5.845  253.35012  253.64486    -2.0432     3.7433 -9.990e-29
 148.501441      5.923    15.8467  37.179471    29.1867      5.870  253.35343  253.64817    -2.0977     3.7231 0.0000e+00
 148.501444      5.958    15.8464  37.176281    29.1871      5.905  253.35467  253.64939    -2.0432     3.7433 0.0000e+00
 148.501447      5.998    15.8463  37.178060    29.1871      5.944  253.35611  253.65081    -0.3311     4.2730 0.0000e+00
 148.501450      6.044    15.8458  37.178306    29.1871      5.990  253.35611  253.65081    -0.3311     4.2730 0.0000e+00
 148.501453      6.089    15.8449  37.175668    29.1860      6.035  253.36340  253.65806    -0.3311     4.2730 0.0000e+00
 148.501455      6.139    15.8441  37.174257    29.1853      6.084  253.36854  253.66317    -0.2378     4.2730 0.0000e+00
 148.501458      6.179    15.8433  37.170576    29.1843      6.123  253.37430  253.66891    -0.0043     4.0405 0.0000e+00
 148.501461      6.208    15.8425  37.171804    29.1833      6.152  253.38007  253.67464     0.2292     3.7676 -9.990e-29
 148.501464      6.232    15.8377  37.165608    29.1825      6.176  253.40576  253.70011     0.1825     3.7352 -9.990e-29
 148.501467      6.239    15.8332  37.163277    29.1838      6.183  253.42625  253.72038     0.4782     3.7393 -9.990e-29
 148.501470      6.252    15.8297  37.162848    29.1860      6.196  253.44000  253.73395     0.7584     4.2851 -9.990e-29
 148.501473      6.264    15.8265  37.164382    29.1897      6.208  253.44989  253.74365     0.7272     4.3337 -9.990e-29
 148.501476      6.281    15.8251  37.164935    29.1911      6.225  253.45414  253.74783     0.8517     4.2892 -9.990e-29
 148.501479      6.310    15.8249  37.164935    29.1907      6.254  253.45626  253.74993     0.8206     4.3216 0.0000e+00
 148.501481      6.343    15.8246  37.163524    29.1904      6.286  253.45837  253.75204     0.8517     4.2892 0.0000e+00
 148.501484      6.379    15.8234  37.162604    29.1904      6.322  253.46425  253.75786     0.9607     4.0830 0.0000e+00
 148.501487      6.419    15.8224  37.162236    29.1904      6.362  253.46840  253.76196     1.0852     4.0789 0.0000e+00
 148.501490      6.460    15.8212  37.160826    29.1907      6.402  253.47532  253.76882     1.2097     4.0668 0.0000e+00
 148.501493      6.500    15.8197  37.161501    29.1904      6.442  253.47997  253.77340     1.0852     4.0466 0.0000e+00
 148.501496      6.531    15.8192  37.157452    29.1907      6.472  253.48498  253.77839     0.6650     4.0446 0.0000e+00
 148.501499      6.560    15.8186  37.157820    29.1893      6.501  253.48998  253.78338     0.0113     4.0223 -9.990e-29
 148.501502      6.576    15.8178  37.157452    29.1899      6.518  253.49328  253.78663     0.0891     3.9697 -9.990e-29
 148.501505      6.589    15.8175  37.155796    29.1887      6.530  253.49698  253.79033     0.1202     4.0061 -9.990e-29
 148.501508      6.600    15.8166  37.151687    29.1858      6.541  253.50648  253.79980     2.0969     3.9900 -9.990e-29
 148.501510      6.618    15.8156  37.157023    29.1907      6.559  253.50314  253.79638     2.0191     3.9617 -9.990e-29
 148.501513      6.646    15.8155  37.156471    29.1919      6.586  253.50155  253.79478     2.0191     3.9738 0.0000e+00
 148.501516      6.675    15.8156  37.159171    29.1907      6.615  253.50314  253.79638     2.0191     3.9859 0.0000e+00
 148.501519      6.717    15.8153  37.154877    29.1911      6.657  253.50528  253.79849     2.9529     3.9859 0.0000e+00
 148.501522      6.752    15.8150  37.156472    29.1904      6.691  253.50529  253.79855     3.0619     3.9940 0.0000e+00
 148.501525      6.786    15.8147  37.155061    29.1908      6.726  253.50770  253.80089     3.1008     4.0000 0.0000e+00
 148.501528      6.815    15.8143  37.153957    29.1904      6.754  253.51011  253.80329     3.0619     4.0223 -9.990e-29
 148.501531      6.835    15.8130  37.152853    29.1893      6.774  253.51824  253.81137     2.9685     3.9778 -9.990e-29
 148.501534      6.857    15.8122  37.154448    29.1913      6.796  253.51882  253.81189     1.5988     4.4631 -9.990e-29
 148.501536      6.881    15.8114  37.153528    29.1911      6.819  253.52350  253.81653     1.6299     4.4024 -9.990e-29
 148.501539      6.897    15.8106  37.153529    29.1917      6.836  253.52648  253.81948     1.5677     4.4550 -9.990e-29
 148.501542      6.916    15.8103  37.153774    29.1922      6.854  253.52731  253.82029     1.5210     4.4226 -9.990e-29
 148.501545      6.941    15.8100  37.153099    29.1891      6.879  253.53380  253.82679    -1.0160     3.3025 -9.990e-29
 148.501548      6.970    15.8102  37.150094    29.1915      6.908  253.52905  253.82203    -0.9460     3.3127 0.0000e+00
 148.501551      7.010    15.8103  37.155799    29.1939      6.948  253.52430  253.81727    -0.8915     3.3106 0.0000e+00
 148.501554      7.049    15.8110  37.157026    29.1939      6.986  253.52133  253.81438    -0.8759     3.3228 0.0000e+00
 148.501557      7.091    15.8116  37.154449    29.1936      7.027  253.51979  253.81278    -0.5179     4.2932 0.0000e+00
 148.501560      7.138    15.8125  37.157455    29.1934      7.074  253.51324  253.80632    -0.5179     4.3337 0.0000e+00
 148.501563      7.180    15.8133  37.157823    29.1934      7.116  253.51003  253.80314    -0.5179     4.3256 0.0000e+00
 148.501565      7.207    15.8138  37.158069    29.1934      7.143  253.50759  253.80073    -0.2533     4.3337 0.0000e+00
 148.501568      7.233    15.8142  37.159418    29.1935      7.168  253.50524  253.79839    -0.1755     4.5217 0.0000e+00
 148.501571      7.258    15.8145  37.158989    29.1938      7.194  253.50289  253.79605    -0.0977     4.7178 -9.990e-29
 148.501574      7.277    15.8148  37.157885    29.1923      7.212  253.50434  253.79753     0.0580     4.7178 -9.990e-29
 148.501577      7.292    15.8148  37.156290    29.1908      7.226  253.50646  253.79967     0.0268     4.7461 -9.990e-29
 148.501580      7.301    15.8147  37.157455    29.1920      7.235  253.50530  253.79849    -0.0354     4.7785 -9.990e-29
 148.501583      7.304    15.8145  37.158069    29.1926      7.239  253.50497  253.79815     0.3692     4.0951 -9.990e-29
 148.501586      7.312    15.8144  37.155370    29.1903      7.246  253.50936  253.80254     0.3226     4.0668 -9.990e-29
 148.501589      7.332    15.8143  37.158989    29.1936      7.266  253.50449  253.79764     0.1202     4.0587 -9.990e-29
 148.501591      7.352    15.8142  37.156045    29.1911      7.286  253.50925  253.80242     0.4471     4.0991 -9.990e-29
 148.501594      7.376    15.8143  37.157456    29.1904      7.310  253.51001  253.80319     0.2759     4.0910 -9.990e-29
 148.501597      7.408    15.8142  37.155370    29.1902      7.342  253.51098  253.80415     0.2836     4.1173 0.0000e+00
 148.501600      7.445    15.8140  37.154696    29.1904      7.378  253.51194  253.80511     0.2759     4.1274 0.0000e+00
 148.501603      7.483    15.8134  37.155677    29.1913      7.416  253.51286  253.80599     0.2914     4.1274 0.0000e+00
 148.501606      7.534    15.8128  37.156475    29.1919      7.467  253.51406  253.80716     1.5521     4.1274 0.0000e+00
 148.501609      7.582    15.8120  37.155248    29.1924      7.514  253.51892  253.81198     1.6299     4.1355 0.0000e+00
 148.501612      7.633    15.8108  37.155371    29.1919      7.565  253.52323  253.81622     1.5833     4.1355 0.0000e+00
 148.501615      7.671    15.8102  37.152611    29.1922      7.603  253.52756  253.82053     1.6923     4.1274 0.0000e+00
 148.501617      7.704    15.8096  37.151814    29.1914      7.635  253.53189  253.82484     1.5833     4.1113 -9.990e-29
 148.501620      7.728    15.8077  37.149668    29.1902      7.658  253.54352  253.83639     1.7078     4.1153 -9.990e-29
