seaocn-cb/data/ctd_cnv/SBE19plus_01907321_2024_05_22_Cast16.cnv
* Sea-Bird SBE19plus  Data File:
* FileName = E:\Prandtl_Daten\2024\CTD\raw\SBE19plus_01907321_2024_05_22_Cast16.hex
* Software version 2.6.1.12
* Temperature SN = 7321
* Conductivity SN = 7321
* System UpLoad Time = May 22 2024 12:33:28
* <ApplicationData>
* <Seaterm232>
** 20240522
** Sea Practical 2024
** MCat 22.05 CTD_M5
** NMEA Latitude = 53 059.11N
** NMEA Longitude = 008 23.09E
** waterdepth = 24.19m
** Arved
# nquan = 11
# nvalues = 729                         
# units = specified
# name 0 = timeJ: Julian Days
# name 1 = prdM: Pressure, Strain Gauge [db]
# name 2 = tv290C: Temperature [ITS-90, deg C]
# name 3 = c0mS/cm: Conductivity [mS/cm]
# name 4 = sal00: Salinity, Practical [PSU]
# name 5 = depSM: Depth [salt water, m], lat = 54.00
# name 6 = oxsatMm/Kg: Oxygen Saturation, Weiss [umol/kg]
# name 7 = oxsolMm/Kg: Oxygen Saturation, Garcia & Gordon [umol/kg]
# name 8 = turbWETntu0: Turbidity, WET Labs ECO [NTU]
# name 9 = flECO-AFL: Fluorescence, WET Labs ECO-AFL/FL [mg/m^3]
# name 10 = flag:  0.000e+00
# span 0 = 143.517269, 143.519375       
# span 1 =      0.577,     22.488       
# span 2 =    12.7737,    14.7957       
# span 3 =  36.534052,  37.826838       
# span 4 =    29.4148,    32.0725       
# span 5 =      0.572,     22.286       
# span 6 =  258.29353,  264.38771       
# span 7 =  258.53415,  264.48594       
# span 8 =    -4.7981,    59.2486       
# span 9 =     4.4752,     8.8342       
# span 10 = 0.0000e+00, 0.0000e+00      
# interval = seconds: 0.25
# start_time = May 22 2024 12:23:35 [Instrument's time stamp, header]
# bad_flag = -9.990e-29
*END*
[from data line 263]
 143.518030      8.550    13.8497  37.691450    31.1905      8.473  260.15291  260.32617    -4.0666     6.8043 0.0000e+00
 143.518032      8.602    13.8495  37.696201    31.1950      8.526  260.15522  260.32840    -4.1132     6.7801 0.0000e+00
 143.518035      8.652    13.8471  37.696756    31.1975      8.574  260.15680  260.32975    -4.1132     6.7760 0.0000e+00
 143.518038      8.695    13.8436  37.696695    31.2003      8.618  260.17039  260.34311    -4.2845     5.5670 0.0000e+00
 143.518041      8.728    13.8409  37.697621    31.2033      8.650  260.17840  260.35085    -4.3156     5.5670 0.0000e+00
 143.518044      8.761    13.8399  37.700522    31.2068      8.683  260.17919  260.35173    -4.3156     5.5670 0.0000e+00
 143.518047      8.796    13.8381  37.700399    31.2081      8.717  260.18550  260.35783    -4.3156     5.5832 0.0000e+00
 143.518050      8.825    13.8357  37.705397    31.2146      8.746  260.18639  260.35852    -4.1444     6.2180 0.0000e+00
 143.518053      8.862    13.8333  37.705953    31.2171      8.782  260.19494  260.36690    -4.1444     6.2423 0.0000e+00
 143.518056      8.900    13.8321  37.707126    31.2191      8.820  260.19512  260.36690    -4.1444     6.2180 0.0000e+00
 143.518058      8.940    13.8302  37.713112    31.2262      8.860  260.19760  260.36947    -4.1444     6.2423 0.0000e+00
 143.518061      8.978    13.8285  37.719099    31.2304      8.898  260.19674  260.36831    -4.1132     6.3434 0.0000e+00
 143.518064      9.005    13.8268  37.722864    31.2345      8.925  260.19837  260.36979    -4.0821     6.4849 -9.990e-29
 143.518067      9.027    13.8174  37.720211    31.2431      8.946  260.23262  260.40341    -4.1444     6.4728 -9.990e-29
 143.518070      9.036    13.8150  37.718915    31.2439      8.955  260.24422  260.41487    -4.0354     6.4566 -9.990e-29
 143.518073      9.029    13.8139  37.721754    31.2474      8.948  260.24379  260.41434    -3.2728     6.2746 -9.990e-29
 143.518076      9.023    13.8111  37.724841    31.2525      8.943  260.24924  260.41958    -3.2883     6.3029 -9.990e-29
 143.518079      9.020    13.8087  37.729779    31.2590      8.939  260.25047  260.42060    -3.3195     6.2787 -9.990e-29
 143.518082      9.022    13.8043  37.733236    31.2657      8.941  260.26160  260.43142    -3.2572     6.2827 -9.990e-29
 143.518084      9.036    13.7850  37.741138    31.2934      8.955  260.31519  260.48360    -4.3156     6.6143 -9.990e-29
 143.518087      9.065    13.7803  37.746078    31.2989      8.984  260.33032  260.49841    -4.3156     6.6022 0.0000e+00
 143.518090      9.111    13.7756  37.749722    31.3044      9.030  260.34545  260.51322    -4.3156     6.6062 0.0000e+00
 143.518093      9.168    13.7658  37.754477    31.3167      9.086  260.37530  260.54237    -4.3156     6.6062 0.0000e+00
 143.518096      9.239    13.7580  37.767630    31.3352      9.156  260.38371  260.55015    -4.2845     6.6062 0.0000e+00
 143.518099      9.312    13.7499  37.764050    31.3384      9.228  260.42087  260.58667    -4.0821     5.7125 0.0000e+00
 143.518102      9.379    13.7462  37.772695    31.3495      9.295  260.42106  260.58680    -4.0510     5.7045 0.0000e+00
 143.518105      9.445    13.7408  37.778501    31.3592      9.360  260.43227  260.59746    -4.0510     5.7125 0.0000e+00
 143.518108      9.503    13.7331  37.775353    31.3626      9.418  260.46725  260.63196    -4.0510     5.7206 0.0000e+00
 143.518111      9.547    13.7308  37.779244    31.3663      9.462  260.47287  260.63741    -3.7864     5.8379 0.0000e+00
 143.518113      9.582    13.7285  37.781777    31.3699      9.496  260.47849  260.64286    -3.5062     5.9552 -9.990e-29
 143.518116      9.606    13.7182  37.785977    31.3846      9.520  260.50725  260.67087    -3.5529     5.9430 -9.990e-29
 143.518119      9.628    13.7099  37.789499    31.3946      9.541  260.53334  260.69638    -3.4907     5.9471 -9.990e-29
 143.518122      9.644    13.6991  37.789685    31.4036      9.558  260.57498  260.73729    -3.8487     5.9026 -9.990e-29
 143.518125      9.653    13.6939  37.789748    31.4080      9.567  260.59514  260.75709    -3.9420     5.9026 -9.990e-29
 143.518128      9.664    13.6949  37.789068    31.4065      9.577  260.59229  260.75432    -3.9265     5.8945 -9.990e-29
 143.518131      9.675    13.6967  37.792712    31.4084      9.588  260.57936  260.74147    -3.7086     5.8824 -9.990e-29
 143.518134      9.690    13.6902  37.796172    31.4169      9.603  260.59868  260.76033    -3.9109     5.8743 -9.990e-29
 143.518137      9.702    13.6772  37.800374    31.4314      9.615  260.64185  260.80259    -4.2378     5.6276 -9.990e-29
 143.518139      9.724    13.6648  37.799943    31.4412      9.637  260.69077  260.85068    -4.1911     5.6357 -9.990e-29
 143.518142      9.739    13.6567  37.801056    31.4489      9.652  260.71999  260.87935    -4.3467     5.6721 -9.990e-29
 143.518145      9.761    13.6451  37.802169    31.4602      9.673  260.76174  260.92030    -4.3623     6.0927 -9.990e-29
 143.518148      9.788    13.6422  37.803034    31.4631      9.701  260.77213  260.93048    -4.2844     6.0886 0.0000e+00
 143.518151      9.821    13.6393  37.804085    31.4660      9.733  260.78252  260.94067    -4.3156     6.0927 0.0000e+00
 143.518154      9.856    13.6317  37.804395    31.4725      9.767  260.81165  260.96929    -4.3156     6.0927 0.0000e+00
 143.518157      9.909    13.6200  37.811069    31.4883      9.820  260.84579  261.00257    -4.3156     6.1007 0.0000e+00
 143.518160      9.967    13.6009  37.815025    31.5076      9.878  260.91295  261.06841    -4.0354     6.3434 0.0000e+00
 143.518163     10.027    13.5812  37.815707    31.5245      9.937  260.98843  261.14254    -4.0354     6.3717 0.0000e+00
 143.518166     10.085    13.5691  37.819230    31.5378      9.995  261.02950  261.18276    -4.0354     6.3717 0.0000e+00
 143.518168     10.136    13.5601  37.822383    31.5480     10.046  261.05895  261.21157    -4.1755     6.3514 0.0000e+00
 143.518171     10.184    13.5550  37.822013    31.5521     10.093  261.07919  261.23146    -4.1444     5.6579 0.0000e+00
 143.518174     10.222    13.5498  37.823251    31.5562     10.131  261.09943  261.25135    -4.2689     4.9645 -9.990e-29
 143.518177     10.242    13.5300  37.822449    31.5730     10.151  261.17582  261.32638    -4.5024     4.9402 -9.990e-29
 143.518180     10.260    13.5243  37.823932    31.5790     10.169  261.19523  261.34539    -4.3156     4.9160 -9.990e-29
 143.518183     10.266    13.5195  37.821770    31.5810     10.174  261.21765  261.36750    -4.3311     4.9240 -9.990e-29
 143.518186     10.275    13.5154  37.822821    31.5853     10.183  261.23152  261.38108    -4.2066     5.9471 -9.990e-29
 143.518189     10.286    13.5097  37.826838    31.5937     10.194  261.24693  261.39607    -4.0199     5.9754 -9.990e-29
 143.518192     10.306    13.5023  37.825047    31.5962     10.214  261.28274  261.43140    -4.0977     6.0077 -9.990e-29
 143.518194     10.339    13.4961  37.822823    31.5975     10.246  261.31355  261.46182    -4.1211     6.1210 0.0000e+00
 143.518197     10.384    13.4899  37.814793    31.5989     10.291  261.34436  261.49225    -4.1444     6.2301 0.0000e+00
 143.518200     10.439    13.4658  37.816402    31.6203     10.346  261.43519  261.58140    -4.1444     6.2301 0.0000e+00
 143.518203     10.492    13.4464  37.813872    31.6341     10.398  261.51508  261.65998    -4.0666     6.2018 0.0000e+00
 143.518206     10.543    13.4350  37.815294    31.6448     10.449  261.55674  261.70085    -4.0354     6.1978 0.0000e+00
 143.518209     10.581    13.4267  37.815729    31.6519     10.487  261.58862  261.73216    -4.0355     5.7914 0.0000e+00
 143.518212     10.611    13.4184  37.814558    31.6589     10.516  261.62051  261.76346    -4.0043     5.3850 -9.990e-29
 143.518215     10.622    13.3884  37.812644    31.6810     10.526  261.74245  261.88336    -4.1132     5.3850 -9.990e-29
 143.518218     10.629    13.3839  37.809000    31.6813     10.534  261.76624  261.90687    -4.0821     5.3688 -9.990e-29
 143.518220     10.627    13.3785  37.809742    31.6865     10.532  261.78599  261.92623    -4.2845     5.3122 -9.990e-29
 143.518223     10.625    13.3729  37.813202    31.6944     10.530  261.80197  261.94179    -4.3934     5.2880 -9.990e-29
 143.518226     10.625    13.3687  37.812832    31.6975     10.530  261.81877  261.95831    -4.2845     5.2880 -9.990e-29
 143.518229     10.641    13.3560  37.812709    31.7071     10.546  261.87035  262.00900    -4.3467     5.3001 -9.990e-29
 143.518232     10.669    13.3496  37.811721    31.7110     10.573  261.89796  262.03618    -4.2300     5.4921 0.0000e+00
 143.518235     10.722    13.3432  37.808634    31.7149     10.626  261.92557  262.06336    -4.1444     5.6842 0.0000e+00
 143.518238     10.787    13.3255  37.807587    31.7285     10.691  261.99604  262.13262    -4.1132     5.6923 0.0000e+00
 143.518241     10.866    13.3085  37.808886    31.7439     10.768  262.06025  262.19562    -4.0510     5.7045 0.0000e+00
 143.518244     10.944    13.2957  37.805305    31.7512     10.846  262.11631  262.25082    -4.0510     5.6923 0.0000e+00
 143.518247     11.021    13.2813  37.801539    31.7597     10.922  262.17892  262.31245    -4.2689     4.6289 0.0000e+00
 143.518249     11.087    13.2637  37.799256    31.7722     10.987  262.25146  262.38378    -4.2845     4.6289 0.0000e+00
 143.518252     11.134    13.2564  37.798455    31.7779     11.034  262.28064  262.41246    -4.3156     4.6349 0.0000e+00
 143.518255     11.167    13.2491  37.798642    31.7836     11.067  262.30983  262.44113    -4.2845     4.6491 -9.990e-29
 143.518258     11.176    13.2314  37.798087    31.7981     11.076  262.37963  262.50968    -4.1755     5.2880 -9.990e-29
 143.518261     11.176    13.2259  37.793825    31.7986     11.076  262.40816  262.53787    -4.0821     5.2961 -9.990e-29
 143.518264     11.165    13.2188  37.794135    31.8049     11.065  262.43538  262.56459    -4.0666     5.3163 -9.990e-29
 143.518267     11.154    13.2132  37.795556    31.8110     11.054  262.45504  262.58383    -4.2222     5.3041 -9.990e-29
 143.518270     11.147    13.2101  37.796730    31.8146     11.047  262.46492  262.59349    -4.3156     4.8310 -9.990e-29
 143.518273     11.149    13.2092  37.792222    31.8111     11.049  262.47604  262.60459    -4.1444     4.8553 -9.990e-29
 143.518275     11.163    13.1930  37.787343    31.8189     11.063  262.55008  262.67754    -4.3934     4.8634 -9.990e-29
 143.518278     11.191    13.1880  37.786047    31.8217     11.091  262.57212  262.69924    -4.3701     4.8533 0.0000e+00
 143.518281     11.225    13.1830  37.783146    31.8245     11.125  262.59416  262.72094    -4.3934     4.8634 0.0000e+00
 143.518284     11.271    13.1734  37.779071    31.8287     11.170  262.63856  262.76470    -4.5646     5.4174 0.0000e+00
 143.518287     11.315    13.1650  37.777652    31.8345     11.213  262.67416  262.79971    -4.5646     5.4376 0.0000e+00
 143.518290     11.362    13.1559  37.771416    31.8362     11.260  262.72028  262.84525    -4.5490     5.4376 0.0000e+00
 143.518293     11.404    13.1427  37.766108    31.8423     11.302  262.78124  262.90532    -4.5335     5.4376 0.0000e+00
 143.518296     11.448    13.1266  37.765369    31.8551     11.345  262.84539  262.96833    -4.3778     4.9726 0.0000e+00
 143.518299     11.484    13.1145  37.766791    31.8665     11.381  262.89024  263.01231    -4.3623     4.9726 0.0000e+00
 143.518302     11.517    13.1105  37.763889    31.8666     11.414  262.91110  263.03291    -4.3311     4.9887 0.0000e+00
 143.518304     11.550    13.1053  37.758642    31.8672     11.447  262.94053  263.06201    -4.3311     5.0090 0.0000e+00
 143.518307     11.585    13.0956  37.756359    31.8725     11.481  262.98212  263.10294    -4.3000     5.3567 0.0000e+00
 143.518310     11.627    13.0860  37.754569    31.8790     11.523  263.02316  263.14330    -4.3000     5.3648 0.0000e+00
 143.518313     11.685    13.0772  37.753583    31.8854     11.580  263.05942  263.17894    -4.3000     5.3891 0.0000e+00
 143.518316     11.743    13.0680  37.751485    31.8911     11.638  263.09901  263.21789    -4.2845     5.3648 0.0000e+00
 143.518319     11.798    13.0599  37.750375    31.8969     11.692  263.13264  263.25096    -4.1444     5.1222 0.0000e+00
 143.518322     11.846    13.0486  37.746117    31.9023     11.739  263.18415  263.30170    -4.1132     5.1222 0.0000e+00
 143.518325     11.880    13.0428  37.746859    31.9076     11.774  263.20629  263.32342    -4.1132     5.1262 0.0000e+00
 143.518328     11.908    13.0370  37.746860    31.9128     11.801  263.22844  263.34514    -4.0821     5.1384 -9.990e-29
 143.518330     11.920    13.0329  37.747971    31.9173     11.814  263.24267  263.35906    -4.1444     5.0858 -9.990e-29
 143.518333     11.922    13.0296  37.743774    31.9161     11.816  263.26292  263.37912    -4.5179     4.8553 -9.990e-29
 143.518336     11.917    13.0228  37.743589    31.9217     11.810  263.28982  263.40553    -4.4868     4.8513 -9.990e-29
 143.518339     11.908    13.0160  37.745751    31.9294     11.801  263.31266  263.42786    -4.7202     4.8391 -9.990e-29
 143.518342     11.906    13.0140  37.747294    31.9326     11.799  263.31791  263.43295    -4.5646     4.8998 -9.990e-29
 143.518345     11.910    13.0116  37.743776    31.9313     11.803  263.33360  263.44850    -4.4090     4.8674 -9.990e-29
 143.518348     11.930    12.9984  37.740319    31.9384     11.823  263.39263  263.50662    -4.3778     4.8917 -9.990e-29
 143.518351     11.961    12.9949  37.739580    31.9415     11.854  263.40638  263.52011    -4.3544     4.8735 0.0000e+00
 143.518354     12.010    12.9913  37.739889    31.9447     11.903  263.42012  263.53359    -4.3778     4.8917 0.0000e+00
 143.518356     12.054    12.9880  37.738655    31.9463     11.946  263.43501  263.54825    -4.4557     5.2961 0.0000e+00
 143.518359     12.103    12.9836  37.736249    31.9477     11.995  263.45645  263.56940    -4.4557     5.3041 0.0000e+00
 143.518362     12.153    12.9783  37.734089    31.9501     12.044  263.48114  263.59373    -4.4557     5.3122 0.0000e+00
 143.518365     12.193    12.9718  37.731374    31.9530     12.084  263.51131  263.62345    -4.4557     5.3122 0.0000e+00
 143.518368     12.236    12.9641  37.729894    31.9581     12.127  263.54414  263.65575    -4.1599     4.9928 0.0000e+00
 143.518371     12.269    12.9575  37.730018    31.9638     12.159  263.56995  263.68108    -4.1132     4.9928 0.0000e+00
 143.518374     12.309    12.9537  37.728291    31.9654     12.199  263.58795  263.69882    -4.1132     4.9928 0.0000e+00
 143.518377     12.342    12.9516  37.727859    31.9667     12.232  263.59692  263.70764    -4.1132     4.9928 0.0000e+00
 143.518380     12.384    12.9479  37.727119    31.9689     12.273  263.61293  263.72338    -4.1132     4.9928 0.0000e+00
 143.518383     12.424    12.9433  37.722737    31.9692     12.313  263.63864  263.74880    -4.2845     5.0453 0.0000e+00
 143.518385     12.477    12.9394  37.726071    31.9753     12.365  263.64815  263.75800    -4.2845     5.0534 0.0000e+00
 143.518388     12.530    12.9369  37.724837    31.9762     12.418  263.65994  263.76962    -4.3467     5.0615 0.0000e+00
 143.518391     12.583    12.9348  37.726751    31.9798     12.470  263.66513  263.77464    -4.3156     5.0615 0.0000e+00
 143.518394     12.636    12.9337  37.726936    31.9798     12.523  263.66909  263.77852    -4.3467     4.7704 0.0000e+00
 143.518397     12.674    12.9336  37.725393    31.9802     12.561  263.67100  263.78043    -4.3623     4.7623 0.0000e+00
 143.518400     12.702    12.9334  37.724591    31.9796     12.588  263.67292  263.78234    -4.4090     4.7542 -9.990e-29
 143.518403     12.722    12.9329  37.724530    31.9792     12.608  263.67643  263.78583    -4.3467     4.7380 -9.990e-29
