seaocn-cb/data/ctd_cnv/SBE19plus_01907321_2024_05_28_Cast94.cnv
* Sea-Bird SBE19plus  Data File:
* FileName = E:\Prandtl_Daten\2024\28052024\raw\SBE19plus_01907321_2024_05_28_Cast94.hex
* Software version 2.6.1.12
* Temperature SN = 7321
* Conductivity SN = 7321
* System UpLoad Time = May 28 2024 12:17:41
* <ApplicationData>
* <Seaterm232>
** 20240527
** Sea Practical 2024
** MCat 27.05 CTD_SP7
** NMEA Latitude = 54 8.36N
** NMEA Longitude = 008 20.85E
** waterdepth = 14.3m
** Isabelle
# nquan = 11
# nvalues = 504                         
# units = specified
# name 0 = timeJ: Julian Days
# name 1 = prdM: Pressure, Strain Gauge [db]
# name 2 = tv290C: Temperature [ITS-90, deg C]
# name 3 = c0mS/cm: Conductivity [mS/cm]
# name 4 = sal00: Salinity, Practical [PSU]
# name 5 = depSM: Depth [salt water, m], lat = 54.00
# name 6 = oxsatMm/Kg: Oxygen Saturation, Weiss [umol/kg]
# name 7 = oxsolMm/Kg: Oxygen Saturation, Garcia & Gordon [umol/kg]
# name 8 = turbWETntu0: Turbidity, WET Labs ECO [NTU]
# name 9 = flECO-AFL: Fluorescence, WET Labs ECO-AFL/FL [mg/m^3]
# name 10 = flag:  0.000e+00
# span 0 = 149.508545, 149.510000       
# span 1 =      0.674,     13.913       
# span 2 =    14.9558,    16.9810       
# span 3 =  37.145872,  37.906227       
# span 4 =    28.4643,    30.5025       
# span 5 =      0.668,     13.788       
# span 6 =  248.98192,  255.59296       
# span 7 =  249.33225,  255.83326       
# span 8 =    -4.5335,    11.0930       
# span 9 =     1.5516,     7.2127       
# span 10 = 0.0000e+00, 0.0000e+00      
# interval = seconds: 0.25
# start_time = May 28 2024 12:11:01 [Instrument's time stamp, header]
# bad_flag = -9.990e-29
*END*
[from data line 394]
 149.509685     11.123    14.9978  37.875298    30.4435     11.024  255.47705  255.72001     0.7584     6.7841 -9.990e-29
 149.509688     11.123    14.9952  37.875051    30.4452     11.024  255.48702  255.72983     0.4471     6.7922 -9.990e-29
 149.509690     11.143    14.9910  37.878575    30.4541     11.043  255.49320  255.73572     0.6338     6.2787 -9.990e-29
 149.509693     11.176    14.9903  37.881295    30.4539     11.076  255.49689  255.73938     0.5794     6.2767 0.0000e+00
 149.509696     11.231    14.9897  37.879750    30.4541     11.130  255.50059  255.74304     0.6183     6.2746 0.0000e+00
 149.509699     11.295    14.9886  37.882161    30.4567     11.194  255.50090  255.74328     0.5560     6.2423 0.0000e+00
 149.509702     11.366    14.9878  37.883460    30.4584     11.264  255.50180  255.74413     0.6183     5.8945 0.0000e+00
 149.509705     11.430    14.9858  37.883955    30.4604     11.328  255.50890  255.75109     0.6494     5.8500 0.0000e+00
 149.509708     11.492    14.9831  37.883523    30.4621     11.389  255.51977  255.76181     0.6494     5.8500 0.0000e+00
 149.509711     11.534    14.9823  37.885131    30.4634     11.431  255.52142  255.76341     0.6027     5.8379 0.0000e+00
 149.509714     11.565    14.9815  37.883029    30.4647     11.461  255.52307  255.76501     0.4782     5.8258 -9.990e-29
 149.509716     11.581    14.9811  37.883709    30.4638     11.478  255.52707  255.76899     1.5833     5.9471 -9.990e-29
 149.509719     11.587    14.9801  37.886368    30.4670     11.483  255.52667  255.76851     1.6455     5.9390 -9.990e-29
 149.509722     11.583    14.9790  37.888161    30.4694     11.480  255.52790  255.76967     1.5366     5.9269 -9.990e-29
 149.509725     11.573    14.9788  37.888408    30.4698     11.469  255.52809  255.76985     1.5833     5.9430 -9.990e-29
 149.509728     11.567    14.9787  37.887295    30.4689     11.464  255.53041  255.77217     1.0229     6.0280 -9.990e-29
 149.509731     11.571    14.9787  37.892551    30.4735     11.467  255.52187  255.76359     1.0229     6.0482 -9.990e-29
 149.509734     11.589    14.9795  37.891932    30.4708     11.485  255.52270  255.76448     1.1163     6.0563 -9.990e-29
 149.509737     11.627    14.9790  37.890201    30.4720     11.523  255.52309  255.76484     1.3264     6.0684 0.0000e+00
 149.509740     11.671    14.9785  37.892118    30.4718     11.566  255.52348  255.76519     1.5366     6.0805 0.0000e+00
 149.509742     11.718    14.9776  37.889707    30.4733     11.613  255.53078  255.77246     1.5521     6.0805 0.0000e+00
 149.509745     11.768    14.9767  37.890697    30.4734     11.662  255.53244  255.77406     1.6611     6.0684 0.0000e+00
 149.509748     11.811    14.9756  37.890202    30.4738     11.706  255.53760  255.77915     1.7233     6.0643 0.0000e+00
 149.509751     11.848    14.9751  37.890697    30.4744     11.742  255.53896  255.78049     1.8245     6.0623 0.0000e+00
 149.509754     11.875    14.9747  37.890388    30.4750     11.769  255.54032  255.78182     1.9257     6.0643 -9.990e-29
 149.509757     11.899    14.9745  37.893294    30.4774     11.792  255.53685  255.77832     2.0813     6.0360 -9.990e-29
 149.509760     11.913    14.9743  37.891872    30.4763     11.807  255.53996  255.78143     1.8167     6.0522 -9.990e-29
 149.509763     11.922    14.9737  37.892182    30.4770     11.816  255.54180  255.78323     1.7545     5.9754 -9.990e-29
 149.509766     11.928    14.9726  37.893480    30.4790     11.821  255.54382  255.78518     2.5327     6.5011 -9.990e-29
 149.509769     11.941    14.9719  37.894593    30.4806     11.834  255.54469  255.78600     2.5482     6.4606 -9.990e-29
 149.509771     11.955    14.9711  37.893295    30.4815     11.848  255.54742  255.78868     2.5638     6.4930 -9.990e-29
 149.509774     11.981    14.9710  37.894903    30.4825     11.874  255.54602  255.78726     2.7350     6.8003 0.0000e+00
 149.509777     12.010    14.9709  37.897067    30.4816     11.902  255.54742  255.78868     2.7506     7.0429 0.0000e+00
 149.509780     12.041    14.9709  37.894903    30.4835     11.933  255.54461  255.78585     2.9062     7.0429 0.0000e+00
 149.509783     12.081    14.9710  37.897933    30.4842     11.973  255.54301  255.78424     2.8440     7.0308 0.0000e+00
 149.509786     12.129    14.9710  37.898861    30.4849     12.020  255.54301  255.78424     2.9218     7.0065 0.0000e+00
 149.509789     12.178    14.9704  37.898181    30.4849     12.069  255.54500  255.78619     5.2408     6.4970 0.0000e+00
 149.509792     12.227    14.9695  37.897315    30.4849     12.118  255.54667  255.78774     5.2875     6.4566 0.0000e+00
 149.509795     12.278    14.9687  37.901211    30.4889     12.168  255.54872  255.78974     5.2875     6.4566 0.0000e+00
 149.509797     12.315    14.9683  37.901768    30.4894     12.205  255.54770  255.78874     5.2953     6.4627 0.0000e+00
 149.509800     12.352    14.9679  37.902820    30.4900     12.241  255.54872  255.78974     5.2564     6.4687 -9.990e-29
 149.509803     12.368    14.9664  37.901521    30.4909     12.257  255.55465  255.79559     4.7895     5.8096 -9.990e-29
 149.509806     12.372    14.9661  37.902387    30.4919     12.261  255.55474  255.79565     4.8362     5.8339 -9.990e-29
 149.509809     12.370    14.9658  37.902387    30.4921     12.259  255.55561  255.79650     4.5560     5.8339 -9.990e-29
 149.509812     12.357    14.9654  37.901769    30.4919     12.246  255.55802  255.79890     4.7272     5.8136 -9.990e-29
 149.509815     12.348    14.9647  37.904242    30.4947     12.237  255.55702  255.79784     3.1552     6.1250 -9.990e-29
 149.509818     12.342    14.9630  37.903995    30.4958     12.232  255.56378  255.80450     3.3264     6.0886 -9.990e-29
 149.509821     12.346    14.9615  37.904614    30.4975     12.236  255.56832  255.80895     3.2953     6.1250 -9.990e-29
 149.509823     12.368    14.9609  37.904490    30.4984     12.257  255.56990  255.81049     3.3576     6.7639 -9.990e-29
 149.509826     12.410    14.9608  37.905109    30.4986     12.299  255.57025  255.81083     3.2954     6.7720 0.0000e+00
 149.509829     12.463    14.9606  37.905418    30.4984     12.351  255.57060  255.81117     3.2331     6.7801 0.0000e+00
 149.509832     12.530    14.9599  37.901955    30.4972     12.418  255.57870  255.81926     3.2331     6.7801 0.0000e+00
 149.509835     12.603    14.9594  37.902636    30.4963     12.490  255.57942  255.81994     3.2331     6.7801 0.0000e+00
 149.509838     12.676    14.9594  37.901647    30.4963     12.563  255.58102  255.82155     2.8284     5.8864 0.0000e+00
 149.509841     12.735    14.9594  37.901523    30.4963     12.620  255.58143  255.82195     2.7739     5.8602 0.0000e+00
 149.509844     12.771    14.9593  37.899545    30.4963     12.657  255.58183  255.82235     2.8284     5.8339 -9.990e-29
 149.509847     12.795    14.9603  37.901091    30.4951     12.680  255.57878  255.81936     2.8440     5.8339 -9.990e-29
 149.509850     12.802    14.9606  37.897319    30.4915     12.687  255.58356  255.82419     5.4587     6.3272 -9.990e-29
 149.509852     12.795    14.9618  37.895834    30.4892     12.680  255.58125  255.82196     5.4276     6.2948 -9.990e-29
 149.509855     12.780    14.9635  37.896391    30.4884     12.666  255.57399  255.81480     5.7389     6.3029 -9.990e-29
 149.509858     12.762    14.9649  37.897256    30.4881     12.648  255.56740  255.80828     5.3965     6.2827 -9.990e-29
 149.509861     12.754    14.9657  37.897070    30.4873     12.640  255.56479  255.80572     5.5988     6.2544 -9.990e-29
 149.509864     12.756    14.9657  37.897689    30.4879     12.642  255.56382  255.80474     3.9957     6.4930 -9.990e-29
 149.509867     12.780    14.9643  37.899544    30.4918     12.665  255.56411  255.80493     4.0580     6.4687 -9.990e-29
 149.509870     12.822    14.9641  37.900843    30.4916     12.707  255.56549  255.80630     3.9724     6.4647 0.0000e+00
 149.509873     12.880    14.9639  37.900039    30.4916     12.765  255.56686  255.80767     3.8868     6.4606 0.0000e+00
 149.509876     12.944    14.9631  37.899730    30.4916     12.828  255.57029  255.81105     2.6261     6.2018 0.0000e+00
 149.509878     12.999    14.9625  37.900967    30.4926     12.882  255.57070  255.81141     2.5794     6.1816 0.0000e+00
 149.509881     13.054    14.9623  37.899978    30.4929     12.937  255.57222  255.81293     2.5638     6.1917 0.0000e+00
 149.509884     13.081    14.9621  37.899731    30.4926     12.964  255.57373  255.81444     2.5482     6.1816 -9.990e-29
 149.509887     13.099    14.9624  37.900040    30.4924     12.982  255.57251  255.81322     4.4626     6.0927 -9.990e-29
 149.509890     13.101    14.9628  37.899731    30.4919     12.984  255.57183  255.81257     4.5249     6.0805 -9.990e-29
 149.509893     13.103    14.9634  37.900720    30.4923     12.986  255.56796  255.80873     4.4471     6.0684 -9.990e-29
 149.509896     13.101    14.9636  37.898618    30.4902     12.984  255.57040  255.81119     4.5405     6.0846 -9.990e-29
 149.509899     13.108    14.9637  37.898432    30.4900     12.991  255.57040  255.81121     2.9840     7.1602 -9.990e-29
 149.509902     13.130    14.9638  37.897258    30.4890     13.013  255.57132  255.81214     3.0463     7.2127 -9.990e-29
 149.509905     13.172    14.9636  37.897505    30.4897     13.054  255.57162  255.81242     3.0618     7.2026 0.0000e+00
 149.509907     13.221    14.9633  37.898433    30.4903     13.103  255.57132  255.81214     3.0774     7.2127 0.0000e+00
 149.509910     13.294    14.9626  37.901772    30.4938     13.175  255.57130  255.81199     3.2175     7.1925 0.0000e+00
 149.509913     13.356    14.9621  37.901649    30.4940     13.237  255.57130  255.81199     4.7584     6.5455 0.0000e+00
 149.509916     13.413    14.9620  37.901525    30.4941     13.293  255.57214  255.81282     4.8207     6.5455 0.0000e+00
 149.509919     13.449    14.9618  37.902391    30.4941     13.329  255.57297  255.81364     4.7584     6.5455 -9.990e-29
 149.509922     13.464    14.9608  37.903072    30.4962     13.343  255.57405  255.81466     4.7117     6.5455 -9.990e-29
 149.509925     13.460    14.9608  37.901093    30.4945     13.340  255.57716  255.81778     7.6066     6.4485 -9.990e-29
 149.509928     13.446    14.9607  37.903072    30.4964     13.325  255.57462  255.81521     7.5599     6.4647 -9.990e-29
 149.509931     13.429    14.9607  37.902391    30.4958     13.309  255.57568  255.81628     7.4354     6.3797 -9.990e-29
 149.509933     13.418    14.9605  37.901773    30.4953     13.298  255.57723  255.81782     7.6689     6.4323 -9.990e-29
 149.509936     13.420    14.9604  37.901649    30.4953     13.300  255.57771  255.81830     9.3965     6.4040 -9.990e-29
 149.509939     13.433    14.9588  37.902886    30.4974     13.313  255.58266  255.82314     9.2408     6.3353 -9.990e-29
 149.509942     13.468    14.9585  37.902577    30.4983     13.347  255.58243  255.82288     9.2019     6.3393 0.0000e+00
 149.509945     13.524    14.9582  37.904185    30.4992     13.403  255.58266  255.82314     9.1630     6.3434 0.0000e+00
 149.509948     13.599    14.9578  37.904186    30.4996     13.477  255.58398  255.82439     8.9918     6.5819 0.0000e+00
 149.509951     13.678    14.9578  37.904681    30.5002     13.555  255.58398  255.82439     8.9918     6.5900 0.0000e+00
 149.509954     13.749    14.9575  37.905732    30.5002     13.626  255.58412  255.82452     8.9918     6.6224 0.0000e+00
 149.509957     13.808    14.9575  37.902146    30.4995     13.684  255.58564  255.82603     9.0541     6.6062 0.0000e+00
 149.509959     13.842    14.9571  37.904620    30.4982     13.718  255.58964  255.83003     9.1163     6.6224 -9.990e-29
 149.509962     13.842    14.9561  37.905733    30.5022     13.718  255.58807  255.82838    10.4082     5.9754 -9.990e-29
 149.509965     13.824    14.9561  37.906104    30.5025     13.700  255.58748  255.82778    10.2525     5.9552 -9.990e-29
 149.509968     13.793    14.9562  37.903754    30.5003     13.669  255.59057  255.83090    10.2369     5.9471 -9.990e-29
 149.509971     13.745    14.9564  37.905609    30.5019     13.622  255.58705  255.82737    10.4237     5.9309 -9.990e-29
 149.509974     13.694    14.9563  37.906227    30.5025     13.572  255.58633  255.82665     9.2253     5.8622 -9.990e-29
 149.509977     13.667    14.9563  37.903568    30.5001     13.544  255.59050  255.83083     9.2875     5.8783 -9.990e-29
 149.509980     13.663    14.9564  37.904186    30.5006     13.541  255.58923  255.82957     9.2253     5.9309 -9.990e-29
 149.509983     13.683    14.9561  37.904619    30.5013     13.561  255.58972  255.83004     9.3654     5.8824 -9.990e-29
 149.509986     13.734    14.9558  37.903321    30.5003     13.611  255.59296  255.83326    10.9996     6.8731 -9.990e-29
 149.509988     13.785    14.9561  37.905114    30.5004     13.662  255.59118  255.83150    10.9996     6.8529 -9.990e-29
 149.509991     13.838    14.9561  37.903754    30.4999     13.714  255.59193  255.83225    11.0463     6.8529 0.0000e+00
 149.509994     13.878    14.9561  37.902641    30.4999     13.754  255.59193  255.83225    11.0463     6.8529 0.0000e+00
 149.509997     13.904    14.9561  37.903507    30.4994     13.779  255.59267  255.83300    11.0930     6.8529 -9.990e-29
 149.510000     13.913    14.9558  37.904249    30.5010     13.788  255.59132  255.83162     8.5405     6.3191 -9.990e-29
