seaocn-cb/data/ctd_cnv/SBE19plus_01907321_2024_05_23_Cast23.cnv
* Sea-Bird SBE19plus  Data File:
* FileName = E:\Prandtl_Daten\2024\CTD\raw\SBE19plus_01907321_2024_05_23_Cast23.hex
* Software version 2.6.1.12
* Temperature SN = 7321
* Conductivity SN = 7321
* System UpLoad Time = May 23 2024 08:26:48
* <ApplicationData>
* <Seaterm232>
** 20240522
** Sea Practical 2024
** MCat 23.05 CTD_NP3
** NMEA Latitude = 054 11.225N
** NMEA Longitude = 008 31.987E
** waterdepth = 5.6m
** Merle
# nquan = 11
# nvalues = 171                         
# units = specified
# name 0 = timeJ: Julian Days
# name 1 = prdM: Pressure, Strain Gauge [db]
# name 2 = tv290C: Temperature [ITS-90, deg C]
# name 3 = c0mS/cm: Conductivity [mS/cm]
# name 4 = sal00: Salinity, Practical [PSU]
# name 5 = depSM: Depth [salt water, m], lat = 54.00
# name 6 = oxsatMm/Kg: Oxygen Saturation, Weiss [umol/kg]
# name 7 = oxsolMm/Kg: Oxygen Saturation, Garcia & Gordon [umol/kg]
# name 8 = turbWETntu0: Turbidity, WET Labs ECO [NTU]
# name 9 = flECO-AFL: Fluorescence, WET Labs ECO-AFL/FL [mg/m^3]
# name 10 = flag:  0.000e+00
# span 0 = 144.348958, 144.349450       
# span 1 =      0.877,      4.262       
# span 2 =    16.6785,    16.6886       
# span 3 =  36.016532,  36.027679       
# span 4 =    27.5915,    27.6037       
# span 5 =      0.869,      4.224       
# span 6 =  251.89066,  251.93657       
# span 7 =  252.23401,  252.27948       
# span 8 =     3.4198,    36.1669       
# span 9 =     6.8529,    16.7193       
# span 10 = 0.0000e+00, 0.0000e+00      
# interval = seconds: 0.25
# start_time = May 23 2024 08:20:58 [Instrument's time stamp, header]
# bad_flag = -9.990e-29
*END*
 144.348958      0.877    16.6826  36.027426    27.6033      0.869  251.90947  252.25253     3.4198     7.1561 0.0000e+00
 144.348961      0.917    16.6824  36.026578    27.6027      0.909  251.91165  252.25470     3.4198     7.1561 0.0000e+00
 144.348964      0.986    16.6821  36.024154    27.6018      0.978  251.91614  252.25918     6.6883     8.1145 0.0000e+00
 144.348967      1.056    16.6817  36.025064    27.6018      1.046  251.91637  252.25937     6.7973     8.1670 0.0000e+00
 144.348970      1.120    16.6813  36.026154    27.6025      1.110  251.91639  252.25941     6.7973     8.1670 0.0000e+00
 144.348973      1.160    16.6809  36.025064    27.6028      1.150  251.91841  252.26139     6.7973     8.1650 0.0000e+00
 144.348976      1.195    16.6806  36.026336    27.6025      1.184  251.92044  252.26341     6.7973     8.1630 -9.990e-29
 144.348979      1.213    16.6798  36.021732    27.6002      1.202  251.92839  252.27134     9.6455     7.8355 -9.990e-29
 144.348981      1.229    16.6795  36.021611    27.6003      1.218  251.92980  252.27274     9.3965     7.8759 -9.990e-29
 144.348984      1.244    16.6793  36.025064    27.6034      1.233  251.92540  252.26831     9.3965     7.8152 -9.990e-29
 144.348987      1.258    16.6793  36.021732    27.6005      1.247  251.93025  252.27319     6.3148     6.9782 -9.990e-29
 144.348990      1.282    16.6793  36.025065    27.6037      1.271  251.92482  252.26773     6.1436     6.8529 -9.990e-29
 144.348993      1.313    16.6794  36.025489    27.6018      1.301  251.92770  252.27062     6.2681     6.8994 0.0000e+00
 144.348996      1.350    16.6793  36.021127    27.6002      1.338  251.93057  252.27351     6.1436     6.9459 0.0000e+00
 144.348999      1.388    16.6793  36.021309    27.5999      1.376  251.93125  252.27418     5.0852     7.9487 0.0000e+00
 144.349002      1.419    16.6788  36.019128    27.6002      1.407  251.93366  252.27657     5.0541     7.9689 0.0000e+00
 144.349005      1.458    16.6788  36.020946    27.5995      1.445  251.93497  252.27789     5.0697     7.9851 0.0000e+00
 144.349008      1.489    16.6788  36.022884    27.6002      1.475  251.93366  252.27657     5.0541     8.0215 -9.990e-29
 144.349010      1.511    16.6805  36.026337    27.6036      1.497  251.91938  252.26234     5.0541     7.9649 -9.990e-29
 144.349013      1.542    16.6808  36.021127    27.5989      1.528  251.92575  252.26876     5.5988     7.9568 -9.990e-29
 144.349016      1.564    16.6810  36.023066    27.6005      1.550  251.92233  252.26533     5.4432     7.9123 -9.990e-29
 144.349019      1.575    16.6813  36.021128    27.5986      1.561  251.92393  252.26696     5.5210     7.9649 -9.990e-29
 144.349022      1.584    16.6820  36.020643    27.5977      1.570  251.92218  252.26524     5.6299     7.9851 -9.990e-29
 144.349025      1.596    16.6820  36.025732    27.6020      1.582  251.91447  252.25751     5.1941     9.0243 -9.990e-29
 144.349028      1.607    16.6820  36.023672    27.5990      1.593  251.91991  252.26297     5.3498     9.0971 -9.990e-29
 144.349031      1.636    16.6818  36.022218    27.5975      1.622  251.92312  252.26618     5.3109     9.0708 0.0000e+00
 144.349034      1.677    16.6818  36.018462    27.5990      1.662  251.91991  252.26297     5.3498     9.0971 0.0000e+00
 144.349036      1.730    16.6818  36.024157    27.5960      1.714  251.92633  252.26939     6.7973     9.1901 0.0000e+00
 144.349039      1.786    16.6818  36.017615    27.5998      1.770  251.92028  252.26332     6.8284     9.2507 0.0000e+00
 144.349042      1.841    16.6816  36.022885    27.5992      1.824  251.92158  252.26462     6.8595     9.2750 0.0000e+00
 144.349045      1.890    16.6816  36.022219    27.5995      1.873  251.92093  252.26397     6.8439     9.2629 0.0000e+00
 144.349048      1.923    16.6815  36.024158    27.5992      1.906  251.92158  252.26462     6.8595     9.2750 -9.990e-29
 144.349051      1.946    16.6825  36.023310    27.5995      1.929  251.91634  252.25941     4.7272     8.3733 -9.990e-29
 144.349054      1.957    16.6829  36.023067    27.5990      1.940  251.91516  252.25826     4.6183     8.3450 -9.990e-29
 144.349057      1.959    16.6831  36.023491    27.5992      1.942  251.91393  252.25703     4.6338     8.3652 -9.990e-29
 144.349060      1.959    16.6833  36.019372    27.5956      1.942  251.91931  252.26244     4.2759     8.3733 -9.990e-29
 144.349063      1.963    16.6833  36.025491    27.6008      1.945  251.91041  252.25350     3.8868     7.4311 -9.990e-29
 144.349065      1.974    16.6833  36.026339    27.6015      1.956  251.90887  252.25197     3.8245     7.4190 -9.990e-29
 144.349068      1.994    16.6835  36.024158    27.5995      1.976  251.91144  252.25456     3.8089     7.4392 -9.990e-29
 144.349071      2.017    16.6825  36.021553    27.5985      1.999  251.91798  252.26106     8.7117     9.8411 -9.990e-29
 144.349074      2.052    16.6823  36.022219    27.5979      2.034  251.92012  252.26320     8.7117     9.8270 0.0000e+00
 144.349077      2.083    16.6821  36.020342    27.5984      2.064  251.92145  252.26450     8.7117     9.8128 0.0000e+00
 144.349080      2.127    16.6819  36.021553    27.5972      2.108  251.92227  252.26534     8.7117     9.8128 0.0000e+00
 144.349083      2.167    16.6818  36.016707    27.5984      2.147  251.92145  252.26450     8.6650     9.8573 0.0000e+00
 144.349086      2.212    16.6818  36.024401    27.5976      2.192  251.92284  252.26590     8.6650    11.9964 0.0000e+00
 144.349089      2.261    16.6819  36.020645    27.6000      2.241  251.91766  252.26069     8.5249    12.0328 0.0000e+00
 144.349091      2.307    16.6822  36.023735    27.5976      2.286  251.92259  252.26567     8.4938    12.0085 0.0000e+00
 144.349094      2.349    16.6823  36.019797    27.5983      2.328  251.91987  252.26294     8.4782    12.0207 0.0000e+00
 144.349097      2.384    16.6823  36.024644    27.5965      2.362  251.92259  252.26567     8.4626    12.0085 -9.990e-29
 144.349100      2.409    16.6826  36.024523    27.6003      2.388  251.91451  252.25758    11.4665     9.7885 -9.990e-29
 144.349103      2.431    16.6828  36.025735    27.6012      2.409  251.91184  252.25492    11.3109     9.7966 -9.990e-29
 144.349106      2.448    16.6830  36.024644    27.6001      2.426  251.91282  252.25591    11.4821     9.8290 -9.990e-29
 144.349109      2.457    16.6830  36.025492    27.6008      2.435  251.91159  252.25468    11.5132     9.8371 -9.990e-29
 144.349112      2.473    16.6829  36.023978    27.5996      2.451  251.91411  252.25720    15.7622    10.0918 -9.990e-29
 144.349115      2.484    16.6828  36.020646    27.5969      2.462  251.91958  252.26268    15.8868    10.1242 -9.990e-29
 144.349117      2.500    16.6824  36.021736    27.5980      2.478  251.91923  252.26231    15.8868    10.1322 -9.990e-29
 144.349120      2.515    16.6818  36.019374    27.5965      2.493  251.92514  252.26820    16.0424    10.1484 -9.990e-29
 144.349123      2.537    16.6812  36.018041    27.5957      2.514  251.92924  252.27228    16.1358    11.6810 -9.990e-29
 144.349126      2.555    16.6802  36.021131    27.5992      2.532  251.92819  252.27117    16.1047    11.7295 -9.990e-29
 144.349129      2.583    16.6803  36.021313    27.5999      2.560  251.92661  252.26959    16.1125    11.7032 0.0000e+00
 144.349132      2.614    16.6804  36.023070    27.5995      2.590  251.92503  252.26801    16.1047    11.6769 0.0000e+00
 144.349135      2.644    16.6808  36.022222    27.5995      2.621  251.92503  252.26801    14.9529    11.5030 0.0000e+00
 144.349138      2.685    16.6810  36.020223    27.5977      2.661  251.92707  252.27008    14.8595    11.4869 0.0000e+00
 144.349141      2.723    16.6810  36.019799    27.5977      2.699  251.92707  252.27008    14.8595    11.4828 0.0000e+00
 144.349144      2.770    16.6808  36.022404    27.5977      2.746  251.92740  252.27042    14.8595    11.4747 0.0000e+00
 144.349146      2.814    16.6806  36.019920    27.5977      2.789  251.92911  252.27211    13.1786    10.8035 0.0000e+00
 144.349149      2.856    16.6806  36.019557    27.5977      2.831  251.92911  252.27211    13.1475    10.7914 0.0000e+00
 144.349152      2.894    16.6808  36.021132    27.5977      2.868  251.92647  252.26947    13.1475    10.8035 0.0000e+00
 144.349155      2.925    16.6810  36.020466    27.5981      2.899  251.92620  252.26921    13.0696    10.8035 0.0000e+00
 144.349158      2.954    16.6812  36.023737    27.5977      2.928  251.92592  252.26895    12.9918    10.8156 -9.990e-29
 144.349161      2.976    16.6815  36.023980    27.6005      2.950  251.91991  252.26293    16.7739    13.8564 -9.990e-29
 144.349164      2.998    16.6815  36.018891    27.5961      2.971  251.92733  252.27038    16.9296    13.8524 -9.990e-29
 144.349167      3.020    16.6812  36.020466    27.5976      2.993  251.92597  252.26900    16.9140    13.8564 -9.990e-29
 144.349170      3.037    16.6811  36.023314    27.6001      3.010  251.92214  252.26515    16.9296    13.8443 -9.990e-29
 144.349172      3.048    16.6809  36.018225    27.5959      3.020  251.93047  252.27350    18.8906    16.5899 -9.990e-29
 144.349175      3.055    16.6808  36.023738    27.6007      3.028  251.92276  252.26575    18.7973    16.5616 -9.990e-29
 144.349178      3.068    16.6805  36.020890    27.5985      3.040  251.92814  252.27113    18.5638    16.6021 -9.990e-29
 144.349181      3.086    16.6802  36.022405    27.5999      3.059  251.92687  252.26984    18.9373    16.5495 -9.990e-29
 144.349184      3.108    16.6799  36.022647    27.5983      3.080  251.93130  252.27427    15.0930    14.9725 -9.990e-29
 144.349187      3.135    16.6797  36.020224    27.5986      3.107  251.93177  252.27473    15.0930    14.9846 0.0000e+00
 144.349190      3.181    16.6795  36.020649    27.5987      3.153  251.93224  252.27519    15.0930    14.9887 0.0000e+00
 144.349193      3.219    16.6787  36.019801    27.5989      3.191  251.93657  252.27948    15.0930    14.9887 0.0000e+00
 144.349196      3.256    16.6785  36.019740    27.5989      3.227  251.93657  252.27948    17.3809    13.5208 0.0000e+00
 144.349198      3.294    16.6785  36.021316    27.6001      3.265  251.93502  252.27792    17.5210    13.5208 0.0000e+00
 144.349201      3.329    16.6790  36.022648    27.6009      3.299  251.93125  252.27417    17.4743    13.5329 0.0000e+00
 144.349204      3.360    16.6793  36.025072    27.6017      3.330  251.92858  252.27150    17.4977    13.5451 0.0000e+00
 144.349207      3.388    16.6795  36.024163    27.6026      3.357  251.92590  252.26882    17.4743    13.5329 -9.990e-29
 144.349210      3.411    16.6802  36.024405    27.6015      3.381  251.92413  252.26709    25.4276    14.4994 -9.990e-29
 144.349213      3.435    16.6807  36.025072    27.6017      3.404  251.92133  252.26431    25.4120    14.5398 -9.990e-29
 144.349216      3.453    16.6809  36.022649    27.5990      3.422  251.92515  252.26815    25.3965    14.5681 -9.990e-29
 144.349219      3.479    16.6809  36.022043    27.5992      3.448  251.92471  252.26772    25.4588    14.3478 0.0000e+00
 144.349222      3.511    16.6809  36.022649    27.5993      3.480  251.92434  252.26735    25.3965    14.1274 0.0000e+00
 144.349225      3.544    16.6809  36.022407    27.5995      3.513  251.92428  252.26729    25.5210    14.1274 0.0000e+00
 144.349227      3.583    16.6809  36.023497    27.6002      3.551  251.92308  252.26608    25.4899    14.1476 0.0000e+00
 144.349230      3.617    16.6808  36.024164    27.6002      3.585  251.92308  252.26608    25.5677    14.1880 0.0000e+00
 144.349233      3.645    16.6806  36.021135    27.5998      3.612  251.92542  252.26841    29.2098    15.4214 0.0000e+00
 144.349236      3.674    16.6804  36.023073    27.5986      3.641  251.92840  252.27139    32.9296    16.6951 -9.990e-29
 144.349239      3.696    16.6807  36.024406    27.6011      3.662  251.92244  252.26542    32.7584    16.6951 -9.990e-29
 144.349242      3.717    16.6812  36.020105    27.5971      3.684  251.92686  252.26990    33.0696    16.7193 -9.990e-29
 144.349245      3.739    16.6821  36.022649    27.5986      3.706  251.91979  252.26285    36.0268    15.5184 -9.990e-29
 144.349248      3.759    16.6828  36.024830    27.6000      3.726  251.91386  252.25695    36.0268    15.5952 -9.990e-29
 144.349251      3.776    16.6833  36.023073    27.5981      3.742  251.91458  252.25770    35.9957    15.5871 -9.990e-29
 144.349253      3.788    16.6840  36.020226    27.5953      3.755  251.91628  252.25944    35.7622    15.5629 -9.990e-29
 144.349256      3.808    16.6851  36.025497    27.5977      3.774  251.90653  252.24973    36.1358    15.3809 -9.990e-29
 144.349259      3.834    16.6853  36.023982    27.5979      3.800  251.90544  252.24865    36.1669    15.3769 0.0000e+00
 144.349262      3.867    16.6855  36.024649    27.5980      3.832  251.90435  252.24756    36.1358    15.3768 0.0000e+00
 144.349265      3.909    16.6855  36.026648    27.5980      3.874  251.90435  252.24756    35.9023    15.3728 0.0000e+00
 144.349268      3.954    16.6855  36.024164    27.5997      3.919  251.90155  252.24475    35.8868    15.3364 0.0000e+00
 144.349271      4.002    16.6855  36.026830    27.5976      3.966  251.90392  252.24714    31.9490    12.4048 0.0000e+00
 144.349274      4.040    16.6858  36.024165    27.5973      4.004  251.90276  252.24602    31.7934    12.3967 0.0000e+00
 144.349277      4.075    16.6861  36.023074    27.5966      4.038  251.90334  252.24658    31.6766    12.3987 0.0000e+00
 144.349280      4.107    16.6865  36.023317    27.5959      4.071  251.90276  252.24602    31.7934    12.3926 -9.990e-29
 144.349282      4.129    16.6868  36.021984    27.5947      4.092  251.90314  252.24643    27.8712    13.6785 -9.990e-29
 144.349285      4.149    16.6864  36.025255    27.5978      4.112  251.90024  252.24348    27.8401    13.7553 -9.990e-29
 144.349288      4.162    16.6862  36.022893    27.5959      4.125  251.90430  252.24755    27.8712    13.6987 -9.990e-29
 144.349291      4.177    16.6859  36.023075    27.5963      4.139  251.90527  252.24850    28.0268    13.7149 -9.990e-29
 144.349294      4.190    16.6854  36.023075    27.5966      4.152  251.90712  252.25033    28.5560    15.5629 -9.990e-29
 144.349297      4.208    16.6852  36.025256    27.5986      4.170  251.90457  252.24776    28.6805    15.5305 -9.990e-29
 144.349300      4.213    16.6849  36.020227    27.5945      4.176  251.91312  252.25633    28.6650    15.5467 -9.990e-29
 144.349303      4.202    16.6850  36.025074    27.5985      4.165  251.90545  252.24863    28.9296    15.5629 -9.990e-29
 144.349306      4.197    16.6854  36.021984    27.5957      4.159  251.90871  252.25193    28.8050    15.5346 -9.990e-29
 144.349308      4.199    16.6855  36.025740    27.5988      4.161  251.90294  252.24614    26.2836    13.9333 -9.990e-29
 144.349311      4.202    16.6855  36.024165    27.5974      4.165  251.90492  252.24814    26.5638    13.9050 -9.990e-29
 144.349314      4.208    16.6859  36.026407    27.5991      4.170  251.90044  252.24365    26.4548    13.9373 -9.990e-29
 144.349317      4.215    16.6863  36.021560    27.5947      4.178  251.90596  252.24922    26.3770    13.8524 -9.990e-29
 144.349320      4.224    16.6863  36.026346    27.5988      4.187  251.89900  252.24223    18.0035    11.4828 -9.990e-29
 144.349323      4.233    16.6859  36.024408    27.5974      4.196  251.90336  252.24659    18.0035    11.4464 -9.990e-29
 144.349326      4.242    16.6859  36.025740    27.5985      4.205  251.90142  252.24465    17.9257    11.4950 -9.990e-29
 144.349329      4.250    16.6861  36.025740    27.5984      4.212  251.90051  252.24374    17.9101    11.5273 -9.990e-29
 144.349332      4.246    16.6862  36.024165    27.5970      4.208  251.90249  252.24573     8.0424     9.9665 -9.990e-29
 144.349334      4.242    16.6864  36.027679    27.5998      4.204  251.89645  252.23969     7.9957    10.0554 -9.990e-29
