seaocn-cb/data/ctd_cnv/SBE19plus_01907321_2024_05_25_Cast55.cnv
* Sea-Bird SBE19plus  Data File:
* FileName = E:\Prandtl_Daten\2024\25052024\raw\SBE19plus_01907321_2024_05_25_Cast55.hex
* Software version 2.6.1.12
* Temperature SN = 7321
* Conductivity SN = 7321
* System UpLoad Time = May 25 2024 09:38:31
* <ApplicationData>
* <Seaterm232>
** 20240525
** Sea Practical 2024
** MCat 25.05 CTD_SP10
** NMEA Latitude = 054 9.14N
** NMEA Longitude = 008 12.65E
** waterdepth =18.2m
** Till
# nquan = 11
# nvalues = 653                         
# units = specified
# name 0 = timeJ: Julian Days
# name 1 = prdM: Pressure, Strain Gauge [db]
# name 2 = tv290C: Temperature [ITS-90, deg C]
# name 3 = c0mS/cm: Conductivity [mS/cm]
# name 4 = sal00: Salinity, Practical [PSU]
# name 5 = depSM: Depth [salt water, m], lat = 54.00
# name 6 = oxsatMm/Kg: Oxygen Saturation, Weiss [umol/kg]
# name 7 = oxsolMm/Kg: Oxygen Saturation, Garcia & Gordon [umol/kg]
# name 8 = turbWETntu0: Turbidity, WET Labs ECO [NTU]
# name 9 = flECO-AFL: Fluorescence, WET Labs ECO-AFL/FL [mg/m^3]
# name 10 = flag:  0.000e+00
# span 0 = 146.396933, 146.398819       
# span 1 =      0.552,     17.498       
# span 2 =    13.1472,    14.9242       
# span 3 =  37.674355,  37.897683       
# span 4 =    30.3760,    31.7546       
# span 5 =      0.547,     17.342       
# span 6 =  255.96201,  262.92266       
# span 7 =  256.20160,  263.04797       
# span 8 =    -5.2183,     5.8478       
# span 9 =     3.9010,     9.8249       
# span 10 = 0.0000e+00, 0.0000e+00      
# interval = seconds: 0.25
# start_time = May 25 2024 09:30:10 [Instrument's time stamp, header]
# bad_flag = -9.990e-29
*END*
[from data line 132]
 146.397315      4.142    14.8826  37.754322    30.4446      4.105  256.06764  256.30457    -5.1094     7.1238 0.0000e+00
 146.397318      4.184    14.8824  37.792917    30.4621      4.147  256.03790  256.27467    -5.0627     7.1157 0.0000e+00
 146.397321      4.239    14.8784  37.813426    30.4836      4.201  256.02091  256.25729    -5.0160     7.1157 0.0000e+00
 146.397323      4.292    14.8719  37.831036    30.5044      4.253  256.01748  256.25335    -5.0160     7.0995 0.0000e+00
 146.397326      4.350    14.8664  37.848587    30.5245      4.311  256.01748  256.25335    -5.0938     6.8852 0.0000e+00
 146.397329      4.403    14.8636  37.847475    30.5262      4.363  256.02225  256.25751    -5.0938     6.8711 0.0000e+00
 146.397332      4.441    14.8608  37.852976    30.5279      4.401  256.03387  256.26896    -5.0938     6.8569 -9.990e-29
 146.397335      4.465    14.8523  37.854584    30.5408      4.425  256.05453  256.28907    -5.0782     6.8529 -9.990e-29
 146.397338      4.487    14.8497  37.860580    30.5483      4.446  256.05491  256.28925    -4.8603     6.7518 -9.990e-29
 146.397341      4.500    14.8467  37.864165    30.5538      4.459  256.06054  256.29467    -4.8448     6.7437 -9.990e-29
 146.397344      4.512    14.8437  37.865278    30.5572      4.472  256.07037  256.30431    -4.8136     6.7477 -9.990e-29
 146.397347      4.527    14.8398  37.870471    30.5649      4.486  256.07664  256.31031    -4.7825     6.7518 -9.990e-29
 146.397350      4.545    14.8349  37.871956    30.5701      4.504  256.09312  256.32648    -5.0471     6.3555 -9.990e-29
 146.397352      4.554    14.8321  37.863920    30.5650      4.513  256.11626  256.34953    -4.9848     6.3070 -9.990e-29
 146.397355      4.572    14.8323  37.859037    30.5605      4.531  256.12313  256.35645    -5.1094     6.3353 -9.990e-29
 146.397358      4.592    14.8326  37.861262    30.5622      4.551  256.11847  256.35178    -5.0782     6.3434 -9.990e-29
 146.397361      4.620    14.8314  37.852733    30.5555      4.578  256.13662  256.36992    -5.1094     6.3353 -9.990e-29
 146.397364      4.645    14.8347  37.848839    30.5504      4.604  256.12860  256.36213    -4.6269     6.8245 -9.990e-29
 146.397367      4.674    14.8352  37.849952    30.5477      4.633  256.13079  256.36437    -4.6191     6.8164 0.0000e+00
 146.397370      4.702    14.8357  37.844822    30.5493      4.660  256.12860  256.36213    -4.6113     6.8084 0.0000e+00
 146.397373      4.729    14.8363  37.850631    30.5472      4.687  256.12622  256.35985    -4.5646     6.8043 0.0000e+00
 146.397376      4.755    14.8369  37.851559    30.5493      4.712  256.11945  256.35310    -4.5179     6.8003 -9.990e-29
 146.397378      4.778    14.8317  37.848593    30.5515      4.736  256.14211  256.37547    -4.7981     7.0833 -9.990e-29
 146.397381      4.802    14.8352  37.842722    30.5402      4.759  256.14418  256.37781    -4.7981     7.0793 -9.990e-29
 146.397384      4.831    14.8362  37.839075    30.5486      4.788  256.12410  256.35771    -4.6814     7.2552 0.0000e+00
 146.397387      4.864    14.8352  37.859532    30.5570      4.821  256.10401  256.33761    -4.5646     7.4311 0.0000e+00
 146.397390      4.902    14.8268  37.885930    30.5888      4.859  256.10401  256.33761    -4.5179     7.4473 0.0000e+00
 146.397393      4.946    14.8043  37.892857    30.6127      4.902  256.17571  256.40710    -4.5024     7.4473 0.0000e+00
 146.397396      4.994    14.7838  37.897683    30.6331      4.949  256.24558  256.47571    -4.5024     7.4392 0.0000e+00
 146.397399      5.047    14.7670  37.896634    30.6453      5.001  256.31087  256.54001    -4.6424     6.9256 0.0000e+00
 146.397402      5.089    14.7542  37.892369    30.6453      5.043  256.36622  256.59462    -4.6424     6.9256 0.0000e+00
 146.397405      5.131    14.7510  37.876605    30.6471      5.085  256.39104  256.61931    -4.5724     6.9236 0.0000e+00
 146.397407      5.167    14.7477  37.867950    30.6425      5.121  256.41587  256.64400    -4.5024     6.9216 -9.990e-29
 146.397410      5.187    14.7577  37.864611    30.6238      5.141  256.39709  256.62591    -4.5802     6.9256 -9.990e-29
 146.397413      5.194    14.7651  37.872585    30.6252      5.148  256.35667  256.58587    -4.8292     7.3987 -9.990e-29
 146.397416      5.202    14.7672  37.879756    30.6300      5.155  256.33719  256.56646    -4.7514     7.3866 -9.990e-29
 146.397419      5.198    14.7647  37.883527    30.6354      5.152  256.34074  256.56983    -4.8292     7.3704 -9.990e-29
 146.397422      5.200    14.7614  37.879509    30.6343      5.153  256.35955  256.58848    -4.7981     7.3826 -9.990e-29
 146.397425      5.204    14.7618  37.867949    30.6236      5.157  256.37647  256.60551    -4.7358     8.4420 -9.990e-29
 146.397428      5.216    14.7663  37.862632    30.6153      5.170  256.36786  256.59720    -4.8136     8.4097 -9.990e-29
 146.397431      5.236    14.7787  37.846933    30.6007      5.190  256.32928  256.55941    -4.7825     8.4137 -9.990e-29
 146.397433      5.269    14.7772  37.857254    30.5947      5.222  256.34803  256.57812    -4.9148     8.6159 0.0000e+00
 146.397436      5.307    14.7759  37.841124    30.5886      5.260  256.36677  256.59683    -5.0160     8.8181 0.0000e+00
 146.397439      5.349    14.7759  37.833523    30.5843      5.301  256.37040  256.60055    -5.0160     8.8262 0.0000e+00
 146.397442      5.397    14.7759  37.837045    30.5843      5.348  256.37770  256.60784    -5.0160     8.8262 0.0000e+00
 146.397445      5.442    14.7520  37.834391    30.6010      5.394  256.46696  256.69566    -5.0938     8.8181 0.0000e+00
 146.397448      5.482    14.7032  37.830443    30.6358      5.433  256.65809  256.88389    -5.0938     7.5322 0.0000e+00
 146.397451      5.515    14.6713  37.833479    30.6624      5.466  256.77706  257.00092    -5.0783     7.5221 0.0000e+00
 146.397454      5.546    14.6393  37.836202    30.6889      5.496  256.89603  257.11795    -5.0627     7.5322 -9.990e-29
 146.397457      5.570    14.5901  37.839046    30.7328      5.520  257.07399  257.29287    -5.0471     7.5322 -9.990e-29
 146.397459      5.593    14.5793  37.834228    30.7370      5.543  257.12299  257.34125    -5.0627     7.4918 -9.990e-29
 146.397462      5.611    14.5730  37.833116    30.7409      5.561  257.14845  257.36634    -4.5957     8.6765 -9.990e-29
 146.397465      5.628    14.5584  37.835590    30.7547      5.577  257.20019  257.41716    -4.5335     8.7089 -9.990e-29
 146.397468      5.644    14.5469  37.834665    30.7630      5.594  257.24554  257.46181    -4.5490     8.6765 -9.990e-29
 146.397471      5.666    14.5253  37.827930    30.7671      5.615  257.35099  257.56606    -4.5335     8.3005 -9.990e-29
 146.397474      5.692    14.5052  37.820209    30.7770      5.641  257.43835  257.65223    -4.5023     8.2944 0.0000e+00
 146.397477      5.728    14.4850  37.806993    30.7870      5.677  257.52571  257.73840    -4.5335     8.2883 0.0000e+00
 146.397480      5.763    14.4473  37.798041    30.8089      5.711  257.68404  257.89447    -4.4712     8.2883 0.0000e+00
 146.397483      5.799    14.4185  37.789398    30.8239      5.747  257.80783  258.01655    -4.5490     8.2843 0.0000e+00
 146.397486      5.837    14.4056  37.790760    30.8348      5.785  257.85602  258.06393    -4.6268     8.2277 0.0000e+00
 146.397488      5.868    14.3927  37.786562    30.8457      5.816  257.90421  258.11131    -4.7825     8.1670 -9.990e-29
 146.397491      5.890    14.3655  37.777979    30.8557      5.838  258.02892  258.23442    -4.7202     8.1509 -9.990e-29
 146.397494      5.907    14.3539  37.780327    30.8670      5.854  258.06919  258.27396    -4.7825     8.1751 -9.990e-29
 146.397497      5.925    14.3483  37.777981    30.8693      5.872  258.09432  258.29876    -5.1249     9.6389 -9.990e-29
 146.397500      5.947    14.3444  37.771683    30.8668      5.894  258.11980  258.32404    -5.1094     9.5985 -9.990e-29
 146.397503      5.971    14.3207  37.768227    30.8810      5.917  258.21847  258.42127    -5.0627     9.6430 -9.990e-29
 146.397506      5.998    14.3154  37.766623    30.8817      5.945  258.24553  258.44803    -5.0394     9.6288 0.0000e+00
 146.397509      6.027    14.3100  37.758659    30.8824      5.973  258.27259  258.47478    -5.0160     9.6430 0.0000e+00
 146.397512      6.058    14.2984  37.756870    30.8900      6.004  258.31985  258.52133    -4.7981     9.8088 0.0000e+00
 146.397514      6.091    14.2872  37.755081    30.8973      6.037  258.36568  258.56647    -4.7981     9.8128 0.0000e+00
 146.397517      6.131    14.2782  37.750390    30.9002      6.077  258.40787  258.60813    -4.7825     9.8249 0.0000e+00
 146.397520      6.173    14.2667  37.747367    30.9066      6.118  258.45686  258.65642    -4.7825     9.8128 0.0000e+00
 146.397523      6.203    14.2606  37.747121    30.9114      6.147  258.48053  258.67970    -4.6113     8.7049 0.0000e+00
 146.397526      6.230    14.2544  37.746444    30.9162      6.174  258.50419  258.70298    -4.4401     7.5726 -9.990e-29
 146.397529      6.254    14.2293  37.746878    30.9360      6.198  258.60073  258.79794    -4.5335     7.6009 -9.990e-29
 146.397532      6.277    14.2275  37.750459    30.9408      6.221  258.60210  258.79916    -4.5802     7.5686 -9.990e-29
 146.397535      6.290    14.2344  37.747803    30.9328      6.234  258.57997  258.77749    -4.5335     8.0376 -9.990e-29
 146.397538      6.303    14.2392  37.745519    30.9269      6.247  258.56528  258.76312    -4.5646     8.0296 -9.990e-29
 146.397541      6.314    14.2387  37.748235    30.9297      6.257  258.56259  258.76038    -4.5802     8.0296 -9.990e-29
 146.397543      6.329    14.2367  37.753606    30.9362      6.272  258.56162  258.75924    -4.4557     8.0296 -9.990e-29
 146.397546      6.345    14.2319  37.747988    30.9335      6.288  258.59173  258.78911    -4.8448     9.3195 -9.990e-29
 146.397549      6.378    14.2249  37.746446    30.9355      6.321  258.62527  258.82223    -4.7748     9.3013 0.0000e+00
 146.397552      6.405    14.2178  37.738484    30.9375      6.348  258.65881  258.85536    -4.7047     9.2993 0.0000e+00
 146.397555      6.447    14.1844  37.729970    30.9565      6.390  258.80074  258.99524    -4.7047     9.2993 0.0000e+00
 146.397558      6.498    14.1189  37.729855    31.0090      6.440  259.05279  259.24311    -4.7047     9.2993 0.0000e+00
 146.397561      6.550    14.0556  37.730110    31.0601      6.491  259.29567  259.48192    -4.5646     7.0146 0.0000e+00
 146.397564      6.595    14.0371  37.733016    31.0764      6.536  259.36461  259.54966    -4.5179     7.0045 0.0000e+00
 146.397567      6.639    14.0186  37.729439    31.0927      6.580  259.43356  259.61740    -4.4712     7.0146 -9.990e-29
 146.397569      6.664    13.9777  37.728392    31.1214      6.605  259.59870  259.77993    -4.5957     6.9701 -9.990e-29
 146.397572      6.687    13.9580  37.728579    31.1376      6.627  259.67439  259.85433    -4.7202     6.9863 -9.990e-29
 146.397575      6.697    13.9459  37.724013    31.1432      6.637  259.72866  259.90785    -4.8603     6.9620 -9.990e-29
 146.397578      6.707    13.9379  37.721052    31.1469      6.647  259.76452  259.94321    -4.7981     6.9863 -9.990e-29
 146.397581      6.714    13.9211  37.724448    31.1637      6.654  259.82369  260.00125    -4.8292     6.9782 -9.990e-29
 146.397584      6.730    13.9023  37.724820    31.1808      6.670  259.89273  260.06905    -4.5490     8.3207 -9.990e-29
 146.397587      6.756    13.8981  37.726549    31.1827      6.696  259.91177  260.08784    -4.5646     8.3166 0.0000e+00
 146.397590      6.794    13.8938  37.723279    31.1847      6.734  259.93082  260.10662    -4.5802     8.3126 0.0000e+00
 146.397593      6.843    13.8832  37.728836    31.1984      6.782  259.96261  260.13766    -4.5802     8.3005 0.0000e+00
 146.397595      6.894    13.8625  37.731184    31.2173      6.832  260.03864  260.21231    -4.5802     7.3300 0.0000e+00
 146.397598      6.933    13.8511  37.734150    31.2280      6.871  260.08056  260.25346    -4.5801     7.3280 0.0000e+00
 146.397601      6.962    13.8396  37.737423    31.2387      6.899  260.12248  260.29461    -4.5490     7.3300 -9.990e-29
 146.397604      6.980    13.8147  37.731684    31.2567      6.917  260.22274  260.39325    -4.6113     7.3260 -9.990e-29
 146.397607      6.991    13.8060  37.737673    31.2692      6.928  260.24626  260.41615    -4.4868     7.3260 -9.990e-29
 146.397610      7.000    13.7962  37.740328    31.2797      6.937  260.27989  260.44910    -4.6113     6.7801 -9.990e-29
 146.397613      7.007    13.7886  37.740021    31.2856      6.945  260.30986  260.47856    -4.6424     6.8003 -9.990e-29
 146.397616      7.020    13.7799  37.739898    31.2926      6.957  260.34381  260.51193    -4.5335     6.7922 -9.990e-29
 146.397619      7.035    13.7524  37.739529    31.3160      6.972  260.44831  260.61460    -4.5024     8.5512 -9.990e-29
 146.397622      7.068    13.7456  37.741013    31.3211      7.004  260.47538  260.64122    -4.5257     8.5572 0.0000e+00
 146.397624      7.104    13.7388  37.740089    31.3263      7.040  260.50246  260.66785    -4.5024     8.5633 0.0000e+00
 146.397627      7.146    13.7319  37.745831    31.3372      7.082  260.51976  260.68464    -4.5335     8.5633 0.0000e+00
 146.397630      7.193    13.7249  37.746511    31.3435      7.129  260.54551  260.70992    -4.4712     8.5188 0.0000e+00
 146.397633      7.233    13.7164  37.747438    31.3514      7.169  260.57712  260.74095    -4.5335     6.6749 0.0000e+00
 146.397636      7.279    13.7126  37.747871    31.3547      7.214  260.59148  260.75505    -4.5412     6.6729 0.0000e+00
 146.397639      7.312    13.7088  37.751823    31.3580      7.247  260.60584  260.76916    -4.6113     6.6749 -9.990e-29
 146.397642      7.334    13.6980  37.751207    31.3698      7.268  260.64199  260.80456    -4.5646     6.6628 -9.990e-29
 146.397645      7.341    13.6953  37.749725    31.3707      7.276  260.65504  260.81743    -4.5024     7.3947 -9.990e-29
 146.397648      7.351    13.6927  37.750528    31.3735      7.285  260.66369  260.82591    -4.5490     7.3583 -9.990e-29
 146.397650      7.356    13.6892  37.750097    31.3760      7.290  260.67812  260.84010    -4.6269     7.3704 -9.990e-29
 146.397653      7.367    13.6836  37.752320    31.3827      7.301  260.69610  260.85769    -4.6269     7.3947 -9.990e-29
 146.397656      7.387    13.6671  37.754975    31.4017      7.321  260.74975  260.91018    -4.4712     7.5686 -9.990e-29
 146.397659      7.418    13.6610  37.758311    31.4083      7.351  260.77085  260.93084    -4.5335     7.5545 0.0000e+00
 146.397662      7.456    13.6548  37.761585    31.4148      7.389  260.79194  260.95151    -4.5179     7.5686 0.0000e+00
 146.397665      7.503    13.6453  37.763686    31.4245      7.436  260.82525  260.98416    -4.5179     7.5605 0.0000e+00
 146.397668      7.558    13.6418  37.760722    31.4246      7.490  260.84394  261.00264    -4.5024     7.5605 0.0000e+00
 146.397671      7.611    13.6396  37.764860    31.4302      7.543  260.84560  261.00412    -4.5024     6.8084 0.0000e+00
 146.397674      7.655    13.6381  37.767824    31.4329      7.586  260.84898  261.00738    -4.5179     6.7942 0.0000e+00
 146.397677      7.693    13.6366  37.767825    31.4355      7.624  260.85235  261.01064    -4.5802     6.8084 -9.990e-29
 146.397679      7.711    13.6288  37.769246    31.4432      7.642  260.88023  261.03798    -4.5490     6.7801 -9.990e-29
 146.397682      7.727    13.6236  37.769802    31.4480      7.658  260.89955  261.05694    -3.7241     8.1064 -9.990e-29
 146.397685      7.733    13.6184  37.767642    31.4502      7.664  260.92313  261.08019    -3.7708     8.1185 -9.990e-29
 146.397688      7.738    13.6129  37.769124    31.4561      7.669  260.94203  261.09870    -3.7708     8.0943 -9.990e-29
