seaocn-cb/data/ctd_cnv/SBE19plus_01907321_2024_05_23_Cast26.cnv
* Sea-Bird SBE19plus  Data File:
* FileName = E:\Prandtl_Daten\2024\CTD\raw\SBE19plus_01907321_2024_05_23_Cast26.hex
* Software version 2.6.1.12
* Temperature SN = 7321
* Conductivity SN = 7321
* System UpLoad Time = May 23 2024 09:30:03
* <ApplicationData>
* <Seaterm232>
** 20240522
** Sea Practical 2024
** MCat 23.05 CTD_NP6
** NMEA Latitude = 054 11.83N
** NMEA Longitude = 008 24.58E
** waterdepth = 12.6m
** Andreas
# nquan = 11
# nvalues = 411                         
# units = specified
# name 0 = timeJ: Julian Days
# name 1 = prdM: Pressure, Strain Gauge [db]
# name 2 = tv290C: Temperature [ITS-90, deg C]
# name 3 = c0mS/cm: Conductivity [mS/cm]
# name 4 = sal00: Salinity, Practical [PSU]
# name 5 = depSM: Depth [salt water, m], lat = 54.00
# name 6 = oxsatMm/Kg: Oxygen Saturation, Weiss [umol/kg]
# name 7 = oxsolMm/Kg: Oxygen Saturation, Garcia & Gordon [umol/kg]
# name 8 = turbWETntu0: Turbidity, WET Labs ECO [NTU]
# name 9 = flECO-AFL: Fluorescence, WET Labs ECO-AFL/FL [mg/m^3]
# name 10 = flag:  0.000e+00
# span 0 = 144.392095, 144.393281       
# span 1 =      0.531,     11.288       
# span 2 =    14.1164,    14.6729       
# span 3 =  36.571363,  36.793100       
# span 4 =    29.5392,    30.1533       
# span 5 =      0.526,     11.187       
# span 6 =  258.74934,  260.60642       
# span 7 =  258.98268,  260.80437       
# span 8 =    -4.8136,    -0.3467       
# span 9 =     2.4898,     7.9891       
# span 10 = 0.0000e+00, 0.0000e+00      
# interval = seconds: 0.25
# start_time = May 23 2024 09:23:18 [Instrument's time stamp, header]
# bad_flag = -9.990e-29
*END*
[from data line 132]
 144.392477      4.127    14.6214  36.584965    29.5795      4.090  258.96197  259.19231    -4.3000     6.7356 0.0000e+00
 144.392480      4.158    14.6191  36.583868    29.5803      4.121  258.97292  259.20313    -4.3000     6.7558 0.0000e+00
 144.392483      4.189    14.6166  36.589660    29.5874      4.152  258.97342  259.20344    -4.4712     7.1116 0.0000e+00
 144.392486      4.217    14.6141  36.590331    29.5898      4.179  258.98184  259.21171    -4.5802     7.1197 0.0000e+00
 144.392488      4.244    14.6103  36.591246    29.5935      4.206  258.99518  259.22482    -4.6424     7.1359 0.0000e+00
 144.392491      4.271    14.6073  36.587467    29.5941      4.233  259.00991  259.23939    -4.6113     7.1278 0.0000e+00
 144.392494      4.301    14.6043  36.594601    29.5947      4.262  259.02464  259.25396    -4.6424     7.1359 -9.990e-29
 144.392497      4.323    14.5929  36.595028    29.6101      4.284  259.05693  259.28551    -4.6269     6.1654 -9.990e-29
 144.392500      4.343    14.5883  36.600638    29.6187      4.304  259.06598  259.29424    -4.6113     6.1614 -9.990e-29
 144.392503      4.365    14.5827  36.604175    29.6262      4.326  259.08221  259.31010    -4.6736     6.1371 -9.990e-29
 144.392506      4.386    14.5738  36.599481    29.6285      4.347  259.12468  259.35209    -4.3778     6.4161 -9.990e-29
 144.392509      4.417    14.5726  36.599298    29.6315      4.378  259.12580  259.35312    -4.4089     6.4364 0.0000e+00
 144.392512      4.456    14.5713  36.603994    29.6317      4.416  259.12692  259.35414    -4.4401     6.4161 0.0000e+00
 144.392514      4.492    14.5691  36.598872    29.6332      4.452  259.14375  259.37088    -4.4401     6.4081 0.0000e+00
 144.392517      4.542    14.5668  36.598629    29.6332      4.501  259.15304  259.38004    -4.4712     6.3878 0.0000e+00
 144.392520      4.584    14.5644  36.600641    29.6369      4.543  259.15930  259.38613    -4.4712     6.1533 0.0000e+00
 144.392523      4.618    14.5621  36.606007    29.6434      4.577  259.15957  259.38622    -4.4712     6.1412 0.0000e+00
 144.392526      4.653    14.5614  36.605886    29.6439      4.611  259.16248  259.38910    -4.4712     6.1411 0.0000e+00
 144.392529      4.679    14.5607  36.598813    29.6444      4.637  259.16540  259.39197    -4.4712     6.1290 -9.990e-29
 144.392532      4.702    14.5582  36.605094    29.6456      4.660  259.17646  259.40289    -4.6113     6.4849 -9.990e-29
 144.392535      4.717    14.5578  36.600643    29.6418      4.675  259.18511  259.41155    -4.3934     6.4930 -9.990e-29
 144.392538      4.720    14.5579  36.604606    29.6453      4.678  259.17844  259.40486    -4.6736     6.4728 -9.990e-29
 144.392541      4.730    14.5576  36.604850    29.6457      4.687  259.17894  259.40534    -4.5335     6.4525 -9.990e-29
 144.392543      4.737    14.5568  36.602838    29.6446      4.695  259.18543  259.41180    -4.1132     6.4768 -9.990e-29
 144.392546      4.750    14.5563  36.601862    29.6441      4.707  259.18908  259.41542    -4.2378     6.4808 -9.990e-29
 144.392549      4.772    14.5564  36.596802    29.6395      4.729  259.19694  259.42332    -4.3623     6.4768 -9.990e-29
 144.392552      4.797    14.5570  36.601984    29.6442      4.754  259.18490  259.41128    -4.3311     6.4687 -9.990e-29
 144.392555      4.828    14.5573  36.602655    29.6428      4.785  259.18623  259.41264    -4.4401     6.1958 0.0000e+00
 144.392558      4.867    14.5574  36.599912    29.6442      4.823  259.18490  259.41128    -4.5024     5.9228 0.0000e+00
 144.392561      4.905    14.5574  36.606436    29.6440      4.861  259.18438  259.41077    -4.5024     5.9066 0.0000e+00
 144.392564      4.945    14.5572  36.602656    29.6440      4.901  259.18438  259.41077    -4.5024     5.8864 0.0000e+00
 144.392567      4.985    14.5567  36.599302    29.6436      4.941  259.19122  259.41755    -4.5024     5.8864 0.0000e+00
 144.392569      5.025    14.5561  36.601193    29.6414      4.980  259.19157  259.41796    -4.3778     6.0724 0.0000e+00
 144.392572      5.056    14.5553  36.596132    29.6436      5.011  259.19580  259.42203    -4.3778     6.0967 0.0000e+00
 144.392575      5.087    14.5544  36.602413    29.6459      5.042  259.19580  259.42203    -4.3467     6.0967 0.0000e+00
 144.392578      5.122    14.5533  36.605522    29.6495      5.076  259.19580  259.42203    -4.3467     6.1129 0.0000e+00
 144.392581      5.147    14.5514  36.608450    29.6536      5.101  259.19795  259.42395    -4.3778     6.4202 0.0000e+00
 144.392584      5.186    14.5490  36.609365    29.6536      5.139  259.20567  259.43152    -4.3778     6.4202 0.0000e+00
 144.392587      5.220    14.5471  36.604853    29.6536      5.174  259.22034  259.44612    -4.3778     6.4161 0.0000e+00
 144.392590      5.251    14.5466  36.603999    29.6536      5.204  259.22296  259.44871    -4.3779     6.4081 0.0000e+00
 144.392593      5.282    14.5461  36.609365    29.6536      5.235  259.22558  259.45130    -4.3467     6.4000 -9.990e-29
 144.392595      5.304    14.5430  36.604000    29.6559      5.257  259.23773  259.46327    -4.2689     6.7801 -9.990e-29
 144.392598      5.326    14.5401  36.610891    29.6643      5.278  259.23789  259.46320    -4.1755     6.7154 -9.990e-29
 144.392601      5.346    14.5370  36.614428    29.6699      5.298  259.24433  259.46943    -4.4090     6.7841 -9.990e-29
 144.392604      5.361    14.5345  36.615831    29.6730      5.313  259.25183  259.47677    -4.5646     6.6871 -9.990e-29
 144.392607      5.368    14.5331  36.615160    29.6735      5.320  259.25853  259.48339    -3.9887     6.7315 -9.990e-29
 144.392610      5.382    14.5313  36.618087    29.6776      5.334  259.26092  259.48564    -3.9732     6.7599 -9.990e-29
 144.392613      5.390    14.5300  36.612965    29.6739      5.342  259.27419  259.49888    -4.1132     6.7801 -9.990e-29
 144.392616      5.399    14.5294  36.611380    29.6730      5.351  259.27912  259.50378    -3.9420     6.7194 -9.990e-29
 144.392619      5.412    14.5296  36.609368    29.6710      5.363  259.28148  259.50617    -4.6580     6.3353 -9.990e-29
 144.392622      5.430    14.5299  36.613819    29.6747      5.382  259.27314  259.49782    -4.3623     6.3797 -9.990e-29
 144.392624      5.454    14.5307  36.614246    29.6767      5.405  259.26521  259.48992    -4.5024     6.3797 -9.990e-29
 144.392627      5.490    14.5308  36.616746    29.6740      5.441  259.26965  259.49437    -4.4712     6.4000 0.0000e+00
 144.392630      5.536    14.5309  36.610892    29.6764      5.486  259.26521  259.48992    -4.4401     6.4202 0.0000e+00
 144.392633      5.591    14.5313  36.616991    29.6758      5.541  259.26402  259.48877    -4.3467     6.4323 0.0000e+00
 144.392636      5.640    14.5313  36.616259    29.6758      5.590  259.26402  259.48877    -4.2533     6.4323 0.0000e+00
 144.392639      5.691    14.5313  36.614735    29.6745      5.640  259.26681  259.49155    -4.2533     6.4242 0.0000e+00
 144.392642      5.744    14.5316  36.613576    29.6745      5.693  259.26681  259.49155    -4.3000     6.0603 0.0000e+00
 144.392645      5.788    14.5318  36.615954    29.6740      5.736  259.26444  259.48923    -4.3000     6.0461 0.0000e+00
 144.392648      5.823    14.5320  36.608881    29.6749      5.770  259.26165  259.48644    -4.3000     6.0320 -9.990e-29
 144.392650      5.848    14.5332  36.615833    29.6739      5.796  259.25716  259.48202    -4.1444     6.0360 -9.990e-29
 144.392653      5.868    14.5333  36.614430    29.6725      5.816  259.25913  259.48401    -4.4401     6.0360 -9.990e-29
 144.392656      5.883    14.5330  36.612052    29.6706      5.830  259.26415  259.48903    -4.4868     5.9794 -9.990e-29
 144.392659      5.899    14.5329  36.611564    29.6703      5.846  259.26554  259.49041    -4.5490     5.9916 -9.990e-29
 144.392662      5.917    14.5329  36.612723    29.6713      5.864  259.26339  259.48826    -4.4245     6.0441 -9.990e-29
 144.392665      5.932    14.5334  36.610833    29.6692      5.879  259.26467  259.48958    -4.6891     6.0077 -9.990e-29
 144.392668      5.955    14.5341  36.609796    29.6678      5.902  259.26369  259.48865    -4.6113     6.6668 -9.990e-29
 144.392671      5.979    14.5349  36.612235    29.6693      5.926  259.25653  259.48152    -4.4557     6.6709 -9.990e-29
 144.392674      5.997    14.5358  36.612723    29.6690      5.944  259.25221  259.47725    -4.4401     6.6749 -9.990e-29
 144.392677      6.021    14.5365  36.613820    29.6695      5.967  259.24780  259.47287    -4.3156     6.6830 -9.990e-29
 144.392679      6.041    14.5368  36.616260    29.6715      5.987  259.24270  259.46778    -3.8175     5.7287 -9.990e-29
 144.392682      6.059    14.5369  36.617174    29.6722      6.005  259.24065  259.46573    -3.8487     5.7125 -9.990e-29
 144.392685      6.076    14.5370  36.610223    29.6658      6.021  259.25155  259.47669    -3.6774     5.6964 -9.990e-29
 144.392688      6.092    14.5369  36.610406    29.6661      6.038  259.25186  259.47698    -3.8798     5.6600 -9.990e-29
 144.392691      6.108    14.5361  36.613150    29.6713      6.054  259.24650  259.47154    -4.2378     6.4242 -9.990e-29
 144.392694      6.134    14.5360  36.615589    29.6706      6.079  259.24823  259.47327    -4.2066     6.4404 0.0000e+00
 144.392697      6.165    14.5360  36.613821    29.6699      6.110  259.24996  259.47500    -4.2378     6.4242 0.0000e+00
 144.392700      6.203    14.5352  36.610894    29.6693      6.148  259.25765  259.48267    -4.3311     6.3959 0.0000e+00
 144.392703      6.247    14.5342  36.611809    29.6693      6.191  259.26004  259.48500    -4.3311     6.3757 0.0000e+00
 144.392705      6.298    14.5327  36.611566    29.6703      6.242  259.26638  259.49124    -4.3311     6.3353 0.0000e+00
 144.392708      6.347    14.5313  36.614249    29.6738      6.291  259.26638  259.49124    -4.3311     6.3312 0.0000e+00
 144.392711      6.391    14.5304  36.619860    29.6768      6.334  259.26771  259.49246    -4.3311     6.3353 0.0000e+00
 144.392714      6.430    14.5299  36.616079    29.6781      6.372  259.26693  259.49158    -4.3467     6.3494 0.0000e+00
 144.392717      6.459    14.5294  36.619433    29.6768      6.401  259.27190  259.49654    -4.3623     6.3676 -9.990e-29
 144.392720      6.482    14.5246  36.621934    29.6857      6.424  259.28142  259.50572    -3.8953     6.3353 -9.990e-29
 144.392723      6.504    14.5184  36.627241    29.6953      6.446  259.29711  259.52100    -3.6152     6.3191 -9.990e-29
 144.392726      6.521    14.5118  36.624375    29.6977      6.462  259.32744  259.55095    -3.7553     6.3191 -9.990e-29
 144.392729      6.540    14.5069  36.627913    29.7046      6.482  259.34065  259.56385    -4.3623     6.6062 -9.990e-29
 144.392731      6.555    14.5046  36.629499    29.7078      6.496  259.34726  259.57030    -4.2222     6.5900 -9.990e-29
 144.392734      6.575    14.5033  36.631085    29.7102      6.516  259.34974  259.57269    -4.4401     6.5738 -9.990e-29
 144.392737      6.590    14.5011  36.628158    29.7093      6.531  259.36303  259.58587    -4.1911     6.6305 -9.990e-29
 144.392740      6.613    14.5000  36.631574    29.7132      6.554  259.36197  259.58472    -4.2378     7.2006 -9.990e-29
 144.392743      6.633    14.4988  36.630842    29.7134      6.574  259.36759  259.59028    -4.6113     7.2289 -9.990e-29
 144.392746      6.655    14.4979  36.632611    29.7157      6.596  259.36859  259.59120    -4.3934     7.2087 -9.990e-29
 144.392749      6.675    14.4966  36.631757    29.7159      6.616  259.37500  259.59754    -4.2378     7.2087 -9.990e-29
 144.392752      6.698    14.4958  36.633282    29.7179      6.638  259.37551  259.59799    -4.2845     7.1440 -9.990e-29
 144.392755      6.716    14.4961  36.635539    29.7197      6.656  259.37070  259.59319    -4.1755     6.8084 -9.990e-29
 144.392758      6.741    14.4945  36.631758    29.7202      6.681  259.37851  259.60090    -4.1132     6.7962 -9.990e-29
 144.392760      6.772    14.4934  36.634746    29.7215      6.712  259.38197  259.60429    -4.1833     6.7881 0.0000e+00
 144.392763      6.809    14.4923  36.635784    29.7226      6.748  259.38542  259.60767    -4.2533     6.7962 0.0000e+00
 144.392766      6.843    14.4898  36.633527    29.7228      6.782  259.39853  259.62066    -4.3156     7.0753 0.0000e+00
 144.392769      6.874    14.4871  36.637553    29.7283      6.813  259.40268  259.62461    -4.3156     7.0914 0.0000e+00
 144.392772      6.907    14.4846  36.639018    29.7283      6.846  259.41008  259.63185    -4.3156     7.0914 0.0000e+00
 144.392775      6.936    14.4836  36.634199    29.7282      6.874  259.42289  259.64462    -4.3156     7.0631 0.0000e+00
 144.392778      6.962    14.4836  36.632431    29.7264      6.900  259.42289  259.64462    -4.3000     6.6588 0.0000e+00
 144.392781      6.998    14.4849  36.633041    29.7259      6.936  259.41892  259.64085    -4.3156     6.6588 0.0000e+00
 144.392784      7.037    14.4861  36.629930    29.7259      6.974  259.41860  259.64044    -4.3000     6.6668 0.0000e+00
 144.392786      7.077    14.4861  36.636212    29.7278      7.014  259.40884  259.63069    -4.3000     6.6911 0.0000e+00
 144.392789      7.126    14.4857  36.637310    29.7291      7.062  259.40884  259.63069    -4.0043     6.7032 0.0000e+00
 144.392792      7.175    14.4842  36.638592    29.7314      7.111  259.41242  259.63417    -4.0043     6.7396 0.0000e+00
 144.392795      7.219    14.4824  36.641154    29.7351      7.155  259.41539  259.63702    -4.0043     6.7396 0.0000e+00
 144.392798      7.261    14.4813  36.639995    29.7354      7.196  259.42062  259.64219    -3.9810     6.7416 0.0000e+00
 144.392801      7.289    14.4802  36.640484    29.7357      7.223  259.42585  259.64735    -3.9420     6.7356 -9.990e-29
 144.392804      7.298    14.4795  36.636458    29.7331      7.232  259.43453  259.65601    -4.1755     7.3138 -9.990e-29
 144.392807      7.299    14.4798  36.635543    29.7320      7.234  259.43483  259.65634    -4.1288     7.2410 -9.990e-29
 144.392810      7.290    14.4796  36.637983    29.7343      7.225  259.43148  259.65296    -3.9420     7.2734 -9.990e-29
 144.392812      7.281    14.4789  36.635604    29.7327      7.216  259.43797  259.65942    -4.1288     7.2208 -9.990e-29
 144.392815      7.276    14.4780  36.639813    29.7372      7.211  259.43501  259.65637    -4.3156     6.1169 -9.990e-29
 144.392818      7.289    14.4766  36.642253    29.7405      7.224  259.43639  259.65766    -4.4401     6.1169 -9.990e-29
 144.392821      7.307    14.4735  36.641338    29.7369      7.242  259.45926  259.68038    -4.3467     6.1978 -9.990e-29
 144.392824      7.336    14.4733  36.635605    29.7391      7.271  259.45626  259.67736    -4.1600     6.5961 0.0000e+00
 144.392827      7.374    14.4731  36.640241    29.7413      7.308  259.45517  259.67619    -4.0510     6.9782 0.0000e+00
 144.392830      7.418    14.4724  36.640912    29.7425      7.352  259.45327  259.67434    -4.0510     6.9944 0.0000e+00
 144.392833      7.460    14.4718  36.644145    29.7428      7.393  259.45517  259.67619    -4.1444     6.9823 0.0000e+00
 144.392836      7.502    14.4708  36.639997    29.7456      7.435  259.46289  259.68382    -4.1444     6.9823 0.0000e+00
 144.392839      7.540    14.4695  36.642011    29.7456      7.473  259.46343  259.68418    -3.6463     6.5658 0.0000e+00
 144.392841      7.581    14.4685  36.645183    29.7490      7.513  259.46469  259.68552    -3.5685     6.5658 0.0000e+00
 144.392844      7.615    14.4678  36.644390    29.7492      7.547  259.46343  259.68418    -3.5685     6.5536 0.0000e+00
 144.392847      7.642    14.4666  36.655493    29.7600      7.574  259.46738  259.68810    -3.5685     6.5375 0.0000e+00
 144.392850      7.673    14.4591  36.658849    29.7687      7.605  259.47800  259.69808    -3.7241     6.5213 0.0000e+00
