seaocn-cb/data/ctd_cnv/SBE19plus_01907321_2024_05_22_Cast12.cnv
* Sea-Bird SBE19plus  Data File:
* FileName = E:\Prandtl_Daten\2024\CTD\raw\SBE19plus_01907321_2024_05_21_Cast12.hex
* Software version 2.6.1.12
* Temperature SN = 7321
* Conductivity SN = 7321
* System UpLoad Time = May 22 2024 11:11:03
* <ApplicationData>
* <Seaterm232>
** 20240522
** Sea Practical 2024
** MCat 22.05 CTD_M1
** NMEA Latitude = 54 06.042N
** NMEA Longitude = 008 25.249E
** waterdepth = 15.8m
** Merle
# nquan = 11
# nvalues = 569                         
# units = specified
# name 0 = timeJ: Julian Days
# name 1 = prdM: Pressure, Strain Gauge [db]
# name 2 = tv290C: Temperature [ITS-90, deg C]
# name 3 = c0mS/cm: Conductivity [mS/cm]
# name 4 = sal00: Salinity, Practical [PSU]
# name 5 = depSM: Depth [salt water, m], lat = 54.00
# name 6 = oxsatMm/Kg: Oxygen Saturation, Weiss [umol/kg]
# name 7 = oxsolMm/Kg: Oxygen Saturation, Garcia & Gordon [umol/kg]
# name 8 = turbWETntu0: Turbidity, WET Labs ECO [NTU]
# name 9 = flECO-AFL: Fluorescence, WET Labs ECO-AFL/FL [mg/m^3]
# name 10 = flag:  0.000e+00
# span 0 = 143.461531, 143.463174       
# span 1 =      0.503,     14.224       
# span 2 =    13.5627,    13.7234       
# span 3 =  36.882789,  36.979783       
# span 4 =    30.5523,    30.7636       
# span 5 =      0.499,     14.097       
# span 6 =  261.98292,  262.47802       
# span 7 =  262.15478,  262.63850       
# span 8 =    -4.6580,     1.5677       
# span 9 =     4.5399,     7.3179       
# span 10 = 0.0000e+00, 0.0000e+00      
# interval = seconds: 0.25
# start_time = May 22 2024 11:02:59 [Instrument's time stamp, header]
# bad_flag = -9.990e-29
*END*
[from data line 394]
 143.462671     10.169    13.5705  36.967096    30.7495     10.078  262.45394  262.61498    -3.4595     5.3648 0.0000e+00
 143.462674     10.218    13.5707  36.970952    30.7504     10.127  262.45106  262.61209    -3.3350     5.3648 0.0000e+00
 143.462677     10.266    13.5708  36.970769    30.7507     10.174  262.45082  262.61187    -3.3039     5.3648 0.0000e+00
 143.462679     10.311    13.5709  36.972055    30.7510     10.219  262.44961  262.61065    -2.9771     5.2637 0.0000e+00
 143.462682     10.348    13.5709  36.969116    30.7515     10.255  262.44839  262.60943    -2.6191     5.1626 -9.990e-29
 143.462685     10.364    13.5707  36.971014    30.7506     10.271  262.45076  262.61180    -2.6658     5.1909 -9.990e-29
 143.462688     10.374    13.5707  36.972728    30.7523     10.281  262.44817  262.60919    -2.6658     5.1869 -9.990e-29
 143.462691     10.372    13.5706  36.974075    30.7536     10.279  262.44619  262.60719    -3.0549     5.7611 -9.990e-29
 143.462694     10.372    13.5704  36.973402    30.7531     10.279  262.44819  262.60919    -2.9148     5.7692 -9.990e-29
 143.462697     10.381    13.5701  36.972484    30.7525     10.288  262.45090  262.61189    -3.0238     5.7813 -9.990e-29
 143.462700     10.395    13.5701  36.970953    30.7511     10.302  262.45349  262.61449    -3.0860     5.7611 -9.990e-29
 143.462703     10.417    13.5700  36.973157    30.7540     10.324  262.44855  262.60952     1.4587     5.7611 -9.990e-29
 143.462705     10.443    13.5698  36.974076    30.7534     10.349  262.45078  262.61174     1.4665     5.7550 0.0000e+00
 143.462708     10.470    13.5696  36.972300    30.7540     10.376  262.45266  262.61357     1.4743     5.7489 0.0000e+00
 143.462711     10.498    13.5691  36.973892    30.7546     10.404  262.45266  262.61357     1.5677     5.7409 0.0000e+00
 143.462714     10.525    13.5691  36.976158    30.7556     10.431  262.45091  262.61180     1.5677     5.7409 0.0000e+00
 143.462717     10.552    13.5690  36.975790    30.7567     10.458  262.44916  262.61003     1.5677     5.7409 -9.990e-29
 143.462720     10.571    13.5682  36.975423    30.7567     10.476  262.45361  262.61444    -3.3817     6.0441 -9.990e-29
 143.462723     10.594    13.5674  36.972301    30.7544     10.500  262.46207  262.62288    -3.3817     6.0360 -9.990e-29
 143.462726     10.614    13.5669  36.973403    30.7558     10.519  262.46197  262.62273    -3.3195     6.0401 -9.990e-29
 143.462729     10.635    13.5666  36.975668    30.7576     10.539  262.46076  262.62149    -3.4595     6.1371 -9.990e-29
 143.462731     10.660    13.5665  36.974995    30.7578     10.565  262.46066  262.62139    -3.3583     6.1654 0.0000e+00
 143.462734     10.693    13.5666  36.975301    30.7579     10.597  262.46056  262.62128    -3.2572     6.1654 0.0000e+00
 143.462737     10.719    13.5666  36.976158    30.7583     10.623  262.45884  262.61956    -3.2572     6.1937 0.0000e+00
 143.462740     10.748    13.5666  36.975914    30.7585     10.652  262.45877  262.61949    -3.4907     6.4101 0.0000e+00
 143.462743     10.782    13.5667  36.974444    30.7583     10.686  262.45870  262.61942    -3.7397     6.6547 -9.990e-29
 143.462746     10.804    13.5668  36.974567    30.7569     10.707  262.46071  262.62146    -3.6463     6.6426 -9.990e-29
 143.462749     10.837    13.5673  36.973404    30.7554     10.740  262.46067  262.62146    -3.5685     6.6588 -9.990e-29
 143.462752     10.859    13.5677  36.974751    30.7563     10.762  262.45668  262.61748    -3.5685     6.6588 -9.990e-29
 143.462755     10.888    13.5678  36.974077    30.7556     10.791  262.45754  262.61836    -3.3195     6.4768 -9.990e-29
 143.462758     10.912    13.5682  36.973404    30.7547     10.814  262.45724  262.61809    -3.3506     6.4728 -9.990e-29
 143.462760     10.935    13.5683  36.975669    30.7567     10.837  262.45286  262.61370    -3.4284     6.4808 -9.990e-29
 143.462763     10.956    13.5688  36.974996    30.7552     10.857  262.45322  262.61410    -3.1794     5.6357 -9.990e-29
 143.462766     10.981    13.5687  36.974445    30.7550     10.883  262.45383  262.61471    -3.1794     5.6438 0.0000e+00
 143.462769     11.008    13.5688  36.974078    30.7549     10.910  262.45444  262.61531    -3.1794     5.6357 0.0000e+00
 143.462772     11.041    13.5688  36.973404    30.7542     10.942  262.45446  262.61536    -3.1794     5.6398 0.0000e+00
 143.462775     11.081    13.5688  36.973405    30.7542     10.982  262.45446  262.61536    -3.2416     5.6236 0.0000e+00
 143.462778     11.114    13.5688  36.974752    30.7547     11.015  262.45363  262.61451    -3.2416     5.5043 0.0000e+00
 143.462781     11.145    13.5688  36.975303    30.7554     11.045  262.45280  262.61367    -3.3039     5.3688 -9.990e-29
 143.462784     11.169    13.5689  36.975425    30.7559     11.069  262.45112  262.61200    -3.2572     5.3729 -9.990e-29
 143.462786     11.182    13.5690  36.973650    30.7542     11.081  262.45383  262.61473    -3.2728     5.3405 -9.990e-29
 143.462789     11.191    13.5686  36.975548    30.7562     11.091  262.45209  262.61295    -2.2144     6.0441 -9.990e-29
 143.462792     11.198    13.5688  36.976160    30.7566     11.098  262.45019  262.61106    -2.0432     6.0239 -9.990e-29
 143.462795     11.205    13.5688  36.975242    30.7558     11.105  262.45203  262.61290    -2.2144     6.0158 -9.990e-29
 143.462798     11.218    13.5686  36.972548    30.7534     11.118  262.45716  262.61805    -2.1522     6.0199 -9.990e-29
 143.462801     11.236    13.5682  36.974568    30.7556     11.136  262.45521  262.61606    -2.2767     6.0280 -9.990e-29
 143.462804     11.256    13.5680  36.975670    30.7573     11.156  262.45333  262.61415    -2.8837     6.3474 -9.990e-29
 143.462807     11.289    13.5680  36.976222    30.7563     11.188  262.45529  262.61612    -2.8914     6.3191 0.0000e+00
 143.462810     11.329    13.5680  36.974079    30.7553     11.228  262.45702  262.61786    -2.8837     6.3474 0.0000e+00
 143.462813     11.373    13.5680  36.973895    30.7553     11.271  262.45702  262.61786    -2.8992     6.2908 0.0000e+00
 143.462815     11.419    13.5679  36.976406    30.7575     11.316  262.45369  262.61450    -3.5218     5.3122 0.0000e+00
 143.462818     11.455    13.5677  36.977508    30.7582     11.353  262.45350  262.61429    -3.6619     5.3001 0.0000e+00
 143.462821     11.486    13.5675  36.975549    30.7588     11.383  262.45331  262.61408    -3.8020     5.2880 -9.990e-29
 143.462824     11.508    13.5661  36.976835    30.7593     11.405  262.45998  262.62066    -3.6152     5.3163 -9.990e-29
 143.462827     11.519    13.5658  36.974080    30.7570     11.416  262.46608  262.62676    -3.1638     5.5670 -9.990e-29
 143.462830     11.521    13.5657  36.977508    30.7603     11.418  262.46059  262.62124    -3.4751     5.5670 -9.990e-29
 143.462833     11.523    13.5655  36.975243    30.7583     11.419  262.46499  262.62565    -3.3195     5.5710 -9.990e-29
 143.462836     11.524    13.5657  36.974080    30.7571     11.421  262.46637  262.62705    -3.1638     5.5912 -9.990e-29
 143.462839     11.530    13.5654  36.975121    30.7583     11.427  262.46578  262.62643    -3.3817     6.3434 -9.990e-29
 143.462841     11.548    13.5652  36.975427    30.7589     11.445  262.46546  262.62610    -3.4440     6.3474 -9.990e-29
 143.462844     11.577    13.5652  36.975672    30.7593     11.473  262.46480  262.62543    -3.3428     6.3514 0.0000e+00
 143.462847     11.634    13.5652  36.976652    30.7598     11.530  262.46414  262.62476    -3.3973     6.3474 0.0000e+00
 143.462850     11.696    13.5648  36.977693    30.7598     11.591  262.46414  262.62476    -3.2416     6.3393 0.0000e+00
 143.462853     11.763    13.5647  36.975122    30.7589     11.658  262.46854  262.62915    -2.9926     5.5751 0.0000e+00
 143.462856     11.823    13.5646  36.975244    30.7589     11.718  262.46854  262.62915    -2.9926     5.5508 0.0000e+00
 143.462859     11.867    13.5645  36.976346    30.7595     11.761  262.46833  262.62892    -2.8681     5.5366 0.0000e+00
 143.462862     11.893    13.5644  36.976408    30.7601     11.786  262.46771  262.62828    -2.7436     5.5508 -9.990e-29
 143.462865     11.896    13.5642  36.975245    30.7592     11.790  262.47045  262.63102    -3.0860     5.4457 -9.990e-29
 143.462867     11.887    13.5641  36.974571    30.7587     11.781  262.47187  262.63244    -3.0860     5.4538 -9.990e-29
 143.462870     11.867    13.5637  36.976836    30.7611     11.761  262.46978  262.63030    -3.1327     5.4376 -9.990e-29
 143.462873     11.847    13.5635  36.975000    30.7595     11.741  262.47344  262.63397    -3.0393     5.4335 -9.990e-29
 143.462876     11.835    13.5637  36.975428    30.7598     11.729  262.47213  262.63266    -3.1794     5.2111 -9.990e-29
 143.462879     11.829    13.5637  36.974693    30.7591     11.723  262.47336  262.63390    -3.0238     5.1909 -9.990e-29
 143.462882     11.851    13.5635  36.975673    30.7625     11.745  262.46810  262.62861    -3.2728     5.2394 -9.990e-29
 143.462885     11.895    13.5636  36.978183    30.7617     11.788  262.46912  262.62964    -3.2261     5.1605 0.0000e+00
 143.462888     11.959    13.5637  36.976653    30.7616     11.851  262.46847  262.62899    -3.2105     5.0817 0.0000e+00
 143.462891     12.035    13.5638  36.977510    30.7609     11.928  262.46880  262.62935    -3.1794     5.0817 0.0000e+00
 143.462894     12.110    13.5641  36.976653    30.7606     12.002  262.46880  262.62935    -3.2105     5.0858 0.0000e+00
 143.462896     12.177    13.5644  36.974327    30.7589     12.068  262.46980  262.63039    -3.0549     5.0858 0.0000e+00
 143.462899     12.225    13.5644  36.975246    30.7585     12.115  262.47071  262.63130    -3.1327     5.0838 0.0000e+00
 143.462902     12.251    13.5644  36.976225    30.7589     12.141  262.46980  262.63039    -3.0549     5.0817 -9.990e-29
 143.462905     12.258    13.5647  36.973899    30.7574     12.148  262.47094  262.63156    -2.9926     4.9483 -9.990e-29
 143.462908     12.249    13.5649  36.974083    30.7575     12.139  262.47004  262.63067    -3.0082     4.8796 -9.990e-29
 143.462911     12.230    13.5650  36.974695    30.7579     12.121  262.46842  262.62905    -3.1171     4.9200 -9.990e-29
 143.462914     12.218    13.5652  36.977695    30.7606     12.108  262.46278  262.62339    -3.2105     5.4618 -9.990e-29
 143.462917     12.208    13.5655  36.976592    30.7593     12.099  262.46347  262.62411    -3.0238     5.5508 -9.990e-29
 143.462920     12.210    13.5655  36.974695    30.7576     12.101  262.46667  262.62733    -3.1483     5.4942 -9.990e-29
 143.462922     12.228    13.5649  36.975001    30.7576     12.119  262.46945  262.63008    -3.0238     5.6195 -9.990e-29
 143.462925     12.254    13.5649  36.974266    30.7589     12.144  262.46693  262.62755    -3.0160     5.6014 0.0000e+00
 143.462928     12.287    13.5649  36.977266    30.7603     12.177  262.46441  262.62502    -3.0082     5.5993 0.0000e+00
 143.462931     12.330    13.5648  36.978430    30.7603     12.220  262.46441  262.62502    -2.7747     5.5993 0.0000e+00
 143.462934     12.376    13.5647  36.972736    30.7582     12.265  262.47264  262.63322    -2.7125     5.5993 0.0000e+00
 143.462937     12.421    13.5641  36.974328    30.7582     12.310  262.47264  262.63322    -2.6035     5.1505 0.0000e+00
 143.462940     12.462    13.5640  36.977022    30.7608     12.350  262.47008  262.63060    -2.6035     5.1505 0.0000e+00
 143.462943     12.498    13.5636  36.977083    30.7608     12.386  262.47008  262.63060    -2.5880     5.2030 0.0000e+00
 143.462946     12.533    13.5635  36.975920    30.7607     12.421  262.47150  262.63203    -2.6113     5.2172 0.0000e+00
 143.462948     12.566    13.5634  36.977267    30.7602     12.453  262.47293  262.63345    -2.5413     5.2030 -9.990e-29
 143.462951     12.591    13.5635  36.976655    30.7608     12.478  262.47115  262.63167    -2.9615     5.4618 -9.990e-29
 143.462954     12.615    13.5635  36.975921    30.7602     12.502  262.47270  262.63322    -3.1794     5.4254 -9.990e-29
 143.462957     12.637    13.5635  36.975982    30.7601     12.523  262.47232  262.63284    -3.0860     5.4618 -9.990e-29
 143.462960     12.648    13.5633  36.976166    30.7605     12.534  262.47318  262.63368    -3.1638     5.4457 -9.990e-29
 143.462963     12.661    13.5631  36.977696    30.7621     12.547  262.47118  262.63166    -3.1794     6.1978 -9.990e-29
 143.462966     12.672    13.5632  36.977268    30.7616     12.558  262.47162  262.63211    -3.0549     6.2504 -9.990e-29
 143.462969     12.688    13.5632  36.976350    30.7608     12.574  262.47318  262.63368    -3.0393     6.1978 -9.990e-29
 143.462972     12.712    13.5633  36.974758    30.7623     12.598  262.46965  262.63014    -3.2728     6.2059 -9.990e-29
 143.462975     12.739    13.5634  36.978125    30.7616     12.625  262.47081  262.63131    -3.2261     6.2201 0.0000e+00
 143.462977     12.770    13.5633  36.976595    30.7608     12.655  262.47196  262.63247    -3.2728     6.2261 0.0000e+00
 143.462980     12.806    13.5634  36.976166    30.7604     12.692  262.47274  262.63326    -3.3506     6.2342 0.0000e+00
 143.462983     12.837    13.5635  36.975983    30.7604     12.722  262.47274  262.63326    -3.3506     6.2261 0.0000e+00
 143.462986     12.870    13.5635  36.978860    30.7614     12.755  262.47004  262.63055    -3.3117     6.1635 0.0000e+00
 143.462989     12.897    13.5636  36.977513    30.7627     12.782  262.46734  262.62784    -3.2728     6.0846 -9.990e-29
 143.462992     12.912    13.5638  36.977697    30.7614     12.796  262.46875  262.62927    -3.2728     6.1897 -9.990e-29
 143.462995     12.917    13.5636  36.977514    30.7614     12.802  262.46964  262.63016    -3.2728     6.1695 -9.990e-29
 143.462998     12.917    13.5635  36.978983    30.7628     12.802  262.46745  262.62795    -3.3350     6.1533 -9.990e-29
 143.463001     12.926    13.5636  36.977697    30.7616     12.811  262.46934  262.62985    -3.5996     5.7732 -9.990e-29
 143.463003     12.941    13.5635  36.975922    30.7600     12.825  262.47292  262.63344    -3.6774     5.7894 -9.990e-29
 143.463006     12.959    13.5633  36.978983    30.7617     12.843  262.47114  262.63163    -3.7553     5.7489 -9.990e-29
 143.463009     12.988    13.5633  36.977514    30.7620     12.872  262.47073  262.63122    -3.4518     5.8217 0.0000e+00
 143.463012     13.032    13.5633  36.978187    30.7617     12.915  262.47114  262.63163    -3.1950     5.8743 0.0000e+00
 143.463015     13.078    13.5633  36.975984    30.7623     12.960  262.47032  262.63080    -3.1950     5.8864 0.0000e+00
 143.463018     13.129    13.5633  36.978616    30.7607     13.011  262.47095  262.63147    -3.1950     5.8864 0.0000e+00
 143.463021     13.175    13.5636  36.976841    30.7607     13.056  262.47042  262.63096    -3.2261     5.8864 0.0000e+00
 143.463024     13.218    13.5637  36.976657    30.7605     13.100  262.47069  262.63122    -3.1327     5.5387 0.0000e+00
 143.463027     13.253    13.5638  36.975249    30.7603     13.134  262.47042  262.63096    -3.2728     5.1869 -9.990e-29
 143.463030     13.275    13.5638  36.977943    30.7615     13.156  262.46829  262.62882    -3.4440     5.1586 -9.990e-29
 143.463032     13.288    13.5639  36.975433    30.7591     13.169  262.47224  262.63279    -3.3506     5.1869 -9.990e-29
 143.463035     13.289    13.5641  36.977025    30.7604     13.170  262.46869  262.62924    -3.5062     5.6115 -9.990e-29
 143.463038     13.289    13.5641  36.977698    30.7610     13.170  262.46755  262.62810    -3.3195     5.5346 -9.990e-29
 143.463041     13.295    13.5643  36.976352    30.7596     13.176  262.46925  262.62982    -3.3195     5.5508 -9.990e-29
 143.463044     13.302    13.5648  36.976168    30.7603     13.183  262.46528  262.62588    -3.2105     5.5468 -9.990e-29
