seaocn-cb/data/ctd_cnv/SBE19plus_01907321_2024_05_24_Cast35.cnv
* Sea-Bird SBE19plus  Data File:
* FileName = E:\Prandtl_Daten\2024\CTD\raw\SBE19plus_01907321_2024_05_24_Cast35.hex
* Software version 2.6.1.12
* Temperature SN = 7321
* Conductivity SN = 7321
* System UpLoad Time = May 24 2024 07:45:16
* <ApplicationData>
* <Seaterm232>
** 20240524
** Sea Practical 2024
** MCat 23.05 CTD_SP2
** NMEA Latitude = 054 6.07N
** NMEA Longitude = 008 34.90E
** waterdepth = 12m
** Till
# nquan = 11
# nvalues = 482                         
# units = specified
# name 0 = timeJ: Julian Days
# name 1 = prdM: Pressure, Strain Gauge [db]
# name 2 = tv290C: Temperature [ITS-90, deg C]
# name 3 = c0mS/cm: Conductivity [mS/cm]
# name 4 = sal00: Salinity, Practical [PSU]
# name 5 = depSM: Depth [salt water, m], lat = 54.00
# name 6 = oxsatMm/Kg: Oxygen Saturation, Weiss [umol/kg]
# name 7 = oxsolMm/Kg: Oxygen Saturation, Garcia & Gordon [umol/kg]
# name 8 = turbWETntu0: Turbidity, WET Labs ECO [NTU]
# name 9 = flECO-AFL: Fluorescence, WET Labs ECO-AFL/FL [mg/m^3]
# name 10 = flag:  0.000e+00
# span 0 = 145.318325, 145.319716       
# span 1 =      0.511,     11.890       
# span 2 =    16.2548,    16.7993       
# span 3 =  35.106200,  35.273749       
# span 4 =    26.7461,    27.2496       
# span 5 =      0.506,     11.783       
# span 6 =  252.79844,  254.66261       
# span 7 =  253.15170,  254.98950       
# span 8 =    -2.9304,     0.6494       
# span 9 =     4.5156,     8.2600       
# span 10 = 0.0000e+00, 0.0000e+00      
# interval = seconds: 0.25
# start_time = May 24 2024 07:37:03 [Instrument's time stamp, header]
# bad_flag = -9.990e-29
*END*
[from data line 394]
 145.319465     11.036    16.2805  35.251759    27.2138     10.937  254.58967  254.91776    -1.9732     6.5536 0.0000e+00
 145.319468     11.069    16.2800  35.251339    27.2141     10.969  254.59154  254.91960    -1.9187     6.5496 -9.990e-29
 145.319470     11.090    16.2802  35.251339    27.2136     10.991  254.59126  254.91934    -2.0588     6.5334 -9.990e-29
 145.319473     11.109    16.2812  35.248516    27.2105     11.009  254.59143  254.91958    -2.2144     7.2613 -9.990e-29
 145.319476     11.114    16.2827  35.247915    27.2090     11.015  254.58674  254.91496    -2.1522     7.2734 -9.990e-29
 145.319479     11.120    16.2844  35.247915    27.2078     11.020  254.58023  254.90853    -2.1988     7.2734 -9.990e-29
 145.319482     11.131    16.2849  35.247254    27.2069     11.031  254.57936  254.90769    -2.1833     7.2694 -9.990e-29
 145.319485     11.136    16.2852  35.243411    27.2034     11.036  254.58383  254.91219    -0.8759     7.3098 -9.990e-29
 145.319488     11.149    16.2859  35.248696    27.2074     11.049  254.57320  254.90157    -0.8603     7.3340 -9.990e-29
 145.319491     11.160    16.2861  35.250017    27.2084     11.060  254.57062  254.89899    -1.0004     7.3138 -9.990e-29
 145.319494     11.189    16.2864  35.247254    27.2059     11.089  254.57350  254.90190    -0.9848     7.3502 -9.990e-29
 145.319497     11.213    16.2844  35.252359    27.2125     11.112  254.57209  254.90037    -1.6230     7.2370 -9.990e-29
 145.319499     11.244    16.2833  35.253441    27.2131     11.143  254.57643  254.90465    -1.6307     7.2127 0.0000e+00
 145.319502     11.284    16.2822  35.253261    27.2138     11.183  254.58076  254.90892    -1.6385     7.1925 0.0000e+00
 145.319505     11.328    16.2800  35.252781    27.2149     11.227  254.59018  254.91824    -1.6385     7.1925 0.0000e+00
 145.319508     11.377    16.2773  35.257947    27.2211     11.276  254.59276  254.92067    -1.6541     7.1925 0.0000e+00
 145.319511     11.423    16.2739  35.261371    27.2263     11.321  254.60072  254.92844    -1.6541     6.8043 0.0000e+00
 145.319514     11.467    16.2704  35.262032    27.2293     11.364  254.61341  254.94095    -1.6385     6.7882 0.0000e+00
 145.319517     11.511    16.2680  35.263294    27.2320     11.407  254.62086  254.94828    -1.6385     6.8043 0.0000e+00
 145.319520     11.545    16.2671  35.262453    27.2323     11.442  254.62490  254.95228    -1.6696     6.7962 0.0000e+00
 145.319523     11.574    16.2662  35.260712    27.2325     11.471  254.62894  254.95628    -1.7319     6.8043 -9.990e-29
 145.319525     11.591    16.2652  35.261553    27.2324     11.487  254.63403  254.96133    -1.8876     6.9863 -9.990e-29
 145.319528     11.593    16.2672  35.255006    27.2254     11.489  254.63632  254.96375    -1.8409     7.0106 -9.990e-29
 145.319531     11.589    16.2701  35.257107    27.2253     11.485  254.62203  254.94959    -1.7942     6.9903 -9.990e-29
 145.319534     11.585    16.2703  35.258369    27.2262     11.482  254.61922  254.94679    -2.4790     8.2236 -9.990e-29
 145.319537     11.585    16.2695  35.263474    27.2311     11.482  254.61474  254.94223    -2.3701     8.2439 -9.990e-29
 145.319540     11.587    16.2679  35.262033    27.2310     11.484  254.62308  254.95051    -2.3701     8.2600 -9.990e-29
 145.319543     11.606    16.2660  35.264976    27.2354     11.502  254.62519  254.95250    -2.4167     8.2358 -9.990e-29
 145.319546     11.635    16.2654  35.265637    27.2360     11.531  254.62688  254.95416    -2.2455     7.5645 0.0000e+00
 145.319549     11.671    16.2651  35.266298    27.2354     11.567  254.62857  254.95582    -2.1055     6.8933 0.0000e+00
 145.319552     11.722    16.2651  35.262454    27.2367     11.617  254.62857  254.95582    -2.1055     6.8852 0.0000e+00
 145.319554     11.769    16.2651  35.267140    27.2370     11.664  254.62576  254.95296    -2.1366     6.8771 0.0000e+00
 145.319557     11.803    16.2647  35.269903    27.2386     11.697  254.62563  254.95287    -2.1755     6.8690 0.0000e+00
 145.319560     11.831    16.2642  35.269063    27.2402     11.726  254.62576  254.95296    -2.1366     6.8771 -9.990e-29
 145.319563     11.854    16.2616  35.266059    27.2386     11.747  254.64142  254.96852    -1.9498     6.9216 -9.990e-29
 145.319566     11.861    16.2620  35.265218    27.2376     11.755  254.64112  254.96825    -1.9031     6.9620 -9.990e-29
 145.319569     11.863    16.2636  35.263716    27.2352     11.757  254.63716  254.96437    -1.8876     6.9459 -9.990e-29
 145.319572     11.848    16.2653  35.262635    27.2332     11.742  254.63225  254.95954    -1.6697     7.2491 -9.990e-29
 145.319575     11.825    16.2666  35.258370    27.2286     11.719  254.63361  254.96100    -1.7164     7.2613 -9.990e-29
 145.319578     11.799    16.2681  35.260532    27.2295     11.694  254.62450  254.95194    -1.6385     7.2572 -9.990e-29
 145.319580     11.778    16.2685  35.261553    27.2301     11.672  254.62142  254.94888    -1.6385     7.2653 -9.990e-29
 145.319583     11.765    16.2681  35.259871    27.2289     11.660  254.62546  254.95291    -1.6541     6.6628 -9.990e-29
 145.319586     11.761    16.2682  35.263295    27.2318     11.656  254.62006  254.94749    -1.6074     6.7032 -9.990e-29
 145.319589     11.769    16.2686  35.263055    27.2313     11.663  254.61887  254.94632    -1.7475     6.6709 -9.990e-29
 145.319592     11.783    16.2681  35.267139    27.2352     11.678  254.61498  254.94238    -1.6697     6.6426 -9.990e-29
 145.319595     11.800    16.2659  35.268642    27.2379     11.694  254.62112  254.94841    -1.6852     6.6911 -9.990e-29
 145.319598     11.822    16.2628  35.270564    27.2417     11.716  254.63006  254.95719    -1.5763     7.0227 -9.990e-29
 145.319601     11.838    16.2602  35.270985    27.2438     11.732  254.63967  254.96667    -1.6230     6.9944 -9.990e-29
 145.319604     11.849    16.2583  35.270144    27.2444     11.743  254.64805  254.97497    -1.7008     6.9903 -9.990e-29
 145.319606     11.842    16.2575  35.270565    27.2453     11.736  254.65052  254.97740    -1.5452     6.9782 -9.990e-29
 145.319609     11.831    16.2571  35.263477    27.2395     11.725  254.66261  254.98950    -1.7164     7.3785 -9.990e-29
 145.319612     11.810    16.2590  35.261734    27.2367     11.705  254.65806  254.98505    -1.7475     7.4230 -9.990e-29
 145.319615     11.790    16.2624  35.265638    27.2377     11.685  254.63891  254.96605    -1.6074     7.3866 -9.990e-29
 145.319618     11.772    16.2638  35.267981    27.2388     11.667  254.63015  254.95734    -1.6385     7.4068 -9.990e-29
 145.319621     11.763    16.2632  35.264977    27.2366     11.657  254.63678  254.96396    -1.9343     7.1480 -9.990e-29
 145.319624     11.761    16.2628  35.266059    27.2379     11.655  254.63703  254.96418    -1.8720     7.1278 -9.990e-29
 145.319627     11.766    16.2630  35.267560    27.2390     11.661  254.63387  254.96103    -1.8876     7.1319 -9.990e-29
 145.319630     11.779    16.2632  35.266720    27.2382     11.673  254.63451  254.96168    -1.9654     7.1440 -9.990e-29
 145.319633     11.793    16.2631  35.267140    27.2386     11.688  254.63420  254.96136    -1.4051     7.4554 -9.990e-29
 145.319635     11.806    16.2627  35.264797    27.2368     11.700  254.63924  254.96640    -1.3117     7.4554 -9.990e-29
 145.319638     11.813    16.2626  35.264377    27.2365     11.707  254.64018  254.96733    -1.3428     7.4392 -9.990e-29
 145.319641     11.813    16.2628  35.266299    27.2381     11.707  254.63670  254.96385    -1.4829     7.4311 -9.990e-29
 145.319644     11.807    16.2627  35.265218    27.2372     11.702  254.63862  254.96577    -1.4673     7.4634 -9.990e-29
 145.319647     11.794    16.2624  35.266059    27.2381     11.689  254.63860  254.96573    -1.8720     7.6495 -9.990e-29
 145.319650     11.785    16.2616  35.270324    27.2423     11.680  254.63504  254.96212    -1.9187     7.6414 -9.990e-29
 145.319653     11.782    16.2609  35.267140    27.2400     11.676  254.64256  254.96962    -1.8564     7.6575 -9.990e-29
 145.319656     11.780    16.2610  35.269723    27.2422     11.674  254.63841  254.96546    -1.9343     7.6818 -9.990e-29
 145.319659     11.787    16.2604  35.270144    27.2429     11.681  254.63996  254.96698    -1.6697     7.2572 -9.990e-29
 145.319661     11.805    16.2595  35.266720    27.2407     11.700  254.64878  254.97577    -1.7008     7.2855 -9.990e-29
 145.319664     11.827    16.2595  35.269303    27.2429     11.721  254.64495  254.97193    -1.6852     7.2330 -9.990e-29
 145.319667     11.844    16.2607  35.267982    27.2409     11.738  254.64228  254.96932    -1.5763     7.2653 -9.990e-29
 145.319670     11.860    16.2608  35.271826    27.2441     11.754  254.63595  254.96298    -1.4518     7.3987 -9.990e-29
 145.319673     11.868    16.2600  35.269063    27.2423     11.761  254.64316  254.97017    -1.3273     7.4028 -9.990e-29
 145.319676     11.858    16.2591  35.272067    27.2455     11.752  254.64241  254.96935    -1.4985     7.4190 -9.990e-29
 145.319679     11.842    16.2581  35.271646    27.2458     11.736  254.64675  254.97364    -1.2806     7.4068 -9.990e-29
 145.319682     11.815    16.2580  35.269303    27.2439     11.709  254.65052  254.97743    -1.5452     7.2491 -9.990e-29
 145.319685     11.780    16.2585  35.271406    27.2453     11.675  254.64552  254.97244    -1.2806     7.2491 -9.990e-29
 145.319687     11.751    16.2582  35.273568    27.2474     11.646  254.64353  254.97042    -1.3584     7.2653 -9.990e-29
 145.319690     11.727    16.2571  35.272907    27.2476     11.622  254.64853  254.97537    -1.3739     7.2694 -9.990e-29
 145.319693     11.716    16.2572  35.273748    27.2482     11.611  254.64696  254.97380    -1.4829     7.2491 -9.990e-29
 145.319696     11.716    16.2576  35.271586    27.2461     11.611  254.64863  254.97550    -1.5763     7.0591 -9.990e-29
 145.319699     11.733    16.2575  35.269724    27.2446     11.628  254.65172  254.97859    -1.6074     7.0833 -9.990e-29
 145.319702     11.760    16.2570  35.273568    27.2482     11.655  254.64818  254.97501    -1.6852     7.0914 -9.990e-29
 145.319705     11.798    16.2548  35.271827    27.2482     11.693  254.65918  254.98591    -1.9809     6.4566 -9.990e-29
 145.319708     11.833    16.2548  35.271827    27.2482     11.727  254.65918  254.98591    -1.9809     6.4566 0.0000e+00
 145.319711     11.864    16.2548  35.273749    27.2482     11.758  254.65918  254.98591    -1.9809     6.4566 -9.990e-29
 145.319714     11.881    16.2550  35.273569    27.2496     11.774  254.65599  254.98273    -2.0121     6.4040 -9.990e-29
 145.319716     11.890    16.2555  35.273149    27.2489     11.783  254.65477  254.98152    -1.9031     6.4323 -9.990e-29
