seaocn-cb/data/ctd_cnv/SBE19plus_01907321_2024_05_21_Cast05.cnv
* Sea-Bird SBE19plus  Data File:
* FileName = E:\Prandtl_Daten\2024\CTD\raw\SBE19plus_01907321_2024_05_21_Cast05.hex
* Software version 2.6.1.12
* Temperature SN = 7321
* Conductivity SN = 7321
* System UpLoad Time = May 21 2024 13:00:48
* <ApplicationData>
* <Seaterm232>
** 20240521
** Sea Practical 2024
** MCat 21.05 CTD_SP2
** NMEA Latitude = 54 06.053N
** NMEA Longitude = 008 34.25E
** waterdepth = 13.5m
** Merle
# nquan = 11
# nvalues = 431                         
# units = specified
# name 0 = timeJ: Julian Days
# name 1 = prdM: Pressure, Strain Gauge [db]
# name 2 = tv290C: Temperature [ITS-90, deg C]
# name 3 = c0mS/cm: Conductivity [mS/cm]
# name 4 = sal00: Salinity, Practical [PSU]
# name 5 = depSM: Depth [salt water, m], lat = 54.00
# name 6 = oxsatMm/Kg: Oxygen Saturation, Weiss [umol/kg]
# name 7 = oxsolMm/Kg: Oxygen Saturation, Garcia & Gordon [umol/kg]
# name 8 = turbWETntu0: Turbidity, WET Labs ECO [NTU]
# name 9 = flECO-AFL: Fluorescence, WET Labs ECO-AFL/FL [mg/m^3]
# name 10 = flag:  0.000e+00
# span 0 = 142.538244, 142.539488       
# span 1 =      0.659,     11.638       
# span 2 =    15.4830,    16.9352       
# span 3 =  35.627397,  35.841533       
# span 4 =    27.2622,    28.2060       
# span 5 =      0.653,     11.534       
# span 6 =  251.23400,  256.91837       
# span 7 =  251.58978,  257.20293       
# span 8 =    -3.4907,     3.0930       
# span 9 =     4.6875,    12.5423       
# span 10 = 0.0000e+00, 0.0000e+00      
# interval = seconds: 0.25
# start_time = May 21 2024 12:53:41 [Instrument's time stamp, header]
# bad_flag = -9.990e-29
*END*
[from data line 263]
 142.539005      7.531    15.7148  35.714399    28.0071      7.463  256.07798  256.37496    -3.0549     8.0619 0.0000e+00
 142.539008      7.567    15.7132  35.717659    28.0093      7.499  256.08177  256.37865    -3.0782     8.0781 0.0000e+00
 142.539010      7.595    15.7116  35.719834    28.0118      7.527  256.08555  256.38234    -3.1016     8.0619 -9.990e-29
 142.539013      7.613    15.7033  35.717902    28.0179      7.545  256.11726  256.41362    -2.0743     8.1347 -9.990e-29
 142.539016      7.622    15.7013  35.716574    28.0182      7.554  256.12723  256.42349    -1.8876     8.1751 -9.990e-29
 142.539019      7.631    15.7001  35.719170    28.0213      7.563  256.12785  256.42403    -1.9343     8.2115 -9.990e-29
 142.539022      7.636    15.7000  35.712227    28.0153      7.568  256.13875  256.43497    -2.0588     8.1387 -9.990e-29
 142.539025      7.651    15.7000  35.713314    28.0162      7.582  256.13710  256.43332    -2.5101     7.8516 -9.990e-29
 142.539028      7.665    15.6998  35.713978    28.0170      7.597  256.13701  256.43321    -2.5413     7.8799 -9.990e-29
 142.539031      7.686    15.6971  35.721586    28.0226      7.617  256.14078  256.43682    -2.5880     7.9204 -9.990e-29
 142.539034      7.711    15.6957  35.718326    28.0241      7.642  256.14532  256.44128    -2.4324     7.9082 0.0000e+00
 142.539036      7.748    15.6943  35.719594    28.0257      7.678  256.14986  256.44574    -2.3856     7.9082 0.0000e+00
 142.539039      7.784    15.6892  35.716818    28.0269      7.715  256.17395  256.46958    -2.3856     7.9082 0.0000e+00
 142.539042      7.826    15.6848  35.717905    28.0309      7.756  256.18910  256.48450    -2.5413     7.9082 0.0000e+00
 142.539045      7.867    15.6822  35.720502    28.0350      7.796  256.19523  256.49048    -2.5413     7.9042 0.0000e+00
 142.539048      7.907    15.6770  35.718751    28.0372      7.836  256.21807  256.51306    -2.5413     7.9042 0.0000e+00
 142.539051      7.943    15.6734  35.720926    28.0406      7.872  256.23015  256.52495    -2.5101     8.0579 0.0000e+00
 142.539054      7.969    15.6699  35.723100    28.0441      7.897  256.24223  256.53683    -2.6658     8.2115 -9.990e-29
 142.539057      7.989    15.6576  35.721109    28.0530      7.917  256.28988  256.58383    -2.7280     8.2196 -9.990e-29
 142.539060      8.009    15.6530  35.723283    28.0581      7.937  256.30426  256.59796    -2.7125     8.1913 -9.990e-29
 142.539063      8.029    15.6499  35.726363    28.0630      7.957  256.31146  256.60498    -2.4790     7.6171 -9.990e-29
 142.539065      8.047    15.6455  35.726303    28.0660      7.975  256.32864  256.62193    -2.4790     7.5605 -9.990e-29
 142.539068      8.071    15.6411  35.725941    28.0689      7.998  256.34659  256.63965    -2.5880     7.6211 -9.990e-29
 142.539071      8.092    15.6388  35.726787    28.0713      8.020  256.35415  256.64709    -2.6191     7.5403 -9.990e-29
 142.539074      8.114    15.6371  35.726787    28.0724      8.042  256.36057  256.65342    -0.3778     8.9636 -9.990e-29
 142.539077      8.138    15.6359  35.723527    28.0704      8.065  256.37014  256.66296    -0.4401     9.0324 -9.990e-29
 142.539080      8.156    15.6355  35.722017    28.0694      8.083  256.37429  256.66709    -0.4245     8.9839 -9.990e-29
 142.539083      8.183    15.6352  35.727875    28.0747      8.110  256.36657  256.65931    -0.3778     8.9475 -9.990e-29
 142.539086      8.204    15.6349  35.725942    28.0732      8.130  256.37045  256.66319    -0.3623     9.0122 -9.990e-29
 142.539089      8.220    15.6356  35.728116    28.0746      8.146  256.36439  256.65716    -1.7164     8.0740 -9.990e-29
 142.539091      8.234    15.6361  35.725701    28.0722      8.161  256.36626  256.65907    -1.7631     8.0659 -9.990e-29
 142.539094      8.242    15.6356  35.723286    28.0704      8.168  256.37210  256.66489    -1.8720     8.0376 -9.990e-29
 142.539097      8.260    15.6326  35.724373    28.0735      8.186  256.38203  256.67466    -1.7164     8.1226 -9.990e-29
 142.539100      8.278    15.6231  35.724374    28.0819      8.204  256.41560  256.70773    -1.6697     8.4703 -9.990e-29
 142.539103      8.311    15.6218  35.726367    28.0835      8.237  256.41964  256.71169    -1.4985     8.4703 0.0000e+00
 142.539106      8.352    15.6205  35.727877    28.0851      8.277  256.42368  256.71565    -1.4362     8.4703 0.0000e+00
 142.539109      8.401    15.6190  35.729809    28.0866      8.326  256.42654  256.71843    -1.4362     8.5027 0.0000e+00
 142.539112      8.454    15.6179  35.727455    28.0879      8.378  256.43445  256.72629    -1.4362     8.8342 0.0000e+00
 142.539115      8.505    15.6144  35.727033    28.0886      8.429  256.44854  256.74020    -1.3428     8.8747 0.0000e+00
 142.539117      8.552    15.6099  35.727879    28.0925      8.476  256.46464  256.75607    -1.3117     8.8747 0.0000e+00
 142.539120      8.591    15.6085  35.729389    28.0942      8.514  256.46898  256.76033    -1.2961     8.8787 0.0000e+00
 142.539123      8.618    15.6071  35.728302    28.0959      8.541  256.47333  256.76459    -1.2806     8.8706 -9.990e-29
 142.539126      8.634    15.6020  35.726914    28.0973      8.557  256.49696  256.78797    -2.0743     8.8181 -9.990e-29
 142.539129      8.643    15.5999  35.726129    28.0981      8.566  256.50640  256.79730    -2.1988     8.7008 -9.990e-29
 142.539132      8.645    15.5978  35.727216    28.1006      8.568  256.51296  256.80375    -2.2767     8.7048 -9.990e-29
 142.539135      8.652    15.5945  35.727639    28.1033      8.575  256.52481  256.81543    -2.1522     8.7089 -9.990e-29
 142.539138      8.662    15.5894  35.729633    28.1086      8.584  256.54157  256.83191    -1.4518     8.7331 -9.990e-29
 142.539141      8.669    15.5805  35.729392    28.1226      8.591  256.56299  256.85280    -1.6074     8.7129 -9.990e-29
 142.539144      8.694    15.5795  35.738329    28.1219      8.616  256.56946  256.85923    -1.5530     8.7250 0.0000e+00
 142.539146      8.723    15.5784  35.735069    28.1212      8.645  256.57593  256.86565    -1.5140     8.7372 0.0000e+00
 142.539149      8.749    15.5779  35.733318    28.1208      8.671  256.57926  256.86896    -1.5063     9.0061 0.0000e+00
 142.539152      8.776    15.5774  35.736337    28.1204      8.698  256.58259  256.87227    -1.5140     9.2750 -9.990e-29
 142.539155      8.798    15.5793  35.734646    28.1202      8.719  256.57327  256.86304    -1.4051     9.3397 -9.990e-29
 142.539158      8.818    15.5808  35.733318    28.1179      8.739  256.56953  256.85939    -1.3895     9.3559 -9.990e-29
 142.539161      8.838    15.5813  35.728547    28.1134      8.759  256.57473  256.86464    -0.1599     8.8585 -9.990e-29
 142.539164      8.862    15.5817  35.735492    28.1191      8.783  256.56256  256.85246    -0.1755     8.9717 -9.990e-29
 142.539167      8.882    15.5809  35.737847    28.1218      8.803  256.56231  256.85215    -0.2845     8.9192 -9.990e-29
 142.539170      8.902    15.5781  35.735251    28.1215      8.823  256.57697  256.86668    -0.3156     8.9434 -9.990e-29
 142.539172      8.924    15.5736  35.738331    28.1302      8.844  256.58464  256.87407    -1.1405     8.6927 -9.990e-29
 142.539175      8.959    15.5723  35.741592    28.1305      8.879  256.59085  256.88021    -1.1950     8.7109 0.0000e+00
 142.539178      8.995    15.5710  35.740264    28.1309      8.915  256.59706  256.88635    -1.2494     8.6927 0.0000e+00
 142.539181      9.036    15.5685  35.742016    28.1337      8.955  256.60414  256.89329    -1.2494     8.6563 0.0000e+00
 142.539184      9.087    15.5657  35.739178    28.1342      9.005  256.61919  256.90821    -1.0938     8.6563 0.0000e+00
 142.539187      9.134    15.5612  35.742017    28.1394      9.052  256.63252  256.92129    -0.5179     8.9111 0.0000e+00
 142.539190      9.178    15.5558  35.742682    28.1426      9.096  256.65254  256.94102    -0.5179     8.9636 0.0000e+00
 142.539193      9.220    15.5523  35.738516    28.1438      9.137  256.67236  256.96069    -0.5179     8.9758 0.0000e+00
 142.539196      9.247    15.5515  35.739180    28.1435      9.164  256.67506  256.96334    -0.4790     8.9778 0.0000e+00
 142.539198      9.272    15.5507  35.741113    28.1444      9.189  256.67776  256.96599    -0.4401     8.9758 -9.990e-29
 142.539201      9.292    15.5468  35.742684    28.1502      9.209  256.68732  256.97533    -0.7358     8.3490 -9.990e-29
 142.539204      9.305    15.5431  35.745039    28.1549      9.222  256.69833  256.98612    -0.7047     8.3814 -9.990e-29
 142.539207      9.312    15.5393  35.745040    28.1576      9.229  256.71294  257.00054    -0.7047     8.4016 -9.990e-29
 142.539210      9.319    15.5361  35.746127    28.1608      9.236  256.72376  257.01118    -0.4401     9.2669 -9.990e-29
 142.539213      9.330    15.5329  35.744618    28.1618      9.247  256.73857  257.02583    -0.3778     9.2750 -9.990e-29
 142.539216      9.343    15.5291  35.747034    28.1666      9.259  256.74948  257.03652    -0.4712     9.3154 -9.990e-29
 142.539219      9.360    15.5266  35.751142    28.1719      9.276  256.75291  257.03979    -0.4401     9.3114 -9.990e-29
 142.539222      9.383    15.5268  35.742868    28.1664      9.299  256.76141  257.04834    -1.6230     8.5107 -9.990e-29
 142.539225      9.409    15.5268  35.745042    28.1664      9.324  256.76141  257.04834    -1.6230     8.5107 0.0000e+00
 142.539227      9.440    15.5268  35.742867    28.1664      9.355  256.76141  257.04834    -1.6230     8.5107 -9.990e-29
 142.539230      9.461    15.5370  35.739183    28.1439      9.377  256.74861  257.03619    -1.6230     8.4946 -9.990e-29
 142.539233      9.487    15.5370  35.727649    28.1439      9.402  256.74861  257.03619    -1.6230     8.4946 0.0000e+00
 142.539236      9.513    15.5370  35.735921    28.1439      9.427  256.74861  257.03619    -1.6230     8.4946 -9.990e-29
 142.539239      9.536    15.5445  35.734653    28.1447      9.451  256.70863  256.99657    -1.0160     8.6765 -9.990e-29
 142.539242      9.569    15.5470  35.735619    28.1438      9.484  256.69773  256.98579    -0.9381     8.6846 -9.990e-29
 142.539245      9.589    15.5504  35.733988    28.1365      9.503  256.69289  256.98116    -2.1988     8.2398 -9.990e-29
 142.539248      9.615    15.5504  35.730063    28.1365      9.529  256.69289  256.98116    -2.1988     8.2398 0.0000e+00
 142.539251      9.640    15.5504  35.728734    28.1365      9.554  256.69289  256.98116    -2.1988     8.2398 -9.990e-29
 142.539253      9.662    15.5592  35.731150    28.1288      9.576  256.66113  256.94988    -2.2455     8.2600 -9.990e-29
 142.539256      9.693    15.5616  35.728553    28.1272      9.606  256.65186  256.94074    -2.0043     8.2479 0.0000e+00
 142.539259      9.723    15.5639  35.728733    28.1256      9.636  256.64259  256.93159    -1.7942     8.2600 0.0000e+00
 142.539262      9.759    15.5681  35.728975    28.1229      9.672  256.62609  256.91531    -1.7942     8.2883 0.0000e+00
 142.539265      9.797    15.5718  35.728552    28.1199      9.710  256.61244  256.90186    -1.7942     8.2964 0.0000e+00
 142.539268      9.834    15.5744  35.725049    28.1169      9.746  256.60778  256.89736    -1.6230     8.3207 0.0000e+00
 142.539271      9.870    15.5754  35.728129    28.1163      9.782  256.60016  256.88977    -0.5179     9.2224 0.0000e+00
 142.539274      9.907    15.5754  35.727465    28.1169      9.818  256.60016  256.88977    -0.5024     9.2426 0.0000e+00
 142.539277      9.934    15.5749  35.729397    28.1175      9.846  256.60051  256.89009    -0.4479     9.2588 0.0000e+00
 142.539280      9.962    15.5744  35.731571    28.1187      9.873  256.60087  256.89041    -0.3934     9.2426 -9.990e-29
 142.539282      9.978    15.5713  35.735074    28.1258      9.889  256.60437  256.89371    -0.5024     9.2588 -9.990e-29
 142.539285      9.993    15.5667  35.736343    28.1302      9.903  256.62010  256.90920     0.1513     9.7117 -9.990e-29
 142.539288     10.000    15.5613  35.741778    28.1388      9.911  256.63278  256.92156     0.0113     9.7077 -9.990e-29
 142.539291     10.013    15.5555  35.744618    28.1454      9.923  256.65096  256.93942    -0.0821     9.7036 -9.990e-29
 142.539294     10.029    15.5488  35.741357    28.1474      9.940  256.68217  256.97029    -0.1288     9.7400 -9.990e-29
 142.539297     10.049    15.5414  35.743774    28.1547      9.960  256.70709  256.99481     0.4471     8.8585 -9.990e-29
 142.539300     10.073    15.5296  35.741238    28.1641      9.983  256.75143  257.03851     0.4938     8.9192 -9.990e-29
 142.539303     10.112    15.5270  35.744863    28.1644     10.021  256.76418  257.05113     0.5093     8.8949 0.0000e+00
 142.539306     10.143    15.5244  35.741361    28.1647     10.052  256.77693  257.06376     0.5249     8.9192 0.0000e+00
 142.539308     10.177    15.5228  35.748548    28.1690     10.086  256.77781  257.06453     0.6105     9.9321 0.0000e+00
 142.539311     10.209    15.5211  35.747642    28.1733     10.117  256.77868  257.06529     0.6961    10.9935 -9.990e-29
 142.539314     10.230    15.5159  35.748126    28.1767     10.139  256.79975  257.08609     0.8206    10.9935 -9.990e-29
 142.539317     10.256    15.5122  35.746375    28.1778     10.164  256.81677  257.10292     0.8829    10.9855 -9.990e-29
 142.539320     10.270    15.5097  35.745288    28.1786     10.178  256.82819  257.11421     0.3537     8.6968 -9.990e-29
 142.539323     10.280    15.5073  35.748550    28.1831     10.188  256.83230  257.11818     0.3381     8.6887 -9.990e-29
 142.539326     10.285    15.5057  35.747463    28.1834     10.193  256.84037  257.12617     0.2914     8.6846 -9.990e-29
 142.539329     10.296    15.5047  35.747644    28.1842     10.204  256.84405  257.12980     0.2603     8.7210 -9.990e-29
 142.539332     10.310    15.5051  35.748732    28.1855     10.218  256.83986  257.12561    -0.3467    10.1808 -9.990e-29
 142.539334     10.336    15.5056  35.749396    28.1854     10.243  256.83708  257.12285    -0.3700    10.1747 0.0000e+00
 142.539337     10.361    15.5062  35.750060    28.1852     10.269  256.83429  257.12010    -0.3934    10.1686 0.0000e+00
 142.539340     10.398    15.5072  35.749396    28.1839     10.305  256.83429  257.12010    -0.4557    10.1686 0.0000e+00
 142.539343     10.433    15.5076  35.744202    28.1826     10.339  256.83168  257.11754    -0.4557    10.1646 0.0000e+00
 142.539346     10.480    15.5080  35.748551    28.1826     10.386  256.82998  257.11589    -0.2066     8.6240 0.0000e+00
 142.539349     10.524    15.5080  35.750906    28.1826     10.429  256.82823  257.11416    -0.2066     8.6118 0.0000e+00
 142.539352     10.567    15.5084  35.748732    28.1825     10.473  256.82715  257.11311    -0.2066     8.6240 0.0000e+00
 142.539355     10.611    15.5089  35.748068    28.1815     10.516  256.82823  257.11416    -0.2378     8.6118 0.0000e+00
 142.539358     10.651    15.5091  35.746135    28.1805     10.556  256.82789  257.11387    -0.3623     8.5046 0.0000e+00
 142.539361     10.678    15.5093  35.746558    28.1795     10.583  256.82862  257.11462    -0.7047     8.3692 -9.990e-29
 142.539363     10.698    15.5111  35.745712    28.1778     10.603  256.82230  257.10840    -0.6891     8.3571 -9.990e-29
 142.539366     10.715    15.5133  35.742028    28.1730     10.619  256.81946  257.10570    -0.5179     8.3490 -9.990e-29
 142.539369     10.731    15.5160  35.737680    28.1673     10.635  256.81550  257.10191    -0.0977     9.0122 -9.990e-29
 142.539372     10.746    15.5192  35.741122    28.1680     10.650  256.79804  257.08459    -0.2533     9.0243 -9.990e-29
 142.539375     10.762    15.5215  35.738343    28.1639     10.666  256.79319  257.07989    -0.2378     9.0526 -9.990e-29
 142.539378     10.779    15.5221  35.743296    28.1678     10.682  256.78315  257.06984    -0.1911     8.9879 -9.990e-29
