seaocn-cb/data/ctd_cnv/SBE19plus_01907321_2024_05_28_Cast94.cnv
* Sea-Bird SBE19plus  Data File:
* FileName = E:\Prandtl_Daten\2024\28052024\raw\SBE19plus_01907321_2024_05_28_Cast94.hex
* Software version 2.6.1.12
* Temperature SN = 7321
* Conductivity SN = 7321
* System UpLoad Time = May 28 2024 12:17:41
* <ApplicationData>
* <Seaterm232>
** 20240527
** Sea Practical 2024
** MCat 27.05 CTD_SP7
** NMEA Latitude = 54 8.36N
** NMEA Longitude = 008 20.85E
** waterdepth = 14.3m
** Isabelle
# nquan = 11
# nvalues = 504                         
# units = specified
# name 0 = timeJ: Julian Days
# name 1 = prdM: Pressure, Strain Gauge [db]
# name 2 = tv290C: Temperature [ITS-90, deg C]
# name 3 = c0mS/cm: Conductivity [mS/cm]
# name 4 = sal00: Salinity, Practical [PSU]
# name 5 = depSM: Depth [salt water, m], lat = 54.00
# name 6 = oxsatMm/Kg: Oxygen Saturation, Weiss [umol/kg]
# name 7 = oxsolMm/Kg: Oxygen Saturation, Garcia & Gordon [umol/kg]
# name 8 = turbWETntu0: Turbidity, WET Labs ECO [NTU]
# name 9 = flECO-AFL: Fluorescence, WET Labs ECO-AFL/FL [mg/m^3]
# name 10 = flag:  0.000e+00
# span 0 = 149.508545, 149.510000       
# span 1 =      0.674,     13.913       
# span 2 =    14.9558,    16.9810       
# span 3 =  37.145872,  37.906227       
# span 4 =    28.4643,    30.5025       
# span 5 =      0.668,     13.788       
# span 6 =  248.98192,  255.59296       
# span 7 =  249.33225,  255.83326       
# span 8 =    -4.5335,    11.0930       
# span 9 =     1.5516,     7.2127       
# span 10 = 0.0000e+00, 0.0000e+00      
# interval = seconds: 0.25
# start_time = May 28 2024 12:11:01 [Instrument's time stamp, header]
# bad_flag = -9.990e-29
*END*
 149.508545      0.674    16.9810  37.286569    28.4643      0.668  248.98192  249.33225    -4.3934     1.8104 0.0000e+00
 149.508547      0.725    16.8807  37.292049    28.5399      0.719  249.34201  249.68760    -4.3623     1.5516 0.0000e+00
 149.508550      0.809    16.8078  37.286590    28.5869      0.802  249.61779  249.95996    -4.3623     1.5516 0.0000e+00
 149.508553      0.935    16.7274  37.290471    28.6474      0.926  249.90810  250.24642    -4.3156     1.5557 0.0000e+00
 149.508556      1.064    16.6496  37.292078    28.7042      1.055  250.19235  250.52691    -4.2845     1.5678 0.0000e+00
 149.508559      1.166    16.5892  37.285451    28.7418      1.156  250.42500  250.75667    -4.2845     1.7376 0.0000e+00
 149.508562      1.239    16.5700  37.272680    28.7501      1.228  250.50527  250.83605    -4.2689     1.7376 0.0000e+00
 149.508565      1.274    16.5508  37.269673    28.7584      1.263  250.58554  250.91542    -4.3156     1.7376 -9.990e-29
 149.508568      1.274    16.5130  37.261568    28.7760      1.263  250.74183  251.06992    -4.5335     1.7457 -9.990e-29
 149.508571      1.234    16.4991  37.253034    28.7787      1.223  250.80557  251.13302    -4.1911     2.1178 -9.990e-29
 149.508573      1.175    16.4930  37.251868    28.7821      1.165  250.83003  251.15719    -3.9420     2.1420 -9.990e-29
 149.508576      1.106    16.4820  37.243518    28.7829      1.096  250.88299  251.20966    -4.1755     2.1420 -9.990e-29
 149.508579      1.055    16.4617  37.237749    28.7925      1.046  250.96666  251.29236    -3.9576     2.1622 -9.990e-29
 149.508582      1.022    16.4361  37.235664    28.8091      1.013  251.06439  251.38884    -4.1132     2.1582 -9.990e-29
 149.508585      1.010    16.4192  37.239105    28.8243      1.001  251.12193  251.44553    -4.2066     2.1137 -9.990e-29
 149.508588      1.020    16.4125  37.233887    28.8246      1.011  251.15447  251.47777    -4.0977     2.1501 -9.990e-29
 149.508591      1.055    16.4069  37.232046    28.8271      1.046  251.17817  251.50119    -4.2222     2.1420 -9.990e-29
 149.508594      1.117    16.4005  37.228609    28.8287      1.107  251.20692  251.52965    -3.9732     2.1339 -9.990e-29
 149.508597      1.227    16.3907  37.226093    28.8356      1.216  251.24386  251.56610    -4.2378     1.9317 -9.990e-29
 149.508600      1.354    16.3899  37.228427    28.8368      1.342  251.24542  251.56761    -4.3156     1.9560 0.0000e+00
 149.508602      1.480    16.3892  37.230024    28.8370      1.467  251.24697  251.56912    -4.3467     1.9681 0.0000e+00
 149.508605      1.584    16.3882  37.228182    28.8376      1.570  251.25333  251.57545    -4.3467     1.9803 0.0000e+00
 149.508608      1.650    16.3864  37.225666    28.8373      1.635  251.26224  251.58427    -4.1444     2.1440 0.0000e+00
 149.508611      1.676    16.3845  37.222229    28.8376      1.661  251.27115  251.59309    -3.9420     2.3199 -9.990e-29
 149.508614      1.670    16.3737  37.224501    28.8443      1.655  251.31270  251.63412    -4.1911     2.3199 -9.990e-29
 149.508617      1.633    16.3691  37.223274    28.8466      1.619  251.33185  251.65305    -4.2222     2.3927 -9.990e-29
 149.508620      1.571    16.3629  37.220451    28.8486      1.557  251.35873  251.67964    -3.3506     2.9548 -9.990e-29
 149.508623      1.515    16.3541  37.223459    28.8577      1.501  251.38719  251.70764    -3.1794     2.9629 -9.990e-29
 149.508626      1.469    16.3467  37.222232    28.8620      1.456  251.41652  251.73660    -3.4129     2.9143 -9.990e-29
 149.508628      1.462    16.3388  37.221128    28.8667      1.449  251.44717  251.76688    -3.3817     3.0154 -9.990e-29
 149.508631      1.495    16.3332  37.220638    28.8703      1.481  251.46887  251.78829    -4.0821     2.4372 -9.990e-29
 149.508634      1.557    16.3289  37.217447    28.8706      1.543  251.48947  251.80870    -3.9265     2.3361 -9.990e-29
 149.508637      1.637    16.3214  37.215606    28.8725      1.622  251.52377  251.84264    -4.2533     2.2957 -9.990e-29
 149.508640      1.717    16.3202  37.213336    28.8738      1.702  251.52722  251.84603    -4.1911     2.3118 0.0000e+00
 149.508643      1.781    16.3202  37.214564    28.8738      1.765  251.52722  251.84603    -4.1911     2.3118 0.0000e+00
 149.508646      1.827    16.3190  37.216099    28.8752      1.810  251.53067  251.84942    -4.1288     2.3280 -9.990e-29
 149.508649      1.848    16.3172  37.215608    28.8774      1.832  251.53604  251.85470    -4.0510     2.4938 -9.990e-29
 149.508652      1.857    16.3171  37.215853    28.8777      1.841  251.53599  251.85463    -4.1755     2.5666 -9.990e-29
 149.508655      1.872    16.3168  37.217695    28.8795      1.855  251.53447  251.85309    -4.0510     2.5262 -9.990e-29
 149.508657      1.887    16.3165  37.216713    28.8789      1.870  251.53713  251.85574    -4.0821     2.8052 -9.990e-29
 149.508660      1.901    16.3157  37.214749    28.8777      1.884  251.54273  251.86131    -3.9420     2.8416 -9.990e-29
 149.508663      1.923    16.3103  37.215609    28.8803      1.906  251.56546  251.88378    -4.1755     2.8860 -9.990e-29
 149.508666      1.951    16.3085  37.213154    28.8820      1.933  251.57142  251.88965    -3.5997     2.7567 0.0000e+00
 149.508669      1.982    16.3067  37.214014    28.8836      1.964  251.57737  251.89551    -3.2105     2.6434 0.0000e+00
 149.508672      2.020    16.3029  37.210823    28.8836      2.002  251.59618  251.91414    -3.0238     2.6273 0.0000e+00
 149.508675      2.062    16.3010  37.209227    28.8843      2.044  251.60470  251.92257    -3.1016     2.6313 0.0000e+00
 149.508678      2.100    16.2990  37.205607    28.8850      2.082  251.61322  251.93100    -2.9926     2.6192 -9.990e-29
 149.508681      2.124    16.2914  37.206282    28.8880      2.105  251.64603  251.96345    -3.8331     2.9588 -9.990e-29
 149.508683      2.141    16.2884  37.203582    28.8878      2.122  251.66111  251.97839    -3.9109     3.0114 -9.990e-29
 149.508686      2.137    16.2850  37.202785    28.8896      2.118  251.67485  251.99196    -3.7553     2.9952 -9.990e-29
 149.508689      2.130    16.2827  37.203338    28.8917      2.111  251.68270  251.99970    -3.8175     2.9386 -9.990e-29
 149.508692      2.117    16.2815  37.206038    28.8949      2.098  251.68319  252.00010    -3.8487     2.9467 -9.990e-29
 149.508695      2.122    16.2804  37.200821    28.8891      2.104  251.69836  252.01528    -3.9109     3.4400 -9.990e-29
 149.508698      2.161    16.2789  37.198428    28.8895      2.142  251.70533  252.02218    -3.9187     3.4683 0.0000e+00
 149.508701      2.219    16.2774  37.196710    28.8898      2.199  251.71231  252.02908    -3.9109     3.4926 0.0000e+00
 149.508704      2.301    16.2731  37.193520    28.8901      2.281  251.73294  252.04951    -3.8487     3.4926 0.0000e+00
 149.508707      2.382    16.2695  37.193214    28.8924      2.360  251.74690  252.06329    -3.8487     3.3632 0.0000e+00
 149.508709      2.451    16.2676  37.192172    28.8933      2.429  251.75487  252.07117    -3.8798     3.3551 0.0000e+00
 149.508712      2.495    16.2657  37.192172    28.8943      2.472  251.76284  252.07904    -3.9109     3.3470 -9.990e-29
 149.508715      2.518    16.2603  37.193338    28.8992      2.496  251.78119  252.09712    -3.8175     3.3308 -9.990e-29
 149.508718      2.518    16.2591  37.193093    28.8999      2.496  251.78604  252.10191    -3.8487     3.5856 -9.990e-29
 149.508721      2.496    16.2578  37.193032    28.9007      2.474  251.79091  252.10671    -3.6774     3.6260 -9.990e-29
 149.508724      2.458    16.2554  37.193093    28.9026      2.436  251.79977  252.11545    -3.6774     3.6179 -9.990e-29
 149.508727      2.425    16.2521  37.189964    28.9023      2.403  251.81665  252.13218    -3.8798     3.6058 -9.990e-29
 149.508730      2.405    16.2481  37.191928    28.9069      2.383  251.82868  252.14400    -3.6308     3.3794 -9.990e-29
 149.508733      2.412    16.2434  37.190824    28.9093      2.391  251.84767  252.16276    -3.9732     3.3228 -9.990e-29
 149.508736      2.451    16.2324  37.186713    28.9113      2.429  251.89889  252.21346    -3.9576     3.2540 -9.990e-29
 149.508738      2.507    16.2282  37.183953    28.9145      2.485  251.91401  252.22837    -3.9342     3.2823 0.0000e+00
 149.508741      2.589    16.2241  37.184568    28.9178      2.566  251.92912  252.24327    -3.9109     3.3106 0.0000e+00
 149.508744      2.675    16.2169  37.184446    28.9229      2.651  251.95596  252.26976    -3.6930     3.5573 0.0000e+00
 149.508747      2.754    16.2120  37.184570    28.9266      2.729  251.97436  252.28790    -3.6463     3.5815 0.0000e+00
 149.508750      2.819    16.2096  37.186718    28.9292      2.794  251.97988  252.29329    -3.6930     3.5815 0.0000e+00
 149.508753      2.870    16.2094  37.185368    28.9297      2.845  251.98164  252.29505    -3.6074     3.6200 0.0000e+00
 149.508756      2.905    16.2092  37.184571    28.9292      2.879  251.98340  252.29680    -3.7397     3.6584 -9.990e-29
 149.508759      2.916    16.2071  37.183774    28.9294      2.890  251.99387  252.30717    -3.8953     3.7029 -9.990e-29
 149.508762      2.903    16.2062  37.181749    28.9283      2.877  252.00016  252.31343    -3.9109     3.6422 -9.990e-29
 149.508764      2.872    16.2049  37.179847    28.9276      2.847  252.00775  252.32097    -4.0354     3.7109 -9.990e-29
 149.508767      2.830    16.2028  37.178067    28.9276      2.805  252.01815  252.33126    -3.8175     3.7109 -9.990e-29
 149.508770      2.794    16.2003  37.176288    28.9279      2.769  252.03034  252.34333    -3.9265     3.7554 -9.990e-29
 149.508773      2.761    16.1975  37.176718    28.9303      2.736  252.03984  252.35270    -3.7086     3.7271 -9.990e-29
 149.508776      2.754    16.1951  37.173650    28.9294      2.729  252.05337  252.36612    -3.9887     3.7029 -9.990e-29
 149.508779      2.790    16.1922  37.169602    28.9279      2.765  252.07017  252.38280    -3.9109     3.6948 -9.990e-29
 149.508782      2.869    16.1862  37.171504    28.9303      2.843  252.09607  252.40841    -3.8798     3.4481 -9.990e-29
 149.508785      2.982    16.1856  37.167333    28.9318      2.955  252.09614  252.40845    -3.8564     3.4542 0.0000e+00
 149.508788      3.099    16.1851  37.170094    28.9334      3.071  252.09622  252.40849    -3.8331     3.4602 0.0000e+00
 149.508791      3.195    16.1848  37.170831    28.9339      3.167  252.09675  252.40900    -3.7241     3.4602 0.0000e+00
 149.508793      3.251    16.1845  37.167580    28.9344      3.222  252.09727  252.40951    -3.6152     3.4602 -9.990e-29
 149.508796      3.275    16.1837  37.167396    28.9321      3.246  252.10571  252.41792    -4.0354     3.5290 -9.990e-29
 149.508799      3.277    16.1826  37.168010    28.9334      3.248  252.10869  252.42084    -3.8953     3.5330 -9.990e-29
 149.508802      3.255    16.1819  37.165065    28.9314      3.226  252.11575  252.42788    -4.1444     3.5613 -9.990e-29
 149.508805      3.222    16.1807  37.165003    28.9322      3.193  252.12030  252.43238    -3.9420     3.7231 -9.990e-29
 149.508808      3.186    16.1794  37.165065    28.9332      3.157  252.12497  252.43698    -3.5996     3.7433 -9.990e-29
 149.508811      3.162    16.1785  37.163040    28.9321      3.134  252.13156  252.44353    -3.6308     3.7716 -9.990e-29
 149.508814      3.171    16.1768  37.163961    28.9314      3.143  252.14124  252.45314    -3.6930     4.2973 -9.990e-29
 149.508817      3.213    16.1762  37.160771    28.9317      3.184  252.14393  252.45579    -3.7319     4.2993 0.0000e+00
 149.508819      3.284    16.1755  37.160403    28.9317      3.255  252.14661  252.45845    -3.7708     4.3013 0.0000e+00
 149.508822      3.357    16.1737  37.158686    28.9317      3.327  252.15579  252.46755    -3.7708     4.3013 0.0000e+00
 149.508825      3.426    16.1720  37.156969    28.9317      3.396  252.16496  252.47664    -3.8175     4.3013 0.0000e+00
 149.508828      3.481    16.1713  37.157337    28.9322      3.450  252.16754  252.47918    -3.7942     4.3013 0.0000e+00
 149.508831      3.523    16.1705  37.155497    28.9329      3.492  252.17012  252.48172    -3.8487     4.3013 -9.990e-29
 149.508834      3.547    16.1690  37.156540    28.9333      3.515  252.17673  252.48826    -3.9732     3.5209 -9.990e-29
 149.508837      3.556    16.1680  37.155068    28.9327      3.524  252.18281  252.49430    -3.9265     3.4562 -9.990e-29
 149.508840      3.562    16.1673  37.155621    28.9337      3.530  252.18438  252.49583    -3.6774     3.4400 -9.990e-29
 149.508843      3.558    16.1664  37.155069    28.9338      3.526  252.18849  252.49990    -3.7708     3.8444 -9.990e-29
 149.508845      3.552    16.1654  37.151204    28.9313      3.521  252.19812  252.50951    -3.7708     3.8565 -9.990e-29
 149.508848      3.554    16.1637  37.152799    28.9339      3.523  252.20203  252.51332    -3.8331     3.8808 -9.990e-29
 149.508851      3.569    16.1596  37.151205    28.9367      3.537  252.21787  252.52895    -3.6308     3.4077 -9.990e-29
 149.508854      3.602    16.1585  37.152616    28.9361      3.570  252.22420  252.53523    -3.5296     3.4118 0.0000e+00
 149.508857      3.655    16.1575  37.149365    28.9357      3.622  252.23052  252.54151    -3.4751     3.4158 0.0000e+00
 149.508860      3.713    16.1540  37.146851    28.9357      3.680  252.24715  252.55798    -3.4751     3.4158 0.0000e+00
 149.508863      3.768    16.1498  37.146975    28.9389      3.734  252.26284  252.57345    -3.5529     3.4036 0.0000e+00
 149.508866      3.812    16.1479  37.147343    28.9404      3.778  252.26961  252.58012    -3.7786     3.3308 0.0000e+00
 149.508869      3.841    16.1460  37.148264    28.9419      3.807  252.27637  252.58679    -4.0043     3.2581 -9.990e-29
 149.508872      3.852    16.1419  37.148693    28.9461      3.818  252.28992  252.60012    -3.7397     3.2500 -9.990e-29
 149.508874      3.859    16.1406  37.145872    28.9446      3.825  252.29891  252.60906    -3.9109     3.2661 -9.990e-29
 149.508877      3.863    16.1392  37.148264    28.9477      3.828  252.30073  252.61079    -3.7086     3.2338 -9.990e-29
 149.508880      3.865    16.1363  37.147345    28.9490      3.830  252.31286  252.62278    -3.3817     3.5007 -9.990e-29
 149.508883      3.872    16.1320  37.147836    28.9525      3.838  252.32827  252.63797    -3.5374     3.4279 -9.990e-29
 149.508886      3.896    16.1205  37.151456    28.9654      3.861  252.36356  252.67265    -3.5218     3.4602 -9.990e-29
 149.508889      3.941    16.1176  37.153051    28.9691      3.906  252.37145  252.68038    -3.6696     3.4016 0.0000e+00
 149.508892      3.994    16.1147  37.156917    28.9729      3.959  252.37934  252.68810    -3.8175     3.3430 0.0000e+00
 149.508895      4.060    16.1088  37.158513    28.9786      4.024  252.39910  252.70755    -3.8175     3.3228 0.0000e+00
 149.508898      4.119    16.1021  37.162624    28.9870      4.082  252.41809  252.72617    -3.8487     3.3228 0.0000e+00
 149.508900      4.166    16.0992  37.162563    28.9891      4.129  252.42920  252.73713    -3.8254     3.3329 0.0000e+00
 149.508903      4.197    16.0962  37.162625    28.9913      4.160  252.44031  252.74809    -3.8487     3.3470 -9.990e-29
 149.508906      4.206    16.0891  37.167349    29.0005      4.169  252.45946  252.76685    -4.1599     3.1165 -9.990e-29
 149.508909      4.193    16.0836  37.170786    29.0075      4.156  252.47492  252.78201    -4.0666     3.0761 -9.990e-29
 149.508912      4.177    16.0776  37.170418    29.0116      4.140  252.49815  252.80493    -3.8642     3.1448 -9.990e-29
 149.508915      4.153    16.0710  37.178272    29.0232      4.116  252.51087  252.81727    -4.0977     3.4198 -9.990e-29
 149.508918      4.131    16.0649  37.184777    29.0333      4.094  252.52411  252.83015    -4.0821     3.3996 -9.990e-29
 149.508921      4.129    16.0604  37.187170    29.0387      4.093  252.53724  252.84304    -4.0977     3.3996 -9.990e-29
