seaocn-cb/data/ctd_cnv/SBE19plus_01907321_2024_05_29_Cast109.cnv
* Sea-Bird SBE19plus  Data File:
* FileName = E:\Prandtl_Daten\2024\29052024\raw\SBE19plus_01907321_2024_05_29_Cast109.hex
* Software version 2.6.1.12
* Temperature SN = 7321
* Conductivity SN = 7321
* System UpLoad Time = May 29 2024 12:52:00
* <ApplicationData>
* <Seaterm232>
** 20240527
** Sea Practical 2024
** MCat 27.05 CTD_SP5
** NMEA Latitude = 54 07.75N
** NMEA Longitude = 008 25.58E
** waterdepth = 10.5m
** Till
# nquan = 11
# nvalues = 336                         
# units = specified
# name 0 = timeJ: Julian Days
# name 1 = prdM: Pressure, Strain Gauge [db]
# name 2 = tv290C: Temperature [ITS-90, deg C]
# name 3 = c0mS/cm: Conductivity [mS/cm]
# name 4 = sal00: Salinity, Practical [PSU]
# name 5 = depSM: Depth [salt water, m], lat = 54.00
# name 6 = oxsatMm/Kg: Oxygen Saturation, Weiss [umol/kg]
# name 7 = oxsolMm/Kg: Oxygen Saturation, Garcia & Gordon [umol/kg]
# name 8 = turbWETntu0: Turbidity, WET Labs ECO [NTU]
# name 9 = flECO-AFL: Fluorescence, WET Labs ECO-AFL/FL [mg/m^3]
# name 10 = flag:  0.000e+00
# span 0 = 150.532911, 150.533880       
# span 1 =      0.830,      9.825       
# span 2 =    15.5489,    15.5678       
# span 3 =  37.564295,  37.601858       
# span 4 =    29.7410,    29.7704       
# span 5 =      0.822,      9.737       
# span 6 =  253.75696,  253.86147       
# span 7 =  254.03394,  254.13810       
# span 8 =    -0.4401,   164.9607       
# span 9 =     2.5100,     5.4942       
# span 10 = 0.0000e+00, 0.0000e+00      
# interval = seconds: 0.25
# start_time = May 29 2024 12:45:57 [Instrument's time stamp, header]
# bad_flag = -9.990e-29
*END*
[from data line 263]
 150.533672      8.200    15.5507  37.583455    29.7619      8.126  253.84899  254.12524    28.9451     4.7663 -9.990e-29
 150.533675      8.170    15.5504  37.585119    29.7635      8.097  253.84731  254.12353    28.9607     4.7663 -9.990e-29
 150.533678      8.138    15.5504  37.584133    29.7627      8.065  253.84909  254.12532    28.9296     4.7421 -9.990e-29
 150.533681      8.107    15.5500  37.581791    29.7609      8.034  253.85384  254.13006    30.2369     4.4428 -9.990e-29
 150.533683      8.072    15.5502  37.582962    29.7618      8.000  253.85144  254.12766    30.2214     4.4550 -9.990e-29
 150.533686      8.050    15.5503  37.584440    29.7631      7.978  253.84887  254.12508    30.2681     4.4550 -9.990e-29
 150.533689      8.032    15.5500  37.584810    29.7636      7.960  253.84917  254.12537    30.3303     4.4388 -9.990e-29
 150.533692      8.027    15.5503  37.585118    29.7637      7.955  253.84781  254.12403    20.1980     4.2326 -9.990e-29
 150.533695      8.034    15.5503  37.580435    29.7596      7.962  253.85499  254.13123    20.2603     4.2528 -9.990e-29
 150.533698      8.050    15.5501  37.580928    29.7601      7.978  253.85483  254.13106    20.2136     4.2124 -9.990e-29
 150.533701      8.083    15.5501  37.580866    29.7601      8.011  253.85494  254.13118    20.2914     4.2488 -9.990e-29
 150.533704      8.120    15.5502  37.583331    29.7634      8.047  253.84866  254.12487    23.9957     4.5480 -9.990e-29
 150.533707      8.165    15.5503  37.584811    29.7619      8.092  253.85116  254.12739    23.9490     4.5419 0.0000e+00
 150.533709      8.205    15.5503  37.581360    29.7624      8.132  253.84866  254.12487    23.9957     4.5439 0.0000e+00
 150.533712      8.247    15.5506  37.584010    29.7603      8.173  253.85137  254.12764    24.1202     4.5439 0.0000e+00
 150.533715      8.287    15.5509  37.581360    29.7621      8.213  253.84847  254.12470    31.2019     4.7946 0.0000e+00
 150.533718      8.337    15.5509  37.584010    29.7621      8.262  253.84734  254.12360    31.2642     4.7946 0.0000e+00
 150.533721      8.404    15.5507  37.585058    29.7628      8.329  253.84697  254.12322    31.2953     4.7946 0.0000e+00
 150.533724      8.474    15.5507  37.584688    29.7628      8.398  253.84697  254.12322    31.2953     4.7866 0.0000e+00
 150.533727      8.552    15.5507  37.580868    29.7609      8.475  253.85106  254.12730    31.2953     4.7866 0.0000e+00
 150.533730      8.638    15.5507  37.582470    29.7595      8.560  253.85316  254.12943    37.8945     4.5803 0.0000e+00
 150.533733      8.720    15.5507  37.580191    29.7599      8.642  253.85106  254.12730    37.8945     4.5642 0.0000e+00
 150.533736      8.797    15.5510  37.581793    29.7596      8.718  253.85141  254.12769    37.9101     4.5763 0.0000e+00
 150.533738      8.857    15.5511  37.581362    29.7597      8.778  253.85091  254.12720    37.8712     4.5702 0.0000e+00
 150.533741      8.895    15.5510  37.581177    29.7596      8.816  253.85141  254.12769    37.9101     4.5763 -9.990e-29
 150.533744      8.917    15.5514  37.584135    29.7616      8.838  253.84544  254.12172    39.6377     4.5803 -9.990e-29
 150.533747      8.908    15.5518  37.582286    29.7598      8.828  253.84709  254.12340    39.7311     4.5682 -9.990e-29
 150.533750      8.881    15.5518  37.582718    29.7602      8.801  253.84641  254.12272    39.6377     4.5803 -9.990e-29
 150.533753      8.835    15.5518  37.581608    29.7592      8.756  253.84808  254.12440    46.2992     4.8229 -9.990e-29
 150.533756      8.784    15.5519  37.579944    29.7576      8.705  253.85001  254.12635    46.2214     4.8189 -9.990e-29
 150.533759      8.733    15.5516  37.579205    29.7572      8.655  253.85229  254.12861    46.1747     4.7825 -9.990e-29
 150.533762      8.693    15.5515  37.576986    29.7554      8.615  253.85595  254.13229    46.3148     4.7906 -9.990e-29
 150.533764      8.665    15.5517  37.581361    29.7591      8.588  253.84865  254.12497    33.6922     4.5682 -9.990e-29
 150.533767      8.654    15.5518  37.580683    29.7585      8.577  253.84939  254.12571    33.7233     4.5520 -9.990e-29
 150.533770      8.667    15.5521  37.576986    29.7550      8.590  253.85388  254.13025    33.7389     4.5358 -9.990e-29
 150.533773      8.703    15.5521  37.580683    29.7582      8.626  253.84824  254.12458    33.8012     4.5763 -9.990e-29
 150.533776      8.758    15.5522  37.576986    29.7549      8.680  253.85364  254.13001    33.7856     4.5682 -9.990e-29
 150.533779      8.820    15.5522  37.577418    29.7575      8.741  253.84900  254.12535    30.8284     4.6652 -9.990e-29
 150.533782      8.891    15.5522  37.580068    29.7580      8.812  253.84822  254.12457    30.8595     4.6875 0.0000e+00
 150.533785      8.955    15.5522  37.581116    29.7584      8.875  253.84744  254.12378    30.8284     4.6976 0.0000e+00
 150.533788      9.015    15.5521  37.581794    29.7591      8.935  253.84673  254.12306    30.8906     4.7097 0.0000e+00
 150.533791      9.061    15.5519  37.582718    29.7591      8.980  253.84673  254.12306    64.4004     4.9160 0.0000e+00
 150.533793      9.105    15.5518  37.580931    29.7584      9.023  253.84869  254.12502    64.4782     4.9160 0.0000e+00
 150.533796      9.143    15.5519  37.577234    29.7552      9.061  253.85467  254.13102    64.4004     4.9160 0.0000e+00
 150.533799      9.187    15.5523  37.575879    29.7552      9.105  253.85467  254.13102    64.3537     4.9321 0.0000e+00
 150.533802      9.225    15.5526  37.581363    29.7536      9.143  253.85500  254.13139    58.8128     5.3688 0.0000e+00
 150.533805      9.271    15.5529  37.574338    29.7562      9.188  253.84658  254.12298    58.7350     5.3850 0.0000e+00
 150.533808      9.318    15.5531  37.579515    29.7553      9.235  253.84695  254.12338    58.7039     5.3850 0.0000e+00
 150.533811      9.369    15.5533  37.578714    29.7556      9.285  253.84658  254.12298    58.7039     5.3850 0.0000e+00
 150.533814      9.426    15.5538  37.579515    29.7553      9.341  253.84494  254.12140    94.8751     5.4861 0.0000e+00
 150.533817      9.475    15.5540  37.578529    29.7546      9.390  253.84494  254.12140    94.8751     5.4942 0.0000e+00
 150.533819      9.524    15.5543  37.576989    29.7543      9.439  253.84494  254.12140    94.8751     5.4942 0.0000e+00
 150.533822      9.565    15.5543  37.578529    29.7537      9.479  253.84499  254.12147    94.8828     5.4901 0.0000e+00
 150.533825      9.590    15.5543  37.579515    29.7543      9.504  253.84382  254.12030    94.9062     5.4861 -9.990e-29
 150.533828      9.601    15.5547  37.574771    29.7507      9.515  253.84812  254.12465   124.4626     5.4618 -9.990e-29
 150.533831      9.594    15.5550  37.570765    29.7470      9.508  253.85307  254.12964   124.4471     5.4578 -9.990e-29
 150.533834      9.570    15.5551  37.573476    29.7492      9.484  253.84832  254.12488   124.5871     5.4335 -9.990e-29
 150.533837      9.532    15.5554  37.564295    29.7410      9.447  253.86147  254.13810   124.5093     5.4538 -9.990e-29
 150.533840      9.479    15.5554  37.569286    29.7454      9.394  253.85350  254.13011   110.4548     5.2597 -9.990e-29
 150.533843      9.404    15.5554  37.571442    29.7473      9.320  253.85016  254.12675   110.4393     5.2435 -9.990e-29
 150.533845      9.331    15.5558  37.571257    29.7469      9.248  253.84922  254.12583   110.4860     5.2718 -9.990e-29
 150.533848      9.274    15.5558  37.571873    29.7474      9.191  253.84795  254.12456   110.3148     5.2435 -9.990e-29
 150.533851      9.249    15.5559  37.569716    29.7455      9.166  253.85094  254.12757   109.4743     5.3931 -9.990e-29
 150.533854      9.254    15.5561  37.569039    29.7447      9.172  253.85139  254.12803   109.5366     5.4740 -9.990e-29
 150.533857      9.295    15.5561  37.569162    29.7448      9.211  253.85123  254.12787   109.3965     5.4457 -9.990e-29
 150.533860      9.369    15.5562  37.567067    29.7429      9.285  253.85389  254.13055   109.3809     5.4254 -9.990e-29
 150.533863      9.462    15.5563  37.569594    29.7450      9.378  253.84979  254.12644   108.0891     5.3971 -9.990e-29
 150.533866      9.561    15.5565  37.569718    29.7431      9.475  253.85185  254.12852   108.1202     5.1100 -9.990e-29
 150.533869      9.656    15.5566  37.567746    29.7428      9.569  253.85225  254.12892   108.1436     5.1080 0.0000e+00
 150.533872      9.736    15.5566  37.567069    29.7427      9.649  253.85185  254.12852   108.1669     5.1060 0.0000e+00
 150.533874      9.791    15.5566  37.567500    29.7426      9.703  253.85218  254.12886   108.1747     5.1040 0.0000e+00
 150.533877      9.823    15.5567  37.568363    29.7427      9.736  253.85172  254.12840   108.1825     5.1020 -9.990e-29
 150.533880      9.825    15.5569  37.569595    29.7444      9.737  253.84765  254.12433   164.9607     5.4942 -9.990e-29
