seaocn-cb/data/ctd_cnv/SBE19plus_01907321_2024_05_28_Cast89.cnv
* Sea-Bird SBE19plus  Data File:
* FileName = E:\Prandtl_Daten\2024\28052024\raw\SBE19plus_01907321_2024_05_28_Cast89.hex
* Software version 2.6.1.12
* Temperature SN = 7321
* Conductivity SN = 7321
* System UpLoad Time = May 28 2024 10:44:15
* <ApplicationData>
* <Seaterm232>
** 20240527
** Sea Practical 2024
** MCat 27.05 CTD_SP5
** NMEA Latitude = 54 7.73N
** NMEA Longitude = 008 25.52E
** waterdepth = 9.2m
** Isabelle
# nquan = 11
# nvalues = 383                         
# units = specified
# name 0 = timeJ: Julian Days
# name 1 = prdM: Pressure, Strain Gauge [db]
# name 2 = tv290C: Temperature [ITS-90, deg C]
# name 3 = c0mS/cm: Conductivity [mS/cm]
# name 4 = sal00: Salinity, Practical [PSU]
# name 5 = depSM: Depth [salt water, m], lat = 54.00
# name 6 = oxsatMm/Kg: Oxygen Saturation, Weiss [umol/kg]
# name 7 = oxsolMm/Kg: Oxygen Saturation, Garcia & Gordon [umol/kg]
# name 8 = turbWETntu0: Turbidity, WET Labs ECO [NTU]
# name 9 = flECO-AFL: Fluorescence, WET Labs ECO-AFL/FL [mg/m^3]
# name 10 = flag:  0.000e+00
# span 0 = 149.443828, 149.444933       
# span 1 =      0.324,      8.524       
# span 2 =    16.2875,    16.7391       
# span 3 =  36.981652,  37.058183       
# span 4 =    28.4312,    28.7324       
# span 5 =      0.321,      8.448       
# span 6 =  250.20494,  251.93761       
# span 7 =  250.54505,  252.25593       
# span 8 =    -2.7436,   162.1747       
# span 9 =     2.7486,    10.8075       
# span 10 = 0.0000e+00, 0.0000e+00      
# interval = seconds: 0.25
# start_time = May 28 2024 10:37:02 [Instrument's time stamp, header]
# bad_flag = -9.990e-29
*END*
[from data line 263]
 149.444589      7.215    16.3263  37.024682    28.7046      7.150  251.78728  252.10751    38.4704     6.4768 -9.990e-29
 149.444592      7.195    16.3239  37.024927    28.7066      7.130  251.79591  252.11602    38.4860     6.4930 -9.990e-29
 149.444595      7.200    16.3208  37.025602    28.7094      7.136  251.80633  252.12628    38.4237     6.4768 -9.990e-29
 149.444598      7.239    16.3183  37.020641    28.7069      7.174  251.82300  252.14285    42.9685     5.9147 -9.990e-29
 149.444601      7.298    16.3140  37.026889    28.7152      7.233  251.82993  252.14954    42.8440     5.9228 -9.990e-29
 149.444604      7.373    16.3130  37.026767    28.7168      7.307  251.83236  252.15192    42.8907     5.9046 0.0000e+00
 149.444606      7.455    16.3120  37.028789    28.7184      7.389  251.83480  252.15429    42.9373     5.8864 0.0000e+00
 149.444609      7.532    16.3096  37.029035    28.7203      7.465  251.84318  252.16256    48.8050     4.7663 0.0000e+00
 149.444612      7.598    16.3080  37.028790    28.7212      7.530  251.84959  252.16888    48.8362     4.7582 0.0000e+00
 149.444615      7.650    16.3075  37.028545    28.7214      7.581  251.85174  252.17100    48.8362     4.7622 0.0000e+00
 149.444618      7.677    16.3070  37.027749    28.7217      7.609  251.85388  252.17313    48.8362     4.7582 -9.990e-29
 149.444621      7.687    16.3062  37.026953    28.7209      7.618  251.85926  252.17847    41.5521     5.3729 -9.990e-29
 149.444624      7.681    16.3056  37.028607    28.7227      7.612  251.85891  252.17809    41.6144     5.3648 -9.990e-29
 149.444627      7.674    16.3054  37.027872    28.7222      7.605  251.86060  252.17977    41.8167     5.3769 -9.990e-29
 149.444630      7.681    16.3055  37.020644    28.7159      7.612  251.87099  252.19021    41.7700     5.3648 -9.990e-29
 149.444633      7.685    16.3059  37.027504    28.7215      7.616  251.85934  252.17854    43.7155     5.5104 -9.990e-29
 149.444635      7.699    16.3074  37.026953    28.7200      7.630  251.85476  252.17404    43.5910     5.4821 -9.990e-29
 149.444638      7.721    16.3087  37.026524    28.7188      7.652  251.85014  252.16948    43.5443     5.4861 -9.990e-29
 149.444641      7.748    16.3085  37.026646    28.7191      7.679  251.85082  252.17015    43.5988     5.4901 0.0000e+00
 149.444644      7.785    16.3083  37.026953    28.7194      7.715  251.85151  252.17083    43.6533     5.4942 0.0000e+00
 149.444647      7.827    16.3079  37.027504    28.7201      7.757  251.85222  252.17151    63.8089     7.4918 0.0000e+00
 149.444650      7.869    16.3076  37.027627    28.7202      7.799  251.85296  252.17224    63.8401     7.4998 0.0000e+00
 149.444653      7.907    16.3070  37.026953    28.7204      7.837  251.85638  252.17563    63.8401     7.4998 0.0000e+00
 149.444656      7.944    16.3066  37.027505    28.7209      7.873  251.85678  252.17602    64.0580     7.4998 0.0000e+00
 149.444659      7.984    16.3061  37.028546    28.7222      7.912  251.85737  252.17657    95.9801     6.4323 0.0000e+00
 149.444661      8.018    16.3056  37.028363    28.7222      7.946  251.85946  252.17864    96.0580     6.4161 0.0000e+00
 149.444664      8.051    16.3051  37.026893    28.7221      7.979  251.86251  252.18167    96.1358     6.4101 0.0000e+00
 149.444667      8.076    16.3046  37.028363    28.7219      8.004  251.86556  252.18469    96.2914     6.4040 -9.990e-29
 149.444670      8.095    16.3013  37.028792    28.7258      8.022  251.87478  252.19375    97.6766     9.0607 -9.990e-29
 149.444673      8.115    16.2997  37.028548    28.7268      8.042  251.88116  252.20004    97.4743     9.0688 -9.990e-29
 149.444676      8.129    16.2989  37.027874    28.7268      8.056  251.88517  252.20401    97.4432     9.1213 -9.990e-29
 149.444679      8.140    16.2983  37.027935    28.7273      8.067  251.88748  252.20630    97.4120     9.0849 -9.990e-29
 149.444682      8.144    16.2982  37.028364    28.7277      8.071  251.88715  252.20596   111.4354     6.2706 -9.990e-29
 149.444685      8.149    16.2983  37.026955    28.7264      8.076  251.88894  252.20776   111.4976     6.3191 -9.990e-29
 149.444687      8.155    16.2982  37.027507    28.7269      8.082  251.88843  252.20724   111.5755     6.2867 -9.990e-29
 149.444690      8.166    16.2976  37.027201    28.7271      8.093  251.89129  252.21007   111.4198     6.2706 -9.990e-29
 149.444693      8.190    16.2965  37.027936    28.7271      8.116  251.89658  252.21532   107.6533     6.9984 -9.990e-29
 149.444696      8.226    16.2963  37.026282    28.7274      8.153  251.89747  252.21619   107.6611     7.0085 0.0000e+00
 149.444699      8.270    16.2960  37.026527    28.7277      8.196  251.89835  252.21705   107.6533     6.9984 0.0000e+00
 149.444702      8.319    16.2954  37.027508    28.7289      8.245  251.89902  252.21770   107.6689     6.9782 0.0000e+00
 149.444705      8.354    16.2952  37.027447    28.7291      8.280  251.89997  252.21865   107.6767     6.9782 0.0000e+00
 149.444708      8.384    16.2949  37.027447    28.7292      8.309  251.90093  252.21959   107.7467     6.9782 -9.990e-29
 149.444711      8.402    16.2935  37.027753    28.7304      8.326  251.90561  252.22419   104.1047     7.3866 -9.990e-29
 149.444714      8.411    16.2932  37.027876    28.7308      8.336  251.90664  252.22520   104.0113     7.3866 -9.990e-29
 149.444716      8.415    16.2931  37.026896    28.7300      8.339  251.90869  252.22725   104.0424     7.3907 -9.990e-29
 149.444719      8.404    16.2931  37.028366    28.7313      8.329  251.90651  252.22506   118.9062     6.6143 -9.990e-29
 149.444722      8.386    16.2931  37.027447    28.7305      8.311  251.90786  252.22642   118.8440     6.5900 -9.990e-29
 149.444725      8.362    16.2932  37.026467    28.7296      8.287  251.90869  252.22727   118.9218     6.6143 -9.990e-29
 149.444728      8.335    16.2935  37.027630    28.7304      8.260  251.90606  252.22463   118.9218     6.6143 -9.990e-29
 149.444731      8.324    16.2935  37.027630    28.7304      8.249  251.90605  252.22463   107.4665     6.7801 -9.990e-29
 149.444734      8.309    16.2935  37.027753    28.7305      8.234  251.90586  252.22444   107.4198     6.7962 -9.990e-29
 149.444737      8.311    16.2932  37.028120    28.7310      8.236  251.90622  252.22478   107.5132     6.8245 -9.990e-29
 149.444740      8.313    16.2931  37.027079    28.7302      8.238  251.90806  252.22662   107.4821     6.8003 -9.990e-29
 149.444742      8.322    16.2929  37.026773    28.7301      8.247  251.90942  252.22797   107.4976     6.8245 -9.990e-29
 149.444745      8.331    16.2923  37.026283    28.7301      8.256  251.91225  252.23078   120.7428     7.1642 -9.990e-29
 149.444748      8.333    16.2919  37.026651    28.7307      8.259  251.91321  252.23172   120.6183     7.2168 -9.990e-29
 149.444751      8.330    16.2916  37.027202    28.7314      8.255  251.91359  252.23208   120.5716     7.1521 -9.990e-29
 149.444754      8.321    16.2915  37.026528    28.7309      8.246  251.91488  252.23337   120.5716     7.2047 -9.990e-29
 149.444757      8.308    16.2914  37.027079    28.7314      8.234  251.91466  252.23314   116.4315     7.7222 -9.990e-29
 149.444760      8.295    16.2912  37.027202    28.7317      8.221  251.91507  252.23354   116.3537     7.6980 -9.990e-29
 149.444763      8.279    16.2914  37.026650    28.7311      8.205  251.91528  252.23376   116.3848     7.7061 -9.990e-29
 149.444766      8.268    16.2914  37.026957    28.7314      8.194  251.91482  252.23330   116.4159     7.6778 -9.990e-29
 149.444769      8.271    16.2910  37.026528    28.7312      8.197  251.91666  252.23512   125.4120     6.0401 -9.990e-29
 149.444771      8.297    16.2910  37.026896    28.7316      8.223  251.91643  252.23489   125.5833     6.0280 -9.990e-29
 149.444774      8.333    16.2906  37.026283    28.7317      8.259  251.91785  252.23630   125.5833     6.0239 -9.990e-29
 149.444777      8.378    16.2906  37.026773    28.7317      8.303  251.91785  252.23630   125.5833     6.0239 0.0000e+00
 149.444780      8.418    16.2906  37.026651    28.7317      8.343  251.91785  252.23630   125.5833     6.0239 -9.990e-29
 149.444783      8.440    16.2904  37.025610    28.7308      8.364  251.92051  252.23895   110.4860     6.4161 -9.990e-29
 149.444786      8.445    16.2904  37.025548    28.7308      8.370  251.92061  252.23904   110.4393     6.4161 -9.990e-29
 149.444789      8.436    16.2906  37.026283    28.7313      8.361  251.91891  252.23735   110.4082     6.4283 -9.990e-29
 149.444792      8.414    16.2906  37.027202    28.7320      8.339  251.91724  252.23568   110.3459     6.4040 -9.990e-29
 149.444795      8.379    16.2906  37.027325    28.7322      8.304  251.91734  252.23578   109.6611     6.4161 -9.990e-29
 149.444797      8.346    16.2905  37.026957    28.7320      8.272  251.91817  252.23660   109.6766     6.4242 -9.990e-29
 149.444800      8.323    16.2906  37.026957    28.7319      8.248  251.91755  252.23599   109.7233     6.4566 -9.990e-29
 149.444803      8.295    16.2906  37.026222    28.7313      8.221  251.91893  252.23737   109.6144     6.4202 -9.990e-29
 149.444806      8.275    16.2903  37.026283    28.7315      8.201  251.91972  252.23815   155.7934     7.3947 -9.990e-29
 149.444809      8.263    16.2900  37.025548    28.7311      8.189  251.92201  252.24042   155.6844     7.3947 -9.990e-29
 149.444812      8.257    16.2898  37.026099    28.7318      8.183  251.92209  252.24049   155.6377     7.3745 -9.990e-29
 149.444815      8.268    16.2898  37.026283    28.7319      8.194  251.92182  252.24022   155.4354     7.3907 -9.990e-29
 149.444818      8.281    16.2895  37.026222    28.7320      8.207  251.92282  252.24121   151.2019     6.8650 -9.990e-29
 149.444821      8.303    16.2896  37.024262    28.7303      8.229  251.92543  252.24384   151.1864     6.8650 -9.990e-29
 149.444823      8.319    16.2895  37.026283    28.7321      8.245  251.92275  252.24114   151.1085     6.8650 -9.990e-29
 149.444826      8.334    16.2896  37.024936    28.7309      8.260  251.92445  252.24285   151.1241     6.8529 -9.990e-29
 149.444829      8.334    16.2897  37.025181    28.7310      8.259  251.92379  252.24219   120.1669     7.9649 -9.990e-29
 149.444832      8.338    16.2894  37.024262    28.7304      8.263  251.92605  252.24445   120.2603     7.9689 -9.990e-29
 149.444835      8.342    16.2891  37.024507    28.7308      8.267  251.92689  252.24527   120.1358     7.9729 -9.990e-29
 149.444838      8.347    16.2889  37.022424    28.7292      8.272  251.93088  252.24926   120.1980     7.9527 -9.990e-29
 149.444841      8.363    16.2885  37.024078    28.7309      8.288  251.92994  252.24829   120.1513     7.9689 -9.990e-29
 149.444844      8.369    16.2884  37.023343    28.7303      8.294  251.93133  252.24968   125.7078     6.9863 -9.990e-29
 149.444847      8.371    16.2882  37.022241    28.7296      8.296  251.93387  252.25221   125.7700     7.0065 -9.990e-29
 149.444850      8.366    16.2882  37.024262    28.7313      8.291  251.93057  252.24891   125.8323     6.9782 -9.990e-29
 149.444852      8.358    16.2885  37.023833    28.7307      8.283  251.93030  252.24865   125.6922     7.0308 -9.990e-29
 149.444855      8.353    16.2890  37.024262    28.7307      8.278  251.92786  252.24623   142.3615     6.7194 -9.990e-29
 149.444858      8.349    16.2890  37.023833    28.7303      8.275  251.92819  252.24657   142.5638     6.7679 -9.990e-29
 149.444861      8.346    16.2893  37.024691    28.7309      8.271  251.92602  252.24441   142.6261     6.7154 -9.990e-29
 149.444864      8.342    16.2894  37.025364    28.7314      8.267  251.92472  252.24311   142.4393     6.7518 -9.990e-29
 149.444867      8.342    16.2891  37.024017    28.7304      8.267  251.92762  252.24600   162.1747     6.6143 -9.990e-29
 149.444870      8.334    16.2890  37.023833    28.7304      8.260  251.92849  252.24686   161.8945     6.6062 -9.990e-29
 149.444873      8.329    16.2889  37.024262    28.7308      8.254  251.92815  252.24652   162.0657     6.6224 -9.990e-29
 149.444876      8.338    16.2889  37.024017    28.7306      8.264  251.92852  252.24689   161.8945     6.6062 -9.990e-29
 149.444878      8.351    16.2887  37.022914    28.7298      8.276  251.93076  252.24912   121.8478     6.8731 -9.990e-29
 149.444881      8.358    16.2884  37.022302    28.7295      8.283  251.93287  252.25122   121.9101     6.8731 -9.990e-29
 149.444884      8.364    16.2882  37.021567    28.7290      8.289  251.93486  252.25321   121.7856     6.8488 -9.990e-29
 149.444887      8.358    16.2877  37.021016    28.7289      8.283  251.93747  252.25580   121.8167     6.8650 -9.990e-29
 149.444890      8.343    16.2875  37.021322    28.7293      8.269  251.93761  252.25593   121.8167     6.8650 -9.990e-29
 149.444893      8.321    16.2876  37.022914    28.7306      8.247  251.93494  252.25325   117.9101    10.8075 -9.990e-29
 149.444896      8.290    16.2878  37.024262    28.7316      8.216  251.93203  252.25035   117.8323    10.7914 -9.990e-29
 149.444899      8.256    16.2886  37.023343    28.7303      8.182  251.93067  252.24903   117.9568    10.7954 -9.990e-29
 149.444902      8.223    16.2887  37.022914    28.7298      8.149  251.93069  252.24905   117.9724    10.7954 -9.990e-29
 149.444905      8.199    16.2886  37.022301    28.7294      8.126  251.93218  252.25054    84.4938     5.9430 -9.990e-29
 149.444907      8.194    16.2882  37.023343    28.7305      8.121  251.93184  252.25018    84.6494     5.9471 -9.990e-29
 149.444910      8.205    16.2884  37.024262    28.7312      8.132  251.92988  252.24823    84.4782     5.9390 -9.990e-29
 149.444913      8.234    16.2889  37.024690    28.7312      8.161  251.92746  252.24583    84.6961     5.9633 -9.990e-29
 149.444916      8.280    16.2890  37.024262    28.7307      8.206  251.92752  252.24590    90.4704     7.1036 -9.990e-29
 149.444919      8.333    16.2891  37.025793    28.7320      8.258  251.92492  252.24329    90.4237     7.1319 -9.990e-29
 149.444922      8.383    16.2892  37.025855    28.7323      8.308  251.92395  252.24233    90.3692     7.1279 0.0000e+00
 149.444925      8.440    16.2893  37.026774    28.7320      8.365  251.92299  252.24137    90.4237     7.1238 0.0000e+00
 149.444928      8.484    16.2896  37.026222    28.7322      8.408  251.92221  252.24060   111.0230     7.1117 0.0000e+00
 149.444931      8.513    16.2899  37.028121    28.7317      8.437  251.92143  252.23984   131.7311     7.0995 -9.990e-29
 149.444933      8.524    16.2912  37.028183    28.7324      8.448  251.91375  252.23221   154.2836     7.0227 -9.990e-29
