seaocn-cb/data/ctd_cnv/SBE19plus_01907321_2024_05_25_Cast59.cnv
* Sea-Bird SBE19plus  Data File:
* FileName = E:\Prandtl_Daten\2024\25052024\raw\SBE19plus_01907321_2024_05_25_Cast59.hex
* Software version 2.6.1.12
* Temperature SN = 7321
* Conductivity SN = 7321
* System UpLoad Time = May 25 2024 13:09:43
* <ApplicationData>
* <Seaterm232>
** 20240525
** Sea Practical 2024
** MCat 25.05 CTD_SP1
** NMEA Latitude = 054 07.80N
** NMEA Longitude = 008 46.36E
** waterdepth =15.8m
** Isabelle
# nquan = 11
# nvalues = 571                         
# units = specified
# name 0 = timeJ: Julian Days
# name 1 = prdM: Pressure, Strain Gauge [db]
# name 2 = tv290C: Temperature [ITS-90, deg C]
# name 3 = c0mS/cm: Conductivity [mS/cm]
# name 4 = sal00: Salinity, Practical [PSU]
# name 5 = depSM: Depth [salt water, m], lat = 54.00
# name 6 = oxsatMm/Kg: Oxygen Saturation, Weiss [umol/kg]
# name 7 = oxsolMm/Kg: Oxygen Saturation, Garcia & Gordon [umol/kg]
# name 8 = turbWETntu0: Turbidity, WET Labs ECO [NTU]
# name 9 = flECO-AFL: Fluorescence, WET Labs ECO-AFL/FL [mg/m^3]
# name 10 = flag:  0.000e+00
# span 0 = 146.543634, 146.545284       
# span 1 =      0.544,     14.745       
# span 2 =    16.8839,    17.7908       
# span 3 =  35.770332,  36.095846       
# span 4 =    26.9086,    27.2650       
# span 5 =      0.539,     14.612       
# span 6 =  247.68920,  251.52837       
# span 7 =  248.08113,  251.88218       
# span 8 =    -2.9615,    23.6066       
# span 9 =     4.1072,     9.3195       
# span 10 = 0.0000e+00, 0.0000e+00      
# interval = seconds: 0.25
# start_time = May 25 2024 13:01:22 [Instrument's time stamp, header]
# bad_flag = -9.990e-29
*END*
 146.543634      0.544    17.7851  36.087719    26.9123      0.539  247.71583  248.10757    -2.4634     4.1598 0.0000e+00
 146.543637      0.599    17.7856  36.095843    26.9174      0.593  247.70275  248.09448    -2.4167     4.1194 0.0000e+00
 146.543640      0.683    17.7872  36.095661    26.9174      0.676  247.69713  248.08893    -2.4012     4.1072 0.0000e+00
 146.543643      0.777    17.7894  36.093903    26.9145      0.770  247.69151  248.08341    -2.4012     4.1194 0.0000e+00
 146.543646      0.861    17.7906  36.091478    26.9115      0.853  247.69151  248.08341    -2.2922     4.1194 0.0000e+00
 146.543649      0.936    17.7908  36.089902    26.9110      0.928  247.69118  248.08316    -2.2611     4.4044 0.0000e+00
 146.543652      0.978    17.7906  36.088387    26.9104      0.969  247.69276  248.08473    -2.1055     4.6895 -9.990e-29
 146.543655      0.991    17.7875  36.090448    26.9129      0.982  247.70355  248.09539    -2.2767     4.6895 -9.990e-29
 146.543657      0.976    17.7872  36.092995    26.9152      0.967  247.70096  248.09277    -2.2144     4.6976 -9.990e-29
 146.543660      0.951    17.7871  36.089478    26.9124      0.942  247.70643  248.09825    -2.6346     4.9402 -9.990e-29
 146.543663      0.925    17.7871  36.090569    26.9132      0.917  247.70460  248.09642    -2.6813     4.9402 -9.990e-29
 146.543666      0.912    17.7861  36.088629    26.9123      0.904  247.71101  248.10280    -2.6346     4.9321 -9.990e-29
 146.543669      0.925    17.7828  36.084446    26.9110      0.917  247.72896  248.12063    -2.8837     4.6289 -9.990e-29
 146.543672      0.963    17.7818  36.084447    26.9122      0.955  247.73207  248.12370    -2.9615     4.6289 0.0000e+00
 146.543675      1.027    17.7807  36.085599    26.9118      1.018  247.73518  248.12676    -2.9148     4.6289 0.0000e+00
 146.543678      1.108    17.7793  36.082690    26.9119      1.098  247.74454  248.13607    -2.9148     4.6289 0.0000e+00
 146.543681      1.190    17.7779  36.081781    26.9119      1.179  247.74698  248.13840    -2.8837     4.6289 0.0000e+00
 146.543683      1.266    17.7777  36.086388    26.9162      1.255  247.74698  248.13840    -2.8370     4.4509 0.0000e+00
 146.543686      1.325    17.7775  36.088389    26.9169      1.313  247.74483  248.13626    -2.7203     4.4408 0.0000e+00
 146.543689      1.361    17.7777  36.088389    26.9175      1.349  247.74268  248.13411    -2.8370     4.4509 -9.990e-29
 146.543692      1.368    17.7799  36.084873    26.9131      1.356  247.73916  248.13070    -2.5724     4.4145 -9.990e-29
 146.543695      1.357    17.7810  36.091905    26.9182      1.345  247.72538  248.11694    -2.6502     4.4590 -9.990e-29
 146.543698      1.334    17.7820  36.088328    26.9146      1.322  247.72689  248.11851    -2.7436     4.6127 -9.990e-29
 146.543701      1.307    17.7827  36.087479    26.9134      1.295  247.72525  248.11690    -2.7125     4.6208 -9.990e-29
 146.543704      1.297    17.7837  36.090995    26.9157      1.286  247.71696  248.10863    -2.6502     4.6208 -9.990e-29
 146.543707      1.308    17.7852  36.092996    26.9173      1.297  247.70711  248.09883    -2.8059     4.2204 -9.990e-29
 146.543709      1.348    17.7856  36.094087    26.9163      1.336  247.70678  248.09853    -2.7203     4.2285 0.0000e+00
 146.543712      1.410    17.7860  36.092329    26.9173      1.398  247.70645  248.09822    -2.7747     4.2366 0.0000e+00
 146.543715      1.485    17.7867  36.095846    26.9160      1.472  247.69914  248.09092    -2.7280     4.2366 0.0000e+00
 146.543718      1.560    17.7875  36.094391    26.9160      1.546  247.69838  248.09020    -2.7280     4.2488 0.0000e+00
 146.543721      1.631    17.7885  36.093239    26.9143      1.617  247.69628  248.08814    -2.7125     4.8634 0.0000e+00
 146.543724      1.680    17.7889  36.091481    26.9133      1.665  247.69595  248.08783    -2.6814     4.8695 0.0000e+00
 146.543727      1.711    17.7893  36.092997    26.9123      1.696  247.69562  248.08753    -2.6502     4.8755 -9.990e-29
 146.543730      1.722    17.7903  36.093664    26.9135      1.707  247.68920  248.08113    -2.7125     4.8553 -9.990e-29
 146.543733      1.713    17.7902  36.087722    26.9086      1.698  247.69771  248.08968    -2.4167     5.2314 -9.990e-29
 146.543736      1.702    17.7889  36.090147    26.9115      1.687  247.69903  248.09093    -2.4323     5.2556 -9.990e-29
 146.543738      1.699    17.7871  36.086025    26.9092      1.683  247.71126  248.10310    -2.4790     5.2435 -9.990e-29
 146.543741      1.702    17.7809  36.082691    26.9116      1.687  247.73717  248.12876    -2.3545     5.2354 -9.990e-29
 146.543744      1.728    17.7789  36.083965    26.9107      1.712  247.74827  248.13979    -2.4168     5.0717 0.0000e+00
 146.543747      1.775    17.7769  36.078509    26.9102      1.759  247.75937  248.15082    -2.4167     4.9321 0.0000e+00
 146.543750      1.839    17.7728  36.075843    26.9102      1.823  247.77803  248.16933    -2.4167     4.9200 0.0000e+00
 146.543753      1.908    17.7696  36.077844    26.9122      1.891  247.78713  248.17828    -2.4167     4.9200 0.0000e+00
 146.543756      1.974    17.7670  36.073662    26.9124      1.957  247.80260  248.19366    -2.4167     4.9200 0.0000e+00
 146.543759      2.029    17.7651  36.070935    26.9123      2.011  247.81151  248.20249    -2.4478     4.9362 0.0000e+00
 146.543762      2.065    17.7632  36.071481    26.9124      2.047  247.82041  248.21132    -2.4790     4.9645 -9.990e-29
 146.543764      2.075    17.7531  36.062269    26.9119      2.056  247.86949  248.26001    -2.4790     4.9887 -9.990e-29
 146.543767      2.078    17.7504  36.065118    26.9160      2.060  247.87582  248.26622    -2.5724     4.9766 -9.990e-29
 146.543770      2.071    17.7482  36.064027    26.9165      2.052  247.88511  248.27542    -1.8409     5.0373 -9.990e-29
 146.543773      2.056    17.7462  36.058754    26.9135      2.038  247.89988  248.29013    -1.9965     5.0696 -9.990e-29
 146.543776      2.053    17.7444  36.063785    26.9189      2.034  247.89976  248.28991    -1.9343     5.0494 -9.990e-29
 146.543779      2.064    17.7418  36.065118    26.9176      2.045  247.91407  248.30413    -2.3701     5.2597 -9.990e-29
 146.543782      2.093    17.7413  36.060209    26.9202      2.074  247.91241  248.30244    -2.4090     5.2657 0.0000e+00
 146.543785      2.151    17.7407  36.065543    26.9206      2.132  247.91407  248.30413    -2.3701     5.2597 0.0000e+00
 146.543788      2.221    17.7406  36.062877    26.9224      2.201  247.91299  248.30297    -2.4479     5.2718 0.0000e+00
 146.543791      2.292    17.7404  36.064877    26.9206      2.271  247.91511  248.30510    -2.4323     5.2718 0.0000e+00
 146.543793      2.359    17.7392  36.051726    26.9177      2.338  247.93560  248.32560    -2.4323     5.2961 0.0000e+00
 146.543796      2.412    17.7366  36.054090    26.9149      2.391  247.94378  248.33367    -2.2611     5.3324 0.0000e+00
 146.543799      2.445    17.7339  36.055849    26.9177      2.423  247.95197  248.34173    -2.0899     5.3688 -9.990e-29
 146.543802      2.458    17.7274  36.060030    26.9269      2.436  247.96773  248.35719    -2.1055     5.3567 -9.990e-29
 146.543805      2.463    17.7296  36.066394    26.9307      2.441  247.95082  248.34034    -2.1988     5.3486 -9.990e-29
 146.543808      2.460    17.7328  36.063121    26.9259      2.438  247.94352  248.33319    -1.7008     4.7825 -9.990e-29
 146.543811      2.449    17.7348  36.063787    26.9251      2.427  247.93512  248.32488    -1.5763     4.7946 -9.990e-29
 146.543814      2.454    17.7357  36.061363    26.9225      2.432  247.93506  248.32486    -1.7164     4.7946 -9.990e-29
 146.543817      2.467    17.7369  36.060696    26.9193      2.445  247.93468  248.32454    -2.1833     4.8957 -9.990e-29
 146.543819      2.509    17.7366  36.058514    26.9217      2.487  247.93213  248.32197    -2.2066     4.9139 0.0000e+00
 146.543822      2.562    17.7363  36.063788    26.9227      2.539  247.93433  248.32414    -2.2144     4.9240 0.0000e+00
 146.543825      2.629    17.7358  36.061727    26.9227      2.606  247.93433  248.32414    -2.2144     4.9240 0.0000e+00
 146.543828      2.691    17.7336  36.054334    26.9181      2.667  247.95270  248.34245    -2.1833     4.9240 0.0000e+00
 146.543831      2.746    17.7314  36.051062    26.9181      2.722  247.96308  248.35274    -2.0043     4.9928 0.0000e+00
 146.543834      2.788    17.7292  36.045973    26.9181      2.763  247.97346  248.36303    -1.8253     5.0615 -9.990e-29
 146.543837      2.810    17.7146  36.051246    26.9279      2.785  248.02709  248.41605    -1.9187     5.0211 -9.990e-29
 146.543840      2.815    17.7118  36.044883    26.9245      2.790  248.04650  248.43537    -1.8720     5.0373 -9.990e-29
 146.543843      2.819    17.7083  36.040945    26.9235      2.794  248.06473  248.45347    -1.9965     5.0534 -9.990e-29
 146.543845      2.815    17.7028  36.039855    26.9262      2.790  248.08647  248.47499    -1.4518     5.1100 -9.990e-29
 146.543848      2.810    17.6971  36.039674    26.9299      2.785  248.10789  248.49616    -1.3428     5.1222 -9.990e-29
 146.543851      2.823    17.6849  36.035251    26.9299      2.797  248.16619  248.55400    -1.3739     5.0858 -9.990e-29
 146.543854      2.850    17.6811  36.029981    26.9299      2.825  248.18446  248.57213    -1.6463     5.7065 0.0000e+00
 146.543857      2.897    17.6774  36.023863    26.9299      2.871  248.20273  248.59025    -1.9187     6.3272 0.0000e+00
 146.543860      2.957    17.6677  36.025803    26.9378      2.931  248.23586  248.62295    -1.9187     6.3636 0.0000e+00
 146.543863      3.025    17.6625  36.025622    26.9410      2.998  248.25513  248.64201    -1.9498     6.3636 0.0000e+00
 146.543866      3.089    17.6593  36.023623    26.9414      3.061  248.26976  248.65652    -1.9498     6.3474 0.0000e+00
 146.543869      3.142    17.6561  36.019868    26.9420      3.114  248.28437  248.67100    -1.8175     5.7651 0.0000e+00
 146.543872      3.177    17.6528  36.017325    26.9426      3.148  248.29898  248.68547    -1.6852     5.1828 -9.990e-29
 146.543874      3.198    17.6379  36.011571    26.9455      3.170  248.36563  248.75153    -1.7942     5.1586 -9.990e-29
 146.543877      3.202    17.6331  36.012904    26.9499      3.174  248.38183  248.76751    -1.6385     5.1343 -9.990e-29
 146.543880      3.200    17.6296  36.009149    26.9490      3.172  248.39981  248.78537    -1.6852     5.4457 -9.990e-29
 146.543883      3.198    17.6273  36.013753    26.9544      3.170  248.40211  248.78755    -1.7319     5.4497 -9.990e-29
 146.543886      3.202    17.6246  36.009392    26.9526      3.174  248.41814  248.80349    -1.6852     5.4254 -9.990e-29
 146.543889      3.219    17.6140  36.007212    26.9573      3.190  248.46077  248.84568    -1.5918     5.4416 -9.990e-29
 146.543892      3.252    17.6106  36.006728    26.9594      3.223  248.47407  248.85884    -1.6697     5.4032 0.0000e+00
 146.543895      3.299    17.6071  36.006184    26.9614      3.270  248.48737  248.87199    -1.7008     5.3729 0.0000e+00
 146.543898      3.359    17.6003  36.004550    26.9646      3.329  248.51488  248.89921    -1.7008     5.3729 0.0000e+00
 146.543900      3.419    17.5948  36.005883    26.9675      3.389  248.53327  248.91736    -1.7008     5.3729 0.0000e+00
 146.543903      3.472    17.5903  36.000190    26.9675      3.441  248.55804  248.94196    -1.6074     5.3567 0.0000e+00
 146.543906      3.512    17.5879  35.995770    26.9673      3.481  248.57016  248.95398    -1.7241     5.3567 0.0000e+00
 146.543909      3.542    17.5854  36.001039    26.9671      3.510  248.58227  248.96600    -1.6074     5.3567 -9.990e-29
 146.543912      3.553    17.5801  36.001464    26.9753      3.521  248.59393  248.97742    -1.6697     5.3729 -9.990e-29
 146.543915      3.556    17.5796  36.003220    26.9771      3.524  248.59335  248.97680    -1.6230     5.3850 -9.990e-29
 146.543918      3.553    17.5797  35.995347    26.9705      3.521  248.60403  248.98752    -1.1405     5.3405 -9.990e-29
 146.543921      3.556    17.5796  35.996558    26.9716      3.524  248.60265  248.98614    -1.1716     5.3769 -9.990e-29
 146.543924      3.573    17.5785  35.998436    26.9735      3.541  248.60469  248.98812    -1.1872     5.3567 -9.990e-29
 146.543927      3.607    17.5784  35.998012    26.9738      3.575  248.60490  248.98832    -1.6774     5.0676 0.0000e+00
 146.543929      3.649    17.5782  35.998618    26.9735      3.617  248.60511  248.98852    -2.1677     4.7866 0.0000e+00
 146.543932      3.709    17.5779  35.997104    26.9731      3.676  248.60818  248.99160    -2.1677     4.7866 0.0000e+00
 146.543935      3.769    17.5763  35.994500    26.9720      3.736  248.61776  249.00112    -2.2300     4.7866 0.0000e+00
 146.543938      3.835    17.5729  35.991836    26.9720      3.801  248.63426  249.01749    -2.1677     4.7946 0.0000e+00
 146.543941      3.881    17.5697  35.990080    26.9734      3.846  248.64717  249.03026    -2.1521     4.7885 0.0000e+00
 146.543944      3.915    17.5666  35.991172    26.9747      3.880  248.66007  249.04303    -2.0743     4.7946 -9.990e-29
 146.543947      3.937    17.5524  35.985722    26.9804      3.902  248.71874  249.10112    -1.4206     4.7663 -9.990e-29
 146.543950      3.950    17.5457  35.987237    26.9862      3.915  248.74151  249.12359    -1.3273     4.7219 -9.990e-29
 146.543953      3.950    17.5396  35.987661    26.9905      3.915  248.76330  249.14512    -1.3117     4.7663 -9.990e-29
 146.543955      3.948    17.5348  35.986390    26.9927      3.913  248.78311  249.16473    -0.6424     5.1262 -9.990e-29
 146.543958      3.950    17.5306  35.984635    26.9940      3.915  248.80112  249.18256    -0.5490     5.1020 -9.990e-29
 146.543961      3.965    17.5245  35.983969    26.9990      3.929  248.82174  249.20292    -0.6424     5.1020 -9.990e-29
 146.543964      3.998    17.5237  35.985907    26.9979      3.962  248.82746  249.20862    -1.3273     5.2900 0.0000e+00
 146.543967      4.043    17.5229  35.981971    26.9990      4.007  248.83318  249.21431    -1.8409     5.4780 0.0000e+00
 146.543970      4.098    17.5205  35.985484    26.9999      4.061  248.83731  249.21831    -1.8564     5.4901 0.0000e+00
 146.543973      4.151    17.5182  35.981972    26.9999      4.114  248.85064  249.23157    -1.8564     5.5023 0.0000e+00
 146.543976      4.204    17.5157  35.979793    26.9999      4.166  248.86305  249.24388    -1.8564     5.5023 0.0000e+00
 146.543979      4.240    17.5138  35.978037    27.0002      4.202  248.87113  249.25188    -1.6852     5.2071 0.0000e+00
 146.543981      4.270    17.5120  35.977614    27.0007      4.231  248.87920  249.25988    -1.3895     4.9119 -9.990e-29
 146.543984      4.291    17.5058  35.976282    27.0034      4.253  248.90500  249.28542    -1.4362     4.9160 -9.990e-29
 146.543987      4.299    17.5026  35.978281    27.0072      4.260  248.91402  249.29429    -1.3584     4.8998 -9.990e-29
 146.543990      4.302    17.4997  35.976525    27.0076      4.264  248.92705  249.30720    -1.4362     4.9240 -9.990e-29
 146.543993      4.308    17.4975  35.977858    27.0102      4.269  248.93357  249.31363    -1.1560     5.4780 -9.990e-29
 146.543996      4.324    17.4952  35.972772    27.0082      4.286  248.94785  249.32782    -1.1249     5.5225 -9.990e-29
 146.543999      4.357    17.4944  35.973680    27.0086      4.318  248.95126  249.33120    -1.1638     5.5144 0.0000e+00
 146.544002      4.401    17.4935  35.973257    27.0082      4.361  248.95468  249.33458    -1.1249     5.5063 0.0000e+00
 146.544005      4.459    17.4907  35.967748    27.0090      4.419  248.97300  249.35280    -0.4712     5.0251 0.0000e+00
 146.544008      4.519    17.4876  35.969928    27.0101      4.479  248.98147  249.36114    -0.3467     5.0251 0.0000e+00
 146.544010      4.574    17.4836  35.969928    27.0128      4.533  248.99642  249.37591    -0.3467     5.0211 0.0000e+00
