seaocn-cb/data/ctd_cnv/SBE19plus_01907321_2024_05_27_Cast83.cnv
* Sea-Bird SBE19plus  Data File:
* FileName = E:\Prandtl_Daten\2024\27052024\raw\SBE19plus_01907321_2024_05_27_Cast83.hex
* Software version 2.6.1.12
* Temperature SN = 7321
* Conductivity SN = 7321
* System UpLoad Time = May 27 2024 11:51:09
* <ApplicationData>
* <Seaterm232>
** 20240527
** Sea Practical 2024
** MCat 27.05 CTD_SP5
** NMEA Latitude = 54 7.781N
** NMEA Longitude = 008 25.579E
** waterdepth = 10.5m
** Merle
# nquan = 11
# nvalues = 334                         
# units = specified
# name 0 = timeJ: Julian Days
# name 1 = prdM: Pressure, Strain Gauge [db]
# name 2 = tv290C: Temperature [ITS-90, deg C]
# name 3 = c0mS/cm: Conductivity [mS/cm]
# name 4 = sal00: Salinity, Practical [PSU]
# name 5 = depSM: Depth [salt water, m], lat = 54.00
# name 6 = oxsatMm/Kg: Oxygen Saturation, Weiss [umol/kg]
# name 7 = oxsolMm/Kg: Oxygen Saturation, Garcia & Gordon [umol/kg]
# name 8 = turbWETntu0: Turbidity, WET Labs ECO [NTU]
# name 9 = flECO-AFL: Fluorescence, WET Labs ECO-AFL/FL [mg/m^3]
# name 10 = flag:  0.000e+00
# span 0 = 148.490579, 148.491542       
# span 1 =      0.385,      9.414       
# span 2 =    15.8224,    16.3166       
# span 3 =  37.120354,  37.440842       
# span 4 =    29.0665,    29.1581       
# span 5 =      0.382,      9.330       
# span 6 =  251.20944,  253.53266       
# span 7 =  251.52673,  253.82650       
# span 8 =    -3.9420,    18.3615       
# span 9 =     1.5759,     4.8998       
# span 10 = 0.0000e+00, 0.0000e+00      
# interval = seconds: 0.25
# start_time = May 27 2024 11:45:06 [Instrument's time stamp, header]
# bad_flag = -9.990e-29
*END*
[from data line 263]
 148.491340      7.527    15.8288  37.128751    29.1538      7.460  253.49587  253.78998    15.0307     4.1072 0.0000e+00
 148.491343      7.578    15.8280  37.123538    29.1529      7.511  253.50676  253.80086    15.0307     4.0991 0.0000e+00
 148.491345      7.629    15.8269  37.123048    29.1529      7.561  253.51063  253.80462    14.9996     4.0830 0.0000e+00
 148.491348      7.679    15.8261  37.125747    29.1558      7.610  253.51063  253.80462     8.8984     3.8242 0.0000e+00
 148.491351      7.721    15.8259  37.126912    29.1558      7.652  253.51063  253.80462     8.8517     3.8039 0.0000e+00
 148.491354      7.761    15.8258  37.124214    29.1558      7.691  253.51183  253.80582     8.8750     3.8019 0.0000e+00
 148.491357      7.790    15.8258  37.125502    29.1547      7.720  253.51418  253.80817     8.8517     3.7797 -9.990e-29
 148.491360      7.814    15.8251  37.123724    29.1547      7.744  253.51734  253.81129    12.3381     4.1598 -9.990e-29
 148.491363      7.828    15.8250  37.125318    29.1562      7.758  253.51553  253.80946    12.3692     4.2124 -9.990e-29
 148.491366      7.837    15.8250  37.125993    29.1567      7.767  253.51422  253.80815    12.3226     4.2124 -9.990e-29
 148.491369      7.852    15.8250  37.127158    29.1578      7.782  253.51276  253.80668    12.1980     4.1679 -9.990e-29
 148.491372      7.863    15.8249  37.124644    29.1556      7.793  253.51687  253.81080    12.3848     4.1962 -9.990e-29
 148.491374      7.883    15.8247  37.123295    29.1546      7.813  253.51951  253.81345    14.1591     4.8998 -9.990e-29
 148.491377      7.903    15.8246  37.124889    29.1567      7.833  253.51671  253.81062    14.2214     4.8836 -9.990e-29
 148.491380      7.931    15.8246  37.125564    29.1567      7.860  253.51671  253.81062    14.2214     4.8836 0.0000e+00
 148.491383      7.958    15.8246  37.122804    29.1567      7.887  253.51671  253.81062    14.2214     4.8836 -9.990e-29
 148.491386      7.983    15.8245  37.123540    29.1549      7.912  253.52009  253.81402    14.0035     4.2811 -9.990e-29
 148.491389      8.005    15.8242  37.124644    29.1561      7.934  253.51963  253.81353    13.7233     4.3054 -9.990e-29
 148.491392      8.022    15.8240  37.123786    29.1555      7.950  253.52153  253.81543    13.9879     4.2164 -9.990e-29
 148.491395      8.042    15.8238  37.122805    29.1548      7.970  253.52392  253.81781    14.0346     4.2730 -9.990e-29
 148.491398      8.058    15.8239  37.120781    29.1529      7.986  253.52640  253.82030    18.3615     4.3175 -9.990e-29
 148.491400      8.082    15.8241  37.123541    29.1547      8.010  253.52240  253.81630    18.1436     4.3862 -9.990e-29
 148.491403      8.108    15.8241  37.123050    29.1544      8.035  253.52287  253.81677    18.2370     4.3559 0.0000e+00
 148.491406      8.148    15.8242  37.122253    29.1547      8.075  253.52240  253.81630    18.1436     4.3256 0.0000e+00
 148.491409      8.190    15.8242  37.123480    29.1540      8.117  253.52333  253.81724    17.9879     4.3256 0.0000e+00
 148.491412      8.239    15.8236  37.121211    29.1547      8.165  253.52602  253.81989    17.9568     4.3337 0.0000e+00
 148.491415      8.292    15.8234  37.122499    29.1547      8.218  253.52602  253.81989    17.9568     4.3337 0.0000e+00
 148.491418      8.343    15.8231  37.124216    29.1547      8.268  253.52602  253.81989    17.8945     4.3013 0.0000e+00
 148.491421      8.385    15.8231  37.120721    29.1562      8.310  253.52506  253.81890    17.7389     4.3013 0.0000e+00
 148.491424      8.423    15.8231  37.123971    29.1548      8.348  253.52751  253.82136    17.2330     4.3741 0.0000e+00
 148.491427      8.454    15.8231  37.122806    29.1562      8.379  253.52506  253.81890    16.7272     4.4631 -9.990e-29
 148.491429      8.473    15.8228  37.121825    29.1545      8.397  253.52922  253.82307    16.6027     4.4267 -9.990e-29
 148.491432      8.489    15.8226  37.120354    29.1534      8.413  253.53235  253.82620    16.5405     4.4509 -9.990e-29
 148.491435      8.496    15.8225  37.121212    29.1542      8.420  253.53136  253.82519    12.8984     4.5965 -9.990e-29
 148.491438      8.500    15.8224  37.123726    29.1564      8.424  253.52785  253.82167    13.1786     4.5318 -9.990e-29
 148.491441      8.500    15.8225  37.120354    29.1534      8.424  253.53266  253.82650    13.2564     4.5237 -9.990e-29
 148.491444      8.501    15.8228  37.120538    29.1534      8.425  253.53149  253.82534    13.2564     4.6127 -9.990e-29
 148.491447      8.516    15.8229  37.121887    29.1545      8.440  253.52886  253.82271     7.5599     4.1153 -9.990e-29
 148.491450      8.531    15.8231  37.121825    29.1553      8.454  253.52623  253.82008     7.5910     4.1436 -9.990e-29
 148.491453      8.560    15.8233  37.123052    29.1553      8.483  253.52546  253.81932     7.4899     4.1072 0.0000e+00
 148.491455      8.593    15.8235  37.123297    29.1553      8.516  253.52469  253.81856     7.5910     4.1436 0.0000e+00
 148.491458      8.627    15.8239  37.126363    29.1553      8.550  253.52130  253.81523    15.3109     4.8068 0.0000e+00
 148.491461      8.664    15.8246  37.122807    29.1569      8.586  253.51858  253.81245    15.3887     4.8432 0.0000e+00
 148.491464      8.700    15.8251  37.126609    29.1566      8.622  253.51349  253.80742    15.3731     4.8472 0.0000e+00
 148.491467      8.733    15.8256  37.126670    29.1566      8.655  253.51287  253.80686    15.3887     4.8472 0.0000e+00
 148.491470      8.773    15.8259  37.125076    29.1556      8.694  253.51163  253.80559    15.3731     4.8229 0.0000e+00
 148.491473      8.809    15.8259  37.125935    29.1556      8.731  253.51100  253.80499     8.9451     4.3903 0.0000e+00
 148.491476      8.848    15.8258  37.127590    29.1556      8.769  253.51100  253.80499     8.8984     4.3903 0.0000e+00
 148.491479      8.884    15.8258  37.123359    29.1562      8.805  253.50994  253.80393     8.8517     4.4186 0.0000e+00
 148.491481      8.914    15.8261  37.126671    29.1562      8.834  253.50994  253.80393     8.8517     4.4186 0.0000e+00
 148.491484      8.945    15.8266  37.129185    29.1562      8.864  253.50811  253.80215    18.2525     4.1072 0.0000e+00
 148.491487      8.976    15.8269  37.125935    29.1569      8.895  253.50437  253.79837    18.2525     4.1032 0.0000e+00
 148.491490      9.007    15.8272  37.128511    29.1555      8.926  253.50557  253.79961    18.2992     4.0466 0.0000e+00
 148.491493      9.039    15.8272  37.126855    29.1555      8.959  253.50557  253.79961    18.0657     4.1032 0.0000e+00
 148.491496      9.076    15.8271  37.124893    29.1547      8.995  253.50751  253.80156    16.5327     4.3337 0.0000e+00
 148.491499      9.105    15.8269  37.123728    29.1539      9.024  253.50945  253.80350    14.7661     4.6450 -9.990e-29
 148.491502      9.125    15.8258  37.124464    29.1544      9.044  253.51459  253.80858    14.4393     4.6491 -9.990e-29
 148.491505      9.147    15.8253  37.124648    29.1549      9.065  253.51612  253.81007    14.5794     4.6127 -9.990e-29
 148.491508      9.164    15.8251  37.121889    29.1526      9.082  253.52089  253.81486     8.2603     3.9778 -9.990e-29
 148.491510      9.176    15.8247  37.126181    29.1567      9.094  253.51590  253.80982     8.0891     4.0142 -9.990e-29
 148.491513      9.186    15.8242  37.123299    29.1545      9.103  253.52235  253.81626     8.3070     3.9536 -9.990e-29
 148.491516      9.191    15.8242  37.125323    29.1563      9.109  253.51929  253.81319     8.4159     4.0061 -9.990e-29
 148.491519      9.199    15.8240  37.124403    29.1556      9.116  253.52128  253.81517     8.3226     4.0304 -9.990e-29
 148.491522      9.211    15.8240  37.124648    29.1558      9.129  253.52092  253.81481     8.1358     4.1396 -9.990e-29
 148.491525      9.231    15.8240  37.125323    29.1570      9.149  253.51891  253.81279     8.1513     4.2124 -9.990e-29
 148.491528      9.268    15.8241  37.125998    29.1574      9.185  253.51799  253.81187     8.0579     4.2003 0.0000e+00
 148.491531      9.306    15.8241  37.127040    29.1570      9.223  253.51891  253.81279     8.1513     4.1881 0.0000e+00
 148.491534      9.352    15.8243  37.123055    29.1559      9.268  253.51934  253.81324     8.8907     4.0951 0.0000e+00
 148.491536      9.390    15.8245  37.122625    29.1540      9.306  253.52162  253.81555     9.8167     4.0021 -9.990e-29
 148.491539      9.407    15.8254  37.124894    29.1550      9.322  253.51560  253.80956     9.8634     3.9980 -9.990e-29
 148.491542      9.414    15.8256  37.126673    29.1564      9.330  253.51202  253.80598     9.6611     3.9455 -9.990e-29
