seaocn-cb/data/ctd_cnv/SBE19plus_01907321_2024_05_28_Cast101.cnv
* Sea-Bird SBE19plus  Data File:
* FileName = E:\Prandtl_Daten\2024\28052024\raw\SBE19plus_01907321_2024_05_28_Cast101.hex
* Software version 2.6.1.12
* Temperature SN = 7321
* Conductivity SN = 7321
* System UpLoad Time = May 28 2024 14:02:22
* <ApplicationData>
* <Seaterm232>
** 20240527
** Sea Practical 2024
** MCat 27.05 CTD_SP7
** NMEA Latitude = 54 8.36N
** NMEA Longitude = 008 20.85E
** waterdepth = 14.7m
** Isabelle
# nquan = 11
# nvalues = 496                         
# units = specified
# name 0 = timeJ: Julian Days
# name 1 = prdM: Pressure, Strain Gauge [db]
# name 2 = tv290C: Temperature [ITS-90, deg C]
# name 3 = c0mS/cm: Conductivity [mS/cm]
# name 4 = sal00: Salinity, Practical [PSU]
# name 5 = depSM: Depth [salt water, m], lat = 54.00
# name 6 = oxsatMm/Kg: Oxygen Saturation, Weiss [umol/kg]
# name 7 = oxsolMm/Kg: Oxygen Saturation, Garcia & Gordon [umol/kg]
# name 8 = turbWETntu0: Turbidity, WET Labs ECO [NTU]
# name 9 = flECO-AFL: Fluorescence, WET Labs ECO-AFL/FL [mg/m^3]
# name 10 = flag:  0.000e+00
# span 0 = 149.581308, 149.582740       
# span 1 =      0.486,     13.859       
# span 2 =    14.7198,    17.1479       
# span 3 =  37.661777,  38.193782       
# span 4 =    29.0933,    30.8047       
# span 5 =      0.482,     13.735       
# span 6 =  247.08475,  256.27972       
# span 7 =  247.43800,  256.50507       
# span 8 =    -4.7047,    -0.7825       
# span 9 =     2.0652,     9.1760       
# span 10 = 0.0000e+00, 0.0000e+00      
# interval = seconds: 0.25
# start_time = May 28 2024 13:55:53 [Instrument's time stamp, header]
# bad_flag = -9.990e-29
*END*
[from data line 394]
 149.582448     11.265    14.7257  38.027780    30.7937     11.165  256.26285  256.48852    -2.9148     8.7412 0.0000e+00
 149.582451     11.304    14.7258  38.029513    30.7952     11.202  256.25954  256.48521    -2.8837     8.7331 0.0000e+00
 149.582454     11.331    14.7258  38.029699    30.7952     11.229  256.25954  256.48521    -2.6813     8.3045 0.0000e+00
 149.582457     11.366    14.7258  38.024498    30.7941     11.264  256.26109  256.48677    -2.6035     8.2964 0.0000e+00
 149.582459     11.400    14.7258  38.028399    30.7924     11.298  256.26523  256.49091    -2.6035     8.2964 0.0000e+00
 149.582462     11.440    14.7257  38.026356    30.7928     11.338  256.26446  256.49014    -2.5413     8.2681 0.0000e+00
 149.582465     11.479    14.7257  38.026852    30.7928     11.376  256.26446  256.49014    -1.4673     7.2127 0.0000e+00
 149.582468     11.528    14.7256  38.031310    30.7957     11.425  256.26056  256.48621    -1.4206     7.2047 0.0000e+00
 149.582471     11.576    14.7255  38.029886    30.7957     11.472  256.26056  256.48621    -1.3895     7.2047 0.0000e+00
 149.582474     11.618    14.7254  38.029515    30.7957     11.513  256.26056  256.48621    -1.3895     7.1844 0.0000e+00
 149.582477     11.647    14.7255  38.030382    30.7957     11.542  256.26036  256.48600    -1.7709     7.1036 0.0000e+00
 149.582480     11.676    14.7254  38.028524    30.7961     11.571  256.25982  256.48546    -2.1522     7.0227 -9.990e-29
 149.582483     11.694    14.7243  38.029515    30.7962     11.590  256.26555  256.49113    -2.0588     7.0025 -9.990e-29
 149.582486     11.709    14.7238  38.031063    30.7980     11.604  256.26483  256.49037    -2.2300     6.9944 -9.990e-29
 149.582488     11.716    14.7236  38.028958    30.7963     11.611  256.26904  256.49459    -2.2144     6.9863 -9.990e-29
 149.582491     11.716    14.7236  38.031744    30.7988     11.611  256.26461  256.49013    -2.2144     8.1266 -9.990e-29
 149.582494     11.720    14.7235  38.031063    30.7983     11.615  256.26627  256.49179    -2.1522     8.0943 -9.990e-29
 149.582497     11.729    14.7234  38.031745    30.7990     11.624  256.26548  256.49099    -2.2144     8.0943 -9.990e-29
 149.582500     11.738    14.7237  38.031311    30.7983     11.633  256.26503  256.49056    -2.1055     8.1185 -9.990e-29
 149.582503     11.758    14.7241  38.031559    30.7982     11.653  256.26321  256.48876    -2.1210     9.1739 -9.990e-29
 149.582506     11.776    14.7249  38.030816    30.7977     11.671  256.25977  256.48537    -2.1522     9.1537 -9.990e-29
 149.582509     11.809    14.7248  38.031745    30.7966     11.703  256.26243  256.48803    -2.1366     9.1760 0.0000e+00
 149.582512     11.846    14.7247  38.028958    30.7975     11.740  256.26509  256.49070    -2.1210     9.1537 0.0000e+00
 149.582514     11.889    14.7239  38.030630    30.7974     11.783  256.26534  256.49089    -1.4673     6.9499 0.0000e+00
 149.582517     11.939    14.7231  38.029888    30.7974     11.832  256.26972  256.49523    -1.4362     6.9418 0.0000e+00
 149.582520     11.990    14.7230  38.027473    30.7974     11.882  256.26972  256.49523    -1.4362     6.9297 0.0000e+00
 149.582523     12.043    14.7229  38.031065    30.7985     11.935  256.26821  256.49370    -1.3895     6.9176 0.0000e+00
 149.582526     12.085    14.7228  38.031560    30.7991     11.976  256.26821  256.49370    -1.4518     6.5415 0.0000e+00
 149.582529     12.127    14.7224  38.031498    30.7991     12.018  256.26988  256.49533    -1.4518     6.5253 0.0000e+00
 149.582532     12.158    14.7222  38.029703    30.7979     12.049  256.27362  256.49907    -1.4518     6.5415 0.0000e+00
 149.582535     12.187    14.7221  38.028155    30.7972     12.078  256.27500  256.50045    -1.4362     6.5334 0.0000e+00
 149.582538     12.218    14.7221  38.031065    30.7966     12.109  256.27638  256.50184    -1.4051     6.5415 -9.990e-29
 149.582541     12.242    14.7209  38.031066    30.8001     12.132  256.27611  256.50148    -1.0938     6.9337 -9.990e-29
 149.582543     12.254    14.7206  38.032861    30.8020     12.145  256.27470  256.50003    -1.2027     6.9337 -9.990e-29
 149.582546     12.269    14.7203  38.031499    30.8009     12.159  256.27774  256.50307    -1.3117     6.9054 -9.990e-29
 149.582549     12.280    14.7201  38.030818    30.8005     12.170  256.27970  256.50502    -1.0938     6.9176 -9.990e-29
 149.582552     12.288    14.7203  38.033047    30.8023     12.178  256.27529  256.50061    -2.4323     8.7210 -9.990e-29
 149.582555     12.306    14.7203  38.033171    30.8025     12.196  256.27540  256.50070    -2.3078     8.6765 -9.990e-29
 149.582558     12.322    14.7211  38.034224    30.8022     12.212  256.27166  256.49702    -2.4167     8.6765 -9.990e-29
 149.582561     12.348    14.7213  38.033543    30.8015     12.237  256.27165  256.49702    -1.7319     8.3268 0.0000e+00
 149.582564     12.377    14.7215  38.032490    30.8008     12.266  256.27166  256.49702    -1.2650     7.9810 0.0000e+00
 149.582567     12.412    14.7218  38.031747    30.8003     12.301  256.27163  256.49702    -1.1249     7.9770 0.0000e+00
 149.582569     12.450    14.7218  38.032181    30.8003     12.338  256.27101  256.49643    -1.1249     7.9689 0.0000e+00
 149.582572     12.488    14.7217  38.033172    30.8013     12.377  256.27004  256.49544    -1.1249     7.9487 0.0000e+00
 149.582575     12.527    14.7217  38.033977    30.8017     12.415  256.26941  256.49480    -1.5919     7.3017 0.0000e+00
 149.582578     12.556    14.7217  38.034348    30.8020     12.443  256.26878  256.49417    -2.1055     6.6345 -9.990e-29
 149.582581     12.578    14.7227  38.030633    30.7982     12.465  256.27039  256.49586    -2.0899     6.6628 -9.990e-29
 149.582584     12.594    14.7223  38.031314    30.7991     12.481  256.27075  256.49620    -2.0899     6.6830 -9.990e-29
 149.582587     12.607    14.7217  38.032491    30.8006     12.494  256.27120  256.49660    -2.0743     6.6588 -9.990e-29
 149.582590     12.624    14.7215  38.030386    30.7988     12.511  256.27513  256.50054    -1.6852     7.9042 -9.990e-29
 149.582593     12.647    14.7209  38.030634    30.7989     12.534  256.27826  256.50363    -1.5607     7.8880 -9.990e-29
 149.582595     12.676    14.7209  38.029891    30.7991     12.563  256.27831  256.50368    -1.5530     7.9042 0.0000e+00
 149.582598     12.713    14.7208  38.030200    30.7993     12.599  256.27826  256.50363    -1.5607     7.8880 0.0000e+00
 149.582601     12.760    14.7207  38.032925    30.7993     12.646  256.27836  256.50373    -1.9343     6.8690 0.0000e+00
 149.582604     12.810    14.7207  38.030201    30.8011     12.695  256.27464  256.49997    -1.9343     6.8690 0.0000e+00
 149.582607     12.853    14.7211  38.032616    30.8011     12.738  256.27346  256.49883    -1.9187     6.8569 0.0000e+00
 149.582610     12.894    14.7213  38.033173    30.8012     12.778  256.27216  256.49755    -1.9032     6.8629 0.0000e+00
 149.582613     12.928    14.7215  38.033731    30.8013     12.812  256.27087  256.49626    -1.8876     6.8569 -9.990e-29
 149.582616     12.952    14.7215  38.032430    30.8006     12.836  256.27209  256.49748    -1.3428     6.6305 -9.990e-29
 149.582619     12.970    14.7214  38.033669    30.8018     12.854  256.27071  256.49608    -1.4518     6.6385 -9.990e-29
 149.582622     12.978    14.7213  38.033050    30.8013     12.861  256.27198  256.49736    -1.4518     6.6749 -9.990e-29
 149.582624     12.990    14.7212  38.031316    30.7998     12.874  256.27504  256.50042    -0.9070     7.2410 -9.990e-29
 149.582627     13.000    14.7211  38.034226    30.8025     12.883  256.27099  256.49635    -0.8759     7.2613 -9.990e-29
 149.582630     13.021    14.7204  38.032183    30.7996     12.905  256.27972  256.50507    -0.9537     7.2653 -9.990e-29
 149.582633     13.051    14.7205  38.030387    30.8007     12.934  256.27762  256.50296    -0.8992     7.2471 0.0000e+00
 149.582636     13.085    14.7205  38.032864    30.7998     12.968  256.27667  256.50204    -0.9537     7.2653 0.0000e+00
 149.582639     13.126    14.7209  38.031069    30.8005     13.008  256.27552  256.50085    -1.2806     7.7708 0.0000e+00
 149.582642     13.155    14.7211  38.031998    30.8003     13.037  256.27464  256.50001    -1.3117     7.7708 0.0000e+00
 149.582645     13.186    14.7211  38.031936    30.8003     13.068  256.27464  256.50001    -1.4051     7.7667 0.0000e+00
 149.582648     13.213    14.7209  38.031069    30.8003     13.095  256.27623  256.50158    -1.4051     7.7667 0.0000e+00
 149.582650     13.240    14.7208  38.031936    30.8002     13.122  256.27662  256.50198    -1.0938     7.4108 0.0000e+00
 149.582653     13.270    14.7207  38.034847    30.8007     13.151  256.27623  256.50158    -0.7825     7.0550 -9.990e-29
 149.582656     13.293    14.7208  38.032741    30.8020     13.174  256.27343  256.49877    -0.8448     7.0227 -9.990e-29
 149.582659     13.321    14.7210  38.033546    30.8027     13.201  256.27115  256.49649    -1.0316     7.1562 0.0000e+00
 149.582662     13.352    14.7212  38.035342    30.8020     13.232  256.27140  256.49681    -1.2183     7.2896 0.0000e+00
 149.582665     13.385    14.7218  38.032494    30.8003     13.265  256.27094  256.49635    -1.2494     7.2977 0.0000e+00
 149.582668     13.416    14.7219  38.032618    30.8003     13.295  256.27117  256.49658    -1.2494     7.3038 0.0000e+00
 149.582671     13.441    14.7219  38.033175    30.8003     13.321  256.27094  256.49635    -1.2494     7.2977 -9.990e-29
 149.582674     13.459    14.7218  38.034228    30.8018     13.339  256.26869  256.49409    -0.9381     7.7991 -9.990e-29
 149.582677     13.476    14.7217  38.035343    30.8029     13.355  256.26722  256.49260    -0.9226     7.7667 -9.990e-29
 149.582679     13.490    14.7216  38.034847    30.8025     13.370  256.26830  256.49368    -0.7825     7.7505 -9.990e-29
 149.582682     13.505    14.7215  38.034414    30.8022     13.384  256.26929  256.49467    -0.9693     7.7586 -9.990e-29
 149.582685     13.529    14.7214  38.034104    30.8006     13.407  256.27275  256.49814    -1.7164     8.4056 -9.990e-29
 149.582688     13.558    14.7212  38.032618    30.8014     13.436  256.27269  256.49806    -1.6541     8.4056 0.0000e+00
 149.582691     13.594    14.7209  38.033981    30.8023     13.472  256.27263  256.49797    -1.6852     8.4056 0.0000e+00
 149.582694     13.640    14.7206  38.034848    30.8023     13.518  256.27263  256.49797    -1.6852     8.4056 0.0000e+00
 149.582697     13.684    14.7206  38.033300    30.8019     13.561  256.27516  256.50051    -1.6852     8.4056 0.0000e+00
 149.582700     13.724    14.7205  38.032619    30.8019     13.601  256.27516  256.50051    -0.8603     7.1966 0.0000e+00
 149.582703     13.764    14.7206  38.035530    30.8025     13.641  256.27344  256.49877    -0.8292     7.1905 0.0000e+00
 149.582705     13.791    14.7205  38.035344    30.8039     13.668  256.27171  256.49702    -0.7981     7.1844 -9.990e-29
 149.582708     13.813    14.7202  38.034849    30.8035     13.689  256.27398  256.49928    -0.7981     7.1966 -9.990e-29
 149.582711     13.820    14.7205  38.033053    30.8017     13.696  256.27569  256.50102    -1.1560     7.3179 -9.990e-29
 149.582714     13.804    14.7206  38.033734    30.8022     13.680  256.27402  256.49935    -1.1249     7.3057 -9.990e-29
 149.582717     13.786    14.7202  38.034353    30.8031     13.662  256.27475  256.50005    -1.2494     7.2977 -9.990e-29
 149.582720     13.771    14.7200  38.034229    30.8031     13.648  256.27551  256.50081    -1.0782     7.3340 -9.990e-29
 149.582723     13.764    14.7202  38.032433    30.8014     13.640  256.27779  256.50310    -1.0471     7.6899 -9.990e-29
 149.582726     13.766    14.7204  38.032929    30.8016     13.642  256.27614  256.50146    -1.1094     7.6980 -9.990e-29
 149.582729     13.780    14.7202  38.033982    30.8028     13.657  256.27534  256.50064    -1.1405     7.7101 -9.990e-29
 149.582731     13.804    14.7198  38.035778    30.8047     13.680  256.27394  256.49920    -1.2650     7.7263 -9.990e-29
 149.582734     13.824    14.7199  38.033548    30.8025     13.700  256.27692  256.50221    -1.0160     7.7222 -9.990e-29
 149.582737     13.848    14.7202  38.033053    30.8019     13.724  256.27686  256.50217    -1.2183     7.6211 -9.990e-29
 149.582740     13.859    14.7203  38.033177    30.8019     13.735  256.27609  256.50141    -1.0782     7.6454 -9.990e-29
