seaocn-cb/data/ctd_cnv/SBE19plus_01907321_2024_05_30_Cast113.cnv
* Sea-Bird SBE19plus  Data File:
* FileName = E:\Prandtl_Daten\2024\30052024\raw\SBE19plus_01907321_2024_05_30_Cast113.hex
* Software version 2.6.1.12
* Temperature SN = 7321
* Conductivity SN = 7321
* System UpLoad Time = May 30 2024 08:40:45
* <ApplicationData>
* <Seaterm232>
** 20240529
** Sea Practical 2024
** MCat 30.05 CTD_SP7
** NMEA Latitude = 54 08.32N
** NMEA Longitude = 008 20.64E
** waterdepth = 12.4m
** Maja
# nquan = 11
# nvalues = 425                         
# units = specified
# name 0 = timeJ: Julian Days
# name 1 = prdM: Pressure, Strain Gauge [db]
# name 2 = tv290C: Temperature [ITS-90, deg C]
# name 3 = c0mS/cm: Conductivity [mS/cm]
# name 4 = sal00: Salinity, Practical [PSU]
# name 5 = depSM: Depth [salt water, m], lat = 54.00
# name 6 = oxsatMm/Kg: Oxygen Saturation, Weiss [umol/kg]
# name 7 = oxsolMm/Kg: Oxygen Saturation, Garcia & Gordon [umol/kg]
# name 8 = turbWETntu0: Turbidity, WET Labs ECO [NTU]
# name 9 = flECO-AFL: Fluorescence, WET Labs ECO-AFL/FL [mg/m^3]
# name 10 = flag:  0.000e+00
# span 0 = 151.357031, 151.358258       
# span 1 =      0.516,     12.091       
# span 2 =    15.2714,    16.0397       
# span 3 =  37.416344,  37.845536       
# span 4 =    29.2895,    30.2045       
# span 5 =      0.511,     11.983       
# span 6 =  252.20242,  254.49752       
# span 7 =  252.50546,  254.75645       
# span 8 =    -3.9109,    11.3887       
# span 9 =     1.0219,     4.0142       
# span 10 = 0.0000e+00, 0.0000e+00      
# interval = seconds: 0.25
# start_time = May 30 2024 08:32:56 [Instrument's time stamp, header]
# bad_flag = -9.990e-29
*END*
[from data line 394]
 151.358171     11.051    15.2779  37.838364    30.1945     10.952  254.47914  254.73848     5.7389     3.3955 0.0000e+00
 151.358174     11.099    15.2781  37.839229    30.1945     10.999  254.47914  254.73848     5.5521     3.3955 0.0000e+00
 151.358177     11.143    15.2782  37.841268    30.1945     11.043  254.47914  254.73848     5.6922     3.3955 0.0000e+00
 151.358180     11.188    15.2782  37.838735    30.1957     11.088  254.47653  254.73586     5.6922     3.3713 0.0000e+00
 151.358183     11.232    15.2782  37.840774    30.1957     11.131  254.47653  254.73586     7.6222     3.2257 0.0000e+00
 151.358186     11.281    15.2779  37.841578    30.1957     11.180  254.47653  254.73586     7.6222     3.2095 0.0000e+00
 151.358189     11.329    15.2775  37.839910    30.1967     11.227  254.47850  254.73776     7.6844     3.2095 0.0000e+00
 151.358192     11.378    15.2770  37.842382    30.1980     11.276  254.48037  254.73960     7.7311     3.2095 0.0000e+00
 151.358194     11.418    15.2765  37.842506    30.1981     11.316  254.48037  254.73960     8.8050     3.4522 0.0000e+00
 151.358197     11.455    15.2763  37.841702    30.1983     11.352  254.48174  254.74095     8.8050     3.4684 0.0000e+00
 151.358200     11.482    15.2761  37.842259    30.1981     11.379  254.48310  254.74231     8.8050     3.4845 -9.990e-29
 151.358203     11.496    15.2755  37.844113    30.2007     11.394  254.48172  254.74088     8.8517     3.4602 -9.990e-29
 151.358206     11.491    15.2751  37.843866    30.2008     11.388  254.48356  254.74269     7.8089     3.4522 -9.990e-29
 151.358209     11.473    15.2748  37.840343    30.1978     11.370  254.48988  254.74903     8.0268     3.4805 -9.990e-29
 151.358212     11.440    15.2745  37.844607    30.2019     11.337  254.48442  254.74352     7.9957     3.5007 -9.990e-29
 151.358215     11.394    15.2744  37.842011    30.1997     11.292  254.48900  254.74811     7.8556     3.4845 -9.990e-29
 151.358218     11.358    15.2744  37.843680    30.2011     11.256  254.48610  254.74520     8.1513     3.4805 -9.990e-29
 151.358220     11.320    15.2744  37.842506    30.2001     11.218  254.48789  254.74700     9.5988     3.2459 -9.990e-29
 151.358223     11.305    15.2745  37.842135    30.1997     11.204  254.48817  254.74728     9.6766     3.2945 -9.990e-29
 151.358226     11.312    15.2742  37.844359    30.2019     11.211  254.48589  254.74497     9.6766     3.3268 -9.990e-29
 151.358229     11.336    15.2738  37.843185    30.2012     11.235  254.48918  254.74825     9.6144     3.2864 -9.990e-29
 151.358232     11.384    15.2734  37.843680    30.2029     11.282  254.48851  254.74754     8.7272     3.3308 -9.990e-29
 151.358235     11.456    15.2733  37.844793    30.2030     11.354  254.48863  254.74766     8.7506     3.3551 0.0000e+00
 151.358238     11.540    15.2732  37.845040    30.2029     11.437  254.48876  254.74778     8.7739     3.3470 0.0000e+00
 151.358241     11.641    15.2727  37.844114    30.2030     11.536  254.49230  254.75130     8.8206     3.3470 0.0000e+00
 151.358244     11.745    15.2723  37.844114    30.2028     11.640  254.49353  254.75251    10.7350     3.2257 0.0000e+00
 151.358247     11.843    15.2722  37.843682    30.2030     11.737  254.49353  254.75251    10.8128     3.2257 0.0000e+00
 151.358249     11.936    15.2719  37.845536    30.2043     11.829  254.49371  254.75266    10.8128     3.2257 0.0000e+00
 151.358252     12.007    15.2719  37.845227    30.2045     11.900  254.49345  254.75240    10.8206     3.2156 0.0000e+00
 151.358255     12.080    15.2719  37.843188    30.2043     11.972  254.49371  254.75266    10.8284     3.1893 -9.990e-29
 151.358258     12.091    15.2714  37.843930    30.2034     11.983  254.49752  254.75645    11.3887     3.4158 -9.990e-29
