seaocn-cb/data/ctd_cnv/SBE19plus_01907321_2024_05_28_Cast96.cnv
* Sea-Bird SBE19plus  Data File:
* FileName = E:\Prandtl_Daten\2024\28052024\raw\SBE19plus_01907321_2024_05_28_Cast96.hex
* Software version 2.6.1.12
* Temperature SN = 7321
* Conductivity SN = 7321
* System UpLoad Time = May 28 2024 12:46:59
* <ApplicationData>
* <Seaterm232>
** 20240527
** Sea Practical 2024
** MCat 27.05 CTD_SP7
** NMEA Latitude = 54 8.36N
** NMEA Longitude = 008 20.85E
** waterdepth = 14.4m
** Maja
# nquan = 11
# nvalues = 519                         
# units = specified
# name 0 = timeJ: Julian Days
# name 1 = prdM: Pressure, Strain Gauge [db]
# name 2 = tv290C: Temperature [ITS-90, deg C]
# name 3 = c0mS/cm: Conductivity [mS/cm]
# name 4 = sal00: Salinity, Practical [PSU]
# name 5 = depSM: Depth [salt water, m], lat = 54.00
# name 6 = oxsatMm/Kg: Oxygen Saturation, Weiss [umol/kg]
# name 7 = oxsolMm/Kg: Oxygen Saturation, Garcia & Gordon [umol/kg]
# name 8 = turbWETntu0: Turbidity, WET Labs ECO [NTU]
# name 9 = flECO-AFL: Fluorescence, WET Labs ECO-AFL/FL [mg/m^3]
# name 10 = flag:  0.000e+00
# span 0 = 149.529123, 149.530622       
# span 1 =      0.577,     13.812       
# span 2 =    14.8960,    17.7270       
# span 3 =  37.139939,  37.932953       
# span 4 =    28.2822,    30.5733       
# span 5 =      0.572,     13.688       
# span 6 =  245.68578,  255.77718       
# span 7 =  246.06745,  256.01378       
# span 8 =    -4.4868,     3.7155       
# span 9 =     1.4546,     7.8355       
# span 10 = 0.0000e+00, 0.0000e+00      
# interval = seconds: 0.25
# start_time = May 28 2024 12:40:45 [Instrument's time stamp, header]
# bad_flag = -9.990e-29
*END*
[from data line 394]
 149.530263     11.041    14.9364  37.897686    30.5132     10.942  255.66992  255.90911    -2.5413     6.1897 -9.990e-29
 149.530266     11.061    14.9354  37.896202    30.5108     10.962  255.67928  255.91843    -1.8876     5.6479 -9.990e-29
 149.530269     11.072    14.9351  37.897068    30.5118     10.973  255.67908  255.91821    -1.6385     5.6115 -9.990e-29
 149.530272     11.072    14.9348  37.900036    30.5147     10.973  255.67556  255.91465    -1.5918     5.5912 -9.990e-29
 149.530275     11.071    14.9343  37.900160    30.5152     10.971  255.67711  255.91617    -1.6541     5.6236 -9.990e-29
 149.530278     11.074    14.9342  37.901644    30.5166     10.975  255.67535  255.91439    -1.5607     5.5387 -9.990e-29
 149.530281     11.083    14.9348  37.902201    30.5166     10.984  255.67218  255.91125    -1.4985     5.5144 -9.990e-29
 149.530284     11.113    14.9346  37.902201    30.5166     11.013  255.67350  255.91256    -1.4362     5.5063 0.0000e+00
 149.530286     11.151    14.9343  37.901644    30.5166     11.051  255.67482  255.91387    -1.4985     5.5144 0.0000e+00
 149.530289     11.202    14.9336  37.902387    30.5173     11.102  255.67629  255.91529    -1.6541     6.2746 0.0000e+00
 149.530292     11.262    14.9330  37.901459    30.5177     11.161  255.67629  255.91529    -1.6541     6.2948 0.0000e+00
 149.530295     11.319    14.9327  37.905294    30.5182     11.217  255.68010  255.91908    -1.6541     6.2948 0.0000e+00
 149.530298     11.363    14.9324  37.901769    30.5196     11.261  255.67907  255.91799    -1.6930     6.2806 0.0000e+00
 149.530301     11.388    14.9322  37.902820    30.5182     11.286  255.68287  255.92179    -1.8097     6.2665 -9.990e-29
 149.530304     11.401    14.9307  37.902882    30.5203     11.299  255.68664  255.92547    -1.5452     5.6074 -9.990e-29
 149.530307     11.408    14.9302  37.903068    30.5209     11.306  255.68809  255.92689    -1.7475     5.5993 -9.990e-29
 149.530310     11.406    14.9299  37.906222    30.5240     11.304  255.68457  255.92332    -1.6385     5.5670 -9.990e-29
 149.530313     11.399    14.9293  37.907026    30.5252     11.297  255.68562  255.92433    -1.7786     5.5629 -9.990e-29
 149.530315     11.388    14.9286  37.905542    30.5243     11.286  255.69026  255.92895    -1.8097     5.9066 -9.990e-29
 149.530318     11.392    14.9283  37.907088    30.5260     11.290  255.68899  255.92765    -1.9498     5.8945 -9.990e-29
 149.530321     11.412    14.9273  37.907954    30.5275     11.310  255.69143  255.93002    -1.9187     5.9026 -9.990e-29
 149.530324     11.448    14.9271  37.907954    30.5273     11.346  255.69285  255.93143    -1.8020     5.6438 0.0000e+00
 149.530327     11.503    14.9269  37.907274    30.5275     11.400  255.69427  255.93284    -1.6852     5.3931 0.0000e+00
 149.530330     11.571    14.9263  37.907769    30.5275     11.467  255.69585  255.93438    -1.6852     5.3850 0.0000e+00
 149.530333     11.635    14.9254  37.906409    30.5281     11.531  255.70122  255.93971    -1.7164     5.3931 0.0000e+00
 149.530336     11.695    14.9244  37.906595    30.5285     11.590  255.70473  255.94316    -1.7164     5.3769 0.0000e+00
 149.530339     11.741    14.9241  37.906842    30.5288     11.635  255.70585  255.94426    -1.5530     5.3850 0.0000e+00
 149.530341     11.766    14.9237  37.907028    30.5292     11.661  255.70698  255.94536    -1.3895     5.3769 -9.990e-29
 149.530344     11.782    14.9227  37.907956    30.5310     11.677  255.70901  255.94733    -1.5296     5.4052 -9.990e-29
 149.530347     11.784    14.9226  37.908450    30.5315     11.679  255.70852  255.94684    -1.4985     5.3931 -9.990e-29
 149.530350     11.773    14.9225  37.905606    30.5291     11.668  255.71358  255.95190    -1.6385     6.0927 -9.990e-29
 149.530353     11.762    14.9223  37.907090    30.5305     11.657  255.71181  255.95012    -1.6852     6.0603 -9.990e-29
 149.530356     11.761    14.9223  37.906348    30.5298     11.655  255.71298  255.95129    -1.6074     6.0684 -9.990e-29
 149.530359     11.777    14.9224  37.909749    30.5334     11.672  255.70629  255.94458    -1.7319     6.0927 -9.990e-29
 149.530362     11.812    14.9224  37.910429    30.5324     11.706  255.70855  255.94684    -1.5919     6.4505 0.0000e+00
 149.530365     11.861    14.9223  37.907956    30.5334     11.755  255.70629  255.94458    -1.4518     6.7882 0.0000e+00
 149.530367     11.923    14.9223  37.911976    30.5332     11.816  255.70940  255.94766    -1.4518     6.7882 0.0000e+00
 149.530370     11.987    14.9219  37.909812    30.5349     11.879  255.70805  255.94626    -1.4829     6.7882 0.0000e+00
 149.530373     12.045    14.9213  37.911977    30.5350     11.937  255.70940  255.94766    -1.4829     6.7679 0.0000e+00
 149.530376     12.083    14.9206  37.910060    30.5353     11.975  255.71247  255.95065    -1.3973     6.0360 0.0000e+00
 149.530379     12.111    14.9198  37.912410    30.5350     12.002  255.71689  255.95503    -1.3117     5.2839 -9.990e-29
 149.530382     12.120    14.9177  37.912658    30.5390     12.011  255.72064  255.95863    -1.3117     5.3082 -9.990e-29
 149.530385     12.120    14.9177  37.910740    30.5372     12.011  255.72366  255.96167    -1.3739     5.3001 -9.990e-29
 149.530388     12.115    14.9182  37.913523    30.5394     12.006  255.71753  255.95555    -1.1094     6.0522 -9.990e-29
 149.530391     12.102    14.9183  37.910060    30.5362     11.993  255.72269  255.96074    -1.2027     6.1048 -9.990e-29
 149.530394     12.089    14.9183  37.908638    30.5349     11.981  255.72464  255.96270    -1.0627     6.0320 -9.990e-29
 149.530396     12.093    14.9188  37.910431    30.5361     11.985  255.72008  255.95815    -1.1094     6.1331 -9.990e-29
 149.530399     12.113    14.9183  37.911668    30.5383     12.004  255.71873  255.95677    -0.9693     5.9309 -9.990e-29
 149.530402     12.155    14.9180  37.912410    30.5392     12.046  255.71879  255.95680    -1.0549     5.8965 0.0000e+00
 149.530405     12.215    14.9177  37.914018    30.5402     12.106  255.71873  255.95677    -1.1405     5.9066 0.0000e+00
 149.530408     12.281    14.9164  37.917544    30.5443     12.171  255.71884  255.95682    -1.1405     5.8703 0.0000e+00
 149.530411     12.352    14.9151  37.917545    30.5453     12.241  255.72293  255.96073    -1.0782     5.9066 0.0000e+00
 149.530414     12.405    14.9137  37.918473    30.5473     12.294  255.72700  255.96471    -0.6424     5.8945 0.0000e+00
 149.530417     12.448    14.9131  37.918658    30.5479     12.337  255.72933  255.96700    -0.6268     5.9107 0.0000e+00
 149.530420     12.476    14.9124  37.916123    30.5484     12.364  255.73165  255.96929    -0.6113     5.8945 -9.990e-29
 149.530422     12.488    14.9109  37.918906    30.5498     12.377  255.73679  255.97434    -0.5802     5.9026 -9.990e-29
 149.530425     12.492    14.9108  37.917113    30.5482     12.380  255.73991  255.97746    -1.1560     5.6802 -9.990e-29
 149.530428     12.485    14.9103  37.918721    30.5501     12.373  255.73940  255.97691    -1.2339     5.7045 -9.990e-29
 149.530431     12.472    14.9099  37.919772    30.5513     12.360  255.73918  255.97666    -1.3117     5.7125 -9.990e-29
 149.530434     12.469    14.9097  37.918906    30.5507     12.357  255.74141  255.97888    -1.2183     5.6964 -9.990e-29
 149.530437     12.490    14.9088  37.921133    30.5524     12.379  255.74316  255.98057    -0.0510     6.0360 -9.990e-29
 149.530440     12.525    14.9087  37.920020    30.5531     12.413  255.74244  255.97984    -0.0821     6.0785 0.0000e+00
 149.530443     12.573    14.9086  37.921504    30.5539     12.460  255.74172  255.97911    -0.0510     6.1210 0.0000e+00
 149.530446     12.618    14.9085  37.924226    30.5549     12.505  255.74172  255.97911    -0.0510     6.1210 0.0000e+00
 149.530448     12.667    14.9080  37.922185    30.5563     12.554  255.74273  255.98008     0.5871     5.7894 0.0000e+00
 149.530451     12.706    14.9076  37.923546    30.5558     12.592  255.74312  255.98044     0.6182     5.7853 0.0000e+00
 149.530454     12.739    14.9072  37.923114    30.5567     12.624  255.74351  255.98080     0.5871     5.7894 -9.990e-29
 149.530457     12.764    14.9055  37.924536    30.5590     12.650  255.74864  255.98582     0.5405     5.7772 -9.990e-29
 149.530460     12.782    14.9050  37.923114    30.5581     12.668  255.75263  255.98980     0.4938     5.7732 -9.990e-29
 149.530463     12.808    14.9047  37.924537    30.5596     12.693  255.75156  255.98870     0.6494     7.3260 -9.990e-29
 149.530466     12.830    14.9031  37.927568    30.5633     12.715  255.75328  255.99030     0.7428     7.3057 -9.990e-29
 149.530469     12.861    14.9027  37.927320    30.5628     12.746  255.75635  255.99335     0.8051     7.3118 0.0000e+00
 149.530472     12.894    14.9022  37.925465    30.5633     12.778  255.75747  255.99441     0.8673     7.3057 0.0000e+00
 149.530475     12.932    14.9018  37.927816    30.5623     12.816  255.75941  255.99640     1.1475     6.8245 0.0000e+00
 149.530477     12.967    14.9018  37.923857    30.5629     12.851  255.76046  255.99741     1.2020     6.8043 0.0000e+00
 149.530480     12.992    14.9018  37.926208    30.5611     12.876  255.76344  256.00042     1.1475     6.8245 -9.990e-29
 149.530483     13.007    14.9012  37.928496    30.5658     12.890  255.75875  255.99566     1.3809     6.7882 -9.990e-29
 149.530486     13.016    14.9002  37.928002    30.5661     12.899  255.76330  256.00015     1.2097     7.4715 -9.990e-29
 149.530489     13.018    14.8994  37.928682    30.5674     12.901  255.76512  256.00192     0.9918     7.4311 -9.990e-29
 149.530492     13.025    14.8990  37.927321    30.5664     12.908  255.76872  256.00551     1.2253     7.4473 -9.990e-29
 149.530495     13.032    14.8985  37.926456    30.5683     12.915  255.76823  256.00497     1.4276     6.5132 -9.990e-29
 149.530498     13.057    14.8986  37.928930    30.5689     12.940  255.76658  256.00333     1.3186     6.5253 0.0000e+00
 149.530501     13.085    14.8986  37.930476    30.5683     12.968  255.76823  256.00497     1.4276     6.5375 0.0000e+00
 149.530503     13.127    14.8987  37.928250    30.5675     13.009  255.76861  256.00538     1.3031     6.5375 0.0000e+00
 149.530506     13.169    14.8986  37.927817    30.5675     13.051  255.76861  256.00538     1.3031     6.5496 0.0000e+00
 149.530509     13.207    14.8988  37.929796    30.5679     13.089  255.76750  256.00425     1.2797     6.5395 0.0000e+00
 149.530512     13.242    14.8986  37.928745    30.5689     13.123  255.76638  256.00312     1.2564     6.5496 -9.990e-29
 149.530515     13.267    14.8975  37.932023    30.5718     13.148  255.76725  256.00390     0.6805     5.9916 -9.990e-29
 149.530518     13.286    14.8972  37.932024    30.5720     13.167  255.76841  256.00506     0.7584     5.9309 -9.990e-29
 149.530521     13.302    14.8972  37.928931    30.5692     13.183  255.77302  256.00968     0.7739     5.9511 -9.990e-29
 149.530524     13.315    14.8972  37.930477    30.5705     13.196  255.77058  256.00724     0.7117     7.1116 -9.990e-29
 149.530527     13.333    14.8968  37.930601    30.5710     13.214  255.77214  256.00876     0.9607     7.1157 -9.990e-29
 149.530530     13.357    14.8966  37.931158    30.5720     13.237  255.77119  256.00780     0.8206     7.0550 -9.990e-29
 149.530532     13.396    14.8966  37.931591    30.5707     13.276  255.77393  256.01055     1.1786     6.6790 0.0000e+00
 149.530535     13.438    14.8966  37.928498    30.5693     13.317  255.77668  256.01330     1.4432     6.3029 0.0000e+00
 149.530538     13.491    14.8968  37.926890    30.5693     13.370  255.77668  256.01330     1.5366     6.2948 0.0000e+00
 149.530541     13.543    14.8968  37.929921    30.5703     13.422  255.77414  256.01077     1.5988     6.2948 0.0000e+00
 149.530544     13.589    14.8966  37.929798    30.5703     13.467  255.77305  256.00969     1.5988     6.2948 0.0000e+00
 149.530547     13.624    14.8966  37.931344    30.5711     13.502  255.77322  256.00984     1.5677     6.2160 0.0000e+00
 149.530550     13.651    14.8965  37.930602    30.5718     13.529  255.77230  256.00891     1.5054     6.1371 -9.990e-29
 149.530553     13.666    14.8962  37.930664    30.5714     13.544  255.77427  256.01087     1.5988     6.1331 -9.990e-29
 149.530556     13.679    14.8962  37.929427    30.5703     13.556  255.77652  256.01312     1.5366     6.1533 -9.990e-29
 149.530558     13.679    14.8962  37.932458    30.5730     13.556  255.77145  256.00803     1.6299     6.1331 -9.990e-29
 149.530561     13.686    14.8964  37.930479    30.5711     13.563  255.77400  256.01061     1.8945     6.8569 -9.990e-29
 149.530564     13.695    14.8963  37.932953    30.5733     13.572  255.77039  256.00697     2.1747     6.8650 -9.990e-29
 149.530567     13.690    14.8965  37.930231    30.5708     13.567  255.77410  256.01072     2.0502     6.8650 -9.990e-29
 149.530570     13.675    14.8966  37.931778    30.5721     13.552  255.77136  256.00797     1.8790     6.8690 -9.990e-29
 149.530573     13.669    14.8966  37.932273    30.5726     13.547  255.77058  256.00718     3.2175     7.0995 -9.990e-29
 149.530576     13.673    14.8968  37.931345    30.5715     13.550  255.77118  256.00780     3.1241     7.1157 -9.990e-29
 149.530579     13.680    14.8966  37.930108    30.5706     13.558  255.77400  256.01062     3.3264     7.1521 -9.990e-29
 149.530582     13.687    14.8964  37.930046    30.5707     13.565  255.77468  256.01129     3.2953     7.1359 -9.990e-29
 149.530584     13.698    14.8962  37.929922    30.5707     13.576  255.77546  256.01207     2.6105     7.1076 -9.990e-29
 149.530587     13.704    14.8964  37.928685    30.5694     13.581  255.77684  256.01346     2.5638     7.1116 -9.990e-29
 149.530590     13.709    14.8964  37.930231    30.5708     13.586  255.77440  256.01101     2.6105     7.1076 -9.990e-29
 149.530593     13.707    14.8964  37.932706    30.5731     13.585  255.77050  256.00709     2.5949     7.1359 -9.990e-29
 149.530596     13.707    14.8965  37.930479    30.5710     13.585  255.77372  256.01033     2.8595     7.7344 -9.990e-29
 149.530599     13.711    14.8966  37.929922    30.5704     13.588  255.77402  256.01065     2.7817     7.6939 -9.990e-29
 149.530602     13.715    14.8966  37.931778    30.5720     13.592  255.77110  256.00771     2.7817     7.6980 -9.990e-29
 149.530605     13.717    14.8967  37.930479    30.5708     13.594  255.77286  256.00949     2.8751     7.7020 -9.990e-29
 149.530608     13.728    14.8967  37.931530    30.5718     13.605  255.77121  256.00783     2.7194     7.6899 -9.990e-29
 149.530611     13.737    14.8969  37.932273    30.5722     13.614  255.76917  256.00580     3.5755     7.3179 -9.990e-29
 149.530613     13.759    14.8969  37.931964    30.5720     13.635  255.76997  256.00659     3.6533     7.3098 -9.990e-29
 149.530616     13.779    14.8968  37.927819    30.5683     13.655  255.77681  256.01346     3.6533     7.2815 -9.990e-29
 149.530619     13.795    14.8965  37.929118    30.5697     13.671  255.77592  256.01255     3.7155     7.3057 -9.990e-29
 149.530622     13.812    14.8960  37.929428    30.5704     13.688  255.77718  256.01378     3.5599     7.8355 -9.990e-29
