seaocn-cb/data/ctd_cnv/SBE19plus_01907321_2024_05_22_Cast16.cnv
* Sea-Bird SBE19plus  Data File:
* FileName = E:\Prandtl_Daten\2024\CTD\raw\SBE19plus_01907321_2024_05_22_Cast16.hex
* Software version 2.6.1.12
* Temperature SN = 7321
* Conductivity SN = 7321
* System UpLoad Time = May 22 2024 12:33:28
* <ApplicationData>
* <Seaterm232>
** 20240522
** Sea Practical 2024
** MCat 22.05 CTD_M5
** NMEA Latitude = 53 059.11N
** NMEA Longitude = 008 23.09E
** waterdepth = 24.19m
** Arved
# nquan = 11
# nvalues = 729                         
# units = specified
# name 0 = timeJ: Julian Days
# name 1 = prdM: Pressure, Strain Gauge [db]
# name 2 = tv290C: Temperature [ITS-90, deg C]
# name 3 = c0mS/cm: Conductivity [mS/cm]
# name 4 = sal00: Salinity, Practical [PSU]
# name 5 = depSM: Depth [salt water, m], lat = 54.00
# name 6 = oxsatMm/Kg: Oxygen Saturation, Weiss [umol/kg]
# name 7 = oxsolMm/Kg: Oxygen Saturation, Garcia & Gordon [umol/kg]
# name 8 = turbWETntu0: Turbidity, WET Labs ECO [NTU]
# name 9 = flECO-AFL: Fluorescence, WET Labs ECO-AFL/FL [mg/m^3]
# name 10 = flag:  0.000e+00
# span 0 = 143.517269, 143.519375       
# span 1 =      0.577,     22.488       
# span 2 =    12.7737,    14.7957       
# span 3 =  36.534052,  37.826838       
# span 4 =    29.4148,    32.0725       
# span 5 =      0.572,     22.286       
# span 6 =  258.29353,  264.38771       
# span 7 =  258.53415,  264.48594       
# span 8 =    -4.7981,    59.2486       
# span 9 =     4.4752,     8.8342       
# span 10 = 0.0000e+00, 0.0000e+00      
# interval = seconds: 0.25
# start_time = May 22 2024 12:23:35 [Instrument's time stamp, header]
# bad_flag = -9.990e-29
*END*
[from data line 394]
 143.518409     12.725    12.9323  37.723172    31.9784     12.611  263.68105  263.79042    -4.5490     5.2354 -9.990e-29
 143.518411     12.722    12.9305  37.723172    31.9799     12.608  263.68811  263.79735    -4.5490     5.2516 -9.990e-29
 143.518414     12.711    12.9282  37.723419    31.9821     12.597  263.69672  263.80578    -4.6113     5.2637 -9.990e-29
 143.518417     12.705    12.9280  37.726505    31.9852     12.592  263.69221  263.80122    -4.3467     4.6895 -9.990e-29
 143.518420     12.709    12.9280  37.725271    31.9841     12.595  263.69435  263.80338    -4.4090     4.6652 -9.990e-29
 143.518423     12.718    12.9266  37.724530    31.9846     12.604  263.70129  263.81022    -4.3156     4.7421 -9.990e-29
 143.518426     12.742    12.9228  37.723420    31.9858     12.628  263.71945  263.82813    -4.3467     4.7057 -9.990e-29
 143.518429     12.778    12.9210  37.722556    31.9860     12.664  263.72913  263.83770    -4.3467     4.9483 0.0000e+00
 143.518432     12.822    12.9192  37.719718    31.9862     12.707  263.73882  263.84726    -4.3467     5.1586 0.0000e+00
 143.518435     12.871    12.9157  37.721631    31.9909     12.756  263.74909  263.85726    -4.3311     5.1586 0.0000e+00
 143.518438     12.928    12.9136  37.722064    31.9926     12.812  263.75685  263.86487    -4.3156     5.1586 0.0000e+00
 143.518440     12.986    12.9118  37.719904    31.9932     12.870  263.76743  263.87533    -4.3156     5.1545 0.0000e+00
 143.518443     13.050    12.9081  37.718115    31.9940     12.933  263.78527  263.89292    -4.3467     4.6086 0.0000e+00
 143.518446     13.110    12.9039  37.717869    31.9973     12.993  263.80240  263.90975    -4.3623     4.6086 0.0000e+00
 143.518449     13.174    12.9006  37.720091    32.0022     13.056  263.81158  263.91867    -4.3623     4.6248 0.0000e+00
 143.518452     13.241    12.8999  37.721326    32.0023     13.123  263.81372  263.92072    -4.3623     4.6248 0.0000e+00
 143.518455     13.300    12.8999  37.719660    32.0036     13.181  263.81372  263.92072    -4.5490     4.5075 0.0000e+00
 143.518458     13.356    12.9004  37.721573    32.0033     13.237  263.80971  263.91677    -4.5490     4.5075 0.0000e+00
 143.518461     13.404    12.9005  37.721450    32.0035     13.284  263.80926  263.91634    -4.5179     4.4954 0.0000e+00
 143.518464     13.440    12.9007  37.717624    32.0033     13.320  263.80882  263.91591    -4.4868     4.5075 -9.990e-29
 143.518466     13.462    12.8994  37.716575    31.9998     13.342  263.82270  263.92973    -3.9109     5.0696 -9.990e-29
 143.518469     13.462    12.8977  37.716266    32.0009     13.342  263.82974  263.93665    -3.9420     5.0615 -9.990e-29
 143.518472     13.444    12.8963  37.712996    31.9990     13.324  263.84077  263.94762    -3.9732     5.0373 -9.990e-29
 143.518475     13.413    12.8953  37.716945    32.0036     13.293  263.83812  263.94485    -4.0199     5.0453 -9.990e-29
 143.518478     13.377    12.8956  37.720093    32.0063     13.257  263.83122  263.93794    -4.0354     5.0656 -9.990e-29
 143.518481     13.347    12.8969  37.719228    32.0044     13.228  263.82761  263.93444     3.5755     5.9713 -9.990e-29
 143.518484     13.331    12.8973  37.715772    32.0008     13.211  263.83191  263.93880     3.5288     5.9713 -9.990e-29
 143.518487     13.336    12.8959  37.715896    32.0021     13.217  263.83735  263.94413     3.5288     5.9309 -9.990e-29
 143.518490     13.355    12.8957  37.717439    32.0037     13.235  263.83553  263.94228     3.5599     5.9956 -9.990e-29
 143.518492     13.398    12.8958  37.714353    32.0031     13.278  263.83590  263.94267    59.2486     7.9002 -9.990e-29
 143.518495     13.468    12.8956  37.716946    32.0027     13.347  263.83790  263.94466    59.2486     7.9022 0.0000e+00
 143.518498     13.544    12.8954  37.715650    32.0022     13.423  263.83990  263.94666    59.2486     7.9042 0.0000e+00
 143.518501     13.630    12.8948  37.714416    32.0020     13.508  263.84437  263.95109    59.2486     7.9042 0.0000e+00
 143.518504     13.716    12.8938  37.714108    32.0015     13.593  263.84892  263.95558    -4.3000     4.6895 0.0000e+00
 143.518507     13.800    12.8930  37.712812    32.0018     13.676  263.85462  263.96123    -4.3623     4.6895 0.0000e+00
 143.518510     13.862    12.8919  37.712134    32.0018     13.738  263.86008  263.96662    -4.3000     4.6895 0.0000e+00
 143.518513     13.909    12.8914  37.713245    32.0027     13.785  263.86083  263.96733    -4.3234     4.6854 0.0000e+00
 143.518516     13.946    12.8910  37.712566    32.0035     13.821  263.86158  263.96804    -4.2845     4.6814 -9.990e-29
 143.518519     13.967    12.8907  37.712566    32.0031     13.842  263.86393  263.97037    -4.3778     4.9200 -9.990e-29
 143.518521     13.986    12.8901  37.712813    32.0039     13.860  263.86605  263.97245    -4.2689     4.9321 -9.990e-29
 143.518524     14.004    12.8899  37.714109    32.0053     13.878  263.86466  263.97103    -4.2689     4.9240 -9.990e-29
 143.518527     14.022    12.8905  37.715776    32.0063     13.896  263.85952  263.96591    -4.4090     4.9402 -9.990e-29
 143.518530     14.044    12.8925  37.714788    32.0033     13.918  263.85401  263.96056    -4.5802     5.5144 -9.990e-29
 143.518533     14.069    12.8925  37.714418    32.0033     13.943  263.85401  263.96056    -4.5802     5.5144 0.0000e+00
 143.518536     14.102    12.8925  37.715467    32.0033     13.976  263.85401  263.96056    -4.5802     5.5144 -9.990e-29
 143.518539     14.122    12.8918  37.713739    32.0032     13.996  263.85777  263.96428    -4.5179     5.5063 -9.990e-29
 143.518542     14.144    12.8917  37.716331    32.0058     14.017  263.85384  263.96032    -4.2845     6.5455 -9.990e-29
 143.518545     14.155    12.8920  37.716763    32.0059     14.028  263.85169  263.95818    -4.4245     6.5658 -9.990e-29
 143.518547     14.152    12.8926  37.716023    32.0047     14.025  263.85071  263.95726    -4.3000     6.5294 -9.990e-29
 143.518550     14.144    12.8928  37.716763    32.0052     14.017  263.84857  263.95513    -4.4090     6.5455 -9.990e-29
 143.518553     14.133    12.8932  37.715097    32.0033     14.006  263.85005  263.95665    -4.5335     5.1626 -9.990e-29
 143.518556     14.119    12.8930  37.713677    32.0022     13.992  263.85335  263.95995    -4.6113     5.1586 -9.990e-29
 143.518559     14.122    12.8924  37.714665    32.0036     13.996  263.85390  263.96044    -4.6424     5.1747 -9.990e-29
 143.518562     14.137    12.8917  37.713678    32.0029     14.010  263.85923  263.96573    -4.0510     5.1828 -9.990e-29
 143.518565     14.175    12.8916  37.713246    32.0031     14.048  263.85930  263.96579    -4.0977     5.1707 0.0000e+00
 143.518568     14.235    12.8915  37.713678    32.0034     14.108  263.85937  263.96585    -4.0510     5.1747 0.0000e+00
 143.518571     14.321    12.8912  37.713740    32.0037     14.193  263.85937  263.96585    -4.0510     5.1747 0.0000e+00
 143.518573     14.423    12.8912  37.715468    32.0048     14.294  263.85768  263.96414    -4.0510     5.1747 0.0000e+00
 143.518576     14.533    12.8912  37.715099    32.0048     14.403  263.85768  263.96414    -4.1444     5.1626 0.0000e+00
 143.518579     14.644    12.8911  37.714605    32.0044     14.513  263.85946  263.96592    -4.2378     4.4833 0.0000e+00
 143.518582     14.737    12.8907  37.713001    32.0037     14.605  263.86373  263.97018    -4.3311     4.4833 0.0000e+00
 143.518585     14.805    12.8906  37.713248    32.0035     14.672  263.86424  263.97068    -4.3156     4.4793 0.0000e+00
 143.518588     14.843    12.8904  37.714112    32.0037     14.710  263.86476  263.97118    -4.3934     4.4752 -9.990e-29
 143.518591     14.850    12.8897  37.712570    32.0036     14.717  263.86852  263.97489    -4.0666     4.7299 -9.990e-29
 143.518594     14.839    12.8897  37.713680    32.0047     14.706  263.86686  263.97322    -4.2066     4.7582 -9.990e-29
 143.518597     14.812    12.8900  37.713248    32.0040     14.679  263.86618  263.97257    -4.2066     4.7582 -9.990e-29
 143.518600     14.785    12.8903  37.714791    32.0052     14.652  263.86235  263.96874    -4.0354     4.7582 -9.990e-29
 143.518602     14.759    12.8905  37.714421    32.0047     14.627  263.86213  263.96854    -4.0666     4.9160 -9.990e-29
 143.518605     14.739    12.8907  37.715470    32.0056     14.607  263.85972  263.96614    -4.0354     4.8876 -9.990e-29
 143.518608     14.735    12.8911  37.714174    32.0040     14.603  263.86028  263.96674    -4.0821     4.9160 -9.990e-29
 143.518611     14.748    12.8914  37.716148    32.0056     14.616  263.85573  263.96219    -4.0043     4.9402 -9.990e-29
 143.518614     14.772    12.8916  37.716149    32.0054     14.639  263.85490  263.96137    -4.7047     5.3041 -9.990e-29
 143.518617     14.803    12.8922  37.716519    32.0044     14.670  263.85355  263.96007    -4.5802     5.3324 -9.990e-29
 143.518620     14.841    12.8921  37.715655    32.0041     14.708  263.85469  263.96120    -4.5724     5.3223 0.0000e+00
 143.518623     14.883    12.8920  37.714853    32.0044     14.749  263.85543  263.96191    -4.5646     5.3163 0.0000e+00
 143.518626     14.919    12.8916  37.715902    32.0051     14.786  263.85582  263.96233    -4.5490     5.3163 0.0000e+00
 143.518628     14.949    12.8910  37.715347    32.0051     14.815  263.85821  263.96460    -4.5179     5.3567 0.0000e+00
 143.518631     14.982    12.8905  37.716767    32.0068     14.847  263.85821  263.96460    -4.5179     5.3729 0.0000e+00
 143.518634     15.025    12.8905  37.717878    32.0075     14.891  263.85744  263.96380    -4.6424     5.3729 0.0000e+00
 143.518637     15.078    12.8909  37.717878    32.0075     14.943  263.85744  263.96380    -4.6424     5.3648 0.0000e+00
 143.518640     15.140    12.8909  37.715594    32.0059     15.004  263.85839  263.96483    -4.3467     5.1950 0.0000e+00
 143.518643     15.209    12.8901  37.715471    32.0059     15.073  263.86232  263.96870    -4.3467     5.1828 0.0000e+00
 143.518646     15.295    12.8892  37.717262    32.0083     15.158  263.86266  263.96896    -4.3467     5.1747 0.0000e+00
 143.518649     15.377    12.8888  37.717200    32.0085     15.239  263.86452  263.97079    -4.3467     5.1667 0.0000e+00
 143.518652     15.459    12.8885  37.717879    32.0085     15.321  263.86538  263.97160    -4.6113     4.6895 0.0000e+00
 143.518655     15.520    12.8884  37.715781    32.0085     15.380  263.86680  263.97304    -4.6580     4.6773 0.0000e+00
 143.518657     15.562    12.8885  37.715658    32.0074     15.422  263.86822  263.97448    -4.6113     4.6652 -9.990e-29
 143.518660     15.585    12.8878  37.715103    32.0073     15.445  263.87227  263.97848    -4.4868     4.6895 -9.990e-29
 143.518663     15.578    12.8871  37.716152    32.0089     15.438  263.87299  263.97914    -4.4090     5.1020 -9.990e-29
 143.518666     15.550    12.8867  37.716522    32.0096     15.411  263.87402  263.98013    -4.3467     5.1303 -9.990e-29
 143.518669     15.514    12.8869  37.717263    32.0101     15.375  263.87186  263.97798    -4.2378     5.1100 -9.990e-29
 143.518672     15.472    12.8874  37.717633    32.0101     15.333  263.86921  263.97536    -4.3778     5.1303 -9.990e-29
 143.518675     15.439    12.8880  37.717879    32.0098     15.301  263.86649  263.97269    -4.3467     5.1060 -9.990e-29
 143.518678     15.419    12.8884  37.717447    32.0091     15.281  263.86582  263.97205    -4.1444     4.7623 -9.990e-29
 143.518681     15.417    12.8887  37.716707    32.0081     15.279  263.86569  263.97195    -4.0043     4.7785 -9.990e-29
 143.518683     15.441    12.8884  37.715226    32.0070     15.303  263.86970  263.97595    -4.1911     4.7582 -9.990e-29
 143.518686     15.492    12.8876  37.715781    32.0097     15.353  263.86902  263.97520    -4.2533     5.0373 -9.990e-29
 143.518689     15.558    12.8877  37.717448    32.0095     15.419  263.86884  263.97502    -4.3233     5.0434 0.0000e+00
 143.518692     15.626    12.8878  37.717201    32.0093     15.485  263.86902  263.97520    -4.2845     5.0453 0.0000e+00
 143.518695     15.700    12.8878  37.715041    32.0073     15.560  263.87162  263.97784    -4.3156     5.0494 0.0000e+00
 143.518698     15.773    12.8877  37.715103    32.0073     15.632  263.87262  263.97881    -4.2845     5.0453 0.0000e+00
 143.518701     15.839    12.8875  37.715659    32.0080     15.697  263.87269  263.97890    -4.1288     4.8876 0.0000e+00
 143.518704     15.896    12.8871  37.716030    32.0085     15.753  263.87368  263.97984    -4.1132     4.8715 0.0000e+00
 143.518707     15.943    12.8871  37.715906    32.0085     15.800  263.87399  263.98014    -4.1132     4.8715 0.0000e+00
 143.518709     15.981    12.8871  37.714117    32.0074     15.838  263.87597  263.98216    -4.1132     4.8715 0.0000e+00
 143.518712     16.014    12.8871  37.714672    32.0073     15.871  263.87616  263.98232    -4.2378     5.1747 0.0000e+00
 143.518715     16.047    12.8861  37.713685    32.0073     15.903  263.88185  263.98795    -4.2378     5.1747 0.0000e+00
 143.518718     16.089    12.8854  37.712328    32.0073     15.945  263.88294  263.98896    -4.2378     5.1950 0.0000e+00
 143.518721     16.126    12.8852  37.715043    32.0074     15.981  263.88679  263.99283    -4.2378     5.1950 0.0000e+00
 143.518724     16.169    12.8851  37.713007    32.0083     16.024  263.88486  263.99090    -4.3156     5.2031 0.0000e+00
 143.518727     16.197    12.8851  37.714612    32.0074     16.051  263.88679  263.99283    -4.3934     5.2111 -9.990e-29
 143.518730     16.220    12.8843  37.712328    32.0074     16.075  263.89140  263.99738    -4.3934     5.0453 -9.990e-29
 143.518733     16.229    12.8838  37.713933    32.0093     16.084  263.89031  263.99624    -4.2066     5.0696 -9.990e-29
 143.518736     16.226    12.8833  37.713933    32.0098     16.080  263.89256  263.99846    -4.3934     5.0534 -9.990e-29
 143.518738     16.216    12.8829  37.712390    32.0086     16.071  263.89665  264.00254    -4.3934     5.2475 -9.990e-29
 143.518741     16.200    12.8828  37.713254    32.0095     16.055  263.89542  264.00129    -4.3156     5.2516 -9.990e-29
 143.518744     16.180    12.8833  37.713254    32.0091     16.035  263.89343  263.99934    -4.2222     5.2192 -9.990e-29
 143.518747     16.173    12.8832  37.712575    32.0086     16.028  263.89517  264.00107    -4.5179     5.2435 -9.990e-29
 143.518750     16.185    12.8833  37.714673    32.0099     16.040  263.89195  263.99785    -4.3467     5.4578 -9.990e-29
 143.518753     16.211    12.8831  37.714118    32.0101     16.066  263.89305  263.99892    -4.3467     5.4537 0.0000e+00
 143.518756     16.266    12.8828  37.714180    32.0104     16.120  263.89414  264.00000    -4.3467     5.4538 0.0000e+00
 143.518759     16.343    12.8819  37.715230    32.0121     16.196  263.89486  264.00064    -4.3467     5.4497 0.0000e+00
 143.518762     16.432    12.8819  37.715785    32.0121     16.285  263.89576  264.00154    -4.3000     4.6005 0.0000e+00
 143.518764     16.521    12.8820  37.713934    32.0107     16.373  263.89758  264.00338    -4.3623     4.6005 0.0000e+00
 143.518767     16.610    12.8820  37.713503    32.0107     16.462  263.89868  264.00448    -4.3311     4.6450 0.0000e+00
 143.518770     16.683    12.8817  37.714120    32.0103     16.534  263.89878  264.00456    -4.3778     4.6450 0.0000e+00
 143.518773     16.742    12.8816  37.712824    32.0106     16.592  263.90035  264.00613    -4.3544     4.6308 0.0000e+00
 143.518776     16.776    12.8815  37.713503    32.0101     16.626  263.90193  264.00770    -4.3778     4.6167 -9.990e-29
 143.518779     16.793    12.8808  37.710850    32.0087     16.642  263.90794  264.01369    -4.6891     4.7946 -9.990e-29
 143.518782     16.791    12.8808  37.713010    32.0108     16.640  263.90446  264.01019    -4.5802     4.7906 -9.990e-29
