seaocn-cb/data/ctd_cnv/SBE19plus_01907321_2024_05_25_Cast57.cnv
* Sea-Bird SBE19plus  Data File:
* FileName = E:\Prandtl_Daten\2024\25052024\raw\SBE19plus_01907321_2024_05_25_Cast57.hex
* Software version 2.6.1.12
* Temperature SN = 7321
* Conductivity SN = 7321
* System UpLoad Time = May 25 2024 11:18:11
* <ApplicationData>
* <Seaterm232>
** 20240525
** Sea Practical 2024
** MCat 25.05 CTD_SP3
** NMEA Latitude = 054 07.16N
** NMEA Longitude = 008 30.43E
** waterdepth =7m
** Isabelle
# nquan = 11
# nvalues = 232                         
# units = specified
# name 0 = timeJ: Julian Days
# name 1 = prdM: Pressure, Strain Gauge [db]
# name 2 = tv290C: Temperature [ITS-90, deg C]
# name 3 = c0mS/cm: Conductivity [mS/cm]
# name 4 = sal00: Salinity, Practical [PSU]
# name 5 = depSM: Depth [salt water, m], lat = 54.00
# name 6 = oxsatMm/Kg: Oxygen Saturation, Weiss [umol/kg]
# name 7 = oxsolMm/Kg: Oxygen Saturation, Garcia & Gordon [umol/kg]
# name 8 = turbWETntu0: Turbidity, WET Labs ECO [NTU]
# name 9 = flECO-AFL: Fluorescence, WET Labs ECO-AFL/FL [mg/m^3]
# name 10 = flag:  0.000e+00
# span 0 = 146.467546, 146.468215       
# span 1 =      0.546,      6.381       
# span 2 =    15.8659,    15.8962       
# span 3 =  36.555015,  36.604250       
# span 4 =    28.6177,    28.6530       
# span 5 =      0.541,      6.324       
# span 6 =  254.03174,  254.19472       
# span 7 =  254.33260,  254.49424       
# span 8 =     3.8167,    46.4393       
# span 9 =     4.1234,     7.9932       
# span 10 = 0.0000e+00, 0.0000e+00      
# interval = seconds: 0.25
# start_time = May 25 2024 11:12:08 [Instrument's time stamp, header]
# bad_flag = -9.990e-29
*END*
[from data line 132]
 146.467928      4.261    15.8725  36.564032    28.6408      4.223  254.17034  254.47019    17.8323     5.0817 -9.990e-29
 146.467931      4.279    15.8726  36.567384    28.6367      4.241  254.17657  254.47647    20.4782     5.9754 -9.990e-29
 146.467934      4.294    15.8726  36.567628    28.6369      4.255  254.17621  254.47610    20.3848     5.9269 -9.990e-29
 146.467937      4.307    15.8730  36.565616    28.6349      4.268  254.17775  254.47768    20.4626     5.9996 -9.990e-29
 146.467940      4.328    15.8734  36.567811    28.6365      4.290  254.17294  254.47288    20.4315     5.8258 -9.990e-29
 146.467943      4.348    15.8743  36.567871    28.6359      4.310  254.16955  254.46953    20.6494     5.8500 -9.990e-29
 146.467946      4.370    15.8760  36.566287    28.6363      4.331  254.16059  254.46064    20.3537     5.8703 -9.990e-29
 146.467948      4.400    15.8762  36.569639    28.6353      4.360  254.16123  254.46129    19.8634     5.6742 0.0000e+00
 146.467951      4.427    15.8764  36.567811    28.6349      4.387  254.16059  254.46064    19.3731     5.4780 0.0000e+00
 146.467954      4.456    15.8766  36.568725    28.6347      4.416  254.16057  254.46067    19.3109     5.4780 0.0000e+00
 146.467957      4.484    15.8767  36.568298    28.6349      4.444  254.15929  254.45939    19.2486     5.4780 -9.990e-29
 146.467960      4.507    15.8768  36.565373    28.6319      4.467  254.16408  254.46420    19.1864     5.5589 -9.990e-29
 146.467963      4.535    15.8769  36.568238    28.6344      4.494  254.15947  254.45958    14.6572     5.7328 -9.990e-29
 146.467966      4.555    15.8769  36.565373    28.6319      4.514  254.16381  254.46393    14.7039     5.7611 -9.990e-29
 146.467969      4.580    15.8769  36.565861    28.6323      4.539  254.16309  254.46321    14.9062     5.7813 -9.990e-29
 146.467972      4.602    15.8772  36.570737    28.6363      4.561  254.15453  254.45464    14.7661     5.7045 -9.990e-29
 146.467975      4.619    15.8777  36.568238    28.6337      4.577  254.15621  254.45636    14.9062     5.8015 -9.990e-29
 146.467977      4.642    15.8776  36.568543    28.6339      4.601  254.15674  254.45689    17.6611     6.5334 -9.990e-29
 146.467980      4.668    15.8774  36.568299    28.6348      4.626  254.15602  254.45615    17.5599     6.5374 0.0000e+00
 146.467983      4.699    15.8775  36.570067    28.6346      4.657  254.15589  254.45602    17.6144     6.5334 0.0000e+00
 146.467986      4.735    15.8774  36.569091    28.6346      4.693  254.15589  254.45602    17.4587     6.5253 0.0000e+00
 146.467989      4.779    15.8774  36.568543    28.6341      4.736  254.15704  254.45718    14.6572     5.6559 0.0000e+00
 146.467992      4.821    15.8771  36.566044    28.6341      4.778  254.15777  254.45786    14.5638     5.6398 0.0000e+00
 146.467995      4.863    15.8767  36.569884    28.6322      4.820  254.16204  254.46218    14.5949     5.6438 0.0000e+00
 146.467998      4.910    15.8765  36.565252    28.6319      4.867  254.16540  254.46551    14.5949     5.6398 0.0000e+00
 146.468001      4.950    15.8761  36.564277    28.6319      4.906  254.16540  254.46551    29.4587     5.5710 0.0000e+00
 146.468003      4.992    15.8761  36.566289    28.6322      4.948  254.16704  254.46713    29.5677     5.5549 0.0000e+00
 146.468006      5.023    15.8761  36.564522    28.6330      4.978  254.16538  254.46547    29.6766     5.5387 -9.990e-29
 146.468009      5.043    15.8764  36.569519    28.6356      4.998  254.15963  254.45971    29.4432     5.5832 -9.990e-29
 146.468012      5.058    15.8769  36.568056    28.6340      5.013  254.15974  254.45985    40.9918     6.9176 -9.990e-29
 146.468015      5.062    15.8772  36.568544    28.6342      5.016  254.15810  254.45823    40.8829     6.9459 -9.990e-29
 146.468018      5.067    15.8774  36.566533    28.6323      5.022  254.16024  254.46039    40.9918     6.9459 -9.990e-29
 146.468021      5.072    15.8780  36.568300    28.6334      5.027  254.15517  254.45534    40.8673     6.9459 -9.990e-29
 146.468024      5.080    15.8787  36.565862    28.6308      5.034  254.15644  254.45666    40.9296     6.9539 -9.990e-29
 146.468027      5.096    15.8792  36.562937    28.6278      5.051  254.15876  254.45903    45.3031     7.9932 -9.990e-29
 146.468030      5.118    15.8805  36.565253    28.6277      5.073  254.15259  254.45292    45.3031     7.9770 -9.990e-29
 146.468032      5.151    15.8807  36.563851    28.6282      5.105  254.15055  254.45089    45.2720     7.9568 0.0000e+00
 146.468035      5.193    15.8810  36.565375    28.6277      5.147  254.15041  254.45079    45.2408     7.9366 0.0000e+00
 146.468038      5.241    15.8814  36.562937    28.6262      5.194  254.15041  254.45079    35.8089     6.3959 0.0000e+00
 146.468041      5.283    15.8820  36.555015    28.6248      5.236  254.15041  254.45079    35.7934     6.3959 0.0000e+00
 146.468044      5.328    15.8823  36.562267    28.6238      5.281  254.15021  254.45064    35.6689     6.4161 0.0000e+00
 146.468047      5.363    15.8823  36.560926    28.6248      5.315  254.14756  254.44800    35.6689     6.4161 0.0000e+00
 146.468050      5.400    15.8823  36.564278    28.6252      5.351  254.14697  254.44741    40.6961     6.2382 0.0000e+00
 146.468053      5.427    15.8825  36.562694    28.6252      5.378  254.14697  254.44741    40.6961     6.2059 0.0000e+00
 146.468056      5.456    15.8826  36.559586    28.6237      5.407  254.14752  254.44799    40.6961     6.2059 0.0000e+00
 146.468058      5.487    15.8829  36.561353    28.6224      5.438  254.15138  254.45184    40.6027     6.2220 0.0000e+00
 146.468061      5.524    15.8831  36.556904    28.6220      5.474  254.14884  254.44933    35.9334     7.0065 0.0000e+00
 146.468064      5.558    15.8831  36.559708    28.6197      5.509  254.15336  254.45386    35.9334     7.0065 0.0000e+00
 146.468067      5.591    15.8832  36.556905    28.6208      5.541  254.15112  254.45162    35.8478     7.0085 0.0000e+00
 146.468070      5.621    15.8831  36.559342    28.6196      5.570  254.15340  254.45390    35.9334     6.9863 -9.990e-29
 146.468073      5.644    15.8830  36.563609    28.6255      5.594  254.14361  254.44406    35.8556     6.9903 -9.990e-29
 146.468076      5.666    15.8833  36.560135    28.6223      5.615  254.14796  254.44845    40.9762     6.5941 -9.990e-29
 146.468079      5.677    15.8834  36.560683    28.6227      5.626  254.14654  254.44703    41.0385     6.6102 -9.990e-29
 146.468082      5.691    15.8835  36.561841    28.6236      5.640  254.14449  254.44499    40.9296     6.6021 -9.990e-29
 146.468084      5.699    15.8835  36.561598    28.6234      5.648  254.14487  254.44536    40.9451     6.5860 -9.990e-29
 146.468087      5.704    15.8838  36.561841    28.6234      5.653  254.14330  254.44381    34.7973     7.2532 -9.990e-29
 146.468090      5.713    15.8839  36.558489    28.6204      5.662  254.14806  254.44860    35.0774     7.2653 -9.990e-29
 146.468093      5.724    15.8841  36.557819    28.6196      5.673  254.14818  254.44873    34.9840     7.2370 -9.990e-29
 146.468096      5.748    15.8847  36.559343    28.6220      5.697  254.14131  254.44187    38.0346     7.0510 -9.990e-29
 146.468099      5.774    15.8848  36.560988    28.6204      5.722  254.14344  254.44403    38.0346     7.0530 0.0000e+00
 146.468102      5.810    15.8849  36.557576    28.6189      5.758  254.14558  254.44618    38.0346     7.0510 0.0000e+00
 146.468105      5.854    15.8849  36.557576    28.6189      5.802  254.14558  254.44618    38.0813     7.0510 0.0000e+00
 146.468108      5.901    15.8850  36.559831    28.6207      5.848  254.14193  254.44251    38.3148     7.0106 0.0000e+00
 146.468111      5.941    15.8850  36.560989    28.6207      5.888  254.14193  254.44251    41.0385     6.3029 0.0000e+00
 146.468113      5.985    15.8850  36.559587    28.6215      5.931  254.14131  254.44188    41.1475     6.3029 0.0000e+00
 146.468116      6.027    15.8850  36.560684    28.6214      5.973  254.14131  254.44188    41.1319     6.3029 0.0000e+00
 146.468119      6.060    15.8850  36.560745    28.6214      6.006  254.14064  254.44122    41.1319     6.2827 0.0000e+00
 146.468122      6.093    15.8854  36.560502    28.6214      6.038  254.13952  254.44012    41.1319     6.2827 0.0000e+00
 146.468125      6.124    15.8856  36.561843    28.6213      6.069  254.13734  254.43795    39.7778     6.5698 0.0000e+00
 146.468128      6.157    15.8857  36.561172    28.6217      6.102  254.13691  254.43751    39.7467     6.5698 0.0000e+00
 146.468131      6.189    15.8859  36.561843    28.6213      6.134  254.13734  254.43795    39.7000     6.5698 0.0000e+00
 146.468134      6.222    15.8860  36.559832    28.6199      6.167  254.13821  254.43885    39.7000     6.6345 0.0000e+00
 146.468137      6.257    15.8860  36.559832    28.6198      6.201  254.13849  254.43913    41.8945     6.6992 0.0000e+00
 146.468139      6.290    15.8860  36.558674    28.6194      6.234  254.13924  254.43989    41.9335     6.7174 0.0000e+00
 146.468142      6.323    15.8860  36.558187    28.6189      6.266  254.14028  254.44092    41.9724     6.7356 -9.990e-29
 146.468145      6.347    15.8859  36.558918    28.6191      6.290  254.14025  254.44088    41.7545     6.7679 -9.990e-29
 146.468148      6.352    15.8859  36.559832    28.6199      6.295  254.13887  254.43950    42.2369     7.1521 -9.990e-29
 146.468151      6.336    15.8857  36.558674    28.6190      6.279  254.14121  254.44184    42.2058     7.2208 -9.990e-29
 146.468154      6.317    15.8853  36.557760    28.6186      6.261  254.14439  254.44500    42.1903     7.1966 -9.990e-29
 146.468157      6.305    15.8853  36.559588    28.6201      6.248  254.14132  254.44192    42.0657     7.2087 -9.990e-29
 146.468160      6.294    15.8855  36.556907    28.6177      6.237  254.14476  254.44539    46.3303     6.3717 -9.990e-29
 146.468163      6.283    15.8858  36.558918    28.6192      6.227  254.14051  254.44114    46.2681     6.3555 -9.990e-29
 146.468166      6.279    15.8858  36.560137    28.6203      6.223  254.13867  254.43929    46.2992     6.3555 -9.990e-29
 146.468168      6.273    15.8859  36.560502    28.6205      6.217  254.13781  254.43844    46.4393     6.3636 -9.990e-29
 146.468171      6.268    15.8858  36.558491    28.6188      6.212  254.14115  254.44178    46.3926     6.3110 -9.990e-29
 146.468174      6.268    15.8856  36.558247    28.6188      6.212  254.14242  254.44304    40.1825     7.3502 -9.990e-29
 146.468177      6.264    15.8856  36.559040    28.6195      6.208  254.14122  254.44184    40.1669     7.3947 -9.990e-29
 146.468180      6.262    15.8855  36.562940    28.6229      6.206  254.13563  254.43622    40.2292     7.3624 -9.990e-29
 146.468183      6.262    15.8857  36.563611    28.6234      6.206  254.13402  254.43461    40.2136     7.3583 -9.990e-29
 146.468186      6.264    15.8863  36.560258    28.6200      6.208  254.13667  254.43732    38.1124     7.3098 -9.990e-29
 146.468189      6.268    15.8863  36.562270    28.6218      6.212  254.13363  254.43427    38.2681     7.3300 -9.990e-29
 146.468192      6.275    15.8864  36.558674    28.6186      6.219  254.13877  254.43943    38.2058     7.3098 -9.990e-29
 146.468194      6.293    15.8863  36.561599    28.6212      6.237  254.13466  254.43530    38.0346     7.3421 -9.990e-29
 146.468197      6.311    15.8862  36.562940    28.6224      6.255  254.13295  254.43358    36.9762     6.6183 -9.990e-29
 146.468200      6.330    15.8860  36.560137    28.6201      6.273  254.13779  254.43843    37.2097     6.6062 -9.990e-29
 146.468203      6.348    15.8860  36.559588    28.6196      6.291  254.13863  254.43927    37.1319     6.6385 -9.990e-29
 146.468206      6.368    15.8860  36.562270    28.6220      6.311  254.13490  254.43552    37.2253     6.5981 -9.990e-29
 146.468209      6.377    15.8857  36.561600    28.6216      6.320  254.13682  254.43743    44.7117     6.5779 -9.990e-29
 146.468212      6.381    15.8853  36.558004    28.6188      6.324  254.14405  254.44466    45.3654     7.7425 -9.990e-29
 146.468215      6.381    15.8848  36.556724    28.6180      6.324  254.14779  254.44839    45.3965     7.7061 -9.990e-29
