seaocn-cb/data/ctd_cnv/SBE19plus_01907321_2024_05_26_Cast62.cnv
* Sea-Bird SBE19plus  Data File:
* FileName = E:\Prandtl_Daten\2024\26052024\raw\SBE19plus_01907321_2024_05_26_Cast62.hex
* Software version 2.6.1.12
* Temperature SN = 7321
* Conductivity SN = 7321
* System UpLoad Time = May 26 2024 12:05:47
* <ApplicationData>
* <Seaterm232>
** 20240526
** Sea Practical 2024
** MCat 26.05 CTD_FS1
** NMEA Latitude = 054 5.024N
** NMEA Longitude = 008 30.33E
** waterdepth =9.6m
** Andreas
# nquan = 11
# nvalues = 346                         
# units = specified
# name 0 = timeJ: Julian Days
# name 1 = prdM: Pressure, Strain Gauge [db]
# name 2 = tv290C: Temperature [ITS-90, deg C]
# name 3 = c0mS/cm: Conductivity [mS/cm]
# name 4 = sal00: Salinity, Practical [PSU]
# name 5 = depSM: Depth [salt water, m], lat = 54.00
# name 6 = oxsatMm/Kg: Oxygen Saturation, Weiss [umol/kg]
# name 7 = oxsolMm/Kg: Oxygen Saturation, Garcia & Gordon [umol/kg]
# name 8 = turbWETntu0: Turbidity, WET Labs ECO [NTU]
# name 9 = flECO-AFL: Fluorescence, WET Labs ECO-AFL/FL [mg/m^3]
# name 10 = flag:  0.000e+00
# span 0 = 147.500284, 147.501282       
# span 1 =      0.508,      8.880       
# span 2 =    15.4448,    16.0063       
# span 3 =  37.474760,  37.631088       
# span 4 =    29.4577,    29.7535       
# span 5 =      0.504,      8.801       
# span 6 =  252.08854,  254.40325       
# span 7 =  252.38894,  254.67443       
# span 8 =    -3.5685,     6.5793       
# span 9 =     2.6414,     7.2047       
# span 10 = 0.0000e+00, 0.0000e+00      
# interval = seconds: 0.25
# start_time = May 26 2024 11:58:59 [Instrument's time stamp, header]
# bad_flag = -9.990e-29
*END*
 147.500284      0.508    15.8970  37.583940    29.5055      0.504  252.54948  252.84431    -2.8837     3.4077 0.0000e+00
 147.500286      0.581    15.8780  37.586346    29.5217      0.576  252.61680  252.91061    -2.8837     3.3996 0.0000e+00
 147.500289      0.654    15.8686  37.585299    29.5278      0.648  252.65327  252.94659    -2.9148     3.3996 0.0000e+00
 147.500292      0.712    15.8665  37.585054    29.5292      0.706  252.66130  252.95450    -2.8837     3.4158 0.0000e+00
 147.500295      0.751    15.8644  37.584992    29.5307      0.744  252.66932  252.96242    -2.9148     3.4319 -9.990e-29
 147.500298      0.771    15.8635  37.588382    29.5342      0.764  252.66759  252.96062    -2.8837     3.3996 -9.990e-29
 147.500301      0.769    15.8661  37.587087    29.5312      0.762  252.66009  252.95326    -2.8370     3.0397 -9.990e-29
 147.500304      0.758    15.8699  37.597626    29.5376      0.751  252.63002  252.92332    -2.9148     3.0437 -9.990e-29
 147.500307      0.741    15.8792  37.588873    29.5230      0.735  252.60865  252.90251    -2.9459     3.0316 -9.990e-29
 147.500310      0.731    15.8854  37.594974    29.5237      0.724  252.57612  252.87027    -2.7747     3.0680 -9.990e-29
 147.500313      0.729    15.8874  37.595836    29.5230      0.722  252.56743  252.86168    -3.1327     3.1489 -9.990e-29
 147.500315      0.747    15.8968  37.602431    29.5201      0.741  252.52508  252.81979    -3.1327     3.1570 -9.990e-29
 147.500318      0.780    15.9024  37.600643    29.5195      0.773  252.49810  252.79308    -3.0705     3.1650 0.0000e+00
 147.500321      0.829    15.9080  37.608840    29.5189      0.822  252.47112  252.76637    -3.0082     3.1570 0.0000e+00
 147.500324      0.886    15.9189  37.609209    29.5111      0.878  252.43013  252.72595    -3.0082     3.1731 0.0000e+00
 147.500327      0.944    15.9274  37.609084    29.5047      0.936  252.39874  252.69501    -2.9615     3.3470 0.0000e+00
 147.500330      0.992    15.9301  37.611550    29.5038      0.983  252.38700  252.68340    -2.9537     3.3510 0.0000e+00
 147.500333      1.032    15.9327  37.612782    29.5029      1.022  252.37527  252.67180    -2.9459     3.3551 -9.990e-29
 147.500336      1.055    15.9438  37.610131    29.4933      1.046  252.33607  252.63320    -3.0393     3.3551 -9.990e-29
 147.500339      1.074    15.9430  37.607973    29.4920      1.064  252.34228  252.63938    -2.6813     2.9831 -9.990e-29
 147.500341      1.076    15.9416  37.612412    29.4970      1.066  252.34093  252.63793    -2.5724     2.9790 -9.990e-29
 147.500344      1.074    15.9451  37.611733    29.4938      1.064  252.32895  252.62613    -2.6658     2.9629 -9.990e-29
 147.500347      1.077    15.9506  37.618206    29.4953      1.068  252.29884  252.59627    -2.6502     2.9467 -9.990e-29
 147.500350      1.090    15.9659  37.617218    29.4876      1.080  252.23554  252.53375    -3.5218     2.6515 -9.990e-29
 147.500353      1.117    15.9711  37.622396    29.4875      1.107  252.20982  252.50828    -3.5685     2.6414 0.0000e+00
 147.500356      1.165    15.9763  37.631088    29.4875      1.154  252.18410  252.48280    -3.5218     2.6515 0.0000e+00
 147.500359      1.221    15.9933  37.629545    29.4734      1.210  252.12320  252.42280    -3.4907     2.6798 0.0000e+00
 147.500362      1.287    16.0063  37.623193    29.4583      1.276  252.08854  252.38894    -3.0393     2.7566 0.0000e+00
 147.500365      1.349    16.0063  37.618200    29.4583      1.337  252.08854  252.38894    -3.0082     2.7566 0.0000e+00
 147.500367      1.397    16.0020  37.619619    29.4577      1.384  252.10701  252.40713    -3.0237     2.7687 0.0000e+00
 147.500370      1.433    15.9967  37.619127    29.4622      1.420  252.12547  252.42531    -3.0082     2.7809 -9.990e-29
 147.500373      1.448    15.9813  37.625355    29.4786      1.435  252.17425  252.47325    -2.9771     2.7647 -9.990e-29
 147.500376      1.450    15.9830  37.610374    29.4643      1.437  252.19022  252.48940    -2.9304     2.7041 -9.990e-29
 147.500379      1.441    15.9769  37.606676    29.4656      1.428  252.21853  252.51741    -3.0393     2.7243 -9.990e-29
 147.500382      1.424    15.9646  37.616541    29.4834      1.411  252.24953  252.54771    -3.2416     2.7283 -9.990e-29
 147.500385      1.408    15.9667  37.621657    29.4863      1.395  252.23416  252.53241    -3.0860     2.6758 -9.990e-29
 147.500388      1.404    15.9768  37.623197    29.4801      1.391  252.19431  252.49308    -3.0549     3.2338 -9.990e-29
 147.500391      1.419    15.9818  37.622395    29.4748      1.406  252.17811  252.47716    -2.8059     3.2581 -9.990e-29
 147.500394      1.459    15.9816  37.621409    29.4737      1.446  252.18090  252.47994    -2.7748     3.2359 0.0000e+00
 147.500396      1.504    15.9814  37.618697    29.4727      1.491  252.18368  252.48273    -2.8059     3.2581 0.0000e+00
 147.500399      1.566    15.9786  37.613889    29.4706      1.552  252.20157  252.50050    -2.8214     3.5452 0.0000e+00
 147.500402      1.625    15.9701  37.605260    29.4706      1.610  252.24618  252.54472    -3.0082     3.5452 0.0000e+00
 147.500405      1.676    15.9514  37.592750    29.4724      1.661  252.33447  252.63210    -3.0082     3.5330 0.0000e+00
 147.500408      1.718    15.9372  37.581537    29.4780      1.702  252.39568  252.69259    -2.8915     3.5310 0.0000e+00
 147.500411      1.751    15.9230  37.584191    29.4836      1.735  252.45688  252.75309    -2.7592     3.5290 -9.990e-29
 147.500414      1.772    15.8761  37.585426    29.5219      1.757  252.62597  252.91968    -2.2611     4.1881 -9.990e-29
 147.500417      1.785    15.8703  37.585920    29.5267      1.769  252.64679  252.94020    -2.2455     4.1800 -9.990e-29
 147.500420      1.798    15.8672  37.584749    29.5280      1.782  252.66008  252.95333    -2.1055     4.1679 -9.990e-29
 147.500422      1.820    15.8657  37.584380    29.5288      1.804  252.66626  252.95944    -2.2300     4.1477 -9.990e-29
 147.500425      1.840    15.8439  37.575507    29.5250      1.823  252.78201  253.07417    -2.5101     4.1274 -9.990e-29
 147.500428      1.876    15.8294  37.561522    29.5257      1.860  252.85382  253.14529    -2.5023     4.1012 0.0000e+00
 147.500431      1.927    15.8148  37.538424    29.5265      1.910  252.92563  253.21640    -2.4946     4.1274 0.0000e+00
 147.500434      1.979    15.7699  37.533133    29.5553      1.961  253.10110  253.38951    -2.4790     4.1315 0.0000e+00
 147.500437      2.031    15.7479  37.530366    29.5705      2.013  253.18570  253.47294    -2.4478     4.1618 0.0000e+00
 147.500440      2.070    15.7258  37.533388    29.5858      2.051  253.27031  253.55638    -2.4167     4.1921 -9.990e-29
 147.500443      2.088    15.6884  37.542567    29.6245      2.069  253.39160  253.67558    -2.4479     4.2124 -9.990e-29
 147.500446      2.094    15.7001  37.546570    29.6193      2.075  253.34188  253.62646    -2.4012     4.1962 -9.990e-29
 147.500448      2.090    15.7084  37.524148    29.5934      2.071  253.34499  253.63016    -2.0121     5.2111 -9.990e-29
 147.500451      2.074    15.6862  37.517561    29.6043      2.055  253.43818  253.72220    -1.9965     5.2435 -9.990e-29
 147.500454      2.063    15.6582  37.517688    29.6253      2.044  253.54267  253.82518    -1.9498     5.1869 -9.990e-29
 147.500457      2.052    15.6447  37.522801    29.6400      2.034  253.58558  253.86733    -1.9031     5.2394 -9.990e-29
 147.500460      2.057    15.6481  37.519106    29.6314      2.039  253.58296  253.86493    -1.6385     6.0846 -9.990e-29
 147.500463      2.083    15.6454  37.516027    29.6348      2.064  253.59095  253.87275    -1.6774     6.0745 0.0000e+00
 147.500466      2.132    15.6426  37.519107    29.6382      2.113  253.59893  253.88058    -1.6385     6.0765 0.0000e+00
 147.500469      2.198    15.6426  37.525697    29.6382      2.178  253.59893  253.88058    -1.6230     6.0765 0.0000e+00
 147.500472      2.272    15.6394  37.519107    29.6376      2.252  253.60306  253.88448    -1.5918     6.0765 0.0000e+00
 147.500475      2.347    15.6394  37.514674    29.6370      2.326  253.61790  253.89941     6.4860     5.4538 0.0000e+00
 147.500477      2.409    15.6300  37.507101    29.6370      2.388  253.66456  253.94562     6.4860     5.4457 0.0000e+00
 147.500480      2.453    15.6232  37.511167    29.6439      2.431  253.68697  253.96765     6.5793     5.4436 0.0000e+00
 147.500483      2.484    15.6164  37.518866    29.6508      2.462  253.70938  253.98967     6.4704     5.4335 -9.990e-29
 147.500486      2.497    15.6170  37.515785    29.6544      2.474  253.70029  253.98058    -0.8292     5.9633 -9.990e-29
 147.500489      2.498    15.6233  37.515662    29.6496      2.476  253.67690  253.95754    -1.1094     5.9552 -9.990e-29
 147.500492      2.500    15.6215  37.513814    29.6493      2.478  253.68650  253.96705    -0.8759     5.9552 -9.990e-29
 147.500495      2.500    15.6161  37.508766    29.6489      2.478  253.71425  253.99454    -0.8915     5.9592 -9.990e-29
 147.500498      2.511    15.6094  37.510306    29.6553      2.489  253.73725  254.01716    -1.5607     5.8419 -9.990e-29
 147.500501      2.531    15.5983  37.508028    29.6524      2.509  253.79830  254.07769    -1.6697     5.8056 -9.990e-29
 147.500503      2.566    15.5926  37.497562    29.6583      2.543  253.81695  254.09602    -1.6152     5.8056 0.0000e+00
 147.500506      2.612    15.5869  37.501134    29.6641      2.588  253.83559  254.11435    -1.5607     5.8056 0.0000e+00
 147.500509      2.659    15.5804  37.501936    29.6697      2.635  253.85885  254.13724    -1.3584     5.5993 0.0000e+00
 147.500512      2.703    15.5792  37.505076    29.6719      2.679  253.86088  254.13920    -1.3195     5.5913 0.0000e+00
 147.500515      2.732    15.5780  37.506985    29.6742      2.708  253.86291  254.14116    -1.2806     5.5832 -9.990e-29
 147.500518      2.749    15.5814  37.499535    29.6668      2.724  253.85875  254.13721    -1.2650     5.5912 -9.990e-29
 147.500521      2.754    15.5869  37.506369    29.6687      2.730  253.82768  254.10640    -1.3739     5.5832 -9.990e-29
 147.500524      2.751    15.5919  37.510555    29.6686      2.726  253.80272  254.08168    -0.5024     6.5981 -9.990e-29
 147.500527      2.747    15.5913  37.508092    29.6669      2.722  253.80854  254.08749    -0.5335     6.6264 -9.990e-29
 147.500530      2.752    15.5882  37.509878    29.6707      2.728  253.81730  254.09607    -0.7514     6.6021 -9.990e-29
 147.500532      2.760    15.5816  37.505445    29.6689      2.735  253.85432  254.13278    -1.9498     6.9459 -9.990e-29
 147.500535      2.789    15.5786  37.502059    29.6682      2.764  253.87066  254.14898    -1.9109     6.9499 0.0000e+00
 147.500538      2.829    15.5756  37.495349    29.6689      2.804  253.88700  254.16517    -1.9187     6.9459 0.0000e+00
 147.500541      2.891    15.5643  37.494735    29.6754      2.865  253.93040  254.20796    -1.9187     6.9459 0.0000e+00
 147.500544      2.959    15.5511  37.493813    29.6845      2.932  253.98134  254.25819    -1.9187     6.9459 0.0000e+00
 147.500547      3.030    15.5400  37.490367    29.6898      3.003  254.02848  254.30475    -0.4401     6.1533 0.0000e+00
 147.500550      3.094    15.5337  37.491847    29.6952      3.066  254.05122  254.32714    -0.3389     6.1533 0.0000e+00
 147.500553      3.145    15.5273  37.492402    29.7006      3.117  254.07396  254.34952    -0.4401     6.1533 -9.990e-29
 147.500556      3.170    15.5149  37.499298    29.7165      3.142  254.10939  254.38422    -0.4557     6.1654 -9.990e-29
 147.500558      3.181    15.5145  37.490371    29.7089      3.153  254.12427  254.39914    -0.1132     5.7045 -9.990e-29
 147.500561      3.187    15.5128  37.489017    29.7090      3.158  254.13282  254.40761    -0.2378     5.6883 -9.990e-29
 147.500564      3.180    15.5105  37.490371    29.7120      3.151  254.13957  254.41422    -0.0977     5.6923 -9.990e-29
 147.500567      3.174    15.5099  37.488586    29.7108      3.146  254.14437  254.41900    -0.1444     5.7206 -9.990e-29
 147.500570      3.169    15.5037  37.487786    29.7148      3.140  254.16885  254.44315    -0.2845     5.6721 -9.990e-29
 147.500573      3.181    15.4985  37.487110    29.7181      3.153  254.18962  254.46363    -1.3273     6.4768 -9.990e-29
 147.500576      3.205    15.4908  37.485510    29.7219      3.176  254.22200  254.49560    -1.0627     6.4970 -9.990e-29
 147.500579      3.240    15.4881  37.484833    29.7241      3.211  254.23227  254.50572    -1.2183     6.4991 0.0000e+00
 147.500582      3.285    15.4853  37.485080    29.7263      3.256  254.24254  254.51584    -1.0627     6.4970 0.0000e+00
 147.500584      3.329    15.4828  37.484835    29.7281      3.299  254.24633  254.51947    -1.0315     5.7732 0.0000e+00
 147.500587      3.369    15.4827  37.488590    29.7296      3.339  254.24979  254.52294    -0.8759     5.7570 0.0000e+00
 147.500590      3.404    15.4828  37.489206    29.7312      3.373  254.24633  254.51947    -0.7202     5.7732 -9.990e-29
 147.500593      3.422    15.4875  37.485696    29.7251      3.391  254.23314  254.50656    -0.8759     5.7651 -9.990e-29
 147.500596      3.433    15.4878  37.489883    29.7285      3.402  254.22554  254.49895    -0.4090     5.9794 -9.990e-29
 147.500599      3.440    15.4897  37.489698    29.7269      3.410  254.21877  254.49228    -0.4245     5.9552 -9.990e-29
 147.500602      3.446    15.4915  37.490375    29.7262      3.415  254.21096  254.48457    -0.4557     5.9754 -9.990e-29
 147.500605      3.462    15.4881  37.486127    29.7220      3.431  254.23566  254.50913    -0.5957     7.2047 -9.990e-29
 147.500608      3.489    15.4863  37.482742    29.7239      3.458  254.24149  254.51486    -0.6190     7.1966 0.0000e+00
 147.500611      3.531    15.4845  37.483973    29.7258      3.500  254.24733  254.52060    -0.6113     7.2047 0.0000e+00
 147.500613      3.586    15.4806  37.481819    29.7268      3.554  254.26510  254.53817    -0.6424     7.1966 0.0000e+00
 147.500616      3.646    15.4777  37.483544    29.7305      3.614  254.27367  254.54656    -0.6269     7.1966 0.0000e+00
 147.500619      3.706    15.4757  37.486437    29.7334      3.673  254.27662  254.54938    -0.7047     7.1683 0.0000e+00
 147.500622      3.763    15.4738  37.483545    29.7334      3.729  254.28845  254.56113    -0.9070     5.8339 0.0000e+00
 147.500625      3.807    15.4728  37.480467    29.7328      3.773  254.29466  254.56729    -0.9615     5.8258 0.0000e+00
 147.500628      3.838    15.4717  37.482868    29.7322      3.803  254.30086  254.57345    -0.9070     5.8339 -9.990e-29
 147.500631      3.849    15.4689  37.483422    29.7370      3.814  254.30694  254.57935    -0.9848     5.8622 -9.990e-29
 147.500634      3.849    15.4700  37.484838    29.7374      3.814  254.30064  254.57310    -0.7669     5.4416 -9.990e-29
 147.500637      3.839    15.4707  37.479975    29.7326      3.805  254.30546  254.57800    -0.7047     5.4457 -9.990e-29
 147.500639      3.830    15.4700  37.480036    29.7332      3.796  254.30801  254.58050    -0.6424     5.4659 -9.990e-29
 147.500642      3.834    15.4688  37.481822    29.7356      3.800  254.30968  254.58210    -0.6113     5.4578 -9.990e-29
 147.500645      3.845    15.4686  37.478067    29.7309      3.810  254.31901  254.59145    -1.1405     5.4618 -9.990e-29
 147.500648      3.874    15.4679  37.476343    29.7312      3.839  254.32239  254.59479    -1.1250     5.4436 0.0000e+00
 147.500651      3.910    15.4671  37.475605    29.7314      3.875  254.32186  254.59408    -1.1094     5.4254 0.0000e+00
 147.500654      3.954    15.4660  37.482561    29.7389      3.919  254.32186  254.59408    -0.8136     5.4254 0.0000e+00
 147.500657      3.998    15.4660  37.483977    29.7389      3.962  254.31706  254.58931    -0.6424     5.7570 0.0000e+00
 147.500660      4.040    15.4674  37.481392    29.7362      4.004  254.31576  254.58811    -0.6424     5.7813 0.0000e+00
