seaocn-cb/data/ctd_cnv/SBE19plus_01907321_2024_05_29_Cast105.cnv
* Sea-Bird SBE19plus  Data File:
* FileName = E:\Prandtl_Daten\2024\29052024\raw\SBE19plus_01907321_2024_05_29_Cast105.hex
* Software version 2.6.1.12
* Temperature SN = 7321
* Conductivity SN = 7321
* System UpLoad Time = May 29 2024 10:57:41
* <ApplicationData>
* <Seaterm232>
** 20240527
** Sea Practical 2024
** MCat 27.05 CTD_Z3
** NMEA Latitude = 54 02.69N
** NMEA Longitude = 008 27.26E
** waterdepth = 13.3m
** Isabelle
# nquan = 11
# nvalues = 421                         
# units = specified
# name 0 = timeJ: Julian Days
# name 1 = prdM: Pressure, Strain Gauge [db]
# name 2 = tv290C: Temperature [ITS-90, deg C]
# name 3 = c0mS/cm: Conductivity [mS/cm]
# name 4 = sal00: Salinity, Practical [PSU]
# name 5 = depSM: Depth [salt water, m], lat = 54.00
# name 6 = oxsatMm/Kg: Oxygen Saturation, Weiss [umol/kg]
# name 7 = oxsolMm/Kg: Oxygen Saturation, Garcia & Gordon [umol/kg]
# name 8 = turbWETntu0: Turbidity, WET Labs ECO [NTU]
# name 9 = flECO-AFL: Fluorescence, WET Labs ECO-AFL/FL [mg/m^3]
# name 10 = flag:  0.000e+00
# span 0 = 150.452766, 150.453981       
# span 1 =      0.644,     12.282       
# span 2 =    15.6005,    15.6172       
# span 3 =  37.600527,  37.614802       
# span 4 =    29.7274,    29.7499       
# span 5 =      0.638,     12.172       
# span 6 =  253.56994,  253.62735       
# span 7 =  253.84963,  253.90617       
# span 8 =    -3.5996,    18.0657       
# span 9 =     8.5957,    10.6620       
# span 10 = 0.0000e+00, 0.0000e+00      
# interval = seconds: 0.25
# start_time = May 29 2024 10:50:38 [Instrument's time stamp, header]
# bad_flag = -9.990e-29
*END*
[from data line 263]
 150.453527      7.986    15.6091  37.610258    29.7414      7.915  253.58879  253.86805     2.1903     9.4893 -9.990e-29
 150.453530      7.966    15.6089  37.609950    29.7414      7.895  253.59013  253.86938     2.2836     9.4893 -9.990e-29
 150.453533      7.979    15.6089  37.609334    29.7408      7.908  253.59108  253.87033     2.2214     9.5055 -9.990e-29
 150.453536      8.017    15.6088  37.608841    29.7404      7.946  253.59215  253.87140     2.2681     9.4853 -9.990e-29
 150.453539      8.094    15.6087  37.610012    29.7398      8.022  253.59368  253.87293     1.3187     9.6066 -9.990e-29
 150.453542      8.193    15.6086  37.608102    29.7404      8.119  253.59321  253.87245     1.3421     9.6248 0.0000e+00
 150.453545      8.302    15.6086  37.609335    29.7405      8.228  253.59326  253.87250     1.3498     9.6147 0.0000e+00
 150.453547      8.402    15.6085  37.608842    29.7405      8.327  253.59326  253.87250     1.3654     9.6430 0.0000e+00
 150.453550      8.492    15.6084  37.607610    29.7405      8.416  253.59326  253.87250     1.5521     9.6874 0.0000e+00
 150.453553      8.548    15.6084  37.609767    29.7405      8.472  253.59460  253.87382     1.5521     9.6935 0.0000e+00
 150.453556      8.579    15.6083  37.610261    29.7415      8.502  253.59311  253.87233     1.5521     9.6996 -9.990e-29
 150.453559      8.575    15.6080  37.607117    29.7394      8.499  253.59835  253.87757     1.5833     9.7077 -9.990e-29
 150.453562      8.555    15.6079  37.607425    29.7397      8.479  253.59816  253.87737     2.7817     9.1618 -9.990e-29
 150.453565      8.510    15.6083  37.608226    29.7401      8.434  253.59544  253.87467     2.7350     9.1820 -9.990e-29
 150.453568      8.464    15.6083  37.607918    29.7399      8.388  253.59588  253.87511     2.7194     9.1375 -9.990e-29
 150.453571      8.426    15.6084  37.607609    29.7395      8.350  253.59574  253.87498     2.8595     9.1618 -9.990e-29
 150.453573      8.402    15.6085  37.607178    29.7391      8.327  253.59609  253.87534     0.3537     9.6187 -9.990e-29
 150.453576      8.409    15.6084  37.608472    29.7403      8.334  253.59442  253.87365     0.2292     9.5985 -9.990e-29
 150.453579      8.440    15.6083  37.606253    29.7384      8.365  253.59841  253.87765     0.3070     9.6066 -9.990e-29
 150.453582      8.506    15.6080  37.608041    29.7402      8.430  253.59685  253.87606     0.4159     9.6470 -9.990e-29
 150.453585      8.588    15.6079  37.608103    29.7401      8.511  253.59741  253.87662     0.9996     9.8270 0.0000e+00
 150.453588      8.687    15.6078  37.607795    29.7400      8.609  253.59797  253.87717     1.5210     9.9867 0.0000e+00
 150.453591      8.787    15.6074  37.606070    29.7388      8.708  253.60213  253.88133     1.5521     9.9948 0.0000e+00
 150.453594      8.875    15.6074  37.604529    29.7388      8.796  253.60213  253.88133     1.5210     9.9867 0.0000e+00
 150.453597      8.935    15.6074  37.607919    29.7389      8.855  253.60197  253.88116     1.5288     9.9867 0.0000e+00
 150.453600      8.966    15.6075  37.606933    29.7403      8.886  253.59910  253.87829     1.5054     9.9786 -9.990e-29
 150.453602      8.973    15.6075  37.606255    29.7388      8.893  253.60167  253.88086     1.3498     9.5136 -9.990e-29
 150.453605      8.961    15.6076  37.608474    29.7407      8.880  253.59768  253.87687     1.2720     9.4853 -9.990e-29
 150.453608      8.933    15.6074  37.604406    29.7373      8.853  253.60476  253.88397     1.2097     9.4772 -9.990e-29
 150.453611      8.906    15.6073  37.607365    29.7399      8.826  253.60052  253.87970     2.6883     9.4246 -9.990e-29
 150.453614      8.888    15.6077  37.608104    29.7403      8.808  253.59791  253.87711     2.6572     9.4691 -9.990e-29
 150.453617      8.880    15.6077  37.608227    29.7404      8.801  253.59772  253.87691     2.5171     9.3963 -9.990e-29
 150.453620      8.897    15.6080  37.607180    29.7393      8.817  253.59844  253.87766     2.5171     9.4125 -9.990e-29
 150.453623      8.933    15.6084  37.607796    29.7406      8.853  253.59391  253.87314     3.6222     9.8613 -9.990e-29
 150.453626      8.991    15.6084  37.609029    29.7400      8.911  253.59472  253.87397     3.5911     9.8634 0.0000e+00
 150.453628      9.064    15.6085  37.607796    29.7394      8.983  253.59554  253.87479     3.5599     9.8613 0.0000e+00
 150.453631      9.147    15.6087  37.606502    29.7380      9.065  253.59669  253.87595     3.5288     9.8654 0.0000e+00
 150.453634      9.223    15.6090  37.604715    29.7371      9.140  253.59669  253.87595     3.5288     9.8492 0.0000e+00
 150.453637      9.285    15.6092  37.606071    29.7367      9.202  253.59683  253.87612     4.5171     9.6349 0.0000e+00
 150.453640      9.329    15.6094  37.605578    29.7371      9.245  253.59507  253.87437     5.5054     9.4044 -9.990e-29
 150.453643      9.351    15.6104  37.605578    29.7359      9.267  253.59204  253.87140     5.5833     9.4206 -9.990e-29
 150.453646      9.360    15.6106  37.605147    29.7354      9.276  253.59182  253.87120     5.4899     9.4327 -9.990e-29
 150.453649      9.354    15.6113  37.605147    29.7349      9.271  253.58947  253.86888     7.0930     9.6025 -9.990e-29
 150.453652      9.336    15.6113  37.605331    29.7351      9.253  253.58917  253.86858     7.0307     9.6308 -9.990e-29
 150.453655      9.314    15.6118  37.606687    29.7358      9.231  253.58503  253.86446     6.9218     9.6268 -9.990e-29
 150.453657      9.303    15.6121  37.605578    29.7346      9.220  253.58554  253.86500     6.9840     9.6147 -9.990e-29
 150.453660      9.301    15.6122  37.605824    29.7348      9.218  253.58487  253.86433     6.0969     9.6025 -9.990e-29
 150.453663      9.325    15.6121  37.604407    29.7338      9.242  253.58689  253.86636     6.0191     9.6268 -9.990e-29
 150.453666      9.365    15.6121  37.604715    29.7345      9.282  253.58574  253.86520     6.0580     9.6349 0.0000e+00
 150.453669      9.424    15.6121  37.606256    29.7350      9.340  253.58490  253.86435     6.0191     9.6268 0.0000e+00
 150.453672      9.497    15.6121  37.606072    29.7350      9.412  253.58490  253.86435     5.8167     9.5742 0.0000e+00
 150.453675      9.570    15.6120  37.606072    29.7350      9.484  253.58524  253.86469     5.7545     9.5702 0.0000e+00
 150.453678      9.646    15.6120  37.605826    29.7350      9.560  253.58524  253.86469     5.7078     9.5459 0.0000e+00
 150.453681      9.709    15.6120  37.606504    29.7348      9.622  253.58566  253.86511     5.7545     9.5459 0.0000e+00
 150.453683      9.754    15.6119  37.604717    29.7347      9.667  253.58677  253.86622     5.7467     9.5499 0.0000e+00
 150.453686      9.787    15.6117  37.604902    29.7340      9.699  253.58859  253.86803     5.7856     9.5621 -9.990e-29
 150.453689      9.796    15.6121  37.605826    29.7347      9.709  253.58545  253.86491     8.7584    10.1363 -9.990e-29
 150.453692      9.796    15.6125  37.604901    29.7336      9.709  253.58540  253.86488     8.7272    10.1282 -9.990e-29
 150.453695      9.789    15.6129  37.606258    29.7345      9.701  253.58185  253.86134     8.8829    10.1242 -9.990e-29
 150.453698      9.782    15.6132  37.603730    29.7320      9.694  253.58453  253.86405    10.0035     9.5904 -9.990e-29
 150.453701      9.782    15.6136  37.604285    29.7322      9.694  253.58221  253.86175     9.9879     9.6308 -9.990e-29
 150.453704      9.785    15.6135  37.605148    29.7330      9.698  253.58119  253.86072    10.0035     9.6268 -9.990e-29
 150.453707      9.804    15.6135  37.604285    29.7323      9.716  253.58281  253.86235     9.9101     9.6308 -9.990e-29
 150.453709      9.827    15.6134  37.604408    29.7300      9.739  253.58718  253.86674     9.0074    10.2899 -9.990e-29
 150.453712      9.864    15.6135  37.601635    29.7313      9.776  253.58459  253.86415     8.9840    10.2838 0.0000e+00
 150.453715      9.898    15.6135  37.604655    29.7325      9.810  253.58201  253.86155     8.9607    10.2778 0.0000e+00
 150.453718      9.944    15.6135  37.605580    29.7329      9.855  253.58101  253.86055     8.9607    10.2738 0.0000e+00
 150.453721      9.989    15.6136  37.605149    29.7329      9.900  253.58101  253.86055    13.1163     9.9705 0.0000e+00
 150.453724     10.040    15.6136  37.603423    29.7324      9.950  253.58114  253.86069    13.1163     9.9543 0.0000e+00
 150.453727     10.080    15.6138  37.604717    29.7321      9.990  253.58163  253.86118    13.0852     9.9422 0.0000e+00
 150.453730     10.113    15.6138  37.604409    29.7321     10.023  253.58114  253.86069    13.0852     9.9382 0.0000e+00
 150.453733     10.150    15.6141  37.604040    29.7315     10.059  253.58104  253.86061    13.2253     9.9260 0.0000e+00
 150.453736     10.182    15.6143  37.603978    29.7313     10.091  253.58036  253.85994    13.5755     9.9240 0.0000e+00
 150.453738     10.210    15.6145  37.604286    29.7311     10.118  253.57968  253.85927    13.9257     9.9098 -9.990e-29
 150.453741     10.235    15.6151  37.603300    29.7301     10.144  253.57839  253.85803    13.9101     9.8532 -9.990e-29
 150.453744     10.259    15.6150  37.601451    29.7285     10.167  253.58182  253.86145    13.8323     9.8856 -9.990e-29
 150.453747     10.277    15.6153  37.602376    29.7291     10.185  253.57924  253.85889    14.4082    10.0554 -9.990e-29
 150.453750     10.288    15.6154  37.602746    29.7293     10.196  253.57809  253.85775    14.4237    10.0635 -9.990e-29
 150.453753     10.299    15.6153  37.602376    29.7290     10.207  253.57896  253.85861    14.4082    10.0959 -9.990e-29
 150.453756     10.301    15.6155  37.602992    29.7295     10.208  253.57743  253.85709    14.4082    10.0837 -9.990e-29
 150.453759     10.313    15.6154  37.604656    29.7310     10.221  253.57519  253.85483    12.1513     9.9867 -9.990e-29
 150.453762     10.334    15.6154  37.603609    29.7301     10.241  253.57680  253.85645    12.2136    10.0029 -9.990e-29
 150.453764     10.357    15.6153  37.600527    29.7314     10.265  253.57478  253.85442    12.1980    10.0271 -9.990e-29
 150.453767     10.396    15.6153  37.605150    29.7309     10.303  253.57569  253.85533    12.0657    10.0049 0.0000e+00
 150.453770     10.443    15.6153  37.603979    29.7304     10.350  253.57660  253.85624    11.9957    10.0029 0.0000e+00
 150.453773     10.493    15.6153  37.603609    29.7304     10.399  253.57660  253.85624    11.9490    10.0029 0.0000e+00
 150.453776     10.536    15.6152  37.604411    29.7307     10.442  253.57680  253.85643    11.9490    10.0150 0.0000e+00
 150.453779     10.582    15.6152  37.604288    29.7307     10.487  253.57680  253.85643    11.9490    10.0190 0.0000e+00
 150.453782     10.622    15.6151  37.603302    29.7299     10.527  253.57862  253.85825    11.9646    10.0271 0.0000e+00
 150.453785     10.655    15.6151  37.602747    29.7296     10.559  253.57905  253.85868    11.9957    10.3183 0.0000e+00
 150.453788     10.684    15.6151  37.603487    29.7294     10.588  253.57948  253.85912    12.0268    10.6094 -9.990e-29
 150.453791     10.702    15.6153  37.604535    29.7308     10.606  253.57590  253.85554    11.9957    10.5730 -9.990e-29
 150.453793     10.715    15.6153  37.602131    29.7287     10.619  253.57987  253.85952    12.0268    10.5770 -9.990e-29
 150.453796     10.733    15.6152  37.603425    29.7299     10.637  253.57820  253.85784    12.5093     9.8128 -9.990e-29
 150.453799     10.750    15.6153  37.602131    29.7287     10.654  253.57960  253.85926    12.4626     9.8128 -9.990e-29
 150.453802     10.763    15.6153  37.604720    29.7309     10.666  253.57566  253.85530    12.5560     9.8128 -9.990e-29
 150.453805     10.781    15.6154  37.604658    29.7308     10.684  253.57547  253.85511    12.4938     9.8209 -9.990e-29
 150.453808     10.805    15.6153  37.604535    29.7308     10.708  253.57626  253.85589    12.0424    10.6620 -9.990e-29
 150.453811     10.834    15.6152  37.602316    29.7289     10.737  253.57995  253.85960    11.9957    10.6458 -9.990e-29
 150.453814     10.856    15.6153  37.604227    29.7309     10.758  253.57573  253.85537    11.9801    10.6539 -9.990e-29
 150.453817     10.888    15.6154  37.604720    29.7302     10.791  253.57653  253.85618    12.4159    10.3122 0.0000e+00
 150.453819     10.928    15.6155  37.603303    29.7303     10.830  253.57573  253.85537    12.8517    10.0150 0.0000e+00
 150.453822     10.979    15.6155  37.604289    29.7303     10.881  253.57599  253.85564    12.8984    10.0150 0.0000e+00
 150.453825     11.031    15.6156  37.604412    29.7303     10.932  253.57599  253.85564    12.9140    10.0190 0.0000e+00
 150.453828     11.078    15.6156  37.603426    29.7305     10.979  253.57599  253.85564    12.9140    10.0190 0.0000e+00
 150.453831     11.122    15.6157  37.604906    29.7301     11.022  253.57567  253.85533    12.9140    10.0150 0.0000e+00
 150.453834     11.153    15.6157  37.603858    29.7307     11.053  253.57441  253.85406    12.8673    10.0069 -9.990e-29
 150.453837     11.177    15.6156  37.605338    29.7312     11.077  253.57408  253.85373    12.1980     9.9503 -9.990e-29
 150.453840     11.191    15.6157  37.603858    29.7298     11.091  253.57605  253.85571    12.1047     9.9462 -9.990e-29
 150.453843     11.195    15.6157  37.604906    29.7307     11.095  253.57416  253.85382    12.2603     9.9098 -9.990e-29
 150.453845     11.195    15.6157  37.604721    29.7306     11.094  253.57473  253.85439    12.1513    10.1363 -9.990e-29
 150.453848     11.202    15.6157  37.604413    29.7303     11.102  253.57521  253.85487    12.2292    10.1039 -9.990e-29
 150.453851     11.217    15.6158  37.602317    29.7283     11.116  253.57783  253.85751    12.1202    10.1363 -9.990e-29
 150.453854     11.235    15.6157  37.603489    29.7294     11.134  253.57634  253.85601    12.2292    10.1080 -9.990e-29
 150.453857     11.257    15.6158  37.603427    29.7314     11.156  253.57250  253.85216    10.7039     9.8290 -9.990e-29
 150.453860     11.284    15.6158  37.605831    29.7311     11.183  253.57303  253.85269    10.7273     9.8229 0.0000e+00
 150.453863     11.321    15.6158  37.605153    29.7308     11.219  253.57356  253.85322    10.7506     9.8168 0.0000e+00
 150.453866     11.352    15.6158  37.603057    29.7308     11.250  253.57356  253.85322    10.7506     9.8168 0.0000e+00
 150.453869     11.388    15.6157  37.605400    29.7310     11.286  253.57393  253.85359    10.0191    10.1282 0.0000e+00
 150.453872     11.430    15.6157  37.605338    29.7310     11.328  253.57393  253.85359    10.0191    10.1363 0.0000e+00
 150.453874     11.485    15.6157  37.605154    29.7310     11.382  253.57393  253.85359    10.0191    10.1444 0.0000e+00
 150.453877     11.545    15.6156  37.605585    29.7308     11.442  253.57425  253.85390    10.0502    10.1444 0.0000e+00
 150.453880     11.598    15.6155  37.602750    29.7295     11.494  253.57776  253.85742    10.0191    10.1242 0.0000e+00
 150.453883     11.649    15.6154  37.603490    29.7292     11.545  253.57817  253.85782     9.0541     9.8735 0.0000e+00
 150.453886     11.687    15.6154  37.605401    29.7295     11.583  253.57776  253.85742     8.0580     9.6227 -9.990e-29
 150.453889     11.709    15.6152  37.604908    29.7309     11.604  253.57652  253.85615     7.9957     9.6308 -9.990e-29
 150.453892     11.724    15.6150  37.606264    29.7322     11.619  253.57505  253.85466     7.9801     9.6308 -9.990e-29
 150.453895     11.726    15.6151  37.606264    29.7321     11.621  253.57475  253.85437     7.1864     9.9543 -9.990e-29
 150.453898     11.711    15.6151  37.604292    29.7304     11.606  253.57776  253.85739     7.2953     9.9867 -9.990e-29
 150.453900     11.691    15.6153  37.605401    29.7312     11.586  253.57517  253.85481     7.2642     9.9503 -9.990e-29
