seaocn-cb/data/ctd_cnv/SBE19plus_01907321_2024_05_29_Cast103.cnv
* Sea-Bird SBE19plus  Data File:
* FileName = E:\Prandtl_Daten\2024\29052024\raw\SBE19plus_01907321_2024_05_29_Cast103.hex
* Software version 2.6.1.12
* Temperature SN = 7321
* Conductivity SN = 7321
* System UpLoad Time = May 29 2024 08:35:28
* <ApplicationData>
* <Seaterm232>
** 20240527
** Sea Practical 2024
** MCat 27.05 CTD_SP1
** NMEA Latitude = 54 07.90N
** NMEA Longitude = 008 46.41E
** waterdepth = 13.0m
** Isabelle
# nquan = 11
# nvalues = 492                         
# units = specified
# name 0 = timeJ: Julian Days
# name 1 = prdM: Pressure, Strain Gauge [db]
# name 2 = tv290C: Temperature [ITS-90, deg C]
# name 3 = c0mS/cm: Conductivity [mS/cm]
# name 4 = sal00: Salinity, Practical [PSU]
# name 5 = depSM: Depth [salt water, m], lat = 54.00
# name 6 = oxsatMm/Kg: Oxygen Saturation, Weiss [umol/kg]
# name 7 = oxsolMm/Kg: Oxygen Saturation, Garcia & Gordon [umol/kg]
# name 8 = turbWETntu0: Turbidity, WET Labs ECO [NTU]
# name 9 = flECO-AFL: Fluorescence, WET Labs ECO-AFL/FL [mg/m^3]
# name 10 = flag:  0.000e+00
# span 0 = 150.354219, 150.355639       
# span 1 =      0.374,     11.645       
# span 2 =    18.2213,    18.2649       
# span 3 =  35.958049,  36.036939       
# span 4 =    26.5190,    26.5582       
# span 5 =      0.371,     11.540       
# span 6 =  246.03033,  246.29564       
# span 7 =  246.44183,  246.70577       
# span 8 =     4.7428,    32.1047       
# span 9 =     3.3308,     5.0373       
# span 10 = 0.0000e+00, 0.0000e+00      
# interval = seconds: 0.25
# start_time = May 29 2024 08:28:48 [Instrument's time stamp, header]
# bad_flag = -9.990e-29
*END*
[from data line 132]
 150.354601      3.727    18.2476  36.002052    26.5396      3.694  246.13949  246.55045     8.6494     3.8686 -9.990e-29
 150.354604      3.751    18.2476  36.001871    26.5394      3.718  246.13974  246.55071     8.6961     3.8767 -9.990e-29
 150.354606      3.771    18.2475  36.001205    26.5389      3.737  246.14097  246.55194     8.7272     3.8565 -9.990e-29
 150.354609      3.798    18.2471  36.000781    26.5388      3.764  246.14312  246.55408     8.6650     3.8727 -9.990e-29
 150.354612      3.818    18.2469  36.002174    26.5401      3.784  246.14187  246.55281     8.9296     3.6746 -9.990e-29
 150.354615      3.840    18.2463  35.999630    26.5375      3.806  246.14901  246.55994     9.0852     3.7029 -9.990e-29
 150.354618      3.868    18.2462  35.998540    26.5377      3.833  246.14948  246.56041     9.0618     3.6908 0.0000e+00
 150.354621      3.899    18.2460  35.998783    26.5375      3.864  246.14995  246.56087     9.0852     3.6786 0.0000e+00
 150.354624      3.930    18.2459  35.995512    26.5366      3.895  246.15249  246.56341    10.1514     3.6726 0.0000e+00
 150.354627      3.960    18.2458  35.995270    26.5353      3.924  246.15502  246.56595    11.2642     3.6665 -9.990e-29
 150.354630      3.984    18.2450  35.996784    26.5369      3.948  246.15646  246.56735    11.3576     3.6826 -9.990e-29
 150.354633      4.008    18.2450  35.997693    26.5376      3.972  246.15493  246.56581    11.3264     3.6665 -9.990e-29
 150.354635      4.035    18.2448  35.995694    26.5361      3.999  246.15859  246.56947    11.2331     3.6543 -9.990e-29
 150.354638      4.055    18.2443  35.997935    26.5383      4.019  246.15745  246.56830    11.1241     4.3701 -9.990e-29
 150.354641      4.074    18.2439  35.996361    26.5372      4.037  246.16084  246.57169    11.2019     4.3781 -9.990e-29
 150.354644      4.095    18.2440  35.997451    26.5354      4.059  246.16350  246.57436    11.2331     4.3498 -9.990e-29
 150.354647      4.124    18.2435  35.994181    26.5354      4.088  246.16597  246.57681    11.2098     4.2750 0.0000e+00
 150.354650      4.150    18.2430  35.993333    26.5354      4.113  246.16843  246.57925    11.2331     4.2002 0.0000e+00
 150.354653      4.181    18.2419  35.995514    26.5353      4.143  246.16926  246.58003    11.2175     4.2002 0.0000e+00
 150.354656      4.210    18.2414  35.990427    26.5361      4.173  246.17690  246.58765    11.2175     4.2002 0.0000e+00
 150.354659      4.243    18.2409  35.992667    26.5361      4.205  246.17690  246.58765    11.2175     4.1719 0.0000e+00
 150.354661      4.274    18.2409  35.992970    26.5363      4.235  246.17686  246.58761    11.1241     4.0749 0.0000e+00
 150.354664      4.299    18.2408  35.994848    26.5364      4.261  246.17682  246.58756    11.0307     3.9374 -9.990e-29
 150.354667      4.321    18.2413  35.993940    26.5369      4.283  246.17396  246.58471    11.0619     3.9050 -9.990e-29
 150.354670      4.352    18.2413  35.976863    26.5229      4.313  246.19710  246.60792    10.9840     3.9333 -9.990e-29
 150.354673      4.376    18.2413  35.993334    26.5364      4.337  246.17481  246.58556     9.7545     3.9900 -9.990e-29
 150.354676      4.393    18.2416  35.995030    26.5375      4.353  246.17127  246.58203     9.7389     3.9940 -9.990e-29
 150.354679      4.412    18.2419  35.995696    26.5378      4.373  246.16912  246.57989     9.7078     3.9859 -9.990e-29
 150.354682      4.429    18.2419  35.995030    26.5373      4.389  246.17034  246.58111     9.7389     3.9738 -9.990e-29
 150.354685      4.451    18.2415  35.993334    26.5360      4.411  246.17416  246.58493    11.0152     3.9495 -9.990e-29
 150.354688      4.476    18.2411  35.993153    26.5359      4.436  246.17655  246.58730    10.9685     3.9737 0.0000e+00
 150.354690      4.504    18.2406  35.992184    26.5358      4.464  246.17894  246.58967    11.0152     3.9980 0.0000e+00
 150.354693      4.537    18.2398  35.990670    26.5358      4.496  246.18308  246.59376    10.9529     3.9980 0.0000e+00
 150.354696      4.564    18.2392  35.992850    26.5372      4.523  246.18383  246.59453    11.0307     3.9980 0.0000e+00
 150.354699      4.591    18.2391  35.993093    26.5377      4.550  246.18308  246.59376    11.8868     3.9859 0.0000e+00
 150.354702      4.620    18.2391  35.994183    26.5377      4.579  246.18340  246.59408    12.0268     3.9778 0.0000e+00
 150.354705      4.648    18.2392  35.992185    26.5375      4.607  246.18251  246.59318    11.9568     3.9778 0.0000e+00
 150.354708      4.676    18.2394  35.992003    26.5366      4.634  246.18340  246.59408    12.0268     3.9778 -9.990e-29
 150.354711      4.698    18.2396  35.992306    26.5365      4.656  246.18231  246.59301    12.3381     3.9374 -9.990e-29
 150.354714      4.723    18.2391  35.990429    26.5353      4.681  246.18675  246.59743    12.5249     3.9091 -9.990e-29
 150.354716      4.747    18.2387  35.988249    26.5338      4.704  246.19128  246.60196    12.5405     3.9172 -9.990e-29
 150.354719      4.765    18.2385  35.990247    26.5355      4.722  246.18921  246.59987    12.6338     3.9253 -9.990e-29
 150.354722      4.783    18.2382  35.989581    26.5352      4.740  246.19138  246.60202    13.0229     3.8403 -9.990e-29
 150.354725      4.805    18.2381  35.990671    26.5327      4.762  246.19590  246.60655    12.8984     3.7959 -9.990e-29
 150.354728      4.834    18.2379  35.986493    26.5330      4.791  246.19620  246.60685    12.8595     3.8080 0.0000e+00
 150.354731      4.865    18.2377  35.986977    26.5333      4.822  246.19630  246.60693    12.8206     3.8039 0.0000e+00
 150.354734      4.898    18.2374  35.988068    26.5344      4.854  246.19651  246.60715    12.8206     3.8201 0.0000e+00
 150.354737      4.933    18.2368  35.987947    26.5344      4.888  246.19868  246.60928    11.2642     3.9617 0.0000e+00
 150.354740      4.962    18.2365  35.986312    26.5342      4.917  246.20089  246.61149    11.2020     3.9697 0.0000e+00
 150.354742      4.991    18.2362  35.985404    26.5337      4.946  246.20310  246.61369    11.2642     3.9778 -9.990e-29
 150.354745      5.010    18.2350  35.984980    26.5334      4.965  246.20932  246.61986    11.2486     3.9859 -9.990e-29
 150.354748      5.033    18.2348  35.985828    26.5342      4.988  246.20881  246.61934    11.0307     4.0264 -9.990e-29
 150.354751      5.055    18.2350  35.986978    26.5350      5.010  246.20664  246.61717    11.0619     4.0021 -9.990e-29
 150.354754      5.079    18.2358  35.986070    26.5338      5.033  246.20506  246.61562    10.9529     3.9819 -9.990e-29
 150.354757      5.097    18.2360  35.987584    26.5348      5.051  246.20207  246.61264    10.9218     4.0061 -9.990e-29
 150.354760      5.121    18.2364  35.987584    26.5345      5.075  246.20052  246.61110    10.9840     3.7271 -9.990e-29
 150.354763      5.142    18.2370  35.987523    26.5342      5.096  246.19873  246.60934    11.0619     3.7514 -9.990e-29
 150.354766      5.166    18.2376  35.989340    26.5348      5.120  246.19436  246.60499    10.9840     3.7312 -9.990e-29
 150.354769      5.197    18.2375  35.988916    26.5350      5.151  246.19452  246.60514    10.7739     3.7009 0.0000e+00
 150.354771      5.228    18.2375  35.989159    26.5348      5.181  246.19467  246.60529    10.5638     3.6867 0.0000e+00
 150.354774      5.256    18.2367  35.987584    26.5351      5.209  246.19490  246.60548    10.5482     3.6705 0.0000e+00
 150.354777      5.285    18.2367  35.991097    26.5358      5.237  246.19727  246.60786    10.5327     3.6645 0.0000e+00
 150.354780      5.316    18.2367  35.991763    26.5372      5.268  246.19490  246.60548    10.5482     3.6422 -9.990e-29
 150.354783      5.339    18.2390  35.992672    26.5339      5.292  246.18942  246.60010    10.8595     3.9212 -9.990e-29
 150.354786      5.367    18.2390  35.988917    26.5339      5.319  246.18942  246.60010    10.8595     3.9212 0.0000e+00
 150.354789      5.396    18.2390  35.992127    26.5339      5.348  246.18942  246.60010    10.8595     3.9212 -9.990e-29
 150.354792      5.418    18.2394  35.991097    26.5354      5.369  246.18523  246.59592    10.8128     3.9091 -9.990e-29
 150.354795      5.431    18.2388  35.991097    26.5358      5.382  246.18712  246.59779    10.6572     3.9536 -9.990e-29
 150.354797      5.453    18.2388  35.991582    26.5362      5.404  246.18679  246.59745    10.8751     4.0991 -9.990e-29
 150.354800      5.476    18.2388  35.991582    26.5362      5.427  246.18649  246.59716    11.0463     4.1638 -9.990e-29
 150.354803      5.498    18.2391  35.992188    26.5363      5.449  246.18500  246.59567    10.9529     4.1436 -9.990e-29
 150.354806      5.526    18.2392  35.992006    26.5350      5.476  246.18646  246.59715    12.8051     4.0061 0.0000e+00
 150.354809      5.555    18.2391  35.989160    26.5351      5.505  246.18792  246.59862    14.6572     3.8686 0.0000e+00
 150.354812      5.588    18.2387  35.990250    26.5351      5.538  246.18890  246.59954    14.6727     3.8646 0.0000e+00
 150.354815      5.615    18.2382  35.991704    26.5351      5.565  246.18897  246.59964    14.6727     3.8484 0.0000e+00
 150.354818      5.646    18.2381  35.989342    26.5358      5.596  246.19097  246.60161    14.6494     3.8403 0.0000e+00
 150.354821      5.675    18.2379  35.989826    26.5349      5.625  246.19305  246.60369    14.6105     3.8323 -9.990e-29
 150.354823      5.696    18.2379  35.991340    26.5365      5.645  246.19037  246.60100    15.1864     4.3862 -9.990e-29
 150.354826      5.725    18.2381  35.989827    26.5351      5.673  246.19181  246.60245    15.0619     4.3498 -9.990e-29
 150.354829      5.745    18.2376  35.990251    26.5358      5.694  246.19281  246.60344    15.1241     4.3660 -9.990e-29
 150.354832      5.769    18.2379  35.991765    26.5368      5.717  246.18983  246.60046    15.1708     4.3701 -9.990e-29
 150.354835      5.790    18.2378  35.992855    26.5378      5.739  246.18868  246.59930    11.5132     3.8767 -9.990e-29
 150.354838      5.807    18.2382  35.991886    26.5367      5.755  246.18843  246.59907    11.4976     3.8565 -9.990e-29
 150.354841      5.830    18.2382  35.993339    26.5384      5.778  246.18598  246.59661    11.5910     3.8686 -9.990e-29
 150.354844      5.858    18.2383  35.993945    26.5380      5.805  246.18609  246.59672    11.4587     3.8100 0.0000e+00
 150.354847      5.885    18.2384  35.993097    26.5376      5.832  246.18620  246.59684    11.3264     3.7514 0.0000e+00
 150.354850      5.916    18.2387  35.992007    26.5376      5.863  246.18620  246.59684    11.1241     3.7514 0.0000e+00
 150.354852      5.952    18.2390  35.993945    26.5373      5.899  246.18289  246.59355    11.1241     3.7433 0.0000e+00
 150.354855      5.980    18.2392  35.993522    26.5373      5.926  246.18289  246.59355    11.1552     3.7554 0.0000e+00
 150.354858      6.007    18.2392  35.992855    26.5368      5.953  246.18376  246.59444    11.4976     3.9657 0.0000e+00
 150.354861      6.035    18.2391  35.991099    26.5361      5.981  246.18527  246.59595    11.5209     3.9718 0.0000e+00
 150.354864      6.066    18.2390  35.994854    26.5355      6.012  246.18678  246.59746    11.4976     3.9778 -9.990e-29
 150.354867      6.087    18.2388  35.994430    26.5383      6.033  246.18292  246.59358    11.4043     4.0304 -9.990e-29
 150.354870      6.107    18.2388  35.993946    26.5379      6.053  246.18359  246.59425    11.2953     3.7999 -9.990e-29
 150.354873      6.126    18.2391  35.993098    26.5370      6.071  246.18380  246.59448    11.2331     3.8039 -9.990e-29
 150.354876      6.148    18.2395  35.993098    26.5368      6.093  246.18256  246.59324    11.2953     3.8039 -9.990e-29
 150.354878      6.168    18.2395  35.992190    26.5361      6.113  246.18380  246.59449    11.2953     3.8201 -9.990e-29
 150.354881      6.190    18.2395  35.992190    26.5356      6.135  246.18464  246.59534    10.5171     3.8565 -9.990e-29
 150.354884      6.221    18.2395  35.991584    26.5364      6.166  246.18302  246.59371    10.5171     3.8504 0.0000e+00
 150.354887      6.249    18.2395  35.993765    26.5356      6.193  246.18464  246.59534    10.5171     3.8444 0.0000e+00
 150.354890      6.284    18.2391  35.990858    26.5354      6.227  246.18691  246.59759    10.5482     3.8444 0.0000e+00
 150.354893      6.315    18.2385  35.990676    26.5352      6.258  246.18937  246.60003    10.5482     3.8646 0.0000e+00
 150.354896      6.346    18.2379  35.989163    26.5354      6.289  246.19231  246.60292     9.6144     3.9617 0.0000e+00
 150.354899      6.375    18.2373  35.991767    26.5365      6.318  246.19323  246.60384     9.5677     3.9697 0.0000e+00
 150.354902      6.402    18.2373  35.991101    26.5367      6.345  246.19277  246.60338     9.5288     3.9657 0.0000e+00
 150.354905      6.429    18.2373  35.992857    26.5365      6.372  246.19323  246.60384     9.5677     3.9697 -9.990e-29
 150.354907      6.444    18.2382  35.992191    26.5368      6.386  246.18832  246.59896     9.8323     3.7312 -9.990e-29
 150.354910      6.464    18.2388  35.995946    26.5394      6.406  246.18105  246.59170     9.7078     3.7352 -9.990e-29
 150.354913      6.484    18.2394  35.993765    26.5373      6.426  246.18213  246.59281     9.6766     3.7393 -9.990e-29
 150.354916      6.504    18.2397  35.994189    26.5374      6.446  246.18031  246.59100     9.7545     3.7312 -9.990e-29
 150.354919      6.528    18.2401  35.994856    26.5390      6.469  246.17613  246.58682    14.8440     3.7959 -9.990e-29
 150.354922      6.556    18.2402  35.996370    26.5395      6.498  246.17492  246.58561    14.8673     3.8039 0.0000e+00
 150.354925      6.591    18.2402  35.997702    26.5391      6.532  246.17371  246.58441    14.8440     3.7959 0.0000e+00
 150.354928      6.620    18.2409  35.997278    26.5391      6.561  246.17179  246.58252    14.8440     3.7837 0.0000e+00
 150.354931      6.653    18.2418  35.996794    26.5382      6.593  246.17098  246.58178    14.7506     3.7837 0.0000e+00
 150.354933      6.679    18.2420  35.994190    26.5369      6.619  246.17015  246.58094    13.7389     3.9778 0.0000e+00
 150.354936      6.708    18.2423  35.990254    26.5357      6.648  246.17098  246.58178    12.7272     4.1800 -9.990e-29
 150.354939      6.733    18.2397  35.987710    26.5321      6.673  246.18919  246.59991    12.6961     4.1598 -9.990e-29
 150.354942      6.758    18.2383  35.981897    26.5282      6.698  246.20209  246.61278    12.7584     4.1679 -9.990e-29
 150.354945      6.782    18.2370  35.984562    26.5312      6.722  246.20320  246.61383    13.3809     4.0749 -9.990e-29
 150.354948      6.803    18.2357  35.984562    26.5321      6.742  246.20823  246.61881    13.3809     4.0668 -9.990e-29
 150.354951      6.819    18.2348  35.983654    26.5319      6.758  246.21261  246.62315    13.2875     4.0668 -9.990e-29
 150.354954      6.843    18.2341  35.981050    26.5302      6.782  246.21865  246.62918    13.3965     4.0587 -9.990e-29
 150.354957      6.867    18.2327  35.977114    26.5266      6.805  246.23116  246.64166    13.1941     4.2326 -9.990e-29
 150.354959      6.896    18.2323  35.975540    26.5275      6.834  246.23155  246.64202    13.1786     4.2407 0.0000e+00
 150.354962      6.925    18.2319  35.977296    26.5279      6.863  246.23194  246.64239    13.1941     4.2326 0.0000e+00
 150.354965      6.952    18.2315  35.976207    26.5279      6.890  246.23468  246.64512    13.1630     4.2326 0.0000e+00
 150.354968      6.987    18.2307  35.974693    26.5272      6.925  246.23988  246.65030    13.1941     4.1719 0.0000e+00
 150.354971      7.015    18.2297  35.972090    26.5256      6.952  246.24687  246.65727    13.1163     4.1719 0.0000e+00
 150.354974      7.044    18.2289  35.971000    26.5253      6.981  246.25150  246.66186    13.1163     4.1841 0.0000e+00
