seaocn-cb/data/ctd_cnv/SBE19plus_01907321_2024_05_28_Cast90.cnv
* Sea-Bird SBE19plus  Data File:
* FileName = E:\Prandtl_Daten\2024\28052024\raw\SBE19plus_01907321_2024_05_28_Cast90.hex
* Software version 2.6.1.12
* Temperature SN = 7321
* Conductivity SN = 7321
* System UpLoad Time = May 28 2024 11:13:09
* <ApplicationData>
* <Seaterm232>
** 20240527
** Sea Practical 2024
** MCat 27.05 CTD_SP7
** NMEA Latitude = 54 8.29N
** NMEA Longitude = 008 20.58E
** waterdepth = 13.7m
** Isabelle
# nquan = 11
# nvalues = 459                         
# units = specified
# name 0 = timeJ: Julian Days
# name 1 = prdM: Pressure, Strain Gauge [db]
# name 2 = tv290C: Temperature [ITS-90, deg C]
# name 3 = c0mS/cm: Conductivity [mS/cm]
# name 4 = sal00: Salinity, Practical [PSU]
# name 5 = depSM: Depth [salt water, m], lat = 54.00
# name 6 = oxsatMm/Kg: Oxygen Saturation, Weiss [umol/kg]
# name 7 = oxsolMm/Kg: Oxygen Saturation, Garcia & Gordon [umol/kg]
# name 8 = turbWETntu0: Turbidity, WET Labs ECO [NTU]
# name 9 = flECO-AFL: Fluorescence, WET Labs ECO-AFL/FL [mg/m^3]
# name 10 = flag:  0.000e+00
# span 0 = 149.464317, 149.465642       
# span 1 =      0.172,     13.272       
# span 2 =    15.1105,    16.6300       
# span 3 =  37.095645,  37.788227       
# span 4 =    28.5628,    30.2774       
# span 5 =      0.171,     13.153       
# span 6 =  250.49914,  255.19298       
# span 7 =  250.83365,  255.44313       
# span 8 =    -4.1444,    24.2603       
# span 9 =     2.2027,     7.3785       
# span 10 = 0.0000e+00, 0.0000e+00      
# interval = seconds: 0.25
# start_time = May 28 2024 11:07:22 [Instrument's time stamp, header]
# bad_flag = -9.990e-29
*END*
[from data line 132]
 149.464699      4.308    16.0262  37.192207    29.0680      4.270  252.65776  252.96176    -3.6619     2.8254 -9.990e-29
 149.464702      4.315    16.0252  37.196564    29.0725      4.276  252.65481  252.95874    -3.1171     2.5868 -9.990e-29
 149.464705      4.328    16.0244  37.192821    29.0698      4.289  252.66371  252.96762    -3.0393     2.5989 -9.990e-29
 149.464708      4.350    16.0237  37.195399    29.0703      4.311  252.66613  252.97000    -3.0860     2.5666 -9.990e-29
 149.464711      4.390    16.0232  37.192821    29.0692      4.350  252.67090  252.97475    -3.2961     2.5484 0.0000e+00
 149.464714      4.441    16.0226  37.189262    29.0700      4.401  252.67566  252.97950    -3.5062     2.5302 0.0000e+00
 149.464716      4.501    16.0218  37.190858    29.0681      4.461  252.67629  252.98008    -3.5529     2.5181 0.0000e+00
 149.464719      4.565    16.0218  37.188588    29.0686      4.524  252.67629  252.98008    -3.5529     2.5140 0.0000e+00
 149.464722      4.629    16.0225  37.189938    29.0686      4.588  252.67536  252.97918    -3.5529     2.5140 0.0000e+00
 149.464725      4.682    16.0231  37.191534    29.0691      4.640  252.67061  252.97446    -3.4440     2.8254 0.0000e+00
 149.464728      4.734    16.0237  37.191534    29.0691      4.691  252.66825  252.97214    -3.2728     2.8416 0.0000e+00
 149.464731      4.768    16.0243  37.190859    29.0683      4.726  252.66668  252.97060    -3.3584     2.8335 0.0000e+00
 149.464734      4.796    16.0248  37.188772    29.0676      4.753  252.66511  252.96906    -3.2728     2.8416 -9.990e-29
 149.464737      4.810    16.0272  37.189938    29.0651      4.767  252.65757  252.96164    -3.3506     2.8497 -9.990e-29
 149.464740      4.819    16.0283  37.189815    29.0642      4.776  252.65388  252.95801    -3.8642     2.8011 -9.990e-29
 149.464742      4.823    16.0287  37.186747    29.0613      4.780  252.65699  252.96115    -3.7086     2.8011 -9.990e-29
 149.464745      4.823    16.0290  37.185459    29.0599      4.780  252.65772  252.96192    -3.8175     2.7890 -9.990e-29
 149.464748      4.824    16.0291  37.189018    29.0629      4.780  252.65210  252.95627    -3.8642     2.7930 -9.990e-29
 149.464751      4.831    16.0294  37.186747    29.0588      4.788  252.65772  252.96194    -3.3195     2.6717 -9.990e-29
 149.464754      4.860    16.0295  37.184477    29.0613      4.817  252.65287  252.95708    -3.3195     2.6535 0.0000e+00
 149.464757      4.893    16.0296  37.190368    29.0626      4.849  252.64989  252.95409    -3.3195     2.6717 0.0000e+00
 149.464760      4.941    16.0296  37.189141    29.0626      4.897  252.64989  252.95409    -3.3195     2.6717 0.0000e+00
 149.464763      4.994    16.0302  37.186748    29.0601      4.949  252.65134  252.95564    -3.7086     2.9912 0.0000e+00
 149.464766      5.058    16.0309  37.185030    29.0581      5.012  252.65134  252.95564    -3.7708     2.9912 0.0000e+00
 149.464769      5.116    16.0327  37.184232    29.0561      5.070  252.64601  252.95040    -3.8020     2.9750 0.0000e+00
 149.464771      5.166    16.0337  37.185152    29.0558      5.120  252.64161  252.94605    -3.8564     2.9690 0.0000e+00
 149.464774      5.203    16.0346  37.186993    29.0554      5.156  252.63720  252.94169    -3.9109     2.9629 -9.990e-29
 149.464777      5.227    16.0374  37.182636    29.0512      5.180  252.63057  252.93521    -3.8953     3.2257 -9.990e-29
 149.464780      5.243    16.0385  37.181102    29.0491      5.196  252.62899  252.93370    -3.8487     3.2055 -9.990e-29
 149.464783      5.252    16.0397  37.180795    29.0479      5.205  252.62498  252.92976    -3.8798     3.2338 -9.990e-29
 149.464786      5.254    16.0405  37.181470    29.0479      5.207  252.62099  252.92580    -3.6774     3.2095 -9.990e-29
 149.464789      5.261    16.0393  37.184600    29.0515      5.214  252.62078  252.92551    -3.6152     2.7000 -9.990e-29
 149.464792      5.270    16.0371  37.185152    29.0536      5.223  252.62802  252.93263    -3.5529     2.7203 -9.990e-29
 149.464795      5.294    16.0303  37.192394    29.0677      5.246  252.63798  252.94217    -3.5841     2.7081 -9.990e-29
 149.464797      5.321    16.0275  37.195647    29.0697      5.274  252.64843  252.95247    -3.5841     2.6090 0.0000e+00
 149.464800      5.363    16.0247  37.195648    29.0717      5.315  252.65887  252.96278    -3.5841     2.5383 0.0000e+00
 149.464803      5.411    16.0184  37.196753    29.0773      5.362  252.68080  252.98437    -3.5218     2.5302 0.0000e+00
 149.464806      5.469    16.0136  37.196570    29.0806      5.420  252.69899  253.00232    -3.5218     2.5302 0.0000e+00
 149.464809      5.535    16.0108  37.198043    29.0839      5.485  252.70726  253.01043    -3.5685     2.5302 0.0000e+00
 149.464812      5.602    16.0082  37.204058    29.0910      5.552  252.70811  253.01112    -3.5685     2.6273 0.0000e+00
 149.464815      5.659    16.0027  37.202832    29.0939      5.608  252.73055  253.03328    -3.5685     2.6717 0.0000e+00
 149.464818      5.708    15.9990  37.206577    29.0983      5.657  252.74162  253.04414    -3.5452     2.6738 0.0000e+00
 149.464821      5.734    15.9953  37.206577    29.1026      5.683  252.75268  253.05500    -3.5841     2.6758 -9.990e-29
 149.464823      5.743    15.9853  37.213943    29.1163      5.692  252.77918  253.08094    -3.4751     2.5342 -9.990e-29
 149.464826      5.743    15.9776  37.219591    29.1269      5.691  252.79930  253.10063    -3.5996     2.4979 -9.990e-29
 149.464829      5.726    15.9661  37.223767    29.1389      5.675  252.83620  253.13690    -3.5529     2.5221 -9.990e-29
 149.464832      5.719    15.9511  37.232118    29.1572      5.667  252.87992  253.17979    -3.6774     2.5383 -9.990e-29
 149.464835      5.709    15.9380  37.232672    29.1674      5.658  252.92819  253.22737    -3.4595     2.5059 -9.990e-29
 149.464838      5.722    15.9293  37.235313    29.1760      5.671  252.95666  253.25537    -3.6774     2.3725 -9.990e-29
 149.464841      5.741    15.9091  37.240348    29.2014      5.689  253.01395  253.31153    -3.5996     2.3846 -9.990e-29
 149.464844      5.779    15.9015  37.247472    29.2094      5.727  253.03843  253.33560    -3.5996     2.3967 0.0000e+00
 149.464847      5.821    15.8939  37.252878    29.2173      5.769  253.06292  253.35967    -3.5996     2.4089 0.0000e+00
 149.464850      5.875    15.8776  37.265346    29.2402      5.823  253.10509  253.40091    -3.8487     3.8606 0.0000e+00
 149.464852      5.924    15.8584  37.267069    29.2558      5.871  253.17472  253.46952    -3.9109     3.8727 0.0000e+00
 149.464855      5.983    15.8395  37.271247    29.2734      5.929  253.23914  253.53292    -3.8487     3.8808 0.0000e+00
 149.464858      6.034    15.8245  37.273461    29.2864      5.980  253.29224  253.58521    -3.8487     3.8808 0.0000e+00
 149.464861      6.091    15.8124  37.279420    29.3006      6.036  253.32868  253.62098    -3.8331     2.6758 0.0000e+00
 149.464864      6.138    15.8026  37.281756    29.3098      6.083  253.36198  253.65374    -3.8331     2.6596 0.0000e+00
 149.464867      6.178    15.7884  37.292876    29.3300      6.123  253.39828  253.68922    -3.8020     2.6515 0.0000e+00
 149.464870      6.215    15.7787  37.296995    29.3389      6.159  253.43151  253.72192    -3.7864     2.6455 0.0000e+00
 149.464873      6.240    15.7691  37.298349    29.3479      6.184  253.46473  253.75461    -3.7708     2.6515 -9.990e-29
 149.464876      6.253    15.7354  37.294849    29.3710      6.197  253.59432  253.88242    -3.7708     2.5059 -9.990e-29
 149.464878      6.255    15.7298  37.297675    29.3777      6.199  253.61137  253.89915    -3.8487     2.5383 -9.990e-29
 149.464881      6.255    15.7267  37.298782    29.3809      6.199  253.62124  253.90886    -3.7864     2.5181 -9.990e-29
 149.464884      6.257    15.7233  37.297922    29.3827      6.201  253.63530  253.92273    -3.6308     2.5545 -9.990e-29
 149.464887      6.268    15.7197  37.304312    29.3910      6.212  253.63922  253.92643    -3.6463     2.6717 -9.990e-29
 149.464890      6.292    15.7082  37.306402    29.4019      6.236  253.67801  253.96459    -3.5374     2.6515 -9.990e-29
 149.464893      6.325    15.7048  37.307079    29.4051      6.268  253.68975  253.97614    -3.5141     2.6394 0.0000e+00
 149.464896      6.376    15.7014  37.308616    29.4083      6.319  253.70148  253.98768    -3.4907     2.6353 0.0000e+00
 149.464899      6.438    15.6939  37.315560    29.4200      6.380  253.71909  254.00484    -3.4907     2.6353 0.0000e+00
 149.464902      6.493    15.6835  37.316237    29.4283      6.435  253.75718  254.04237    -3.5374     2.6475 0.0000e+00
 149.464905      6.544    15.6728  37.318513    29.4382      6.485  253.79401  254.07861    -3.5529     2.6556 0.0000e+00
 149.464907      6.586    15.6688  37.321709    29.4425      6.527  253.80639  254.09077    -3.5685     2.6576 0.0000e+00
 149.464910      6.613    15.6649  37.323800    29.4469      6.554  253.81877  254.10293    -3.5841     2.6677 -9.990e-29
 149.464913      6.624    15.6450  37.326505    29.4659      6.565  253.88636  254.16941    -3.5841     2.7324 -9.990e-29
 149.464916      6.618    15.6380  37.325400    29.4702      6.559  253.91437  254.19706    -3.5841     2.6798 -9.990e-29
 149.464919      6.607    15.6330  37.326998    29.4753      6.548  253.93057  254.21297    -3.5841     2.7364 -9.990e-29
 149.464922      6.611    15.6291  37.331301    29.4820      6.552  253.93880  254.22096    -3.7241     2.5747 -9.990e-29
 149.464925      6.631    15.6148  37.331363    29.4959      6.572  253.98693  254.26830    -3.8642     2.5787 -9.990e-29
 149.464928      6.667    15.6113  37.335052    29.4985      6.608  254.00015  254.28133    -3.8175     2.6010 0.0000e+00
 149.464931      6.722    15.6078  37.334991    29.5011      6.662  254.01337  254.29436    -3.7864     2.6111 0.0000e+00
 149.464933      6.788    15.6031  37.335668    29.5052      6.727  254.03012  254.31085    -3.7708     2.6232 0.0000e+00
 149.464936      6.848    15.5989  37.338865    29.5111      6.786  254.04094  254.32142    -3.5841     3.0801 0.0000e+00
 149.464939      6.910    15.5941  37.339112    29.5149      6.848  254.05893  254.33915    -3.5841     3.0842 0.0000e+00
 149.464942      6.963    15.5903  37.336346    29.5153      6.900  254.07738  254.35741    -3.5841     3.1004 0.0000e+00
 149.464945      7.006    15.5896  37.337269    29.5162      6.944  254.07934  254.35933    -3.5919     3.1024 0.0000e+00
 149.464948      7.048    15.5889  37.338068    29.5171      6.985  254.08131  254.36126    -3.5841     3.1004 -9.990e-29
 149.464951      7.072    15.5869  37.337515    29.5188      7.009  254.08836  254.36821    -3.5062     2.7809 -9.990e-29
 149.464954      7.079    15.5856  37.338744    29.5209      7.016  254.09151  254.37127    -3.6463     2.7647 -9.990e-29
 149.464957      7.072    15.5842  37.340711    29.5236      7.009  254.09353  254.37320    -3.5062     2.8011 -9.990e-29
 149.464959      7.063    15.5838  37.337638    29.5212      6.999  254.09999  254.37966    -3.5996     2.8335 -9.990e-29
 149.464962      7.050    15.5833  37.341879    29.5253      6.987  254.09527  254.37489    -3.5529     2.8537 -9.990e-29
 149.464965      7.050    15.5826  37.345076    29.5287      6.987  254.09305  254.37260    -3.5685     2.8456 -9.990e-29
 149.464968      7.060    15.5815  37.345322    29.5297      6.996  254.09681  254.37631    -3.5062     2.8497 -9.990e-29
 149.464971      7.076    15.5778  37.347166    29.5369      7.013  254.10302  254.38228    -3.5841     2.7971 -9.990e-29
 149.464974      7.105    15.5768  37.350363    29.5389      7.042  254.10481  254.38401    -3.5452     2.7931 0.0000e+00
 149.464977      7.155    15.5758  37.353068    29.5408      7.091  254.10659  254.38573    -3.5529     2.7971 0.0000e+00
 149.464980      7.215    15.5733  37.353191    29.5427      7.150  254.11536  254.39424    -3.5529     2.7890 0.0000e+00
 149.464983      7.290    15.5717  37.357434    29.5476      7.224  254.11589  254.39489    -3.6308     2.8294 0.0000e+00
 149.464986      7.366    15.5696  37.360201    29.5515      7.300  254.11840  254.39696    -3.8175     2.9831 0.0000e+00
 149.464988      7.434    15.5670  37.367087    29.5596      7.367  254.11885  254.39760    -3.8175     2.9871 0.0000e+00
 149.464991      7.487    15.5655  37.368071    29.5611      7.420  254.12342  254.40190    -3.7786     2.9932 0.0000e+00
 149.464994      7.518    15.5639  37.377602    29.5627      7.451  254.12844  254.40683    -3.7397     2.9993 -9.990e-29
 149.464997      7.540    15.5544  37.380493    29.5807      7.472  254.14518  254.42297    -3.6152     3.3389 -9.990e-29
 149.465000      7.551    15.5480  37.381970    29.5868      7.483  254.16713  254.44457    -3.5374     3.3632 -9.990e-29
 149.465003      7.544    15.5436  37.386767    29.5943      7.476  254.17631  254.45347    -3.5529     3.3551 -9.990e-29
 149.465006      7.529    15.5396  37.390580    29.6007      7.462  254.18551  254.46243    -3.6774     3.3551 -9.990e-29
 149.465009      7.516    15.5340  37.398453    29.6119      7.449  254.19468  254.47124    -3.9732     3.1084 -9.990e-29
 149.465012      7.509    15.5250  37.407680    29.6267      7.442  254.21416  254.49017    -4.0666     3.0882 -9.990e-29
 149.465014      7.521    15.5156  37.412479    29.6380      7.454  254.24250  254.51795    -4.1444     3.1327 -9.990e-29
 149.465017      7.542    15.4967  37.414018    29.6572      7.474  254.30481  254.57919    -3.9732     2.9710 -9.990e-29
 149.465020      7.591    15.4917  37.418202    29.6642      7.523  254.31783  254.59192    -4.0276     2.9629 0.0000e+00
 149.465023      7.660    15.4867  37.425647    29.6713      7.591  254.33085  254.60464    -4.0199     2.9710 0.0000e+00
 149.465026      7.746    15.4762  37.426510    29.6799      7.677  254.36935  254.64256    -4.0199     2.9588 0.0000e+00
 149.465029      7.842    15.4659  37.434387    29.6946      7.772  254.39590  254.66848    -4.0199     2.9790 0.0000e+00
 149.465032      7.926    15.4566  37.440049    29.7066      7.856  254.42258  254.69461    -4.1132     2.9588 0.0000e+00
 149.465035      7.992    15.4530  37.440973    29.7097      7.921  254.43543  254.70727    -4.1210     2.8112 0.0000e+00
 149.465038      8.041    15.4494  37.446020    29.7128      7.969  254.44829  254.71992    -4.1288     2.6434 -9.990e-29
 149.465041      8.059    15.4370  37.446882    29.7273      7.987  254.48575  254.75666    -3.9887     2.6717 -9.990e-29
 149.465043      8.056    15.4316  37.446452    29.7311      7.984  254.50702  254.77763    -4.0354     2.6434 -9.990e-29
 149.465046      8.034    15.4278  37.446698    29.7341      7.962  254.52075  254.79115    -4.0977     3.3875 -9.990e-29
 149.465049      8.003    15.4255  37.447868    29.7369      7.931  254.52747  254.79773    -4.0666     3.4279 -9.990e-29
 149.465052      7.974    15.4247  37.449529    29.7390      7.902  254.52813  254.79834    -4.0199     3.4279 -9.990e-29
 149.465055      7.961    15.4243  37.450145    29.7399      7.890  254.52864  254.79883    -4.0043     3.4077 -9.990e-29
 149.465058      7.955    15.4227  37.451745    29.7425      7.884  254.53236  254.80244    -4.0043     3.1165 -9.990e-29
 149.465061      7.981    15.4174  37.452422    29.7484      7.909  254.54860  254.81837    -4.0510     3.1044 -9.990e-29
 149.465064      8.015    15.4163  37.454023    29.7491      7.944  254.55297  254.82268    -4.0665     3.1044 0.0000e+00
 149.465067      8.070    15.4152  37.453715    29.7498      7.998  254.55734  254.82700    -4.0510     3.1044 0.0000e+00
 149.465069      8.129    15.4134  37.454516    29.7519      8.056  254.56291  254.83246    -3.8331     3.4077 0.0000e+00
 149.465072      8.194    15.4114  37.454147    29.7530      8.121  254.57117  254.84061    -3.8331     3.4077 0.0000e+00
