seaocn-cb/data/ctd_cnv/SBE19plus_01907321_2024_05_28_Cast98.cnv
* Sea-Bird SBE19plus  Data File:
* FileName = E:\Prandtl_Daten\2024\28052024\raw\SBE19plus_01907321_2024_05_28_Cast98.hex
* Software version 2.6.1.12
* Temperature SN = 7321
* Conductivity SN = 7321
* System UpLoad Time = May 28 2024 13:18:31
* <ApplicationData>
* <Seaterm232>
** 20240527
** Sea Practical 2024
** MCat 27.05 CTD_SP7
** NMEA Latitude = 54 8.36N
** NMEA Longitude = 008 20.85E
** waterdepth = 14.5m
** Isabelle
# nquan = 11
# nvalues = 581                         
# units = specified
# name 0 = timeJ: Julian Days
# name 1 = prdM: Pressure, Strain Gauge [db]
# name 2 = tv290C: Temperature [ITS-90, deg C]
# name 3 = c0mS/cm: Conductivity [mS/cm]
# name 4 = sal00: Salinity, Practical [PSU]
# name 5 = depSM: Depth [salt water, m], lat = 54.00
# name 6 = oxsatMm/Kg: Oxygen Saturation, Weiss [umol/kg]
# name 7 = oxsolMm/Kg: Oxygen Saturation, Garcia & Gordon [umol/kg]
# name 8 = turbWETntu0: Turbidity, WET Labs ECO [NTU]
# name 9 = flECO-AFL: Fluorescence, WET Labs ECO-AFL/FL [mg/m^3]
# name 10 = flag:  0.000e+00
# span 0 = 149.550741, 149.552419       
# span 1 =      0.607,     14.341       
# span 2 =    14.8347,    17.1894       
# span 3 =  37.205837,  37.978192       
# span 4 =    28.6743,    30.6611       
# span 5 =      0.602,     14.212       
# span 6 =  247.54138,  255.94218       
# span 7 =  247.89883,  256.17488       
# span 8 =    -4.6736,    18.3148       
# span 9 =     1.5436,    10.2172       
# span 10 = 0.0000e+00, 0.0000e+00      
# interval = seconds: 0.25
# start_time = May 28 2024 13:11:35 [Instrument's time stamp, header]
# bad_flag = -9.990e-29
*END*
[from data line 132]
 149.551123      3.915    15.4702  37.501830    29.7571      3.880  254.26539  254.53771    -3.9732     6.9701 -9.990e-29
 149.551126      3.954    15.4656  37.507434    29.7628      3.918  254.27877  254.55082    -4.0276     6.9620 0.0000e+00
 149.551128      3.992    15.4610  37.512423    29.7684      3.956  254.29215  254.56393    -4.0199     6.9539 0.0000e+00
 149.551131      4.030    15.4568  37.516673    29.7735      3.994  254.30478  254.57630    -4.0510     6.9499 0.0000e+00
 149.551134      4.060    15.4526  37.518460    29.7786      4.023  254.31740  254.58868    -4.0199     6.9459 -9.990e-29
 149.551137      4.079    15.4323  37.523512    29.7999      4.043  254.38333  254.65345    -4.3156     7.0025 -9.990e-29
 149.551140      4.089    15.4238  37.527885    29.8102      4.052  254.40834  254.67796    -4.4090     6.9944 -9.990e-29
 149.551143      4.089    15.4168  37.528810    29.8163      4.052  254.43336  254.70258    -4.2689     6.9944 -9.990e-29
 149.551146      4.085    15.4127  37.532260    29.8225      4.049  254.44361  254.71258    -4.2689     7.0065 -9.990e-29
 149.551149      4.082    15.4084  37.535833    29.8289      4.045  254.45396  254.72268    -4.4090     6.4242 -9.990e-29
 149.551152      4.089    15.4048  37.542855    29.8378      4.052  254.45695  254.72541    -4.4090     6.4323 -9.990e-29
 149.551155      4.109    15.3826  37.553452    29.8697      4.072  254.51404  254.78116    -4.1911     6.4323 -9.990e-29
 149.551157      4.156    15.3760  37.559923    29.8836      4.119  254.52330  254.78998    -4.1288     6.6102 0.0000e+00
 149.551160      4.216    15.3695  37.580073    29.8975      4.179  254.53256  254.79880    -4.0821     6.7841 0.0000e+00
 149.551163      4.288    15.3508  37.598195    29.9277      4.249  254.57469  254.83977    -4.0666     6.7882 0.0000e+00
 149.551166      4.361    15.3260  37.623041    29.9686      4.322  254.62979  254.89331    -4.0199     6.8165 0.0000e+00
 149.551169      4.423    15.3117  37.626189    29.9808      4.383  254.68111  254.94381    -3.9887     6.8205 0.0000e+00
 149.551172      4.468    15.2974  37.625020    29.9931      4.428  254.73242  254.99431    -4.0199     6.8245 -9.990e-29
 149.551175      4.483    15.2616  37.645370    30.0375      4.443  254.83762  255.09736    -4.0043     5.9552 -9.990e-29
 149.551178      4.481    15.2470  37.653081    30.0555      4.441  254.88063  255.13949    -4.0977     5.9996 -9.990e-29
 149.551181      4.465    15.2322  37.661285    30.0741      4.425  254.92372  255.18168    -4.0510     5.9390 -9.990e-29
 149.551183      4.432    15.2172  37.678435    30.1009      4.392  254.95373  255.21072    -3.6930     6.1371 -9.990e-29
 149.551186      4.404    15.1992  37.703425    30.1369      4.365  254.98259  255.23838    -3.7708     6.2706 -9.990e-29
 149.551189      4.379    15.1780  37.719102    30.1672      4.340  255.03813  255.29260    -3.7708     6.2867 -9.990e-29
 149.551192      4.370    15.1583  37.722437    30.1853      4.331  255.10702  255.36034    -3.7397     6.2665 -9.990e-29
 149.551195      4.386    15.1336  37.733733    30.2189      4.347  255.17434  255.42613    -4.0977     6.7962 -9.990e-29
 149.551198      4.430    15.1266  37.738920    30.2241      4.390  255.20146  255.45285    -4.0743     6.8103 0.0000e+00
 149.551201      4.497    15.1195  37.738367    30.2293      4.457  255.22858  255.47956    -4.0821     6.8165 0.0000e+00
 149.551204      4.582    15.1100  37.739047    30.2372      4.541  255.26340  255.51383    -4.0510     6.8165 0.0000e+00
 149.551207      4.667    15.1052  37.735653    30.2372      4.626  255.28682  255.53700    -4.0510     6.8165 0.0000e+00
 149.551209      4.740    15.1022  37.731518    30.2364      4.698  255.30440  255.55444    -4.0510     6.8488 0.0000e+00
 149.551212      4.793    15.1021  37.728247    30.2351      4.750  255.30741  255.55746    -4.0588     6.8650 0.0000e+00
 149.551215      4.826    15.1020  37.722260    30.2337      4.783  255.31042  255.56047    -4.0666     6.8488 -9.990e-29
 149.551218      4.833    15.1066  37.728493    30.2304      4.790  255.29287  255.54318    -4.0510     6.8933 -9.990e-29
 149.551221      4.817    15.1059  37.733308    30.2351      4.774  255.28767  255.53791    -3.9887     6.6830 -9.990e-29
 149.551224      4.793    15.1028  37.738432    30.2422      4.750  255.29159  255.54161    -3.9576     6.6507 -9.990e-29
 149.551227      4.770    15.0977  37.747692    30.2544      4.727  255.29632  255.54598    -4.0821     6.6790 -9.990e-29
 149.551230      4.757    15.0934  37.754298    30.2636      4.714  255.30229  255.55166    -4.0821     6.7032 -9.990e-29
 149.551233      4.757    15.0885  37.760473    30.2729      4.714  255.31098  255.56002    -4.0510     6.7032 -9.990e-29
 149.551236      4.781    15.0683  37.774676    30.3062      4.738  255.35577  255.60350    -4.0977     7.3340 -9.990e-29
 149.551238      4.832    15.0632  37.780421    30.3110      4.788  255.37388  255.62131    -4.1521     7.3361 0.0000e+00
 149.551241      4.895    15.0580  37.782214    30.3158      4.852  255.39199  255.63911    -4.0977     7.3340 0.0000e+00
 149.551244      4.956    15.0518  37.786476    30.3243      4.911  255.40862  255.65535    -4.0043     7.3340 0.0000e+00
 149.551247      5.010    15.0494  37.787341    30.3266      4.966  255.41726  255.66385    -3.9421     6.8003 0.0000e+00
 149.551250      5.054    15.0469  37.788824    30.3289      5.009  255.42591  255.67235    -3.8798     6.2665 -9.990e-29
 149.551253      5.078    15.0380  37.788022    30.3364      5.032  255.45832  255.70424    -3.7397     6.2504 -9.990e-29
 149.551256      5.083    15.0362  37.787343    30.3372      5.038  255.46637  255.71219    -3.8487     6.2787 -9.990e-29
 149.551259      5.072    15.0346  37.789011    30.3399      5.027  255.46956  255.71528    -3.8020     6.3959 -9.990e-29
 149.551262      5.067    15.0326  37.789999    30.3423      5.022  255.47557  255.72116    -3.7397     6.4323 -9.990e-29
 149.551264      5.052    15.0312  37.791790    30.3451      5.007  255.47827  255.72377    -3.6774     6.4081 -9.990e-29
 149.551267      5.058    15.0309  37.800005    30.3526      5.013  255.46627  255.71169    -3.9109     6.4242 -9.990e-29
 149.551270      5.076    15.0249  37.801118    30.3657      5.031  255.47405  255.71905    -3.7241     7.2572 -9.990e-29
 149.551273      5.111    15.0222  37.809519    30.3687      5.065  255.48312  255.72796    -3.7708     7.2633 0.0000e+00
 149.551276      5.165    15.0194  37.811312    30.3716      5.119  255.49219  255.73686    -3.7864     7.2572 0.0000e+00
 149.551279      5.229    15.0148  37.810386    30.3743      5.183  255.51083  255.75524    -3.7864     7.2613 0.0000e+00
 149.551282      5.297    15.0108  37.816873    30.3832      5.250  255.51579  255.75992    -3.6774     7.2451 0.0000e+00
 149.551285      5.361    15.0066  37.817121    30.3867      5.313  255.53142  255.77530    -3.6152     6.2948 0.0000e+00
 149.551288      5.414    15.0051  37.816628    30.3876      5.365  255.53749  255.78129    -3.6229     6.2888 0.0000e+00
 149.551291      5.454    15.0036  37.819964    30.3885      5.405  255.54356  255.78727    -3.5685     6.2948 -9.990e-29
 149.551293      5.474    15.0001  37.820830    30.3949      5.425  255.55007  255.79355    -3.5841     6.2746 -9.990e-29
 149.551296      5.476    14.9972  37.822189    30.3984      5.427  255.55897  255.80227    -3.5685     6.1614 -9.990e-29
 149.551299      5.459    14.9945  37.825279    30.4033      5.410  255.56427  255.80739    -3.5374     6.1573 -9.990e-29
 149.551302      5.430    14.9914  37.832817    30.4125      5.381  255.56431  255.80719    -3.5529     6.1816 -9.990e-29
 149.551305      5.399    14.9888  37.833868    30.4154      5.351  255.57222  255.81495    -3.5218     6.1897 -9.990e-29
 149.551308      5.386    14.9868  37.838132    30.4208      5.338  255.57306  255.81564    -3.5529     6.1331 -9.990e-29
 149.551311      5.390    14.9804  37.841098    30.4308      5.342  255.58872  255.83088    -3.5841     6.1371 -9.990e-29
 149.551314      5.417    14.9793  37.843694    30.4314      5.369  255.59328  255.83538    -3.5530     6.1574 0.0000e+00
 149.551317      5.463    14.9781  37.843262    30.4321      5.414  255.59784  255.83987    -3.5218     6.1776 0.0000e+00
 149.551319      5.517    14.9757  37.841347    30.4323      5.468  255.61017  255.85207    -3.3350     6.3959 0.0000e+00
 149.551322      5.580    14.9731  37.842584    30.4354      5.530  255.61814  255.85987    -3.3350     6.4202 0.0000e+00
 149.551325      5.649    14.9702  37.848332    30.4428      5.598  255.61988  255.86141    -3.3350     6.4404 0.0000e+00
 149.551328      5.707    14.9672  37.848394    30.4451      5.656  255.63113  255.87248    -3.3817     6.4404 0.0000e+00
 149.551331      5.749    14.9658  37.851114    30.4474      5.698  255.63423  255.87549    -3.3039     6.4243 0.0000e+00
 149.551334      5.775    14.9644  37.849507    30.4497      5.723  255.63732  255.87850    -3.3817     6.4081 -9.990e-29
 149.551337      5.780    14.9617  37.849260    30.4502      5.728  255.65070  255.89173    -3.4751     6.2504 -9.990e-29
 149.551340      5.773    14.9616  37.849013    30.4500      5.721  255.65138  255.89240    -3.5529     6.2423 -9.990e-29
 149.551343      5.762    14.9618  37.849940    30.4507      5.710  255.64904  255.89007    -3.5529     6.2261 -9.990e-29
 149.551345      5.760    14.9624  37.848766    30.4492      5.709  255.64886  255.88992    -3.6152     6.2706 -9.990e-29
 149.551348      5.766    14.9632  37.844810    30.4450      5.714  255.65189  255.89304    -3.6619     6.2867 -9.990e-29
 149.551351      5.777    14.9651  37.848394    30.4467      5.725  255.63901  255.88024    -3.5996     6.2948 -9.990e-29
 149.551354      5.802    14.9681  37.846664    30.4454      5.750  255.62598  255.86738    -3.6152     6.6183 -9.990e-29
 149.551357      5.837    14.9674  37.849507    30.4465      5.785  255.62739  255.86875    -3.5530     6.6041 0.0000e+00
 149.551360      5.894    14.9668  37.850867    30.4476      5.841  255.62881  255.87012    -3.5062     6.5900 0.0000e+00
 149.551363      5.957    14.9648  37.853278    30.4513      5.904  255.63289  255.87406    -3.5062     6.5900 0.0000e+00
 149.551366      6.028    14.9618  37.859706    30.4594      5.975  255.63413  255.87509    -3.5062     6.5779 0.0000e+00
 149.551369      6.089    14.9577  37.867681    30.4697      6.034  255.63700  255.87765    -3.3195     6.0522 0.0000e+00
 149.551372      6.134    14.9547  37.864838    30.4708      6.080  255.65056  255.89104    -3.3195     6.0522 0.0000e+00
 149.551374      6.162    14.9517  37.858101    30.4718      6.106  255.66412  255.90444    -3.3195     6.0522 -9.990e-29
 149.551377      6.169    14.9465  37.867064    30.4778      6.114  255.68006  255.92007    -3.3195     6.0320 -9.990e-29
 149.551380      6.156    14.9445  37.869290    30.4813      6.101  255.68409  255.92396    -3.2728     6.0199 -9.990e-29
 149.551383      6.138    14.9438  37.868795    30.4815      6.083  255.68775  255.92759    -3.2572     6.1654 -9.990e-29
 149.551386      6.107    14.9426  37.872072    30.4854      6.052  255.68692  255.92666    -3.2728     6.1290 -9.990e-29
 149.551389      6.087    14.9406  37.876832    30.4912      6.032  255.68695  255.92654    -3.2883     6.1452 -9.990e-29
 149.551392      6.081    14.9379  37.880170    30.4963      6.027  255.69184  255.93124    -3.3039     6.1735 -9.990e-29
 149.551395      6.092    14.9349  37.880913    30.4993      6.038  255.70198  255.94120    -3.2416     6.0077 -9.990e-29
 149.551398      6.119    14.9313  37.882830    30.5046      6.065  255.71126  255.95025    -3.3506     6.0158 -9.990e-29
 149.551400      6.163    14.9303  37.883696    30.5054      6.108  255.71519  255.95412    -3.3350     6.0198 0.0000e+00
 149.551403      6.224    14.9293  37.883696    30.5062      6.168  255.71912  255.95799    -3.3195     6.0239 0.0000e+00
 149.551406      6.286    14.9273  37.883016    30.5070      6.229  255.72747  255.96624    -3.0082     6.0239 0.0000e+00
 149.551409      6.349    14.9258  37.884624    30.5096      6.293  255.73078  255.96943    -3.0082     6.0239 0.0000e+00
 149.551412      6.402    14.9239  37.884130    30.5107      6.345  255.73883  255.97738    -3.0860     6.0239 0.0000e+00
 149.551415      6.439    14.9232  37.885120    30.5116      6.381  255.74067  255.97918    -3.0938     6.0259 0.0000e+00
 149.551418      6.464    14.9225  37.885244    30.5126      6.406  255.74251  255.98097    -3.1016     6.0320 -9.990e-29
 149.551421      6.477    14.9203  37.889077    30.5179      6.419  255.74470  255.98300    -3.2728     5.8177 -9.990e-29
 149.551424      6.479    14.9191  37.890252    30.5199      6.421  255.74720  255.98542    -3.2728     5.8217 -9.990e-29
 149.551427      6.479    14.9181  37.886604    30.5174      6.421  255.75671  255.99490    -3.2883     5.7975 -9.990e-29
 149.551429      6.475    14.9174  37.889757    30.5207      6.417  255.75435  255.99247    -3.3195     5.8217 -9.990e-29
 149.551432      6.484    14.9167  37.891056    30.5224      6.426  255.75491  255.99299    -3.1171     6.3231 -9.990e-29
 149.551435      6.503    14.9156  37.891860    30.5261      6.445  255.75441  255.99240    -3.1638     6.3474 -9.990e-29
 149.551438      6.534    14.9155  37.894148    30.5275      6.475  255.75242  255.99040    -3.0705     6.3555 0.0000e+00
 149.551441      6.572    14.9154  37.897054    30.5288      6.513  255.75043  255.98839    -3.0704     6.3474 0.0000e+00
 149.551444      6.630    14.9152  37.900023    30.5316      6.571  255.74851  255.98637    -3.0704     5.9430 0.0000e+00
 149.551447      6.687    14.9143  37.901074    30.5333      6.627  255.74851  255.98637    -3.0704     5.9147 0.0000e+00
 149.551450      6.736    14.9122  37.901198    30.5350      6.676  255.75617  255.99391    -3.0704     5.9147 0.0000e+00
 149.551453      6.773    14.9108  37.903487    30.5371      6.712  255.75959  255.99724    -3.1249     5.9127 0.0000e+00
 149.551455      6.798    14.9094  37.903487    30.5392      6.738  255.76301  256.00057    -3.0393     5.9107 -9.990e-29
 149.551458      6.809    14.9063  37.905157    30.5431      6.748  255.77227  256.00963    -2.8992     6.0886 -9.990e-29
 149.551461      6.809    14.9055  37.907507    30.5458      6.748  255.77146  256.00876    -2.9459     6.1129 -9.990e-29
 149.551464      6.802    14.9038  37.906765    30.5465      6.741  255.77928  256.01648    -2.9926     6.1129 -9.990e-29
 149.551467      6.795    14.9022  37.908868    30.5496      6.734  255.78175  256.01884    -1.6385     5.8298 -9.990e-29
 149.551470      6.789    14.9007  37.906209    30.5484      6.729  255.79174  256.02876    -1.5296     5.8136 -9.990e-29
 149.551473      6.786    14.8994  37.910043    30.5529      6.725  255.79061  256.02752    -1.6074     5.8217 -9.990e-29
 149.551476      6.786    14.9005  37.911713    30.5535      6.725  255.78363  256.02060    -1.5918     5.8622 -9.990e-29
 149.551479      6.802    14.9005  37.912145    30.5544      6.741  255.78248  256.01944    -2.8525     6.2584 -9.990e-29
 149.551481      6.833    14.8995  37.912640    30.5570      6.772  255.78299  256.01987    -2.8681     6.2301 0.0000e+00
 149.551484      6.882    14.8985  37.916785    30.5589      6.821  255.78350  256.02031    -2.8837     6.2342 0.0000e+00
 149.551487      6.939    14.8969  37.914620    30.5596      6.877  255.78881  256.02542    -2.8837     6.2342 0.0000e+00
 149.551490      6.994    14.8955  37.920620    30.5654      6.931  255.79274  256.02948    -2.8681     6.2342 0.0000e+00
 149.551493      7.039    14.8933  37.920311    30.5668      6.977  255.79772  256.03420    -2.6658     5.3446 0.0000e+00
 149.551496      7.085    14.8897  37.921549    30.5707      7.022  255.80940  256.04565    -2.6658     5.3163 0.0000e+00
