seaocn-cb/data/ctd_cnv/SBE19plus_01907321_2024_05_23_Cast33.cnv
* Sea-Bird SBE19plus  Data File:
* FileName = E:\Prandtl_Daten\2024\CTD\raw\SBE19plus_01907321_2024_05_23_Cast33.hex
* Software version 2.6.1.12
* Temperature SN = 7321
* Conductivity SN = 7321
* System UpLoad Time = May 23 2024 12:33:31
* <ApplicationData>
* <Seaterm232>
** 20240523
** Sea Practical 2024
** MCat 23.05 CTD_SP1
** NMEA Latitude = 054 7.77N
** NMEA Longitude = 008 46.67E
** waterdepth = 14.4m
** Clemens
# nquan = 11
# nvalues = 445                         
# units = specified
# name 0 = timeJ: Julian Days
# name 1 = prdM: Pressure, Strain Gauge [db]
# name 2 = tv290C: Temperature [ITS-90, deg C]
# name 3 = c0mS/cm: Conductivity [mS/cm]
# name 4 = sal00: Salinity, Practical [PSU]
# name 5 = depSM: Depth [salt water, m], lat = 54.00
# name 6 = oxsatMm/Kg: Oxygen Saturation, Weiss [umol/kg]
# name 7 = oxsolMm/Kg: Oxygen Saturation, Garcia & Gordon [umol/kg]
# name 8 = turbWETntu0: Turbidity, WET Labs ECO [NTU]
# name 9 = flECO-AFL: Fluorescence, WET Labs ECO-AFL/FL [mg/m^3]
# name 10 = flag:  0.000e+00
# span 0 = 144.519010, 144.520295       
# span 1 =      0.645,     13.384       
# span 2 =    16.4347,    17.3607       
# span 3 =  35.300949,  35.543375       
# span 4 =    26.7081,    27.1564       
# span 5 =      0.640,     13.265       
# span 6 =  250.07687,  253.91895       
# span 7 =  250.45314,  254.25418       
# span 8 =    -3.6930,     0.0580       
# span 9 =     2.8497,     8.3207       
# span 10 = 0.0000e+00, 0.0000e+00      
# interval = seconds: 0.25
# start_time = May 23 2024 12:25:59 [Instrument's time stamp, header]
# bad_flag = -9.990e-29
*END*
[from data line 132]
 144.519392      4.581    16.9142  35.372888    26.8915      4.540  251.98307  252.34026    -2.4323     5.5751 -9.990e-29
 144.519395      4.603    16.9063  35.368799    26.8997      4.562  252.00808  252.36490    -2.4167     6.4283 -9.990e-29
 144.519398      4.631    16.9057  35.376318    26.9004      4.589  252.01011  252.36690    -2.4245     6.4202 0.0000e+00
 144.519401      4.667    16.9050  35.376979    26.9005      4.625  252.01214  252.36889    -2.4323     6.4283 0.0000e+00
 144.519404      4.711    16.9013  35.373311    26.9011      4.669  252.03148  252.38809    -2.4479     6.4121 0.0000e+00
 144.519407      4.755    16.8958  35.378725    26.9079      4.712  252.04458  252.40091    -2.7747     6.2665 0.0000e+00
 144.519410      4.791    16.8943  35.375478    26.9083      4.748  252.05255  252.40882    -2.8292     6.2463 0.0000e+00
 144.519413      4.820    16.8928  35.374395    26.9079      4.777  252.06051  252.41672    -2.7747     6.2261 -9.990e-29
 144.519416      4.842    16.8913  35.375719    26.9091      4.799  252.06580  252.42194    -2.8992     6.2099 -9.990e-29
 144.519418      4.855    16.8903  35.378906    26.9125      4.812  252.06526  252.42134    -2.8837     6.2140 -9.990e-29
 144.519421      4.861    16.8890  35.375057    26.9101      4.817  252.07581  252.43184    -2.6035     5.5265 -9.990e-29
 144.519424      4.864    16.8872  35.380410    26.9158      4.821  252.07494  252.43087    -2.6969     5.5063 -9.990e-29
 144.519427      4.870    16.8854  35.376140    26.9134      4.826  252.08765  252.44352    -2.6346     5.5063 -9.990e-29
 144.519430      4.884    16.8820  35.379990    26.9189      4.841  252.09520  252.45089    -2.5101     5.4942 -9.990e-29
 144.519433      4.906    16.8783  35.381494    26.9181      4.862  252.11481  252.47035    -2.3701     5.9552 -9.990e-29
 144.519436      4.943    16.8779  35.376141    26.9206      4.898  252.11280  252.46831    -2.3701     5.9653 0.0000e+00
 144.519439      4.990    16.8774  35.381314    26.9231      4.945  252.11481  252.47035    -2.3701     5.9633 0.0000e+00
 144.519442      5.045    16.8746  35.380232    26.9240      5.000  252.12298  252.47833    -2.3701     5.9633 0.0000e+00
 144.519444      5.101    16.8712  35.381736    26.9272      5.056  252.13393  252.48912    -2.5413     5.1950 0.0000e+00
 144.519447      5.163    16.8673  35.378309    26.9275      5.117  252.15356  252.50859    -2.7125     5.1909 0.0000e+00
 144.519450      5.213    16.8640  35.380655    26.9314      5.166  252.16297  252.51784    -2.7125     5.1909 0.0000e+00
 144.519453      5.255    16.8617  35.383422    26.9341      5.208  252.16955  252.52431    -2.6969     5.1990 0.0000e+00
 144.519456      5.286    16.8594  35.380656    26.9368      5.238  252.17613  252.53078    -2.6502     5.2071 -9.990e-29
 144.519459      5.302    16.8546  35.382340    26.9391      5.255  252.19610  252.55053    -2.6191     5.5912 -9.990e-29
 144.519462      5.313    16.8557  35.383243    26.9391      5.266  252.19075  252.54523    -2.7280     5.5589 -9.990e-29
 144.519465      5.315    16.8563  35.382821    26.9383      5.267  252.18887  252.54338    -2.6813     5.5670 -9.990e-29
 144.519468      5.322    16.8565  35.378491    26.9345      5.274  252.19451  252.54905    -2.6035     5.5548 -9.990e-29
 144.519470      5.337    16.8571  35.379995    26.9354      5.289  252.19016  252.54472    -2.7903     5.6438 -9.990e-29
 144.519473      5.360    16.8580  35.384325    26.9364      5.312  252.18367  252.53826    -2.9771     5.6438 -9.990e-29
 144.519476      5.391    16.8576  35.381919    26.9374      5.343  252.18398  252.53855    -2.9382     5.6519 0.0000e+00
 144.519479      5.433    16.8572  35.383664    26.9369      5.385  252.18429  252.53883    -2.8992     5.6438 0.0000e+00
 144.519482      5.481    16.8567  35.381499    26.9384      5.432  252.18778  252.54227    -2.4479     5.5710 0.0000e+00
 144.519485      5.523    16.8562  35.384085    26.9394      5.473  252.18931  252.54384    -2.4323     5.5710 0.0000e+00
 144.519488      5.561    16.8551  35.385830    26.9409      5.511  252.19074  252.54517    -2.4401     5.5831 0.0000e+00
 144.519491      5.596    16.8540  35.382823    26.9424      5.546  252.19369  252.54807    -2.4323     5.6074 -9.990e-29
 144.519494      5.620    16.8486  35.378914    26.9401      5.569  252.22397  252.57814    -2.9771     5.5185 -9.990e-29
 144.519497      5.638    16.8480  35.380839    26.9421      5.587  252.22368  252.57782    -2.8837     5.5670 -9.990e-29
 144.519499      5.647    16.8485  35.383004    26.9436      5.596  252.21869  252.57284    -2.7592     5.5589 -9.990e-29
 144.519502      5.654    16.8479  35.379155    26.9408      5.603  252.22644  252.58058    -2.9615     5.5629 -9.990e-29
 144.519505      5.660    16.8454  35.382343    26.9451      5.609  252.23118  252.58519    -3.0393     5.5872 -9.990e-29
 144.519508      5.678    16.8371  35.384328    26.9519      5.627  252.26080  252.61442    -2.9771     6.3676 -9.990e-29
 144.519511      5.705    16.8335  35.383848    26.9524      5.654  252.27778  252.63124    -2.9771     6.3636 0.0000e+00
 144.519514      5.747    16.8299  35.379337    26.9529      5.696  252.29476  252.64807    -2.9771     6.3595 0.0000e+00
 144.519517      5.800    16.8182  35.378316    26.9598      5.748  252.34050  252.69328    -2.9771     6.3595 0.0000e+00
 144.519520      5.857    16.8078  35.376995    26.9657      5.804  252.38199  252.73431    -2.8837     5.5144 0.0000e+00
 144.519523      5.915    16.8033  35.378078    26.9696      5.862  252.39789  252.74999    -2.8837     5.5063 0.0000e+00
 144.519525      5.968    16.7981  35.380846    26.9754      5.915  252.41353  252.76537    -2.8525     5.5063 0.0000e+00
 144.519528      6.014    16.7964  35.379824    26.9761      5.960  252.42082  252.77258    -2.8914     5.5063 0.0000e+00
 144.519531      6.048    16.7947  35.377659    26.9768      5.994  252.42811  252.77980    -2.8370     5.5063 -9.990e-29
 144.519534      6.072    16.7891  35.381087    26.9816      6.018  252.44748  252.79891    -2.8525     5.5589 -9.990e-29
 144.519537      6.081    16.7867  35.379163    26.9816      6.027  252.45962  252.81094    -2.7747     5.5993 -9.990e-29
 144.519540      6.079    16.7864  35.377659    26.9805      6.025  252.46273  252.81405    -2.8992     5.5670 -9.990e-29
 144.519543      6.074    16.7876  35.376817    26.9790      6.019  252.45959  252.81097    -2.3701     5.6923 -9.990e-29
 144.519546      6.072    16.7880  35.379825    26.9813      6.018  252.45367  252.80505    -2.2767     5.7206 -9.990e-29
 144.519549      6.088    16.7889  35.377419    26.9765      6.034  252.45750  252.80896    -2.4479     5.7125 -9.990e-29
 144.519552      6.114    16.7855  35.374832    26.9778      6.059  252.47214  252.82344    -2.5102     5.6983 0.0000e+00
 144.519554      6.150    16.7821  35.372488    26.9790      6.095  252.48677  252.83792    -2.5724     5.7125 0.0000e+00
 144.519557      6.196    16.7715  35.372910    26.9865      6.141  252.52665  252.87731    -2.6035     5.7692 0.0000e+00
 144.519560      6.251    16.7609  35.375738    26.9959      6.195  252.56273  252.91289    -2.6658     5.7692 0.0000e+00
 144.519563      6.298    16.7559  35.373814    26.9969      6.242  252.58453  252.93447    -2.6813     5.7692 0.0000e+00
 144.519566      6.338    16.7553  35.372492    26.9976      6.282  252.58897  252.93888    -2.6813     5.7813 0.0000e+00
 144.519569      6.373    16.7548  35.375078    26.9984      6.316  252.58912  252.93901    -2.6502     5.8804 0.0000e+00
 144.519572      6.404    16.7542  35.374417    26.9998      6.347  252.58927  252.93913    -2.5724     5.9794 -9.990e-29
 144.519575      6.424    16.7510  35.373815    27.0009      6.367  252.60327  252.95298    -2.7592     5.9552 -9.990e-29
 144.519578      6.433    16.7494  35.373575    27.0018      6.376  252.60985  252.95949    -2.5880     5.9552 -9.990e-29
 144.519580      6.439    16.7488  35.374237    27.0028      6.381  252.61138  252.96099    -2.6502     5.7813 -9.990e-29
 144.519583      6.453    16.7461  35.370568    27.0014      6.396  252.62668  252.97618    -2.6191     5.7570 -9.990e-29
 144.519586      6.474    16.7342  35.369306    27.0110      6.416  252.66934  253.01828    -2.5724     5.7651 -9.990e-29
 144.519589      6.508    16.7303  35.372495    27.0099      6.450  252.69067  253.03946    -2.4401     5.7611 0.0000e+00
 144.519592      6.550    16.7264  35.363715    27.0110      6.492  252.71200  253.06063    -2.4012     5.7570 0.0000e+00
 144.519595      6.607    16.7181  35.364799    27.0153      6.548  252.74188  253.09012    -2.3856     5.7570 0.0000e+00
 144.519598      6.661    16.7135  35.366483    27.0198      6.602  252.75720  253.10521    -2.4012     5.7570 0.0000e+00
 144.519601      6.716    16.7135  35.366484    27.0202      6.656  252.75720  253.10521    -2.3856     5.7570 0.0000e+00
 144.519604      6.762    16.7129  35.367807    27.0202      6.701  252.75971  253.10769    -2.3389     5.7772 0.0000e+00
 144.519606      6.794    16.7133  35.364981    27.0198      6.734  252.75817  253.10617    -2.2845     5.8056 0.0000e+00
 144.519609      6.820    16.7129  35.365643    27.0189      6.759  252.76163  253.10962    -2.2300     5.8783 -9.990e-29
 144.519612      6.829    16.7041  35.366064    27.0257      6.768  252.79367  253.14125    -2.3078     5.9066 -9.990e-29
 144.519615      6.833    16.7040  35.367387    27.0269      6.772  252.79237  253.13993    -2.4012     5.9026 -9.990e-29
 144.519618      6.824    16.7042  35.367147    27.0266      6.763  252.79178  253.13936    -2.1210     6.7275 -9.990e-29
 144.519621      6.822    16.7046  35.361975    27.0219      6.761  252.79775  253.14538    -2.1677     6.7315 -9.990e-29
 144.519624      6.835    16.7070  35.367567    27.0251      6.774  252.78060  253.12830    -2.1055     6.7113 -9.990e-29
 144.519627      6.858    16.7044  35.363297    27.0230      6.797  252.79715  253.14476    -2.4479     6.6830 -9.990e-29
 144.519630      6.897    16.6996  35.363057    27.0248      6.835  252.81817  253.16556    -2.3934     6.6870 0.0000e+00
 144.519633      6.948    16.6947  35.359631    27.0266      6.886  252.83919  253.18636    -2.3701     6.6830 0.0000e+00
 144.519635      7.002    16.6854  35.362399    27.0352      6.940  252.87065  253.21737    -2.3389     6.6790 0.0000e+00
 144.519638      7.061    16.6790  35.359874    27.0373      6.997  252.89776  253.24415    -2.3701     6.6709 0.0000e+00
 144.519641      7.108    16.6789  35.362400    27.0399      7.045  252.89776  253.24415    -2.4012     6.0199 0.0000e+00
 144.519644      7.143    16.6786  35.363061    27.0400      7.079  252.89620  253.24260    -2.4401     6.0178 0.0000e+00
 144.519647      7.174    16.6789  35.363482    27.0401      7.110  252.89464  253.24105    -2.4012     6.0199 -9.990e-29
 144.519650      7.187    16.6811  35.360896    27.0367      7.122  252.88911  253.23564    -2.3234     6.0401 -9.990e-29
 144.519653      7.196    16.6855  35.363301    27.0358      7.131  252.86912  253.21585    -2.3856     6.0320 -9.990e-29
 144.519656      7.197    16.6865  35.362880    27.0347      7.133  252.86569  253.21247    -1.9343     6.5455 -9.990e-29
 144.519659      7.203    16.6842  35.364985    27.0380      7.139  252.87134  253.21800    -1.9031     6.5455 -9.990e-29
 144.519661      7.214    16.6820  35.363302    27.0382      7.149  252.88250  253.22907    -1.9654     6.5253 -9.990e-29
 144.519664      7.236    16.6793  35.363903    27.0373      7.171  252.89687  253.24333    -2.6502     7.0550 -9.990e-29
 144.519667      7.278    16.6772  35.360295    27.0371      7.213  252.90811  253.25448    -2.6580     7.0671 0.0000e+00
 144.519670      7.333    16.6750  35.356207    27.0373      7.267  252.91934  253.26562    -2.6502     7.0550 0.0000e+00
 144.519673      7.396    16.6652  35.356870    27.0439      7.330  252.95604  253.30186    -2.6502     7.0550 0.0000e+00
 144.519676      7.458    16.6571  35.356631    27.0491      7.392  252.98721  253.33265    -2.4946     7.0550 0.0000e+00
 144.519679      7.517    16.6555  35.360900    27.0491      7.450  252.98785  253.33319    -2.4167     6.2099 0.0000e+00
 144.519682      7.555    16.6554  35.354466    27.0512      7.488  252.99225  253.33760    -2.4167     6.2099 0.0000e+00
 144.519685      7.584    16.6555  35.359397    27.0484      7.517  252.99664  253.34201    -2.4167     6.2099 -9.990e-29
 144.519688      7.597    16.6592  35.362404    27.0526      7.529  252.97078  253.31629    -2.3701     6.2261 -9.990e-29
 144.519690      7.604    16.6614  35.355127    27.0449      7.536  252.97300  253.31865    -2.0899     6.8245 -9.990e-29
 144.519693      7.599    16.6598  35.354466    27.0455      7.531  252.98018  253.32576    -2.1522     6.8326 -9.990e-29
 144.519696      7.586    16.6556  35.357293    27.0506      7.518  252.99191  253.33728    -2.0743     6.7962 -9.990e-29
 144.519699      7.584    16.6514  35.358375    27.0544      7.517  253.00650  253.35166    -2.0743     6.8043 -9.990e-29
 144.519702      7.601    16.6504  35.357053    27.0540      7.533  253.01248  253.35760    -2.0276     6.8124 -9.990e-29
 144.519705      7.623    16.6501  35.355970    27.0511      7.554  253.01871  253.36384    -2.3856     6.4970 -9.990e-29
 144.519708      7.665    16.6488  35.353445    27.0531      7.596  253.02153  253.36659    -2.3934     6.5031 0.0000e+00
 144.519711      7.714    16.6476  35.356212    27.0547      7.645  253.02434  253.36934    -2.4012     6.4970 0.0000e+00
 144.519714      7.774    16.6441  35.352965    27.0551      7.704  253.04248  253.38733    -2.4012     6.4566 0.0000e+00
 144.519716      7.827    16.6424  35.354108    27.0572      7.757  253.04248  253.38733    -2.1522     6.1695 0.0000e+00
 144.519719      7.874    16.6424  35.357475    27.0596      7.804  253.04248  253.38722    -2.0743     6.1452 0.0000e+00
 144.519722      7.916    16.6432  35.358979    27.0597      7.846  253.03829  253.38306    -2.0977     6.1554 0.0000e+00
 144.519725      7.944    16.6440  35.352545    27.0598      7.873  253.03409  253.37890    -2.0432     6.1412 -9.990e-29
 144.519728      7.966    16.6452  35.352364    27.0534      7.894  253.03910  253.38401    -1.9187     6.7882 -9.990e-29
 144.519731      7.977    16.6456  35.355371    27.0557      7.905  253.03348  253.37838    -1.9031     6.8286 -9.990e-29
 144.519734      7.988    16.6457  35.358377    27.0581      7.916  253.02847  253.37337    -1.9031     6.7882 -9.990e-29
 144.519737      7.997    16.6421  35.354289    27.0543      7.925  253.05288  253.39765    -2.2611     6.2827 -9.990e-29
 144.519740      8.022    16.6408  35.351042    27.0541      7.951  253.05991  253.40462    -2.1833     6.2867 0.0000e+00
 144.519742      8.057    16.6395  35.348457    27.0543      7.985  253.06693  253.41159    -2.1988     6.2908 0.0000e+00
 144.519745      8.097    16.6341  35.347616    27.0568      8.025  253.08870  253.43312    -2.1677     6.2908 0.0000e+00
 144.519748      8.139    16.6238  35.340763    27.0579      8.066  253.13791  253.48188    -2.1988     6.2989 0.0000e+00
 144.519751      8.187    16.6081  35.344012    27.0713      8.113  253.19350  253.53671    -2.2455     6.3029 0.0000e+00
 144.519754      8.228    16.5987  35.349785    27.0824      8.155  253.22082  253.56357    -2.3078     6.7356 0.0000e+00
 144.519757      8.265    16.5982  35.349124    27.0825      8.191  253.22349  253.56621    -2.3545     6.7416 0.0000e+00
 144.519760      8.294    16.5976  35.347440    27.0826      8.220  253.22616  253.56885    -2.4012     6.7477 -9.990e-29
 144.519763      8.314    16.5987  35.343533    27.0771      8.240  253.23002  253.57279    -2.4323     6.7315 -9.990e-29
 144.519766      8.327    16.5976  35.347020    27.0808      8.252  253.22927  253.57198    -1.9809     7.2127 -9.990e-29
