seaocn-cb/data/ctd_cnv/SBE19plus_01907321_2024_05_27_Cast78.cnv
* Sea-Bird SBE19plus  Data File:
* FileName = E:\Prandtl_Daten\2024\27052024\raw\SBE19plus_01907321_2024_05_27_Cast78.hex
* Software version 2.6.1.12
* Temperature SN = 7321
* Conductivity SN = 7321
* System UpLoad Time = May 27 2024 10:41:40
* <ApplicationData>
* <Seaterm232>
** 20240527
** Sea Practical 2024
** MCat 27.05 CTD_SP5
** NMEA Latitude = 54 7.781N
** NMEA Longitude = 008 25.579E
** waterdepth = 9.8m
** Clemens
# nquan = 11
# nvalues = 298                         
# units = specified
# name 0 = timeJ: Julian Days
# name 1 = prdM: Pressure, Strain Gauge [db]
# name 2 = tv290C: Temperature [ITS-90, deg C]
# name 3 = c0mS/cm: Conductivity [mS/cm]
# name 4 = sal00: Salinity, Practical [PSU]
# name 5 = depSM: Depth [salt water, m], lat = 54.00
# name 6 = oxsatMm/Kg: Oxygen Saturation, Weiss [umol/kg]
# name 7 = oxsolMm/Kg: Oxygen Saturation, Garcia & Gordon [umol/kg]
# name 8 = turbWETntu0: Turbidity, WET Labs ECO [NTU]
# name 9 = flECO-AFL: Fluorescence, WET Labs ECO-AFL/FL [mg/m^3]
# name 10 = flag:  0.000e+00
# span 0 = 148.438791, 148.439650       
# span 1 =      0.975,      8.811       
# span 2 =    16.0720,    16.2561       
# span 3 =  36.967892,  37.130641       
# span 4 =    28.8336,    28.8702       
# span 5 =      0.966,      8.732       
# span 6 =  251.89138,  252.81030       
# span 7 =  252.20745,  253.11808       
# span 8 =    -2.1989,   122.2992       
# span 9 =     2.1420,     6.0927       
# span 10 = 0.0000e+00, 0.0000e+00      
# interval = seconds: 0.25
# start_time = May 27 2024 10:30:19 [Instrument's time stamp, header]
# bad_flag = -9.990e-29
*END*
[from data line 263]
 148.439552      8.124    16.0736  36.977379    28.8459      8.051  252.80391  253.11166    79.2175     5.2799 -9.990e-29
 148.439554      8.144    16.0737  36.978481    28.8467      8.071  252.80167  253.10943    79.0463     5.2475 -9.990e-29
 148.439557      8.168    16.0745  36.976705    28.8458      8.095  252.79935  253.10715    79.3731     5.2354 -9.990e-29
 148.439560      8.199    16.0744  36.978052    28.8452      8.125  252.80052  253.10832    84.4470     5.5427 0.0000e+00
 148.439563      8.233    16.0745  36.976705    28.8458      8.160  252.79935  253.10715    89.5210     5.8500 0.0000e+00
 148.439566      8.275    16.0748  36.978297    28.8448      8.201  252.79950  253.10732    89.5988     5.8500 0.0000e+00
 148.439569      8.319    16.0748  36.977195    28.8448      8.244  252.79833  253.10616    89.5988     5.8339 0.0000e+00
 148.439572      8.363    16.0752  36.977196    28.8445      8.288  252.79950  253.10732    89.6455     5.8258 0.0000e+00
 148.439575      8.403    16.0753  36.975114    28.8434      8.328  252.79833  253.10616   114.8751     5.6276 0.0000e+00
 148.439578      8.437    16.0755  36.976339    28.8430      8.362  252.79935  253.10722   114.8829     5.6276 0.0000e+00
 148.439580      8.465    16.0756  36.968809    28.8434      8.389  252.79785  253.10572   114.8906     5.6276 -9.990e-29
 148.439583      8.478    16.0761  36.970156    28.8377      8.402  252.80532  253.11325   115.0774     5.6357 -9.990e-29
 148.439586      8.487    16.0764  36.969176    28.8366      8.411  252.80559  253.11354   114.8751     5.6236 -9.990e-29
 148.439589      8.488    16.0766  36.970400    28.8375      8.413  252.80316  253.11112    78.9685     5.4052 -9.990e-29
 148.439592      8.494    16.0768  36.970890    28.8378      8.418  252.80154  253.10950    79.1241     5.4133 -9.990e-29
 148.439595      8.507    16.0770  36.970156    28.8370      8.430  252.80204  253.11002    78.9062     5.4133 -9.990e-29
 148.439598      8.525    16.0768  36.973094    28.8406      8.449  252.79702  253.10496    65.3654     5.0211 -9.990e-29
 148.439601      8.552    16.0767  36.974135    28.8396      8.476  252.79897  253.10691    65.4198     5.0292 0.0000e+00
 148.439604      8.590    16.0767  36.971748    28.8391      8.514  252.80091  253.10886    65.4120     5.0373 0.0000e+00
 148.439606      8.636    16.0764  36.972176    28.8391      8.559  252.80091  253.10886    65.4120     5.0534 0.0000e+00
 148.439609      8.682    16.0764  36.974993    28.8416      8.604  252.79731  253.10522    65.4120     5.0534 0.0000e+00
 148.439612      8.724    16.0763  36.975850    28.8420      8.645  252.79683  253.10474    70.5949     5.3142 0.0000e+00
 148.439615      8.760    16.0763  36.974258    28.8424      8.682  252.79635  253.10425    75.7778     5.5751 -9.990e-29
 148.439618      8.782    16.0757  36.972238    28.8397      8.703  252.80388  253.11178    75.8868     5.5670 -9.990e-29
 148.439621      8.786    16.0756  36.974932    28.8421      8.707  252.80015  253.10803    75.7000     5.5427 -9.990e-29
 148.439624      8.776    16.0755  36.975666    28.8428      8.698  252.79965  253.10751   122.1747     5.9916 -9.990e-29
 148.439627      8.763    16.0757  36.973585    28.8408      8.685  252.80186  253.10974   122.2992     5.9552 -9.990e-29
 148.439630      8.752    16.0756  36.973095    28.8405      8.674  252.80288  253.11077   122.0346     5.9552 -9.990e-29
 148.439633      8.753    16.0759  36.971565    28.8390      8.674  252.80427  253.11218   122.1747     5.9390 -9.990e-29
 148.439635      8.762    16.0761  36.970157    28.8376      8.683  252.80548  253.11341   122.0657     5.9552 -9.990e-29
 148.439638      8.765    16.0764  36.971075    28.8382      8.687  252.80321  253.11115    86.0191     5.2435 -9.990e-29
 148.439641      8.784    16.0768  36.967892    28.8351      8.705  252.80648  253.11446    85.7700     5.2556 -9.990e-29
 148.439644      8.798    16.0769  36.968381    28.8355      8.719  252.80516  253.11314    85.7078     5.2516 -9.990e-29
 148.439647      8.805    16.0771  36.968136    28.8351      8.727  252.80493  253.11292    85.9879     5.2839 -9.990e-29
 148.439650      8.811    16.0771  36.968565    28.8355      8.732  252.80429  253.11228    90.8440     6.0927 -9.990e-29
