seaocn-cb/data/ctd_cnv/SBE19plus_01907321_2024_05_23_Cast24.cnv
* Sea-Bird SBE19plus  Data File:
* FileName = E:\Prandtl_Daten\2024\CTD\raw\SBE19plus_01907321_2024_05_23_Cast24.hex
* Software version 2.6.1.12
* Temperature SN = 7321
* Conductivity SN = 7321
* System UpLoad Time = May 23 2024 08:50:29
* <ApplicationData>
* <Seaterm232>
** 20240522
** Sea Practical 2024
** MCat 23.05 CTD_NP4
** NMEA Latitude = 054 11.39N
** NMEA Longitude = 008 29.56E
** waterdepth = 9.3m
** Maja
# nquan = 11
# nvalues = 351                         
# units = specified
# name 0 = timeJ: Julian Days
# name 1 = prdM: Pressure, Strain Gauge [db]
# name 2 = tv290C: Temperature [ITS-90, deg C]
# name 3 = c0mS/cm: Conductivity [mS/cm]
# name 4 = sal00: Salinity, Practical [PSU]
# name 5 = depSM: Depth [salt water, m], lat = 54.00
# name 6 = oxsatMm/Kg: Oxygen Saturation, Weiss [umol/kg]
# name 7 = oxsolMm/Kg: Oxygen Saturation, Garcia & Gordon [umol/kg]
# name 8 = turbWETntu0: Turbidity, WET Labs ECO [NTU]
# name 9 = flECO-AFL: Fluorescence, WET Labs ECO-AFL/FL [mg/m^3]
# name 10 = flag:  0.000e+00
# span 0 = 144.363492, 144.364505       
# span 1 =      0.470,      8.314       
# span 2 =    15.6990,    16.1156       
# span 3 =  36.096305,  36.230331       
# span 4 =    28.1046,    28.4669       
# span 5 =      0.466,      8.240       
# span 6 =  253.86305,  255.35755       
# span 7 =  254.17777,  255.65052       
# span 8 =    -4.1911,    11.2798       
# span 9 =     3.3147,    11.6810       
# span 10 = 0.0000e+00, 0.0000e+00      
# interval = seconds: 0.25
# start_time = May 23 2024 08:42:05 [Instrument's time stamp, header]
# bad_flag = -9.990e-29
*END*
[from data line 132]
 144.363874      4.073    16.0315  36.096485    28.1152      4.037  254.28060  254.59148    -3.3817     7.5443 -9.990e-29
 144.363877      4.090    16.0314  36.100063    28.1183      4.053  254.27554  254.58640    -3.6152     7.5686 -9.990e-29
 144.363880      4.108    16.0309  36.099820    28.1185      4.071  254.27774  254.58857    -3.4751     7.5524 -9.990e-29
 144.363883      4.130    16.0302  36.098426    28.1178      4.093  254.28259  254.59339    -3.7397     7.5726 -9.990e-29
 144.363886      4.163    16.0299  36.100063    28.1194      4.126  254.28137  254.59214    -3.8642     7.1440 -9.990e-29
 144.363889      4.183    16.0295  36.099154    28.1188      4.146  254.28396  254.59473    -3.7553     7.0995 -9.990e-29
 144.363892      4.205    16.0291  36.098062    28.1182      4.167  254.28744  254.59818    -3.6463     7.0995 -9.990e-29
 144.363895      4.223    16.0291  36.100063    28.1199      4.185  254.28444  254.59518    -3.8487     7.1157 -9.990e-29
 144.363898      4.238    16.0289  36.098487    28.1187      4.200  254.28743  254.59816    -3.3350     7.5039 -9.990e-29
 144.363900      4.254    16.0289  36.100912    28.1208      4.216  254.28380  254.59452    -3.4907     7.5403 -9.990e-29
 144.363903      4.267    16.0290  36.100670    28.1205      4.229  254.28386  254.59459    -3.2572     7.5079 -9.990e-29
 144.363906      4.280    16.0291  36.096911    28.1172      4.241  254.28921  254.59996    -3.2105     7.5201 -9.990e-29
 144.363909      4.292    16.0289  36.097396    28.1177      4.254  254.28909  254.59984    -3.5374     7.2572 -9.990e-29
 144.363912      4.307    16.0291  36.100913    28.1189      4.269  254.28593  254.59668    -3.6152     7.2774 -9.990e-29
 144.363915      4.334    16.0291  36.098912    28.1196      4.296  254.28491  254.59565    -3.6619     7.2875 0.0000e+00
 144.363918      4.375    16.0291  36.100488    28.1189      4.336  254.28593  254.59668    -3.7086     7.2774 0.0000e+00
 144.363921      4.433    16.0289  36.096305    28.1203      4.393  254.28512  254.59582    -3.8331     7.2977 0.0000e+00
 144.363924      4.499    16.0284  36.101338    28.1214      4.458  254.28512  254.59582    -3.8798     7.6414 0.0000e+00
 144.363927      4.573    16.0277  36.103460    28.1214      4.533  254.28512  254.59582    -3.8798     7.6414 0.0000e+00
 144.363929      4.641    16.0273  36.097640    28.1212      4.599  254.29390  254.60452    -3.7708     7.6292 0.0000e+00
 144.363932      4.703    16.0271  36.099823    28.1200      4.661  254.29446  254.60510    -3.7319     7.6292 0.0000e+00
 144.363935      4.747    16.0268  36.101157    28.1212      4.704  254.29390  254.60452    -3.6930     7.6292 -9.990e-29
 144.363938      4.770    16.0260  36.105523    28.1266      4.728  254.28812  254.59867    -4.1132     6.9256 -9.990e-29
 144.363941      4.792    16.0260  36.100915    28.1226      4.750  254.29505  254.60563    -4.0043     6.9095 -9.990e-29
 144.363944      4.796    16.0261  36.098065    28.1201      4.753  254.29902  254.60962    -4.1599     6.9701 -9.990e-29
 144.363947      4.794    16.0260  36.102188    28.1238      4.751  254.29344  254.60401    -3.2261     6.9014 -9.990e-29
 144.363950      4.790    16.0258  36.099399    28.1215      4.747  254.29824  254.60881    -3.1794     6.9459 -9.990e-29
 144.363953      4.785    16.0256  36.100248    28.1223      4.742  254.29757  254.60813    -2.9926     6.9580 -9.990e-29
 144.363955      4.783    16.0253  36.099581    28.1220      4.740  254.29979  254.61034    -3.1327     6.9054 -9.990e-29
 144.363958      4.786    16.0245  36.105341    28.1275      4.744  254.29418  254.60466    -3.5062     6.6668 -9.990e-29
 144.363961      4.799    16.0216  36.098490    28.1237      4.756  254.31574  254.62610    -3.8175     6.6628 -9.990e-29
 144.363964      4.812    16.0128  36.105524    28.1385      4.769  254.33420  254.64407    -3.6774     6.6871 -9.990e-29
 144.363967      4.838    16.0110  36.108496    28.1419      4.794  254.33717  254.64693    -3.6385     6.6992 0.0000e+00
 144.363970      4.863    16.0093  36.113469    28.1453      4.819  254.34013  254.64979    -3.6774     6.6871 0.0000e+00
 144.363973      4.894    16.0058  36.111286    28.1459      4.850  254.35681  254.66631    -3.6774     6.5779 0.0000e+00
 144.363976      4.929    16.0029  36.110135    28.1470      4.885  254.36982  254.67917    -3.7553     6.5698 0.0000e+00
 144.363979      4.974    16.0008  36.114987    28.1507      4.929  254.37046  254.67968    -3.8487     6.5375 0.0000e+00
 144.363981      5.011    15.9991  36.111470    28.1526      4.966  254.37635  254.68544    -3.7553     6.5698 0.0000e+00
 144.363984      5.051    15.9986  36.116564    28.1546      5.006  254.38020  254.68928    -3.2728     7.6454 0.0000e+00
 144.363987      5.093    15.9982  36.115230    28.1555      5.047  254.38020  254.68928    -3.2728     7.6616 0.0000e+00
 144.363990      5.131    15.9970  36.116079    28.1562      5.085  254.38351  254.69252    -3.2728     7.6616 0.0000e+00
 144.363993      5.170    15.9954  36.117171    28.1583      5.123  254.38797  254.69690    -3.2105     7.6656 0.0000e+00
 144.363996      5.210    15.9938  36.116989    28.1592      5.163  254.39435  254.70320    -2.4946     7.8799 0.0000e+00
 144.363999      5.257    15.9916  36.118749    28.1601      5.210  254.40024  254.70897    -2.4479     7.8921 0.0000e+00
 144.364002      5.303    15.9885  36.113655    28.1623      5.255  254.41979  254.72839    -2.4167     7.8921 0.0000e+00
 144.364005      5.345    15.9850  36.121297    28.1691      5.297  254.42140  254.72977    -2.2611     7.8759 0.0000e+00
 144.364008      5.381    15.9831  36.126877    28.1729      5.333  254.42451  254.73277    -1.8175     7.5564 0.0000e+00
 144.364010      5.412    15.9812  36.128455    28.1766      5.364  254.42762  254.73577    -1.3739     7.2370 -9.990e-29
 144.364013      5.429    15.9678  36.130397    28.1892      5.380  254.47372  254.78117    -1.2494     7.3138 -9.990e-29
 144.364016      5.443    15.9626  36.128639    28.1913      5.395  254.49613  254.80332    -1.4518     7.2491 -9.990e-29
 144.364019      5.452    15.9577  36.133249    28.1988      5.403  254.50804  254.81495    -1.3117     7.2532 -9.990e-29
 144.364022      5.454    15.9528  36.135251    28.2040      5.405  254.52356  254.83021    -1.9498     6.9176 -9.990e-29
 144.364025      5.451    15.9470  36.137496    28.2101      5.402  254.54235  254.84870    -1.7786     6.9701 -9.990e-29
 144.364028      5.454    15.9415  36.138104    28.2145      5.405  254.56240  254.86846    -1.9809     6.9216 -9.990e-29
 144.364031      5.467    15.9377  36.137012    28.2162      5.418  254.57864  254.88451    -1.9809     6.9256 -9.990e-29
 144.364034      5.480    15.9326  36.138104    28.2174      5.431  254.60270  254.90833    -2.9459     6.9216 -9.990e-29
 144.364036      5.511    15.9321  36.134162    28.2194      5.461  254.60185  254.90744    -2.8992     6.9155 0.0000e+00
 144.364039      5.545    15.9315  36.137923    28.2193      5.496  254.60270  254.90833    -2.9459     6.9216 0.0000e+00
 144.364042      5.582    15.9312  36.135254    28.2199      5.532  254.60626  254.91181    -3.0082     6.9095 0.0000e+00
 144.364045      5.622    15.9312  36.135800    28.2194      5.572  254.60626  254.91181    -3.3195     6.8245 0.0000e+00
 144.364048      5.656    15.9315  36.135679    28.2194      5.606  254.60445  254.91001    -3.3195     6.8205 0.0000e+00
 144.364051      5.691    15.9339  36.134162    28.2164      5.640  254.59764  254.90334    -3.3195     6.8205 0.0000e+00
 144.364054      5.724    15.9368  36.135011    28.2150      5.673  254.58514  254.89098    -3.2261     6.8488 0.0000e+00
 144.364057      5.753    15.9399  36.129552    28.2088      5.702  254.58154  254.88757    -2.5257     6.9095 0.0000e+00
 144.364060      5.786    15.9425  36.132403    28.2081      5.734  254.56796  254.87416    -2.4479     6.9337 0.0000e+00
 144.364062      5.813    15.9434  36.129916    28.2064      5.761  254.56754  254.87368    -2.4479     6.9176 0.0000e+00
 144.364065      5.843    15.9434  36.130644    28.2064      5.790  254.56796  254.87416    -2.4790     6.9418 0.0000e+00
 144.364068      5.874    15.9428  36.130219    28.2066      5.821  254.56966  254.87583    -2.4790     6.9418 0.0000e+00
 144.364071      5.905    15.9403  36.135254    28.2127      5.852  254.57151  254.87753    -2.1677     7.3340 0.0000e+00
 144.364074      5.939    15.9380  36.135012    28.2141      5.886  254.58070  254.88660    -2.1677     7.3340 0.0000e+00
 144.364077      5.974    15.9358  36.136165    28.2167      5.920  254.58749  254.89327    -2.2144     7.3340 0.0000e+00
 144.364080      6.018    15.9315  36.142960    28.2256      5.964  254.59368  254.89920    -2.2300     7.3340 0.0000e+00
 144.364083      6.056    15.9253  36.143567    28.2306      6.002  254.61677  254.92197    -2.2611     7.4796 0.0000e+00
 144.364086      6.091    15.9194  36.145388    28.2363      6.036  254.63652  254.94141    -2.4167     7.4796 0.0000e+00
 144.364089      6.127    15.9172  36.147148    28.2386      6.072  254.64340  254.94817    -2.4634     7.4654 0.0000e+00
 144.364091      6.160    15.9151  36.146056    28.2409      6.105  254.65028  254.95494    -2.5101     7.4513 -9.990e-29
 144.364094      6.182    15.9109  36.147148    28.2439      6.127  254.66641  254.97085    -0.3156     8.2196 -9.990e-29
 144.364097      6.188    15.9105  36.146906    28.2439      6.132  254.66829  254.97271     0.0424     8.2600 -9.990e-29
 144.364100      6.180    15.9091  36.148241    28.2461      6.125  254.67174  254.97608    -0.2845     8.2520 -9.990e-29
 144.364103      6.169    15.9059  36.152427    28.2520      6.114  254.67756  254.98171    -0.1288     8.1994 -9.990e-29
 144.364106      6.162    15.9025  36.147817    28.2504      6.107  254.69757  255.00157    -0.3623     7.4998 -9.990e-29
 144.364109      6.160    15.8985  36.149152    28.2544      6.105  254.71073  255.01452    -0.5490     7.5322 -9.990e-29
 144.364112      6.175    15.8939  36.151094    28.2590      6.119  254.72607  255.02962    -0.3623     7.5160 -9.990e-29
 144.364115      6.208    15.8918  36.150669    28.2632      6.152  254.72946  255.03287    -0.3700     7.5019 0.0000e+00
 144.364117      6.255    15.8897  36.156858    28.2674      6.199  254.73284  255.03613    -0.3778     7.4877 0.0000e+00
 144.364120      6.315    15.8826  36.156192    28.2718      6.259  254.76089  255.06382    -1.1716     7.1197 0.0000e+00
 144.364123      6.375    15.8749  36.160137    28.2807      6.318  254.78470  255.08721    -1.1716     7.1197 0.0000e+00
 144.364126      6.425    15.8669  36.162140    28.2881      6.367  254.81203  255.11412    -1.2183     7.1359 0.0000e+00
 144.364129      6.467    15.8640  36.163658    28.2908      6.409  254.82182  255.12376    -1.1639     7.1380 0.0000e+00
 144.364132      6.500    15.8612  36.162141    28.2935      6.442  254.83160  255.13339    -1.2183     7.1400 -9.990e-29
 144.364135      6.522    15.8607  36.158379    28.2893      6.463  254.84174  255.14353     0.8984     8.4541 -9.990e-29
 144.364138      6.538    15.8618  36.159593    28.2895      6.480  254.83567  255.13751     0.8829     8.4177 -9.990e-29
 144.364141      6.553    15.8618  36.157955    28.2881      6.494  254.83815  255.14001     0.6650     8.4339 -9.990e-29
 144.364144      6.569    15.8601  36.159290    28.2921      6.510  254.83960  255.14134     0.8050     8.5471 -9.990e-29
 144.364146      6.605    15.8602  36.161231    28.2921      6.546  254.83913  255.14087     0.6182     8.5289 0.0000e+00
 144.364149      6.647    15.8601  36.161474    28.2922      6.588  254.83960  255.14134     0.4315     8.5471 0.0000e+00
 144.364152      6.691    15.8580  36.166329    28.2980      6.631  254.84013  255.14173     0.4315     8.5107 0.0000e+00
 144.364155      6.733    15.8532  36.166997    28.3020      6.673  254.85734  255.15869     1.8634     7.8638 0.0000e+00
 144.364158      6.766    15.8509  36.166512    28.3034      6.705  254.86636  255.16760     1.9334     7.8638 0.0000e+00
 144.364161      6.791    15.8487  36.166331    28.3048      6.731  254.87538  255.17650     2.0035     7.8638 -9.990e-29
 144.364164      6.810    15.8454  36.166573    28.3072      6.749  254.88805  255.18900     1.8323     7.8152 -9.990e-29
 144.364167      6.817    15.8440  36.169850    28.3110      6.756  254.88824  255.18911     1.6299     7.7748 -9.990e-29
 144.364170      6.822    15.8417  36.171428    28.3141      6.761  254.89496  255.19569     4.1202     8.1266 -9.990e-29
 144.364172      6.835    15.8376  36.174706    28.3198      6.774  254.90577  255.20626     4.2136     8.1347 -9.990e-29
 144.364175      6.857    15.8316  36.178530    28.3274      6.795  254.92273  255.22289     3.9179     8.0983 -9.990e-29
 144.364178      6.873    15.8256  36.179805    28.3328      6.812  254.94384  255.24369     4.1202     8.0498 -9.990e-29
 144.364181      6.893    15.8222  36.177378    28.3331      6.831  254.96056  255.26025     1.6611     7.9689 -9.990e-29
 144.364184      6.904    15.8202  36.181566    28.3382      6.842  254.96180  255.26136     1.7389     7.9729 -9.990e-29
 144.364187      6.917    15.8185  36.178228    28.3365      6.855  254.97353  255.27302     1.6611     7.9851 -9.990e-29
 144.364190      6.931    15.8171  36.180899    28.3398      6.869  254.97465  255.27405     1.7233     7.9325 -9.990e-29
 144.364193      6.953    15.8151  36.180838    28.3401      6.891  254.98458  255.28388     2.8440     8.7129 -9.990e-29
 144.364196      6.979    15.8148  36.179564    28.3404      6.916  254.98595  255.28524     2.9218     8.7392 0.0000e+00
 144.364198      7.017    15.8144  36.179564    28.3406      6.954  254.98576  255.28503     2.8440     8.7251 0.0000e+00
 144.364201      7.066    15.8144  36.180414    28.3408      7.003  254.98576  255.28503     2.9996     8.7251 0.0000e+00
 144.364204      7.132    15.8150  36.180414    28.3408      7.068  254.98444  255.28376     3.7778     8.0538 0.0000e+00
 144.364207      7.202    15.8150  36.179140    28.3408      7.137  254.98368  255.28297     3.7934     8.0457 0.0000e+00
 144.364210      7.267    15.8145  36.182114    28.3426      7.202  254.98444  255.28376     3.7934     8.0376 0.0000e+00
 144.364213      7.318    15.8135  36.183328    28.3439      7.253  254.98603  255.28524     3.8089     8.0255 0.0000e+00
 144.364216      7.349    15.8125  36.181083    28.3451      7.284  254.98906  255.28821     3.6844     8.0134 -9.990e-29
 144.364219      7.364    15.8061  36.187699    28.3535      7.298  255.00701  255.30580     3.9957     8.8342 -9.990e-29
 144.364222      7.371    15.8012  36.187275    28.3566      7.305  255.02644  255.32498     3.6689     8.7938 -9.990e-29
 144.364225      7.364    15.7969  36.191038    28.3629      7.298  255.03709  255.33538     3.9646     8.8342 -9.990e-29
 144.364227      7.357    15.7930  36.191585    28.3662      7.291  255.05110  255.34918     3.8401     8.8342 -9.990e-29
 144.364230      7.357    15.7891  36.194984    28.3719      7.291  255.06078  255.35864     6.6105     8.3733 -9.990e-29
 144.364233      7.366    15.7834  36.198323    28.3790      7.300  255.07782  255.37537     6.4548     8.3935 -9.990e-29
 144.364236      7.384    15.7759  36.198081    28.3847      7.318  255.10597  255.40313     6.5482     8.3328 -9.990e-29
 144.364239      7.417    15.7754  36.198749    28.3847      7.351  255.10846  255.40559     5.2797     8.0861 0.0000e+00
 144.364242      7.454    15.7748  36.198082    28.3847      7.387  255.11095  255.40805     4.0268     7.8597 0.0000e+00
 144.364245      7.488    15.7743  36.195776    28.3833      7.421  255.11689  255.41397     4.0268     7.8597 0.0000e+00
 144.364248      7.525    15.7743  36.194319    28.3826      7.457  255.11786  255.41494     4.0424     7.8678 0.0000e+00
