seaocn-cb/data/ctd_cnv/SBE19plus_01907321_2024_05_28_Cast91.cnv
* Sea-Bird SBE19plus  Data File:
* FileName = E:\Prandtl_Daten\2024\28052024\raw\SBE19plus_01907321_2024_05_28_Cast91.hex
* Software version 2.6.1.12
* Temperature SN = 7321
* Conductivity SN = 7321
* System UpLoad Time = May 28 2024 11:30:06
* <ApplicationData>
* <Seaterm232>
** 20240527
** Sea Practical 2024
** MCat 27.05 CTD_SP7
** NMEA Latitude = 54 8.36N
** NMEA Longitude = 008 20.855E
** waterdepth = 13.7m
** Isabelle
# nquan = 11
# nvalues = 496                         
# units = specified
# name 0 = timeJ: Julian Days
# name 1 = prdM: Pressure, Strain Gauge [db]
# name 2 = tv290C: Temperature [ITS-90, deg C]
# name 3 = c0mS/cm: Conductivity [mS/cm]
# name 4 = sal00: Salinity, Practical [PSU]
# name 5 = depSM: Depth [salt water, m], lat = 54.00
# name 6 = oxsatMm/Kg: Oxygen Saturation, Weiss [umol/kg]
# name 7 = oxsolMm/Kg: Oxygen Saturation, Garcia & Gordon [umol/kg]
# name 8 = turbWETntu0: Turbidity, WET Labs ECO [NTU]
# name 9 = flECO-AFL: Fluorescence, WET Labs ECO-AFL/FL [mg/m^3]
# name 10 = flag:  0.000e+00
# span 0 = 149.475917, 149.477350       
# span 1 =      0.493,     13.135       
# span 2 =    15.1039,    16.7576       
# span 3 =  37.102619,  37.796937       
# span 4 =    28.4696,    30.2900       
# span 5 =      0.488,     13.018       
# span 6 =  250.06231,  255.20748       
# span 7 =  250.40308,  255.45723       
# span 8 =    -4.2378,    21.1319       
# span 9 =     1.9237,     6.6305       
# span 10 = 0.0000e+00, 0.0000e+00      
# interval = seconds: 0.25
# start_time = May 28 2024 11:24:06 [Instrument's time stamp, header]
# bad_flag = -9.990e-29
*END*
[from data line 263]
 149.476678      7.487    15.5577  37.351043    29.5516      7.420  254.17923  254.45740    -3.9109     2.8335 -9.990e-29
 149.476681      7.501    15.5552  37.353379    29.5563      7.434  254.18372  254.46174    -3.3195     3.0518 -9.990e-29
 149.476684      7.505    15.5535  37.351965    29.5563      7.438  254.19239  254.47032    -3.3195     3.0518 -9.990e-29
 149.476687      7.507    15.5521  37.353810    29.5590      7.439  254.19488  254.47272    -3.2261     3.0316 -9.990e-29
 149.476690      7.509    15.5504  37.356330    29.5625      7.441  254.19722  254.47496    -3.7553     3.1570 -9.990e-29
 149.476693      7.518    15.5468  37.358236    29.5659      7.450  254.20951  254.48704    -3.7086     3.1570 -9.990e-29
 149.476696      7.549    15.5459  37.357192    29.5683      7.481  254.20981  254.48728    -3.7241     3.1650 0.0000e+00
 149.476698      7.595    15.5450  37.361250    29.5708      7.527  254.21012  254.48752    -3.7397     3.1570 0.0000e+00
 149.476701      7.651    15.5437  37.361803    29.5723      7.582  254.21432  254.49165    -3.8642     3.1570 0.0000e+00
 149.476704      7.719    15.5413  37.366292    29.5780      7.650  254.21634  254.49352    -3.8642     3.1489 0.0000e+00
 149.476707      7.781    15.5392  37.368444    29.5814      7.711  254.22105  254.49810    -3.8798     3.1489 0.0000e+00
 149.476710      7.830    15.5383  37.372441    29.5838      7.760  254.22140  254.49838    -3.8331     3.1408 0.0000e+00
 149.476713      7.866    15.5374  37.377176    29.5863      7.796  254.22175  254.49867    -3.8798     3.1570 -9.990e-29
 149.476716      7.881    15.5326  37.377607    29.5944      7.810  254.23187  254.50849    -3.8487     3.2136 -9.990e-29
 149.476719      7.885    15.5304  37.380989    29.5991      7.814  254.23524  254.51172    -3.9109     3.2500 -9.990e-29
 149.476722      7.868    15.5279  37.383818    29.6034      7.798  254.24005  254.51637    -3.7397     3.2661 -9.990e-29
 149.476725      7.855    15.5259  37.388861    29.6094      7.785  254.23998  254.51616    -3.8175     3.2055 -9.990e-29
 149.476727      7.852    15.5227  37.395934    29.6180      7.781  254.24123  254.51719    -3.7086     2.9952 -9.990e-29
 149.476730      7.861    15.5142  37.402823    29.6349      7.791  254.25481  254.53022    -3.8487     2.9871 -9.990e-29
 149.476733      7.892    15.5117  37.407867    29.6397      7.821  254.25887  254.53413    -3.8020     2.9851 0.0000e+00
 149.476736      7.948    15.5093  37.414695    29.6446      7.877  254.26294  254.53804    -3.7553     2.9871 0.0000e+00
 149.476739      8.018    15.5036  37.415927    29.6499      7.946  254.28261  254.55739    -3.7553     3.2904 0.0000e+00
 149.476742      8.083    15.4993  37.418819    29.6556      8.011  254.29413  254.56866    -3.7864     3.2904 0.0000e+00
 149.476745      8.136    15.4974  37.423249    29.6590      8.063  254.29797  254.57238    -3.8175     3.3006 0.0000e+00
 149.476748      8.173    15.4955  37.424972    29.6624      8.100  254.30181  254.57610    -3.8487     3.2864 -9.990e-29
 149.476751      8.186    15.4878  37.428787    29.6730      8.112  254.32221  254.59604    -3.7397     3.3025 -9.990e-29
 149.476753      8.182    15.4835  37.428726    29.6763      8.109  254.33881  254.61240    -3.8798     3.4845 -9.990e-29
 149.476756      8.166    15.4807  37.433156    29.6822      8.093  254.34230  254.61571    -3.7086     3.4845 -9.990e-29
 149.476759      8.146    15.4778  37.439801    29.6903      8.073  254.34328  254.61648    -3.8020     3.4926 -9.990e-29
 149.476762      8.127    15.4735  37.451309    29.7037      8.055  254.34149  254.61438    -3.8798     3.4926 -9.990e-29
 149.476765      8.127    15.4661  37.459310    29.7163      8.055  254.35716  254.62959    -3.3195     3.3996 -9.990e-29
 149.476768      8.151    15.4483  37.466204    29.7458      8.078  254.39638  254.66771    -3.2728     3.4158 -9.990e-29
 149.476771      8.195    15.4429  37.477469    29.7520      8.122  254.41305  254.68407    -3.3429     3.4097 0.0000e+00
 149.476774      8.264    15.4375  37.482211    29.7581      8.190  254.42973  254.70042    -3.4129     3.4036 0.0000e+00
 149.476777      8.337    15.4280  37.490831    29.7729      8.263  254.45238  254.72249    -3.5529     3.2864 0.0000e+00
 149.476780      8.412    15.4195  37.495388    29.7832      8.337  254.47716  254.74678    -3.5529     3.2864 0.0000e+00
 149.476782      8.478    15.4109  37.499576    29.7934      8.402  254.50309  254.77220    -3.4751     3.2945 0.0000e+00
 149.476785      8.530    15.4068  37.513432    29.8026      8.454  254.50771  254.77655    -3.4751     3.3046 0.0000e+00
 149.476788      8.562    15.4028  37.516820    29.8118      8.485  254.51233  254.78089    -3.4751     3.3147 -9.990e-29
 149.476791      8.585    15.3816  37.522857    29.8362      8.509  254.57773  254.84505    -3.2883     3.7190 -9.990e-29
 149.476794      8.586    15.3738  37.523966    29.8430      8.509  254.60539  254.87227    -3.2572     3.7635 -9.990e-29
 149.476797      8.573    15.3676  37.536963    29.8593      8.496  254.60880  254.87525    -3.2416     3.7109 -9.990e-29
 149.476800      8.551    15.3596  37.543554    29.8711      8.474  254.62855  254.89450    -3.1794     3.7433 -9.990e-29
 149.476803      8.527    15.3521  37.553473    29.8857      8.451  254.64167  254.90714    -2.0121     4.0142 -9.990e-29
 149.476806      8.509    15.3444  37.564995    29.9017      8.433  254.65290  254.91785    -1.8097     4.0668 -9.990e-29
 149.476808      8.516    15.3229  37.582065    29.9465      8.440  254.68418  254.94771    -1.8876     4.0587 -9.990e-29
 149.476811      8.543    15.3165  37.597104    29.9608      8.467  254.69220  254.95529    -1.7864     4.2144 0.0000e+00
 149.476814      8.591    15.3100  37.618188    29.9750      8.514  254.70021  254.96287    -1.6852     4.3701 0.0000e+00
 149.476817      8.653    15.2948  37.628239    29.9954      8.575  254.74177  255.00351    -1.6541     4.3822 0.0000e+00
 149.476820      8.730    15.2797  37.641560    30.0187      8.652  254.77796  255.03876    -1.6385     4.3862 0.0000e+00
 149.476823      8.803    15.2670  37.646310    30.0327      8.724  254.81862  255.07866    -1.5763     4.3862 0.0000e+00
 149.476826      8.876    15.2555  37.653527    30.0478      8.796  254.85075  255.11010     0.0891     4.5035 0.0000e+00
 149.476829      8.934    15.2509  37.664754    30.0563      8.854  254.85931  255.11836     0.1514     4.5095 0.0000e+00
 149.476832      8.974    15.2463  37.671478    30.0648      8.894  254.86786  255.12661     0.0891     4.5156 -9.990e-29
 149.476834      8.994    15.2278  37.679807    30.0923      8.914  254.91437  255.17196     0.1202     4.4995 -9.990e-29
 149.476837      9.000    15.2206  37.674996    30.0936      8.919  254.94902  255.20624    -0.4090     4.9564 -9.990e-29
 149.476840      8.992    15.2185  37.683572    30.1028      8.912  254.94357  255.20061    -0.4090     5.0494 -9.990e-29
 149.476843      8.969    15.2166  37.684435    30.1050      8.888  254.94923  255.20615    -0.3778     5.0696 -9.990e-29
 149.476846      8.960    15.2141  37.677773    30.1010      8.879  254.96893  255.22576    -0.4557     5.0534 -9.990e-29
 149.476849      8.956    15.2127  37.680056    30.1041      8.876  254.97063  255.22737    -0.4090     5.0373 -9.990e-29
 149.476852      8.971    15.2100  37.685300    30.1141      8.890  254.96746  255.22398    -0.9381     4.4024 -9.990e-29
 149.476855      9.007    15.2090  37.688878    30.1157      8.927  254.96988  255.22633    -0.9615     4.4348 0.0000e+00
 149.476858      9.047    15.2079  37.690853    30.1174      8.966  254.97230  255.22868    -0.9381     4.4550 0.0000e+00
 149.476861      9.100    15.2056  37.690483    30.1188      9.019  254.98137  255.23763    -0.8136     4.4671 0.0000e+00
 149.476863      9.153    15.2041  37.689497    30.1190      9.071  254.98849  255.24467    -0.1132     4.6046 0.0000e+00
 149.476866      9.200    15.2036  37.690176    30.1198      9.118  254.99016  255.24632    -0.0665     4.6147 0.0000e+00
 149.476869      9.242    15.2030  37.690484    30.1205      9.160  254.99184  255.24796    -0.0199     4.6046 -9.990e-29
 149.476872      9.266    15.2000  37.693076    30.1253      9.183  254.99847  255.25439    -0.1911     4.6369 -9.990e-29
 149.476875      9.279    15.2000  37.693261    30.1255      9.196  254.99819  255.25411     0.2136     5.3648 -9.990e-29
 149.476878      9.284    15.1995  37.695051    30.1275      9.201  254.99745  255.25333     0.2603     5.3810 -9.990e-29
 149.476881      9.291    15.1984  37.695606    30.1288      9.208  255.00068  255.25649     0.0580     5.3486 -9.990e-29
 149.476884      9.308    15.1942  37.702085    30.1398      9.225  255.00283  255.25835     0.4938     5.3041 -9.990e-29
 149.476887      9.333    15.1927  37.704369    30.1440      9.250  255.00340  255.25881     0.5015     5.2132 0.0000e+00
 149.476889      9.384    15.1911  37.711157    30.1482      9.300  255.00397  255.25926     0.4938     5.1424 0.0000e+00
 149.476892      9.443    15.1872  37.712022    30.1519      9.358  255.01725  255.27232     0.5093     5.1222 0.0000e+00
 149.476895      9.509    15.1838  37.712701    30.1552      9.423  255.02937  255.28423     0.5560     5.1303 0.0000e+00
 149.476898      9.563    15.1823  37.715973    30.1578      9.478  255.03239  255.28715     0.6105     5.1222 0.0000e+00
 149.476901      9.598    15.1808  37.712702    30.1603      9.512  255.03540  255.29006     0.6650     5.1303 -9.990e-29
 149.476904      9.620    15.1790  37.717824    30.1633      9.534  255.03926  255.29381     4.5871     5.4457 -9.990e-29
 149.476907      9.618    15.1770  37.717578    30.1647      9.532  255.04723  255.30167     4.6494     5.4174 -9.990e-29
 149.476910      9.602    15.1741  37.721775    30.1707      9.516  255.05176  255.30601     4.5871     5.4416 -9.990e-29
 149.476913      9.578    15.1716  37.731280    30.1810      9.492  255.04628  255.30031     7.2642     5.3163 -9.990e-29
 149.476916      9.558    15.1683  37.733503    30.1856      9.473  255.05534  255.30917     7.2642     5.3041 -9.990e-29
 149.476918      9.545    15.1644  37.738688    30.1932      9.460  255.06183  255.31540     7.2798     5.3041 -9.990e-29
 149.476921      9.560    15.1581  37.741960    30.2052      9.475  255.07288  255.32603     1.2253     5.3729 -9.990e-29
 149.476924      9.600    15.1562  37.746776    30.2060      9.514  255.08168  255.33472     1.3654     5.3648 0.0000e+00
 149.476927      9.664    15.1542  37.745048    30.2067      9.578  255.09048  255.34342     1.2875     5.3688 0.0000e+00
 149.476930      9.743    15.1521  37.744802    30.2067      9.655  255.09878  255.35160     1.2875     5.3688 0.0000e+00
 149.476933      9.823    15.1521  37.737765    30.2023      9.735  255.11243  255.36526     1.2875     5.3729 0.0000e+00
 149.476936      9.894    15.1524  37.733321    30.1975      9.806  255.11243  255.36526     1.7856     5.3729 0.0000e+00
 149.476939      9.947    15.1533  37.733320    30.1968      9.858  255.11228  255.36525     1.9568     5.0635 0.0000e+00
 149.476942      9.985    15.1542  37.732395    30.1961      9.896  255.10894  255.36196     2.1280     4.7542 -9.990e-29
 149.476944     10.002    15.1577  37.735913    30.1957      9.912  255.09181  255.34501     2.0035     4.7744 -9.990e-29
 149.476947     10.000    15.1578  37.737950    30.1974      9.910  255.08805  255.34125     2.1124     4.7178 -9.990e-29
 149.476950      9.976    15.1576  37.737518    30.1972      9.887  255.08958  255.34277     2.5794     5.2192 -9.990e-29
 149.476953      9.950    15.1568  37.738382    30.1986      9.861  255.09113  255.34427     2.7350     5.1747 -9.990e-29
 149.476956      9.927    15.1560  37.734246    30.1955      9.838  255.10048  255.35361     2.5171     5.1707 -9.990e-29
 149.476959      9.914    15.1560  37.735048    30.1962      9.825  255.09922  255.35234     2.6261     5.1747 -9.990e-29
 149.476962      9.931    15.1567  37.735295    30.1977      9.842  255.09346  255.34660     2.8440     4.8108 -9.990e-29
 149.476965      9.971    15.1563  37.737271    30.1984      9.881  255.09456  255.34767     2.8284     4.8088 0.0000e+00
 149.476968     10.034    15.1558  37.737950    30.1990      9.945  255.09565  255.34873     2.8440     4.8068 0.0000e+00
 149.476970     10.113    15.1546  37.738444    30.2003     10.022  255.09959  255.35260     2.9529     4.8068 0.0000e+00
 149.476973     10.186    15.1532  37.740605    30.2033     10.095  255.10066  255.35343     3.8868     5.1222 0.0000e+00
 149.476976     10.250    15.1512  37.745853    30.2094     10.158  255.10152  255.35443     4.1202     5.1222 0.0000e+00
 149.476979     10.301    15.1501  37.743940    30.2094     10.209  255.10640  255.35911     4.1591     5.1101 0.0000e+00
 149.476982     10.326    15.1490  37.749373    30.2094     10.234  255.11213  255.36478     4.1980     5.0979 -9.990e-29
 149.476985     10.339    15.1456  37.749682    30.2172     10.247  255.11602  255.36844     3.8712     5.1222 -9.990e-29
 149.476988     10.337    15.1438  37.748571    30.2175     10.245  255.12446  255.37678     3.6222     5.2111 -9.990e-29
 149.476991     10.326    15.1434  37.747706    30.2171     10.234  255.12726  255.37956     3.6533     5.1828 -9.990e-29
 149.476994     10.319    15.1436  37.749003    30.2181     10.227  255.12465  255.37695     3.5443     5.1828 -9.990e-29
 149.476997     10.327    15.1444  37.752151    30.2201     10.234  255.11723  255.36956     4.8673     5.7449 -9.990e-29
 149.476999     10.354    15.1442  37.751904    30.2201     10.261  255.11850  255.37082     4.8439     5.7550 0.0000e+00
 149.477002     10.403    15.1439  37.751411    30.2201     10.310  255.11809  255.37036     4.8206     5.7570 0.0000e+00
 149.477005     10.460    15.1435  37.753448    30.2213     10.366  255.11977  255.37208     4.8206     5.7570 0.0000e+00
 149.477008     10.526    15.1427  37.751905    30.2221     10.431  255.12374  255.37597     4.7272     5.7530 0.0000e+00
 149.477011     10.582    15.1423  37.753202    30.2222     10.487  255.12435  255.37655     4.5794     5.4072 0.0000e+00
 149.477014     10.622    15.1418  37.753079    30.2231     10.527  255.12496  255.37713     4.2759     5.0615 -9.990e-29
 149.477017     10.646    15.1420  37.753202    30.2230     10.551  255.12442  255.37660     4.3537     5.0696 -9.990e-29
 149.477020     10.659    15.1421  37.753017    30.2227     10.563  255.12413  255.37632     4.4315     5.0817 -9.990e-29
 149.477023     10.651    15.1419  37.752153    30.2221     10.556  255.12635  255.37853     4.2914     5.3122 -9.990e-29
 149.477025     10.635    15.1413  37.751659    30.2222     10.540  255.12944  255.38159     4.3226     5.3041 -9.990e-29
 149.477028     10.622    15.1410  37.748202    30.2193     10.527  255.13599  255.38815     4.3537     5.2880 -9.990e-29
 149.477031     10.611    15.1410  37.751906    30.2226     10.516  255.13021  255.38234     4.3381     5.3608 -9.990e-29
 149.477034     10.622    15.1410  37.754005    30.2250     10.527  255.12609  255.37821     5.3187     5.3163 -9.990e-29
 149.477037     10.661    15.1407  37.754561    30.2261     10.565  255.12559  255.37768     5.3187     5.3243 0.0000e+00
 149.477040     10.719    15.1404  37.756537    30.2271     10.623  255.12609  255.37821     5.3187     5.3163 0.0000e+00
 149.477043     10.786    15.1388  37.759686    30.2312     10.690  255.12633  255.37829     5.3187     5.3203 0.0000e+00
 149.477046     10.850    15.1366  37.761230    30.2342     10.753  255.13241  255.38423     5.2720     5.3163 0.0000e+00
 149.477049     10.910    15.1342  37.761910    30.2367     10.813  255.14042  255.39210     5.1008     4.9321 0.0000e+00
 149.477052     10.954    15.1335  37.762528    30.2375     10.856  255.14272  255.39435     5.0696     4.9099 0.0000e+00
