seaocn-cb/data/ctd_cnv/SBE19plus_01907321_2024_05_22_Cast11.cnv
* Sea-Bird SBE19plus  Data File:
* FileName = E:\Prandtl_Daten\2024\CTD\raw\SBE19plus_01907321_2024_05_21_Cast11.hex
* Software version 2.6.1.12
* Temperature SN = 7321
* Conductivity SN = 7321
* System UpLoad Time = May 22 2024 10:53:48
* <ApplicationData>
* <Seaterm232>
** 20240522
** Sea Practical 2024
** MCat 22.05 CTD_SP5
** NMEA Latitude = 54 07.68N
** NMEA Longitude = 008 25.40E
** waterdepth = 9.3m
** Maja
# nquan = 11
# nvalues = 273                         
# units = specified
# name 0 = timeJ: Julian Days
# name 1 = prdM: Pressure, Strain Gauge [db]
# name 2 = tv290C: Temperature [ITS-90, deg C]
# name 3 = c0mS/cm: Conductivity [mS/cm]
# name 4 = sal00: Salinity, Practical [PSU]
# name 5 = depSM: Depth [salt water, m], lat = 54.00
# name 6 = oxsatMm/Kg: Oxygen Saturation, Weiss [umol/kg]
# name 7 = oxsolMm/Kg: Oxygen Saturation, Garcia & Gordon [umol/kg]
# name 8 = turbWETntu0: Turbidity, WET Labs ECO [NTU]
# name 9 = flECO-AFL: Fluorescence, WET Labs ECO-AFL/FL [mg/m^3]
# name 10 = flag:  0.000e+00
# span 0 = 143.449369, 143.450156       
# span 1 =      0.556,      7.738       
# span 2 =    13.3354,    14.0624       
# span 3 =  36.733763,  36.905858       
# span 4 =    30.1478,    30.8802       
# span 5 =      0.551,      7.669       
# span 6 =  260.89823,  263.49257       
# span 7 =  261.09309,  263.63829       
# span 8 =    -4.9070,    -1.4829       
# span 9 =     5.4982,     7.4554       
# span 10 = 0.0000e+00, 0.0000e+00      
# interval = seconds: 0.25
# start_time = May 22 2024 10:45:41 [Instrument's time stamp, header]
# bad_flag = -9.990e-29
*END*
[from data line 132]
 143.449751      4.020    13.9648  36.802748    30.2848      3.984  261.17570  261.36392    -4.5490     6.5941 -9.990e-29
 143.449754      4.017    13.9612  36.799510    30.2847      3.981  261.19537  261.38339    -4.4712     6.2220 -9.990e-29
 143.449757      4.026    13.9561  36.797616    30.2870      3.990  261.21838  261.40609    -4.5024     6.2504 -9.990e-29
 143.449760      4.044    13.9483  36.800550    30.2979      4.008  261.24029  261.42746    -4.5490     6.2261 -9.990e-29
 143.449763      4.082    13.9462  36.802934    30.2995      4.046  261.24879  261.43581    -4.5101     6.2160 0.0000e+00
 143.449766      4.132    13.9441  36.802751    30.3011      4.095  261.25728  261.44417    -4.4712     6.2261 0.0000e+00
 143.449769      4.194    13.9414  36.806846    30.3048      4.156  261.26105  261.44774    -4.3311     6.4808 0.0000e+00
 143.449771      4.265    13.9385  36.802080    30.3069      4.227  261.28038  261.46693    -4.3311     6.4808 0.0000e+00
 143.449774      4.331    13.9354  36.807947    30.3126      4.292  261.28298  261.46927    -4.2689     6.4808 0.0000e+00
 143.449777      4.393    13.9330  36.807703    30.3143      4.353  261.29276  261.47891    -4.3156     6.4687 0.0000e+00
 143.449780      4.440    13.9318  36.808620    30.3156      4.400  261.29683  261.48290    -4.2923     6.4485 0.0000e+00
 143.449783      4.473    13.9306  36.808559    30.3170      4.433  261.30091  261.48689    -4.3156     6.3959 -9.990e-29
 143.449786      4.489    13.9249  36.809049    30.3219      4.449  261.32272  261.50833    -4.2378     6.3959 -9.990e-29
 143.449789      4.498    13.9219  36.811310    30.3263      4.458  261.33066  261.51606    -4.2689     6.3959 -9.990e-29
 143.449792      4.500    13.9166  36.813939    30.3329      4.460  261.34703  261.53207    -3.9109     6.2463 -9.990e-29
 143.449795      4.495    13.9112  36.816934    30.3399      4.455  261.36337  261.54804    -3.8020     6.2908 -9.990e-29
 143.449797      4.491    13.8991  36.826837    30.3585      4.451  261.39451  261.57832    -3.9420     6.2948 -9.990e-29
 143.449800      4.491    13.8792  36.833929    30.3807      4.451  261.46092  261.64338    -3.8642     6.2544 -9.990e-29
 143.449803      4.502    13.8576  36.832954    30.3969      4.462  261.54741  261.72849    -3.8020     5.9390 -9.990e-29
 143.449806      4.524    13.8193  36.839008    30.4362      4.483  261.68215  261.86066    -3.8175     5.8703 -9.990e-29
 143.449809      4.564    13.8103  36.842740    30.4467      4.523  261.71145  261.88934    -3.7942     5.8824 0.0000e+00
 143.449812      4.619    13.8013  36.850078    30.4572      4.577  261.74075  261.91803    -3.8175     5.8864 0.0000e+00
 143.449815      4.671    13.7805  36.852343    30.4758      4.630  261.81912  261.99503    -3.7708     5.8945 0.0000e+00
 143.449818      4.728    13.7603  36.856748    30.4958      4.686  261.89128  262.06583    -3.7397     6.2261 0.0000e+00
 143.449821      4.775    13.7516  36.858890    30.5038      4.733  261.92385  262.09781    -3.5919     6.2281 0.0000e+00
 143.449823      4.812    13.7429  36.861337    30.5117      4.769  261.95641  262.12980    -3.4440     6.2261 -9.990e-29
 143.449826      4.834    13.7180  36.861706    30.5340      4.791  262.04977  262.22151    -3.5062     6.2059 -9.990e-29
 143.449829      4.841    13.7040  36.862686    30.5460      4.798  262.10310  262.27392    -3.3817     5.9511 -9.990e-29
 143.449832      4.837    13.6884  36.864767    30.5604      4.794  262.16125  262.33102    -3.2572     5.9471 -9.990e-29
 143.449835      4.825    13.6741  36.865563    30.5725      4.782  262.21630  262.38512    -3.2261     5.9835 -9.990e-29
 143.449838      4.814    13.6629  36.867888    30.5837      4.771  262.25686  262.42492    -3.4440     5.9713 -9.990e-29
 143.449841      4.814    13.6544  36.866544    30.5892      4.771  262.29253  262.46004    -3.2572     6.1250 -9.990e-29
 143.449844      4.817    13.6482  36.865322    30.5930      4.774  262.31900  262.48611    -2.9148     6.1533 -9.990e-29
 143.449847      4.841    13.6374  36.869053    30.6019      4.798  262.36123  262.52762    -3.1638     6.1210 -9.990e-29
 143.449850      4.879    13.6336  36.865629    30.6057      4.836  262.37527  262.54139    -3.0393     6.0988 0.0000e+00
 143.449852      4.932    13.6297  36.867098    30.6094      4.888  262.38930  262.55517    -3.0549     6.0765 0.0000e+00
 143.449855      4.998    13.6221  36.866548    30.6150      4.953  262.42018  262.58555    -3.0549     5.9552 0.0000e+00
 143.449858      5.056    13.6145  36.869729    30.6239      5.011  262.44479  262.60963    -3.0549     5.9552 0.0000e+00
 143.449861      5.106    13.6088  36.866184    30.6252      5.060  262.47343  262.63793    -3.0393     5.9552 0.0000e+00
 143.449864      5.151    13.6033  36.865879    30.6293      5.105  262.49576  262.65989    -3.0393     5.9552 0.0000e+00
 143.449867      5.193    13.6016  36.867469    30.6315      5.147  262.50140  262.66541    -3.1717     6.0563 0.0000e+00
 143.449870      5.222    13.5998  36.869427    30.6336      5.176  262.50705  262.67093    -3.3195     6.1816 -9.990e-29
 143.449873      5.242    13.5826  36.868144    30.6480      5.195  262.57388  262.73661    -3.2883     6.2342 -9.990e-29
 143.449876      5.251    13.5727  36.868390    30.6562      5.204  262.61265  262.77472    -3.3973     6.2382 -9.990e-29
 143.449878      5.255    13.5670  36.870959    30.6631      5.208  262.63067  262.79234    -2.5101     6.2746 -9.990e-29
 143.449881      5.266    13.5639  36.873772    30.6681      5.219  262.63812  262.79956    -2.5413     6.2867 -9.990e-29
 143.449884      5.278    13.5634  36.877870    30.6723      5.231  262.63326  262.79463    -2.7436     6.2867 -9.990e-29
 143.449887      5.297    13.5554  36.879154    30.6816      5.249  262.65965  262.82046    -2.9459     6.1129 -9.990e-29
 143.449890      5.330    13.5493  36.880990    30.6865      5.282  262.68424  262.84463    -2.9226     6.1372 0.0000e+00
 143.449893      5.362    13.5431  36.880747    30.6913      5.314  262.70882  262.86880    -2.9459     6.1452 0.0000e+00
 143.449896      5.404    13.5300  36.885580    30.7063      5.356  262.75260  262.91166    -2.9304     6.1452 0.0000e+00
 143.449899      5.437    13.5201  36.886438    30.7149      5.389  262.79002  262.94842    -2.9304     6.1331 0.0000e+00
 143.449902      5.470    13.5119  36.888885    30.7238      5.421  262.81867  262.97649    -2.9304     6.1331 0.0000e+00
 143.449905      5.497    13.5090  36.890109    30.7268      5.448  262.82924  262.98685    -2.9615     6.2362 0.0000e+00
 143.449907      5.523    13.5060  36.891150    30.7297      5.473  262.83981  262.99722    -3.0393     6.3393 -9.990e-29
 143.449910      5.537    13.4914  36.891396    30.7426      5.488  262.89533  263.05176    -2.9148     6.3514 -9.990e-29
 143.449913      5.554    13.4815  36.891214    30.7504      5.504  262.93506  263.09081    -2.7125     6.3029 -9.990e-29
 143.449916      5.557    13.4737  36.890909    30.7564      5.508  262.96629  263.12152    -2.5101     6.5617 -9.990e-29
 143.449919      5.563    13.4692  36.893417    30.7624      5.513  262.98001  263.13491    -2.6502     6.5455 -9.990e-29
 143.449922      5.572    13.4654  36.895497    30.7673      5.522  262.99155  263.14618    -2.8214     6.5375 -9.990e-29
 143.449925      5.581    13.4624  36.893846    30.7682      5.531  263.00623  263.16067    -2.7903     6.5294 -9.990e-29
 143.449928      5.601    13.4618  36.894764    30.7734      5.551  262.99988  263.15424    -2.7436     6.2544 -9.990e-29
 143.449931      5.636    13.4609  36.898985    30.7747      5.586  263.00283  263.15712    -2.7280     6.2544 0.0000e+00
 143.449933      5.674    13.4599  36.899964    30.7759      5.624  263.00578  263.16000    -2.7125     6.2544 0.0000e+00
 143.449936      5.725    13.4555  36.898374    30.7779      5.674  263.02588  263.17982    -2.6502     6.3070 0.0000e+00
 143.449939      5.784    13.4485  36.897886    30.7830      5.732  263.05426  263.20773    -2.3856     6.4081 0.0000e+00
 143.449942      5.842    13.4366  36.897276    30.7921      5.790  263.10282  263.25549    -2.1833     6.4081 0.0000e+00
 143.449945      5.902    13.4215  36.897889    30.8048      5.849  263.16145  263.31310    -2.1833     6.3959 0.0000e+00
 143.449948      5.951    13.4159  36.897952    30.8094      5.898  263.18371  263.33497    -2.1833     6.3878 0.0000e+00
 143.449951      5.990    13.4103  36.899054    30.8139      5.936  263.20596  263.35684    -2.1833     6.3959 -9.990e-29
 143.449954      6.008    13.3998  36.896363    30.8209      5.954  263.25008  263.40026    -2.4790     6.3636 -9.990e-29
 143.449957      6.013    13.3980  36.899299    30.8251      5.960  263.25233  263.40236    -2.3856     6.3676 -9.990e-29
 143.449959      6.010    13.3968  36.898382    30.8252      5.956  263.25880  263.40876    -2.3078     6.3272 -9.990e-29
 143.449962      6.002    13.3944  36.899606    30.8282      5.949  263.26598  263.41577    -2.2455     6.3393 -9.990e-29
 143.449965      6.004    13.3919  36.900646    30.8313      5.951  263.27434  263.42394    -2.2922     6.0239 -9.990e-29
 143.449968      6.004    13.3908  36.899545    30.8311      5.951  263.28055  263.43009    -2.3701     6.0360 -9.990e-29
 143.449971      6.017    13.3866  36.898138    30.8345      5.963  263.29707  263.44633    -2.3701     6.0239 -9.990e-29
 143.449974      6.046    13.3858  36.899546    30.8354      5.992  263.30019  263.44939    -2.0588     6.3555 0.0000e+00
 143.449977      6.083    13.3849  36.899974    30.8363      6.028  263.30331  263.45244    -1.7475     6.6709 0.0000e+00
 143.449980      6.128    13.3835  36.899179    30.8367      6.074  263.31019  263.45924    -1.7475     6.6709 0.0000e+00
 143.449983      6.178    13.3816  36.899975    30.8374      6.123  263.31639  263.46530    -1.7164     6.6709 0.0000e+00
 143.449986      6.234    13.3793  36.896366    30.8389      6.179  263.33153  263.48033    -1.7786     6.6628 0.0000e+00
 143.449988      6.282    13.3780  36.895755    30.8382      6.226  263.33742  263.48613    -1.9653     6.3737 0.0000e+00
 143.449991      6.320    13.3766  36.898386    30.8390      6.264  263.34331  263.49192    -2.5568     6.0846 -9.990e-29
 143.449994      6.344    13.3725  36.897040    30.8434      6.287  263.35737  263.50569    -2.6813     6.1129 -9.990e-29
 143.449997      6.360    13.3709  36.897041    30.8447      6.303  263.36374  263.51196    -2.6813     6.0967 -9.990e-29
 143.450000      6.371    13.3696  36.898876    30.8475      6.314  263.36583  263.51394    -2.7125     6.0846 -9.990e-29
 143.450003      6.380    13.3690  36.898203    30.8474      6.323  263.36959  263.51766    -2.1366     6.6143 -9.990e-29
 143.450006      6.391    13.3682  36.897041    30.8469      6.334  263.37446  263.52250    -2.1833     6.5941 -9.990e-29
 143.450009      6.395    13.3671  36.880099    30.8320      6.337  263.40764  263.55575    -2.3078     6.6021 -9.990e-29
 143.450012      6.405    13.3665  36.900895    30.8519      6.348  263.37486  263.52273    -2.3856     6.5698 -9.990e-29
 143.450014      6.415    13.3657  36.903709    30.8552      6.357  263.37326  263.52105    -2.2144     6.4647 -9.990e-29
 143.450017      6.433    13.3671  36.904504    30.8517      6.375  263.37157  263.51948    -2.2922     6.4404 -9.990e-29
 143.450020      6.462    13.3662  36.901323    30.8530      6.404  263.37426  263.52211    -2.1833     6.4687 0.0000e+00
 143.450023      6.502    13.3653  36.902425    30.8542      6.444  263.37695  263.52473    -2.2922     6.4970 0.0000e+00
 143.450026      6.546    13.3627  36.900651    30.8547      6.487  263.39041  263.53803    -2.3389     6.9863 0.0000e+00
 143.450029      6.593    13.3609  36.903160    30.8548      6.534  263.39311  263.54059    -2.4012     6.9863 0.0000e+00
 143.450032      6.644    13.3596  36.898144    30.8584      6.585  263.40718  263.55461    -2.4012     7.0106 0.0000e+00
 143.450035      6.699    13.3563  36.901570    30.8606      6.639  263.41411  263.56129    -2.4012     7.0106 0.0000e+00
 143.450038      6.756    13.3545  36.904935    30.8620      6.695  263.41623  263.56324    -2.4479     5.8217 0.0000e+00
 143.450041      6.808    13.3545  36.901571    30.8637      6.748  263.41882  263.56586    -2.4713     5.8076 0.0000e+00
 143.450043      6.850    13.3545  36.900409    30.8620      6.789  263.42141  263.56847    -2.4946     5.8217 -9.990e-29
 143.450046      6.872    13.3534  36.901326    30.8627      6.811  263.42621  263.57320    -2.3389     5.8339 -9.990e-29
 143.450049      6.882    13.3517  36.899859    30.8627      6.820  263.43566  263.58254    -2.3234     5.8379 -9.990e-29
 143.450052      6.883    13.3506  36.902000    30.8656      6.822  263.43635  263.58313    -1.8253     6.6790 -9.990e-29
 143.450055      6.872    13.3499  36.899186    30.8636      6.811  263.44403  263.59079    -2.0432     6.6871 -9.990e-29
 143.450058      6.860    13.3496  36.895455    30.8603      6.798  263.45153  263.59830    -1.9498     6.6749 -9.990e-29
 143.450061      6.851    13.3493  36.900226    30.8650      6.789  263.44455  263.59126    -2.0121     6.6830 -9.990e-29
 143.450064      6.845    13.3498  36.902183    30.8664      6.784  263.43919  263.58592    -1.9187     5.9066 -9.990e-29
 143.450067      6.854    13.3502  36.902000    30.8660      6.793  263.43807  263.58482    -2.1677     5.9107 -9.990e-29
 143.450069      6.878    13.3490  36.903346    30.8669      6.817  263.44273  263.58940    -1.9187     5.8703 -9.990e-29
 143.450072      6.909    13.3483  36.902000    30.8657      6.847  263.44886  263.59551    -2.1833     6.0563 0.0000e+00
 143.450075      6.955    13.3475  36.898208    30.8669      6.893  263.45500  263.60161    -2.3701     6.2261 0.0000e+00
 143.450078      7.013    13.3456  36.901817    30.8695      6.950  263.45670  263.60315    -2.3701     6.2261 0.0000e+00
 143.450081      7.073    13.3446  36.902674    30.8695      7.010  263.45904  263.60541    -2.3701     6.2261 0.0000e+00
 143.450084      7.135    13.3437  36.899983    30.8708      7.071  263.46714  263.61348    -2.3389     6.1978 0.0000e+00
 143.450087      7.190    13.3431  36.901145    30.8700      7.126  263.46780  263.61408    -2.3389     5.5468 0.0000e+00
 143.450090      7.234    13.3427  36.899616    30.8704      7.169  263.47071  263.61697    -2.1911     5.5225 0.0000e+00
 143.450093      7.268    13.3423  36.901574    30.8700      7.203  263.47362  263.61986    -2.0432     5.4982 -9.990e-29
 143.450095      7.287    13.3414  36.902920    30.8737      7.221  263.47149  263.61764    -2.1522     5.5265 -9.990e-29
 143.450098      7.299    13.3412  36.902186    30.8732      7.234  263.47362  263.61976    -2.1988     5.5468 -9.990e-29
 143.450101      7.310    13.3412  36.904021    30.8749      7.245  263.47050  263.61663    -2.3078     6.4404 -9.990e-29
 143.450104      7.312    13.3414  36.904939    30.8756      7.247  263.46807  263.61420    -2.4790     6.4081 -9.990e-29
 143.450107      7.310    13.3418  36.903960    30.8744      7.245  263.46829  263.61446    -2.4012     6.3757 -9.990e-29
 143.450110      7.308    13.3419  36.904021    30.8743      7.243  263.46761  263.61378    -2.4012     6.3838 -9.990e-29
 143.450113      7.314    13.3421  36.904755    30.8749      7.248  263.46578  263.61196    -2.3701     6.1533 -9.990e-29
 143.450116      7.323    13.3418  36.903715    30.8742      7.258  263.46872  263.61489    -2.5413     6.1897 -9.990e-29
 143.450119      7.337    13.3418  36.905612    30.8755      7.272  263.46596  263.61212    -2.3545     6.1129 -9.990e-29
 143.450122      7.367    13.3422  36.905183    30.8742      7.301  263.46630  263.61249    -2.5412     6.4425 0.0000e+00
 143.450124      7.401    13.3426  36.903104    30.8741      7.335  263.46596  263.61212    -2.7280     6.6992 0.0000e+00
