seaocn-cb/data/ctd_cnv/SBE19plus_01907321_2024_05_22_Cast19.cnv
* Sea-Bird SBE19plus  Data File:
* FileName = E:\Prandtl_Daten\2024\CTD\raw\SBE19plus_01907321_2024_05_22_Cast19.hex
* Software version 2.6.1.12
* Temperature SN = 7321
* Conductivity SN = 7321
* System UpLoad Time = May 22 2024 15:32:52
* <ApplicationData>
* <Seaterm232>
** 20240522
** Sea Practical 2024
** MCat 22.05 CTD_SP1
** NMEA Latitude = 054 7.81N
** NMEA Longitude = 008 46.42E
** waterdepth = 11.80m
** Clemens
# nquan = 11
# nvalues = 374                         
# units = specified
# name 0 = timeJ: Julian Days
# name 1 = prdM: Pressure, Strain Gauge [db]
# name 2 = tv290C: Temperature [ITS-90, deg C]
# name 3 = c0mS/cm: Conductivity [mS/cm]
# name 4 = sal00: Salinity, Practical [PSU]
# name 5 = depSM: Depth [salt water, m], lat = 54.00
# name 6 = oxsatMm/Kg: Oxygen Saturation, Weiss [umol/kg]
# name 7 = oxsolMm/Kg: Oxygen Saturation, Garcia & Gordon [umol/kg]
# name 8 = turbWETntu0: Turbidity, WET Labs ECO [NTU]
# name 9 = flECO-AFL: Fluorescence, WET Labs ECO-AFL/FL [mg/m^3]
# name 10 = flag:  0.000e+00
# span 0 = 143.643912, 143.644991       
# span 1 =      0.952,     10.761       
# span 2 =    17.6726,    17.6881       
# span 3 =  35.311469,  35.365786       
# span 4 =    26.3356,    26.3856       
# span 5 =      0.943,     10.665       
# span 6 =  249.12427,  249.16222       
# span 7 =  249.51499,  249.55321       
# span 8 =     0.7272,    37.2564       
# span 9 =     3.2095,     6.8852       
# span 10 = 0.0000e+00, 0.0000e+00      
# interval = seconds: 0.25
# start_time = May 22 2024 15:25:59 [Instrument's time stamp, header]
# bad_flag = -9.990e-29
*END*
[from data line 263]
 143.644673      8.094    17.6748  35.361026    26.3782      8.022  249.14133  249.53180     9.7233     4.6248 0.0000e+00
 143.644676      8.121    17.6747  35.356516    26.3809      8.049  249.13717  249.52762     9.6922     4.6208 0.0000e+00
 143.644679      8.154    17.6747  35.360605    26.3777      8.081  249.14222  249.53269     8.8673     4.5358 0.0000e+00
 143.644682      8.183    17.6747  35.356757    26.3793      8.110  249.13986  249.53032     8.7817     4.5217 0.0000e+00
 143.644685      8.214    17.6747  35.358681    26.3777      8.141  249.14254  249.53301     8.6961     4.5075 -9.990e-29
 143.644688      8.238    17.6737  35.357358    26.3797      8.164  249.14402  249.53443     8.8206     4.4833 -9.990e-29
 143.644690      8.264    17.6736  35.358441    26.3805      8.190  249.14328  249.53368    11.6844     4.4833 0.0000e+00
 143.644693      8.291    17.6737  35.360185    26.3797      8.217  249.14402  249.53443    14.5482     4.4833 0.0000e+00
 143.644696      8.324    17.6737  35.354593    26.3784      8.249  249.14552  249.53595    14.5949     4.4914 0.0000e+00
 143.644699      8.359    17.6739  35.356938    26.3781      8.284  249.14552  249.53595    14.5949     4.5075 0.0000e+00
 143.644702      8.395    17.6742  35.356938    26.3784      8.320  249.14428  249.53472    14.5949     4.5075 0.0000e+00
 143.644705      8.428    17.6743  35.358862    26.3789      8.353  249.14280  249.53323    15.4354     4.5945 0.0000e+00
 143.644708      8.454    17.6743  35.361688    26.3797      8.378  249.14131  249.53174    16.2759     4.6814 -9.990e-29
 143.644711      8.479    17.6742  35.362109    26.3824      8.403  249.13713  249.52755    16.2759     4.7138 -9.990e-29
 143.644714      8.499    17.6742  35.361268    26.3817      8.423  249.13862  249.52904    16.3226     4.6572 -9.990e-29
 143.644716      8.511    17.6742  35.359945    26.3806      8.434  249.14016  249.53058    14.8906     4.6774 -9.990e-29
 143.644719      8.525    17.6739  35.360185    26.3810      8.449  249.14109  249.53150    14.9218     4.7097 -9.990e-29
 143.644722      8.538    17.6737  35.358863    26.3801      8.461  249.14388  249.53429    15.0152     4.7097 -9.990e-29
 143.644725      8.552    17.6737  35.359284    26.3804      8.476  249.14299  249.53340    14.8284     4.7178 -9.990e-29
 143.644728      8.574    17.6741  35.361869    26.3814      8.498  249.13966  249.53008    18.9996     4.9079 -9.990e-29
 143.644731      8.613    17.6741  35.360787    26.3811      8.536  249.14041  249.53084    18.9295     4.8775 0.0000e+00
 143.644734      8.660    17.6740  35.359945    26.3814      8.583  249.13967  249.53008    18.9996     4.8674 0.0000e+00
 143.644737      8.708    17.6739  35.361268    26.3818      8.630  249.13967  249.53008    19.0307     4.8513 0.0000e+00
 143.644740      8.762    17.6738  35.364275    26.3818      8.684  249.13967  249.53008    19.0307     4.8513 0.0000e+00
 143.644742      8.808    17.6737  35.359104    26.3835      8.729  249.13769  249.52808    18.2836     4.7097 0.0000e+00
 143.644745      8.844    17.6737  35.363193    26.3819      8.765  249.14068  249.53108    18.2758     4.6955 0.0000e+00
 143.644748      8.870    17.6737  35.362772    26.3835      8.790  249.13769  249.52808    18.2681     4.7097 -9.990e-29
 143.644751      8.882    17.6736  35.360187    26.3811      8.803  249.14252  249.53292    18.1591     4.6976 -9.990e-29
 143.644754      8.888    17.6731  35.362532    26.3833      8.808  249.14083  249.53121    18.6261     4.8553 -9.990e-29
 143.644757      8.892    17.6728  35.358443    26.3802      8.812  249.14778  249.53816    18.5949     4.8270 -9.990e-29
 143.644760      8.888    17.6727  35.363374    26.3843      8.809  249.14124  249.53159    18.6572     4.8432 -9.990e-29
 143.644763      8.899    17.6728  35.360608    26.3820      8.819  249.14478  249.53514    18.4393     4.8513 -9.990e-29
 143.644766      8.923    17.6731  35.359946    26.3828      8.843  249.14179  249.53217    17.3498     5.5791 -9.990e-29
 143.644769      8.963    17.6733  35.361871    26.3834      8.883  249.13996  249.53034    17.2876     5.5670 0.0000e+00
 143.644771      9.016    17.6735  35.363615    26.3828      8.935  249.14179  249.53217    17.3498     5.5629 0.0000e+00
 143.644774      9.071    17.6735  35.359285    26.3814      8.989  249.14117  249.53158    17.2253     5.5548 0.0000e+00
 143.644777      9.129    17.6737  35.360789    26.3814      9.047  249.14117  249.53158    14.5949     4.5925 0.0000e+00
 143.644780      9.180    17.6740  35.362773    26.3827      9.098  249.13785  249.52826    14.5949     4.5844 0.0000e+00
 143.644783      9.224    17.6740  35.362533    26.3828      9.141  249.13767  249.52808    14.5950     4.5641 0.0000e+00
 143.644786      9.251    17.6740  35.361270    26.3827      9.168  249.13785  249.52826    14.6261     4.5439 -9.990e-29
 143.644789      9.262    17.6734  35.360188    26.3811      9.179  249.14333  249.53373    14.6883     4.5844 -9.990e-29
 143.644792      9.264    17.6735  35.361210    26.3819      9.181  249.14160  249.53199    14.5949     4.6167 -9.990e-29
 143.644795      9.253    17.6735  35.364037    26.3842      9.170  249.13766  249.52804    14.6572     4.6208 -9.990e-29
 143.644797      9.248    17.6737  35.361451    26.3820      9.165  249.14062  249.53102    14.6883     4.6127 -9.990e-29
 143.644800      9.242    17.6737  35.363375    26.3835      9.160  249.13763  249.52802    14.6261     4.6289 -9.990e-29
 143.644803      9.257    17.6743  35.359286    26.3816      9.174  249.13812  249.52855    15.2331     4.9523 -9.990e-29
 143.644806      9.282    17.6743  35.361451    26.3813      9.199  249.13826  249.52870    15.1942     4.9645 0.0000e+00
 143.644809      9.328    17.6743  35.361030    26.3816      9.244  249.13812  249.52855    15.2331     4.9766 0.0000e+00
 143.644812      9.384    17.6742  35.363616    26.3811      9.300  249.13841  249.52885    15.2331     4.9766 0.0000e+00
 143.644815      9.448    17.6742  35.360609    26.3818      9.364  249.13853  249.52895    15.6066     4.7057 0.0000e+00
 143.644818      9.521    17.6742  35.361692    26.3813      9.436  249.13980  249.53021    15.7311     4.6936 0.0000e+00
 143.644821      9.578    17.6741  35.361031    26.3815      9.492  249.13916  249.52958    15.7466     4.6997 0.0000e+00
 143.644823      9.618    17.6741  35.361271    26.3813      9.532  249.13980  249.53021    15.7622     4.6936 -9.990e-29
 143.644826      9.638    17.6745  35.365541    26.3847      9.552  249.13198  249.52239    18.4860     4.5520 -9.990e-29
 143.644829      9.651    17.6744  35.361693    26.3816      9.564  249.13765  249.52808    18.4704     4.5601 -9.990e-29
 143.644832      9.649    17.6744  35.362534    26.3823      9.563  249.13648  249.52690    18.5171     4.5682 -9.990e-29
 143.644835      9.640    17.6743  35.362534    26.3823      9.554  249.13679  249.52721    18.4860     4.5722 -9.990e-29
 143.644838      9.631    17.6743  35.359287    26.3797      9.545  249.14130  249.53174    18.5949     4.5561 -9.990e-29
 143.644841      9.636    17.6742  35.360370    26.3806      9.550  249.14011  249.53054    17.3187     4.8715 -9.990e-29
 143.644844      9.647    17.6742  35.362534    26.3798      9.561  249.14195  249.53238    17.3809     4.8472 -9.990e-29
 143.644847      9.673    17.6743  35.359287    26.3796      9.586  249.14194  249.53238    17.2875     4.8513 0.0000e+00
 143.644850      9.715    17.6742  35.358866    26.3798      9.628  249.14193  249.53237    17.3342     4.8472 0.0000e+00
 143.644852      9.770    17.6742  35.362956    26.3802      9.682  249.14119  249.53162    17.1941     4.8027 0.0000e+00
 143.644855      9.826    17.6742  35.359889    26.3827      9.738  249.13727  249.52768    17.3342     4.7866 0.0000e+00
 143.644858      9.883    17.6741  35.362956    26.3803      9.794  249.14119  249.53162    17.3654     4.7866 0.0000e+00
 143.644861      9.927    17.6741  35.359950    26.3815      9.838  249.13937  249.52979    17.3732     4.7967 0.0000e+00
 143.644864      9.965    17.6741  35.362776    26.3803      9.876  249.14147  249.53189    17.3654     4.8068 -9.990e-29
 143.644867      9.987    17.6746  35.360190    26.3801      9.898  249.13927  249.52972    19.0463     4.6612 -9.990e-29
 143.644870      9.996    17.6745  35.361694    26.3814      9.907  249.13750  249.52794    19.0307     4.6976 -9.990e-29
 143.644873     10.001    17.6741  35.362776    26.3826      9.912  249.13757  249.52799    19.0619     4.6976 -9.990e-29
 143.644876     10.011    17.6740  35.360190    26.3805      9.921  249.14149  249.53191    23.7778     4.8270 -9.990e-29
 143.644878     10.016    17.6740  35.362957    26.3828      9.927  249.13765  249.52805    23.7467     4.8472 -9.990e-29
 143.644881     10.029    17.6741  35.362957    26.3827      9.939  249.13734  249.52775    23.7934     4.8553 -9.990e-29
 143.644884     10.049    17.6733  35.360612    26.3802      9.959  249.14530  249.53569    23.7778     4.8674 -9.990e-29
 143.644887     10.075    17.6732  35.359289    26.3808      9.984  249.14470  249.53508    25.7544     4.9584 0.0000e+00
 143.644890     10.107    17.6731  35.360612    26.3809     10.017  249.14530  249.53569    27.5599     5.0494 0.0000e+00
 143.644893     10.149    17.6731  35.359950    26.3812     10.058  249.14479  249.53517    27.6533     5.0494 0.0000e+00
 143.644896     10.197    17.6731  35.360372    26.3812     10.105  249.14479  249.53517    27.6533     5.0494 0.0000e+00
 143.644899     10.240    17.6732  35.361033    26.3816     10.149  249.14326  249.53365    27.6533     5.0332 0.0000e+00
 143.644902     10.277    17.6734  35.364461    26.3833     10.185  249.13846  249.52886    24.7584     4.6976 0.0000e+00
 143.644905     10.315    17.6735  35.363379    26.3838     10.223  249.13817  249.52856    24.7273     4.6956 0.0000e+00
 143.644907     10.350    17.6737  35.360613    26.3833     10.257  249.13846  249.52886    24.7584     4.6976 -9.990e-29
 143.644910     10.372    17.6737  35.360793    26.3811     10.279  249.14209  249.53249    24.8206     4.7097 -9.990e-29
 143.644913     10.399    17.6734  35.358448    26.3793     10.306  249.14631  249.53671    30.7817     5.3001 -9.990e-29
 143.644916     10.419    17.6731  35.360372    26.3811     10.326  249.14459  249.53497    30.7973     5.2839 -9.990e-29
 143.644919     10.432    17.6731  35.362357    26.3828     10.339  249.14215  249.53252    30.9373     5.3244 -9.990e-29
 143.644922     10.445    17.6731  35.363620    26.3838     10.351  249.14008  249.53045    30.8284     5.3446 -9.990e-29
 143.644925     10.463    17.6731  35.361274    26.3818     10.370  249.14335  249.53373    32.1669     5.3971 -9.990e-29
 143.644928     10.474    17.6730  35.365123    26.3851     10.380  249.13863  249.52899    32.3226     5.3769 -9.990e-29
 143.644931     10.496    17.6726  35.364883    26.3807     10.402  249.14801  249.53838    32.2759     5.3527 -9.990e-29
 143.644933     10.525    17.6728  35.359531    26.3809     10.431  249.14693  249.53731    32.1903     5.3567 0.0000e+00
 143.644936     10.564    17.6727  35.360192    26.3811     10.469  249.14585  249.53623    32.2759     5.3527 0.0000e+00
 143.644939     10.604    17.6727  35.361275    26.3811     10.509  249.14585  249.53623    34.2214     5.2637 0.0000e+00
 143.644942     10.649    17.6727  35.358028    26.3821     10.554  249.14499  249.53536    34.2214     5.2597 0.0000e+00
 143.644945     10.697    17.6727  35.363621    26.3817     10.601  249.14566  249.53602    34.2214     5.2617 0.0000e+00
 143.644948     10.726    17.6727  35.363801    26.3840     10.630  249.14178  249.53213    34.2214     5.2597 -9.990e-29
 143.644951     10.739    17.6726  35.362117    26.3828     10.643  249.14452  249.53487    33.0229     5.3810 -9.990e-29
 143.644954     10.737    17.6726  35.362959    26.3835     10.641  249.14303  249.53338    33.1008     5.4012 -9.990e-29
 143.644957     10.717    17.6726  35.362779    26.3834     10.621  249.14359  249.53394    33.1319     5.3891 -9.990e-29
 143.644959     10.693    17.6729  35.361696    26.3823     10.597  249.14382  249.53419    33.0229     5.3729 -9.990e-29
 143.644962     10.657    17.6729  35.365304    26.3853     10.561  249.13879  249.52914    37.2564     6.8812 -9.990e-29
 143.644965     10.624    17.6731  35.362538    26.3829     10.529  249.14199  249.53236    37.2408     6.8852 -9.990e-29
 143.644968     10.597    17.6732  35.362117    26.3824     10.502  249.14193  249.53231    37.1630     6.8488 -9.990e-29
 143.644971     10.591    17.6731  35.365545    26.3854     10.496  249.13779  249.52815    37.1630     6.8852 -9.990e-29
 143.644974     10.600    17.6731  35.362778    26.3830     10.506  249.14133  249.53170    27.3264     4.9402 -9.990e-29
 143.644977     10.624    17.6729  35.361455    26.3821     10.529  249.14412  249.53449    27.4821     4.8957 -9.990e-29
 143.644980     10.659    17.6730  35.362538    26.3845     10.563  249.13966  249.53002    27.3731     4.9443 -9.990e-29
 143.644983     10.701    17.6730  35.364462    26.3845     10.605  249.13966  249.53002    27.3731     4.9443 0.0000e+00
 143.644986     10.734    17.6730  35.362358    26.3845     10.638  249.13966  249.53002    27.3731     4.9443 -9.990e-29
 143.644988     10.756    17.6729  35.365786    26.3856     10.659  249.13816  249.52851    27.2019     5.2516 -9.990e-29
 143.644991     10.761    17.6731  35.362298    26.3826     10.665  249.14207  249.53245    27.1085     5.2637 -9.990e-29
