seaocn-cb/data/ctd_cnv/SBE19plus_01907321_2024_05_29_Cast104.cnv
* Sea-Bird SBE19plus  Data File:
* FileName = E:\Prandtl_Daten\2024\29052024\raw\SBE19plus_01907321_2024_05_29_Cast104.hex
* Software version 2.6.1.12
* Temperature SN = 7321
* Conductivity SN = 7321
* System UpLoad Time = May 29 2024 09:30:12
* <ApplicationData>
* <Seaterm232>
** 20240527
** Sea Practical 2024
** MCat 27.05 CTD_SP1
** NMEA Latitude = 54 06.90N
** NMEA Longitude = 008 34.62E
** waterdepth = 13.4m
** Isabelle
# nquan = 11
# nvalues = 439                         
# units = specified
# name 0 = timeJ: Julian Days
# name 1 = prdM: Pressure, Strain Gauge [db]
# name 2 = tv290C: Temperature [ITS-90, deg C]
# name 3 = c0mS/cm: Conductivity [mS/cm]
# name 4 = sal00: Salinity, Practical [PSU]
# name 5 = depSM: Depth [salt water, m], lat = 54.00
# name 6 = oxsatMm/Kg: Oxygen Saturation, Weiss [umol/kg]
# name 7 = oxsolMm/Kg: Oxygen Saturation, Garcia & Gordon [umol/kg]
# name 8 = turbWETntu0: Turbidity, WET Labs ECO [NTU]
# name 9 = flECO-AFL: Fluorescence, WET Labs ECO-AFL/FL [mg/m^3]
# name 10 = flag:  0.000e+00
# span 0 = 150.391256, 150.392523       
# span 1 =      0.690,     12.455       
# span 2 =    17.0186,    17.2443       
# span 3 =  35.971522,  36.110041       
# span 4 =    27.1793,    27.4398       
# span 5 =      0.684,     12.343       
# span 6 =  249.86153,  250.53441       
# span 7 =  250.23045,  250.89262       
# span 8 =     0.8206,     7.0930       
# span 9 =     4.5520,     6.6345       
# span 10 = 0.0000e+00, 0.0000e+00      
# interval = seconds: 0.25
# start_time = May 29 2024 09:21:58 [Instrument's time stamp, header]
# bad_flag = -9.990e-29
*END*
[from data line 263]
 150.392017      7.730    17.2389  35.989708    27.1912      7.661  249.88106  250.24976     3.0619     5.2192 -9.990e-29
 150.392020      7.765    17.2387  35.989284    27.1918      7.695  249.88107  250.24976     3.0385     5.2010 0.0000e+00
 150.392023      7.802    17.2385  35.990375    27.1912      7.732  249.88108  250.24976     3.0152     5.2192 0.0000e+00
 150.392025      7.840    17.2380  35.988376    27.1924      7.770  249.88420  250.25285     3.0152     5.3729 0.0000e+00
 150.392028      7.885    17.2378  35.989951    27.1923      7.815  249.88580  250.25446     3.0619     5.3729 0.0000e+00
 150.392031      7.922    17.2375  35.989527    27.1925      7.851  249.88420  250.25285     3.0619     5.3729 0.0000e+00
 150.392034      7.956    17.2373  35.992798    27.1938      7.885  249.88453  250.25315     3.0073     5.3729 0.0000e+00
 150.392037      7.988    17.2371  35.992980    27.1953      7.916  249.88299  250.25159     2.9062     5.3891 -9.990e-29
 150.392040      8.011    17.2349  35.995826    27.1993      7.940  249.88678  250.25527     3.1397     5.3891 -9.990e-29
 150.392043      8.035    17.2335  35.994312    27.1990      7.963  249.89420  250.26263     3.0463     5.3850 -9.990e-29
 150.392046      8.044    17.2322  35.997159    27.2023      7.972  249.89512  250.26348     3.0930     5.3648 -9.990e-29
 150.392049      8.050    17.2313  35.994555    27.2007      7.977  249.90222  250.27056     3.9179     5.5063 -9.990e-29
 150.392052      8.050    17.2308  35.995827    27.2021      7.977  249.90228  250.27058     3.9334     5.5063 -9.990e-29
 150.392054      8.062    17.2306  35.993889    27.2006      7.990  249.90565  250.27396     3.8245     5.4942 -9.990e-29
 150.392057      8.084    17.2304  35.995161    27.2023      8.012  249.90386  250.27214     3.8401     5.4942 -9.990e-29
 150.392060      8.110    17.2303  35.995827    27.2022      8.037  249.90448  250.27276     3.5833     5.3891 0.0000e+00
 150.392063      8.150    17.2302  35.995403    27.2021      8.077  249.90510  250.27338     3.3264     5.3324 0.0000e+00
 150.392066      8.197    17.2299  35.994313    27.2021      8.124  249.90576  250.27402     3.3264     5.3122 0.0000e+00
 150.392069      8.241    17.2298  35.996494    27.2025      8.167  249.90637  250.27463     3.1864     5.3122 0.0000e+00
 150.392072      8.287    17.2298  35.995646    27.2025      8.213  249.90576  250.27402     3.1864     5.3122 0.0000e+00
 150.392075      8.327    17.2304  35.995162    27.2017      8.252  249.90637  250.27463     2.8751     5.4982 0.0000e+00
 150.392078      8.363    17.2307  35.992315    27.2003      8.289  249.90586  250.27416     2.8206     5.5103 0.0000e+00
 150.392080      8.398    17.2310  35.993466    27.1989      8.323  249.90680  250.27513     2.8751     5.5225 -9.990e-29
 150.392083      8.422    17.2315  35.991407    27.1978      8.346  249.90595  250.27431     2.8128     5.4982 -9.990e-29
 150.392086      8.438    17.2319  35.994980    27.2005      8.363  249.89934  250.26770     2.7506     5.0373 -9.990e-29
 150.392089      8.445    17.2323  35.989954    27.1960      8.370  249.90524  250.27364     2.5327     4.9847 -9.990e-29
 150.392092      8.453    17.2331  35.992558    27.1977      8.377  249.89845  250.26688     2.6105     4.9887 -9.990e-29
 150.392095      8.458    17.2343  35.991710    27.1962      8.383  249.89532  250.26380     2.5482     4.9928 -9.990e-29
 150.392098      8.473    17.2359  35.989287    27.1931      8.397  249.89288  250.26144     2.7661     5.2111 -9.990e-29
 150.392101      8.491    17.2369  35.992133    27.1947      8.415  249.88483  250.25342     2.8595     5.1303 -9.990e-29
 150.392104      8.515    17.2396  35.992315    27.1915      8.439  249.87743  250.24615     2.7817     5.1869 -9.990e-29
 150.392106      8.541    17.2400  35.990377    27.1913      8.464  249.87577  250.24451     2.7661     5.1707 0.0000e+00
 150.392109      8.581    17.2404  35.990559    27.1915      8.504  249.87410  250.24286     2.7817     5.1869 0.0000e+00
 150.392112      8.624    17.2410  35.993223    27.1921      8.547  249.86948  250.23826     3.7934     5.3041 0.0000e+00
 150.392115      8.668    17.2410  35.992315    27.1929      8.590  249.86948  250.23826     3.8089     5.3163 0.0000e+00
 150.392118      8.721    17.2407  35.992982    27.1929      8.643  249.86980  250.23856     3.8089     5.3041 0.0000e+00
 150.392121      8.766    17.2384  35.995162    27.1962      8.688  249.87510  250.24375     3.8089     5.3203 0.0000e+00
 150.392124      8.808    17.2368  35.998676    27.1988      8.730  249.87881  250.24738     3.9023     5.3708 0.0000e+00
 150.392127      8.838    17.2351  36.000251    27.2013      8.758  249.88252  250.25101     4.0268     5.4416 -9.990e-29
 150.392130      8.854    17.2295  35.999767    27.2060      8.775  249.90205  250.27028     4.0268     5.4254 -9.990e-29
 150.392133      8.854    17.2277  35.998313    27.2060      8.775  249.91062  250.27878     3.9646     5.4376 -9.990e-29
 150.392135      8.854    17.2260  36.003280    27.2113      8.775  249.91007  250.27813     4.2292     5.5063 -9.990e-29
 150.392138      8.854    17.2236  36.003280    27.2129      8.775  249.91905  250.28700     4.0268     5.5104 -9.990e-29
 150.392141      8.854    17.2211  36.005703    27.2166      8.775  249.92490  250.29273     4.1202     5.5023 -9.990e-29
 150.392144      8.876    17.2164  36.004613    27.2186      8.796  249.94416  250.31178     3.2175     5.7409 -9.990e-29
 150.392147      8.914    17.2156  36.004371    27.2204      8.834  249.94520  250.31278     3.0852     5.7449 0.0000e+00
 150.392150      8.960    17.2148  36.007279    27.2222      8.880  249.94624  250.31378     3.0930     5.7489 0.0000e+00
 150.392153      9.027    17.2136  36.007037    27.2227      8.946  249.95096  250.31844     3.0930     5.7611 0.0000e+00
 150.392156      9.091    17.2129  36.006795    27.2229      9.010  249.95381  250.32127     3.0930     5.7651 0.0000e+00
 150.392159      9.144    17.2126  36.006493    27.2230      9.062  249.95528  250.32272     3.0930     5.7691 0.0000e+00
 150.392161      9.182    17.2123  36.008552    27.2231      9.100  249.95674  250.32417     3.0930     5.7651 -9.990e-29
 150.392164      9.195    17.2103  36.005706    27.2238      9.113  249.96531  250.33266     3.4043     5.9713 -9.990e-29
 150.392167      9.197    17.2085  36.008977    27.2278      9.115  249.96748  250.33473     3.2486     5.9996 -9.990e-29
 150.392170      9.192    17.2066  36.013399    27.2327      9.109  249.96831  250.33546     3.3264     5.9511 -9.990e-29
 150.392173      9.183    17.2045  36.012309    27.2332      9.100  249.97759  250.34465     4.2447     5.1747 -9.990e-29
 150.392176      9.181    17.2021  36.017761    27.2394      9.099  249.97882  250.34575     4.3381     5.1788 -9.990e-29
 150.392179      9.190    17.1930  36.018852    27.2480      9.108  250.00866  250.37516     4.2292     5.1828 -9.990e-29
 150.392182      9.225    17.1904  36.020731    27.2503      9.142  250.01740  250.38378     4.2525     5.5427 0.0000e+00
 150.392185      9.272    17.1878  36.021943    27.2525      9.189  250.02614  250.39241     4.2759     5.8864 0.0000e+00
 150.392188      9.329    17.1843  36.023700    27.2563      9.245  250.03667  250.40277     4.2759     5.8864 0.0000e+00
 150.392190      9.394    17.1813  36.028063    27.2620      9.310  250.04194  250.40789     4.2759     5.8662 0.0000e+00
 150.392193      9.449    17.1770  36.028972    27.2656      9.365  250.05645  250.42220     4.2603     5.8500 0.0000e+00
 150.392196      9.489    17.1754  36.026550    27.2657      9.404  250.06421  250.42990     4.0735     5.7388 0.0000e+00
 150.392199      9.518    17.1738  36.026792    27.2657      9.433  250.07198  250.43760     3.8556     5.6276 -9.990e-29
 150.392202      9.531    17.1735  36.028064    27.2672      9.446  250.07108  250.43668     3.7622     5.6276 -9.990e-29
 150.392205      9.539    17.1740  36.025944    27.2651      9.453  250.07225  250.43788     3.8556     5.6115 -9.990e-29
 150.392208      9.533    17.1744  36.026550    27.2653      9.448  250.06984  250.43548     3.7155     5.6357 -9.990e-29
 150.392211      9.533    17.1751  36.028307    27.2663      9.448  250.06455  250.43022     3.3109     5.6964 -9.990e-29
 150.392214      9.539    17.1745  36.031154    27.2691      9.453  250.06298  250.42861     3.4198     5.6883 -9.990e-29
 150.392216      9.559    17.1698  36.030488    27.2730      9.473  250.07934  250.44475     3.2953     5.7247 -9.990e-29
 150.392219      9.595    17.1686  36.032064    27.2738      9.509  250.08384  250.44920     3.4120     5.5326 0.0000e+00
 150.392222      9.641    17.1674  36.032064    27.2746      9.555  250.08833  250.45364     3.5288     5.3810 0.0000e+00
 150.392225      9.694    17.1654  36.032671    27.2754      9.607  250.09492  250.46013     3.5288     5.3810 0.0000e+00
 150.392228      9.750    17.1654  36.031217    27.2754      9.663  250.09744  250.46268     3.5755     5.3810 0.0000e+00
 150.392231      9.798    17.1655  36.030066    27.2747      9.710  250.09754  250.46276     3.5677     5.3729 0.0000e+00
 150.392234      9.831    17.1657  36.030490    27.2740      9.743  250.09744  250.46268     3.6533     5.3527 -9.990e-29
 150.392237      9.849    17.1681  36.027642    27.2704      9.761  250.09195  250.45731     3.8712     6.0320 -9.990e-29
 150.392240      9.856    17.1693  36.028551    27.2704      9.768  250.08633  250.45174     3.9957     6.0401 -9.990e-29
 150.392242      9.854    17.1703  36.028066    27.2693      9.766  250.08331  250.44876     3.9957     6.0037 -9.990e-29
 150.392245      9.847    17.1708  36.027460    27.2684      9.759  250.08200  250.44748     3.2798     5.6519 -9.990e-29
 150.392248      9.851    17.1711  36.027884    27.2686      9.762  250.08047  250.44596     3.2486     5.6195 -9.990e-29
 150.392251      9.869    17.1744  36.025945    27.2613      9.781  250.07658  250.44224     3.2642     5.6276 -9.990e-29
 150.392254      9.907    17.1758  36.021947    27.2597      9.819  250.07257  250.43829     3.2253     5.6317 0.0000e+00
 150.392257      9.964    17.1771  36.020432    27.2582      9.875  250.06855  250.43435     3.2642     5.6276 0.0000e+00
 150.392260     10.024    17.1809  36.019099    27.2546      9.934  250.05656  250.42253     3.3576     5.3122 0.0000e+00
 150.392263     10.079    17.1849  36.015343    27.2487      9.989  250.04677  250.41294     3.3576     5.3082 0.0000e+00
 150.392266     10.117    17.1869  36.016251    27.2477     10.027  250.03871  250.40497     3.4043     5.2981 0.0000e+00
 150.392269     10.144    17.1889  36.016009    27.2467     10.054  250.03065  250.39699     3.3264     5.2880 -9.990e-29
 150.392271     10.159    17.1927  36.016917    27.2447     10.068  250.01549  250.38200     3.0463     5.6357 -9.990e-29
 150.392274     10.161    17.1937  36.015827    27.2431     10.070  250.01333  250.37989     2.8595     5.6438 -9.990e-29
 150.392277     10.161    17.1944  36.017159    27.2438     10.070  250.00896  250.37554     3.1552     5.6034 -9.990e-29
 150.392280     10.161    17.1947  36.017583    27.2439     10.070  250.00712  250.37371     2.9840     5.6115 -9.990e-29
 150.392283     10.163    17.1939  36.018674    27.2452     10.072  250.00902  250.37558     3.4198     5.5872 -9.990e-29
 150.392286     10.190    17.1938  36.018432    27.2441     10.099  250.01152  250.37808     3.4276     5.5812 0.0000e+00
 150.392289     10.234    17.1936  36.015585    27.2441     10.142  250.01215  250.37871     3.4198     5.5751 0.0000e+00
 150.392292     10.296    17.1936  36.016918    27.2430     10.204  250.01255  250.37914     3.4354     5.5751 0.0000e+00
 150.392295     10.360    17.1943  36.014919    27.2419     10.267  250.01215  250.37871     3.7622     5.3122 0.0000e+00
 150.392297     10.414    17.1950  36.014071    27.2411     10.321  250.01054  250.37716     3.8011     5.3081 0.0000e+00
 150.392300     10.453    17.1957  36.011284    27.2402     10.359  250.00852  250.37518     3.7622     5.3122 -9.990e-29
 150.392303     10.475    17.1996  36.010315    27.2344     10.381  249.99935  250.36620     3.8556     5.3041 -9.990e-29
 150.392306     10.482    17.2017  36.008800    27.2317     10.388  249.99346  250.36041     3.7155     5.3324 -9.990e-29
 150.392309     10.476    17.2038  36.012071    27.2331     10.383  249.98107  250.34810     3.2019     5.9835 -9.990e-29
 150.392312     10.467    17.2047  36.016008    27.2358     10.373  249.97207  250.33912     3.0930     5.9471 -9.990e-29
 150.392315     10.455    17.2023  36.022188    27.2426     10.361  249.97226  250.33917     3.1241     5.9916 -9.990e-29
 150.392318     10.449    17.1948  36.025884    27.2507     10.356  249.99516  250.36172     3.0619     5.9592 -9.990e-29
 150.392321     10.467    17.1806  36.027218    27.2609     10.374  250.04705  250.41297     3.8245     5.7692 -9.990e-29
 150.392323     10.499    17.1788  36.026613    27.2653     10.405  250.04877  250.41458     3.8400     5.7752 0.0000e+00
 150.392326     10.555    17.1769  36.034005    27.2696     10.461  250.05048  250.41620     3.8401     5.7692 0.0000e+00
 150.392329     10.628    17.1717  36.037763    27.2762     10.533  250.06465  250.43012     3.8556     5.7570 0.0000e+00
 150.392332     10.699    17.1657  36.038612    27.2809     10.604  250.08574  250.45094     4.5560     5.7287 0.0000e+00
 150.392335     10.759    17.1603  36.041703    27.2871     10.663  250.10147  250.46641     4.5560     5.7125 0.0000e+00
 150.392338     10.809    17.1577  36.043885    27.2898     10.712  250.10983  250.47464     4.5171     5.7044 0.0000e+00
 150.392341     10.834    17.1550  36.049400    27.2925     10.737  250.11818  250.48287     4.4782     5.6964 -9.990e-29
 150.392344     10.841    17.1447  36.049825    27.3045     10.744  250.14837  250.51257     4.2759     5.5791 -9.990e-29
 150.392347     10.838    17.1404  36.049401    27.3070     10.741  250.16473  250.52874     4.3070     5.5791 -9.990e-29
 150.392350     10.825    17.1371  36.053341    27.3126     10.728  250.17178  250.53562     4.2447     5.5993 -9.990e-29
 150.392352     10.809    17.1332  36.057099    27.3183     10.712  250.18063  250.54428     4.2914     5.5791 -9.990e-29
 150.392355     10.803    17.1280  36.062554    27.3264     10.707  250.19232  250.55571     4.3848     5.5629 -9.990e-29
 150.392358     10.814    17.1149  36.062373    27.3385     10.717  250.23609  250.59887     3.8868     5.6236 -9.990e-29
 150.392361     10.843    17.1123  36.066313    27.3401     10.746  250.24629  250.60895     3.8868     5.6296 0.0000e+00
 150.392364     10.896    17.1096  36.065890    27.3417     10.799  250.25648  250.61903     3.8868     5.6357 0.0000e+00
 150.392367     10.960    17.1063  36.064557    27.3428     10.862  250.27077  250.63317     3.8868     5.6559 0.0000e+00
 150.392370     11.031    17.1044  36.065770    27.3447     10.932  250.27618  250.63849     4.3537     5.8015 0.0000e+00
 150.392373     11.093    17.1041  36.064982    27.3449     10.994  250.27769  250.63999     4.3693     5.8177 0.0000e+00
 150.392376     11.135    17.1039  36.064315    27.3447     11.035  250.27919  250.64148     4.3537     5.8015 -9.990e-29
 150.392378     11.154    17.1041  36.065891    27.3453     11.054  250.27730  250.63960     4.4315     5.8298 -9.990e-29
 150.392381     11.165    17.1037  36.066073    27.3457     11.065  250.27828  250.64056     4.5716     5.8258 -9.990e-29
 150.392384     11.159    17.1030  36.067407    27.3473     11.059  250.27916  250.64140     4.6494     5.8500 -9.990e-29
 150.392387     11.148    17.1006  36.072680    27.3534     11.048  250.28058  250.64268     4.6183     5.8622 -9.990e-29
 150.392390     11.137    17.0962  36.076924    27.3599     11.038  250.29088  250.65276     4.5249     5.8258 -9.990e-29
