seaocn-cb/data/ctd_cnv/SBE19plus_01907321_2024_05_24_Cast34.cnv
* Sea-Bird SBE19plus  Data File:
* FileName = E:\Prandtl_Daten\2024\CTD\raw\SBE19plus_01907321_2024_05_24_Cast34.hex
* Software version 2.6.1.12
* Temperature SN = 7321
* Conductivity SN = 7321
* System UpLoad Time = May 24 2024 06:47:59
* <ApplicationData>
* <Seaterm232>
** 20240524
** Sea Practical 2024
** MCat 23.05 CTD_SP1
** NMEA Latitude = 054 7.74N
** NMEA Longitude = 008 46.85E
** waterdepth = 11m
** Andreas
# nquan = 11
# nvalues = 334                         
# units = specified
# name 0 = timeJ: Julian Days
# name 1 = prdM: Pressure, Strain Gauge [db]
# name 2 = tv290C: Temperature [ITS-90, deg C]
# name 3 = c0mS/cm: Conductivity [mS/cm]
# name 4 = sal00: Salinity, Practical [PSU]
# name 5 = depSM: Depth [salt water, m], lat = 54.00
# name 6 = oxsatMm/Kg: Oxygen Saturation, Weiss [umol/kg]
# name 7 = oxsolMm/Kg: Oxygen Saturation, Garcia & Gordon [umol/kg]
# name 8 = turbWETntu0: Turbidity, WET Labs ECO [NTU]
# name 9 = flECO-AFL: Fluorescence, WET Labs ECO-AFL/FL [mg/m^3]
# name 10 = flag:  0.000e+00
# span 0 = 145.279427, 145.280391       
# span 1 =      0.590,     10.167       
# span 2 =    17.3979,    17.7378       
# span 3 =  35.016879,  35.067653       
# span 4 =    26.0835,    26.2817       
# span 5 =      0.585,     10.076       
# span 6 =  249.32963,  250.65155       
# span 7 =  249.72408,  251.03181       
# span 8 =    -1.0004,     4.8206       
# span 9 =     2.1137,     4.2811       
# span 10 = 0.0000e+00, 0.0000e+00      
# interval = seconds: 0.25
# start_time = May 24 2024 06:41:09 [Instrument's time stamp, header]
# bad_flag = -9.990e-29
*END*
[from data line 132]
 145.279809      4.562    17.5682  35.025334    26.1724      4.521  250.00404  250.39153     0.4004     2.4453 0.0000e+00
 145.279812      4.596    17.5682  35.021980    26.1733      4.555  250.00295  250.39043     0.3070     2.4493 0.0000e+00
 145.279815      4.631    17.5681  35.025574    26.1735      4.590  250.00233  250.38982     0.4004     2.4655 0.0000e+00
 145.279818      4.662    17.5677  35.029828    26.1774      4.620  250.00212  250.38953     0.6961     2.5909 0.0000e+00
 145.279821      4.697    17.5668  35.029588    26.1777      4.655  250.00212  250.38953     0.8206     2.5909 0.0000e+00
 145.279823      4.722    17.5657  35.029828    26.1786      4.680  250.00591  250.39321     0.8362     2.5909 0.0000e+00
 145.279826      4.751    17.5646  35.033004    26.1819      4.709  250.00591  250.39327     0.8206     2.6151 0.0000e+00
 145.279829      4.777    17.5625  35.031326    26.1819      4.734  250.01617  250.40339     0.6961     2.6515 0.0000e+00
 145.279832      4.803    17.5616  35.035401    26.1841      4.760  250.01665  250.40382     0.6183     2.6596 0.0000e+00
 145.279835      4.828    17.5607  35.038756    26.1864      4.785  250.01713  250.40425     0.6961     2.6515 -9.990e-29
 145.279838      4.852    17.5525  35.037858    26.1968      4.809  250.03903  250.42578     0.6338     2.5100 -9.990e-29
 145.279841      4.881    17.5516  35.041693    26.1957      4.837  250.04517  250.43189     0.6805     2.5120 0.0000e+00
 145.279844      4.916    17.5508  35.037679    26.1968      4.872  250.04853  250.43517     0.6338     2.5140 0.0000e+00
 145.279847      4.950    17.5499  35.041933    26.1987      4.906  250.05130  250.43800     0.5249     2.5140 0.0000e+00
 145.279850      4.990    17.5493  35.041694    26.1989      4.946  250.05141  250.43803     0.5249     2.5383 0.0000e+00
 145.279852      5.027    17.5478  35.043192    26.2011      4.982  250.05502  250.44157     1.0229     2.7405 0.0000e+00
 145.279855      5.062    17.5461  35.047626    26.2058      5.016  250.05515  250.44161     1.0229     2.9588 0.0000e+00
 145.279858      5.100    17.5444  35.048705    26.2070      5.054  250.05998  250.44636     1.0229     2.9669 0.0000e+00
 145.279861      5.128    17.5435  35.047028    26.2078      5.082  250.06582  250.45217     1.0229     2.9669 0.0000e+00
 145.279864      5.159    17.5420  35.048945    26.2095      5.112  250.06884  250.45512     1.0541     2.9265 0.0000e+00
 145.279867      5.188    17.5410  35.054219    26.2124      5.142  250.06894  250.45517     1.4432     2.7466 0.0000e+00
 145.279870      5.214    17.5400  35.052541    26.2152      5.167  250.06905  250.45522     1.9257     2.5666 -9.990e-29
 145.279873      5.235    17.5323  35.056557    26.2245      5.189  250.09037  250.47619     1.9879     2.5666 -9.990e-29
 145.279876      5.261    17.5303  35.059554    26.2253      5.214  250.09852  250.48426     1.8479     2.5767 0.0000e+00
 145.279878      5.288    17.5284  35.058535    26.2262      5.241  250.10666  250.49232     1.7078     2.5666 0.0000e+00
 145.279881      5.319    17.5255  35.060214    26.2294      5.272  250.11507  250.50060     1.5833     2.5666 0.0000e+00
 145.279884      5.354    17.5226  35.058476    26.2299      5.306  250.12858  250.51399     1.5833     2.5585 0.0000e+00
 145.279887      5.391    17.5210  35.058716    26.2300      5.342  250.13426  250.51961     1.6611     2.5585 0.0000e+00
 145.279890      5.429    17.5197  35.056379    26.2311      5.380  250.13926  250.52450     1.8167     2.5302 0.0000e+00
 145.279893      5.462    17.5190  35.060814    26.2341      5.413  250.13926  250.52450     1.8634     2.5302 0.0000e+00
 145.279896      5.489    17.5189  35.061054    26.2343      5.440  250.13862  250.52387     1.8634     2.5423 0.0000e+00
 145.279899      5.520    17.5189  35.062732    26.2351      5.471  250.13793  250.52317     1.8245     2.5444 0.0000e+00
 145.279902      5.553    17.5187  35.064351    26.2358      5.503  250.13723  250.52246     1.7856     2.5464 -9.990e-29
 145.279905      5.575    17.5160  35.064651    26.2392      5.525  250.14499  250.53009     1.5833     2.5909 -9.990e-29
 145.279907      5.606    17.5143  35.063572    26.2394      5.556  250.15283  250.53787     1.6922     2.6232 -9.990e-29
 145.279910      5.630    17.5138  35.064891    26.2408      5.579  250.15289  250.53790     1.6299     2.6192 -9.990e-29
 145.279913      5.651    17.5132  35.062733    26.2420      5.601  250.15370  250.53868     1.6611     3.2055 -9.990e-29
 145.279916      5.682    17.5131  35.065910    26.2420      5.632  250.15430  250.53929     1.6144     3.2196 0.0000e+00
 145.279919      5.712    17.5130  35.065730    26.2420      5.661  250.15491  250.53989     1.5677     3.2055 0.0000e+00
 145.279922      5.744    17.5121  35.065311    26.2422      5.693  250.15868  250.54361     1.5521     3.2338 0.0000e+00
 145.279925      5.781    17.5110  35.066150    26.2433      5.729  250.16162  250.54651     1.4899     3.1812 0.0000e+00
 145.279928      5.817    17.5103  35.065311    26.2435      5.765  250.16453  250.54937     1.3342     2.5868 0.0000e+00
 145.279931      5.856    17.5100  35.066810    26.2439      5.803  250.16566  250.55052     1.3031     2.5868 0.0000e+00
 145.279933      5.890    17.5099  35.065731    26.2439      5.838  250.16637  250.55121     1.3031     2.5868 0.0000e+00
 145.279936      5.921    17.5099  35.065312    26.2438      5.868  250.16698  250.55182     1.3498     2.5949 0.0000e+00
 145.279939      5.953    17.5094  35.065312    26.2438      5.899  250.16889  250.55371     2.3303     2.6192 0.0000e+00
 145.279942      5.985    17.5085  35.066151    26.2438      5.932  250.17120  250.55598     2.3303     2.6394 0.0000e+00
 145.279945      6.011    17.5079  35.033254    26.2319      5.957  250.19649  250.58132     2.3303     2.6455 0.0000e+00
 145.279948      6.038    17.5073  35.050331    26.2186      5.984  250.22178  250.60666     2.3303     2.6717 -9.990e-29
 145.279951      6.060    17.5032  35.062736    26.2466      6.006  250.19474  250.57931     1.3498     2.6353 -9.990e-29
 145.279954      6.091    17.5029  35.063815    26.2467      6.037  250.19618  250.58074     1.3109     2.6313 0.0000e+00
 145.279957      6.119    17.5025  35.063575    26.2468      6.064  250.19709  250.58160     1.3498     2.6353 0.0000e+00
 145.279959      6.148    17.5020  35.065313    26.2484      6.093  250.19762  250.58216     1.2720     2.6353 0.0000e+00
 145.279962      6.184    17.5016  35.064894    26.2484      6.129  250.19896  250.58345     1.2253     2.6353 0.0000e+00
 145.279965      6.221    17.5016  35.064475    26.2481      6.165  250.19896  250.58345     0.8362     2.4776 0.0000e+00
 145.279968      6.257    17.5023  35.063995    26.2472      6.201  250.19773  250.58226     0.8362     2.4695 0.0000e+00
 145.279971      6.292    17.5033  35.063815    26.2464      6.236  250.19421  250.57878     0.8362     2.4695 0.0000e+00
 145.279974      6.323    17.5044  35.063696    26.2456      6.267  250.19029  250.57490     0.8517     2.4695 0.0000e+00
 145.279977      6.352    17.5058  35.063995    26.2450      6.296  250.18483  250.56950     1.5677     2.5747 0.0000e+00
 145.279980      6.385    17.5066  35.063156    26.2441      6.328  250.18227  250.56698     1.5677     2.5868 0.0000e+00
 145.279983      6.415    17.5074  35.063995    26.2432      6.357  250.17970  250.56445     1.5677     2.5989 -9.990e-29
 145.279986      6.438    17.5100  35.063396    26.2417      6.381  250.16960  250.55446     1.5833     2.5949 -9.990e-29
 145.279988      6.462    17.5127  35.064894    26.2403      6.404  250.15893  250.54390     1.0229     2.8780 -9.990e-29
 145.279991      6.488    17.5134  35.063815    26.2394      6.430  250.15685  250.54186     1.0385     2.9043 0.0000e+00
 145.279994      6.515    17.5142  35.062736    26.2384      6.457  250.15477  250.53981     1.0229     2.9103 0.0000e+00
 145.279997      6.548    17.5151  35.062377    26.2384      6.489  250.15213  250.53721     0.9607     2.9103 0.0000e+00
 145.280000      6.581    17.5156  35.063995    26.2376      6.522  250.14798  250.53307     0.8829     2.4332 0.0000e+00
 145.280003      6.615    17.5161  35.062736    26.2386      6.556  250.14787  250.53299     0.8206     2.4210 0.0000e+00
 145.280006      6.652    17.5165  35.064894    26.2387      6.592  250.14328  250.52841     0.8829     2.4210 0.0000e+00
 145.280009      6.687    17.5169  35.065733    26.2387      6.627  250.14054  250.52568     0.9451     2.4170 0.0000e+00
 145.280012      6.718    17.5172  35.065493    26.2387      6.657  250.14054  250.52568     1.0229     2.4170 0.0000e+00
 145.280014      6.749    17.5173  35.064475    26.2382      6.688  250.13963  250.52479     2.0035     2.9103 0.0000e+00
 145.280017      6.780    17.5175  35.065074    26.2378      6.719  250.14064  250.52582     2.0191     2.9224 0.0000e+00
 145.280020      6.807    17.5176  35.063456    26.2374      6.746  250.13997  250.52515     2.0113     2.9245 0.0000e+00
 145.280023      6.834    17.5177  35.064475    26.2367      6.773  250.14064  250.52582     2.0191     2.9386 -9.990e-29
 145.280026      6.858    17.5182  35.064475    26.2372      6.797  250.13765  250.52285     1.3965     2.4655 -9.990e-29
 145.280029      6.882    17.5177  35.064895    26.2376      6.820  250.13957  250.52475     1.2408     2.5140 -9.990e-29
 145.280032      6.907    17.5177  35.064475    26.2385      6.845  250.13811  250.52328     1.2564     2.5140 0.0000e+00
 145.280035      6.933    17.5177  35.066573    26.2391      6.871  250.13700  250.52217     1.2408     2.5140 0.0000e+00
 145.280038      6.967    17.5177  35.066333    26.2391      6.905  250.13700  250.52217     1.0229     2.6960 0.0000e+00
 145.280041      7.004    17.5178  35.065314    26.2388      6.941  250.13700  250.52217     1.0229     2.7162 0.0000e+00
 145.280043      7.040    17.5180  35.066393    26.2388      6.977  250.13579  250.52097     1.0229     2.7162 0.0000e+00
 145.280046      7.077    17.5181  35.066334    26.2388      7.014  250.13537  250.52055     1.0229     2.7041 0.0000e+00
 145.280049      7.112    17.5181  35.067233    26.2388      7.048  250.13544  250.52063     1.5521     2.5666 0.0000e+00
 145.280052      7.144    17.5182  35.066154    26.2386      7.081  250.13544  250.52063     1.5521     2.4979 0.0000e+00
 145.280055      7.175    17.5182  35.065315    26.2379      7.111  250.13544  250.52063     1.5521     2.5302 0.0000e+00
 145.280058      7.210    17.5185  35.065735    26.2379      7.146  250.13448  250.51969     1.5833     2.5302 0.0000e+00
 145.280061      7.239    17.5185  35.067653    26.2388      7.175  250.13330  250.51851     1.6222     2.5403 0.0000e+00
 145.280064      7.265    17.5185  35.067233    26.2396      7.200  250.13212  250.51732     1.5833     2.5504 -9.990e-29
 145.280067      7.285    17.5172  35.067233    26.2402      7.220  250.13715  250.52229     1.3031     2.5626 -9.990e-29
 145.280069      7.312    17.5170  35.067473    26.2401      7.247  250.13840  250.52354     1.2797     2.5505 0.0000e+00
 145.280072      7.338    17.5168  35.066814    26.2401      7.272  250.13966  250.52479     1.3031     2.5383 0.0000e+00
 145.280075      7.373    17.5162  35.066574    26.2401      7.307  250.14223  250.52733     1.9879     2.5140 0.0000e+00
 145.280078      7.400    17.5156  35.066994    26.2408      7.334  250.14418  250.52926     2.0969     2.5140 0.0000e+00
 145.280081      7.442    17.5151  35.066815    26.2408      7.375  250.14603  250.53109     2.0969     2.5302 0.0000e+00
 145.280084      7.475    17.5144  35.065496    26.2409      7.408  250.15074  250.53577     2.0813     2.5302 0.0000e+00
 145.280087      7.508    17.5139  35.065736    26.2409      7.441  250.15231  250.53733     0.6961     2.4776 0.0000e+00
 145.280090      7.544    17.5137  35.065736    26.2409      7.477  250.15296  250.53797     0.5560     2.4695 0.0000e+00
 145.280093      7.573    17.5137  35.064178    26.2410      7.506  250.15516  250.54017     0.4782     2.4776 0.0000e+00
 145.280095      7.604    17.5134  35.065737    26.2405      7.536  250.15534  250.54034     0.5171     2.4776 0.0000e+00
 145.280098      7.636    17.5130  35.066336    26.2414      7.567  250.15552  250.54050     0.4782     2.4898 -9.990e-29
 145.280101      7.661    17.5127  35.065078    26.2410      7.593  250.15773  250.54270     1.3187     2.7486 -9.990e-29
 145.280104      7.683    17.5118  35.064898    26.2395      7.614  250.16476  250.54970     1.3031     2.6879 -9.990e-29
 145.280107      7.709    17.5115  35.062561    26.2402      7.640  250.16499  250.54992     1.3031     2.7142 0.0000e+00
 145.280110      7.736    17.5112  35.063819    26.2402      7.667  250.16522  250.55013     1.3031     2.6879 0.0000e+00
 145.280113      7.767    17.5110  35.062741    26.2409      7.697  250.16542  250.55031     1.3031     2.5262 0.0000e+00
 145.280116      7.802    17.5109  35.064599    26.2407      7.732  250.16770  250.55260     1.0852     2.4979 0.0000e+00
 145.280119      7.840    17.5106  35.063161    26.2409      7.770  250.16841  250.55329     1.0852     2.4979 0.0000e+00
 145.280122      7.878    17.5103  35.063161    26.2409      7.808  250.16884  250.55371     1.0852     2.5100 0.0000e+00
 145.280124      7.911    17.5102  35.064000    26.2417      7.840  250.16969  250.55456     1.0541     2.7243 0.0000e+00
 145.280127      7.946    17.5095  35.063581    26.2417      7.875  250.17198  250.55681     1.0229     2.7243 0.0000e+00
 145.280130      7.979    17.5091  35.060824    26.2417      7.907  250.17672  250.56151     1.0541     2.7243 0.0000e+00
 145.280133      8.011    17.5082  35.063821    26.2425      7.940  250.17744  250.56227     1.1008     2.7122 0.0000e+00
 145.280136      8.039    17.5078  35.062982    26.2426      7.967  250.17858  250.56336     1.3264     2.6981 0.0000e+00
 145.280139      8.066    17.5075  35.063162    26.2425      7.994  250.18044  250.56520     1.5521     2.6556 -9.990e-29
 145.280142      8.086    17.5075  35.061004    26.2409      8.014  250.18324  250.56800     1.6766     2.6353 -9.990e-29
 145.280145      8.112    17.5078  35.062742    26.2421      8.039  250.17987  250.56463     1.5210     2.6677 -9.990e-29
 145.280148      8.132    17.5084  35.060824    26.2411      8.059  250.17885  250.56365     1.5366     3.0680 -9.990e-29
 145.280150      8.159    17.5085  35.061903    26.2413      8.086  250.17808  250.56288     1.6300     3.0256 0.0000e+00
 145.280153      8.192    17.5085  35.062563    26.2411      8.119  250.17731  250.56212     1.7233     3.0640 0.0000e+00
 145.280156      8.225    17.5088  35.061903    26.2412      8.151  250.17731  250.56212     1.7233     3.0316 0.0000e+00
 145.280159      8.263    17.5089  35.062563    26.2408      8.189  250.17577  250.56060     1.6922     3.0316 0.0000e+00
 145.280162      8.296    17.5089  35.061904    26.2412      8.222  250.17577  250.56060     1.6922     2.5828 0.0000e+00
 145.280165      8.331    17.5089  35.062563    26.2412      8.256  250.17580  250.56062     1.7700     2.5828 0.0000e+00
 145.280168      8.363    17.5084  35.063822    26.2417      8.289  250.17626  250.56105     1.7700     2.6192 0.0000e+00
 145.280171      8.396    17.5072  35.061904    26.2426      8.321  250.18339  250.56814     1.7700     2.6394 0.0000e+00
 145.280174      8.429    17.5060  35.063163    26.2435      8.354  250.18606  250.57076     2.0969     2.7647 0.0000e+00
 145.280177      8.456    17.5054  35.063403    26.2440      8.381  250.18811  250.57278     2.1047     2.7769 0.0000e+00
 145.280179      8.486    17.5048  35.062324    26.2445      8.410  250.19016  250.57480     2.0969     2.7890 -9.990e-29
 145.280182      8.508    17.5029  35.063403    26.2457      8.431  250.19745  250.58201     2.1124     2.8173 -9.990e-29
