seaocn-cb/data/ctd_cnv/SBE19plus_01907321_2024_05_29_Cast108.cnv
* Sea-Bird SBE19plus  Data File:
* FileName = E:\Prandtl_Daten\2024\29052024\raw\SBE19plus_01907321_2024_05_29_Cast108.hex
* Software version 2.6.1.12
* Temperature SN = 7321
* Conductivity SN = 7321
* System UpLoad Time = May 29 2024 12:27:42
* <ApplicationData>
* <Seaterm232>
** 20240527
** Sea Practical 2024
** MCat 27.05 CTD_SP7
** NMEA Latitude = 54 08.33N
** NMEA Longitude = 008 20.72E
** waterdepth = 14.2m
** Till
# nquan = 11
# nvalues = 432                         
# units = specified
# name 0 = timeJ: Julian Days
# name 1 = prdM: Pressure, Strain Gauge [db]
# name 2 = tv290C: Temperature [ITS-90, deg C]
# name 3 = c0mS/cm: Conductivity [mS/cm]
# name 4 = sal00: Salinity, Practical [PSU]
# name 5 = depSM: Depth [salt water, m], lat = 54.00
# name 6 = oxsatMm/Kg: Oxygen Saturation, Weiss [umol/kg]
# name 7 = oxsolMm/Kg: Oxygen Saturation, Garcia & Gordon [umol/kg]
# name 8 = turbWETntu0: Turbidity, WET Labs ECO [NTU]
# name 9 = flECO-AFL: Fluorescence, WET Labs ECO-AFL/FL [mg/m^3]
# name 10 = flag:  0.000e+00
# span 0 = 150.514942, 150.516189       
# span 1 =      0.706,     13.126       
# span 2 =    15.0194,    15.0336       
# span 3 =  37.929334,  37.964071       
# span 4 =    30.4747,    30.4983       
# span 5 =      0.700,     13.009       
# span 6 =  255.19658,  255.30805       
# span 7 =  255.44096,  255.55187       
# span 8 =     0.4626,    11.5210       
# span 9 =     2.8941,     6.2423       
# span 10 = 0.0000e+00, 0.0000e+00      
# interval = seconds: 0.25
# start_time = May 29 2024 12:20:08 [Instrument's time stamp, header]
# bad_flag = -9.990e-29
*END*
[from data line 132]
 150.515324      4.968    15.0232  37.944907    30.4882      4.924  255.26775  255.51167     1.7856     4.8998 -9.990e-29
 150.515327      4.990    15.0233  37.946887    30.4897      4.946  255.26460  255.50852     1.9101     4.9564 -9.990e-29
 150.515330      4.981    15.0235  37.949238    30.4917      4.936  255.26033  255.50424     1.9257     4.9240 -9.990e-29
 150.515333      4.945    15.0232  37.943360    30.4867      4.900  255.27040  255.51433     2.0813     5.3729 -9.990e-29
 150.515336      4.890    15.0235  37.948309    30.4909      4.846  255.26173  255.50564     2.1124     5.3608 -9.990e-29
 150.515339      4.831    15.0232  37.950041    30.4927      4.788  255.25985  255.50373     1.9101     5.3769 -9.990e-29
 150.515341      4.776    15.0236  37.947814    30.4905      4.734  255.26215  255.50607     2.0346     5.3446 -9.990e-29
 150.515344      4.734    15.0238  37.947566    30.4901      4.692  255.26164  255.50557     3.5910     5.2273 -9.990e-29
 150.515347      4.702    15.0240  37.948927    30.4911      4.660  255.25862  255.50255     3.5443     5.2394 -9.990e-29
 150.515350      4.691    15.0242  37.945958    30.4884      4.649  255.26269  255.50666     3.6377     5.2354 -9.990e-29
 150.515353      4.693    15.0242  37.948247    30.4904      4.651  255.25910  255.50305     3.5910     5.2394 -9.990e-29
 150.515356      4.711    15.0239  37.944906    30.4876      4.669  255.26522  255.50918     3.5599     5.2233 -9.990e-29
 150.515359      4.751    15.0236  37.944782    30.4877      4.709  255.26660  255.51054     4.1202     5.0413 -9.990e-29
 150.515362      4.804    15.0235  37.942679    30.4859      4.761  255.27051  255.51446     3.9646     5.0656 -9.990e-29
 150.515365      4.864    15.0233  37.947134    30.4894      4.821  255.26525  255.50916     4.1047     5.0696 -9.990e-29
 150.515367      4.932    15.0233  37.946453    30.4874      4.888  255.26906  255.51299     3.8946     5.1242 0.0000e+00
 150.515370      5.016    15.0232  37.941999    30.4861      4.971  255.27214  255.51607     3.6844     5.1586 0.0000e+00
 150.515373      5.094    15.0231  37.942680    30.4861      5.049  255.27276  255.51668     3.5755     5.1747 0.0000e+00
 150.515376      5.167    15.0229  37.942681    30.4862      5.121  255.27276  255.51668     3.5443     5.1747 0.0000e+00
 150.515379      5.238    15.0226  37.942928    30.4862      5.191  255.27387  255.51776     3.5755     5.1747 0.0000e+00
 150.515382      5.296    15.0226  37.942248    30.4860      5.249  255.27468  255.51859     3.9490     5.1424 0.0000e+00
 150.515385      5.349    15.0226  37.941135    30.4857      5.301  255.27638  255.52028     4.0580     5.1262 0.0000e+00
 150.515388      5.388    15.0224  37.941753    30.4857      5.339  255.27638  255.52028     4.0580     5.1262 0.0000e+00
 150.515391      5.419    15.0223  37.942867    30.4868      5.370  255.27523  255.51911     4.0580     5.0979 0.0000e+00
 150.515394      5.444    15.0223  37.944290    30.4869      5.395  255.27430  255.51819     5.5366     5.0737 0.0000e+00
 150.515396      5.471    15.0223  37.943115    30.4869      5.422  255.27430  255.51819     5.5366     5.0494 0.0000e+00
 150.515399      5.497    15.0223  37.937114    30.4842      5.448  255.27916  255.52307     5.4821     5.0454 0.0000e+00
 150.515402      5.523    15.0223  37.938723    30.4816      5.473  255.28402  255.52794     5.4276     5.0413 -9.990e-29
 150.515405      5.541    15.0219  37.937547    30.4823      5.492  255.28510  255.52900     5.5677     5.0453 -9.990e-29
 150.515408      5.545    15.0218  37.941507    30.4859      5.495  255.27918  255.52305     5.7078     5.4457 -9.990e-29
 150.515411      5.536    15.0217  37.939774    30.4844      5.486  255.28219  255.52606     5.6611     5.4335 -9.990e-29
 150.515414      5.521    15.0216  37.939527    30.4843      5.472  255.28285  255.52673     5.8634     5.4659 -9.990e-29
 150.515417      5.499    15.0215  37.939898    30.4847      5.450  255.28255  255.52641     5.7856     5.4254 -9.990e-29
 150.515420      5.470    15.0214  37.941754    30.4865      5.421  255.28020  255.52404     5.5366     5.5710 -9.990e-29
 150.515422      5.448    15.0212  37.940578    30.4856      5.399  255.28261  255.52645     5.6922     5.5306 -9.990e-29
 150.515425      5.430    15.0213  37.940022    30.4850      5.382  255.28318  255.52703     5.5210     5.5791 -9.990e-29
 150.515428      5.424    15.0212  37.939341    30.4845      5.376  255.28454  255.52838     5.4587     5.5548 -9.990e-29
 150.515431      5.435    15.0213  37.936619    30.4820      5.387  255.28852  255.53239     6.2214     5.8945 -9.990e-29
 150.515434      5.461    15.0212  37.938661    30.4858      5.412  255.28226  255.52610     6.2836     5.8986 -9.990e-29
 150.515437      5.514    15.0213  37.940826    30.4860      5.465  255.28141  255.52525     6.2525     5.8845 0.0000e+00
 150.515440      5.583    15.0214  37.941569    30.4858      5.533  255.28178  255.52564     6.2214     5.8703 0.0000e+00
 150.515443      5.667    15.0215  37.940455    30.4851      5.617  255.28178  255.52564     5.2875     4.7461 0.0000e+00
 150.515446      5.762    15.0215  37.938476    30.4833      5.710  255.28494  255.52882     5.2875     4.7461 0.0000e+00
 150.515448      5.869    15.0215  37.936683    30.4833      5.817  255.28494  255.52882     5.3342     4.7502 0.0000e+00
 150.515451      5.981    15.0215  37.939652    30.4817      5.927  255.28782  255.53171     5.3342     4.7502 0.0000e+00
 150.515454      6.090    15.0215  37.936683    30.4842      6.036  255.28295  255.52682     5.3342     4.7502 0.0000e+00
 150.515457      6.183    15.0215  37.940210    30.4848      6.128  255.28278  255.52664     5.4743     5.4254 0.0000e+00
 150.515460      6.251    15.0215  37.940581    30.4849      6.195  255.28251  255.52637     5.4899     5.4275 0.0000e+00
 150.515463      6.278    15.0215  37.940210    30.4851      6.222  255.28224  255.52609     5.5054     5.4254 -9.990e-29
 150.515466      6.276    15.0217  37.938725    30.4832      6.220  255.28429  255.52818     5.4743     5.4457 -9.990e-29
 150.515469      6.240    15.0216  37.939530    30.4840      6.184  255.28330  255.52717     5.9724     4.8998 -9.990e-29
 150.515472      6.185    15.0215  37.941138    30.4856      6.130  255.28103  255.52489     6.1436     4.9443 -9.990e-29
 150.515475      6.116    15.0215  37.941076    30.4855      6.061  255.28109  255.52494     6.0346     4.9281 -9.990e-29
 150.515477      6.047    15.0215  37.937116    30.4821      5.993  255.28754  255.53142     6.0191     4.9119 -9.990e-29
 150.515480      5.986    15.0213  37.931734    30.4774      5.933  255.29653  255.54044     5.1941     4.8108 -9.990e-29
 150.515483      5.950    15.0213  37.939343    30.4842      5.897  255.28457  255.52843     5.3654     4.8027 -9.990e-29
 150.515486      5.945    15.0212  37.940023    30.4849      5.892  255.28379  255.52764     5.3031     4.7825 -9.990e-29
 150.515489      5.970    15.0214  37.938230    30.4831      5.917  255.28604  255.52991     5.3187     4.7987 -9.990e-29
 150.515492      6.025    15.0212  37.937797    30.4829      5.971  255.28762  255.53148     7.5132     4.9887 -9.990e-29
 150.515495      6.100    15.0212  37.937055    30.4822      6.045  255.28883  255.53270     7.4976     5.0009 -9.990e-29
 150.515498      6.191    15.0211  37.940024    30.4819      6.135  255.28982  255.53368     7.5443     4.9604 -9.990e-29
 150.515501      6.284    15.0212  37.936684    30.4827      6.228  255.28810  255.53195     7.5755     4.9705 0.0000e+00
 150.515503      6.371    15.0211  37.938726    30.4819      6.314  255.28982  255.53368     7.5443     4.9604 0.0000e+00
 150.515506      6.459    15.0210  37.936437    30.4823      6.401  255.29061  255.53447     5.9879     4.9483 0.0000e+00
 150.515509      6.536    15.0207  37.936871    30.4817      6.477  255.29113  255.53497     5.9879     4.9200 0.0000e+00
 150.515512      6.594    15.0206  37.934891    30.4820      6.535  255.29275  255.53658     6.0502     4.9200 0.0000e+00
 150.515515      6.643    15.0206  37.936438    30.4812      6.583  255.29366  255.53749     6.1358     4.9180 0.0000e+00
 150.515518      6.677    15.0205  37.934768    30.4820      6.617  255.29275  255.53658     6.0502     4.9240 -9.990e-29
 150.515521      6.692    15.0204  37.935758    30.4815      6.632  255.29414  255.53796     6.3148     5.3405 -9.990e-29
 150.515524      6.696    15.0201  37.935016    30.4810      6.636  255.29646  255.54028     6.3926     5.3648 -9.990e-29
 150.515527      6.689    15.0202  37.932850    30.4790      6.629  255.29956  255.54340     6.3459     5.3648 -9.990e-29
 150.515530      6.672    15.0201  37.933345    30.4796      6.612  255.29907  255.54290     6.8906     5.3769 -9.990e-29
 150.515532      6.648    15.0202  37.933345    30.4794      6.589  255.29847  255.54231     6.7817     5.3850 -9.990e-29
 150.515535      6.624    15.0200  37.936686    30.4826      6.565  255.29409  255.53789     6.8128     5.3769 -9.990e-29
 150.515538      6.610    15.0200  37.930809    30.4774      6.551  255.30330  255.54714     6.7506     5.3405 -9.990e-29
 150.515541      6.604    15.0200  37.933345    30.4796      6.545  255.29932  255.54314     5.4587     5.2920 -9.990e-29
 150.515544      6.614    15.0201  37.934520    30.4806      6.555  255.29719  255.54101     5.5521     5.2111 -9.990e-29
 150.515547      6.639    15.0203  37.934211    30.4801      6.580  255.29684  255.54068     5.5833     5.1747 -9.990e-29
 150.515550      6.681    15.0202  37.934211    30.4816      6.621  255.29487  255.53868     5.5755     5.1747 0.0000e+00
 150.515553      6.732    15.0201  37.937305    30.4803      6.672  255.29684  255.54068     5.5833     5.1747 0.0000e+00
 150.515556      6.798    15.0201  37.934212    30.4820      6.737  255.29482  255.53863     6.7506     5.2516 0.0000e+00
 150.515558      6.869    15.0201  37.936130    30.4820      6.808  255.29482  255.53863     6.8284     5.2516 0.0000e+00
 150.515561      6.935    15.0202  37.937800    30.4820      6.873  255.29482  255.53863     6.8284     5.2516 0.0000e+00
 150.515564      7.006    15.0203  37.933099    30.4790      6.943  255.29854  255.54240     6.8284     5.2273 0.0000e+00
 150.515567      7.070    15.0205  37.932914    30.4790      7.007  255.29854  255.54240     7.4976     5.1464 0.0000e+00
 150.515570      7.123    15.0205  37.935574    30.4792      7.059  255.29850  255.54234     7.5599     5.1384 0.0000e+00
 150.515573      7.163    15.0204  37.933347    30.4801      7.099  255.29630  255.54015     7.5366     5.1384 0.0000e+00
 150.515576      7.195    15.0203  37.936131    30.4792      7.131  255.29850  255.54234     7.5755     5.1384 -9.990e-29
 150.515579      7.217    15.0203  37.931739    30.4777      7.153  255.30106  255.54491     4.9762     5.3122 -9.990e-29
 150.515582      7.230    15.0203  37.934275    30.4800      7.166  255.29709  255.54092     5.0541     5.3122 -9.990e-29
 150.515584      7.225    15.0202  37.934461    30.4802      7.160  255.29708  255.54091     5.1319     5.3041 -9.990e-29
 150.515587      7.221    15.0201  37.935079    30.4809      7.156  255.29669  255.54051     5.0696     5.2961 -9.990e-29
 150.515590      7.206    15.0202  37.935203    30.4809      7.142  255.29591  255.53973     5.3965     5.2920 -9.990e-29
 150.515593      7.192    15.0203  37.933347    30.4792      7.128  255.29852  255.54236     5.5833     5.2071 -9.990e-29
 150.515596      7.179    15.0202  37.934522    30.4803      7.115  255.29696  255.54079     5.5366     5.1626 -9.990e-29
 150.515599      7.170    15.0202  37.932667    30.4786      7.106  255.29986  255.54371     5.4587     5.1464 -9.990e-29
 150.515602      7.164    15.0202  37.936378    30.4820      7.100  255.29433  255.53814     5.5521     5.1747 -9.990e-29
 150.515605      7.182    15.0202  37.935079    30.4804      7.118  255.29679  255.54062     5.3031     5.3729 -9.990e-29
 150.515608      7.219    15.0203  37.934646    30.4808      7.154  255.29569  255.53952     5.3031     5.3607 0.0000e+00
 150.515611      7.270    15.0204  37.935698    30.4804      7.205  255.29502  255.53888     5.3031     5.3729 0.0000e+00
 150.515613      7.338    15.0206  37.934894    30.4811      7.272  255.29459  255.53842     5.3031     5.3486 0.0000e+00
 150.515616      7.425    15.0208  37.935946    30.4811      7.359  255.29285  255.53670     5.6922     4.7542 0.0000e+00
 150.515619      7.516    15.0209  37.936441    30.4814      7.449  255.29155  255.53541     5.7078     4.7502 0.0000e+00
 150.515622      7.610    15.0212  37.937308    30.4814      7.542  255.29155  255.53541     5.7389     4.7340 0.0000e+00
 150.515625      7.692    15.0212  37.933596    30.4808      7.623  255.29093  255.53481     5.8323     4.7502 0.0000e+00
 150.515628      7.761    15.0213  37.936195    30.4808      7.691  255.29093  255.53481     6.4237     5.1909 0.0000e+00
 150.515631      7.808    15.0213  37.937061    30.4812      7.739  255.29012  255.53400     6.4938     5.1909 0.0000e+00
 150.515634      7.839    15.0213  37.933968    30.4815      7.769  255.28931  255.53319     6.5638     5.1909 -9.990e-29
 150.515637      7.839    15.0210  37.935576    30.4804      7.769  255.29282  255.53669     6.5171     5.1990 -9.990e-29
 150.515639      7.823    15.0210  37.937556    30.4822      7.753  255.28970  255.53356     6.4704     5.1586 -9.990e-29
 150.515642      7.798    15.0210  37.936009    30.4808      7.728  255.29211  255.53598     5.5988     5.1343 -9.990e-29
 150.515645      7.765    15.0210  37.937061    30.4818      7.695  255.29044  255.53430     5.5521     5.1262 -9.990e-29
 150.515648      7.738    15.0210  37.937122    30.4818      7.669  255.29033  255.53419     5.5988     5.1020 -9.990e-29
 150.515651      7.725    15.0211  37.938669    30.4831      7.656  255.28761  255.53146     5.5210     5.0979 -9.990e-29
 150.515654      7.725    15.0212  37.939164    30.4835      7.656  255.28625  255.53011     4.6338     4.7946 -9.990e-29
 150.515657      7.736    15.0214  37.938236    30.4825      7.666  255.28713  255.53101     4.4938     4.7785 -9.990e-29
 150.515660      7.765    15.0215  37.936133    30.4805      7.695  255.28987  255.53377     4.5871     4.7340 -9.990e-29
 150.515663      7.803    15.0220  37.940463    30.4838      7.733  255.28178  255.52568     5.9568     5.1747 -9.990e-29
 150.515666      7.854    15.0221  37.940216    30.4847      7.784  255.27977  255.52366     5.9490     5.1849 0.0000e+00
 150.515668      7.918    15.0222  37.942443    30.4840      7.847  255.27934  255.52325     5.9568     5.1747 0.0000e+00
 150.515671      7.972    15.0224  37.940897    30.4856      7.901  255.27775  255.52164     6.0969     5.1950 0.0000e+00
 150.515674      8.014    15.0227  37.945042    30.4841      7.943  255.27572  255.51966     6.0969     5.2111 0.0000e+00
 150.515677      8.056    15.0231  37.941577    30.4841      7.984  255.27572  255.51966     6.7194     5.4457 0.0000e+00
 150.515680      8.084    15.0232  37.939536    30.4841      8.011  255.27572  255.51966     6.7817     5.4457 0.0000e+00
 150.515683      8.111    15.0232  37.942196    30.4821      8.039  255.27835  255.52233     6.8128     5.4335 0.0000e+00
 150.515686      8.137    15.0228  37.938918    30.4826      8.064  255.28110  255.52505     6.7973     5.4174 0.0000e+00
 150.515689      8.166    15.0225  37.939413    30.4823      8.093  255.28150  255.52543     6.7973     5.4174 0.0000e+00
 150.515692      8.206    15.0224  37.939104    30.4826      8.132  255.28184  255.52575     6.4704     5.6883 0.0000e+00
 150.515694      8.251    15.0222  37.939784    30.4823      8.177  255.28230  255.52622     6.2836     5.7125 0.0000e+00
 150.515697      8.298    15.0219  37.936382    30.4815      8.224  255.28771  255.53160     6.2836     5.6883 0.0000e+00
