seaocn-cb/data/ctd_cnv/SBE19plus_01907321_2024_05_29_Cast107.cnv
* Sea-Bird SBE19plus  Data File:
* FileName = E:\Prandtl_Daten\2024\29052024\raw\SBE19plus_01907321_2024_05_29_Cast107.hex
* Software version 2.6.1.12
* Temperature SN = 7321
* Conductivity SN = 7321
* System UpLoad Time = May 29 2024 11:47:37
* <ApplicationData>
* <Seaterm232>
** 20240527
** Sea Practical 2024
** MCat 27.05 CTD_Z5
** NMEA Latitude = 54 3.55N
** NMEA Longitude = 008 21.76E
** waterdepth = 15.2m
** Isabelle
# nquan = 11
# nvalues = 511                         
# units = specified
# name 0 = timeJ: Julian Days
# name 1 = prdM: Pressure, Strain Gauge [db]
# name 2 = tv290C: Temperature [ITS-90, deg C]
# name 3 = c0mS/cm: Conductivity [mS/cm]
# name 4 = sal00: Salinity, Practical [PSU]
# name 5 = depSM: Depth [salt water, m], lat = 54.00
# name 6 = oxsatMm/Kg: Oxygen Saturation, Weiss [umol/kg]
# name 7 = oxsolMm/Kg: Oxygen Saturation, Garcia & Gordon [umol/kg]
# name 8 = turbWETntu0: Turbidity, WET Labs ECO [NTU]
# name 9 = flECO-AFL: Fluorescence, WET Labs ECO-AFL/FL [mg/m^3]
# name 10 = flag:  0.000e+00
# span 0 = 150.486956, 150.488432       
# span 1 =      0.619,     14.189       
# span 2 =    14.8721,    15.3730       
# span 3 =  37.903656,  38.454628       
# span 4 =    30.1823,    31.0595       
# span 5 =      0.614,     14.062       
# span 6 =  253.98370,  255.04276       
# span 7 =  254.24691,  255.27406       
# span 8 =    -4.2066,    36.2759       
# span 9 =     6.5375,     9.3720       
# span 10 = 0.0000e+00, 0.0000e+00      
# interval = seconds: 0.25
# start_time = May 29 2024 11:39:56 [Instrument's time stamp, header]
# bad_flag = -9.990e-29
*END*
 150.486956      0.619    15.3711  37.906994    30.1868      0.614  254.01964  254.28373    -4.1132     6.8609 -9.990e-29
 150.486959      0.623    15.3711  37.906252    30.1862      0.617  254.02079  254.28488    -4.0977     6.8731 -9.990e-29
 150.486962      0.643    15.3713  37.904768    30.1847      0.637  254.02222  254.28633    -3.9109     6.5375 -9.990e-29
 150.486965      0.666    15.3724  37.904088    30.1851      0.660  254.01588  254.28005    -4.1132     6.5496 -9.990e-29
 150.486968      0.701    15.3726  37.906252    30.1839      0.695  254.01713  254.28131    -4.1288     6.5516 0.0000e+00
 150.486970      0.752    15.3727  37.903902    30.1846      0.746  254.01588  254.28005    -4.1132     6.5536 0.0000e+00
 150.486973      0.825    15.3727  37.906005    30.1846      0.818  254.01488  254.27907    -3.8331     6.7315 0.0000e+00
 150.486976      0.889    15.3727  37.907675    30.1846      0.881  254.01488  254.27907    -3.7864     6.7437 0.0000e+00
 150.486979      0.934    15.3725  37.904769    30.1850      0.926  254.01577  254.27994    -3.7397     6.7376 0.0000e+00
 150.486982      0.971    15.3723  37.903656    30.1838      0.962  254.01890  254.28306    -3.7864     6.7437 -9.990e-29
 150.486985      0.986    15.3716  37.903656    30.1833      0.977  254.02298  254.28712    -3.8798     7.7142 -9.990e-29
 150.486988      0.993    15.3720  37.904151    30.1835      0.984  254.02076  254.28492    -3.9265     7.7142 -9.990e-29
 150.486991      0.998    15.3729  37.904089    30.1823      0.989  254.01834  254.28255    -3.7241     7.7142 -9.990e-29
 150.486994      1.031    15.3729  37.903656    30.1839      1.022  254.01544  254.27964    -3.8487     7.7182 0.0000e+00
 150.486997      1.071    15.3729  37.907243    30.1839      1.061  254.01544  254.27964    -3.8487     7.7182 0.0000e+00
 150.486999      1.098    15.3730  37.910088    30.1855      1.088  254.01254  254.27673    -3.9732     7.7222 -9.990e-29
 150.487002      1.122    15.3720  37.912314    30.1906      1.112  254.00824  254.27235    -3.8175     7.3543 -9.990e-29
 150.487005      1.135    15.3711  37.909903    30.1892      1.125  254.01547  254.27954    -3.8331     7.3866 -9.990e-29
 150.487008      1.146    15.3705  37.909717    30.1895      1.135  254.01809  254.28213    -3.7708     7.3866 -9.990e-29
 150.487011      1.131    15.3702  37.911016    30.1909      1.121  254.01725  254.28125    -3.7086     7.7142 -9.990e-29
 150.487014      1.124    15.3702  37.931488    30.2091      1.114  253.98565  254.24952    -3.7864     7.7061 -9.990e-29
 150.487017      1.131    15.3660  37.941448    30.2210      1.121  253.98573  254.24929    -3.8642     7.6939 -9.990e-29
 150.487020      1.138    15.3599  37.932788    30.2180      1.128  254.02181  254.28510    -3.9109     7.7344 -9.990e-29
 150.487023      1.160    15.3588  37.926789    30.2067      1.150  254.04752  254.31083    -3.9420     7.8476 -9.990e-29
 150.487025      1.204    15.3599  37.918996    30.2052      1.193  254.04450  254.30788    -3.9031     7.8314 0.0000e+00
 150.487028      1.251    15.3610  37.917449    30.2036      1.240  254.04148  254.30493    -3.9420     7.8152 0.0000e+00
 150.487031      1.326    15.3633  37.916955    30.2036      1.314  254.03384  254.29743    -3.8642     7.8152 0.0000e+00
 150.487034      1.394    15.3644  37.924377    30.2067      1.381  254.01631  254.27993    -3.8487     8.0296 0.0000e+00
 150.487037      1.461    15.3644  37.947265    30.2273      1.448  253.98433  254.24732    -3.8487     8.0296 0.0000e+00
 150.487040      1.520    15.3613  37.961558    30.2360      1.506  253.98370  254.24691    -3.8487     8.0235 0.0000e+00
 150.487043      1.556    15.3582  37.953516    30.2448      1.542  253.98433  254.24732    -3.8487     8.0174 -9.990e-29
 150.487046      1.575    15.3458  37.939596    30.2348      1.561  254.06428  254.32672    -3.8175     8.0255 -9.990e-29
 150.487049      1.580    15.3465  37.945535    30.2395      1.566  254.05249  254.31493    -3.5062     7.8355 -9.990e-29
 150.487052      1.577    15.3469  37.953145    30.2459      1.563  254.03928  254.30169    -3.6152     7.8476 -9.990e-29
 150.487054      1.566    15.3455  37.955558    30.2492      1.552  254.04107  254.30339    -3.6152     7.8314 -9.990e-29
 150.487057      1.569    15.3437  37.955311    30.2504      1.555  254.04815  254.31036    -3.6152     7.8719 -9.990e-29
 150.487060      1.586    15.3425  37.961746    30.2570      1.571  254.04259  254.30469    -3.9265     7.7950 -9.990e-29
 150.487063      1.609    15.3366  37.973813    30.2740      1.595  254.04303  254.30471    -3.8175     7.7586 -9.990e-29
 150.487066      1.648    15.3347  37.975794    30.2756      1.633  254.04965  254.31121    -3.7942     7.7667 0.0000e+00
 150.487069      1.690    15.3328  37.976290    30.2773      1.675  254.05626  254.31771    -3.7708     7.7586 0.0000e+00
 150.487072      1.730    15.3305  37.974496    30.2774      1.715  254.06711  254.32835    -3.7708     7.4715 0.0000e+00
 150.487075      1.772    15.3292  37.978147    30.2811      1.756  254.06778  254.32912    -3.8642     7.4392 0.0000e+00
 150.487078      1.807    15.3287  37.976724    30.2814      1.791  254.06982  254.33104    -3.8642     7.4553 0.0000e+00
 150.487080      1.834    15.3283  37.976724    30.2811      1.818  254.07253  254.33373    -3.8642     7.4392 -9.990e-29
 150.487083      1.856    15.3277  37.975858    30.2808      1.839  254.07623  254.33740    -4.0666     7.4513 -9.990e-29
 150.487086      1.865    15.3279  37.976291    30.2810      1.848  254.07498  254.33616    -4.2066     7.4392 -9.990e-29
 150.487089      1.869    15.3279  37.973197    30.2783      1.852  254.07977  254.34096    -4.0821     7.4271 -9.990e-29
 150.487092      1.874    15.3283  37.973382    30.2781      1.857  254.07774  254.33896    -4.1444     7.4918 -9.990e-29
 150.487095      1.885    15.3286  37.975177    30.2795      1.868  254.07410  254.33532    -4.0821     7.4473 -9.990e-29
 150.487098      1.900    15.3286  37.974868    30.2792      1.883  254.07458  254.33581    -3.9420     8.0134 -9.990e-29
 150.487101      1.921    15.3287  37.974930    30.2747      1.904  254.08169  254.34296    -3.8798     8.0498 -9.990e-29
 150.487104      1.965    15.3295  37.969917    30.2720      1.948  254.08263  254.34396    -3.8175     8.0255 0.0000e+00
 150.487106      2.028    15.3302  37.965153    30.2693      2.009  254.08357  254.34496    -3.8798     8.0012 0.0000e+00
 150.487109      2.097    15.3325  37.959336    30.2624      2.078  254.08357  254.34496    -3.8487     7.3785 0.0000e+00
 150.487112      2.166    15.3351  37.956861    30.2615      2.147  254.07814  254.33986    -3.9109     7.3785 0.0000e+00
 150.487115      2.215    15.3359  37.961997    30.2598      2.196  254.07142  254.33317    -3.8876     7.3866 0.0000e+00
 150.487118      2.248    15.3366  37.962677    30.2615      2.228  254.06470  254.32647    -3.9265     7.3947 -9.990e-29
 150.487121      2.270    15.3369  37.962677    30.2619      2.250  254.06252  254.32430    -3.7864     8.1832 -9.990e-29
 150.487124      2.275    15.3371  37.962244    30.2613      2.255  254.06232  254.32412    -3.7864     8.1913 -9.990e-29
 150.487127      2.275    15.3377  37.963420    30.2619      2.255  254.05846  254.32029    -3.8175     8.1347 -9.990e-29
 150.487130      2.268    15.3377  37.964039    30.2625      2.248  254.05750  254.31932    -3.7864     8.1347 -9.990e-29
 150.487133      2.263    15.3370  37.963420    30.2625      2.242  254.06108  254.32286    -3.3195     7.7384 -9.990e-29
 150.487135      2.271    15.3357  37.967133    30.2724      2.251  254.05007  254.31171    -3.2883     7.7667 -9.990e-29
 150.487138      2.304    15.3349  37.973569    30.2718      2.284  254.05539  254.31699    -3.3039     7.7748 0.0000e+00
 150.487141      2.346    15.3341  37.970661    30.2724      2.325  254.06070  254.32227    -3.3195     7.7748 0.0000e+00
 150.487144      2.390    15.3325  37.972270    30.2737      2.369  254.06435  254.32582    -3.3350     7.7829 0.0000e+00
 150.487147      2.439    15.3315  37.973198    30.2753      2.417  254.06644  254.32785    -3.5062     8.0134 0.0000e+00
 150.487150      2.487    15.3307  37.974746    30.2773      2.464  254.06728  254.32862    -3.5529     8.0134 0.0000e+00
 150.487153      2.519    15.3302  37.974932    30.2778      2.497  254.06918  254.33049    -3.5919     8.0154 0.0000e+00
 150.487156      2.554    15.3296  37.969734    30.2783      2.531  254.07108  254.33237    -3.6308     8.0174 -9.990e-29
 150.487159      2.574    15.3302  37.969115    30.2726      2.551  254.07778  254.33914    -3.5841     8.1994 -9.990e-29
 150.487161      2.579    15.3311  37.966454    30.2695      2.556  254.07840  254.33984    -3.6463     8.2520 -9.990e-29
 150.487164      2.584    15.3322  37.962246    30.2650      2.561  254.08084  254.34236    -3.6619     8.2439 -9.990e-29
 150.487167      2.592    15.3338  37.959585    30.2614      2.568  254.07913  254.34076    -3.4907     8.2439 -9.990e-29
 150.487170      2.604    15.3357  37.960637    30.2608      2.581  254.07024  254.33197    -3.6463     8.5471 -9.990e-29
 150.487173      2.624    15.3390  37.954882    30.2502      2.601  254.07220  254.33418    -3.5841     8.5633 -9.990e-29
 150.487176      2.655    15.3398  37.951479    30.2495      2.632  254.06959  254.33161    -3.6774     8.5552 0.0000e+00
 150.487179      2.694    15.3405  37.951294    30.2489      2.670  254.06698  254.32904    -3.7708     8.5633 0.0000e+00
 150.487182      2.738    15.3423  37.951294    30.2482      2.713  254.06031  254.32248    -3.7864     8.8262 0.0000e+00
 150.487185      2.783    15.3434  37.953150    30.2475      2.758  254.05310  254.31532    -3.8020     8.8262 0.0000e+00
 150.487188      2.827    15.3441  37.952222    30.2482      2.802  254.05195  254.31421    -3.8798     8.8100 0.0000e+00
 150.487190      2.869    15.3441  37.956677    30.2507      2.843  254.04480  254.30704    -3.8798     8.7978 0.0000e+00
 150.487193      2.904    15.3434  37.963855    30.2577      2.878  254.03693  254.29907    -3.8487     8.7898 0.0000e+00
 150.487196      2.933    15.3422  37.970909    30.2617      2.907  254.03586  254.29791    -3.8098     8.6361 0.0000e+00
 150.487199      2.962    15.3410  37.973942    30.2657      2.936  254.03478  254.29674    -3.7708     8.4744 -9.990e-29
 150.487202      2.977    15.3348  37.976047    30.2751      2.950  254.05015  254.31172    -3.7397     8.4865 -9.990e-29
 150.487205      2.986    15.3326  37.975181    30.2760      2.960  254.05964  254.32109    -3.8642     8.4986 -9.990e-29
 150.487208      2.997    15.3314  37.973015    30.2750      2.970  254.06765  254.32905    -3.8331     8.0943 -9.990e-29
 150.487211      3.010    15.3307  37.974748    30.2770      2.983  254.06730  254.32866    -3.8331     8.0943 -9.990e-29
 150.487214      3.036    15.3304  37.976976    30.2793      3.009  254.06533  254.32665    -3.8020     8.1064 -9.990e-29
 150.487216      3.056    15.3294  37.978090    30.2810      3.029  254.06711  254.32837    -3.8487     8.0983 -9.990e-29
 150.487219      3.081    15.3288  37.976481    30.2800      3.054  254.07194  254.33317    -3.7708     8.6078 -9.990e-29
 150.487222      3.103    15.3280  37.976048    30.2824      3.075  254.07172  254.33289    -3.8798     8.5835 -9.990e-29
 150.487225      3.130    15.3279  37.978524    30.2818      3.102  254.07336  254.33454    -3.9109     8.5937 0.0000e+00
 150.487228      3.162    15.3278  37.976977    30.2824      3.133  254.07172  254.33289    -3.9420     8.5835 0.0000e+00
 150.487231      3.197    15.3274  37.980752    30.2834      3.168  254.07500  254.33618    -4.0666     7.9729 0.0000e+00
 150.487234      3.230    15.3268  37.978524    30.2849      3.201  254.07322  254.33429    -4.0666     7.9649 0.0000e+00
 150.487237      3.268    15.3265  37.981371    30.2855      3.239  254.07643  254.33754    -4.0666     7.9729 0.0000e+00
 150.487240      3.302    15.3263  37.980319    30.2855      3.273  254.07661  254.33766    -4.0666     7.9689 0.0000e+00
 150.487242      3.339    15.3263  37.976977    30.2835      3.309  254.07661  254.33766    -4.0666     7.9729 0.0000e+00
 150.487245      3.373    15.3268  37.978710    30.2830      3.343  254.07623  254.33734    -3.9265     8.5027 0.0000e+00
 150.487248      3.408    15.3272  37.978525    30.2832      3.378  254.07509  254.33621    -3.8953     8.5471 0.0000e+00
 150.487251      3.441    15.3275  37.979082    30.2830      3.410  254.07509  254.33621    -3.8175     8.5512 0.0000e+00
 150.487254      3.474    15.3275  37.974936    30.2814      3.443  254.07630  254.33745    -3.7942     8.5532 0.0000e+00
 150.487257      3.500    15.3275  37.979206    30.2796      3.468  254.07951  254.34068    -3.8175     8.5512 -9.990e-29
 150.487260      3.517    15.3269  37.980010    30.2845      3.486  254.07373  254.33483    -3.8798     8.3611 -9.990e-29
 150.487263      3.532    15.3265  37.980072    30.2849      3.501  254.07539  254.33647    -3.7553     8.3450 -9.990e-29
 150.487266      3.538    15.3262  37.980258    30.2852      3.506  254.07598  254.33704    -3.7708     8.3409 -9.990e-29
 150.487269      3.554    15.3259  37.979639    30.2849      3.522  254.07811  254.33916    -3.0860     8.4420 -9.990e-29
 150.487271      3.568    15.3257  37.979825    30.2852      3.536  254.07870  254.33974    -3.1171     8.4218 -9.990e-29
 150.487274      3.587    15.3257  37.982363    30.2875      3.555  254.07479  254.33581    -3.0393     8.4177 -9.990e-29
 150.487277      3.610    15.3255  37.982301    30.2889      3.578  254.07359  254.33459    -3.3817     8.2722 -9.990e-29
 150.487280      3.646    15.3253  37.983725    30.2891      3.614  254.07438  254.33537    -3.3194     8.2742 0.0000e+00
 150.487283      3.688    15.3250  37.983849    30.2893      3.655  254.07517  254.33614    -3.3350     8.2762 0.0000e+00
 150.487286      3.734    15.3245  37.984530    30.2893      3.701  254.07589  254.33683    -3.3350     8.2843 0.0000e+00
 150.487289      3.781    15.3243  37.982549    30.2898      3.747  254.07903  254.33995    -3.3817     8.2843 0.0000e+00
 150.487292      3.827    15.3242  37.983663    30.2892      3.792  254.07944  254.34037    -3.3895     8.2782 0.0000e+00
 150.487295      3.859    15.3241  37.981621    30.2898      3.825  254.07903  254.33995    -3.3973     8.2722 -9.990e-29
 150.487297      3.883    15.3244  37.980507    30.2867      3.848  254.08249  254.34345    -3.9109     8.4784 -9.990e-29
 150.487300      3.890    15.3248  37.980074    30.2860      3.855  254.08171  254.34270    -3.8175     8.4703 -9.990e-29
 150.487303      3.897    15.3257  37.979764    30.2851      3.862  254.07900  254.34003    -3.7397     8.4986 -9.990e-29
 150.487306      3.897    15.3263  37.976732    30.2819      3.862  254.08136  254.34245    -3.4751     8.9192 -9.990e-29
 150.487309      3.908    15.3269  37.978155    30.2827      3.873  254.07713  254.33824    -3.5841     8.9232 -9.990e-29
 150.487312      3.932    15.3283  37.977413    30.2770      3.897  254.07967  254.34091    -3.5685     8.9394 -9.990e-29
 150.487315      3.965    15.3287  37.972957    30.2778      3.930  254.07608  254.33733    -3.7241     8.7736 0.0000e+00
 150.487318      3.998    15.3292  37.975556    30.2771      3.963  254.07248  254.33374    -3.7397     8.6280 0.0000e+00
 150.487321      4.037    15.3300  37.974504    30.2771      4.000  254.07122  254.33253    -3.8020     8.6240 0.0000e+00
 150.487323      4.080    15.3304  37.974071    30.2763      4.044  254.07122  254.33253    -3.8020     8.6280 0.0000e+00
 150.487326      4.124    15.3304  37.973019    30.2753      4.088  254.07182  254.33317    -3.8487     8.6240 0.0000e+00
 150.487329      4.164    15.3304  37.970049    30.2746      4.127  254.07182  254.33317    -3.8487     8.4824 0.0000e+00
 150.487332      4.206    15.3307  37.972524    30.2732      4.169  254.07147  254.33284    -3.8487     8.4299 0.0000e+00
