seaocn-cb/data/ctd_cnv/SBE19plus_01907321_2024_05_27_Cast71.cnv
* Sea-Bird SBE19plus  Data File:
* FileName = E:\Prandtl_Daten\2024\27052024\raw\SBE19plus_01907321_2024_05_27_Cast71.hex
* Software version 2.6.1.12
* Temperature SN = 7321
* Conductivity SN = 7321
* System UpLoad Time = May 27 2024 08:59:42
* <ApplicationData>
* <Seaterm232>
** 20240527
** Sea Practical 2024
** MCat 27.05 CTD_SP5
** NMEA Latitude = 54 7.781N
** NMEA Longitude = 008 25.579E
** waterdepth = 8m
** Maja
# nquan = 11
# nvalues = 224                         
# units = specified
# name 0 = timeJ: Julian Days
# name 1 = prdM: Pressure, Strain Gauge [db]
# name 2 = tv290C: Temperature [ITS-90, deg C]
# name 3 = c0mS/cm: Conductivity [mS/cm]
# name 4 = sal00: Salinity, Practical [PSU]
# name 5 = depSM: Depth [salt water, m], lat = 54.00
# name 6 = oxsatMm/Kg: Oxygen Saturation, Weiss [umol/kg]
# name 7 = oxsolMm/Kg: Oxygen Saturation, Garcia & Gordon [umol/kg]
# name 8 = turbWETntu0: Turbidity, WET Labs ECO [NTU]
# name 9 = flECO-AFL: Fluorescence, WET Labs ECO-AFL/FL [mg/m^3]
# name 10 = flag:  0.000e+00
# span 0 = 148.365755, 148.366400       
# span 1 =      0.774,      6.934       
# span 2 =    16.3778,    16.6741       
# span 3 =  36.791184,  36.936144       
# span 4 =    28.2807,    28.5910       
# span 5 =      0.767,      6.872       
# span 6 =  250.78986,  251.73120       
# span 7 =  251.12824,  252.05452       
# span 8 =    -2.7747,     6.2369       
# span 9 =     3.5856,     6.3878       
# span 10 = 0.0000e+00, 0.0000e+00      
# interval = seconds: 0.25
# start_time = May 27 2024 08:45:26 [Instrument's time stamp, header]
# bad_flag = -9.990e-29
*END*
 148.365755      0.774    16.6715  36.817874    28.2839      0.767  250.80082  251.13906    -2.2611     3.8120 -9.990e-29
 148.365758      0.782    16.6727  36.817263    28.2835      0.775  250.79581  251.13410    -2.3078     3.7878 -9.990e-29
 148.365761      0.825    16.6732  36.818424    28.2828      0.818  250.79428  251.13260    -2.3234     3.8140 0.0000e+00
 148.365764      0.884    16.6738  36.817630    28.2821      0.876  250.79275  251.13110    -2.3389     3.8120 0.0000e+00
 148.365767      0.934    16.6741  36.818180    28.2821      0.926  250.78986  251.12824    -2.3389     3.8403 0.0000e+00
 148.365770      0.969    16.6741  36.819097    28.2821      0.960  250.78986  251.12824    -2.3856     3.8484 0.0000e+00
 148.365773      1.007    16.6732  36.816836    28.2830      0.998  250.79640  251.13472    -2.4790     3.8565 0.0000e+00
 148.365775      1.049    16.6723  36.817630    28.2825      1.040  250.79860  251.13687    -2.3856     3.8889 0.0000e+00
 148.365778      1.102    16.6716  36.816408    28.2825      1.092  250.80283  251.14108    -2.3856     3.8889 0.0000e+00
 148.365781      1.162    16.6714  36.815920    28.2824      1.152  250.80411  251.14235    -2.3078     3.8343 0.0000e+00
 148.365784      1.199    16.6711  36.814636    28.2824      1.188  250.80539  251.14362    -2.2300     3.7716 -9.990e-29
 148.365787      1.206    16.6709  36.816837    28.2833      1.195  250.80499  251.14320    -2.1988     3.7918 -9.990e-29
 148.365790      1.204    16.6705  36.815920    28.2828      1.194  250.80783  251.14603    -2.1677     3.7676 -9.990e-29
 148.365793      1.213    16.6701  36.814209    28.2816      1.203  250.81154  251.14973    -2.0743     3.5856 -9.990e-29
 148.365796      1.231    16.6688  36.810542    28.2842      1.220  250.81356  251.15169    -2.1366     3.6058 -9.990e-29
 148.365799      1.261    16.6683  36.816165    28.2833      1.250  250.81773  251.15584    -2.0899     3.6159 0.0000e+00
 148.365802      1.315    16.6678  36.813170    28.2825      1.304  250.82189  251.15998    -2.0432     3.6260 0.0000e+00
 148.365804      1.385    16.6668  36.812560    28.2824      1.373  250.82645  251.16449    -1.9187     3.9859 0.0000e+00
 148.365807      1.454    16.6655  36.809443    28.2808      1.441  250.83586  251.17386    -1.8564     3.9859 0.0000e+00
 148.365810      1.505    16.6648  36.808405    28.2807      1.492  250.83920  251.17717    -1.8565     3.9718 0.0000e+00
 148.365813      1.534    16.6641  36.812989    28.2808      1.521  250.84255  251.18049    -1.7942     3.9455 -9.990e-29
 148.365816      1.536    16.6611  36.810300    28.2845      1.523  250.85102  251.18880    -1.8253     3.9900 -9.990e-29
 148.365819      1.520    16.6599  36.810972    28.2860      1.506  250.85458  251.19230    -2.4479     3.8120 -9.990e-29
 148.365822      1.498    16.6592  36.808711    28.2845      1.484  250.86028  251.19798    -2.3078     3.8201 -9.990e-29
 148.365825      1.480    16.6584  36.810300    28.2864      1.467  250.86098  251.19864    -2.5101     3.7797 -9.990e-29
 148.365828      1.505    16.6563  36.807367    28.2868      1.492  250.87086  251.20843    -2.1366     3.7109 -9.990e-29
 148.365830      1.573    16.6559  36.808956    28.2872      1.559  250.87237  251.20992    -2.1600     3.7109 0.0000e+00
 148.365833      1.668    16.6554  36.809201    28.2876      1.653  250.87389  251.21141    -2.1366     3.7109 0.0000e+00
 148.365836      1.766    16.6548  36.809262    28.2880      1.750  250.87475  251.21223    -2.1833     3.7190 0.0000e+00
 148.365839      1.841    16.6548  36.810546    28.2892      1.824  250.87475  251.21223    -2.0588     3.7554 0.0000e+00
 148.365842      1.890    16.6548  36.811463    28.2895      1.873  250.87365  251.21112    -2.0977     3.7756 0.0000e+00
 148.365845      1.921    16.6549  36.810974    28.2898      1.904  250.87254  251.21002    -2.0121     3.7959 -9.990e-29
 148.365848      1.921    16.6554  36.808835    28.2872      1.904  250.87456  251.21208    -2.2455     3.8120 -9.990e-29
 148.365851      1.905    16.6554  36.812563    28.2904      1.888  250.86913  251.20663    -2.1833     3.7676 -9.990e-29
 148.365854      1.877    16.6548  36.809446    28.2882      1.861  250.87607  251.21356    -2.1677     3.9576 -9.990e-29
 148.365856      1.854    16.6543  36.806513    28.2860      1.837  250.88184  251.21932    -2.1210     3.8929 -9.990e-29
 148.365859      1.849    16.6539  36.808957    28.2884      1.832  250.88010  251.21754    -2.2455     3.9253 -9.990e-29
 148.365862      1.870    16.6520  36.808041    28.2881      1.854  250.88977  251.22714    -2.1522     3.9172 -9.990e-29
 148.365865      1.923    16.6516  36.807125    28.2885      1.906  250.89113  251.22848    -2.1132     3.9374 0.0000e+00
 148.365868      2.013    16.6512  36.807369    28.2887      1.995  250.89249  251.22982    -2.1522     3.9576 0.0000e+00
 148.365871      2.106    16.6512  36.806942    28.2887      2.087  250.89326  251.23062    -2.1366     3.9778 0.0000e+00
 148.365874      2.193    16.6509  36.805659    28.2870      2.174  250.89407  251.23139    -2.1522     3.9778 0.0000e+00
 148.365877      2.255    16.6513  36.802421    28.2859      2.235  250.89715  251.23450    -2.1444     4.0041 0.0000e+00
 148.365880      2.295    16.6508  36.801566    28.2848      2.275  250.90104  251.23838    -2.1522     3.9697 -9.990e-29
 148.365883      2.315    16.6464  36.806943    28.2918      2.295  250.91115  251.24824    -2.2455     4.1517 -9.990e-29
 148.365885      2.308    16.6450  36.804255    28.2905      2.288  250.92021  251.25725    -2.2144     4.1315 -9.990e-29
 148.365888      2.290    16.6434  36.802422    28.2901      2.269  250.92892  251.26590    -2.2144     4.1477 -9.990e-29
 148.365891      2.259    16.6408  36.803461    28.2927      2.239  250.93678  251.27363    -2.2300     4.2851 -9.990e-29
 148.365894      2.228    16.6396  36.804255    28.2943      2.208  250.94015  251.27694    -2.1522     4.2892 -9.990e-29
 148.365897      2.222    16.6390  36.800650    28.2916      2.203  250.94752  251.28430    -2.2455     4.3418 -9.990e-29
 148.365900      2.250    16.6340  36.800284    28.2923      2.230  250.97123  251.30779    -2.1055     4.2083 -9.990e-29
 148.365903      2.310    16.6328  36.797290    28.2943      2.289  250.97384  251.31033    -2.0899     4.1982 0.0000e+00
 148.365906      2.390    16.6316  36.799979    28.2963      2.369  250.97591  251.31228    -2.0743     4.1881 0.0000e+00
 148.365909      2.480    16.6307  36.802668    28.2991      2.458  250.97645  251.31287    -2.0743     4.1598 0.0000e+00
 148.365911      2.565    16.6299  36.801996    28.2991      2.542  250.97966  251.31600    -2.0588     4.1598 0.0000e+00
 148.365914      2.647    16.6292  36.799064    28.2979      2.624  250.98670  251.32302    -2.0899     4.1800 0.0000e+00
 148.365917      2.713    16.6266  36.797965    28.2979      2.689  250.99803  251.33423    -2.1210     4.3458 0.0000e+00
 148.365920      2.755    16.6249  36.800470    28.3002      2.730  251.00273  251.33883    -2.1444     4.3478 0.0000e+00
 148.365923      2.782    16.6231  36.797049    28.3025      2.758  251.00742  251.34344    -2.1677     4.3458 -9.990e-29
 148.365926      2.797    16.6172  36.798821    28.3053      2.772  251.03195  251.36769    -2.0743     4.4145 -9.990e-29
 148.365929      2.803    16.6155  36.801144    28.3084      2.777  251.03462  251.37027    -2.6813     4.0749 -9.990e-29
 148.365932      2.801    16.6138  36.791184    28.3012      2.776  251.05580  251.39142    -2.6969     4.0587 -9.990e-29
 148.365935      2.795    16.6133  36.795278    28.3050      2.770  251.05165  251.38722    -2.7747     4.0466 -9.990e-29
 148.365938      2.788    16.6121  36.799433    28.3094      2.763  251.04982  251.38532    -2.6969     4.0547 -9.990e-29
 148.365940      2.788    16.6107  36.795462    28.3070      2.763  251.06106  251.39651    -1.8720     4.5682 -9.990e-29
 148.365943      2.801    16.6083  36.798395    28.3097      2.776  251.06817  251.40350    -1.9343     4.5803 -9.990e-29
 148.365946      2.830    16.6082  36.796623    28.3079      2.805  251.07133  251.40666    -1.9187     4.5662 0.0000e+00
 148.365949      2.881    16.6083  36.792529    28.3082      2.855  251.06898  251.40434    -1.9031     4.5520 0.0000e+00
 148.365952      2.943    16.6086  36.795279    28.3082      2.917  251.06898  251.40434    -1.6852     4.5035 0.0000e+00
 148.365955      3.011    16.6086  36.799006    28.3097      2.984  251.06617  251.40151    -1.6852     4.4428 0.0000e+00
 148.365958      3.071    16.6087  36.797051    28.3102      3.043  251.06358  251.39892    -1.6852     4.4307 0.0000e+00
 148.365961      3.118    16.6090  36.798151    28.3100      3.090  251.06432  251.39968    -1.6774     4.4085 0.0000e+00
 148.365964      3.151    16.6093  36.797235    28.3102      3.123  251.06247  251.39784    -1.5452     4.4307 -9.990e-29
 148.365966      3.166    16.6094  36.796380    28.3086      3.137  251.06478  251.40016    -1.9965     4.0991 -9.990e-29
 148.365969      3.166    16.6080  36.799313    28.3121      3.137  251.06564  251.40094    -2.2611     4.1396 -9.990e-29
 148.365972      3.166    16.6063  36.797480    28.3117      3.137  251.07467  251.40990    -2.2144     4.1194 -9.990e-29
 148.365975      3.167    16.6052  36.797235    28.3123      3.139  251.07897  251.41414    -2.1522     4.1274 -9.990e-29
 148.365978      3.186    16.6047  36.800657    28.3156      3.157  251.07610  251.41123    -2.0432     4.8755 -9.990e-29
 148.365981      3.211    16.6015  36.797969    28.3151      3.183  251.09258  251.42757    -2.1833     4.8593 -9.990e-29
 148.365984      3.246    16.6005  36.797481    28.3150      3.217  251.09737  251.43232    -2.1677     4.8735 0.0000e+00
 148.365987      3.291    16.5996  36.795709    28.3151      3.262  251.10215  251.43707    -2.1522     4.8593 0.0000e+00
 148.365990      3.357    16.5981  36.798642    28.3169      3.327  251.10366  251.43848    -2.0121     4.5237 0.0000e+00
 148.365992      3.426    16.5968  36.795771    28.3174      3.396  251.11273  251.44751    -1.8876     4.5237 0.0000e+00
 148.365995      3.487    16.5954  36.795282    28.3174      3.455  251.11862  251.45333    -1.8876     4.5237 0.0000e+00
 148.365998      3.532    16.5944  36.798399    28.3194      3.501  251.11999  251.45465    -1.9576     4.5095 0.0000e+00
 148.366001      3.558    16.5934  36.795772    28.3214      3.526  251.12136  251.45596    -2.0276     4.4752 -9.990e-29
 148.366004      3.572    16.5898  36.797483    28.3232      3.541  251.13634  251.47077    -1.8720     4.5480 -9.990e-29
 148.366007      3.587    16.5877  36.794123    28.3218      3.555  251.14912  251.48347    -1.9187     4.5763 -9.990e-29
 148.366010      3.602    16.5852  36.797056    28.3261      3.569  251.15423  251.48844    -1.9809     4.5520 -9.990e-29
 148.366013      3.616    16.5833  36.798828    28.3290      3.584  251.15861  251.49272    -2.0121     4.5520 -9.990e-29
 148.366016      3.640    16.5795  36.797057    28.3318      3.607  251.17259  251.50652    -1.6852     4.4914 -9.990e-29
 148.366019      3.667    16.5768  36.799012    28.3359      3.635  251.17892  251.51271    -1.6541     4.5136 0.0000e+00
 148.366021      3.698    16.5741  36.804024    28.3399      3.665  251.18526  251.51890    -1.6697     4.5237 0.0000e+00
 148.366024      3.729    16.5700  36.803108    28.3420      3.696  251.20205  251.53549    -1.6697     4.5237 0.0000e+00
 148.366027      3.766    16.5659  36.806041    28.3474      3.732  251.21291  251.54614    -2.2144     4.1436 0.0000e+00
 148.366030      3.807    16.5619  36.806286    28.3504      3.773  251.22770  251.56073    -2.2144     4.1153 0.0000e+00
 148.366033      3.851    16.5567  36.808548    28.3560      3.817  251.24377  251.57654    -2.1522     4.1153 0.0000e+00
 148.366036      3.901    16.5529  36.807204    28.3560      3.866  251.25998  251.59258    -2.0432     4.1153 0.0000e+00
 148.366039      3.950    16.5529  36.801766    28.3535      3.915  251.26778  251.60044    -1.5452     4.6005 0.0000e+00
 148.366042      3.997    16.5527  36.800666    28.3526      3.962  251.26953  251.60215    -1.4285     4.6025 0.0000e+00
 148.366045      4.037    16.5533  36.798833    28.3516      4.001  251.26778  251.60044    -1.3117     4.6005 -9.990e-29
 148.366047      4.059    16.5579  36.801155    28.3488      4.023  251.25016  251.58303    -1.4985     4.6248 -9.990e-29
 148.366050      4.076    16.5595  36.800910    28.3474      4.039  251.24448  251.57743    -1.5763     4.6369 -9.990e-29
 148.366053      4.088    16.5591  36.802682    28.3492      4.052  251.24340  251.57633    -1.4673     4.4388 -9.990e-29
 148.366056      4.096    16.5579  36.801766    28.3493      4.059  251.24929  251.58215    -1.6541     4.4631 -9.990e-29
 148.366059      4.114    16.5561  36.804027    28.3525      4.077  251.25264  251.58541    -1.5452     4.3984 -9.990e-29
 148.366062      4.137    16.5547  36.805372    28.3546      4.100  251.25583  251.58853    -1.6385     4.4145 -9.990e-29
 148.366065      4.161    16.5514  36.809528    28.3605      4.124  251.26217  251.59468    -1.5763     6.3878 -9.990e-29
 148.366068      4.196    16.5465  36.815762    28.3692      4.158  251.27122  251.60346    -1.5763     6.3191 -9.990e-29
 148.366071      4.218    16.5362  36.814418    28.3772      4.180  251.30839  251.64013    -1.5452     6.3636 -9.990e-29
 148.366073      4.254    16.5355  36.816619    28.3779      4.216  251.31077  251.64247    -1.4752     5.7065 0.0000e+00
 148.366076      4.293    16.5348  36.817108    28.3787      4.254  251.31314  251.64480    -1.4051     5.0494 0.0000e+00
 148.366079      4.345    16.5322  36.822731    28.3853      4.307  251.31461  251.64612    -1.4051     5.0494 0.0000e+00
 148.366082      4.391    16.5262  36.823710    28.3904      4.352  251.33557  251.66678    -1.2806     5.0534 0.0000e+00
 148.366085      4.446    16.5213  36.822244    28.3926      4.406  251.35589  251.68687    -1.3117     5.0534 0.0000e+00
 148.366088      4.490    16.5191  36.822245    28.3941      4.450  251.36407  251.69495    -1.2494     4.3175 0.0000e+00
 148.366091      4.524    16.5176  36.821145    28.3942      4.484  251.37072  251.70151    -1.3117     4.3134 0.0000e+00
 148.366094      4.554    16.5175  36.822062    28.3946      4.513  251.37108  251.70188    -1.2961     4.2992 0.0000e+00
 148.366097      4.585    16.5174  36.823651    28.3951      4.544  251.37072  251.70151    -1.3739     4.3134 -9.990e-29
 148.366100      4.607    16.5165  36.822734    28.3963      4.566  251.37309  251.70384    -1.4518     4.2771 -9.990e-29
 148.366102      4.623    16.5156  36.823040    28.3972      4.582  251.37598  251.70668    -0.9693     4.6855 -9.990e-29
 148.366105      4.634    16.5142  36.825852    28.4006      4.593  251.37730  251.70792    -0.9381     4.6774 -9.990e-29
 148.366108      4.641    16.5133  36.822246    28.3982      4.600  251.38591  251.71651    -1.0160     4.7259 -9.990e-29
 148.366111      4.647    16.5131  36.823040    28.3990      4.605  251.38536  251.71594    -0.8759     4.6976 -9.990e-29
 148.366114      4.667    16.5104  36.830803    28.4122      4.625  251.37632  251.70669    -0.4712     4.6976 -9.990e-29
 148.366117      4.701    16.5072  36.836244    28.4164      4.659  251.38486  251.71506    -0.3934     4.6753 0.0000e+00
 148.366120      4.745    16.5040  36.840890    28.4207      4.703  251.39340  251.72343    -0.3623     4.6976 0.0000e+00
 148.366123      4.798    16.4956  36.841197    28.4269      4.755  251.42409  251.75371    -0.3623     4.6531 0.0000e+00
 148.366126      4.846    16.4897  36.840281    28.4303      4.802  251.44781  251.77715    -1.0160     4.5278 0.0000e+00
 148.366128      4.890    16.4860  36.843277    28.4319      4.846  251.45703  251.78617    -1.1405     4.5035 0.0000e+00
 148.366131      4.926    16.4842  36.837592    28.4355      4.882  251.46794  251.79699    -1.3117     4.5035 0.0000e+00
