seaocn-cb/data/ctd_cnv/SBE19plus_01907321_2024_05_27_Cast83.cnv
* Sea-Bird SBE19plus  Data File:
* FileName = E:\Prandtl_Daten\2024\27052024\raw\SBE19plus_01907321_2024_05_27_Cast83.hex
* Software version 2.6.1.12
* Temperature SN = 7321
* Conductivity SN = 7321
* System UpLoad Time = May 27 2024 11:51:09
* <ApplicationData>
* <Seaterm232>
** 20240527
** Sea Practical 2024
** MCat 27.05 CTD_SP5
** NMEA Latitude = 54 7.781N
** NMEA Longitude = 008 25.579E
** waterdepth = 10.5m
** Merle
# nquan = 11
# nvalues = 334                         
# units = specified
# name 0 = timeJ: Julian Days
# name 1 = prdM: Pressure, Strain Gauge [db]
# name 2 = tv290C: Temperature [ITS-90, deg C]
# name 3 = c0mS/cm: Conductivity [mS/cm]
# name 4 = sal00: Salinity, Practical [PSU]
# name 5 = depSM: Depth [salt water, m], lat = 54.00
# name 6 = oxsatMm/Kg: Oxygen Saturation, Weiss [umol/kg]
# name 7 = oxsolMm/Kg: Oxygen Saturation, Garcia & Gordon [umol/kg]
# name 8 = turbWETntu0: Turbidity, WET Labs ECO [NTU]
# name 9 = flECO-AFL: Fluorescence, WET Labs ECO-AFL/FL [mg/m^3]
# name 10 = flag:  0.000e+00
# span 0 = 148.490579, 148.491542       
# span 1 =      0.385,      9.414       
# span 2 =    15.8224,    16.3166       
# span 3 =  37.120354,  37.440842       
# span 4 =    29.0665,    29.1581       
# span 5 =      0.382,      9.330       
# span 6 =  251.20944,  253.53266       
# span 7 =  251.52673,  253.82650       
# span 8 =    -3.9420,    18.3615       
# span 9 =     1.5759,     4.8998       
# span 10 = 0.0000e+00, 0.0000e+00      
# interval = seconds: 0.25
# start_time = May 27 2024 11:45:06 [Instrument's time stamp, header]
# bad_flag = -9.990e-29
*END*
[from data line 132]
 148.490961      4.078    15.9425  37.182889    29.1213      4.042  252.98515  253.28487    -2.5101     3.8646 -9.990e-29
 148.490964      4.089    15.9342  37.180006    29.1248      4.052  253.02048  253.31979    -2.3234     3.8727 -9.990e-29
 148.490966      4.103    15.9276  37.176265    29.1265      4.067  253.05114  253.35012     0.4626     3.5735 -9.990e-29
 148.490969      4.107    15.9226  37.179824    29.1332      4.071  253.06455  253.36325     0.2292     3.4683 -9.990e-29
 148.490972      4.116    15.9189  37.177431    29.1338      4.080  253.08185  253.38038     0.5249     3.5613 -9.990e-29
 148.490975      4.125    15.9168  37.185040    29.1420      4.089  253.07815  253.37652     0.2914     3.5088 -9.990e-29
 148.490978      4.133    15.9172  37.180806    29.1380      4.096  253.08333  253.38175    -1.1249     3.5209 -9.990e-29
 148.490981      4.147    15.9187  37.180377    29.1365      4.110  253.07833  253.37683    -1.9809     3.3996 -9.990e-29
 148.490984      4.167    15.9176  37.180868    29.1355      4.130  253.08567  253.38412    -1.8720     3.3955 -9.990e-29
 148.490987      4.200    15.9165  37.178291    29.1350      4.163  253.09201  253.39042    -1.8798     3.4117 0.0000e+00
 148.490990      4.235    15.9154  37.175223    29.1344      4.197  253.09835  253.39671    -1.8720     3.3955 0.0000e+00
 148.490992      4.277    15.9129  37.172156    29.1344      4.238  253.11253  253.41077     0.2759     3.2945 0.0000e+00
 148.490995      4.319    15.9099  37.174918    29.1382      4.280  253.11971  253.41778     0.3381     3.2661 0.0000e+00
 148.490998      4.355    15.9072  37.174611    29.1382      4.316  253.13032  253.42825     0.2914     3.2945 0.0000e+00
 148.491001      4.392    15.9055  37.167188    29.1363      4.353  253.14777  253.44566     0.2914     3.2945 0.0000e+00
 148.491004      4.428    15.9025  37.166575    29.1363      4.389  253.16004  253.45777    -0.4868     3.4279 0.0000e+00
 148.491007      4.458    15.8983  37.166944    29.1373      4.418  253.17498  253.47250    -0.7047     3.4683 0.0000e+00
 148.491010      4.487    15.8966  37.161239    29.1385      4.447  253.18599  253.48343    -0.7203     3.4481 0.0000e+00
 148.491013      4.518    15.8948  37.164614    29.1373      4.477  253.19700  253.49437    -0.7358     3.4683 -9.990e-29
 148.491016      4.541    15.8895  37.165105    29.1446      4.501  253.21116  253.50822    -0.2222     3.7473 -9.990e-29
 148.491019      4.561    15.8883  37.163264    29.1438      4.521  253.21811  253.51513    -0.2533     3.7109 -9.990e-29
 148.491021      4.585    15.8888  37.168540    29.1480      4.544  253.20839  253.50540    -0.1755     3.7029 -9.990e-29
 148.491024      4.603    15.8905  37.165105    29.1438      4.562  253.20732  253.50444    -0.0510     3.7554 -9.990e-29
 148.491027      4.627    15.8934  37.168908    29.1470      4.586  253.18709  253.48432    -2.5101     4.1274 -9.990e-29
 148.491030      4.653    15.8948  37.171240    29.1450      4.611  253.18379  253.48110    -2.4011     4.1092 0.0000e+00
 148.491033      4.685    15.8961  37.168908    29.1430      4.644  253.18049  253.47788    -2.2922     4.1234 0.0000e+00
 148.491036      4.724    15.8985  37.171055    29.1429      4.682  253.16835  253.46585    -2.2922     4.1234 0.0000e+00
 148.491039      4.759    15.9005  37.170442    29.1430      4.716  253.16185  253.45946    -2.4479     4.1234 0.0000e+00
 148.491042      4.797    15.9025  37.174675    29.1415      4.754  253.14775  253.44544    -2.8837     3.6826 0.0000e+00
 148.491045      4.828    15.9033  37.174000    29.1424      4.785  253.14544  253.44317    -2.9459     3.6604 0.0000e+00
 148.491047      4.859    15.9041  37.173693    29.1415      4.815  253.14312  253.44090    -3.0082     3.6382 -9.990e-29
 148.491050      4.881    15.9068  37.172834    29.1384      4.837  253.13449  253.43241    -3.0082     3.6543 -9.990e-29
 148.491053      4.890    15.9079  37.172220    29.1371      4.846  253.13125  253.42924    -1.5140     3.2864 -9.990e-29
 148.491056      4.901    15.9074  37.171484    29.1368      4.857  253.13445  253.43241    -1.5452     3.2500 -9.990e-29
 148.491059      4.903    15.9072  37.170564    29.1362      4.859  253.13673  253.43469    -1.6541     3.2783 -9.990e-29
 148.491062      4.915    15.9075  37.172405    29.1376      4.872  253.13277  253.43073    -1.6697     3.2783 -9.990e-29
 148.491065      4.934    15.9066  37.168049    29.1333      4.890  253.14458  253.44253    -0.1132     3.3106 -9.990e-29
 148.491068      4.963    15.9061  37.166761    29.1339      4.919  253.14606  253.44399    -0.2066     3.3491 0.0000e+00
 148.491071      4.996    15.9056  37.167374    29.1346      4.951  253.14754  253.44544    -0.2066     3.3470 0.0000e+00
 148.491073      5.030    15.9045  37.168786    29.1346      4.985  253.14961  253.44744    -0.2845     3.3551 0.0000e+00
 148.491076      5.078    15.9024  37.163694    29.1358      5.032  253.16505  253.46280    -0.2845     3.3551 0.0000e+00
 148.491079      5.120    15.8992  37.163511    29.1358      5.074  253.17727  253.47485    -1.2806     3.4602 0.0000e+00
 148.491082      5.158    15.8948  37.161978    29.1358      5.112  253.19628  253.49364    -1.3739     3.4602 0.0000e+00
 148.491085      5.196    15.8906  37.154433    29.1365      5.150  253.22316  253.52035    -1.4206     3.4602 0.0000e+00
 148.491088      5.229    15.8892  37.154679    29.1354      5.182  253.22834  253.52546    -1.5140     3.4684 0.0000e+00
 148.491091      5.255    15.8878  37.154618    29.1365      5.208  253.23353  253.53057    -1.6074     3.4845 -9.990e-29
 148.491094      5.277    15.8839  37.156704    29.1411      5.229  253.24510  253.54193    -0.0043     4.2164 -9.990e-29
 148.491097      5.298    15.8819  37.156581    29.1424      5.251  253.25274  253.54947    -0.1288     4.2609 -9.990e-29
 148.491100      5.320    15.8765  37.153269    29.1429      5.273  253.27903  253.57550    -0.5957     3.6260 -9.990e-29
 148.491102      5.349    15.8765  37.152595    29.1429      5.302  253.27903  253.57550    -0.5957     3.6260 0.0000e+00
 148.491105      5.382    15.8765  37.152411    29.1429      5.334  253.27903  253.57550    -0.5957     3.6260 -9.990e-29
 148.491108      5.404    15.8737  37.149651    29.1424      5.356  253.29423  253.59056    -0.6424     3.6422 -9.990e-29
 148.491111      5.432    15.8721  37.152841    29.1463      5.383  253.29539  253.59162    -0.7047     3.6907 -9.990e-29
 148.491114      5.455    15.8707  37.151001    29.1458      5.407  253.30354  253.59971     0.2292     3.9414 -9.990e-29
 148.491117      5.477    15.8702  37.148977    29.1444      5.428  253.30839  253.60455     0.4938     3.9050 -9.990e-29
 148.491120      5.494    15.8698  37.153087    29.1482      5.444  253.30369  253.59980     0.1669     3.9091 -9.990e-29
 148.491123      5.512    15.8694  37.150756    29.1465      5.463  253.30870  253.60481     0.4004     3.9172 -9.990e-29
 148.491126      5.534    15.8692  37.154375    29.1498      5.484  253.30415  253.60022     0.3692     3.9617 -9.990e-29
 148.491128      5.556    15.8694  37.151922    29.1475      5.506  253.30697  253.60307     0.7584     3.7676 -9.990e-29
 148.491131      5.568    15.8693  37.153271    29.1487      5.519  253.30524  253.60132     0.7895     3.7595 -9.990e-29
 148.491134      5.592    15.8681  37.151493    29.1450      5.542  253.31761  253.61366     0.8050     3.7635 -9.990e-29
 148.491137      5.623    15.8679  37.148058    29.1439      5.573  253.32093  253.61698     1.1786     3.9839 0.0000e+00
 148.491140      5.656    15.8676  37.145053    29.1450      5.605  253.32305  253.61900     1.5521     4.1719 0.0000e+00
 148.491143      5.691    15.8662  37.149408    29.1454      5.640  253.32425  253.62029     1.5521     4.1881 0.0000e+00
 148.491146      5.731    15.8642  37.145237    29.1476      5.679  253.33682  253.63268     1.5521     4.1719 0.0000e+00
 148.491149      5.771    15.8619  37.149409    29.1507      5.719  253.33918  253.63490     1.5521     4.1355 0.0000e+00
 148.491152      5.805    15.8599  37.148980    29.1518      5.753  253.34729  253.64291     2.3303     3.8242 0.0000e+00
 148.491155      5.840    15.8580  37.148735    29.1518      5.788  253.35482  253.65034     2.4237     3.7959 0.0000e+00
 148.491157      5.867    15.8564  37.142847    29.1511      5.815  253.36969  253.66516     2.3303     3.8039 0.0000e+00
 148.491160      5.897    15.8546  37.143767    29.1511      5.844  253.37516  253.67054     2.3303     3.8039 0.0000e+00
 148.491163      5.924    15.8539  37.143031    29.1514      5.871  253.37856  253.67389     1.3108     3.8464 0.0000e+00
 148.491166      5.953    15.8531  37.145792    29.1516      5.900  253.38195  253.67725     0.2914     3.8889 -9.990e-29
 148.491169      5.977    15.8513  37.143338    29.1532      5.923  253.38836  253.68356     0.0268     3.8242 -9.990e-29
 148.491172      6.006    15.8508  37.139413    29.1501      5.952  253.39610  253.69130     0.0891     3.8606 -9.990e-29
 148.491175      6.028    15.8505  37.142664    29.1531      5.974  253.39209  253.68726     0.0891     3.7999 -9.990e-29
 148.491178      6.050    15.8509  37.143952    29.1540      5.996  253.38897  253.68414    -1.0782     3.7473 -9.990e-29
 148.491181      6.072    15.8515  37.142603    29.1523      6.017  253.38864  253.68385    -1.1716     3.7109 -9.990e-29
 148.491183      6.088    15.8521  37.141989    29.1513      6.034  253.38719  253.68244    -1.2494     3.7595 -9.990e-29
 148.491186      6.105    15.8531  37.147141    29.1551      6.050  253.37584  253.67112    -1.1094     3.7433 -9.990e-29
 148.491189      6.130    15.8537  37.139597    29.1481      6.075  253.38487  253.68022     2.7194     3.5290 -9.990e-29
 148.491192      6.147    15.8539  37.145117    29.1527      6.092  253.37565  253.67098     2.8906     3.5128 -9.990e-29
 148.491195      6.165    15.8543  37.143523    29.1511      6.110  253.37688  253.67224     2.9840     3.5532 -9.990e-29
 148.491198      6.189    15.8542  37.141131    29.1490      6.133  253.38080  253.67617     2.7194     3.5209 -9.990e-29
 148.491201      6.209    15.8532  37.141928    29.1472      6.153  253.38924  253.68457     6.3303     3.9212 -9.990e-29
 148.491204      6.238    15.8528  37.138126    29.1489      6.182  253.38838  253.68367     6.1046     3.9232 0.0000e+00
 148.491207      6.267    15.8524  37.141254    29.1494      6.211  253.38924  253.68457     5.8790     3.9212 0.0000e+00
 148.491209      6.294    15.8513  37.139169    29.1494      6.238  253.39484  253.69007     5.8634     3.9253 0.0000e+00
 148.491212      6.325    15.8495  37.137207    29.1494      6.269  253.40438  253.69953     2.8128     4.0061 0.0000e+00
 148.491215      6.369    15.8471  37.139170    29.1525      6.312  253.41067  253.70568     2.6572     4.0061 0.0000e+00
 148.491218      6.413    15.8448  37.138312    29.1526      6.356  253.42033  253.71522     2.5482     3.9980 0.0000e+00
 148.491221      6.468    15.8437  37.136472    29.1534      6.410  253.42731  253.72216     2.5482     3.9980 0.0000e+00
 148.491224      6.515    15.8430  37.137822    29.1528      6.457  253.42798  253.72278     2.6883     4.0385 0.0000e+00
 148.491227      6.559    15.8427  37.135737    29.1535      6.500  253.43061  253.72540     3.9023     4.0668 0.0000e+00
 148.491230      6.590    15.8425  37.137393    29.1528      6.531  253.43324  253.72802     5.1163     4.0951 -9.990e-29
 148.491233      6.610    15.8410  37.137454    29.1554      6.551  253.43633  253.73103     5.0541     4.0587 -9.990e-29
 148.491236      6.622    15.8404  37.133039    29.1520      6.563  253.44509  253.73979     5.0852     4.0830 -9.990e-29
 148.491238      6.628    15.8397  37.134633    29.1539      6.569  253.44537  253.74001     5.4899     4.2811 -9.990e-29
 148.491241      6.633    15.8387  37.137025    29.1567      6.574  253.44533  253.73991     5.6766     4.3215 -9.990e-29
 148.491244      6.637    15.8381  37.135308    29.1556      6.578  253.45031  253.74487     5.6766     4.3377 -9.990e-29
 148.491247      6.639    15.8376  37.134634    29.1555      6.579  253.45341  253.74795     5.5210     4.3337 -9.990e-29
 148.491250      6.661    15.8363  37.131261    29.1530      6.601  253.46404  253.75854     4.5249     4.1153 -9.990e-29
 148.491253      6.688    15.8362  37.130770    29.1555      6.628  253.46057  253.75504     4.5015     4.0870 0.0000e+00
 148.491256      6.726    15.8360  37.136167    29.1578      6.666  253.45857  253.75300     4.4938     4.1153 0.0000e+00
 148.491259      6.765    15.8357  37.135799    29.1578      6.704  253.45857  253.75300     4.4938     4.0587 0.0000e+00
 148.491262      6.810    15.8356  37.133776    29.1561      6.749  253.46225  253.75669     5.4432     3.7716 0.0000e+00
 148.491264      6.857    15.8352  37.131262    29.1561      6.796  253.46530  253.75969     5.4899     3.7716 0.0000e+00
 148.491267      6.900    15.8347  37.133960    29.1568      6.838  253.46589  253.76028     5.4899     3.8484 0.0000e+00
 148.491270      6.931    15.8347  37.133776    29.1568      6.869  253.46560  253.75999     5.4509     3.8545 0.0000e+00
 148.491273      6.956    15.8346  37.133961    29.1568      6.894  253.46589  253.76028     5.4120     3.8606 -9.990e-29
 148.491276      6.976    15.8338  37.131998    29.1558      6.914  253.47159  253.76594     6.9373     4.7663 -9.990e-29
 148.491279      6.991    15.8332  37.132366    29.1566      6.928  253.47342  253.76774     7.0307     4.7825 -9.990e-29
 148.491282      7.007    15.8326  37.129423    29.1544      6.945  253.48026  253.77457     7.0930     4.7421 -9.990e-29
 148.491285      7.022    15.8321  37.128994    29.1564      6.959  253.47929  253.77356     8.3070     4.7421 -9.990e-29
 148.491288      7.048    15.8320  37.131263    29.1551      6.984  253.48182  253.77610     8.3459     4.7623 0.0000e+00
 148.491291      7.079    15.8319  37.128319    29.1545      7.015  253.48435  253.77863     8.3226     4.7704 0.0000e+00
 148.491293      7.117    15.8317  37.128749    29.1545      7.053  253.48435  253.77863     8.3848     4.7704 0.0000e+00
 148.491296      7.168    15.8314  37.130527    29.1560      7.104  253.48462  253.77888     8.3226     4.7582 0.0000e+00
 148.491299      7.211    15.8311  37.130098    29.1560      7.147  253.48472  253.77895     8.4004     4.0385 0.0000e+00
 148.491302      7.259    15.8311  37.128749    29.1560      7.194  253.48531  253.77951     8.1980     4.0061 0.0000e+00
 148.491305      7.292    15.8310  37.130528    29.1558      7.226  253.48620  253.78042     8.2992     4.0163 0.0000e+00
 148.491308      7.319    15.8308  37.133288    29.1566      7.254  253.48531  253.77951     8.1980     3.9940 -9.990e-29
 148.491311      7.337    15.8307  37.129179    29.1555      7.272  253.48797  253.78218     9.8167     3.9940 -9.990e-29
 148.491314      7.341    15.8307  37.132245    29.1581      7.275  253.48304  253.77723     9.8012     4.0223 -9.990e-29
 148.491317      7.346    15.8305  37.130344    29.1567      7.281  253.48681  253.78100     9.8945     3.9697 -9.990e-29
 148.491319      7.348    15.8303  37.129179    29.1558      7.282  253.48916  253.78336     9.6611     3.9980 -9.990e-29
 148.491322      7.354    15.8301  37.128934    29.1557      7.288  253.49043  253.78461     9.5521     3.9455 -9.990e-29
 148.491325      7.366    15.8301  37.130099    29.1567      7.301  253.48868  253.78285    10.1903     4.1598 -9.990e-29
 148.491328      7.379    15.8303  37.128750    29.1559      7.313  253.48883  253.78302    10.2992     4.2204 -9.990e-29
 148.491331      7.405    15.8302  37.129424    29.1560      7.339  253.48929  253.78347    10.3459     4.1901 0.0000e+00
 148.491334      7.441    15.8301  37.129425    29.1559      7.375  253.48974  253.78392    10.3926     4.1598 0.0000e+00
