seaocn-cb/data/ctd_cnv/SBE19plus_01907321_2024_05_25_Cast47.cnv
* Sea-Bird SBE19plus  Data File:
* FileName = E:\Prandtl_Daten\2024\25052024\raw\SBE19plus_01907321_2024_05_25_Cast47.hex
* Software version 2.6.1.12
* Temperature SN = 7321
* Conductivity SN = 7321
* System UpLoad Time = May 25 2024 07:00:25
* <ApplicationData>
* <Seaterm232>
** 20240525
** Sea Practical 2024
** MCat 25.05 CTD_SP2
** NMEA Latitude = 054 06.12N
** NMEA Longitude = 008 35.04E
** waterdepth = 12,5m
** Maja
# nquan = 11
# nvalues = 391                         
# units = specified
# name 0 = timeJ: Julian Days
# name 1 = prdM: Pressure, Strain Gauge [db]
# name 2 = tv290C: Temperature [ITS-90, deg C]
# name 3 = c0mS/cm: Conductivity [mS/cm]
# name 4 = sal00: Salinity, Practical [PSU]
# name 5 = depSM: Depth [salt water, m], lat = 54.00
# name 6 = oxsatMm/Kg: Oxygen Saturation, Weiss [umol/kg]
# name 7 = oxsolMm/Kg: Oxygen Saturation, Garcia & Gordon [umol/kg]
# name 8 = turbWETntu0: Turbidity, WET Labs ECO [NTU]
# name 9 = flECO-AFL: Fluorescence, WET Labs ECO-AFL/FL [mg/m^3]
# name 10 = flag:  0.000e+00
# span 0 = 146.286409, 146.287538       
# span 1 =      0.614,     11.355       
# span 2 =    16.6138,    17.1650       
# span 3 =  35.783805,  35.818501       
# span 4 =    27.0802,    27.4665       
# span 5 =      0.609,     11.254       
# span 6 =  250.42570,  252.48870       
# span 7 =  250.79205,  252.82972       
# span 8 =    -1.8720,     5.7545       
# span 9 =     4.0466,     6.3272       
# span 10 = 0.0000e+00, 0.0000e+00      
# interval = seconds: 0.25
# start_time = May 25 2024 06:51:12 [Instrument's time stamp, header]
# bad_flag = -9.990e-29
*END*
[from data line 263]
 146.287170      8.416    16.8101  35.808447    27.3287      8.341  251.74833  252.09844     0.9762     4.7785 0.0000e+00
 146.287173      8.475    16.8090  35.812557    27.3323      8.399  251.74860  252.09867     0.9762     4.7704 0.0000e+00
 146.287176      8.526    16.8084  35.813887    27.3336      8.449  251.74860  252.09867     0.8829     4.7704 0.0000e+00
 146.287179      8.580    16.8084  35.813464    27.3336      8.504  251.74986  252.09993     0.1358     4.4914 0.0000e+00
 146.287182      8.626    16.8083  35.811469    27.3327      8.549  251.75101  252.10109     0.1280     4.4711 0.0000e+00
 146.287185      8.653    16.8084  35.813645    27.3318      8.576  251.75215  252.10224     0.1358     4.4914 -9.990e-29
 146.287187      8.673    16.8080  35.808871    27.3298      8.596  251.75748  252.10756     0.1202     4.4712 -9.990e-29
 146.287190      8.679    16.8068  35.811289    27.3327      8.601  251.75862  252.10863     1.0385     4.8432 -9.990e-29
 146.287193      8.679    16.8054  35.810201    27.3327      8.601  251.76545  252.11540     1.0074     4.8189 -9.990e-29
 146.287196      8.684    16.8043  35.810624    27.3338      8.606  251.76885  252.11876     1.2875     4.8391 -9.990e-29
 146.287199      8.695    16.8029  35.815399    27.3389      8.617  251.76751  252.11732     1.1163     4.7744 -9.990e-29
 146.287202      8.717    16.7982  35.810806    27.3411      8.639  251.78673  252.13633     1.5210     4.6531 -9.990e-29
 146.287205      8.754    16.7972  35.814312    27.3403      8.675  251.79330  252.14286     1.4899     4.6490 0.0000e+00
 146.287208      8.795    16.7961  35.810807    27.3411      8.717  251.79986  252.14938     1.5210     4.6531 0.0000e+00
 146.287211      8.852    16.7935  35.815219    27.3450      8.773  251.80307  252.15245     1.6144     4.6450 0.0000e+00
 146.287214      8.910    16.7907  35.814736    27.3465      8.831  251.81462  252.16387     1.6144     4.6005 0.0000e+00
 146.287216      8.962    16.7880  35.814737    27.3483      8.881  251.82484  252.17396    -0.6113     4.3903 0.0000e+00
 146.287219      9.013    16.7854  35.814979    27.3491      8.932  251.83409  252.18310    -0.6891     4.3903 0.0000e+00
 146.287222      9.045    16.7841  35.811474    27.3497      8.964  251.84174  252.19069    -0.7670     4.3620 0.0000e+00
 146.287225      9.071    16.7827  35.816310    27.3491      8.990  251.84938  252.19828    -0.6891     4.3903 -9.990e-29
 146.287228      9.080    16.7778  35.812804    27.3535      8.999  251.86601  252.21467     2.8440     4.8998 -9.990e-29
 146.287231      9.089    16.7756  35.810629    27.3532      9.008  251.87750  252.22608     2.9529     4.8876 -9.990e-29
 146.287234      9.098    16.7742  35.811294    27.3547      9.017  251.88180  252.23030     2.7973     4.8715 -9.990e-29
 146.287237      9.107    16.7734  35.813228    27.3569      9.026  251.88209  252.23054     2.8440     4.9604 -9.990e-29
 146.287240      9.127    16.7729  35.810811    27.3552      9.046  251.88776  252.23621    -0.9381     4.4833 -9.990e-29
 146.287242      9.149    16.7716  35.813228    27.3614      9.067  251.88322  252.23158    -0.8136     4.5925 -9.990e-29
 146.287245      9.184    16.7713  35.817157    27.3620      9.102  251.88370  252.23204    -0.8369     4.5743 0.0000e+00
 146.287248      9.222    16.7711  35.818004    27.3614      9.140  251.88418  252.23250    -0.8136     4.5925 0.0000e+00
 146.287251      9.257    16.7702  35.813652    27.3594      9.174  251.89390  252.24221    -0.8448     5.1667 0.0000e+00
 146.287254      9.295    16.7684  35.811718    27.3594      9.212  251.90321  252.25145    -0.7669     5.1869 0.0000e+00
 146.287257      9.332    16.7662  35.813048    27.3616      9.248  251.90964  252.25777    -0.7669     5.1667 0.0000e+00
 146.287260      9.366    16.7641  35.813230    27.3631      9.282  251.91771  252.26573    -0.6891     5.1647 0.0000e+00
 146.287263      9.392    16.7619  35.812385    27.3646      9.308  251.92577  252.27369    -0.6113     5.1424 -9.990e-29
 146.287266      9.410    16.7549  35.814380    27.3704      9.326  251.95068  252.29827     0.4938     5.5185 -9.990e-29
 146.287269      9.428    16.7503  35.812144    27.3716      9.344  251.97123  252.31862     0.5405     5.4942 -9.990e-29
 146.287271      9.445    16.7456  35.818249    27.3799      9.360  251.97997  252.32711     0.7584     5.5387 -9.990e-29
 146.287274      9.469    16.7359  35.816316    27.3821      9.384  252.02429  252.37100     1.0229     5.2071 -9.990e-29
 146.287277      9.503    16.7323  35.813052    27.3851      9.418  252.03740  252.38394     1.0307     5.2011 0.0000e+00
 146.287280      9.536    16.7286  35.814141    27.3880      9.451  252.05051  252.39688     1.0229     5.1950 0.0000e+00
 146.287283      9.585    16.7203  35.812813    27.3926      9.500  252.08395  252.42994     1.0385     5.1667 0.0000e+00
 146.287286      9.636    16.7125  35.817407    27.4017      9.550  252.10662  252.45222     1.0074     5.1545 0.0000e+00
 146.287289      9.695    16.7032  35.818013    27.4086      9.608  252.14095  252.48611     0.2914     5.1545 0.0000e+00
 146.287292      9.744    16.6952  35.817410    27.4135      9.657  252.17241  252.51719     0.2914     5.1505 0.0000e+00
 146.287295      9.782    16.6909  35.815658    27.4157      9.695  252.18989  252.53447     0.2992     5.1768 0.0000e+00
 146.287297      9.819    16.6866  35.817170    27.4179      9.731  252.20737  252.55176     0.3070     5.1505 -9.990e-29
 146.287300      9.839    16.6688  35.818501    27.4324      9.751  252.27082  252.61436     2.0191     5.4861 -9.990e-29
 146.287303      9.844    16.6611  35.818019    27.4373      9.756  252.30052  252.64370     2.1124     5.4780 -9.990e-29
 146.287306      9.844    16.6548  35.816266    27.4401      9.756  252.32713  252.67002     1.9412     5.5306 -9.990e-29
 146.287309      9.843    16.6506  35.815421    27.4422      9.754  252.34409  252.68679     2.0502     5.5023 -9.990e-29
 146.287312      9.844    16.6474  35.817174    27.4459      9.756  252.35356  252.69610     1.8790     5.5387 -9.990e-29
 146.287315      9.848    16.6451  35.815240    27.4458      9.760  252.36502  252.70746     2.0502     5.7894 -9.990e-29
 146.287318      9.866    16.6384  35.817175    27.4502      9.778  252.39099  252.73311     2.0191     5.8622 -9.990e-29
 146.287321      9.894    16.6375  35.814999    27.4512      9.805  252.39393  252.73601     2.0736     5.8318 0.0000e+00
 146.287323      9.938    16.6365  35.815846    27.4522      9.849  252.39687  252.73890     2.1280     5.8622 0.0000e+00
 146.287326      9.985    16.6352  35.816753    27.4536      9.896  252.40050  252.74247     2.2525     6.2423 0.0000e+00
 146.287329     10.040    16.6337  35.815242    27.4538      9.950  252.40859  252.75050     2.2525     6.2867 0.0000e+00
 146.287332     10.093    16.6311  35.815666    27.4557     10.003  252.41787  252.75965     2.2214     6.2867 0.0000e+00
 146.287335     10.146    16.6282  35.813490    27.4558     10.055  252.43186  252.77352     2.1280     6.2827 0.0000e+00
 146.287338     10.193    16.6269  35.815425    27.4583     10.102  252.43400  252.77558     0.9140     5.8339 0.0000e+00
 146.287341     10.221    16.6266  35.816090    27.4588     10.129  252.43460  252.77616     0.8051     5.8076 0.0000e+00
 146.287344     10.250    16.6264  35.815425    27.4592     10.158  252.43520  252.77675     0.6961     5.7813 -9.990e-29
 146.287347     10.268    16.6233  35.814821    27.4603     10.176  252.44879  252.79021     0.7428     5.8177 -9.990e-29
 146.287350     10.287    16.6227  35.812585    27.4587     10.194  252.45422  252.79562     1.9257     6.1816 -9.990e-29
 146.287352     10.305    16.6223  35.816090    27.4620     10.213  252.45066  252.79202     2.0346     6.2746 -9.990e-29
 146.287355     10.323    16.6215  35.813068    27.4614     10.231  252.45570  252.79703     1.8945     6.2665 -9.990e-29
 146.287358     10.349    16.6215  35.814761    27.4602     10.256  252.45758  252.79893     1.9957     6.2624 0.0000e+00
 146.287361     10.383    16.6216  35.811981    27.4614     10.290  252.45570  252.79703     2.0813     6.2584 0.0000e+00
 146.287364     10.420    16.6217  35.815245    27.4608     10.326  252.45546  252.79680     2.0813     5.7530 0.0000e+00
 146.287367     10.465    16.6217  35.814338    27.4608     10.372  252.45546  252.79680     2.0813     5.7530 0.0000e+00
 146.287370     10.516    16.6212  35.811981    27.4592     10.422  252.46078  252.80211     2.0346     5.7530 0.0000e+00
 146.287373     10.558    16.6211  35.810652    27.4592     10.464  252.46078  252.80211     2.1903     5.7611 0.0000e+00
 146.287376     10.600    16.6210  35.814157    27.4597     10.505  252.46128  252.80259     2.3770     5.8642 0.0000e+00
 146.287378     10.629    16.6208  35.814339    27.4613     10.534  252.45919  252.80049     2.8906     5.9875 -9.990e-29
 146.287381     10.644    16.6200  35.814762    27.4623     10.549  252.46141  252.80267     2.9373     5.9390 -9.990e-29
 146.287384     10.651    16.6199  35.813070    27.4610     10.556  252.46450  252.80576     2.7661     5.9107 -9.990e-29
 146.287387     10.651    16.6193  35.813251    27.4615     10.556  252.46639  252.80763     2.7506     5.8379 -9.990e-29
 146.287390     10.653    16.6188  35.814037    27.4625     10.558  252.46710  252.80830     2.6727     5.8783 -9.990e-29
 146.287393     10.655    16.6181  35.813251    27.4623     10.559  252.47071  252.81189     2.7350     5.8096 -9.990e-29
 146.287396     10.664    16.6177  35.814762    27.4639     10.568  252.47036  252.81151     2.5482     5.8015 -9.990e-29
 146.287399     10.684    16.6171  35.814763    27.4634     10.588  252.47413  252.81526     1.5833     5.7813 -9.990e-29
 146.287402     10.719    16.6172  35.813675    27.4635     10.623  252.47366  252.81479     1.5677     5.7914 0.0000e+00
 146.287405     10.761    16.6173  35.813917    27.4634     10.664  252.47413  252.81526     1.5521     5.7813 0.0000e+00
 146.287407     10.821    16.6173  35.813071    27.4627     10.724  252.47392  252.81508     1.5521     5.7449 0.0000e+00
 146.287410     10.883    16.6173  35.812406    27.4619     10.785  252.47415  252.81529     1.6922     5.7449 0.0000e+00
 146.287413     10.948    16.6173  35.810412    27.4619     10.850  252.47392  252.81508     2.5638     5.9147 0.0000e+00
 146.287416     11.003    16.6170  35.815852    27.4604     10.905  252.47810  252.81926     2.5638     5.9147 0.0000e+00
 146.287419     11.041    16.6169  35.809989    27.4628     10.942  252.47601  252.81714     2.5872     5.9127 0.0000e+00
 146.287422     11.071    16.6168  35.813253    27.4603     10.971  252.48061  252.82175     2.5638     5.9107 -9.990e-29
 146.287425     11.091    16.6161  35.813495    27.4638     10.991  252.47829  252.81938     3.1864     6.1371 -9.990e-29
 146.287428     11.109    16.6159  35.811077    27.4619     11.009  252.48276  252.82385     3.3264     6.1210 -9.990e-29
 146.287431     11.123    16.6160  35.811742    27.4623     11.024  252.48118  252.82227     3.1085     6.1210 -9.990e-29
 146.287433     11.134    16.6160  35.813676    27.4640     11.035  252.47867  252.81975     3.3264     6.1937 -9.990e-29
 146.287436     11.155    16.6157  35.810413    27.4644     11.055  252.47926  252.82033     2.5015     6.2908 -9.990e-29
 146.287439     11.180    16.6156  35.813918    27.4639     11.080  252.48055  252.82162     2.4549     6.3191 0.0000e+00
 146.287442     11.209    16.6155  35.812589    27.4644     11.109  252.47926  252.82033     2.5015     6.2908 0.0000e+00
 146.287445     11.244    16.6155  35.815248    27.4645     11.143  252.48021  252.82126     2.5482     6.3110 0.0000e+00
 146.287448     11.273    16.6154  35.811501    27.4657     11.172  252.47859  252.81963     2.6883     6.2746 -9.990e-29
 146.287451     11.286    16.6154  35.812831    27.4636     11.185  252.48214  252.82320     2.0813     6.1371 -9.990e-29
 146.287454     11.304    16.6151  35.811743    27.4629     11.203  252.48467  252.82571     2.0969     6.1776 -9.990e-29
 146.287457     11.313    16.6151  35.813496    27.4644     11.212  252.48242  252.82345     2.1280     6.1897 -9.990e-29
 146.287459     11.319    16.6149  35.815853    27.4665     11.217  252.47960  252.82061     2.1903     6.1169 -9.990e-29
 146.287462     11.317    16.6149  35.812831    27.4640     11.216  252.48401  252.82504     2.6883     6.3272 -9.990e-29
 146.287465     11.303    16.6151  35.811985    27.4631     11.201  252.48462  252.82566     2.4237     6.2463 -9.990e-29
 146.287468     11.286    16.6153  35.811743    27.4628     11.185  252.48404  252.82510     2.5949     6.3029 -9.990e-29
 146.287471     11.262    16.6151  35.812831    27.4638     11.161  252.48306  252.82410     2.5949     6.2584 -9.990e-29
 146.287474     11.240    16.6148  35.812589    27.4638     11.140  252.48463  252.82566     3.0619     6.0199 -9.990e-29
 146.287477     11.231    16.6147  35.812166    27.4635     11.131  252.48555  252.82658     3.1241     6.0077 -9.990e-29
 146.287480     11.224    16.6145  35.811743    27.4634     11.124  252.48709  252.82811     3.1552     6.0563 -9.990e-29
 146.287483     11.235    16.6146  35.811743    27.4633     11.134  252.48679  252.82781     3.1708     6.0441 -9.990e-29
 146.287486     11.250    16.6150  35.810232    27.4617     11.149  252.48746  252.82851     3.3887     5.9228 -9.990e-29
 146.287488     11.271    16.6151  35.812589    27.4636     11.170  252.48341  252.82446     3.6222     5.9026 -9.990e-29
 146.287491     11.290    16.6151  35.810836    27.4622     11.189  252.48629  252.82734     3.5910     5.8460 -9.990e-29
 146.287494     11.304    16.6151  35.810836    27.4622     11.203  252.48630  252.82735     3.6533     5.8945 -9.990e-29
 146.287497     11.310    16.6151  35.810836    27.4621     11.209  252.48599  252.82705     3.3576     6.1210 -9.990e-29
 146.287500     11.315    16.6149  35.810232    27.4618     11.214  252.48780  252.82885     3.3264     6.0886 -9.990e-29
 146.287503     11.306    16.6148  35.814342    27.4653     11.205  252.48210  252.82312     3.3576     6.1412 -9.990e-29
 146.287506     11.293    16.6147  35.812589    27.4639     11.192  252.48497  252.82599     3.4198     6.1452 -9.990e-29
 146.287509     11.284    16.6146  35.814161    27.4653     11.183  252.48328  252.82429     3.1708     6.1007 -9.990e-29
 146.287512     11.273    16.6143  35.811078    27.4629     11.172  252.48870  252.82972     5.7545     6.0320 -9.990e-29
 146.287514     11.262    16.6142  35.814040    27.4655     11.162  252.48499  252.82598     5.5210     6.0077 -9.990e-29
 146.287517     11.259    16.6141  35.811985    27.4638     11.158  252.48830  252.82929     5.7545     5.9956 -9.990e-29
 146.287520     11.261    16.6138  35.813254    27.4651     11.160  252.48737  252.82835     5.6299     6.0846 -9.990e-29
 146.287523     11.270    16.6142  35.812166    27.4639     11.169  252.48773  252.82873     3.5443     6.0927 -9.990e-29
 146.287526     11.286    16.6142  35.812589    27.4642     11.185  252.48681  252.82781     3.5910     6.0846 -9.990e-29
 146.287529     11.306    16.6143  35.813254    27.4647     11.205  252.48554  252.82654     3.6844     6.0846 -9.990e-29
 146.287532     11.330    16.6145  35.813073    27.4644     11.229  252.48520  252.82621     3.4976     6.0684 -9.990e-29
 146.287535     11.348    16.6144  35.813496    27.4649     11.247  252.48490  252.82591     3.5599     6.0643 -9.990e-29
 146.287538     11.355    16.6142  35.813254    27.4648     11.254  252.48588  252.82687     3.4354     6.0441 -9.990e-29
