seaocn-cb/data/ctd_cnv/SBE19plus_01907321_2024_05_27_Cast67.cnv
* Sea-Bird SBE19plus  Data File:
* FileName = E:\Prandtl_Daten\2024\27052024\raw\SBE19plus_01907321_2024_05_26_Cast67.hex
* Software version 2.6.1.12
* Temperature SN = 7321
* Conductivity SN = 7321
* System UpLoad Time = May 27 2024 06:34:59
* <ApplicationData>
* <Seaterm232>
** 20240527
** Sea Practical 2024
** MCat 27.05 CTD_SP1
** NMEA Latitude = 054 07.814N
** NMEA Longitude = 008 46.850E
** waterdepth =13.2 m
** Merle
# nquan = 11
# nvalues = 484                         
# units = specified
# name 0 = timeJ: Julian Days
# name 1 = prdM: Pressure, Strain Gauge [db]
# name 2 = tv290C: Temperature [ITS-90, deg C]
# name 3 = c0mS/cm: Conductivity [mS/cm]
# name 4 = sal00: Salinity, Practical [PSU]
# name 5 = depSM: Depth [salt water, m], lat = 54.00
# name 6 = oxsatMm/Kg: Oxygen Saturation, Weiss [umol/kg]
# name 7 = oxsolMm/Kg: Oxygen Saturation, Garcia & Gordon [umol/kg]
# name 8 = turbWETntu0: Turbidity, WET Labs ECO [NTU]
# name 9 = flECO-AFL: Fluorescence, WET Labs ECO-AFL/FL [mg/m^3]
# name 10 = flag:  0.000e+00
# span 0 = 148.269184, 148.270582       
# span 1 =      0.437,     11.948       
# span 2 =    18.6715,    18.7262       
# span 3 =  36.310018,  36.324859       
# span 4 =    26.4896,    26.5242       
# span 5 =      0.433,     11.841       
# span 6 =  243.97661,  244.18172       
# span 7 =  244.40473,  244.60781       
# span 8 =     7.9957,    36.1358       
# span 9 =     2.5302,     4.5682       
# span 10 = 0.0000e+00, 0.0000e+00      
# interval = seconds: 0.25
# start_time = May 27 2024 06:26:17 [Instrument's time stamp, header]
# bad_flag = -9.990e-29
*END*
[from data line 263]
 148.269945      7.793    18.6942  36.315817    26.5093      7.723  244.09935  244.52629    17.5210     3.1044 -9.990e-29
 148.269948      7.818    18.6949  36.318005    26.5081      7.748  244.09807  244.52505    17.9257     3.3511 -9.990e-29
 148.269951      7.829    18.6949  36.317580    26.5077      7.759  244.09864  244.52562    17.9412     3.3025 -9.990e-29
 148.269954      7.831    18.6947  36.315574    26.5062      7.761  244.10193  244.52891    17.7078     3.3753 -9.990e-29
 148.269957      7.829    18.6947  36.316668    26.5071      7.759  244.10047  244.52745    17.9568     3.3713 -9.990e-29
 148.269959      7.835    18.6945  36.316668    26.5072      7.765  244.10110  244.52808    17.8790     3.3187 -9.990e-29
 148.269962      7.837    18.6945  36.316546    26.5072      7.766  244.10158  244.52855    17.2564     3.2176 -9.990e-29
 148.269965      7.851    18.6943  36.317093    26.5093      7.781  244.09885  244.52580    17.3654     3.2581 -9.990e-29
 148.269968      7.880    18.6944  36.319099    26.5091      7.810  244.09866  244.52562    17.3732     3.2460 0.0000e+00
 148.269971      7.915    18.6945  36.318674    26.5088      7.844  244.09848  244.52545    17.3654     3.2338 0.0000e+00
 148.269974      7.961    18.6948  36.318005    26.5081      7.889  244.09848  244.52545    15.8712     3.0963 0.0000e+00
 148.269977      8.012    18.6951  36.316972    26.5071      7.940  244.09845  244.52542    15.8712     3.0963 0.0000e+00
 148.269980      8.061    18.6952  36.316912    26.5071      7.989  244.09838  244.52537    15.8556     3.0680 0.0000e+00
 148.269983      8.106    18.6952  36.318006    26.5069      8.034  244.09838  244.52537    15.8868     3.0963 0.0000e+00
 148.269986      8.150    18.6951  36.315818    26.5070      8.077  244.09872  244.52571    16.3537     3.1873 0.0000e+00
 148.269988      8.183    18.6949  36.317581    26.5062      8.110  244.10112  244.52811    16.8517     3.3066 -9.990e-29
 148.269991      8.207    18.6945  36.316548    26.5070      8.133  244.10144  244.52841    16.6961     3.2742 -9.990e-29
 148.269994      8.220    18.6945  36.314664    26.5055      8.146  244.10425  244.53123    16.8517     3.2661 -9.990e-29
 148.269997      8.225    18.6948  36.318249    26.5082      8.151  244.09825  244.52522    17.2564     3.3025 -9.990e-29
 148.270000      8.227    18.6951  36.317763    26.5076      8.153  244.09795  244.52494    17.2408     3.2985 -9.990e-29
 148.270003      8.234    18.6957  36.316669    26.5064      8.160  244.09721  244.52422    17.3187     3.2581 -9.990e-29
 148.270006      8.247    18.6960  36.316973    26.5076      8.173  244.09364  244.52066    17.2875     3.2783 -9.990e-29
 148.270009      8.274    18.6960  36.318432    26.5056      8.200  244.09703  244.52405    16.8440     3.3228 0.0000e+00
 148.270012      8.307    18.6959  36.313570    26.5066      8.233  244.09725  244.52426    16.4471     3.2904 0.0000e+00
 148.270014      8.351    18.6957  36.316913    26.5066      8.276  244.09725  244.52426    16.4004     3.3672 0.0000e+00
 148.270017      8.402    18.6957  36.318250    26.5067      8.327  244.09658  244.52360    16.2914     3.3268 0.0000e+00
 148.270020      8.455    18.6957  36.317217    26.5072      8.379  244.09658  244.52360    16.2914     3.3268 0.0000e+00
 148.270023      8.508    18.6955  36.317582    26.5070      8.432  244.09683  244.52383    18.8595     3.3187 0.0000e+00
 148.270026      8.546    18.6954  36.314665    26.5072      8.470  244.09707  244.52407    21.4276     3.3106 -9.990e-29
 148.270029      8.566    18.6941  36.316002    26.5067      8.490  244.10390  244.53085    21.4276     3.2783 -9.990e-29
 148.270032      8.575    18.6938  36.315820    26.5068      8.499  244.10540  244.53234    21.3187     3.3025 -9.990e-29
 148.270035      8.572    18.6930  36.318433    26.5094      8.495  244.10476  244.53166    22.6572     3.5613 -9.990e-29
 148.270038      8.563    18.6922  36.318920    26.5103      8.486  244.10693  244.53381    22.6261     3.5492 -9.990e-29
 148.270041      8.561    18.6919  36.315151    26.5074      8.484  244.11287  244.53975    22.5638     3.5007 -9.990e-29
 148.270043      8.568    18.6910  36.319102    26.5111      8.492  244.11134  244.53817    20.5093     3.4077 -9.990e-29
 148.270046      8.594    18.6908  36.318920    26.5106      8.517  244.11282  244.53966    20.5171     3.4118 0.0000e+00
 148.270049      8.632    18.6907  36.317400    26.5100      8.555  244.11431  244.54114    20.5093     3.4077 0.0000e+00
 148.270052      8.680    18.6906  36.314666    26.5100      8.602  244.11475  244.54157    20.5249     3.4158 0.0000e+00
 148.270055      8.744    18.6906  36.317583    26.5103      8.665  244.11475  244.54157    20.5405     3.4238 0.0000e+00
 148.270058      8.802    18.6910  36.319771    26.5105      8.723  244.11031  244.53713    20.5560     3.4238 0.0000e+00
 148.270061      8.855    18.6915  36.318678    26.5105      8.776  244.11031  244.53713    21.4743     3.2298 0.0000e+00
 148.270064      8.902    18.6917  36.314423    26.5086      8.823  244.11210  244.53897    21.5444     3.2136 0.0000e+00
 148.270067      8.930    18.6918  36.317341    26.5068      8.850  244.11430  244.54118    21.4743     3.2298 -9.990e-29
 148.270069      8.943    18.6912  36.318252    26.5103      8.863  244.11144  244.53828    21.4120     3.2217 -9.990e-29
 148.270072      8.941    18.6904  36.318435    26.5109      8.861  244.11403  244.54084    24.8517     3.4805 -9.990e-29
 148.270075      8.941    18.6903  36.317766    26.5105      8.861  244.11554  244.54235    24.8206     3.4926 -9.990e-29
 148.270078      8.937    18.6904  36.317645    26.5104      8.857  244.11538  244.54219    24.8206     3.4481 -9.990e-29
 148.270081      8.944    18.6900  36.319772    26.5123      8.864  244.11382  244.54061    24.7584     3.5088 -9.990e-29
 148.270084      8.953    18.6897  36.316004    26.5123      8.873  244.11503  244.54180    23.9646     3.5815 -9.990e-29
 148.270087      8.986    18.6896  36.319590    26.5116      8.906  244.11672  244.54349    23.7467     3.5633 0.0000e+00
 148.270090      9.023    18.6895  36.317767    26.5110      8.942  244.11840  244.54518    23.8245     3.5452 0.0000e+00
 148.270093      9.074    18.6889  36.317341    26.5110      8.993  244.12083  244.54755    23.8245     3.5209 0.0000e+00
 148.270095      9.130    18.6883  36.319287    26.5130      9.049  244.12118  244.54794    24.5871     3.4279 0.0000e+00
 148.270098      9.183    18.6867  36.321111    26.5154      9.101  244.12408  244.55074    24.6961     3.4036 0.0000e+00
 148.270101      9.233    18.6859  36.321354    26.5160      9.150  244.12660  244.55323    24.6416     3.4158 0.0000e+00
 148.270104      9.267    18.6852  36.322023    26.5166      9.184  244.12912  244.55572    24.6961     3.4036 -9.990e-29
 148.270107      9.287    18.6832  36.317586    26.5148      9.204  244.14136  244.56790    24.8050     3.4319 -9.990e-29
 148.270110      9.300    18.6828  36.321841    26.5185      9.217  244.13729  244.56380    24.1047     3.2338 -9.990e-29
 148.270113      9.298    18.6822  36.322023    26.5190      9.215  244.13893  244.56541    23.9334     3.2136 -9.990e-29
 148.270116      9.300    18.6817  36.321112    26.5186      9.217  244.14202  244.56849    24.0268     3.2419 -9.990e-29
 148.270119      9.306    18.6814  36.322449    26.5199      9.222  244.14151  244.56796    24.0268     3.2298 -9.990e-29
 148.270122      9.315    18.6809  36.321112    26.5191      9.231  244.14485  244.57129    25.9568     3.7231 -9.990e-29
 148.270124      9.338    18.6802  36.321416    26.5177      9.255  244.15029  244.57671    25.9412     3.7433 -9.990e-29
 148.270127      9.375    18.6800  36.318924    26.5189      9.291  244.14948  244.57588    25.9490     3.7271 0.0000e+00
 148.270130      9.421    18.6798  36.321355    26.5199      9.336  244.15029  244.57671    25.9568     3.7109 0.0000e+00
 148.270133      9.476    18.6793  36.320869    26.5200      9.391  244.15103  244.57739    26.4082     3.5937 0.0000e+00
 148.270136      9.530    18.6788  36.322207    26.5201      9.445  244.15121  244.57759    26.5015     3.5937 0.0000e+00
 148.270139      9.581    18.6786  36.320566    26.5201      9.496  244.15417  244.58052    26.5638     3.5937 0.0000e+00
 148.270142      9.623    18.6784  36.318256    26.5193      9.537  244.15634  244.58269    26.5872     3.5917 0.0000e+00
 148.270145      9.652    18.6782  36.320688    26.5184      9.566  244.15851  244.58486    26.5638     3.5896 -9.990e-29
 148.270148      9.671    18.6781  36.323119    26.5225      9.584  244.15271  244.57903    27.9646     3.4319 -9.990e-29
 148.270150      9.678    18.6778  36.322207    26.5219      9.591  244.15486  244.58118    27.8556     3.4077 -9.990e-29
 148.270153      9.685    18.6775  36.321417    26.5214      9.598  244.15685  244.58316    28.2292     3.4319 -9.990e-29
 148.270156      9.694    18.6770  36.322694    26.5228      9.607  244.15705  244.58333    28.1202     3.4400 -9.990e-29
 148.270159      9.707    18.6765  36.321114    26.5218      9.620  244.16103  244.58730    27.8556     3.7878 -9.990e-29
 148.270162      9.727    18.6763  36.321357    26.5230      9.640  244.15991  244.58617    27.9023     3.8039 -9.990e-29
 148.270165      9.754    18.6763  36.322451    26.5226      9.667  244.16076  244.58702    27.9802     3.8060 0.0000e+00
 148.270168      9.787    18.6762  36.321418    26.5230      9.700  244.16120  244.58745    27.9023     3.8039 0.0000e+00
 148.270171      9.817    18.6760  36.322208    26.5226      9.729  244.16161  244.58787    26.9996     3.5290 0.0000e+00
 148.270174      9.851    18.6757  36.321540    26.5230      9.763  244.16336  244.58960    26.9996     3.4926 0.0000e+00
 148.270177      9.882    18.6751  36.321540    26.5226      9.794  244.16557  244.59179    26.9685     3.5128 0.0000e+00
 148.270179      9.915    18.6751  36.318926    26.5229      9.826  244.16608  244.59229    27.1241     3.4926 0.0000e+00
 148.270182      9.953    18.6750  36.321418    26.5220      9.864  244.16905  244.59528    27.9646     3.5007 0.0000e+00
 148.270185      9.981    18.6746  36.320021    26.5220      9.891  244.16920  244.59540    27.9646     3.4683 0.0000e+00
 148.270188     10.017    18.6742  36.317772    26.5220      9.928  244.16920  244.59540    27.8556     3.4602 0.0000e+00
 148.270191     10.048    18.6740  36.322027    26.5211      9.959  244.17377  244.59997    27.7778     3.4602 0.0000e+00
 148.270194     10.078    18.6739  36.318258    26.5226      9.988  244.17174  244.59792    27.2642     3.4481 0.0000e+00
 148.270197     10.103    18.6738  36.321237    26.5211     10.013  244.17472  244.60090    26.6727     3.4602 -9.990e-29
 148.270200     10.122    18.6742  36.322027    26.5239     10.031  244.16817  244.59435    26.3148     3.3551 -9.990e-29
 148.270203     10.140    18.6746  36.321784    26.5235     10.049  244.16725  244.59344    26.5327     3.3228 -9.990e-29
 148.270205     10.153    18.6750  36.320447    26.5221     10.062  244.16746  244.59368    26.5482     3.3591 -9.990e-29
 148.270208     10.164    18.6753  36.320690    26.5221     10.073  244.16588  244.59212    22.9529     3.4158 -9.990e-29
 148.270211     10.180    18.6754  36.317408    26.5194     10.089  244.16993  244.59618    22.8284     3.4319 -9.990e-29
 148.270214     10.200    18.6766  36.320872    26.5225     10.109  244.15951  244.58578    23.0930     3.3915 -9.990e-29
 148.270217     10.233    18.6768  36.322209    26.5224     10.142  244.15874  244.58502    23.5755     3.3956 0.0000e+00
 148.270220     10.277    18.6770  36.322210    26.5222     10.185  244.15907  244.58537    23.9023     3.3996 0.0000e+00
 148.270223     10.326    18.6774  36.320447    26.5215     10.234  244.15796  244.58425    23.9023     3.3996 0.0000e+00
 148.270226     10.372    18.6774  36.321663    26.5205     10.279  244.15904  244.58536    23.9023     3.4117 0.0000e+00
 148.270229     10.418    18.6775  36.320022    26.5213     10.324  244.15716  244.58347    24.0580     3.4319 0.0000e+00
 148.270231     10.452    18.6777  36.321785    26.5207     10.359  244.15726  244.58358    25.3109     3.6705 0.0000e+00
 148.270234     10.483    18.6779  36.321359    26.5213     10.389  244.15547  244.58179    26.5638     3.9091 -9.990e-29
 148.270237     10.507    18.6779  36.320022    26.5198     10.413  244.15783  244.58416    26.5327     3.9374 -9.990e-29
 148.270240     10.514    18.6774  36.321420    26.5212     10.420  244.15755  244.58386    26.7506     3.9293 -9.990e-29
 148.270243     10.523    18.6774  36.319779    26.5199     10.429  244.15973  244.58604    26.5015     3.9172 -9.990e-29
 148.270246     10.527    18.6772  36.320448    26.5206     10.433  244.15979  244.58609    28.3537     3.7878 -9.990e-29
 148.270249     10.534    18.6774  36.319779    26.5199     10.440  244.16005  244.58636    28.6183     3.8282 -9.990e-29
 148.270252     10.547    18.6769  36.321116    26.5222     10.453  244.15833  244.58461    28.6027     3.8161 -9.990e-29
 148.270255     10.573    18.6769  36.322271    26.5219     10.478  244.15894  244.58522    28.0112     3.9718 0.0000e+00
 148.270258     10.607    18.6769  36.321360    26.5215     10.512  244.15955  244.58584    27.4198     4.1274 0.0000e+00
 148.270260     10.651    18.6767  36.318017    26.5215     10.556  244.16060  244.58687    27.3576     4.1274 0.0000e+00
 148.270263     10.700    18.6765  36.321786    26.5220     10.604  244.16189  244.58815    27.3576     4.1153 0.0000e+00
 148.270266     10.748    18.6762  36.321543    26.5220     10.651  244.16189  244.58815    27.3576     4.0910 0.0000e+00
 148.270269     10.795    18.6762  36.320388    26.5215     10.698  244.16282  244.58909    27.3732     4.0748 0.0000e+00
 148.270272     10.828    18.6761  36.321786    26.5211     10.731  244.16375  244.59002    27.2953     4.0587 -9.990e-29
 148.270275     10.852    18.6758  36.320874    26.5217     10.755  244.16439  244.59064    27.3887     4.0344 -9.990e-29
 148.270278     10.868    18.6755  36.313824    26.5162     10.771  244.17469  244.60096    27.3264     4.0830 -9.990e-29
 148.270281     10.872    18.6750  36.319781    26.5214     10.775  244.16867  244.59490    24.8984     3.5249 -9.990e-29
 148.270284     10.870    18.6747  36.320024    26.5217     10.773  244.16929  244.59550    24.9140     3.5330 -9.990e-29
 148.270286     10.879    18.6746  36.319720    26.5215     10.782  244.17001  244.59622    24.8362     3.5532 -9.990e-29
 148.270289     10.890    18.6747  36.322455    26.5237     10.793  244.16608  244.59228    24.7895     3.5290 -9.990e-29
 148.270292     10.914    18.6752  36.322212    26.5234     10.816  244.16454  244.59076    28.7739     4.0142 -9.990e-29
 148.270295     10.961    18.6752  36.322455    26.5232     10.863  244.16452  244.59075    28.7584     4.0263 0.0000e+00
 148.270298     11.011    18.6753  36.322030    26.5229     10.912  244.16454  244.59076    28.7428     4.0385 0.0000e+00
 148.270301     11.067    18.6754  36.319720    26.5216     10.968  244.16538  244.59162    28.7428     4.0385 0.0000e+00
 148.270304     11.113    18.6754  36.320693    26.5216     11.013  244.16578  244.59202    28.6961     4.0385 0.0000e+00
 148.270307     11.149    18.6755  36.320876    26.5217     11.050  244.16558  244.59182    26.3615     3.5957 0.0000e+00
 148.270310     11.180    18.6754  36.321119    26.5219     11.080  244.16578  244.59202    23.8868     3.1529 -9.990e-29
 148.270312     11.201    18.6758  36.321787    26.5224     11.100  244.16334  244.58959    23.9334     3.1529 -9.990e-29
 148.270315     11.208    18.6761  36.321423    26.5219     11.107  244.16257  244.58883    23.8245     3.2095 -9.990e-29
 148.270318     11.217    18.6762  36.322699    26.5228     11.117  244.16057  244.58683    22.0191     3.6220 -9.990e-29
