seaocn-cb/data/ctd_cnv/SBE19plus_01907321_2024_05_27_Cast77.cnv
* Sea-Bird SBE19plus  Data File:
* FileName = E:\Prandtl_Daten\2024\27052024\raw\SBE19plus_01907321_2024_05_27_Cast77.hex
* Software version 2.6.1.12
* Temperature SN = 7321
* Conductivity SN = 7321
* System UpLoad Time = May 27 2024 10:36:43
* <ApplicationData>
* <Seaterm232>
** 20240527
** Sea Practical 2024
** MCat 27.05 CTD_SP5
** NMEA Latitude = 54 7.781N
** NMEA Longitude = 008 25.579E
** waterdepth = 9.6m
** Clemens
# nquan = 11
# nvalues = 305                         
# units = specified
# name 0 = timeJ: Julian Days
# name 1 = prdM: Pressure, Strain Gauge [db]
# name 2 = tv290C: Temperature [ITS-90, deg C]
# name 3 = c0mS/cm: Conductivity [mS/cm]
# name 4 = sal00: Salinity, Practical [PSU]
# name 5 = depSM: Depth [salt water, m], lat = 54.00
# name 6 = oxsatMm/Kg: Oxygen Saturation, Weiss [umol/kg]
# name 7 = oxsolMm/Kg: Oxygen Saturation, Garcia & Gordon [umol/kg]
# name 8 = turbWETntu0: Turbidity, WET Labs ECO [NTU]
# name 9 = flECO-AFL: Fluorescence, WET Labs ECO-AFL/FL [mg/m^3]
# name 10 = flag:  0.000e+00
# span 0 = 148.429679, 148.430558       
# span 1 =      0.579,      8.894       
# span 2 =    16.1321,    16.3188       
# span 3 =  36.907116,  37.110702       
# span 4 =    28.7324,    28.8016       
# span 5 =      0.574,      8.814       
# span 6 =  251.68969,  252.63685       
# span 7 =  252.00906,  252.94872       
# span 8 =    -2.6813,   194.0969       
# span 9 =     1.8185,     6.8933       
# span 10 = 0.0000e+00, 0.0000e+00      
# interval = seconds: 0.25
# start_time = May 27 2024 10:15:57 [Instrument's time stamp, header]
# bad_flag = -9.990e-29
*END*
 148.429679      0.579    16.2945  37.097768    28.7927      0.574  251.79403  252.11224    -2.4790     1.8792 -9.990e-29
 148.429682      0.588    16.3041  37.100710    28.7873      0.583  251.75567  252.07434    -2.6035     1.8873 -9.990e-29
 148.429685      0.639    16.3054  37.099606    28.7884      0.633  251.74726  252.06598    -2.6269     1.8832 0.0000e+00
 148.429688      0.716    16.3067  37.104326    28.7895      0.709  251.73884  252.05762    -2.6502     1.8792 0.0000e+00
 148.429690      0.800    16.3103  37.109844    28.7895      0.792  251.71754  252.03646    -2.6813     1.8792 0.0000e+00
 148.429693      0.873    16.3146  37.110457    28.7890      0.865  251.70048  252.01962    -2.6813     1.8792 0.0000e+00
 148.429696      0.933    16.3178  37.110702    28.7869      0.924  251.69467  252.01408    -2.4167     1.8185 0.0000e+00
 148.429699      0.993    16.3188  37.102671    28.7832      0.984  251.68969  252.00906    -2.3856     1.8185 0.0000e+00
 148.429702      1.031    16.3188  37.107269    28.7789      1.022  251.69467  252.01408    -2.4167     1.8185 0.0000e+00
 148.429705      1.060    16.3178  37.100709    28.7795      1.051  251.70330  252.02265    -2.3856     1.8266 0.0000e+00
 148.429708      1.091    16.3157  37.100464    28.7795      1.082  251.71118  252.03043    -2.1988     1.8307 0.0000e+00
 148.429711      1.132    16.3143  37.102978    28.7816      1.121  251.71458  252.03375    -2.1365     1.8347 0.0000e+00
 148.429714      1.172    16.3129  37.100711    28.7837      1.161  251.71798  252.03708    -2.1988     1.8307 -9.990e-29
 148.429716      1.193    16.3074  37.091148    28.7775      1.183  251.75620  252.07508    -2.2300     1.8347 -9.990e-29
 148.429719      1.184    16.3038  37.090903    28.7799      1.174  251.77005  252.08875    -2.2144     1.8185 -9.990e-29
 148.429722      1.157    16.2992  37.085510    28.7785      1.147  251.79480  252.11332    -2.2611     2.0773 -9.990e-29
 148.429725      1.132    16.2934  37.077297    28.7757      1.121  251.82883  252.14710    -2.1988     2.0814 -9.990e-29
 148.429728      1.135    16.2821  37.081649    28.7849      1.125  251.86883  252.18653    -2.1522     2.0975 -9.990e-29
 148.429731      1.164    16.2806  37.078647    28.7845      1.154  251.87723  252.19486    -2.0043     2.1501 0.0000e+00
 148.429734      1.225    16.2791  37.075031    28.7845      1.214  251.88562  252.20318    -1.9031     2.1905 0.0000e+00
 148.429737      1.289    16.2767  37.073622    28.7840      1.277  251.89673  252.21419    -1.9031     2.1905 0.0000e+00
 148.429740      1.349    16.2736  37.065533    28.7815      1.337  251.92014  252.23749    -1.9187     2.1905 0.0000e+00
 148.429742      1.402    16.2691  37.063880    28.7815      1.389  251.93942  252.25655    -1.9187     2.2229 0.0000e+00
 148.429745      1.449    16.2641  37.061858    28.7826      1.436  251.96103  252.27792    -0.9537     2.4453 0.0000e+00
 148.429748      1.493    16.2611  37.058488    28.7832      1.479  251.97744  252.29420    -0.9537     2.4615 0.0000e+00
 148.429751      1.553    16.2575  37.056283    28.7832      1.539  251.99394  252.31053    -0.9226     2.4655 0.0000e+00
 148.429754      1.608    16.2556  37.053710    28.7835      1.593  252.00291  252.31941    -0.9148     2.4655 0.0000e+00
 148.429757      1.652    16.2538  37.053956    28.7837      1.637  252.01188  252.32830    -0.8448     2.4655 -9.990e-29
 148.429760      1.670    16.2477  37.049606    28.7845      1.655  252.04049  252.35663    -1.3739     2.5383 -9.990e-29
 148.429763      1.662    16.2449  37.048074    28.7852      1.648  252.05325  252.36926    -1.5140     2.5302 -9.990e-29
 148.429766      1.642    16.2419  37.040049    28.7805      1.628  252.07654  252.39244    -1.4362     2.4979 -9.990e-29
 148.429769      1.620    16.2366  37.032147    28.7775      1.606  252.10805  252.42373    -1.4518     2.5342 -9.990e-29
 148.429771      1.615    16.2231  37.029697    28.7868      1.601  252.15926  252.47427    -1.1094     2.8335 -9.990e-29
 148.429774      1.649    16.2219  37.031597    28.7877      1.635  252.16368  252.47863    -1.1405     2.8436 0.0000e+00
 148.429777      1.699    16.2207  37.031720    28.7886      1.684  252.16810  252.48299    -1.1716     2.8537 0.0000e+00
 148.429780      1.766    16.2193  37.030801    28.7886      1.751  252.17460  252.48943    -1.1716     2.8537 0.0000e+00
 148.429783      1.830    16.2177  37.024064    28.7844      1.814  252.19094  252.50572    -1.2806     2.7809 0.0000e+00
 148.429786      1.892    16.2148  37.021982    28.7844      1.875  252.20487  252.51951    -1.1405     2.7728 0.0000e+00
 148.429789      1.943    16.2129  37.023207    28.7863      1.926  252.21102  252.52557    -1.1950     2.7687 0.0000e+00
 148.429792      1.971    16.2110  37.020635    28.7882      1.953  252.21717  252.53162    -1.1094     2.7728 -9.990e-29
 148.429795      1.987    16.2063  37.024678    28.7928      1.970  252.23240  252.54660    -1.3428     2.6717 -9.990e-29
 148.429797      2.000    16.2068  37.028353    28.7956      1.982  252.22515  252.53935    -1.3895     2.6475 -9.990e-29
 148.429800      2.024    16.2133  37.035582    28.8000      2.006  252.18515  252.49962    -1.4673     2.6353 -9.990e-29
 148.429803      2.051    16.2156  37.038951    28.7974      2.033  252.17849  252.49308    -1.0315     2.9608 0.0000e+00
 148.429806      2.078    16.2178  37.036622    28.7948      2.060  252.17626  252.49111    -0.5957     3.2783 0.0000e+00
 148.429809      2.111    16.2181  37.029210    28.7871      2.093  252.17626  252.49111    -0.5957     3.2783 0.0000e+00
 148.429812      2.148    16.2181  37.026454    28.7869      2.129  252.18577  252.50056    -0.7047     3.2783 0.0000e+00
 148.429815      2.194    16.2146  37.024923    28.7857      2.174  252.20127  252.51589    -0.7047     3.2783 0.0000e+00
 148.429818      2.234    16.2096  37.015430    28.7849      2.214  252.23428  252.54871    -0.5957     3.2702 0.0000e+00
 148.429821      2.272    16.2069  37.013899    28.7837      2.252  252.24533  252.55962    -0.2222     3.0397 0.0000e+00
 148.429823      2.303    16.2043  37.015860    28.7849      2.283  252.25637  252.57054     0.1513     2.7930 -9.990e-29
 148.429826      2.323    16.1980  37.017208    28.7922      2.303  252.27488  252.58870     0.0268     2.7688 -9.990e-29
 148.429829      2.327    16.1969  37.017147    28.7930      2.306  252.27917  252.59294     0.2292     2.7890 -9.990e-29
 148.429832      2.342    16.1951  37.007960    28.7863      2.321  252.29943  252.61317     0.7895     3.6422 -9.990e-29
 148.429835      2.367    16.1866  37.005695    28.7875      2.346  252.33972  252.65306     0.7895     3.6584 -9.990e-29
 148.429838      2.400    16.1846  37.002266    28.7889      2.378  252.34756  252.66080     0.8051     3.6705 0.0000e+00
 148.429841      2.444    16.1825  37.002021    28.7881      2.422  252.35540  252.66854     0.8206     3.6584 0.0000e+00
 148.429844      2.487    16.1787  36.996388    28.7902      2.465  252.37820  252.69118     0.8206     3.5169 0.0000e+00
 148.429847      2.526    16.1750  37.000002    28.7939      2.503  252.38664  252.69941     0.8517     3.5169 0.0000e+00
 148.429850      2.559    16.1729  37.002268    28.7957      2.536  252.39138  252.70403     0.8517     3.5532 0.0000e+00
 148.429852      2.597    16.1729  37.000247    28.7963      2.574  252.39138  252.70403     0.8829     3.5532 0.0000e+00
 148.429855      2.626    16.1728  37.001350    28.7957      2.603  252.39471  252.70736     3.0774     3.6382 0.0000e+00
 148.429858      2.659    16.1725  36.995961    28.7937      2.635  252.40202  252.71469     3.0774     3.6624 0.0000e+00
 148.429861      2.690    16.1706  36.996145    28.7930      2.666  252.40896  252.72153     3.0619     3.6624 0.0000e+00
 148.429864      2.719    16.1684  36.993451    28.7930      2.695  252.42139  252.73386     3.0463     3.6584 0.0000e+00
 148.429867      2.744    16.1674  36.987941    28.7913      2.720  252.42910  252.74154     3.0308     3.6584 0.0000e+00
 148.429870      2.770    16.1664  36.988002    28.7896      2.745  252.43680  252.74921     3.0463     3.6584 -9.990e-29
 148.429873      2.792    16.1583  36.984145    28.7918      2.767  252.47382  252.78584     2.3770     3.9131 -9.990e-29
 148.429876      2.825    16.1568  36.983656    28.7926      2.800  252.47983  252.79178     2.3848     3.9293 0.0000e+00
 148.429878      2.859    16.1553  36.983044    28.7928      2.834  252.48584  252.79772     2.3770     3.9131 0.0000e+00
 148.429881      2.900    16.1531  36.980534    28.7934      2.874  252.49800  252.80977     0.7895     3.6826 0.0000e+00
 148.429884      2.940    16.1511  36.980841    28.7945      2.913  252.50506  252.81673     0.7895     3.6826 0.0000e+00
 148.429887      2.989    16.1499  36.982555    28.7967      2.962  252.50704  252.81863     0.8984     3.6746 0.0000e+00
 148.429890      3.035    16.1490  36.981698    28.7968      3.008  252.50704  252.81863     0.8984     3.6826 0.0000e+00
 148.429893      3.069    16.1489  36.985984    28.7986      3.042  252.50876  252.82030     0.3614     3.8302 0.0000e+00
 148.429896      3.106    16.1488  36.987760    28.8005      3.078  252.50587  252.81740    -0.1755     3.9859 -9.990e-29
 148.429899      3.117    16.1532  36.988372    28.7995      3.089  252.48615  252.79788    -0.1132     4.0061 -9.990e-29
 148.429902      3.126    16.1552  36.984147    28.7944      3.098  252.48495  252.79681    -0.0977     4.0021 -9.990e-29
 148.429905      3.124    16.1557  36.988923    28.7981      3.096  252.47574  252.78759    -1.1716     4.2488 -9.990e-29
 148.429907      3.122    16.1563  36.990760    28.7993      3.094  252.47090  252.78278    -1.1560     4.2649 -9.990e-29
 148.429910      3.135    16.1616  36.995719    28.8016      3.107  252.44007  252.75218    -1.1716     4.2528 -9.990e-29
 148.429913      3.161    16.1634  36.997985    28.7987      3.133  252.43583  252.74804    -1.1405     4.2447 0.0000e+00
 148.429916      3.199    16.1653  36.994433    28.7992      3.170  252.43159  252.74390    -1.1405     4.2366 0.0000e+00
 148.429919      3.254    16.1679  37.000495    28.7967      3.225  252.41300  252.72541    -1.1405     4.2366 0.0000e+00
 148.429922      3.310    16.1694  36.998903    28.7988      3.281  252.40971  252.72220    -1.1405     4.2488 0.0000e+00
 148.429925      3.361    16.1713  37.002883    28.7985      3.331  252.39662  252.70918    -1.1405     4.2488 0.0000e+00
 148.429928      3.411    16.1732  37.004108    28.7988      3.380  252.38792  252.70058    -1.1405     4.2204 0.0000e+00
 148.429931      3.460    16.1753  37.006986    28.7985      3.429  252.37587  252.68861    -1.1405     3.6746 0.0000e+00
 148.429933      3.502    16.1768  37.005210    28.7968      3.471  252.37284  252.68567    -1.1716     3.6665 0.0000e+00
 148.429936      3.539    16.1773  37.005027    28.7964      3.507  252.37119  252.68405    -1.1950     3.6645 0.0000e+00
 148.429939      3.568    16.1777  37.004782    28.7959      3.536  252.36954  252.68242    -1.2183     3.6624 -9.990e-29
 148.429942      3.589    16.1788  37.006374    28.7963      3.557  252.36366  252.67659    -0.4401     4.0587 -9.990e-29
 148.429945      3.606    16.1793  37.006129    28.7958      3.573  252.36224  252.67519    -0.4401     4.0466 -9.990e-29
 148.429948      3.620    16.1809  37.006986    28.7983      3.588  252.34989  252.66289    -0.4712     4.0789 -9.990e-29
 148.429951      3.649    16.1819  37.010416    28.7987      3.617  252.34452  252.65757    -1.0237     3.8949 0.0000e+00
 148.429954      3.675    16.1819  37.012804    28.7987      3.642  252.34452  252.65757    -1.0237     3.8949 0.0000e+00
 148.429957      3.706    16.1828  37.010906    28.7990      3.673  252.33915  252.65224    -1.5763     3.7109 -9.990e-29
 148.429959      3.729    16.1870  37.014029    28.7955      3.696  252.32395  252.63725    -1.6541     3.7716 -9.990e-29
 148.429962      3.757    16.1870  37.012375    28.7955      3.723  252.32395  252.63725    -1.6541     3.7716 0.0000e+00
 148.429965      3.784    16.1870  37.014948    28.7955      3.750  252.32395  252.63725    -1.6541     3.7716 -9.990e-29
 148.429968      3.804    16.1887  37.008640    28.7989      3.770  252.30968  252.62304    -1.1716     3.5815 -9.990e-29
 148.429971      3.836    16.1895  37.017765    28.7980      3.801  252.30723  252.62063    -1.1483     3.5997 0.0000e+00
 148.429974      3.861    16.1903  37.017030    28.7971      3.826  252.30479  252.61823    -1.1405     3.5977 0.0000e+00
 148.429977      3.903    16.1923  37.016540    28.7952      3.868  252.29805  252.61160    -1.1405     3.5977 0.0000e+00
 148.429980      3.945    16.1937  37.014519    28.7929      3.910  252.29598  252.60961    -1.6074     3.5371 0.0000e+00
 148.429983      3.985    16.1946  37.015866    28.7929      3.950  252.29040  252.60407    -1.7008     3.5371 0.0000e+00
 148.429986      4.016    16.1951  37.019541    28.7929      3.980  252.28487  252.59860    -1.6385     3.5532 0.0000e+00
 148.429988      4.053    16.1958  37.016785    28.7958      4.017  252.28315  252.59683    -1.6385     3.5735 0.0000e+00
 148.429991      4.091    16.1966  37.023829    28.7944      4.055  252.27545  252.58922    -0.7825     4.2245 0.0000e+00
 148.429994      4.128    16.1966  37.019725    28.7944      4.091  252.27545  252.58922    -0.6891     4.2528 0.0000e+00
 148.429997      4.162    16.1963  37.017459    28.7930      4.125  252.28183  252.59558    -0.6113     4.2568 0.0000e+00
 148.430000      4.190    16.1954  37.009498    28.7903      4.152  252.29136  252.60508    -0.6113     4.2608 0.0000e+00
 148.430003      4.221    16.1944  37.012377    28.7876      4.183  252.30088  252.61458    -0.6113     4.2649 -9.990e-29
 148.430006      4.243    16.1889  37.008396    28.7906      4.205  252.32324  252.63667     0.9140     3.8363 -9.990e-29
 148.430009      4.272    16.1861  37.009560    28.7936      4.234  252.33202  252.64530     0.7428     3.8606 -9.990e-29
 148.430012      4.294    16.1826  37.005029    28.7900      4.255  252.35542  252.66856     0.8517     3.8565 -9.990e-29
 148.430014      4.319    16.1812  37.002518    28.7901      4.281  252.36266  252.67574     0.9685     3.9333 0.0000e+00
 148.430017      4.355    16.1797  37.000253    28.7900      4.317  252.36991  252.68291     1.0852     3.9778 0.0000e+00
 148.430020      4.385    16.1762  36.992537    28.7902      4.346  252.39430  252.70717     1.0852     3.9900 0.0000e+00
 148.430023      4.416    16.1722  36.995722    28.7916      4.376  252.40457  252.71723     1.1630     3.9859 0.0000e+00
 148.430026      4.448    16.1688  36.995968    28.7943      4.409  252.41712  252.72960     1.1630     3.9900 0.0000e+00
 148.430029      4.492    16.1661  36.995968    28.7961      4.452  252.42704  252.73938     1.7856     3.9859 0.0000e+00
 148.430032      4.536    16.1646  36.994560    28.7961      4.495  252.43486  252.74713     1.8167     3.9940 0.0000e+00
 148.430035      4.585    16.1637  36.991621    28.7941      4.544  252.44256  252.75481     1.7856     3.9940 0.0000e+00
 148.430038      4.633    16.1625  36.989172    28.7929      4.591  252.45073  252.76293     1.8167     4.0183 0.0000e+00
 148.430041      4.676    16.1619  36.987519    28.7927      4.634  252.45437  252.76655     1.8401     4.2306 0.0000e+00
 148.430043      4.709    16.1612  36.985744    28.7924      4.667  252.45801  252.77016     1.8945     4.4428 -9.990e-29
 148.430046      4.724    16.1585  36.990765    28.7971      4.681  252.46340  252.77539     1.7856     4.4307 -9.990e-29
 148.430049      4.727    16.1570  36.988377    28.7961      4.685  252.47266  252.78459     1.8790     4.4752 -9.990e-29
 148.430052      4.729    16.1557  36.980357    28.7901      4.687  252.48940  252.80131     3.5910     4.2285 -9.990e-29
 148.430055      4.732    16.1540  36.979867    28.7909      4.690  252.49643  252.80826     3.5288     4.2124 -9.990e-29
