seaocn-cb/data/ctd_cnv/SBE19plus_01907321_2024_05_26_Cast62.cnv
* Sea-Bird SBE19plus  Data File:
* FileName = E:\Prandtl_Daten\2024\26052024\raw\SBE19plus_01907321_2024_05_26_Cast62.hex
* Software version 2.6.1.12
* Temperature SN = 7321
* Conductivity SN = 7321
* System UpLoad Time = May 26 2024 12:05:47
* <ApplicationData>
* <Seaterm232>
** 20240526
** Sea Practical 2024
** MCat 26.05 CTD_FS1
** NMEA Latitude = 054 5.024N
** NMEA Longitude = 008 30.33E
** waterdepth =9.6m
** Andreas
# nquan = 11
# nvalues = 346                         
# units = specified
# name 0 = timeJ: Julian Days
# name 1 = prdM: Pressure, Strain Gauge [db]
# name 2 = tv290C: Temperature [ITS-90, deg C]
# name 3 = c0mS/cm: Conductivity [mS/cm]
# name 4 = sal00: Salinity, Practical [PSU]
# name 5 = depSM: Depth [salt water, m], lat = 54.00
# name 6 = oxsatMm/Kg: Oxygen Saturation, Weiss [umol/kg]
# name 7 = oxsolMm/Kg: Oxygen Saturation, Garcia & Gordon [umol/kg]
# name 8 = turbWETntu0: Turbidity, WET Labs ECO [NTU]
# name 9 = flECO-AFL: Fluorescence, WET Labs ECO-AFL/FL [mg/m^3]
# name 10 = flag:  0.000e+00
# span 0 = 147.500284, 147.501282       
# span 1 =      0.508,      8.880       
# span 2 =    15.4448,    16.0063       
# span 3 =  37.474760,  37.631088       
# span 4 =    29.4577,    29.7535       
# span 5 =      0.504,      8.801       
# span 6 =  252.08854,  254.40325       
# span 7 =  252.38894,  254.67443       
# span 8 =    -3.5685,     6.5793       
# span 9 =     2.6414,     7.2047       
# span 10 = 0.0000e+00, 0.0000e+00      
# interval = seconds: 0.25
# start_time = May 26 2024 11:58:59 [Instrument's time stamp, header]
# bad_flag = -9.990e-29
*END*
[from data line 263]
 147.501045      7.551    15.4514  37.478698    29.7447      7.484  254.38234  254.65382    -0.6113     5.7813 -9.990e-29
 147.501047      7.571    15.4506  37.475866    29.7449      7.504  254.38597  254.65742     0.1513     7.0672 -9.990e-29
 147.501050      7.601    15.4509  37.478267    29.7450      7.533  254.38429  254.65576     0.2058     7.0753 0.0000e+00
 147.501053      7.650    15.4512  37.479129    29.7452      7.581  254.38261  254.65409     0.2447     7.0793 0.0000e+00
 147.501056      7.695    15.4522  37.480483    29.7457      7.627  254.37673  254.64825     0.2603     7.0793 0.0000e+00
 147.501059      7.746    15.4527  37.482330    29.7462      7.677  254.37186  254.64340     0.2447     7.0591 0.0000e+00
 147.501062      7.790    15.4537  37.482453    29.7462      7.721  254.36787  254.63947     0.2136     7.0550 0.0000e+00
 147.501065      7.834    15.4548  37.482330    29.7462      7.764  254.36397  254.63562    -0.3778     5.4214 0.0000e+00
 147.501068      7.872    15.4552  37.484177    29.7458      7.802  254.36138  254.63305    -0.3778     5.4093 0.0000e+00
 147.501071      7.901    15.4555  37.484854    29.7464      7.831  254.35880  254.63048    -0.3778     5.4214 -9.990e-29
 147.501073      7.925    15.4558  37.482885    29.7450      7.854  254.35964  254.63134    -0.3156     5.3769 -9.990e-29
 147.501076      7.941    15.4555  37.479807    29.7425      7.870  254.36556  254.63727    -0.3778     5.5629 -9.990e-29
 147.501079      7.961    15.4552  37.481346    29.7441      7.890  254.36438  254.63606    -0.3778     5.5912 -9.990e-29
 147.501082      7.983    15.4557  37.483008    29.7439      7.912  254.36198  254.63368    -0.3778     5.6074 -9.990e-29
 147.501085      8.012    15.4553  37.481592    29.7411      7.941  254.36872  254.64042     0.2136     6.0825 0.0000e+00
 147.501088      8.053    15.4549  37.474760    29.7439      7.980  254.36960  254.64118     0.6494     6.5577 0.0000e+00
 147.501091      8.089    15.4535  37.482024    29.7455      8.017  254.37426  254.64581     0.8050     6.5577 0.0000e+00
 147.501094      8.122    15.4531  37.480916    29.7457      8.049  254.37193  254.64350     0.7895     6.5456 0.0000e+00
 147.501097      8.151    15.4527  37.483994    29.7455      8.078  254.37426  254.64581     0.9296     6.5213 -9.990e-29
 147.501100      8.173    15.4537  37.483686    29.7472      8.100  254.36650  254.63808     0.2136     5.6681 -9.990e-29
 147.501102      8.191    15.4548  37.481100    29.7440      8.118  254.36608  254.63774     0.4004     5.6842 -9.990e-29
 147.501105      8.195    15.4552  37.485102    29.7473      8.122  254.35875  254.63040     0.3537     5.6964 -9.990e-29
 147.501108      8.204    15.4558  37.482455    29.7445      8.131  254.36047  254.63218     0.1825     5.6842 -9.990e-29
 147.501111      8.206    15.4568  37.486025    29.7469      8.132  254.35116  254.62289     0.2292     5.7206 -9.990e-29
 147.501114      8.215    15.4576  37.484855    29.7453      8.141  254.35002  254.62181     1.9101     5.8905 -9.990e-29
 147.501117      8.226    15.4569  37.482885    29.7440      8.152  254.35570  254.62747     1.8167     5.9390 -9.990e-29
 147.501120      8.248    15.4544  37.483255    29.7455      8.174  254.36552  254.63715     1.8945     5.8824 -9.990e-29
 147.501123      8.281    15.4534  37.482455    29.7456      8.207  254.37084  254.64241     1.4354     5.8500 0.0000e+00
 147.501126      8.323    15.4523  37.480916    29.7458      8.248  254.37615  254.64767     0.9762     5.8258 0.0000e+00
 147.501128      8.372    15.4500  37.482025    29.7484      8.297  254.38301  254.65439     0.9762     5.8177 0.0000e+00
 147.501131      8.418    15.4486  37.481164    29.7487      8.342  254.38965  254.66097     1.0852     5.8136 0.0000e+00
 147.501134      8.461    15.4484  37.481595    29.7494      8.386  254.38965  254.66097     1.1630     5.8136 0.0000e+00
 147.501137      8.498    15.4484  37.483257    29.7506      8.422  254.38707  254.65837     1.9879     6.2706 0.0000e+00
 147.501140      8.536    15.4485  37.483319    29.7506      8.460  254.38670  254.65800     1.9879     6.2787 0.0000e+00
 147.501143      8.567    15.4487  37.483011    29.7505      8.490  254.38661  254.65792     2.0191     6.2787 0.0000e+00
 147.501146      8.603    15.4489  37.483565    29.7502      8.526  254.38643  254.65775     2.2836     6.2787 0.0000e+00
 147.501149      8.631    15.4489  37.482580    29.7505      8.554  254.38489  254.65621     2.7194     6.2787 0.0000e+00
 147.501152      8.658    15.4491  37.486151    29.7499      8.581  254.38122  254.65259     2.7194     6.2787 0.0000e+00
 147.501155      8.687    15.4498  37.483688    29.7506      8.610  254.38036  254.65167     2.7194     6.3151 0.0000e+00
 147.501157      8.717    15.4502  37.484858    29.7506      8.639  254.37797  254.64936     2.7350     6.2665 0.0000e+00
 147.501160      8.744    15.4502  37.486028    29.7514      8.666  254.37785  254.64921     2.7350     6.2625 0.0000e+00
 147.501163      8.777    15.4502  37.485535    29.7515      8.698  254.37687  254.64824     2.2525     6.1210 0.0000e+00
 147.501166      8.806    15.4500  37.483442    29.7514      8.727  254.37785  254.64921     1.5521     5.9794 -9.990e-29
 147.501169      8.806    15.4500  37.482642    29.7488      8.727  254.38232  254.65370     1.3498     5.9269 -9.990e-29
 147.501172      8.793    15.4500  37.483258    29.7494      8.714  254.38136  254.65274     1.4432     6.0077 -9.990e-29
 147.501175      8.773    15.4498  37.485535    29.7516      8.694  254.37873  254.65008     2.1903     5.7894 -9.990e-29
 147.501178      8.751    15.4492  37.483689    29.7504      8.673  254.38362  254.65495     1.9101     5.8177 -9.990e-29
 147.501181      8.726    15.4489  37.481349    29.7485      8.647  254.38838  254.65971     2.0813     5.8419 -9.990e-29
 147.501183      8.704    15.4485  37.484366    29.7515      8.626  254.38519  254.65649     2.0191     5.8743 -9.990e-29
 147.501186      8.680    15.4479  37.482457    29.7503      8.602  254.39047  254.66174     1.8790     5.9713 -9.990e-29
 147.501189      8.673    15.4470  37.483011    29.7514      8.595  254.39285  254.66407     1.8167     5.9390 -9.990e-29
 147.501192      8.682    15.4466  37.482211    29.7511      8.604  254.39585  254.66705     1.9724     5.9430 -9.990e-29
 147.501195      8.700    15.4459  37.479133    29.7489      8.622  254.40324  254.67443     1.7856     5.9875 -9.990e-29
 147.501198      8.729    15.4453  37.481781    29.7516      8.651  254.40125  254.67238     2.6105     6.4000 -9.990e-29
 147.501201      8.765    15.4448  37.480919    29.7523      8.687  254.40239  254.67349     2.7350     6.4161 -9.990e-29
 147.501204      8.796    15.4448  37.482212    29.7523      8.718  254.40239  254.67349     2.7350     6.4161 0.0000e+00
 147.501207      8.826    15.4448  37.479811    29.7523      8.747  254.40239  254.67349     2.7350     6.4161 -9.990e-29
 147.501209      8.848    15.4448  37.483566    29.7535      8.769  254.40034  254.67143     2.4860     6.4364 -9.990e-29
 147.501212      8.859    15.4455  37.483258    29.7527      8.780  254.39817  254.66931     1.1941     6.4161 -9.990e-29
 147.501215      8.861    15.4461  37.481104    29.7504      8.781  254.39943  254.67061     1.2097     6.4283 -9.990e-29
 147.501218      8.855    15.4468  37.483443    29.7519      8.776  254.39318  254.66438     1.1008     6.4283 -9.990e-29
 147.501221      8.839    15.4478  37.485105    29.7526      8.760  254.38679  254.65803     1.1786     6.3797 -9.990e-29
 147.501224      8.824    15.4484  37.483566    29.7508      8.745  254.38679  254.65808     2.7817     6.4525 -9.990e-29
 147.501227      8.808    15.4484  37.481842    29.7493      8.729  254.38943  254.66074     2.5482     6.5172 -9.990e-29
 147.501230      8.795    15.4481  37.480672    29.7485      8.716  254.39240  254.66370     2.4237     6.4768 -9.990e-29
 147.501233      8.790    15.4475  37.479134    29.7476      8.711  254.39712  254.66839     2.3926     6.4485 -9.990e-29
 147.501236      8.788    15.4470  37.481350    29.7499      8.709  254.39547  254.66671     1.9879     6.0522 -9.990e-29
 147.501238      8.781    15.4470  37.480919    29.7496      8.702  254.39613  254.66737     1.9412     6.0765 -9.990e-29
 147.501241      8.775    15.4469  37.480673    29.7495      8.697  254.39710  254.66832     1.8167     6.0320 -9.990e-29
 147.501244      8.760    15.4467  37.482766    29.7514      8.682  254.39446  254.66566     1.7700     6.0360 -9.990e-29
 147.501247      8.746    15.4466  37.481103    29.7500      8.668  254.39730  254.66851     2.3459     6.0522 -9.990e-29
 147.501250      8.733    15.4466  37.479995    29.7491      8.655  254.39900  254.67021     2.1124     6.1210 -9.990e-29
 147.501253      8.718    15.4463  37.481350    29.7505      8.640  254.39808  254.66927     2.4548     6.0522 -9.990e-29
 147.501256      8.705    15.4462  37.479811    29.7492      8.627  254.40073  254.67193     2.4860     6.1088 -9.990e-29
 147.501259      8.696    15.4460  37.481596    29.7509      8.618  254.39887  254.67004     2.2369     6.1088 -9.990e-29
 147.501262      8.700    15.4458  37.479318    29.7491      8.622  254.40325  254.67443     2.5171     6.2665 -9.990e-29
 147.501264      8.713    15.4456  37.481350    29.7510      8.635  254.40072  254.67188     2.4237     6.2948 -9.990e-29
 147.501267      8.740    15.4455  37.482335    29.7520      8.662  254.39981  254.67095     2.4548     6.3070 -9.990e-29
 147.501270      8.775    15.4458  37.480919    29.7503      8.696  254.40114  254.67231     1.5054     6.3555 -9.990e-29
 147.501273      8.813    15.4460  37.480734    29.7516      8.734  254.39790  254.66908     1.5288     6.3474 0.0000e+00
 147.501276      8.844    15.4460  37.483997    29.7516      8.765  254.39790  254.66908     1.5288     6.3474 0.0000e+00
 147.501279      8.869    15.4462  37.483012    29.7529      8.790  254.39467  254.66584     1.5521     6.3393 -9.990e-29
 147.501282      8.880    15.4479  37.484182    29.7517      8.801  254.38794  254.65920     1.4899     6.3272 -9.990e-29
