seaocn-cb/data/ctd_cnv/SBE19plus_01907321_2024_05_22_Cast09.cnv
* Sea-Bird SBE19plus  Data File:
* FileName = E:\Prandtl_Daten\2024\CTD\raw\SBE19plus_01907321_2024_05_21_Cast09.hex
* Software version 2.6.1.12
* Temperature SN = 7321
* Conductivity SN = 7321
* System UpLoad Time = May 22 2024 09:59:36
* <ApplicationData>
* <Seaterm232>
** 20240522
** Sea Practical 2024
** MCat 22.05 CTD_SP2
** NMEA Latitude = 54 06.063N
** NMEA Longitude = 008 34.378E
** waterdepth = 14.5m
** Isabelle
# nquan = 11
# nvalues = 455                         
# units = specified
# name 0 = timeJ: Julian Days
# name 1 = prdM: Pressure, Strain Gauge [db]
# name 2 = tv290C: Temperature [ITS-90, deg C]
# name 3 = c0mS/cm: Conductivity [mS/cm]
# name 4 = sal00: Salinity, Practical [PSU]
# name 5 = depSM: Depth [salt water, m], lat = 54.00
# name 6 = oxsatMm/Kg: Oxygen Saturation, Weiss [umol/kg]
# name 7 = oxsolMm/Kg: Oxygen Saturation, Garcia & Gordon [umol/kg]
# name 8 = turbWETntu0: Turbidity, WET Labs ECO [NTU]
# name 9 = flECO-AFL: Fluorescence, WET Labs ECO-AFL/FL [mg/m^3]
# name 10 = flag:  0.000e+00
# span 0 = 143.412705, 143.414019       
# span 1 =      0.621,     12.969       
# span 2 =    15.3377,    16.3661       
# span 3 =  35.650086,  36.210046       
# span 4 =    27.4997,    28.7074       
# span 5 =      0.615,     12.853       
# span 6 =  253.65812,  256.78348       
# span 7 =  253.98809,  257.05725       
# span 8 =    -1.4206,     4.4159       
# span 9 =     7.8314,    11.0744       
# span 10 = 0.0000e+00, 0.0000e+00      
# interval = seconds: 0.25
# start_time = May 22 2024 09:52:56 [Instrument's time stamp, header]
# bad_flag = -9.990e-29
*END*
[from data line 263]
 143.413466      7.699    15.6304  36.064052    28.3715      7.630  255.87027  256.16065     2.9373     8.6604 -9.990e-29
 143.413469      7.710    15.6291  36.063628    28.3721      7.641  255.87608  256.16639     2.3926     9.0849 -9.990e-29
 143.413472      7.726    15.6258  36.064719    28.3773      7.657  255.88382  256.17394     2.3148     9.1375 -9.990e-29
 143.413475      7.759    15.6254  36.066902    28.3762      7.690  255.88785  256.17796     2.2526     9.1415 0.0000e+00
 143.413478      7.796    15.6250  36.063629    28.3751      7.726  255.89188  256.18198     2.2525     9.1456 0.0000e+00
 143.413481      7.837    15.6235  36.062538    28.3751      7.767  255.89933  256.18935     2.2525     9.2143 0.0000e+00
 143.413484      7.883    15.6217  36.065145    28.3787      7.813  255.90234  256.19225     2.4237     9.2548 0.0000e+00
 143.413487      7.932    15.6201  36.065812    28.3803      7.861  255.90740  256.19723     2.4237     9.2548 0.0000e+00
 143.413490      7.972    15.6194  36.066479    28.3803      7.901  255.90944  256.19921     2.4237     9.2224 0.0000e+00
 143.413492      8.005    15.6194  36.058418    28.3780      7.934  255.91576  256.20556     3.3031     9.0970 0.0000e+00
 143.413495      8.031    15.6193  36.068661    28.3745      7.959  255.92209  256.21192     4.3070     8.9717 -9.990e-29
 143.413498      8.042    15.6182  36.067994    28.3836      7.970  255.91170  256.20141     4.2292     9.0000 -9.990e-29
 143.413501      8.042    15.6165  36.073268    28.3894      7.970  255.90999  256.19958     4.1825     8.9515 -9.990e-29
 143.413504      8.045    15.6133  36.071935    28.3906      7.973  255.92445  256.21388     3.5132     9.4934 -9.990e-29
 143.413507      8.051    15.6101  36.072845    28.3937      7.979  255.93548  256.22473     3.4510     9.4408 -9.990e-29
 143.413510      8.075    15.6051  36.073512    28.4008      8.002  255.94877  256.23773     3.4821     9.4003 -9.990e-29
 143.413513      8.104    15.6033  36.076846    28.4023      8.031  255.95513  256.24399     3.5366     9.3821 0.0000e+00
 143.413516      8.137    15.6015  36.077453    28.4038      8.064  255.96149  256.25025     3.4821     9.3640 0.0000e+00
 143.413519      8.177    15.5971  36.086244    28.4147      8.104  255.96500  256.25348     3.2953     8.9111 0.0000e+00
 143.413521      8.223    15.5900  36.093944    28.4265      8.149  255.98078  256.26883     3.1708     8.9111 0.0000e+00
 143.413524      8.261    15.5815  36.092854    28.4316      8.187  256.01516  256.30277     3.1708     8.8666 0.0000e+00
 143.413527      8.307    15.5746  36.099221    28.4422      8.232  256.03205  256.31925     3.2486     8.8423 0.0000e+00
 143.413530      8.347    15.5685  36.100314    28.4475      8.272  256.05370  256.34057     3.3576     8.7372 0.0000e+00
 143.413533      8.378    15.5659  36.100314    28.4494      8.303  256.06385  256.35058     3.3731     8.7332 0.0000e+00
 143.413536      8.405    15.5633  36.100133    28.4512      8.330  256.07399  256.36058     3.3576     8.7291 -9.990e-29
 143.413539      8.425    15.5584  36.102740    28.4569      8.350  256.08905  256.37537     3.3731     8.7736 -9.990e-29
 143.413542      8.440    15.5567  36.101407    28.4569      8.364  256.09776  256.38400     4.0113     8.6159 -9.990e-29
 143.413545      8.456    15.5547  36.103165    28.4599      8.380  256.10293  256.38905     3.8401     8.5027 -9.990e-29
 143.413547      8.474    15.5519  36.104924    28.4634      8.399  256.11083  256.39679     3.9179     8.6078 -9.990e-29
 143.413550      8.493    15.5496  36.103651    28.4640      8.417  256.12187  256.40771     3.6222     8.5391 -9.990e-29
 143.413553      8.514    15.5486  36.100983    28.4611      8.438  256.13186  256.41768     3.4821    11.0744 -9.990e-29
 143.413556      8.542    15.5484  36.099528    28.4625      8.465  256.13019  256.41600     3.4509    11.0704 0.0000e+00
 143.413559      8.571    15.5483  36.102500    28.4639      8.494  256.12852  256.41431     3.4821    11.0663 0.0000e+00
 143.413562      8.596    15.5475  36.106502    28.4652      8.520  256.12852  256.41431     3.5288    11.0502 0.0000e+00
 143.413565      8.629    15.5459  36.102076    28.4679      8.552  256.13830  256.42380     3.5288    11.0259 0.0000e+00
 143.413568      8.660    15.5438  36.107594    28.4716      8.583  256.13858  256.42424     3.1864     9.0081 0.0000e+00
 143.413571      8.691    15.5416  36.106927    28.4726      8.613  256.14780  256.43320     3.1397     8.9960 0.0000e+00
 143.413573      8.717    15.5391  36.109353    28.4765      8.639  256.15377  256.43902     3.1397     8.9960 0.0000e+00
 143.413576      8.751    15.5359  36.112143    28.4811      8.673  256.16160  256.44666     3.1397     8.9960 0.0000e+00
 143.413579      8.777    15.5329  36.109536    28.4812      8.698  256.17741  256.46233     3.9957     9.1456 0.0000e+00
 143.413582      8.811    15.5308  36.109112    28.4823      8.733  256.18625  256.47106     4.1047     9.1537 0.0000e+00
 143.413585      8.854    15.5300  36.109355    28.4834      8.774  256.18625  256.47106     4.1047     9.1537 0.0000e+00
 143.413588      8.896    15.5300  36.111356    28.4834      8.816  256.18557  256.47033     3.9801     9.1537 0.0000e+00
 143.413591      8.941    15.5312  36.108931    28.4817      8.861  256.18479  256.46962     3.1397     8.9151 0.0000e+00
 143.413594      8.979    15.5316  36.107354    28.4808      8.899  256.18450  256.46936     3.1163     8.8746 0.0000e+00
 143.413597      9.009    15.5320  36.112145    28.4798      8.928  256.18421  256.46909     3.1397     8.8342 -9.990e-29
 143.413600      9.025    15.5300  36.115723    28.4885      8.944  256.17894  256.46366     2.9373     8.9475 -9.990e-29
 143.413602      9.036    15.5251  36.124335    28.4996      8.955  256.18475  256.46916     3.3264     9.2426 -9.990e-29
 143.413605      9.045    15.5180  36.125853    28.5061      8.964  256.20993  256.49395     3.3576     9.2103 -9.990e-29
 143.413608      9.053    15.5106  36.129371    28.5145      8.972  256.23293  256.51653     3.2486     9.2265 -9.990e-29
 143.413611      9.069    15.5029  36.132648    28.5229      8.988  256.25751  256.54068     3.3264     9.2346 -9.990e-29
 143.413614      9.093    15.4944  36.131253    28.5277      9.011  256.29280  256.57553     2.9840     9.2507 -9.990e-29
 143.413617      9.127    15.4936  36.131133    28.5264      9.046  256.29940  256.58209     3.0307     9.2325 0.0000e+00
 143.413620      9.169    15.4930  36.126705    28.5268      9.087  256.30165  256.58431     3.0307     9.2143 0.0000e+00
 143.413623      9.215    15.4930  36.128949    28.5250      9.133  256.30165  256.58431     3.0774     9.2143 0.0000e+00
 143.413626      9.257    15.4943  36.127372    28.5245      9.174  256.29927  256.58201     3.0930     9.2103 0.0000e+00
 143.413628      9.295    15.4958  36.126948    28.5230      9.212  256.29427  256.57715     3.7934     9.0930 0.0000e+00
 143.413631      9.335    15.4962  36.124764    28.5217      9.252  256.29409  256.57694     3.8712     9.0769 0.0000e+00
 143.413634      9.363    15.4966  36.127069    28.5205      9.279  256.29427  256.57715     3.9490     9.0607 -9.990e-29
 143.413637      9.379    15.4959  36.129617    28.5252      9.295  256.28954  256.57236     3.7155     9.0728 -9.990e-29
 143.413640      9.385    15.4949  36.130709    28.5269      9.301  256.29179  256.57454     3.7155     8.9596 -9.990e-29
 143.413643      9.397    15.4936  36.127858    28.5254      9.313  256.30132  256.58402     3.8089     9.0122 -9.990e-29
 143.413646      9.410    15.4906  36.127858    28.5279      9.326  256.31217  256.59471     3.9023     8.9960 -9.990e-29
 143.413649      9.436    15.4897  36.128283    28.5303      9.351  256.31277  256.59524     3.3186     8.9778 0.0000e+00
 143.413652      9.470    15.4887  36.132226    28.5327      9.386  256.31337  256.59578     2.7661     8.9596 0.0000e+00
 143.413655      9.505    15.4850  36.138171    28.5405      9.420  256.31843  256.60061     2.7661     8.9596 0.0000e+00
 143.413657      9.543    15.4788  36.141023    28.5475      9.458  256.33792  256.61975     2.8284     8.9272 0.0000e+00
 143.413660      9.585    15.4729  36.144360    28.5547      9.500  256.35576  256.63724     2.8595     8.9272 0.0000e+00
 143.413663      9.620    15.4680  36.147212    28.5603      9.534  256.37040  256.65160     2.8595     8.9353 0.0000e+00
 143.413666      9.664    15.4644  36.143694    28.5607      9.578  256.38974  256.67077     3.7311     9.2143 0.0000e+00
 143.413669      9.699    15.4644  36.143695    28.5607      9.612  256.38974  256.67077     3.8712     9.2184 0.0000e+00
 143.413672      9.732    15.4643  36.144483    28.5607      9.644  256.38976  256.67079     3.8712     9.2225 0.0000e+00
 143.413675      9.757    15.4647  36.144362    28.5607      9.670  256.38735  256.66840     4.0113     9.2265 -9.990e-29
 143.413678      9.781    15.4648  36.144787    28.5608      9.693  256.38631  256.66736     3.2798     8.9919 -9.990e-29
 143.413681      9.803    15.4632  36.147214    28.5642      9.715  256.38892  256.66987     3.2642     8.9475 -9.990e-29
 143.413683      9.825    15.4600  36.149216    28.5682      9.737  256.39823  256.67899     3.3731     8.9798 -9.990e-29
 143.413686      9.852    15.4565  36.153160    28.5742      9.764  256.40574  256.68629     3.4354     8.9919 -9.990e-29
 143.413689      9.872    15.4527  36.154495    28.5781      9.784  256.41818  256.69852     1.8478     9.3357 -9.990e-29
 143.413692      9.892    15.4487  36.157105    28.5833      9.803  256.42956  256.70967     1.7545     9.3923 -9.990e-29
 143.413695      9.914    15.4410  36.158683    28.5870      9.825  256.46283  256.74254     1.7700     9.3801 -9.990e-29
 143.413698      9.939    15.4392  36.154922    28.5912      9.850  256.46468  256.74427     1.9023     9.1031 0.0000e+00
 143.413701      9.972    15.4374  36.161535    28.5954      9.883  256.46653  256.74599     2.0346     8.8262 0.0000e+00
 143.413704      9.997    15.4348  36.164630    28.5999      9.908  256.47172  256.75103     2.0657     8.8059 0.0000e+00
 143.413707     10.034    15.4319  36.167908    28.6049      9.944  256.47784  256.75697     2.0813     8.8059 0.0000e+00
 143.413709     10.070    15.4279  36.170578    28.6102      9.980  256.48943  256.76832     2.0657     8.8342 0.0000e+00
 143.413712     10.103    15.4232  36.171914    28.6147     10.013  256.50548  256.78411     2.0502     8.8464 0.0000e+00
 143.413715     10.129    15.4188  36.174099    28.6198     10.038  256.51901  256.79739     1.8323     9.2265 0.0000e+00
 143.413718     10.156    15.4164  36.174524    28.6217     10.065  256.52803  256.80629     1.8090     9.2427 0.0000e+00
 143.413721     10.184    15.4140  36.172583    28.6237     10.092  256.53706  256.81518     1.7856     9.2588 -9.990e-29
 143.413724     10.207    15.4087  36.174525    28.6265     10.116  256.55949  256.83733     1.9412     8.5754 -9.990e-29
 143.413727     10.233    15.4080  36.173312    28.6286     10.141  256.55969  256.83748     1.8634     8.5795 0.0000e+00
 143.413730     10.264    15.4072  36.176771    28.6306     10.172  256.55989  256.83762     1.8634     8.5835 0.0000e+00
 143.413733     10.291    15.4052  36.175436    28.6309     10.199  256.56981  256.84744     1.7856     8.5835 0.0000e+00
 143.413736     10.322    15.4018  36.181809    28.6389     10.230  256.57294  256.85035     1.8634     8.6563 0.0000e+00
 143.413738     10.357    15.3980  36.182720    28.6425     10.264  256.58632  256.86352     2.4860     8.6563 0.0000e+00
 143.413741     10.390    15.3949  36.183388    28.6453     10.297  256.59736  256.87439     2.5171     8.6078 0.0000e+00
 143.413744     10.424    15.3914  36.186908    28.6509     10.331  256.60520  256.88202     2.5171     8.6038 0.0000e+00
 143.413747     10.455    15.3871  36.190187    28.6569     10.362  256.61703  256.89358     2.5171     8.6038 0.0000e+00
 143.413750     10.485    15.3829  36.190430    28.6602     10.391  256.63264  256.90897     1.9879     8.8828 0.0000e+00
 143.413753     10.514    15.3821  36.191765    28.6613     10.420  256.63463  256.91091     1.9412     8.8909 0.0000e+00
 143.413756     10.539    15.3814  36.188428    28.6625     10.445  256.63662  256.91285     1.9879     8.8828 -9.990e-29
 143.413759     10.558    15.3788  36.191341    28.6639     10.463  256.64724  256.92334     1.7856     8.9192 -9.990e-29
 143.413762     10.583    15.3781  36.188671    28.6621     10.488  256.65410  256.93018     1.7700     8.9232 -9.990e-29
 143.413764     10.605    15.3776  36.188064    28.6593     10.510  256.66139  256.93747     2.0969     8.4541 -9.990e-29
 143.413767     10.643    15.3782  36.185151    28.6593     10.548  256.65892  256.93503     2.2447     8.4885 0.0000e+00
 143.413770     10.680    15.3787  36.185818    28.6593     10.584  256.65646  256.93259     2.2214     8.4582 0.0000e+00
 143.413773     10.718    15.3807  36.188003    28.6592     10.622  256.64527  256.92149     2.2992     8.5229 0.0000e+00
 143.413776     10.747    15.3814  36.184240    28.6574     10.651  256.64517  256.92146     2.2603     8.9151 0.0000e+00
 143.413779     10.773    15.3822  36.182723    28.6551     10.676  256.64508  256.92142     2.2992     9.3720 -9.990e-29
 143.413782     10.786    15.3834  36.186182    28.6560     10.689  256.63758  256.91396     2.3926     9.3437 -9.990e-29
 143.413785     10.793    15.3835  36.184240    28.6542     10.696  256.64029  256.91669     2.2525     9.3963 -9.990e-29
 143.413788     10.798    15.3834  36.183391    28.6535     10.702  256.64190  256.91831     2.4860     8.4339 -9.990e-29
 143.413791     10.800    15.3827  36.186911    28.6571     10.704  256.63917  256.91551     2.7350     8.4420 -9.990e-29
 143.413793     10.811    15.3818  36.185818    28.6568     10.714  256.64448  256.92078     2.6105     8.4420 -9.990e-29
 143.413796     10.826    15.3796  36.185151    28.6593     10.729  256.65145  256.92763     1.9568     8.6401 -9.990e-29
 143.413799     10.871    15.3796  36.186790    28.6578     10.774  256.65425  256.93043     1.9257     8.6381 0.0000e+00
 143.413802     10.935    15.3796  36.183392    28.6563     10.837  256.65621  256.93241     1.9568     8.6361 0.0000e+00
 143.413805     11.010    15.3797  36.183574    28.6563     10.911  256.65621  256.93241     1.9724     8.6159 0.0000e+00
 143.413808     11.094    15.3801  36.185152    28.6563     10.994  256.65201  256.92823     2.0191     8.6159 0.0000e+00
 143.413811     11.152    15.3805  36.183392    28.6563     11.052  256.65188  256.92813     2.0269     8.6199 0.0000e+00
 143.413814     11.194    15.3809  36.180479    28.6552     11.094  256.65175  256.92802     2.0346     8.6240 -9.990e-29
 143.413817     11.214    15.3832  36.180904    28.6514     11.114  256.64690  256.92331     1.9724    10.1403 -9.990e-29
 143.413819     11.220    15.3838  36.177869    28.6482     11.119  256.64919  256.92565     1.7700    10.1039 -9.990e-29
 143.413822     11.211    15.3841  36.179386    28.6494     11.110  256.64563  256.92210     1.8945    10.1686 -9.990e-29
 143.413825     11.191    15.3847  36.175866    28.6459     11.090  256.64895  256.92547     3.1864     9.8735 -9.990e-29
 143.413828     11.174    15.3863  36.176777    28.6455     11.074  256.64121  256.91781     3.0619     9.8896 -9.990e-29
 143.413831     11.169    15.3875  36.178294    28.6459     11.069  256.63403  256.91070     3.0152     9.8896 -9.990e-29
 143.413834     11.174    15.3868  36.181328    28.6519     11.074  256.62750  256.90408     1.9568     9.7805 -9.990e-29
 143.413837     11.210    15.3857  36.184484    28.6536     11.110  256.63018  256.90670     1.8712     9.7825 0.0000e+00
 143.413840     11.267    15.3846  36.186487    28.6552     11.166  256.63287  256.90932     1.8634     9.7845 0.0000e+00
