seaocn-cb/data/ctd_cnv/SBE19plus_01907321_2024_05_29_Cast106.cnv
* Sea-Bird SBE19plus  Data File:
* FileName = E:\Prandtl_Daten\2024\29052024\raw\SBE19plus_01907321_2024_05_29_Cast106.hex
* Software version 2.6.1.12
* Temperature SN = 7321
* Conductivity SN = 7321
* System UpLoad Time = May 29 2024 11:22:07
* <ApplicationData>
* <Seaterm232>
** 20240527
** Sea Practical 2024
** MCat 27.05 CTD_Z3
** NMEA Latitude = 54 03.027N
** NMEA Longitude = 008 24.543E
** waterdepth = 15.5m
** Isabelle
# nquan = 11
# nvalues = 476                         
# units = specified
# name 0 = timeJ: Julian Days
# name 1 = prdM: Pressure, Strain Gauge [db]
# name 2 = tv290C: Temperature [ITS-90, deg C]
# name 3 = c0mS/cm: Conductivity [mS/cm]
# name 4 = sal00: Salinity, Practical [PSU]
# name 5 = depSM: Depth [salt water, m], lat = 54.00
# name 6 = oxsatMm/Kg: Oxygen Saturation, Weiss [umol/kg]
# name 7 = oxsolMm/Kg: Oxygen Saturation, Garcia & Gordon [umol/kg]
# name 8 = turbWETntu0: Turbidity, WET Labs ECO [NTU]
# name 9 = flECO-AFL: Fluorescence, WET Labs ECO-AFL/FL [mg/m^3]
# name 10 = flag:  0.000e+00
# span 0 = 150.469624, 150.470998       
# span 1 =      0.758,     14.852       
# span 2 =    15.6102,    15.6177       
# span 3 =  37.749182,  37.767662       
# span 4 =    29.8579,    29.8781       
# span 5 =      0.751,     14.719       
# span 6 =  253.33169,  253.35278       
# span 7 =  253.61026,  253.63116       
# span 8 =     1.9568,    14.4082       
# span 9 =     8.2964,    11.0542       
# span 10 = 0.0000e+00, 0.0000e+00      
# interval = seconds: 0.25
# start_time = May 29 2024 11:14:42 [Instrument's time stamp, header]
# bad_flag = -9.990e-29
*END*
[from data line 394]
 150.470764     12.484    15.6150  37.766055    29.8724     12.372  253.33169  253.61026     4.2292     9.6672 -9.990e-29
 150.470767     12.464    15.6150  37.765129    29.8717     12.352  253.33339  253.61195     5.0229     9.4327 -9.990e-29
 150.470770     12.475    15.6148  37.766240    29.8728     12.363  253.33228  253.61083     5.0852     9.4570 -9.990e-29
 150.470773     12.508    15.6150  37.762721    29.8695     12.396  253.33709  253.61567     5.0074     9.4246 -9.990e-29
 150.470775     12.573    15.6146  37.764635    29.8732     12.461  253.33261  253.61115     5.0074     9.4084 -9.990e-29
 150.470778     12.661    15.6145  37.766673    29.8737     12.548  253.33218  253.61071     5.4120     9.3154 0.0000e+00
 150.470781     12.763    15.6145  37.767662    29.8738     12.649  253.33200  253.61052     5.7856     9.2467 0.0000e+00
 150.470784     12.874    15.6145  37.767353    29.8738     12.759  253.33200  253.61052     5.8167     9.2467 0.0000e+00
 150.470787     12.984    15.6146  37.766921    29.8733     12.867  253.33214  253.61067     5.7856     9.2467 0.0000e+00
 150.470790     13.077    15.6146  37.762476    29.8694     12.960  253.33762  253.61622     5.8167     9.2143 0.0000e+00
 150.470793     13.144    15.6149  37.762044    29.8689     13.027  253.33829  253.61688     9.6377     9.1617 0.0000e+00
 150.470796     13.183    15.6152  37.759266    29.8685     13.065  253.33762  253.61622    13.5521     9.1092 -9.990e-29
 150.470799     13.192    15.6157  37.762044    29.8681     13.074  253.33559  253.61422    13.6299     9.0971 -9.990e-29
 150.470802     13.185    15.6160  37.760686    29.8667     13.067  253.33678  253.61543    13.5210     9.0890 -9.990e-29
 150.470804     13.164    15.6160  37.760933    29.8670     13.047  253.33639  253.61504    14.0969     9.6470 -9.990e-29
 150.470807     13.135    15.6161  37.762538    29.8683     13.017  253.33334  253.61199    14.1591     9.6227 -9.990e-29
 150.470810     13.117    15.6160  37.760932    29.8670     13.000  253.33636  253.61502    14.2214     9.5985 -9.990e-29
 150.470813     13.108    15.6160  37.759018    29.8653     12.991  253.33928  253.61794    14.1591     9.6349 -9.990e-29
 150.470816     13.115    15.6161  37.756919    29.8633     12.998  253.34190  253.62059    13.1630    10.2576 -9.990e-29
 150.470819     13.135    15.6167  37.758031    29.8629     13.018  253.33978  253.61850    13.0696    10.2738 -9.990e-29
 150.470822     13.168    15.6168  37.756981    29.8621     13.050  253.34087  253.61959    13.1163    10.2637 0.0000e+00
 150.470825     13.203    15.6168  37.755191    29.8618     13.085  253.34103  253.61976    13.1319    10.2616 0.0000e+00
 150.470828     13.245    15.6168  37.755808    29.8612     13.126  253.34195  253.62068    13.1319    10.2616 0.0000e+00
 150.470830     13.285    15.6171  37.754080    29.8601     13.166  253.34214  253.62091    12.0580    10.2899 0.0000e+00
 150.470833     13.316    15.6172  37.753956    29.8599     13.197  253.34247  253.62124    12.0269    10.3121 0.0000e+00
 150.470836     13.349    15.6173  37.754512    29.8598     13.229  253.34214  253.62091    12.0580    10.3344 -9.990e-29
 150.470839     13.371    15.6175  37.753956    29.8607     13.251  253.33972  253.61849    11.5132     9.4853 -9.990e-29
 150.470842     13.400    15.6174  37.755191    29.8612     13.280  253.33918  253.61793    11.4899     9.4894 0.0000e+00
 150.470845     13.427    15.6175  37.756303    29.8608     13.307  253.33956  253.61833    11.5132     9.4934 0.0000e+00
 150.470848     13.455    15.6173  37.755315    29.8608     13.334  253.33956  253.61833    11.5599     9.4934 0.0000e+00
 150.470851     13.484    15.6174  37.754945    29.8608     13.363  253.33956  253.61833    11.5910     9.4974 0.0000e+00
 150.470854     13.513    15.6173  37.755562    29.8610     13.392  253.33951  253.61828    13.8634     9.8613 0.0000e+00
 150.470856     13.555    15.6172  37.756056    29.8610     13.434  253.33951  253.61828    13.8945     9.8694 0.0000e+00
 150.470859     13.592    15.6172  37.753710    29.8595     13.470  253.34297  253.62174    13.9257     9.8735 0.0000e+00
 150.470862     13.639    15.6172  37.753155    29.8595     13.517  253.34297  253.62174    13.9257     9.8735 0.0000e+00
 150.470865     13.692    15.6171  37.754205    29.8600     13.569  253.34286  253.62162    12.0113     9.6268 0.0000e+00
 150.470868     13.739    15.6171  37.756057    29.8610     13.616  253.34113  253.61988    11.9646     9.6227 0.0000e+00
 150.470871     13.791    15.6171  37.755378    29.8610     13.667  253.34113  253.61988    11.9646     9.6227 0.0000e+00
 150.470874     13.836    15.6171  37.753711    29.8610     13.712  253.34113  253.61988    11.9957     9.6227 0.0000e+00
 150.470877     13.882    15.6171  37.756057    29.8606     13.757  253.34207  253.62082    11.9957     9.6308 0.0000e+00
 150.470880     13.924    15.6170  37.755564    29.8616     13.799  253.34044  253.61918    11.9957     9.6227 -9.990e-29
 150.470883     13.947    15.6170  37.754946    29.8606     13.822  253.34218  253.62093    13.2875     9.8492 -9.990e-29
 150.470885     13.956    15.6171  37.754391    29.8601     13.831  253.34274  253.62149    13.4276     9.8735 -9.990e-29
 150.470888     13.951    15.6171  37.754946    29.8606     13.826  253.34189  253.62064    13.3654     9.9098 -9.990e-29
 150.470891     13.931    15.6172  37.754391    29.8600     13.806  253.34243  253.62119    14.2525     9.3114 -9.990e-29
 150.470894     13.905    15.6173  37.753650    29.8593     13.781  253.34296  253.62173    14.4082     9.2952 -9.990e-29
 150.470897     13.885    15.6172  37.754390    29.8601     13.761  253.34240  253.62116    14.4082     9.3114 -9.990e-29
 150.470900     13.875    15.6173  37.754761    29.8603     13.750  253.34124  253.62001    14.3770     9.3073 -9.990e-29
 150.470903     13.880    15.6172  37.754514    29.8601     13.756  253.34192  253.62068    11.0930     9.2871 -9.990e-29
 150.470906     13.905    15.6175  37.754637    29.8615     13.781  253.33835  253.61711    11.0152     9.3154 -9.990e-29
 150.470909     13.953    15.6176  37.756305    29.8610     13.828  253.33883  253.61760    11.0230     9.3012 0.0000e+00
 150.470911     14.018    15.6176  37.755317    29.8605     13.893  253.33931  253.61809    11.0152     9.2871 0.0000e+00
 150.470914     14.093    15.6176  37.754947    29.8601     13.967  253.33992  253.61870    10.1280     9.2103 0.0000e+00
 150.470917     14.175    15.6175  37.754206    29.8601     14.048  253.33992  253.61870     9.9879     9.2103 0.0000e+00
 150.470920     14.252    15.6175  37.757170    29.8596     14.124  253.34147  253.62026    10.1280     9.2265 0.0000e+00
 150.470923     14.317    15.6175  37.754207    29.8610     14.189  253.33925  253.61802     9.9879     9.2346 0.0000e+00
 150.470926     14.368    15.6175  37.755874    29.8610     14.240  253.34017  253.61892    10.1903     9.2507 0.0000e+00
 150.470929     14.405    15.6174  37.756059    29.8612     14.276  253.33971  253.61847    10.6728     9.5580 0.0000e+00
 150.470932     14.431    15.6172  37.756986    29.8613     14.301  253.34017  253.61892    11.3576     9.8654 -9.990e-29
 150.470935     14.447    15.6172  37.756306    29.8615     14.318  253.33981  253.61856    11.2175     9.8492 -9.990e-29
 150.470937     14.471    15.6173  37.756060    29.8612     14.341  253.33962  253.61838    11.3109     9.9098 -9.990e-29
 150.470940     14.489    15.6172  37.757171    29.8622     14.359  253.33823  253.61698    14.2058     9.8168 -9.990e-29
 150.470943     14.509    15.6172  37.753961    29.8594     14.379  253.34314  253.62191    14.0813     9.8249 -9.990e-29
 150.470946     14.531    15.6172  37.756492    29.8616     14.401  253.33929  253.61804    14.1280     9.7885 -9.990e-29
 150.470949     14.548    15.6173  37.757171    29.8622     14.417  253.33797  253.61672    14.2214     9.7966 -9.990e-29
 150.470952     14.557    15.6173  37.756492    29.8616     14.426  253.33901  253.61777    12.8984    10.0231 -9.990e-29
 150.470955     14.562    15.6173  37.756924    29.8619     14.432  253.33835  253.61711    12.9296     9.9988 -9.990e-29
 150.470958     14.557    15.6174  37.756492    29.8615     14.426  253.33872  253.61748    12.8362    10.0109 -9.990e-29
 150.470961     14.553    15.6175  37.756307    29.8612     14.423  253.33841  253.61718    12.8673    10.0231 -9.990e-29
 150.470964     14.544    15.6175  37.756245    29.8612     14.414  253.33879  253.61756    13.8790    10.0716 -9.990e-29
 150.470966     14.535    15.6175  37.755875    29.8609     14.405  253.33935  253.61812    13.8790    10.0392 -9.990e-29
 150.470969     14.526    15.6175  37.754887    29.8600     14.396  253.34056  253.61934    13.8478    10.0554 -9.990e-29
 150.470972     14.528    15.6177  37.755381    29.8603     14.397  253.33922  253.61801    13.8945    10.1080 -9.990e-29
 150.470975     14.544    15.6176  37.755813    29.8617     14.414  253.33719  253.61596    11.4043     9.6430 -9.990e-29
 150.470978     14.581    15.6176  37.756924    29.8613     14.450  253.33786  253.61664    11.2798     9.6490 0.0000e+00
 150.470981     14.630    15.6176  37.756060    29.8609     14.499  253.33854  253.61732    11.1552     9.6430 0.0000e+00
 150.470984     14.683    15.6176  37.754393    29.8605     14.551  253.34052  253.61929    11.1552     9.6511 0.0000e+00
 150.470987     14.736    15.6174  37.755381    29.8600     14.604  253.34082  253.61961    11.1552     9.6511 0.0000e+00
 150.470990     14.790    15.6174  37.754888    29.8603     14.658  253.34091  253.61968    10.7817     9.7704 0.0000e+00
 150.470992     14.830    15.6174  37.755382    29.8600     14.697  253.34130  253.62007    10.2525     9.8896 -9.990e-29
 150.470995     14.850    15.6172  37.755567    29.8608     14.717  253.34118  253.61994    10.3926     9.8896 -9.990e-29
 150.470998     14.852    15.6171  37.757604    29.8626     14.719  253.33837  253.61711    10.3303     9.9098 -9.990e-29
