seaocn-cb/data/ctd_cnv/SBE19plus_01907321_2024_05_30_Cast114.cnv
* Sea-Bird SBE19plus  Data File:
* FileName = E:\Prandtl_Daten\2024\30052024\raw\SBE19plus_01907321_2024_05_30_Cast114.hex
* Software version 2.6.1.12
* Temperature SN = 7321
* Conductivity SN = 7321
* System UpLoad Time = May 30 2024 08:56:26
* <ApplicationData>
* <Seaterm232>
** 20240529
** Sea Practical 2024
** MCat 30.05 CTD_SP8
** NMEA Latitude = 54 08.509N
** NMEA Longitude = 008 17.957E
** waterdepth = 14.7m
** Isabelle
# nquan = 11
# nvalues = 442                         
# units = specified
# name 0 = timeJ: Julian Days
# name 1 = prdM: Pressure, Strain Gauge [db]
# name 2 = tv290C: Temperature [ITS-90, deg C]
# name 3 = c0mS/cm: Conductivity [mS/cm]
# name 4 = sal00: Salinity, Practical [PSU]
# name 5 = depSM: Depth [salt water, m], lat = 54.00
# name 6 = oxsatMm/Kg: Oxygen Saturation, Weiss [umol/kg]
# name 7 = oxsolMm/Kg: Oxygen Saturation, Garcia & Gordon [umol/kg]
# name 8 = turbWETntu0: Turbidity, WET Labs ECO [NTU]
# name 9 = flECO-AFL: Fluorescence, WET Labs ECO-AFL/FL [mg/m^3]
# name 10 = flag:  0.000e+00
# span 0 = 151.368906, 151.370182       
# span 1 =      0.620,     13.838       
# span 2 =    15.1461,    15.3507       
# span 3 =  38.055147,  38.155867       
# span 4 =    30.4036,    30.5247       
# span 5 =      0.614,     13.714       
# span 6 =  253.71489,  254.57944       
# span 7 =  253.97612,  254.82944       
# span 8 =    -3.5218,     6.5794       
# span 9 =     1.3616,     6.1007       
# span 10 = 0.0000e+00, 0.0000e+00      
# interval = seconds: 0.25
# start_time = May 30 2024 08:49:52 [Instrument's time stamp, header]
# bad_flag = -9.990e-29
*END*
[from data line 132]
 151.369288      4.695    15.2597  38.079222    30.4241      4.653  254.17209  254.42869    -2.4946     3.5856 -9.990e-29
 151.369291      4.684    15.2580  38.077053    30.4235      4.642  254.18183  254.43834    -2.6813     3.9172 -9.990e-29
 151.369294      4.681    15.2560  38.075009    30.4232      4.639  254.19224  254.44867    -2.6813     3.9010 -9.990e-29
 151.369297      4.688    15.2540  38.076187    30.4258      4.646  254.19796  254.45426    -2.8059     3.9253 -9.990e-29
 151.369300      4.710    15.2494  38.072346    30.4228      4.668  254.22693  254.48302    -2.6502     3.7109 -9.990e-29
 151.369303      4.750    15.2482  38.068753    30.4243      4.707  254.23010  254.48611    -2.5801     3.7170 0.0000e+00
 151.369306      4.797    15.2470  38.070303    30.4250      4.754  254.23326  254.48920    -2.5101     3.7231 0.0000e+00
 151.369308      4.863    15.2446  38.067206    30.4259      4.819  254.24710  254.50292    -2.5101     3.7231 0.0000e+00
 151.369311      4.930    15.2417  38.070551    30.4302      4.886  254.25297  254.50860    -2.5257     3.7473 0.0000e+00
 151.369314      5.002    15.2393  38.069189    30.4302      4.957  254.26383  254.51933    -2.6035     3.8242 0.0000e+00
 151.369317      5.074    15.2373  38.063615    30.4299      5.029  254.28006  254.53550    -2.7592     3.8727 0.0000e+00
 151.369320      5.136    15.2355  38.064916    30.4299      5.091  254.28475  254.54007    -2.6502     3.8727 0.0000e+00
 151.369323      5.188    15.2349  38.067642    30.4316      5.141  254.28497  254.54025    -2.7047     3.8605 0.0000e+00
 151.369326      5.220    15.2343  38.065598    30.4333      5.174  254.28519  254.54042    -2.6502     3.8484 -9.990e-29
 151.369329      5.237    15.2323  38.063554    30.4312      5.190  254.29911  254.55425    -1.0471     4.0264 -9.990e-29
 151.369332      5.246    15.2313  38.064050    30.4324      5.199  254.30211  254.55720    -0.8448     4.0425 -9.990e-29
 151.369334      5.235    15.2299  38.063059    30.4326      5.188  254.30887  254.56388    -1.0315     4.0385 -9.990e-29
 151.369337      5.217    15.2289  38.064297    30.4345      5.170  254.31070  254.56565    -1.5763     4.0466 -9.990e-29
 151.369340      5.195    15.2276  38.065846    30.4369      5.148  254.31321  254.56807    -2.0121     4.0547 -9.990e-29
 151.369343      5.169    15.2267  38.064236    30.4362      5.123  254.31889  254.57371    -1.7475     4.0708 -9.990e-29
 151.369346      5.149    15.2263  38.064979    30.4371      5.103  254.31917  254.57396    -2.0432     4.0668 -9.990e-29
 151.369349      5.151    15.2258  38.063616    30.4363      5.105  254.32332  254.57809    -1.7319     4.0749 -9.990e-29
 151.369352      5.166    15.2243  38.062625    30.4335      5.120  254.33578  254.59050    -2.2455     3.8282 -9.990e-29
 151.369355      5.195    15.2238  38.059157    30.4343      5.149  254.33652  254.59121    -2.1054     3.7938 0.0000e+00
 151.369358      5.244    15.2234  38.060272    30.4351      5.197  254.33727  254.59193    -2.2455     3.8242 0.0000e+00
 151.369361      5.303    15.2224  38.059343    30.4351      5.255  254.34252  254.59713    -2.2300     3.8242 0.0000e+00
 151.369363      5.372    15.2218  38.058662    30.4351      5.324  254.34594  254.60052    -2.3856     3.9940 0.0000e+00
 151.369366      5.449    15.2209  38.058167    30.4352      5.400  254.34991  254.60438    -2.2767     3.9940 0.0000e+00
 151.369369      5.534    15.2200  38.060459    30.4370      5.485  254.35023  254.60477    -2.2767     3.9940 0.0000e+00
 151.369372      5.622    15.2196  38.059159    30.4373      5.572  254.35373  254.60818    -2.2767     3.9940 0.0000e+00
 151.369375      5.708    15.2191  38.059097    30.4373      5.657  254.35562  254.61004    -2.3856     3.9940 0.0000e+00
 151.369378      5.781    15.2177  38.060275    30.4394      5.729  254.35905  254.61339    -2.5724     4.0142 0.0000e+00
 151.369381      5.839    15.2174  38.059841    30.4395      5.787  254.36071  254.61503    -2.5023     4.0223 0.0000e+00
 151.369384      5.883    15.2170  38.061204    30.4395      5.830  254.36237  254.61667    -2.6191     4.0142 -9.990e-29
 151.369387      5.905    15.2151  38.056249    30.4378      5.852  254.37524  254.62946    -2.2922     3.9536 -9.990e-29
 151.369389      5.908    15.2145  38.060957    30.4424      5.855  254.36996  254.62411    -1.9965     4.1719 -9.990e-29
 151.369392      5.897    15.2145  38.057364    30.4392      5.845  254.37554  254.62971    -1.7942     4.1072 -9.990e-29
 151.369395      5.870    15.2148  38.056683    30.4385      5.818  254.37571  254.62990    -1.9809     4.1153 -9.990e-29
 151.369398      5.837    15.2148  38.057674    30.4393      5.785  254.37415  254.62833    -1.8720     4.1436 -9.990e-29
 151.369401      5.791    15.2146  38.061142    30.4426      5.740  254.36931  254.62346    -1.5140     4.0668 -9.990e-29
 151.369404      5.753    15.2143  38.060461    30.4422      5.702  254.37150  254.62564    -1.5296     4.0142 -9.990e-29
 151.369407      5.724    15.2143  38.060275    30.4421      5.673  254.37178  254.62592    -1.3584     4.0061 -9.990e-29
 151.369410      5.709    15.2144  38.060275    30.4419      5.658  254.37119  254.62534    -1.4985     4.0142 -9.990e-29
 151.369413      5.711    15.2143  38.058850    30.4408      5.660  254.37398  254.62813    -1.6385     3.8929 -9.990e-29
 151.369416      5.739    15.2141  38.058912    30.4410      5.688  254.37477  254.62891    -1.3273     3.8323 -9.990e-29
 151.369418      5.781    15.2133  38.058912    30.4415      5.729  254.37783  254.63192    -1.5140     3.8767 -9.990e-29
 151.369421      5.841    15.2132  38.058851    30.4423      5.789  254.37718  254.63126    -1.8798     3.8888 0.0000e+00
 151.369424      5.916    15.2131  38.060276    30.4425      5.863  254.37783  254.63192    -2.1833     3.9010 0.0000e+00
 151.369427      6.002    15.2126  38.059347    30.4425      5.948  254.37977  254.63382    -2.1833     3.9455 0.0000e+00
 151.369430      6.095    15.2113  38.057675    30.4425      6.040  254.38706  254.64105    -2.1833     3.9455 0.0000e+00
 151.369433      6.197    15.2106  38.058481    30.4421      6.141  254.38877  254.64272    -2.1833     3.9091 0.0000e+00
 151.369436      6.297    15.2104  38.057118    30.4432      6.241  254.38877  254.64272    -2.1833     3.9091 0.0000e+00
 151.369439      6.392    15.2103  38.060030    30.4436      6.335  254.39010  254.64402    -1.9343     4.2326 0.0000e+00
 151.369442      6.469    15.2102  38.058668    30.4446      6.411  254.39010  254.64402    -1.9343     4.2326 0.0000e+00
 151.369444      6.529    15.2097  38.060526    30.4448      6.470  254.39056  254.64445    -1.8487     4.2245 0.0000e+00
 151.369447      6.562    15.2092  38.060031    30.4460      6.503  254.39102  254.64487    -2.0121     4.2164 -9.990e-29
 151.369450      6.582    15.2074  38.060465    30.4473      6.523  254.39781  254.65156    -1.9031     4.1477 -9.990e-29
 151.369453      6.580    15.2074  38.057244    30.4444      6.521  254.40282  254.65659    -1.8720     4.1315 -9.990e-29
 151.369456      6.560    15.2075  38.058235    30.4452      6.501  254.40098  254.65474    -1.9031     4.1557 -9.990e-29
 151.369459      6.523    15.2075  38.060712    30.4474      6.465  254.39681  254.65057    -1.7786     4.1760 -9.990e-29
 151.369462      6.479    15.2078  38.061455    30.4479      6.422  254.39476  254.64852    -1.6852     3.9091 -9.990e-29
 151.369465      6.430    15.2082  38.058048    30.4446      6.373  254.39858  254.65239    -1.8720     3.8808 -9.990e-29
 151.369468      6.388    15.2087  38.058172    30.4443      6.331  254.39633  254.65017    -1.7164     3.9131 -9.990e-29
 151.369470      6.359    15.2094  38.060464    30.4458      6.302  254.39014  254.64400    -1.7631     3.9131 -9.990e-29
 151.369473      6.346    15.2096  38.055322    30.4411      6.289  254.39754  254.65145    -1.3117     4.4145 -9.990e-29
 151.369476      6.348    15.2100  38.057243    30.4424      6.291  254.39282  254.64674    -1.5140     4.4631 -9.990e-29
 151.369479      6.372    15.2103  38.060278    30.4450      6.315  254.38725  254.64116    -1.5763     4.4388 -9.990e-29
 151.369482      6.404    15.2100  38.060278    30.4452      6.347  254.38843  254.64232    -1.3428     4.4590 -9.990e-29
 151.369485      6.463    15.2105  38.059101    30.4455      6.405  254.38513  254.63905    -1.8409     4.0749 -9.990e-29
 151.369488      6.534    15.2104  38.061145    30.4452      6.476  254.38627  254.64019    -1.7709     4.0830 0.0000e+00
 151.369491      6.627    15.2103  38.060279    30.4449      6.568  254.38740  254.64132    -1.7319     4.0749 0.0000e+00
 151.369494      6.731    15.2100  38.058049    30.4444      6.671  254.38946  254.64337    -1.7319     4.0668 0.0000e+00
 151.369497      6.841    15.2100  38.059598    30.4431      6.779  254.39238  254.64629    -2.0121     4.0547 0.0000e+00
 151.369499      6.950    15.2100  38.056749    30.4444      6.888  254.39172  254.64560    -2.0121     3.8242 0.0000e+00
 151.369502      7.050    15.2096  38.059351    30.4419      6.987  254.39425  254.64817    -1.8720     3.8242 0.0000e+00
 151.369505      7.129    15.2093  38.055573    30.4443      7.065  254.39431  254.64817    -1.7475     3.8120 0.0000e+00
 151.369508      7.187    15.2092  38.058856    30.4428      7.123  254.39655  254.65043    -1.7475     3.8140 0.0000e+00
 151.369511      7.224    15.2091  38.058485    30.4443      7.159  254.39431  254.64817    -1.6230     3.7918 -9.990e-29
 151.369514      7.231    15.2090  38.058609    30.4441      7.166  254.39501  254.64887    -1.8720     4.5925 -9.990e-29
 151.369517      7.211    15.2092  38.057122    30.4427      7.146  254.39673  254.65061    -1.8253     4.5601 -9.990e-29
 151.369520      7.176    15.2093  38.059352    30.4446      7.112  254.39295  254.64682    -1.8720     4.5722 -9.990e-29
 151.369523      7.133    15.2093  38.058175    30.4435      7.069  254.39447  254.64834    -2.0588     4.1274 -9.990e-29
 151.369525      7.085    15.2095  38.058918    30.4441      7.022  254.39270  254.64658    -2.1833     4.0830 -9.990e-29
 151.369528      7.043    15.2099  38.057803    30.4428      6.980  254.39296  254.64687    -1.9498     4.1072 -9.990e-29
 151.369531      7.014    15.2098  38.058360    30.4434      6.951  254.39236  254.64627    -2.1210     4.1153 -9.990e-29
 151.369534      6.999    15.2097  38.057802    30.4430      6.937  254.39351  254.64741    -2.0121     4.1315 -9.990e-29
 151.369537      7.003    15.2099  38.058670    30.4436      6.940  254.39159  254.64549    -1.2027     4.3256 -9.990e-29
 151.369540      7.034    15.2097  38.060280    30.4451      6.971  254.38968  254.64357    -1.2961     4.2649 -9.990e-29
 151.369543      7.081    15.2093  38.058050    30.4435      7.018  254.39492  254.64879    -1.2961     4.3256 -9.990e-29
 151.369546      7.143    15.2086  38.056750    30.4460      7.079  254.39414  254.64796    -1.7164     3.7797 -9.990e-29
 151.369549      7.214    15.2087  38.060281    30.4459      7.150  254.39373  254.64756    -1.7241     3.7534 0.0000e+00
 151.369552      7.291    15.2088  38.060281    30.4458      7.226  254.39414  254.64796    -1.7319     3.7271 0.0000e+00
 151.369554      7.359    15.2092  38.056999    30.4440      7.293  254.39445  254.64832    -1.7319     3.7271 0.0000e+00
 151.369557      7.424    15.2092  38.058671    30.4430      7.358  254.39652  254.65039    -1.7475     3.7352 0.0000e+00
 151.369560      7.490    15.2091  38.057556    30.4440      7.423  254.39445  254.64832    -1.8097     3.8808 0.0000e+00
 151.369563      7.548    15.2091  38.060034    30.4430      7.481  254.39652  254.65039    -1.8097     3.8808 0.0000e+00
 151.369566      7.607    15.2093  38.056690    30.4450      7.539  254.39270  254.64655    -1.8097     3.8646 0.0000e+00
 151.369569      7.658    15.2096  38.060282    30.4442      7.589  254.39064  254.64452    -1.8253     3.8646 0.0000e+00
 151.369572      7.709    15.2099  38.059601    30.4442      7.640  254.39064  254.64452    -1.8253     4.0991 0.0000e+00
 151.369575      7.747    15.2099  38.058486    30.4436      7.678  254.39130  254.64521    -1.6541     4.1395 0.0000e+00
 151.369578      7.780    15.2100  38.057929    30.4431      7.710  254.39204  254.64595    -1.4829     4.0991 -9.990e-29
 151.369580      7.793    15.2082  38.055576    30.4418      7.723  254.40297  254.65681    -1.7319     4.1436 -9.990e-29
 151.369583      7.796    15.2071  38.059168    30.4459      7.727  254.40174  254.65548    -1.6385     4.0830 -9.990e-29
 151.369586      7.793    15.2064  38.059540    30.4468      7.723  254.40377  254.65747    -1.1249     4.5601 -9.990e-29
 151.369589      7.776    15.2060  38.060036    30.4475      7.707  254.40444  254.65811    -1.3895     4.5642 -9.990e-29
 151.369592      7.760    15.2062  38.058487    30.4460      7.690  254.40597  254.65966    -1.2650     4.5763 -9.990e-29
 151.369595      7.749    15.2063  38.059354    30.4467      7.680  254.40432  254.65802    -1.0782     4.5925 -9.990e-29
 151.369598      7.743    15.2061  38.059354    30.4469      7.674  254.40519  254.65887    -1.4051     4.0506 -9.990e-29
 151.369601      7.754    15.2047  38.060283    30.4474      7.685  254.41149  254.66509    -1.5296     4.0749 -9.990e-29
 151.369604      7.780    15.2042  38.058673    30.4476      7.710  254.41372  254.66730    -1.4751     4.0567 0.0000e+00
 151.369606      7.813    15.2037  38.058240    30.4477      7.743  254.41595  254.66950    -1.4206     4.0749 0.0000e+00
 151.369609      7.858    15.2024  38.059355    30.4497      7.788  254.41864  254.67205    -1.2806     4.7138 0.0000e+00
 151.369612      7.911    15.2016  38.061585    30.4513      7.840  254.41888  254.67236    -1.2183     4.7138 0.0000e+00
 151.369615      7.966    15.2013  38.060285    30.4519      7.895  254.42156  254.67497    -1.1872     4.7178 0.0000e+00
 151.369618      8.017    15.2011  38.060718    30.4513      7.945  254.42179  254.67518    -1.1405     4.6248 0.0000e+00
 151.369621      8.072    15.2010  38.058055    30.4496      7.999  254.42654  254.67994    -0.4712     4.4105 0.0000e+00
 151.369624      8.119    15.2007  38.057931    30.4496      8.046  254.42654  254.67994    -0.4712     4.4105 0.0000e+00
 151.369627      8.167    15.2000  38.060967    30.4529      8.093  254.42764  254.68102    -0.7825     4.4186 0.0000e+00
 151.369630      8.209    15.1989  38.061587    30.4529      8.135  254.42867  254.68193    -0.7825     4.4186 0.0000e+00
 151.369633      8.249    15.1986  38.059790    30.4529      8.175  254.43265  254.68591    -0.8136     4.4267 0.0000e+00
 151.369635      8.276    15.1982  38.058923    30.4528      8.202  254.43507  254.68831    -1.0393     4.5298 0.0000e+00
 151.369638      8.301    15.1977  38.058676    30.4528      8.227  254.43750  254.69070    -1.6074     4.7178 -9.990e-29
 151.369641      8.320    15.1970  38.060039    30.4543      8.245  254.43840  254.69156    -1.6385     4.7421 -9.990e-29
 151.369644      8.334    15.1968  38.058242    30.4529      8.260  254.44207  254.69523    -1.6697     4.7380 -9.990e-29
 151.369647      8.345    15.1968  38.059791    30.4543      8.271  254.43967  254.69282    -1.0782     5.5468 -9.990e-29
 151.369650      8.364    15.1969  38.060287    30.4546      8.289  254.43833  254.69148    -1.2806     5.5589 -9.990e-29
 151.369653      8.384    15.1962  38.061587    30.4552      8.309  254.44126  254.69437    -1.3117     5.5710 -9.990e-29
 151.369656      8.413    15.1959  38.060287    30.4556      8.338  254.44195  254.69504    -1.2028     5.3607 0.0000e+00
 151.369659      8.444    15.1956  38.060721    30.4560      8.368  254.44263  254.69571    -1.1094     5.1505 0.0000e+00
 151.369661      8.489    15.1952  38.060721    30.4560      8.413  254.44411  254.69716    -1.1094     5.1424 0.0000e+00
