seaocn-cb/data/ctd_cnv/SBE19plus_01907321_2024_05_25_Cast46.cnv
* Sea-Bird SBE19plus  Data File:
* FileName = E:\Prandtl_Daten\2024\25052024\raw\SBE19plus_01907321_2024_05_25_Cast46.hex
* Software version 2.6.1.12
* Temperature SN = 7321
* Conductivity SN = 7321
* System UpLoad Time = May 25 2024 06:08:47
* <ApplicationData>
* <Seaterm232>
** 20240525
** Sea Practical 2024
** MCat 25.05 CTD_SP1
** NMEA Latitude = 054 07.72N
** NMEA Longitude = 008 46.61E
** waterdepth = 10.99m
** Isabell
# nquan = 11
# nvalues = 388                         
# units = specified
# name 0 = timeJ: Julian Days
# name 1 = prdM: Pressure, Strain Gauge [db]
# name 2 = tv290C: Temperature [ITS-90, deg C]
# name 3 = c0mS/cm: Conductivity [mS/cm]
# name 4 = sal00: Salinity, Practical [PSU]
# name 5 = depSM: Depth [salt water, m], lat = 54.00
# name 6 = oxsatMm/Kg: Oxygen Saturation, Weiss [umol/kg]
# name 7 = oxsolMm/Kg: Oxygen Saturation, Garcia & Gordon [umol/kg]
# name 8 = turbWETntu0: Turbidity, WET Labs ECO [NTU]
# name 9 = flECO-AFL: Fluorescence, WET Labs ECO-AFL/FL [mg/m^3]
# name 10 = flag:  0.000e+00
# span 0 = 146.252014, 146.253134       
# span 1 =      0.581,      9.780       
# span 2 =    17.7652,    18.1491       
# span 3 =  35.423101,  35.595973       
# span 4 =    26.2336,    26.3807       
# span 5 =      0.576,      9.693       
# span 6 =  247.08434,  248.71364       
# span 7 =  247.49315,  249.10758       
# span 8 =    -0.5802,     9.8556       
# span 9 =     1.8630,     5.0615       
# span 10 = 0.0000e+00, 0.0000e+00      
# interval = seconds: 0.25
# start_time = May 25 2024 06:01:44 [Instrument's time stamp, header]
# bad_flag = -9.990e-29
*END*
[from data line 132]
 146.252396      3.866    18.1418  35.582347    26.2643      3.831  247.09706  247.50561     3.3264     2.9750 -9.990e-29
 146.252399      3.891    18.1417  35.586928    26.2688      3.857  247.09033  247.49886     3.3420     2.9952 -9.990e-29
 146.252402      3.924    18.1416  35.587772    26.2687      3.889  247.09094  247.49946     3.3420     2.9892 0.0000e+00
 146.252405      3.952    18.1415  35.587351    26.2686      3.916  247.09155  247.50007     3.3420     2.9831 0.0000e+00
 146.252407      3.986    18.1410  35.586507    26.2686      3.951  247.09421  247.50267     3.6689     2.7203 0.0000e+00
 146.252410      4.014    18.1404  35.588436    26.2701      3.978  247.09461  247.50311     3.7311     2.7122 0.0000e+00
 146.252413      4.041    18.1400  35.587773    26.2702      4.005  247.09609  247.50454     3.8245     2.7163 0.0000e+00
 146.252416      4.068    18.1396  35.586326    26.2701      4.032  247.09796  247.50640     3.7311     2.7122 -9.990e-29
 146.252419      4.092    18.1387  35.589281    26.2719      4.056  247.09909  247.50749     4.0735     2.8294 -9.990e-29
 146.252422      4.116    18.1387  35.588015    26.2709      4.079  247.10114  247.50954     4.0891     2.8699 -9.990e-29
 146.252425      4.130    18.1386  35.591270    26.2736      4.093  247.09703  247.50541     4.0113     2.8294 -9.990e-29
 146.252428      4.147    18.1382  35.591270    26.2738      4.110  247.09830  247.50667     3.9179     2.8699 -9.990e-29
 146.252431      4.165    18.1378  35.592778    26.2779      4.128  247.09349  247.50183     6.2058     2.9022 -9.990e-29
 146.252433      4.192    18.1375  35.595973    26.2760      4.155  247.09781  247.50615     6.2447     2.8861 0.0000e+00
 146.252436      4.222    18.1373  35.591030    26.2769      4.184  247.10209  247.51037     6.2836     2.9022 0.0000e+00
 146.252439      4.251    18.1363  35.593622    26.2769      4.213  247.10213  247.51046     6.3148     2.8982 0.0000e+00
 146.252442      4.284    18.1346  35.593201    26.2777      4.245  247.10930  247.51751     6.3148     2.9022 0.0000e+00
 146.252445      4.315    18.1322  35.591453    26.2778      4.276  247.12053  247.52865     5.7700     2.9265 0.0000e+00
 146.252448      4.346    18.1303  35.589524    26.2783      4.307  247.12894  247.53699     5.7545     2.9366 0.0000e+00
 146.252451      4.375    18.1283  35.589705    26.2787      4.336  247.13736  247.54534     5.7389     2.9467 -9.990e-29
 146.252454      4.399    18.1170  35.585185    26.2824      4.359  247.18493  247.59248     5.7545     2.9265 -9.990e-29
 146.252457      4.426    18.1110  35.588200    26.2886      4.387  247.20291  247.61021     3.9957     3.0154 -9.990e-29
 146.252459      4.444    18.1068  35.586512    26.2899      4.405  247.22067  247.62781     3.9490     3.0478 -9.990e-29
 146.252462      4.463    18.1049  35.585608    26.2905      4.423  247.22917  247.63623     3.9801     3.0478 -9.990e-29
 146.252465      4.479    18.1009  35.584102    26.2917      4.439  247.24573  247.65264     4.0580     3.0357 -9.990e-29
 146.252468      4.499    18.0916  35.583921    26.2971      4.459  247.28103  247.68757     6.7506     3.0599 -9.990e-29
 146.252471      4.526    18.0901  35.583440    26.2974      4.486  247.28770  247.69419     6.6728     3.0559 0.0000e+00
 146.252474      4.552    18.0886  35.581752    26.2977      4.511  247.29438  247.70081     6.5949     3.0518 0.0000e+00
 146.252477      4.585    18.0864  35.581511    26.2989      4.544  247.30292  247.70926     6.4393     3.0518 0.0000e+00
 146.252480      4.619    18.0858  35.583019    26.2989      4.578  247.30435  247.71065     5.5833     3.2055 0.0000e+00
 146.252483      4.652    18.0858  35.580246    26.2998      4.611  247.30435  247.71065     5.5833     3.2298 0.0000e+00
 146.252486      4.687    18.0862  35.582838    26.2990      4.645  247.30371  247.71004     5.5210     3.2318 0.0000e+00
 146.252488      4.716    18.0866  35.579764    26.2998      4.674  247.30053  247.70687     5.6144     3.2298 -9.990e-29
 146.252491      4.740    18.0860  35.580668    26.2984      4.698  247.30541  247.71174     5.5521     3.2378 -9.990e-29
 146.252494      4.762    18.0846  35.579161    26.2981      4.719  247.31284  247.71911     5.8167     4.1881 -9.990e-29
 146.252497      4.780    18.0832  35.579342    26.2991      4.738  247.31764  247.72386     5.7078     4.1598 -9.990e-29
 146.252500      4.800    18.0817  35.578499    26.2994      4.758  247.32448  247.73064     5.8167     4.2083 -9.990e-29
 146.252503      4.813    18.0801  35.580006    26.3016      4.770  247.32810  247.73420     5.7545     4.1638 -9.990e-29
 146.252506      4.830    18.0779  35.575666    26.2994      4.787  247.34223  247.74826     5.8945     2.7769 -9.990e-29
 146.252509      4.852    18.0743  35.578499    26.3016      4.808  247.35606  247.76194     5.8634     2.7647 -9.990e-29
 146.252512      4.883    18.0732  35.575486    26.3034      4.839  247.35812  247.76395     5.8323     2.7748 0.0000e+00
 146.252514      4.916    18.0721  35.578259    26.3053      4.872  247.36017  247.76595     5.8012     2.7850 0.0000e+00
 146.252517      4.948    18.0708  35.577837    26.3053      4.904  247.36549  247.77122     4.7895     2.9022 0.0000e+00
 146.252520      4.983    18.0697  35.572895    26.3054      4.938  247.37382  247.77949     4.7584     2.9305 0.0000e+00
 146.252523      5.014    18.0692  35.576150    26.3052      4.969  247.37636  247.78206     4.7739     2.9305 0.0000e+00
 146.252526      5.043    18.0686  35.575487    26.3054      4.998  247.37473  247.78035     4.7739     2.8860 0.0000e+00
 146.252529      5.071    18.0684  35.578501    26.3066      5.025  247.37584  247.78147     5.0229     2.8294 0.0000e+00
 146.252532      5.096    18.0681  35.575487    26.3080      5.050  247.37473  247.78035     5.2720     2.7728 -9.990e-29
 146.252535      5.114    18.0691  35.578260    26.3071      5.069  247.37130  247.77696     5.3187     2.7971 -9.990e-29
 146.252538      5.132    18.0696  35.579345    26.3077      5.087  247.36825  247.77392     5.2875     2.7728 -9.990e-29
 146.252541      5.149    18.0702  35.579767    26.3076      5.103  247.36516  247.77086     5.1630     2.8173 -9.990e-29
 146.252543      5.162    18.0715  35.578501    26.3058      5.115  247.36216  247.76792     5.0229     2.8416 -9.990e-29
 146.252546      5.183    18.0728  35.580249    26.3071      5.137  247.35392  247.75972     5.1475     2.8497 -9.990e-29
 146.252549      5.215    18.0729  35.581093    26.3062      5.168  247.35462  247.76043     5.0852     2.8517 0.0000e+00
 146.252552      5.242    18.0731  35.579164    26.3058      5.195  247.35392  247.75972     5.1475     2.8537 0.0000e+00
 146.252555      5.276    18.0737  35.580249    26.3053      5.229  247.35209  247.75797     5.5210     3.1084 0.0000e+00
 146.252558      5.309    18.0744  35.578079    26.3054      5.262  247.35164  247.75747     5.5210     3.1165 0.0000e+00
 146.252561      5.342    18.0749  35.580671    26.3035      5.294  247.34923  247.75514     5.4587     3.1165 0.0000e+00
 146.252564      5.373    18.0754  35.577657    26.3043      5.325  247.34699  247.75287     5.4587     3.1206 0.0000e+00
 146.252567      5.399    18.0755  35.580008    26.3035      5.351  247.34716  247.75307     5.9879     4.0809 0.0000e+00
 146.252569      5.426    18.0756  35.577838    26.3043      5.378  247.34509  247.75100     6.5171     5.0615 -9.990e-29
 146.252572      5.446    18.0756  35.580250    26.3045      5.398  247.34478  247.75069     6.2214     5.0373 -9.990e-29
 146.252575      5.466    18.0754  35.580853    26.3052      5.417  247.34491  247.75081     6.2525     5.0534 -9.990e-29
 146.252578      5.479    18.0750  35.579346    26.3041      5.430  247.34824  247.75413     5.7856     2.9912 -9.990e-29
 146.252581      5.501    18.0749  35.575488    26.3011      5.452  247.35414  247.76005     5.7389     2.9629 -9.990e-29
 146.252584      5.525    18.0746  35.578261    26.3035      5.475  247.35132  247.75720     5.9412     2.9548 -9.990e-29
 146.252587      5.547    18.0718  35.577658    26.3049      5.497  247.36232  247.76809     5.9257     3.0114 -9.990e-29
 146.252590      5.581    18.0710  35.577839    26.3058      5.531  247.36471  247.77044     6.0891     3.0013 0.0000e+00
 146.252593      5.611    18.0702  35.578744    26.3049      5.561  247.36709  247.77279     6.2525     2.9912 0.0000e+00
 146.252595      5.647    18.0685  35.575067    26.3059      5.597  247.37812  247.78377     6.2836     2.9750 0.0000e+00
 146.252598      5.680    18.0666  35.575067    26.3059      5.629  247.38507  247.79065     6.5015     2.9629 0.0000e+00
 146.252601      5.706    18.0654  35.576334    26.3072      5.655  247.38862  247.79415     6.5093     2.9528 0.0000e+00
 146.252604      5.735    18.0643  35.576756    26.3085      5.684  247.39218  247.79765     6.5171     2.9305 -9.990e-29
 146.252607      5.760    18.0613  35.577419    26.3113      5.709  247.40176  247.80711     6.0969     3.1731 -9.990e-29
 146.252610      5.782    18.0614  35.574827    26.3091      5.731  247.40499  247.81036     5.9879     3.1610 -9.990e-29
 146.252613      5.801    18.0623  35.575490    26.3090      5.749  247.40063  247.80603     6.0035     3.1570 -9.990e-29
 146.252616      5.819    18.0626  35.576575    26.3097      5.767  247.39789  247.80330     5.0541     2.8860 -9.990e-29
 146.252619      5.837    18.0633  35.579770    26.3119      5.785  247.39102  247.79644     5.0541     2.8982 -9.990e-29
 146.252622      5.857    18.0635  35.578745    26.3096      5.805  247.39395  247.79939     5.0385     2.8780 -9.990e-29
 146.252624      5.885    18.0636  35.577178    26.3108      5.832  247.39139  247.79683     5.1942     2.8678 0.0000e+00
 146.252627      5.916    18.0637  35.580253    26.3113      5.863  247.38882  247.79426     5.3342     2.8577 0.0000e+00
 146.252630      5.952    18.0641  35.579770    26.3113      5.899  247.38823  247.79369     5.3498     2.8456 0.0000e+00
 146.252633      5.985    18.0667  35.580252    26.3100      5.932  247.37782  247.78338     5.3342     2.8456 0.0000e+00
 146.252636      6.018    18.0680  35.580252    26.3091      5.964  247.37294  247.77855     5.3653     2.8497 0.0000e+00
 146.252639      6.049    18.0694  35.581759    26.3083      5.995  247.36806  247.77373     5.3187     2.8537 -9.990e-29
 146.252642      6.071    18.0721  35.580674    26.3069      6.016  247.35742  247.76320     6.1591     2.7850 -9.990e-29
 146.252645      6.093    18.0728  35.576997    26.3035      6.038  247.35993  247.76575     6.0969     2.8052 -9.990e-29
 146.252648      6.115    18.0731  35.581759    26.3072      6.060  247.35250  247.75830     6.1280     2.7971 -9.990e-29
 146.252650      6.133    18.0744  35.581940    26.3064      6.078  247.34721  247.75307     6.0346     2.8011 -9.990e-29
 146.252653      6.147    18.0773  35.583929    26.3062      6.093  247.33379  247.73975     7.3264     2.7162 -9.990e-29
 146.252656      6.166    18.0803  35.584773    26.3050      6.111  247.32161  247.72769     7.3887     2.7162 -9.990e-29
 146.252659      6.186    18.0843  35.585195    26.3034      6.131  247.30509  247.71133     7.3264     2.7324 -9.990e-29
 146.252662      6.212    18.0848  35.586039    26.3021      6.156  247.30481  247.71107     6.8284     2.8113 0.0000e+00
 146.252665      6.239    18.0854  35.583687    26.3020      6.183  247.30453  247.71082     6.3303     2.8901 0.0000e+00
 146.252668      6.268    18.0855  35.585617    26.3008      6.212  247.30453  247.71082     6.3303     2.9063 0.0000e+00
 146.252671      6.301    18.0855  35.582844    26.3010      6.245  247.30508  247.71138     6.2058     2.9143 0.0000e+00
 146.252674      6.334    18.0840  35.582844    26.3010      6.277  247.31077  247.71701     6.2058     2.9224 0.0000e+00
 146.252677      6.360    18.0828  35.581759    26.3013      6.303  247.31593  247.72212     5.6844     2.9547 0.0000e+00
 146.252679      6.391    18.0816  35.577178    26.3016      6.333  247.32109  247.72723     5.1630     2.9952 -9.990e-29
 146.252682      6.412    18.0766  35.579590    26.3030      6.355  247.34236  247.74832     4.9296     3.0437 -9.990e-29
 146.252685      6.440    18.0743  35.576154    26.3017      6.382  247.35557  247.76146     4.9607     3.0276 -9.990e-29
 146.252688      6.464    18.0707  35.577722    26.3053      6.406  247.36669  247.77242     5.0541     3.0276 -9.990e-29
 146.252691      6.486    18.0674  35.576336    26.3062      6.428  247.38089  247.78649     6.0191     2.9386 -9.990e-29
 146.252694      6.506    18.0659  35.574829    26.3060      6.448  247.38863  247.79417     6.0191     2.8780 -9.990e-29
 146.252697      6.531    18.0642  35.573081    26.3056      6.473  247.39733  247.80282     5.9412     2.9224 -9.990e-29
 146.252700      6.555    18.0590  35.570731    26.3099      6.496  247.41510  247.82038     4.5249     2.8416 -9.990e-29
 146.252703      6.584    18.0579  35.574167    26.3098      6.525  247.42037  247.82561     4.5716     2.8476 0.0000e+00
 146.252705      6.613    18.0568  35.572239    26.3096      6.554  247.42563  247.83083     4.5249     2.8537 0.0000e+00
 146.252708      6.646    18.0555  35.570069    26.3096      6.587  247.43334  247.83849     4.6027     2.8537 0.0000e+00
 146.252711      6.677    18.0546  35.570732    26.3096      6.617  247.43620  247.84132     4.5638     2.8517 0.0000e+00
 146.252714      6.708    18.0538  35.570491    26.3104      6.648  247.43907  247.84415     4.6027     2.8416 -9.990e-29
 146.252717      6.732    18.0529  35.573746    26.3134      6.672  247.43813  247.84316     5.2720     3.0074 -9.990e-29
 146.252720      6.754    18.0561  35.573987    26.3132      6.693  247.42288  247.82803     5.3187     2.9629 -9.990e-29
 146.252723      6.779    18.0561  35.576157    26.3132      6.718  247.42288  247.82803     5.3187     2.9629 0.0000e+00
 146.252726      6.805    18.0561  35.573083    26.3132      6.744  247.42288  247.82803     5.3187     2.9629 -9.990e-29
 146.252729      6.827    18.0595  35.572480    26.3081      6.766  247.41563  247.82093     5.3498     2.8537 -9.990e-29
 146.252731      6.843    18.0600  35.571817    26.3072      6.782  247.41465  247.81998     5.3187     2.8213 -9.990e-29
 146.252734      6.865    18.0596  35.575072    26.3101      6.803  247.41148  247.81678     5.2875     2.8416 -9.990e-29
 146.252737      6.881    18.0573  35.573987    26.3089      6.820  247.42446  247.82967     5.5210     2.9831 -9.990e-29
 146.252740      6.907    18.0567  35.571818    26.3097      6.845  247.42641  247.83159     5.5443     2.9750 0.0000e+00
 146.252743      6.932    18.0560  35.572662    26.3104      6.870  247.42815  247.83329     5.5677     2.9750 0.0000e+00
 146.252746      6.960    18.0558  35.573747    26.3109      6.897  247.42825  247.83341     5.5755     2.9710 0.0000e+00
 146.252749      6.987    18.0556  35.575254    26.3115      6.924  247.42815  247.83329     5.5833     2.9750 -9.990e-29
 146.252752      7.010    18.0569  35.576158    26.3127      6.948  247.42015  247.82533     7.2486     2.8416 -9.990e-29
 146.252755      7.040    18.0575  35.574832    26.3112      6.977  247.41977  247.82498     7.2331     2.8497 -9.990e-29
 146.252758      7.064    18.0571  35.569889    26.3115      7.000  247.42137  247.82657     7.2953     2.8497 -9.990e-29
 146.252760      7.093    18.0564  35.574832    26.3102      7.029  247.42655  247.83173     6.0502     2.8113 0.0000e+00
 146.252763      7.122    18.0558  35.570733    26.3101      7.058  247.43172  247.83688     4.8517     2.8052 0.0000e+00
 146.252766      7.147    18.0549  35.570915    26.3095      7.083  247.43476  247.83988     4.8284     2.7890 0.0000e+00
 146.252769      7.173    18.0541  35.572663    26.3101      7.109  247.43779  247.84288     4.8517     2.8052 -9.990e-29
