seaocn-cb/data/ctd_cnv/SBE19plus_01907321_2024_05_28_Cast99.cnv
* Sea-Bird SBE19plus  Data File:
* FileName = E:\Prandtl_Daten\2024\28052024\raw\SBE19plus_01907321_2024_05_28_Cast99.hex
* Software version 2.6.1.12
* Temperature SN = 7321
* Conductivity SN = 7321
* System UpLoad Time = May 28 2024 13:33:33
* <ApplicationData>
* <Seaterm232>
** 20240527
** Sea Practical 2024
** MCat 27.05 CTD_SP7
** NMEA Latitude = 54 8.36N
** NMEA Longitude = 008 20.85E
** waterdepth = 14.6m
** Isabelle
# nquan = 11
# nvalues = 521                         
# units = specified
# name 0 = timeJ: Julian Days
# name 1 = prdM: Pressure, Strain Gauge [db]
# name 2 = tv290C: Temperature [ITS-90, deg C]
# name 3 = c0mS/cm: Conductivity [mS/cm]
# name 4 = sal00: Salinity, Practical [PSU]
# name 5 = depSM: Depth [salt water, m], lat = 54.00
# name 6 = oxsatMm/Kg: Oxygen Saturation, Weiss [umol/kg]
# name 7 = oxsolMm/Kg: Oxygen Saturation, Garcia & Gordon [umol/kg]
# name 8 = turbWETntu0: Turbidity, WET Labs ECO [NTU]
# name 9 = flECO-AFL: Fluorescence, WET Labs ECO-AFL/FL [mg/m^3]
# name 10 = flag:  0.000e+00
# span 0 = 149.561415, 149.562920       
# span 1 =      0.284,     14.092       
# span 2 =    14.7822,    17.1239       
# span 3 =  37.332984,  38.010071       
# span 4 =    28.7946,    30.7313       
# span 5 =      0.282,     13.966       
# span 6 =  247.70764,  256.08549       
# span 7 =  248.06181,  256.31478       
# span 8 =    -4.9381,    10.2369       
# span 9 =     1.4910,     8.6887       
# span 10 = 0.0000e+00, 0.0000e+00      
# interval = seconds: 0.25
# start_time = May 28 2024 13:26:10 [Instrument's time stamp, header]
# bad_flag = -9.990e-29
*END*
 149.561415      0.284    17.1233  37.814372    28.8106      0.282  247.71035  248.06449    -4.5802     1.5072 -9.990e-29
 149.561418      0.292    17.1239  37.814804    28.8106      0.289  247.70764  248.06181    -4.5179     1.5072 -9.990e-29
 149.561421      0.299    17.1224  37.808997    28.8067      0.296  247.72129  248.07541    -4.5179     1.4910 -9.990e-29
 149.561424      0.304    17.1175  37.806835    28.8106      0.301  247.73865  248.09254    -4.5490     1.7093 -9.990e-29
 149.561427      0.339    17.1170  37.809430    28.8104      0.336  247.74109  248.09497    -4.5646     1.6911 0.0000e+00
 149.561429      0.415    17.1166  37.808133    28.8101      0.412  247.74353  248.09739    -4.5490     1.7093 0.0000e+00
 149.561432      0.503    17.1166  37.807578    28.8096      0.498  247.74436  248.09823    -4.5490     1.6730 0.0000e+00
 149.561435      0.581    17.1145  37.799486    28.8062      0.576  247.76369  248.11750    -4.5490     1.5638 0.0000e+00
 149.561438      0.647    17.1127  37.798746    28.8052      0.641  247.77082  248.12455    -4.5802     1.5577 0.0000e+00
 149.561441      0.682    17.1108  37.797511    28.8062      0.675  247.77795  248.13160    -4.6736     1.5638 -9.990e-29
 149.561444      0.700    17.1043  37.797697    28.8099      0.694  247.80312  248.15646    -4.5802     1.5597 -9.990e-29
 149.561447      0.689    17.1021  37.794361    28.8087      0.683  247.81594  248.16920    -4.3778     1.6730 -9.990e-29
 149.561450      0.676    17.1008  37.795967    28.8109      0.670  247.81813  248.17133    -4.5490     1.6527 -9.990e-29
 149.561453      0.674    17.0998  37.797821    28.8133      0.668  247.81939  248.17252    -4.6269     1.6204 -9.990e-29
 149.561455      0.676    17.0988  37.793744    28.8105      0.670  247.82878  248.18189    -4.5646     1.6123 -9.990e-29
 149.561458      0.685    17.0970  37.788309    28.8072      0.679  247.84310  248.19616    -4.4868     1.6446 -9.990e-29
 149.561461      0.689    17.0938  37.786642    28.8080      0.683  247.85685  248.20977    -4.9226     1.6810 -9.990e-29
 149.561464      0.698    17.0908  37.784790    28.8087      0.692  247.87057  248.22336    -4.7514     1.7093 -9.990e-29
 149.561467      0.705    17.0855  37.785531    28.8134      0.699  247.88807  248.24060    -4.9381     1.7174 -9.990e-29
 149.561470      0.731    17.0850  37.785964    28.8134      0.724  247.89006  248.24258    -4.6813     1.6406 0.0000e+00
 149.561473      0.786    17.0846  37.785285    28.8134      0.779  247.88919  248.24168    -4.4245     1.5961 0.0000e+00
 149.561476      0.857    17.0846  37.787323    28.8141      0.849  247.88919  248.24168    -4.4245     1.5961 0.0000e+00
 149.561479      0.941    17.0855  37.786891    28.8141      0.933  247.88739  248.23995    -4.3934     1.5961 0.0000e+00
 149.561481      1.008    17.0857  37.785285    28.8133      0.999  247.88713  248.23967    -4.3622     1.5820 0.0000e+00
 149.561484      1.049    17.0860  37.784606    28.8124      1.039  247.88739  248.23995    -4.3934     1.5678 -9.990e-29
 149.561487      1.054    17.0851  37.785100    28.8128      1.045  247.89067  248.24319    -4.3467     1.5840 -9.990e-29
 149.561490      1.045    17.0841  37.779542    28.8088      1.036  247.90217  248.25468    -4.3156     1.5840 -9.990e-29
 149.561493      1.019    17.0810  37.777628    28.8094      1.010  247.91625  248.26863    -4.3156     1.5678 -9.990e-29
 149.561496      1.007    17.0775  37.778431    28.8127      0.998  247.92797  248.28018    -4.6891     1.7862 -9.990e-29
 149.561499      1.007    17.0749  37.770404    28.8077      0.998  247.94869  248.30082    -4.5179     1.7579 -9.990e-29
 149.561502      1.031    17.0623  37.758055    28.7979      1.021  248.02563  248.37729    -4.3934     1.7457 -9.990e-29
 149.561505      1.061    17.0570  37.748364    28.8023      1.052  248.04404  248.39545    -4.4401     1.7538 0.0000e+00
 149.561508      1.113    17.0516  37.749847    28.8023      1.103  248.06246  248.41361    -4.4868     1.7457 0.0000e+00
 149.561510      1.164    17.0449  37.738859    28.8023      1.153  248.10271  248.45360    -4.4868     1.6487 0.0000e+00
 149.561513      1.207    17.0366  37.727503    28.8023      1.197  248.14887  248.49945    -4.4868     1.6406 0.0000e+00
 149.561516      1.253    17.0252  37.722444    28.8024      1.242  248.19773  248.54780    -4.4868     1.6487 0.0000e+00
 149.561519      1.293    17.0156  37.724420    28.8109      1.282  248.22965  248.57926    -4.4868     1.6527 0.0000e+00
 149.561522      1.333    17.0111  37.725099    28.8147      1.321  248.24516  248.59456    -4.5490     1.7781 0.0000e+00
 149.561525      1.372    17.0090  37.726149    28.8147      1.359  248.25117  248.60046    -4.5024     1.7781 0.0000e+00
 149.561528      1.401    17.0085  37.713806    28.8122      1.388  248.26180  248.61110    -4.5257     1.7822 0.0000e+00
 149.561531      1.428    17.0080  37.698565    28.8073      1.415  248.27242  248.62173    -4.5024     1.7862 -9.990e-29
 149.561534      1.448    16.9896  37.690793    28.8008      1.435  248.37211  248.72068    -4.8136     1.9681 -9.990e-29
 149.561536      1.461    16.9770  37.694866    28.8133      1.448  248.41239  248.76034    -4.9070     1.9762 -9.990e-29
 149.561539      1.476    16.9700  37.678642    28.8046      1.462  248.46107  248.80878    -4.7358     1.9156 -9.990e-29
 149.561542      1.492    16.9604  37.668465    28.8027      1.479  248.51038  248.85770    -4.7825     1.9560 -9.990e-29
 149.561545      1.497    16.9480  37.661681    28.8058      1.484  248.56531  248.91209    -4.7358     2.0207 -9.990e-29
 149.561548      1.505    16.9359  37.663410    28.8160      1.491  248.60714  248.95333    -4.6269     2.0490 -9.990e-29
 149.561551      1.509    16.9276  37.655023    28.8147      1.495  248.64910  248.99495    -4.6269     2.0126 -9.990e-29
 149.561554      1.516    16.9211  37.651817    28.8166      1.502  248.67735  249.02292    -4.5179     2.0086 -9.990e-29
 149.561557      1.523    16.9150  37.645096    28.8153      1.509  248.70946  249.05476    -4.5179     2.0490 -9.990e-29
 149.561560      1.547    16.8950  37.625489    28.7972      1.533  248.83726  249.18183    -4.4090     2.2997 -9.990e-29
 149.561563      1.572    16.8853  37.606996    28.7946      1.558  248.88878  249.23296    -4.3779     2.2836 0.0000e+00
 149.561565      1.620    16.8756  37.584502    28.7972      1.605  248.94031  249.28408    -4.3467     2.2674 0.0000e+00
 149.561568      1.674    16.8518  37.577726    28.8031      1.660  249.03693  249.37962    -4.3156     2.2633 0.0000e+00
 149.561571      1.749    16.8317  37.562695    28.8031      1.734  249.13229  249.47410    -4.1911     2.2471 0.0000e+00
 149.561574      1.817    16.8107  37.530911    28.8047      1.800  249.25484  249.59582    -4.1755     2.2391 0.0000e+00
 149.561577      1.871    16.7972  37.526172    28.8002      1.855  249.30754  249.64789    -4.1288     2.2431 0.0000e+00
 149.561580      1.908    16.7838  37.521001    28.8078      1.891  249.36024  249.69996    -4.1755     2.2391 -9.990e-29
 149.561583      1.922    16.7488  37.519402    28.8272      1.905  249.49849  249.83657    -4.3467     2.5140 -9.990e-29
 149.561586      1.924    16.7394  37.518479    28.8331      1.907  249.53424  249.87188    -4.3778     2.5059 -9.990e-29
 149.561589      1.919    16.7347  37.523099    28.8404      1.902  249.54461  249.88199    -4.2533     2.5342 -9.990e-29
 149.561591      1.917    16.7349  37.522421    28.8397      1.900  249.54499  249.88239    -4.3156     2.5504 -9.990e-29
 149.561594      1.913    16.7344  37.504686    28.8249      1.896  249.57247  249.90994    -4.2222     2.6475 -9.990e-29
 149.561597      1.917    16.7237  37.474337    28.8067      1.900  249.65566  249.99279    -4.1755     2.6353 -9.990e-29
 149.561600      1.926    16.6996  37.455076    28.8075      1.909  249.77194  250.10801    -4.2378     2.6434 -9.990e-29
 149.561603      1.942    16.6441  37.437542    28.8162      1.925  250.02901  250.36261    -4.2066     2.6798 -9.990e-29
 149.561606      1.977    16.6275  37.418719    28.8254      1.959  250.09490  250.42771    -4.3701     2.4999 0.0000e+00
 149.561609      2.023    16.6108  37.412326    28.8346      2.005  250.16080  250.49281    -4.4868     2.3199 0.0000e+00
 149.561612      2.078    16.5794  37.395600    28.8417      2.059  250.30105  250.63163    -4.5024     2.3199 0.0000e+00
 149.561615      2.138    16.5469  37.367010    28.8429      2.119  250.46256  250.79171    -4.5024     2.3199 0.0000e+00
 149.561617      2.200    16.5045  37.365540    28.8710      2.180  250.62155  250.94863    -4.5024     2.3482 0.0000e+00
 149.561620      2.258    16.4867  37.362655    28.8826      2.238  250.68934  251.01555    -4.4323     2.5443 0.0000e+00
 149.561623      2.297    16.4689  37.354543    28.8942      2.276  250.75712  251.08246    -4.3000     2.7769 -9.990e-29
 149.561626      2.313    16.4234  37.346247    28.9129      2.292  250.94957  251.27276    -4.2689     2.8011 -9.990e-29
 149.561629      2.315    16.4021  37.341763    28.9245      2.294  251.03508  251.35724    -4.3467     2.8254 -9.990e-29
 149.561632      2.309    16.3791  37.339922    28.9395      2.289  251.12296  251.44398    -4.3156     2.5989 -9.990e-29
 149.561635      2.295    16.3597  37.336236    28.9504      2.274  251.20038  251.52046    -4.4090     2.6030 -9.990e-29
 149.561638      2.280    16.3379  37.333965    28.9643      2.260  251.28467  251.60367    -4.2378     2.5747 -9.990e-29
 149.561641      2.273    16.3169  37.332984    28.9787      2.252  251.36405  251.68200    -4.2845     2.6273 -9.990e-29
 149.561644      2.287    16.2758  37.336060    29.0108      2.267  251.51278  251.82865    -4.4712     2.7000 -9.990e-29
 149.561646      2.316    16.2657  37.335570    29.0194      2.296  251.54831  251.86365    -4.3701     2.7182 0.0000e+00
 149.561649      2.369    16.2555  37.338585    29.0281      2.348  251.58383  251.89865    -4.2845     2.7364 0.0000e+00
 149.561652      2.435    16.2310  37.343690    29.0503      2.413  251.66696  251.98052    -4.2845     2.7364 0.0000e+00
 149.561655      2.493    16.2066  37.345660    29.0698      2.471  251.75499  252.06730    -4.3467     2.7607 0.0000e+00
 149.561658      2.544    16.1952  37.348060    29.0791      2.522  251.79554  252.10726    -4.3779     2.7809 0.0000e+00
 149.561661      2.583    16.1838  37.344743    29.0885      2.560  251.83609  252.14723    -4.4090     2.8375 -9.990e-29
 149.561664      2.605    16.1584  37.348063    29.1071      2.581  251.93085  252.24069    -4.2066     2.8537 -9.990e-29
 149.561667      2.623    16.1518  37.345237    29.1094      2.599  251.95949  252.26901    -4.2845     2.8537 -9.990e-29
 149.561670      2.639    16.1461  37.344991    29.1133      2.616  251.98101  252.29024    -4.3156     3.6099 -9.990e-29
 149.561672      2.656    16.1420  37.346283    29.1175      2.632  251.99458  252.30360    -4.3623     3.6341 -9.990e-29
 149.561675      2.672    16.1356  37.345915    29.1219      2.648  252.01896  252.32765    -4.3623     3.5977 -9.990e-29
 149.561678      2.696    16.1176  37.341921    29.1310      2.672  252.09286  252.40065    -4.0977     4.1113 -9.990e-29
 149.561681      2.736    16.1141  37.341307    29.1336      2.711  252.10568  252.41330    -4.1211     4.1193 0.0000e+00
 149.561684      2.785    16.1106  37.341493    29.1362      2.760  252.11851  252.42595    -4.1132     4.1274 0.0000e+00
 149.561687      2.838    16.1076  37.338789    29.1373      2.813  252.13185  252.43915    -4.1288     4.1355 0.0000e+00
 149.561690      2.867    16.1045  37.336455    29.1383      2.842  252.14520  252.45234    -4.1132     4.1436 -9.990e-29
 149.561693      2.880    16.0835  37.334490    29.1500      2.854  252.22992  252.53601    -3.9887     3.8565 -9.990e-29
 149.561696      2.882    16.0724  37.334307    29.1579      2.856  252.27156  252.57708    -4.0821     3.8484 -9.990e-29
 149.561698      2.878    16.0640  37.333754    29.1637      2.852  252.30393  252.60901    -4.0977     3.8565 -9.990e-29
 149.561701      2.867    16.0574  37.333079    29.1679      2.842  252.32962  252.63437    -3.9109     3.9091 -9.990e-29
 149.561704      2.867    16.0476  37.333203    29.1752      2.841  252.36573  252.66998    -4.1599     3.8929 -9.990e-29
 149.561707      2.878    16.0176  37.337015    29.2050      2.852  252.46444  252.76707    -4.0821     4.0627 -9.990e-29
 149.561710      2.914    16.0091  37.342181    29.2132      2.888  252.49261  252.79479    -4.0821     4.0688 0.0000e+00
 149.561713      2.973    16.0006  37.346854    29.2215      2.946  252.52078  252.82251    -4.0821     4.0627 0.0000e+00
 149.561716      3.030    15.9851  37.350729    29.2363      3.002  252.57295  252.87385    -4.0821     4.0627 0.0000e+00
 149.561719      3.095    15.9699  37.357616    29.2535      3.068  252.61939  252.91946    -4.3156     4.0627 0.0000e+00
 149.561722      3.154    15.9606  37.365549    29.2638      3.125  252.64849  252.94804    -4.3623     4.0547 0.0000e+00
 149.561725      3.194    15.9512  37.366536    29.2742      3.165  252.67759  252.97663    -4.4090     4.0466 -9.990e-29
 149.561727      3.217    15.9064  37.367338    29.3088      3.189  252.84234  253.13902    -4.4090     4.0749 -9.990e-29
 149.561730      3.237    15.8919  37.365434    29.3178      3.209  252.89921  253.19515    -3.9420     4.8027 -9.990e-29
 149.561733      3.237    15.8824  37.367710    29.3268      3.209  252.93138  253.22680    -4.0821     4.7866 -9.990e-29
 149.561736      3.236    15.8743  37.367096    29.3322      3.207  252.96256  253.25756    -4.0821     4.7906 -9.990e-29
 149.561739      3.234    15.8662  37.368634    29.3396      3.205  252.99048  253.28505    -4.1288     4.8391 -9.990e-29
 149.561742      3.237    15.8573  37.372570    29.3496      3.209  253.01805  253.31212    -3.7708     5.0009 -9.990e-29
 149.561745      3.259    15.8394  37.371588    29.3652      3.230  253.08108  253.37419    -3.8331     4.9887 -9.990e-29
 149.561748      3.287    15.8332  37.375217    29.3717      3.257  253.10072  253.39349    -3.7864     4.9948 0.0000e+00
 149.561751      3.327    15.8270  37.379830    29.3783      3.297  253.12036  253.41279    -3.8175     4.9968 0.0000e+00
 149.561753      3.369    15.8110  37.390348    29.3994      3.339  253.16462  253.45613    -3.8175     5.0009 0.0000e+00
 149.561756      3.413    15.7951  37.392687    29.4133      3.382  253.22063  253.51128    -3.9732     5.1586 0.0000e+00
 149.561759      3.451    15.7886  37.394718    29.4190      3.420  253.24353  253.53383    -4.0432     5.1910 0.0000e+00
 149.561762      3.487    15.7820  37.398655    29.4247      3.456  253.26643  253.55638    -4.1132     5.1586 -9.990e-29
 149.561765      3.509    15.7589  37.401056    29.4474      3.478  253.34359  253.63226    -4.0977     5.1909 -9.990e-29
 149.561768      3.535    15.7419  37.418834    29.4756      3.503  253.38024  253.66789    -4.0821     5.5144 -9.990e-29
 149.561771      3.555    15.7178  37.418653    29.4935      3.523  253.47101  253.75737    -4.0043     5.5063 -9.990e-29
 149.561774      3.580    15.6839  37.428683    29.5318      3.548  253.57548  253.85992    -4.0821     5.4982 -9.990e-29
 149.561777      3.610    15.6775  37.433545    29.5412      3.577  253.59141  253.87547    -4.1132     5.6235 0.0000e+00
 149.561780      3.644    15.6710  37.444253    29.5507      3.612  253.60735  253.89103    -4.0821     5.7489 0.0000e+00
 149.561782      3.679    15.6566  37.457670    29.5733      3.646  253.64126  253.92407    -4.1132     5.7611 0.0000e+00
 149.561785      3.719    15.6369  37.502856    29.6277      3.686  253.64616  253.92762    -4.1132     5.7611 0.0000e+00
 149.561788      3.752    15.6190  37.519117    29.6483      3.718  253.70096  253.98139    -4.1210     5.7611 0.0000e+00
 149.561791      3.779    15.6011  37.525896    29.6689      3.745  253.75576  254.03517    -4.1288     5.7570 -9.990e-29
