seaocn-cb/data/ctd_cnv/SBE19plus_01907321_2024_05_27_Cast80.cnv
* Sea-Bird SBE19plus  Data File:
* FileName = E:\Prandtl_Daten\2024\27052024\raw\SBE19plus_01907321_2024_05_27_Cast80.hex
* Software version 2.6.1.12
* Temperature SN = 7321
* Conductivity SN = 7321
* System UpLoad Time = May 27 2024 11:22:25
* <ApplicationData>
* <Seaterm232>
** 20240527
** Sea Practical 2024
** MCat 27.05 CTD_SP5
** NMEA Latitude = 54 7.781N
** NMEA Longitude = 008 25.579E
** waterdepth = 10.1m
** Merle
# nquan = 11
# nvalues = 318                         
# units = specified
# name 0 = timeJ: Julian Days
# name 1 = prdM: Pressure, Strain Gauge [db]
# name 2 = tv290C: Temperature [ITS-90, deg C]
# name 3 = c0mS/cm: Conductivity [mS/cm]
# name 4 = sal00: Salinity, Practical [PSU]
# name 5 = depSM: Depth [salt water, m], lat = 54.00
# name 6 = oxsatMm/Kg: Oxygen Saturation, Weiss [umol/kg]
# name 7 = oxsolMm/Kg: Oxygen Saturation, Garcia & Gordon [umol/kg]
# name 8 = turbWETntu0: Turbidity, WET Labs ECO [NTU]
# name 9 = flECO-AFL: Fluorescence, WET Labs ECO-AFL/FL [mg/m^3]
# name 10 = flag:  0.000e+00
# span 0 = 148.459256, 148.460174       
# span 1 =      0.538,      8.839       
# span 2 =    16.0221,    16.1580       
# span 3 =  37.037895,  37.141321       
# span 4 =    28.9233,    28.9443       
# span 5 =      0.533,      8.760       
# span 6 =  252.23978,  252.90679       
# span 7 =  252.55084,  253.21154       
# span 8 =    -1.4985,    38.9996       
# span 9 =     2.0814,     5.2030       
# span 10 = 0.0000e+00, 0.0000e+00      
# interval = seconds: 0.25
# start_time = May 27 2024 11:00:06 [Instrument's time stamp, header]
# bad_flag = -9.990e-29
*END*
 148.459256      0.538    16.1540  37.135064    28.9266      0.533  252.26320  252.57409    -0.6891     2.4089 -9.990e-29
 148.459259      0.560    16.1549  37.138683    28.9282      0.555  252.25564  252.56656    -1.2961     2.1339 -9.990e-29
 148.459262      0.614    16.1553  37.137763    28.9277      0.609  252.25496  252.56590    -1.4284     2.1077 0.0000e+00
 148.459265      0.665    16.1556  37.137088    28.9282      0.660  252.25428  252.56524    -1.3739     2.0814 0.0000e+00
 148.459268      0.731    16.1564  37.139358    28.9280      0.724  252.24795  252.55893    -1.4518     2.0814 0.0000e+00
 148.459271      0.821    16.1573  37.139603    28.9285      0.813  252.24404  252.55508    -1.4518     2.0894 0.0000e+00
 148.459274      0.925    16.1579  37.141321    28.9285      0.916  252.24042  252.55148    -1.4829     2.3482 0.0000e+00
 148.459277      1.021    16.1580  37.140708    28.9288      1.012  252.23978  252.55084    -1.4985     2.3522 0.0000e+00
 148.459280      1.080    16.1579  37.135495    28.9285      1.070  252.24042  252.55148    -1.4829     2.3482 -9.990e-29
 148.459282      1.100    16.1552  37.136538    28.9268      1.090  252.25684  252.56778    -1.2961     2.3321 -9.990e-29
 148.459285      1.091    16.1526  37.132061    28.9248      1.081  252.27307  252.58391    -0.7825     2.4210 -9.990e-29
 148.459288      1.045    16.1497  37.132430    28.9272      1.036  252.28326  252.59395    -0.8759     2.4695 -9.990e-29
 148.459291      0.987    16.1470  37.131878    28.9288      0.978  252.29422  252.60477    -1.0315     2.4898 -9.990e-29
 148.459294      0.930    16.1446  37.125746    28.9252      0.922  252.31229  252.62276    -1.0782     2.4412 -9.990e-29
 148.459297      0.912    16.1420  37.121331    28.9233      0.904  252.32843  252.63879    -0.8759     2.4655 -9.990e-29
 148.459300      0.957    16.1358  37.120289    28.9272      0.949  252.35284  252.66289    -1.0471     2.6070 -9.990e-29
 148.459303      1.058    16.1343  37.120657    28.9272      1.048  252.36023  252.67021    -0.9926     2.6029 0.0000e+00
 148.459306      1.167    16.1328  37.118206    28.9272      1.157  252.36762  252.67754    -0.9381     2.6070 0.0000e+00
 148.459308      1.262    16.1317  37.117777    28.9278      1.251  252.37215  252.68201    -0.8214     2.6252 0.0000e+00
 148.459311      1.317    16.1306  37.118084    28.9284      1.305  252.37668  252.68649    -0.7047     2.6515 -9.990e-29
 148.459314      1.326    16.1264  37.114099    28.9282      1.314  252.39775  252.70737     0.2136     3.2176 -9.990e-29
 148.459317      1.300    16.1247  37.110911    28.9267      1.289  252.40907  252.71862    -0.0821     3.2014 -9.990e-29
 148.459320      1.267    16.1223  37.112505    28.9299      1.256  252.41565  252.72506     0.0891     3.2338 -9.990e-29
 148.459323      1.251    16.1205  37.113425    28.9320      1.240  252.42114  252.73046     0.5560     3.1206 -9.990e-29
 148.459326      1.269    16.1180  37.109378    28.9306      1.258  252.43585  252.74506     0.5871     3.1529 -9.990e-29
 148.459329      1.322    16.1176  37.109808    28.9296      1.310  252.43975  252.74894     0.5560     3.1772 0.0000e+00
 148.459332      1.379    16.1171  37.106804    28.9287      1.366  252.44365  252.75283     0.5871     3.2014 0.0000e+00
 148.459334      1.439    16.1157  37.104352    28.9287      1.426  252.45231  252.76133     0.7428     3.2055 0.0000e+00
 148.459337      1.490    16.1149  37.108460    28.9299      1.476  252.45237  252.76144     0.7662     3.2621 0.0000e+00
 148.459340      1.522    16.1141  37.104843    28.9322      1.509  252.45231  252.76133     0.7895     3.3187 -9.990e-29
 148.459343      1.541    16.1123  37.105702    28.9311      1.527  252.46333  252.77227     0.8673     3.3066 -9.990e-29
 148.459346      1.555    16.1108  37.103985    28.9307      1.541  252.47158  252.78046     0.9296     3.2500 -9.990e-29
 148.459349      1.570    16.1097  37.097978    28.9263      1.556  252.48474  252.79360    -0.5179     2.4008 -9.990e-29
 148.459352      1.587    16.1092  37.103679    28.9316      1.572  252.47803  252.78683    -0.2222     2.3927 -9.990e-29
 148.459355      1.603    16.1098  37.106806    28.9339      1.588  252.47099  252.77980    -0.4712     2.4008 -9.990e-29
 148.459358      1.625    16.1141  37.109810    28.9366      1.610  252.44481  252.75380     0.1202     3.0114 -9.990e-29
 148.459361      1.654    16.1151  37.113550    28.9359      1.639  252.44129  252.75033     0.1902     2.9912 0.0000e+00
 148.459363      1.690    16.1160  37.113672    28.9353      1.675  252.44110  252.75027     0.1513     2.9710 0.0000e+00
 148.459366      1.725    16.1166  37.108645    28.9327      1.710  252.43944  252.74856     0.2058     2.9608 0.0000e+00
 148.459369      1.763    16.1171  37.112875    28.9301      1.748  252.44110  252.75027     0.1513     2.9507 -9.990e-29
 148.459372      1.785    16.1177  37.108890    28.9299      1.769  252.43838  252.74758     1.1475     3.4724 -9.990e-29
 148.459375      1.798    16.1170  37.105518    28.9275      1.782  252.44611  252.75529     1.1941     3.5209 -9.990e-29
 148.459378      1.807    16.1154  37.107235    28.9301      1.791  252.44953  252.75863     1.1163     3.4441 -9.990e-29
 148.459381      1.822    16.1143  37.105518    28.9294      1.805  252.45629  252.76533     0.8517     3.4481 -9.990e-29
 148.459384      1.846    16.1112  37.104844    28.9289      1.829  252.47274  252.78165     1.0852     3.0154 -9.990e-29
 148.459387      1.882    16.1107  37.102331    28.9321      1.865  252.46980  252.77866     1.0230     3.0073 0.0000e+00
 148.459389      1.931    16.1105  37.108891    28.9322      1.914  252.47073  252.77958     1.0385     3.0154 0.0000e+00
 148.459392      1.984    16.1105  37.105519    28.9322      1.966  252.46772  252.77660     1.0385     3.0437 0.0000e+00
 148.459395      2.026    16.1108  37.105949    28.9322      2.008  252.46922  252.77809     1.0619     3.0599 0.0000e+00
 148.459398      2.061    16.1111  37.108095    28.9321      2.042  252.46772  252.77660     1.0852     3.0761 -9.990e-29
 148.459401      2.081    16.1127  37.105029    28.9301      2.062  252.46314  252.77211     0.8362     2.8901 -9.990e-29
 148.459404      2.097    16.1133  37.111160    28.9349      2.079  252.45161  252.76058     0.7584     2.8618 -9.990e-29
 148.459407      2.109    16.1139  37.108953    28.9326      2.090  252.45282  252.76183     0.8362     2.9184 -9.990e-29
 148.459410      2.118    16.1141  37.110976    28.9342      2.099  252.44891  252.75792     0.1358     2.8011 -9.990e-29
 148.459413      2.119    16.1144  37.105949    28.9296      2.101  252.45551  252.76456     0.2136     2.8658 -9.990e-29
 148.459416      2.132    16.1142  37.106378    28.9335      2.113  252.44973  252.75875    -0.0354     2.8537 -9.990e-29
 148.459418      2.158    16.1142  37.110240    28.9329      2.139  252.45085  252.75987    -0.1210     3.1286 0.0000e+00
 148.459421      2.195    16.1141  37.108953    28.9324      2.175  252.45197  252.76099    -0.0354     3.3794 0.0000e+00
 148.459424      2.244    16.1139  37.108463    28.9324      2.224  252.45197  252.76099    -0.0977     3.4036 0.0000e+00
 148.459427      2.297    16.1134  37.111774    28.9334      2.276  252.45363  252.76264    -0.0977     3.3834 0.0000e+00
 148.459430      2.350    16.1134  37.109567    28.9344      2.329  252.45217  252.76115    -0.1366     3.4138 0.0000e+00
 148.459433      2.388    16.1134  37.106624    28.9334      2.366  252.45383  252.76281    -0.1755     3.3834 -9.990e-29
 148.459436      2.413    16.1129  37.105521    28.9302      2.392  252.46170  252.77068     1.4432     3.4481 -9.990e-29
 148.459439      2.439    16.1113  37.106379    28.9321      2.417  252.46642  252.77531     1.3498     3.4158 -9.990e-29
 148.459442      2.444    16.1100  37.103130    28.9303      2.422  252.47635  252.78519     1.6611     3.4238 -9.990e-29
 148.459444      2.448    16.1092  37.102333    28.9302      2.426  252.48053  252.78934     1.6611     3.4279 -9.990e-29
 148.459447      2.439    16.1083  37.102088    28.9306      2.417  252.48418  252.79295     2.0191     3.4400 -9.990e-29
 148.459450      2.441    16.1065  37.101598    28.9315      2.419  252.49179  252.80047     1.9568     3.4077 -9.990e-29
 148.459453      2.441    16.1034  37.096878    28.9296      2.419  252.51020  252.81875     2.1280     3.4279 -9.990e-29
 148.459456      2.448    16.0972  37.093568    28.9339      2.426  252.53391  252.84214     1.8945     3.2581 -9.990e-29
 148.459459      2.477    16.0960  37.096634    28.9320      2.455  252.54302  252.85121     1.8556     3.2378 0.0000e+00
 148.459462      2.521    16.0949  37.090259    28.9301      2.498  252.55213  252.86028     1.8167     3.2540 0.0000e+00
 148.459465      2.570    16.0931  37.086643    28.9301      2.547  252.55622  252.86420     1.8167     3.2176 0.0000e+00
 148.459468      2.625    16.0922  37.094367    28.9336      2.601  252.56090  252.86889     1.6299     3.2540 0.0000e+00
 148.459470      2.683    16.0921  37.091854    28.9340      2.659  252.55933  252.86732     0.6494     3.3308 0.0000e+00
 148.459473      2.740    16.0921  37.092528    28.9336      2.715  252.56054  252.86856     0.5716     3.3430 0.0000e+00
 148.459476      2.794    16.0923  37.090934    28.9332      2.769  252.55994  252.86794     0.5638     3.3733 0.0000e+00
 148.459479      2.831    16.0924  37.097923    28.9324      2.805  252.56054  252.86856     0.5716     3.4158 -9.990e-29
 148.459482      2.856    16.0958  37.098229    28.9362      2.831  252.53683  252.84498     2.4704     3.3915 -9.990e-29
 148.459485      2.871    16.0982  37.097554    28.9339      2.845  252.52917  252.83744     2.9840     3.4441 -9.990e-29
 148.459488      2.874    16.0999  37.102888    28.9373      2.849  252.51463  252.82296     2.6727     3.4400 -9.990e-29
 148.459491      2.867    16.1012  37.098657    28.9327      2.841  252.51616  252.82458     3.0930     3.4683 -9.990e-29
 148.459494      2.851    16.1010  37.098780    28.9329      2.825  252.51656  252.82498     2.9840     3.4522 -9.990e-29
 148.459497      2.843    16.1001  37.095531    28.9308      2.818  252.52500  252.83338     1.2564     3.8161 -9.990e-29
 148.459499      2.849    16.0990  37.096635    28.9325      2.823  252.52754  252.83586     1.3342     3.8848 -9.990e-29
 148.459502      2.871    16.0973  37.095102    28.9355      2.845  252.53083  252.83905     1.3498     3.9010 -9.990e-29
 148.459505      2.898    16.0969  37.098658    28.9344      2.872  252.53467  252.84288     1.9257     3.9111 0.0000e+00
 148.459508      2.934    16.0965  37.095532    28.9334      2.908  252.53851  252.84671     2.4860     3.9010 0.0000e+00
 148.459511      2.971    16.0958  37.091670    28.9305      2.944  252.54669  252.85488     2.4860     3.9212 0.0000e+00
 148.459514      3.018    16.0950  37.090935    28.9304      2.991  252.55080  252.85896     2.4860     3.9212 0.0000e+00
 148.459517      3.066    16.0940  37.089893    28.9302      3.038  252.55627  252.86438     2.7506     3.9212 0.0000e+00
 148.459520      3.113    16.0924  37.088238    28.9302      3.085  252.56475  252.87279     3.4821     3.7190 0.0000e+00
 148.459523      3.163    16.0908  37.090078    28.9327      3.134  252.56801  252.87596     3.4976     3.7029 0.0000e+00
 148.459525      3.201    16.0902  37.090323    28.9332      3.172  252.57008  252.87800     3.5599     3.6685 0.0000e+00
 148.459528      3.230    16.0896  37.092101    28.9337      3.201  252.57215  252.88003     3.6377     3.6341 -9.990e-29
 148.459531      3.252    16.0867  37.086646    28.9326      3.223  252.58844  252.89620     3.5910     3.6867 -9.990e-29
 148.459534      3.263    16.0850  37.087075    28.9343      3.234  252.59438  252.90205     3.6689     3.6624 -9.990e-29
 148.459537      3.270    16.0835  37.086217    28.9346      3.241  252.60135  252.90894     3.8245     3.5775 -9.990e-29
 148.459540      3.279    16.0827  37.085788    28.9348      3.250  252.60499  252.91254     3.7778     3.5815 -9.990e-29
 148.459543      3.290    16.0819  37.084624    28.9344      3.261  252.60972  252.91724     3.8868     3.6018 -9.990e-29
 148.459546      3.314    16.0780  37.080824    28.9352      3.284  252.62750  252.93483     3.4354     4.1355 -9.990e-29
 148.459549      3.347    16.0770  37.082357    28.9340      3.317  252.63478  252.94208     3.3186     4.1234 0.0000e+00
 148.459552      3.385    16.0760  37.077822    28.9340      3.355  252.64207  252.94933     3.3264     4.1113 0.0000e+00
 148.459554      3.433    16.0744  37.078006    28.9340      3.402  252.64263  252.94978     3.2019     4.0910 0.0000e+00
 148.459557      3.473    16.0744  37.081683    28.9373      3.442  252.64263  252.94978    -0.2378     3.4117 0.0000e+00
 148.459560      3.507    16.0746  37.085974    28.9389      3.476  252.63808  252.94524    -0.2378     3.3773 0.0000e+00
 148.459563      3.538    16.0750  37.084625    28.9405      3.507  252.63354  252.94070    -0.2378     3.3430 -9.990e-29
 148.459566      3.557    16.0798  37.091184    28.9415      3.525  252.60784  252.91522    -0.0821     3.3672 -9.990e-29
 148.459569      3.567    16.0830  37.097068    28.9443      3.536  252.58710  252.89460     0.5249     3.5573 -9.990e-29
 148.459572      3.566    16.0893  37.100255    28.9425      3.534  252.55872  252.86652     0.4315     3.5371 -9.990e-29
 148.459575      3.567    16.0952  37.102339    28.9400      3.536  252.53348  252.84158     0.5716     3.5209 -9.990e-29
 148.459578      3.577    16.1002  37.108347    28.9415      3.545  252.50568  252.81400     0.5560     3.5209 -9.990e-29
 148.459580      3.597    16.1085  37.107120    28.9348      3.564  252.47620  252.78494    -0.0821     3.5169 -9.990e-29
 148.459583      3.630    16.1096  37.107487    28.9335      3.597  252.47285  252.78165    -0.0821     3.5007 0.0000e+00
 148.459586      3.666    16.1107  37.106384    28.9322      3.633  252.46950  252.77836    -0.0821     3.5169 0.0000e+00
 148.459589      3.704    16.1120  37.107119    28.9319      3.671  252.46428  252.77325    -0.1755     3.5492 0.0000e+00
 148.459592      3.741    16.1126  37.105096    28.9319      3.707  252.46364  252.77256    -0.1911     3.5492 0.0000e+00
 148.459595      3.783    16.1126  37.107978    28.9321      3.749  252.46001  252.76896    -0.2066     3.5128 0.0000e+00
 148.459598      3.812    16.1126  37.110063    28.9330      3.778  252.45897  252.76792    -0.4090     3.4885 0.0000e+00
 148.459601      3.850    16.1126  37.108898    28.9330      3.816  252.45851  252.76748    -0.4090     3.4926 0.0000e+00
 148.459604      3.896    16.1129  37.108224    28.9321      3.861  252.45897  252.76792    -0.3934     3.4481 0.0000e+00
 148.459606      3.933    16.1129  37.106139    28.9311      3.897  252.45993  252.76891     0.2992     3.4097 0.0000e+00
 148.459609      3.966    16.1130  37.106630    28.9302      3.930  252.46134  252.77033     0.9918     3.3268 -9.990e-29
 148.459612      3.991    16.1125  37.109879    28.9338      3.956  252.45759  252.76653     1.0385     3.4158 -9.990e-29
 148.459615      4.018    16.1120  37.104791    28.9297      3.983  252.46729  252.77623     1.0541     3.3430 -9.990e-29
 148.459618      4.035    16.1105  37.102339    28.9287      3.999  252.47634  252.78522     1.9568     3.6139 -9.990e-29
 148.459621      4.048    16.1091  37.103565    28.9308      4.012  252.47990  252.78870     1.9879     3.6139 -9.990e-29
 148.459624      4.066    16.1073  37.096883    28.9263      4.030  252.49676  252.80551     2.0191     3.5896 -9.990e-29
 148.459627      4.079    16.1049  37.101175    28.9318      4.042  252.49933  252.80793     2.2992     3.6665 -9.990e-29
 148.459630      4.089    16.1023  37.098907    28.9317      4.053  252.51229  252.82078     2.1280     3.6220 -9.990e-29
 148.459633      4.106    16.0998  37.095965    28.9310      4.069  252.52627  252.83463     1.1630     3.4926 -9.990e-29
