seaocn-cb/data/ctd_cnv/SBE19plus_01907321_2024_05_26_Cast60.cnv
* Sea-Bird SBE19plus  Data File:
* FileName = E:\Prandtl_Daten\2024\25052024\raw\SBE19plus_01907321_2024_05_26_Cast60.hex
* Software version 2.6.1.12
* Temperature SN = 7321
* Conductivity SN = 7321
* System UpLoad Time = May 26 2024 10:29:54
* <ApplicationData>
* <Seaterm232>
** 20240526
** Sea Practical 2024
** MCat 26.05 CTD_SP1
** NMEA Latitude = 054 07.868N
** NMEA Longitude = 008 46.513E
** waterdepth =14.8m
** Merle
# nquan = 11
# nvalues = 525                         
# units = specified
# name 0 = timeJ: Julian Days
# name 1 = prdM: Pressure, Strain Gauge [db]
# name 2 = tv290C: Temperature [ITS-90, deg C]
# name 3 = c0mS/cm: Conductivity [mS/cm]
# name 4 = sal00: Salinity, Practical [PSU]
# name 5 = depSM: Depth [salt water, m], lat = 54.00
# name 6 = oxsatMm/Kg: Oxygen Saturation, Weiss [umol/kg]
# name 7 = oxsolMm/Kg: Oxygen Saturation, Garcia & Gordon [umol/kg]
# name 8 = turbWETntu0: Turbidity, WET Labs ECO [NTU]
# name 9 = flECO-AFL: Fluorescence, WET Labs ECO-AFL/FL [mg/m^3]
# name 10 = flag:  0.000e+00
# span 0 = 147.433070, 147.434586       
# span 1 =      0.481,     13.736       
# span 2 =    17.9709,    18.5823       
# span 3 =  35.859761,  36.256264       
# span 4 =    26.4794,    26.6071       
# span 5 =      0.476,     13.613       
# span 6 =  244.59401,  247.34302       
# span 7 =  245.01699,  247.74347       
# span 8 =    -3.1171,    54.6105       
# span 9 =     1.3292,     5.8864       
# span 10 = 0.0000e+00, 0.0000e+00      
# interval = seconds: 0.25
# start_time = May 26 2024 10:22:28 [Instrument's time stamp, header]
# bad_flag = -9.990e-29
*END*
[from data line 132]
 147.433452      3.894    18.1090  35.901401    26.5466      3.859  246.78313  247.18900     6.1903     2.4817 -9.990e-29
 147.433455      3.912    18.0976  35.893962    26.5479      3.877  246.83531  247.24075     6.2525     2.4938 -9.990e-29
 147.433458      3.927    18.0863  35.889426    26.5515      3.892  246.88290  247.28790     6.4082     2.4655 -9.990e-29
 147.433461      3.938    18.0775  35.886161    26.5545      3.903  246.91966  247.32433     2.1591     2.5221 -9.990e-29
 147.433464      3.952    18.0685  35.887432    26.5613      3.917  246.95086  247.35516     2.0813     2.5585 -9.990e-29
 147.433466      3.969    18.0622  35.887251    26.5653      3.933  246.97432  247.37836     2.2214     2.5464 -9.990e-29
 147.433469      3.993    18.0602  35.885618    26.5778      3.957  246.96281  247.36671     2.3926     2.2957 -9.990e-29
 147.433472      4.025    18.0651  35.900984    26.5771      3.989  246.94090  247.34499     2.4315     2.2775 0.0000e+00
 147.433475      4.066    18.0700  35.906912    26.5778      4.029  246.91900  247.32327     2.3926     2.2957 0.0000e+00
 147.433478      4.109    18.0856  35.921070    26.5763      4.073  246.84234  247.24718     2.2836     2.2593 0.0000e+00
 147.433481      4.151    18.1037  35.924819    26.5692      4.114  246.77110  247.17665     2.2836     2.2431 0.0000e+00
 147.433484      4.188    18.1095  35.925665    26.5658      4.150  246.74921  247.15499     2.6572     2.2067 0.0000e+00
 147.433487      4.217    18.1153  35.926088    26.5624      4.179  246.72733  247.13334     3.0930     2.1703 -9.990e-29
 147.433490      4.235    18.1277  35.922396    26.5516      4.197  246.68633  247.09286     3.0152     2.1744 -9.990e-29
 147.433492      4.252    18.1291  35.922820    26.5511      4.214  246.68074  247.08732     2.9062     2.1946 -9.990e-29
 147.433495      4.257    18.1279  35.916466    26.5467      4.219  246.69379  247.10034     3.2486     2.3887 -9.990e-29
 147.433498      4.268    18.1265  35.920279    26.5507      4.230  246.69362  247.10011     2.9529     2.4170 -9.990e-29
 147.433501      4.275    18.1255  35.911928    26.5445      4.237  246.70875  247.11524     2.9529     2.4089 -9.990e-29
 147.433504      4.288    18.1213  35.909751    26.5454      4.250  246.72709  247.13342     3.0930     2.4251 -9.990e-29
 147.433507      4.312    18.1175  35.916710    26.5473      4.273  246.74183  247.14800     2.0191     2.1420 -9.990e-29
 147.433510      4.341    18.1172  35.909086    26.5507      4.302  246.73743  247.14357     2.1203     2.1582 0.0000e+00
 147.433513      4.381    18.1174  35.916952    26.5538      4.342  246.73302  247.13914     2.1124     2.1744 0.0000e+00
 147.433516      4.425    18.1174  35.916952    26.5538      4.385  246.73147  247.13761     2.1124     2.1744 0.0000e+00
 147.433519      4.469    18.1196  35.917799    26.5531      4.429  246.72250  247.12872     2.1124     2.1946 0.0000e+00
 147.433521      4.511    18.1212  35.916044    26.5506      4.470  246.71940  247.12573     2.6105     2.2714 0.0000e+00
 147.433524      4.543    18.1215  35.914108    26.5496      4.503  246.71918  247.12549     2.6806     2.2795 0.0000e+00
 147.433527      4.573    18.1218  35.925666    26.5486      4.532  246.71940  247.12573     2.7506     2.2876 -9.990e-29
 147.433530      4.589    18.1262  35.925242    26.5549      4.548  246.68827  247.09472     2.4860     2.2593 -9.990e-29
 147.433533      4.602    18.1300  35.924999    26.5522      4.561  246.67450  247.08110     1.9879     2.2108 -9.990e-29
 147.433536      4.611    18.1324  35.924818    26.5505      4.570  246.66597  247.07267     1.5833     2.2188 -9.990e-29
 147.433539      4.622    18.1328  35.924999    26.5504      4.581  246.66447  247.07119     1.7545     2.2269 -9.990e-29
 147.433542      4.633    18.1331  35.922639    26.5482      4.592  246.66643  247.07317     1.7233     2.2229 -9.990e-29
 147.433545      4.657    18.1316  35.918464    26.5508      4.615  246.66947  247.07614     2.9840     2.4412 -9.990e-29
 147.433547      4.684    18.1315  35.924576    26.5513      4.642  246.66933  247.07600     3.0229     2.4432 0.0000e+00
 147.433550      4.722    18.1313  35.925484    26.5508      4.680  246.66947  247.07614     3.0619     2.4453 0.0000e+00
 147.433553      4.764    18.1305  35.921551    26.5490      4.722  246.67738  247.08403     3.0774     2.4453 0.0000e+00
 147.433556      4.804    18.1290  35.914290    26.5470      4.761  246.68798  247.09458     3.1007     2.4655 0.0000e+00
 147.433559      4.845    18.1274  35.912778    26.5450      4.801  246.69858  247.10513     3.1241     2.4372 -9.990e-29
 147.433562      4.868    18.1162  35.912113    26.5504      4.825  246.74266  247.14877     6.0346     2.6192 -9.990e-29
 147.433565      4.890    18.1126  35.911932    26.5526      4.846  246.75609  247.16206     5.9568     2.6596 -9.990e-29
 147.433568      4.908    18.1111  35.913687    26.5550      4.864  246.75935  247.16525     5.9724     2.6273 -9.990e-29
 147.433571      4.921    18.1094  35.909936    26.5531      4.877  246.77074  247.17659     9.3187     2.8497 -9.990e-29
 147.433573      4.932    18.1065  35.904249    26.5503      4.888  246.78916  247.19491     9.4276     2.8699 -9.990e-29
 147.433576      4.937    18.1032  35.902495    26.5509      4.893  246.80347  247.20910     9.1630     2.8577 -9.990e-29
 147.433579      4.948    18.0980  35.900559    26.5527      4.904  246.82524  247.23067     9.2408     2.8537 -9.990e-29
 147.433582      4.967    18.0889  35.900984    26.5543      4.922  246.86600  247.27108     7.8868     3.1853 -9.990e-29
 147.433585      4.996    18.0857  35.895297    26.5539      4.951  246.88209  247.28706     7.7233     3.1853 0.0000e+00
 147.433588      5.034    18.0824  35.889188    26.5543      4.989  246.89818  247.30303     7.7934     3.1853 0.0000e+00
 147.433591      5.078    18.0719  35.887556    26.5589      5.032  246.93869  247.34313     7.5599     3.1570 0.0000e+00
 147.433594      5.123    18.0617  35.886771    26.5649      5.078  246.97741  247.38144     4.0580     2.3159 0.0000e+00
 147.433597      5.167    18.0555  35.888950    26.5707      5.121  246.99735  247.40111     4.0580     2.3078 0.0000e+00
 147.433600      5.204    18.0546  35.891793    26.5725      5.157  246.99871  247.40242     4.0580     2.2714 0.0000e+00
 147.433602      5.233    18.0537  35.892701    26.5742      5.186  247.00007  247.40374     4.0580     2.2269 -9.990e-29
 147.433605      5.253    18.0590  35.893547    26.5721      5.206  246.97794  247.38183     3.9490     2.3038 -9.990e-29
 147.433608      5.268    18.0607  35.895120    26.5723      5.220  246.96985  247.37379     5.0229     2.6273 -9.990e-29
 147.433611      5.280    18.0626  35.895120    26.5711      5.233  246.96264  247.36667     5.1008     2.6232 -9.990e-29
 147.433614      5.286    18.0649  35.892034    26.5671      5.239  246.95871  247.36283     4.9918     2.6798 -9.990e-29
 147.433617      5.299    18.0660  35.893970    26.5680      5.251  246.95199  247.35616     5.0385     2.6839 -9.990e-29
 147.433620      5.319    18.0666  35.888526    26.5630      5.271  246.95693  247.36114     6.3926     2.8537 -9.990e-29
 147.433623      5.341    18.0656  35.891308    26.5631      5.293  246.96162  247.36580     6.6572     2.7850 -9.990e-29
 147.433626      5.372    18.0643  35.887861    26.5630      5.324  246.96843  247.37256     6.5560     2.7830 0.0000e+00
 147.433628      5.414    18.0629  35.885260    26.5631      5.365  246.97523  247.37931     6.6572     2.7809 0.0000e+00
 147.433631      5.455    18.0585  35.887680    26.5654      5.407  246.98793  247.39183     8.8673     2.7688 0.0000e+00
 147.433634      5.487    18.0555  35.882660    26.5676      5.437  247.00578  247.40957     9.0852     2.7607 0.0000e+00
 147.433637      5.519    18.0525  35.882842    26.5674      5.470  247.01680  247.42047     9.1008     2.7648 0.0000e+00
 147.433640      5.547    18.0495  35.887259    26.5694      5.497  247.02781  247.43136     9.1163     2.7607 -9.990e-29
 147.433643      5.565    18.0442  35.883932    26.5737      5.515  247.04578  247.44911    10.7661     2.7728 -9.990e-29
 147.433646      5.578    18.0442  35.880242    26.5707      5.528  247.05083  247.45417    10.7661     2.8092 -9.990e-29
 147.433649      5.598    18.0415  35.877642    26.5703      5.548  247.06442  247.46767    10.6727     2.8092 -9.990e-29
 147.433652      5.614    18.0343  35.873711    26.5717      5.564  247.09614  247.49911    10.6572     2.7486 -9.990e-29
 147.433655      5.625    18.0266  35.867785    26.5718      5.575  247.13246  247.53515    10.7973     2.8092 -9.990e-29
 147.433657      5.647    18.0163  35.872141    26.5805      5.597  247.16711  247.56937    10.0657     3.6179 -9.990e-29
 147.433660      5.673    18.0152  35.870206    26.5819      5.622  247.17016  247.57237    10.0191     3.6463 0.0000e+00
 147.433663      5.707    18.0141  35.871718    26.5832      5.656  247.17321  247.57537    10.0191     3.6543 0.0000e+00
 147.433666      5.744    18.0128  35.872384    26.5845      5.692  247.17701  247.57912    10.0191     3.6543 0.0000e+00
 147.433669      5.782    18.0115  35.871295    26.5845      5.730  247.18322  247.58528    11.9646     2.9871 0.0000e+00
 147.433672      5.820    18.0109  35.872808    26.5854      5.768  247.18454  247.58657    11.9646     2.9871 0.0000e+00
 147.433675      5.855    18.0107  35.871961    26.5859      5.803  247.18473  247.58676    12.0191     3.0215 0.0000e+00
 147.433678      5.881    18.0109  35.875650    26.5854      5.828  247.18454  247.58657    11.9646     3.0559 -9.990e-29
 147.433681      5.906    18.0128  35.873715    26.5856      5.853  247.17527  247.57737    11.9179     2.8982 -9.990e-29
 147.433683      5.926    18.0125  35.871054    26.5836      5.873  247.18018  247.58227    11.8868     2.8941 -9.990e-29
 147.433686      5.939    18.0101  35.868272    26.5829      5.886  247.19277  247.59478    12.0580     2.9022 -9.990e-29
 147.433689      5.952    18.0079  35.870208    26.5859      5.898  247.19827  247.60019    11.9957     2.9305 -9.990e-29
 147.433692      5.966    18.0063  35.867305    26.5845      5.913  247.20789  247.60976     9.9879     2.9629 -9.990e-29
 147.433695      5.981    18.0045  35.869966    26.5878      5.927  247.21084  247.61262    10.0346     2.9629 -9.990e-29
 147.433698      6.001    18.0019  35.869362    26.5865      5.947  247.22563  247.62732     9.9101     3.0074 -9.990e-29
 147.433701      6.030    18.0012  35.866278    26.5866      5.976  247.22860  247.63027     9.9179     3.0054 0.0000e+00
 147.433704      6.063    18.0005  35.865613    26.5868      6.009  247.22982  247.63144     9.9257     3.0074 0.0000e+00
 147.433707      6.101    18.0005  35.867367    26.5884      6.047  247.22982  247.63144     9.9724     3.8606 0.0000e+00
 147.433709      6.138    18.0010  35.869967    26.5901      6.083  247.22377  247.62540    10.0035     3.8646 0.0000e+00
 147.433712      6.172    18.0016  35.872628    26.5908      6.117  247.21992  247.62157    10.0813     3.8706 0.0000e+00
 147.433715      6.200    18.0021  35.869967    26.5915      6.144  247.21606  247.61774    10.1591     3.8767 -9.990e-29
 147.433718      6.223    18.0054  35.875471    26.5917      6.168  247.20029  247.60208     9.0696     2.7688 -9.990e-29
 147.433721      6.245    18.0077  35.876075    26.5907      6.189  247.19101  247.59289     9.0541     2.7809 -9.990e-29
 147.433724      6.262    18.0102  35.878313    26.5909      6.206  247.17855  247.58053     8.9296     2.7930 -9.990e-29
 147.433727      6.282    18.0124  35.878797    26.5899      6.225  247.17007  247.57213     9.0385     2.7971 -9.990e-29
 147.433730      6.298    18.0136  35.875893    26.5868      6.242  247.16966  247.57178     8.9918     3.3915 -9.990e-29
 147.433733      6.316    18.0146  35.875228    26.5855      6.260  247.16682  247.56898     8.9918     3.4077 -9.990e-29
 147.433736      6.338    18.0150  35.874805    26.5858      6.281  247.16436  247.56655     9.1319     3.3632 -9.990e-29
 147.433738      6.369    18.0147  35.875894    26.5864      6.312  247.16488  247.56705     9.0463     3.3794 0.0000e+00
 147.433741      6.398    18.0148  35.876982    26.5871      6.341  247.16436  247.56655     9.1319     3.3632 0.0000e+00
 147.433744      6.429    18.0148  35.878071    26.5877      6.372  247.16235  247.56452     8.9607     2.8011 0.0000e+00
 147.433747      6.469    18.0156  35.878918    26.5877      6.412  247.15808  247.56027     9.0229     2.7607 0.0000e+00
 147.433750      6.504    18.0171  35.876982    26.5861      6.446  247.15542  247.55768     9.0229     2.7526 0.0000e+00
 147.433753      6.537    18.0181  35.879583    26.5857      6.479  247.14988  247.55218     9.0930     2.7506 0.0000e+00
 147.433756      6.563    18.0191  35.884180    26.5861      6.504  247.14435  247.54668     9.1630     2.7486 -9.990e-29
 147.433759      6.583    18.0245  35.883575    26.5859      6.524  247.11917  247.52170    11.9957     2.8699 -9.990e-29
 147.433762      6.601    18.0262  35.882002    26.5835      6.542  247.11506  247.51767    12.0580     2.8820 -9.990e-29
 147.433764      6.617    18.0276  35.881760    26.5824      6.558  247.11038  247.51305    11.9179     2.9022 -9.990e-29
 147.433767      6.634    18.0275  35.880248    26.5812      6.574  247.11277  247.51544    17.7545     3.0437 -9.990e-29
 147.433770      6.650    18.0266  35.877647    26.5796      6.591  247.11947  247.52212    17.7545     3.0923 -9.990e-29
 147.433773      6.668    18.0222  35.872809    26.5785      6.609  247.14240  247.54488    17.7856     3.0518 -9.990e-29
 147.433776      6.688    18.0093  35.870209    26.5844      6.629  247.19389  247.59587    11.5288     2.9386 -9.990e-29
 147.433779      6.723    18.0069  35.869787    26.5867      6.663  247.20163  247.60350    11.4743     2.9265 0.0000e+00
 147.433782      6.754    18.0044  35.871541    26.5890      6.694  247.20937  247.61114    11.5288     2.9143 0.0000e+00
 147.433785      6.789    18.0010  35.871542    26.5912      6.728  247.22192  247.62356    11.5910     2.9143 0.0000e+00
 147.433788      6.825    18.0003  35.871300    26.5917      6.764  247.22387  247.62546    11.5910     2.9143 0.0000e+00
 147.433791      6.858    18.0001  35.872208    26.5919      6.797  247.22511  247.62669    11.5210     2.9022 0.0000e+00
 147.433793      6.887    18.0003  35.872329    26.5922      6.826  247.22387  247.62546    11.4510     2.9143 -9.990e-29
 147.433796      6.911    18.0024  35.873478    26.5918      6.849  247.21432  247.61600    11.5599     3.6948 -9.990e-29
 147.433799      6.931    18.0038  35.867611    26.5861      6.869  247.21703  247.61880    11.5132     3.6584 -9.990e-29
 147.433802      6.955    18.0036  35.869365    26.5877      6.892  247.21558  247.61733    11.3887     3.6826 -9.990e-29
 147.433805      6.971    18.0022  35.871724    26.5905      6.909  247.21737  247.61906    12.6338     3.1044 -9.990e-29
 147.433808      6.989    18.0010  35.870212    26.5900      6.927  247.22384  247.62548    12.5093     2.9993 -9.990e-29
 147.433811      7.009    17.9997  35.869124    26.5903      6.947  247.22979  247.63137    12.4471     3.0640 -9.990e-29
 147.433814      7.035    17.9997  35.869547    26.5900      6.972  247.23022  247.63180    13.8012     3.1145 0.0000e+00
 147.433817      7.061    17.9998  35.868701    26.5903      6.997  247.22979  247.63137    15.0152     3.1651 0.0000e+00
 147.433819      7.090    18.0002  35.872208    26.5922      7.026  247.22429  247.62589    15.0152     3.1651 0.0000e+00
 147.433822      7.121    18.0004  35.872632    26.5923      7.057  247.22279  247.62439    15.0152     3.1812 0.0000e+00
 147.433825      7.154    18.0007  35.873721    26.5923      7.090  247.22088  247.62253    15.0152     3.1812 0.0000e+00
