seaocn-cb/data/ctd_cnv/SBE19plus_01907321_2024_05_26_Cast63.cnv
* Sea-Bird SBE19plus  Data File:
* FileName = E:\Prandtl_Daten\2024\26052024\raw\SBE19plus_01907321_2024_05_26_Cast63.hex
* Software version 2.6.1.12
* Temperature SN = 7321
* Conductivity SN = 7321
* System UpLoad Time = May 26 2024 12:17:22
* <ApplicationData>
* <Seaterm232>
** 20240526
** Sea Practical 2024
** MCat 26.05 CTD_FS2
** NMEA Latitude = 054 4.76N
** NMEA Longitude = 008 30.05E
** waterdepth =13m
** Andreas
# nquan = 11
# nvalues = 401                         
# units = specified
# name 0 = timeJ: Julian Days
# name 1 = prdM: Pressure, Strain Gauge [db]
# name 2 = tv290C: Temperature [ITS-90, deg C]
# name 3 = c0mS/cm: Conductivity [mS/cm]
# name 4 = sal00: Salinity, Practical [PSU]
# name 5 = depSM: Depth [salt water, m], lat = 54.00
# name 6 = oxsatMm/Kg: Oxygen Saturation, Weiss [umol/kg]
# name 7 = oxsolMm/Kg: Oxygen Saturation, Garcia & Gordon [umol/kg]
# name 8 = turbWETntu0: Turbidity, WET Labs ECO [NTU]
# name 9 = flECO-AFL: Fluorescence, WET Labs ECO-AFL/FL [mg/m^3]
# name 10 = flag:  0.000e+00
# span 0 = 147.507957, 147.509115       
# span 1 =      1.204,     11.919       
# span 2 =    15.0332,    15.1958       
# span 3 =  37.339907,  37.433174       
# span 4 =    29.8838,    29.9482       
# span 5 =      1.193,     11.813       
# span 6 =  255.42238,  256.17761       
# span 7 =  255.67990,  256.42653       
# span 8 =    -3.5841,     4.4938       
# span 9 =     3.3794,     8.4218       
# span 10 = 0.0000e+00, 0.0000e+00      
# interval = seconds: 0.25
# start_time = May 26 2024 12:10:03 [Instrument's time stamp, header]
# bad_flag = -9.990e-29
*END*
[from data line 263]
 147.508718      8.163    15.0345  37.348097    29.9449      8.090  256.16457  256.41347    -1.1872     6.0765 0.0000e+00
 147.508721      8.192    15.0345  37.347236    29.9457      8.119  256.16431  256.41319    -1.2183     6.1210 0.0000e+00
 147.508724      8.218    15.0346  37.348896    29.9455      8.144  256.16336  256.41226    -1.2028     6.3979 0.0000e+00
 147.508727      8.244    15.0347  37.348097    29.9461      8.170  256.16162  256.41052    -1.2183     6.6749 -9.990e-29
 147.508730      8.258    15.0348  37.347359    29.9447      8.184  256.16377  256.41268    -1.0782     6.6790 -9.990e-29
 147.508733      8.273    15.0347  37.346991    29.9444      8.199  256.16465  256.41356    -1.1249     6.6952 -9.990e-29
 147.508736      8.285    15.0346  37.346929    29.9445      8.211  256.16534  256.41424    -1.1716     6.6588 -9.990e-29
 147.508738      8.307    15.0343  37.342626    29.9408      8.233  256.17299  256.42190     0.1825     7.6495 -9.990e-29
 147.508741      8.329    15.0338  37.344716    29.9431      8.255  256.17177  256.42064     0.1047     7.6373 -9.990e-29
 147.508744      8.353    15.0335  37.342381    29.9448      8.278  256.17028  256.41912     0.1358     7.6211 -9.990e-29
 147.508747      8.384    15.0334  37.346438    29.9451      8.309  256.17014  256.41898    -0.9693     7.7283 0.0000e+00
 147.508750      8.415    15.0333  37.346991    29.9448      8.339  256.17028  256.41912    -2.0743     7.8355 0.0000e+00
 147.508753      8.447    15.0333  37.346069    29.9447      8.372  256.17148  256.42032    -2.1055     7.8435 0.0000e+00
 147.508756      8.477    15.0332  37.346008    29.9447      8.401  256.17148  256.42032    -2.1055     7.8435 0.0000e+00
 147.508759      8.504    15.0332  37.347914    29.9463      8.428  256.16921  256.41802    -2.1055     7.8031 0.0000e+00
 147.508762      8.539    15.0335  37.350188    29.9478      8.462  256.16449  256.41330    -0.9070     7.3219 0.0000e+00
 147.508764      8.568    15.0339  37.350188    29.9478      8.491  256.16304  256.41188    -0.8915     7.3138 0.0000e+00
 147.508767      8.597    15.0347  37.350188    29.9471      8.520  256.15983  256.40872    -0.9070     7.3138 0.0000e+00
 147.508770      8.626    15.0354  37.349696    29.9462      8.549  256.15983  256.40872    -0.9537     7.3260 0.0000e+00
 147.508773      8.655    15.0360  37.345824    29.9422      8.578  256.16144  256.41043    -1.4829     7.5484 0.0000e+00
 147.508776      8.686    15.0360  37.345578    29.9422      8.608  256.16243  256.41142    -1.4829     7.5807 0.0000e+00
 147.508779      8.724    15.0350  37.346009    29.9431      8.646  256.16264  256.41153    -1.4051     7.5807 0.0000e+00
 147.508782      8.763    15.0346  37.349021    29.9462      8.684  256.16264  256.41153    -1.4051     7.5807 0.0000e+00
 147.508785      8.803    15.0346  37.349697    29.9462      8.724  256.16264  256.41153    -1.4673     7.5403 0.0000e+00
 147.508788      8.839    15.0346  37.347361    29.9467      8.760  256.16136  256.41024    -1.4985     6.6871 0.0000e+00
 147.508791      8.878    15.0346  37.349697    29.9460      8.798  256.16390  256.41277    -1.4673     6.6790 0.0000e+00
 147.508793      8.903    15.0345  37.348652    29.9464      8.824  256.16263  256.41151    -1.4285     6.6830 0.0000e+00
 147.508796      8.929    15.0343  37.345395    29.9460      8.849  256.16390  256.41277    -1.3584     6.6790 -9.990e-29
 147.508799      8.953    15.0338  37.348653    29.9464      8.873  256.16598  256.41482    -0.7825     7.1723 -9.990e-29
 147.508802      8.978    15.0340  37.348837    29.9464      8.898  256.16512  256.41397    -1.1094     7.1844 -9.990e-29
 147.508805      8.995    15.0342  37.349513    29.9468      8.914  256.16319  256.41205    -0.9070     7.1885 -9.990e-29
 147.508808      9.009    15.0342  37.348837    29.9462      8.929  256.16426  256.41312    -1.0471     7.1642 -9.990e-29
 147.508811      9.026    15.0346  37.350620    29.9474      8.945  256.15971  256.40859    -1.8409     7.7667 -9.990e-29
 147.508814      9.044    15.0348  37.347239    29.9443      8.963  256.16444  256.41335    -1.8097     7.7869 -9.990e-29
 147.508817      9.068    15.0347  37.346502    29.9437      8.986  256.16591  256.41482    -2.0432     7.7425 -9.990e-29
 147.508819      9.091    15.0347  37.346686    29.9443      9.010  256.16478  256.41369    -1.1716     8.2964 -9.990e-29
 147.508822      9.124    15.0348  37.347239    29.9455      9.042  256.16219  256.41108    -1.0237     8.2984 0.0000e+00
 147.508825      9.159    15.0349  37.350190    29.9443      9.077  256.16404  256.41296    -0.8759     8.3005 0.0000e+00
 147.508828      9.190    15.0350  37.346994    29.9468      9.108  256.15959  256.40848    -0.8759     8.3045 0.0000e+00
 147.508831      9.223    15.0351  37.350436    29.9455      9.140  256.15875  256.40769    -0.8448     8.3045 0.0000e+00
 147.508834      9.261    15.0355  37.349268    29.9455      9.178  256.15867  256.40761    -1.0160     8.2883 0.0000e+00
 147.508837      9.294    15.0355  37.349330    29.9455      9.210  256.15875  256.40769    -1.8409     7.1763 0.0000e+00
 147.508840      9.335    15.0357  37.348101    29.9455      9.252  256.15867  256.40761    -1.9654     7.1763 0.0000e+00
 147.508843      9.368    15.0360  37.351912    29.9453      9.284  256.15291  256.40186    -1.9498     7.1763 0.0000e+00
 147.508845      9.401    15.0367  37.350191    29.9453      9.317  256.15291  256.40186    -1.9498     7.1885 0.0000e+00
 147.508848      9.428    15.0373  37.345826    29.9420      9.344  256.15579  256.40485    -1.7631     7.2936 0.0000e+00
 147.508851      9.458    15.0373  37.346933    29.9420      9.373  256.15579  256.40485    -1.7631     7.2977 0.0000e+00
 147.508854      9.485    15.0373  37.352711    29.9449      9.400  256.15071  256.39975    -1.7631     7.3098 0.0000e+00
 147.508857      9.512    15.0373  37.350191    29.9469      9.427  256.14703  256.39605    -1.6385     7.3098 0.0000e+00
 147.508860      9.542    15.0375  37.352712    29.9452      9.456  256.14589  256.39493     0.5716     7.5241 0.0000e+00
 147.508863      9.573    15.0378  37.351298    29.9461      9.487  256.14584  256.39490     0.6105     7.5241 0.0000e+00
 147.508866      9.602    15.0381  37.352220    29.9452      9.516  256.14579  256.39486     0.5716     7.5241 -9.990e-29
 147.508869      9.625    15.0390  37.350191    29.9435      9.539  256.14404  256.39317     0.6961     7.5281 -9.990e-29
 147.508872      9.649    15.0387  37.351113    29.9446      9.563  256.14407  256.39318    -0.9848     8.3530 -9.990e-29
 147.508874      9.673    15.0381  37.351052    29.9449      9.586  256.14623  256.39531    -0.8136     8.3288 -9.990e-29
 147.508877      9.696    15.0381  37.352958    29.9466      9.610  256.14326  256.39232    -0.9381     8.3288 -9.990e-29
 147.508880      9.717    15.0380  37.349516    29.9437      9.630  256.14926  256.39834    -0.8759     8.3814 -9.990e-29
 147.508883      9.735    15.0383  37.349331    29.9433      9.648  256.14839  256.39749    -0.7514     8.3490 -9.990e-29
 147.508886      9.755    15.0390  37.351360    29.9445      9.668  256.14228  256.39141    -1.5607     7.6009 -9.990e-29
 147.508889      9.779    15.0381  37.347979    29.9431      9.691  256.14950  256.39859    -1.7008     7.6616 -9.990e-29
 147.508892      9.804    15.0376  37.349024    29.9421      9.717  256.15392  256.40300    -1.7397     7.6576 0.0000e+00
 147.508895      9.839    15.0370  37.346012    29.9431      9.751  256.15628  256.40528    -1.7008     7.6535 0.0000e+00
 147.508898      9.874    15.0364  37.349025    29.9432      9.785  256.15795  256.40695    -1.3739     7.3987 0.0000e+00
 147.508900      9.915    15.0363  37.347795    29.9436      9.827  256.15778  256.40678    -1.3584     7.3583 0.0000e+00
 147.508903      9.959    15.0363  37.348103    29.9436      9.870  256.15778  256.40678    -1.3739     7.3907 0.0000e+00
 147.508906      9.998    15.0363  37.351299    29.9450      9.908  256.15778  256.40678    -1.3584     7.3583 0.0000e+00
 147.508909     10.038    15.0358  37.349271    29.9450      9.948  256.15805  256.40701    -1.0160     6.6102 0.0000e+00
 147.508912     10.067    15.0357  37.348841    29.9450      9.977  256.15805  256.40701    -0.9070     6.6102 0.0000e+00
 147.508915     10.102    15.0357  37.349947    29.9452     10.011  256.15847  256.40742    -0.9615     6.6143 0.0000e+00
 147.508918     10.135    15.0357  37.348841    29.9456     10.044  256.15732  256.40627    -0.9070     6.6183 -9.990e-29
 147.508921     10.158    15.0367  37.353697    29.9482     10.067  256.14766  256.39664    -0.6269     6.4687 -9.990e-29
 147.508924     10.180    15.0378  37.350439    29.9444     10.089  256.14868  256.39775    -0.4712     6.5011 -9.990e-29
 147.508927     10.202    15.0383  37.351484    29.9450     10.111  256.14529  256.39438    -0.7825     6.4930 -9.990e-29
 147.508929     10.220    15.0384  37.350193    29.9437     10.129  256.14674  256.39585    -0.7047     6.5011 -9.990e-29
 147.508932     10.242    15.0381  37.347366    29.9415     10.150  256.15237  256.40147    -0.7514     6.4606 -9.990e-29
 147.508935     10.264    15.0380  37.347673    29.9447     10.172  256.14749  256.39656    -0.9848     7.1683 -9.990e-29
 147.508938     10.295    15.0378  37.350870    29.9445     10.203  256.14847  256.39754    -0.9770     7.1723 0.0000e+00
 147.508941     10.322    15.0377  37.350194    29.9447     10.230  256.14749  256.39656    -0.9848     7.1763 0.0000e+00
 147.508944     10.351    15.0376  37.352469    29.9453     10.259  256.14826  256.39730    -0.9927     7.1844 0.0000e+00
 147.508947     10.383    15.0374  37.346260    29.9465     10.290  256.14707  256.39610    -1.0160     7.1925 -9.990e-29
 147.508950     10.406    15.0370  37.347674    29.9432     10.313  256.15525  256.40428     3.0463     6.9944 -9.990e-29
 147.508953     10.435    15.0367  37.348412    29.9432     10.342  256.15682  256.40583     3.0152     7.0025 0.0000e+00
 147.508955     10.463    15.0363  37.347920    29.9432     10.369  256.15792  256.40691     2.9840     6.9944 0.0000e+00
 147.508958     10.488    15.0363  37.348412    29.9437     10.394  256.15792  256.40691     2.4237     6.6062 0.0000e+00
 147.508961     10.516    15.0365  37.350195    29.9443     10.422  256.15446  256.40347     2.4237     6.5981 0.0000e+00
 147.508964     10.543    15.0367  37.349519    29.9443     10.449  256.15446  256.40347     2.4237     6.5981 0.0000e+00
 147.508967     10.570    15.0367  37.345400    29.9435     10.476  256.15623  256.40525     2.4237     6.5981 0.0000e+00
 147.508970     10.603    15.0367  37.348597    29.9430     10.508  256.15839  256.40739     3.7155     7.3907 0.0000e+00
 147.508973     10.638    15.0364  37.347798    29.9430     10.542  256.15839  256.40739     3.8401     7.3907 0.0000e+00
 147.508976     10.678    15.0363  37.347429    29.9428     10.582  256.15958  256.40858     3.7934     7.3907 0.0000e+00
 147.508979     10.720    15.0359  37.346016    29.9428     10.624  256.16149  256.41045     3.8401     7.4028 0.0000e+00
 147.508981     10.760    15.0356  37.347921    29.9431     10.663  256.16329  256.41228     3.7934     7.4028 0.0000e+00
 147.508984     10.794    15.0356  37.346938    29.9431     10.698  256.16346  256.41243     2.9996     6.5536 0.0000e+00
 147.508987     10.823    15.0355  37.346508    29.9428     10.727  256.16384  256.41280     2.9451     6.5354 0.0000e+00
 147.508990     10.851    15.0357  37.346446    29.9424     10.754  256.16346  256.41243     2.8906     6.5172 -9.990e-29
 147.508993     10.875    15.0346  37.346508    29.9432     10.777  256.16760  256.41651     2.9840     6.5617 -9.990e-29
 147.508996     10.898    15.0343  37.346693    29.9435     10.801  256.16820  256.41710     1.7233     7.1925 -9.990e-29
 147.508999     10.917    15.0345  37.346754    29.9434     10.819  256.16753  256.41643     1.7700     7.2087 -9.990e-29
 147.509002     10.937    15.0346  37.343558    29.9405     10.839  256.17197  256.42091     1.8634     7.1925 -9.990e-29
 147.509005     10.959    15.0345  37.347123    29.9438     10.860  256.16698  256.41588     1.9257     7.1844 -9.990e-29
 147.509008     10.986    15.0344  37.343066    29.9402     10.887  256.17365  256.42258     3.4665     7.5928 -9.990e-29
 147.509010     11.010    15.0336  37.347369    29.9430     10.911  256.17267  256.42153     3.4665     7.6009 -9.990e-29
 147.509013     11.042    15.0337  37.345587    29.9431     10.944  256.17234  256.42120     3.4898     7.5726 0.0000e+00
 147.509016     11.075    15.0337  37.345833    29.9432     10.976  256.17201  256.42087     3.4665     7.6009 0.0000e+00
 147.509019     11.101    15.0340  37.348107    29.9432     11.001  256.17201  256.42087     1.3342     7.6980 0.0000e+00
 147.509022     11.132    15.0341  37.344481    29.9432     11.032  256.16999  256.41888     1.2953     7.6980 0.0000e+00
 147.509025     11.157    15.0341  37.347001    29.9416     11.057  256.17270  256.42160     1.3342     7.6980 -9.990e-29
 147.509028     11.179    15.0343  37.348230    29.9419     11.079  256.17148  256.42038     1.2253     7.7142 -9.990e-29
 147.509031     11.205    15.0342  37.344911    29.9414     11.104  256.17299  256.42189     2.1358     7.8233 0.0000e+00
 147.509034     11.230    15.0342  37.343559    29.9414     11.130  256.17299  256.42189     2.1358     7.8233 0.0000e+00
 147.509036     11.256    15.0340  37.345157    29.9408     11.155  256.17450  256.42340     3.0463     7.9325 -9.990e-29
 147.509039     11.279    15.0337  37.344727    29.9441     11.178  256.17041  256.41927     2.8284     7.8961 -9.990e-29
 147.509042     11.305    15.0338  37.346940    29.9431     11.204  256.17187  256.42073     2.9140     7.8274 0.0000e+00
 147.509045     11.338    15.0337  37.344912    29.9441     11.236  256.17046  256.41931     2.9996     7.7910 0.0000e+00
 147.509048     11.376    15.0338  37.347125    29.9431     11.274  256.17095  256.41983     3.0930     7.7586 0.0000e+00
 147.509051     11.414    15.0340  37.346080    29.9431     11.312  256.17095  256.41983     3.0930     7.7748 0.0000e+00
 147.509054     11.458    15.0340  37.345404    29.9425     11.355  256.17204  256.42092     3.1085     7.7425 0.0000e+00
 147.509057     11.495    15.0340  37.344482    29.9417     11.392  256.17409  256.42297     3.2331     6.6911 0.0000e+00
 147.509060     11.538    15.0341  37.341224    29.9417     11.435  256.17409  256.42297     3.3264     6.6709 0.0000e+00
 147.509063     11.571    15.0344  37.346326    29.9428     11.468  256.16890  256.41780     3.3264     6.6749 0.0000e+00
 147.509065     11.598    15.0345  37.346511    29.9429     11.495  256.16818  256.41708     3.3109     6.6729 0.0000e+00
 147.509068     11.626    15.0347  37.348232    29.9428     11.522  256.16745  256.41637     3.2798     6.6749 -9.990e-29
 147.509071     11.646    15.0356  37.344482    29.9403     11.542  256.16744  256.41642     2.9062     6.8650 -9.990e-29
 147.509074     11.666    15.0352  37.344728    29.9408     11.561  256.16853  256.41749     2.6883     6.8812 -9.990e-29
 147.509077     11.675    15.0348  37.346327    29.9426     11.570  256.16750  256.41642     2.7817     6.8812 -9.990e-29
 147.509080     11.684    15.0343  37.346941    29.9435     11.579  256.16830  256.41719     2.8595     6.8488 -9.990e-29
 147.509083     11.700    15.0340  37.347003    29.9438     11.596  256.16968  256.41855     4.4938     8.4016 -9.990e-29
 147.509086     11.722    15.0342  37.347802    29.9443     11.617  256.16756  256.41644     4.4782     8.4056 -9.990e-29
 147.509089     11.744    15.0346  37.346081    29.9419     11.639  256.16988  256.41881     4.4626     8.4218 -9.990e-29
 147.509091     11.777    15.0345  37.345405    29.9415     11.672  256.17076  256.41969     4.1747     7.5059 0.0000e+00
