seaocn-cb/data/ctd_cnv/SBE19plus_01907321_2024_05_28_Cast101.cnv
* Sea-Bird SBE19plus  Data File:
* FileName = E:\Prandtl_Daten\2024\28052024\raw\SBE19plus_01907321_2024_05_28_Cast101.hex
* Software version 2.6.1.12
* Temperature SN = 7321
* Conductivity SN = 7321
* System UpLoad Time = May 28 2024 14:02:22
* <ApplicationData>
* <Seaterm232>
** 20240527
** Sea Practical 2024
** MCat 27.05 CTD_SP7
** NMEA Latitude = 54 8.36N
** NMEA Longitude = 008 20.85E
** waterdepth = 14.7m
** Isabelle
# nquan = 11
# nvalues = 496                         
# units = specified
# name 0 = timeJ: Julian Days
# name 1 = prdM: Pressure, Strain Gauge [db]
# name 2 = tv290C: Temperature [ITS-90, deg C]
# name 3 = c0mS/cm: Conductivity [mS/cm]
# name 4 = sal00: Salinity, Practical [PSU]
# name 5 = depSM: Depth [salt water, m], lat = 54.00
# name 6 = oxsatMm/Kg: Oxygen Saturation, Weiss [umol/kg]
# name 7 = oxsolMm/Kg: Oxygen Saturation, Garcia & Gordon [umol/kg]
# name 8 = turbWETntu0: Turbidity, WET Labs ECO [NTU]
# name 9 = flECO-AFL: Fluorescence, WET Labs ECO-AFL/FL [mg/m^3]
# name 10 = flag:  0.000e+00
# span 0 = 149.581308, 149.582740       
# span 1 =      0.486,     13.859       
# span 2 =    14.7198,    17.1479       
# span 3 =  37.661777,  38.193782       
# span 4 =    29.0933,    30.8047       
# span 5 =      0.482,     13.735       
# span 6 =  247.08475,  256.27972       
# span 7 =  247.43800,  256.50507       
# span 8 =    -4.7047,    -0.7825       
# span 9 =     2.0652,     9.1760       
# span 10 = 0.0000e+00, 0.0000e+00      
# interval = seconds: 0.25
# start_time = May 28 2024 13:55:53 [Instrument's time stamp, header]
# bad_flag = -9.990e-29
*END*
[from data line 132]
 149.581690      4.067    14.8571  37.992635    30.6608      4.031  255.81875  256.05254    -2.7747     7.9487 -9.990e-29
 149.581693      4.089    14.8522  37.990160    30.6627      4.052  255.84021  256.07373    -3.2416     7.7869 -9.990e-29
 149.581696      4.113    14.8509  37.995731    30.6688      4.076  255.83662  256.07001    -3.1483     7.7505 -9.990e-29
 149.581698      4.133    14.8494  37.996412    30.6706      4.096  255.84104  256.07434    -3.1950     7.7950 -9.990e-29
 149.581701      4.156    14.8434  37.999012    30.6792      4.119  255.85655  256.08946    -3.3039     7.1116 -9.990e-29
 149.581704      4.189    14.8418  38.000870    30.6795      4.152  255.86468  256.09749    -3.2416     7.1238 0.0000e+00
 149.581707      4.222    14.8401  37.998642    30.6799      4.184  255.87280  256.10553    -3.3039     7.1116 0.0000e+00
 149.581710      4.262    14.8392  38.000870    30.6829      4.224  255.87280  256.10553    -3.3039     7.1116 0.0000e+00
 149.581713      4.302    14.8388  38.002666    30.6841      4.264  255.87421  256.10684    -3.3039     7.1076 0.0000e+00
 149.581716      4.339    14.8355  38.004214    30.6884      4.300  255.88138  256.11380    -3.2883     6.9014 0.0000e+00
 149.581719      4.372    14.8304  38.005515    30.6930      4.333  255.89942  256.13153    -3.2805     6.8832 0.0000e+00
 149.581722      4.397    14.8254  38.005579    30.6976      4.358  255.91745  256.14925    -3.2883     6.8650 -9.990e-29
 149.581725      4.421    14.8088  38.004156    30.7093      4.381  255.98197  256.21280    -3.2416     6.8650 -9.990e-29
 149.581727      4.439    14.8047  38.010037    30.7179      4.399  255.98825  256.21878    -3.3506     6.8650 -9.990e-29
 149.581730      4.450    14.8013  38.008923    30.7196      4.410  256.00300  256.23334    -3.2728     6.9014 -9.990e-29
 149.581733      4.463    14.8005  38.011648    30.7226      4.423  256.00158  256.23185    -3.2416     6.8488 -9.990e-29
 149.581736      4.475    14.8006  38.012700    30.7215      4.435  256.00318  256.23346    -3.1171     7.3260 -9.990e-29
 149.581739      4.501    14.8001  38.010471    30.7231      4.461  256.00261  256.23286    -3.0471     7.3260 0.0000e+00
 149.581742      4.536    14.7997  38.013381    30.7242      4.495  256.00316  256.23337    -2.9771     7.3260 0.0000e+00
 149.581745      4.578    14.7997  38.012701    30.7242      4.537  256.00316  256.23337    -2.9771     7.3260 0.0000e+00
 149.581748      4.627    14.7990  38.011153    30.7242      4.586  256.00824  256.23842    -3.1016     7.3098 0.0000e+00
 149.581751      4.676    14.7970  38.012516    30.7261      4.634  256.01361  256.24366    -3.1016     7.3098 0.0000e+00
 149.581753      4.724    14.7957  38.012516    30.7271      4.681  256.01853  256.24851    -3.1405     6.7578 0.0000e+00
 149.581756      4.758    14.7944  38.010659    30.7281      4.716  256.02345  256.25335    -3.0082     6.2059 -9.990e-29
 149.581759      4.780    14.7880  38.010288    30.7312      4.737  256.05125  256.28078    -3.1483     6.2423 -9.990e-29
 149.581762      4.789    14.7842  38.009732    30.7336      4.746  256.06627  256.29558    -3.0393     6.2099 -9.990e-29
 149.581765      4.791    14.7819  38.010908    30.7365      4.748  256.07334  256.30251    -3.1950     6.7477 -9.990e-29
 149.581768      4.788    14.7812  38.003789    30.7306      4.745  256.08694  256.31612    -3.2572     6.7275 -9.990e-29
 149.581771      4.788    14.7809  38.012580    30.7388      4.745  256.07415  256.30325    -3.2728     6.7437 -9.990e-29
 149.581774      4.797    14.7808  38.009794    30.7364      4.754  256.07915  256.30826    -3.2416     6.7113 -9.990e-29
 149.581777      4.820    14.7799  38.008123    30.7409      4.777  256.07559  256.30462    -3.0860     7.0308 -9.990e-29
 149.581780      4.866    14.7799  38.014066    30.7392      4.822  256.07846  256.30750    -3.1483     7.0308 0.0000e+00
 149.581782      4.926    14.7799  38.010476    30.7402      4.882  256.07907  256.30807    -3.0860     7.0308 0.0000e+00
 149.581785      4.984    14.7795  38.013014    30.7402      4.940  256.08071  256.30966    -3.2105     7.0308 0.0000e+00
 149.581788      5.043    14.7787  38.013819    30.7403      4.998  256.08071  256.30966    -3.3506     6.6345 0.0000e+00
 149.581791      5.094    14.7782  38.011405    30.7409      5.048  256.08481  256.31373    -3.3973     6.6163 0.0000e+00
 149.581794      5.130    14.7776  38.008805    30.7403      5.084  256.08890  256.31780    -3.3506     6.6345 -9.990e-29
 149.581797      5.154    14.7739  38.006267    30.7385      5.108  256.11094  256.33966    -3.3506     6.6385 -9.990e-29
 149.581800      5.169    14.7738  38.008806    30.7409      5.122  256.10749  256.33619    -3.3817     6.5698 -9.990e-29
 149.581803      5.174    14.7741  38.008929    30.7408      5.128  256.10615  256.33486    -3.2572     7.2532 -9.990e-29
 149.581806      5.176    14.7747  38.008063    30.7395      5.130  256.10522  256.33397    -3.0238     7.2977 -9.990e-29
 149.581808      5.185    14.7752  38.008125    30.7391      5.139  256.10310  256.33189    -3.0549     7.2653 -9.990e-29
 149.581811      5.192    14.7758  38.011591    30.7418      5.146  256.09530  256.32410    -3.1171     7.2653 -9.990e-29
 149.581814      5.216    14.7788  38.013015    30.7408      5.169  256.08164  256.31060    -3.2261     7.7869 -9.990e-29
 149.581817      5.254    14.7792  38.013139    30.7405      5.207  256.08050  256.30949    -3.2884     7.7566 0.0000e+00
 149.581820      5.296    14.7795  38.012953    30.7401      5.249  256.08098  256.31001    -3.2883     7.7505 0.0000e+00
 149.581823      5.342    14.7795  38.011406    30.7388      5.294  256.08098  256.31001    -3.3039     7.7263 0.0000e+00
 149.581826      5.379    14.7793  38.011406    30.7385      5.331  256.08274  256.31174    -3.3039     6.3676 0.0000e+00
 149.581829      5.411    14.7788  38.009363    30.7383      5.363  256.08624  256.31523    -3.3194     6.3595 0.0000e+00
 149.581832      5.437    14.7783  38.006701    30.7378      5.388  256.08975  256.31871    -3.3350     6.3514 -9.990e-29
 149.581834      5.453    14.7757  38.008930    30.7393      5.404  256.09998  256.32879    -3.2105     6.3555 -9.990e-29
 149.581837      5.462    14.7751  38.010664    30.7414      5.413  256.09983  256.32859    -3.4440     6.8326 -9.990e-29
 149.581840      5.479    14.7746  38.010478    30.7416      5.430  256.10186  256.33060    -3.3662     6.8812 -9.990e-29
 149.581843      5.495    14.7716  38.010478    30.7421      5.446  256.11648  256.34505    -3.3817     6.8569 -9.990e-29
 149.581846      5.526    14.7711  38.008374    30.7437      5.477  256.11601  256.34455    -3.3506     6.8468 0.0000e+00
 149.581849      5.563    14.7712  38.011160    30.7441      5.513  256.11554  256.34404    -3.3195     6.8367 0.0000e+00
 149.581852      5.610    14.7712  38.010293    30.7441      5.560  256.11541  256.34400    -2.8992     6.8326 0.0000e+00
 149.581855      5.660    14.7712  38.008374    30.7441      5.609  256.11493  256.34346    -2.8992     6.7882 0.0000e+00
 149.581858      5.713    14.7712  38.010727    30.7444      5.661  256.11541  256.34400    -2.8992     6.8326 0.0000e+00
 149.581861      5.753    14.7703  38.012090    30.7458      5.701  256.11670  256.34517    -2.8759     6.8104 0.0000e+00
 149.581863      5.787    14.7694  38.013638    30.7471      5.736  256.11909  256.34750    -2.8059     6.8326 -9.990e-29
 149.581866      5.809    14.7645  38.013390    30.7521      5.757  256.13552  256.36362    -3.2416     6.4687 -9.990e-29
 149.581869      5.820    14.7618  38.013515    30.7544      5.768  256.14571  256.37365    -3.3195     6.4768 -9.990e-29
 149.581872      5.828    14.7593  38.014939    30.7576      5.776  256.15268  256.38046    -3.3195     6.4404 -9.990e-29
 149.581875      5.824    14.7576  38.017230    30.7610      5.772  256.15567  256.38333    -3.1171     6.8084 -9.990e-29
 149.581878      5.828    14.7576  38.016054    30.7600      5.776  256.15754  256.38521    -3.0704     6.7882 -9.990e-29
 149.581881      5.841    14.7570  38.016301    30.7606      5.788  256.15917  256.38681    -3.1327     6.7882 -9.990e-29
 149.581884      5.864    14.7547  38.018407    30.7675      5.812  256.15929  256.38674    -2.9148     7.3624 -9.990e-29
 149.581887      5.893    14.7551  38.021874    30.7655      5.841  256.16071  256.38820    -2.9459     7.3786 0.0000e+00
 149.581889      5.928    14.7554  38.018283    30.7652      5.875  256.15929  256.38674    -2.9148     7.3947 0.0000e+00
 149.581892      5.972    14.7566  38.021007    30.7640      5.918  256.15358  256.38118    -2.8992     7.3947 0.0000e+00
 149.581895      6.021    14.7566  38.020079    30.7642      5.967  256.15358  256.38118    -2.8992     7.3907 0.0000e+00
 149.581898      6.065    14.7555  38.019088    30.7640      6.011  256.16066  256.38818    -2.9304     7.3907 0.0000e+00
 149.581901      6.108    14.7525  38.016055    30.7642      6.054  256.17674  256.40411    -3.2416     6.4687 0.0000e+00
 149.581904      6.143    14.7509  38.018285    30.7662      6.088  256.18133  256.40858    -3.2494     6.4546 0.0000e+00
 149.581907      6.172    14.7492  38.015623    30.7685      6.117  256.18591  256.41305    -3.2572     6.4404 -9.990e-29
 149.581910      6.192    14.7447  38.019895    30.7735      6.137  256.20039  256.42725    -3.2728     6.4768 -9.990e-29
 149.581913      6.214    14.7425  38.019214    30.7745      6.159  256.20955  256.43629    -3.1171     7.1966 -9.990e-29
 149.581916      6.227    14.7404  38.020515    30.7774      6.171  256.21557  256.44217    -3.1327     7.2047 -9.990e-29
 149.581918      6.249    14.7387  38.021196    30.7793      6.193  256.22084  256.44733    -3.1171     7.1804 -9.990e-29
 149.581921      6.273    14.7382  38.021197    30.7800      6.217  256.22249  256.44895    -3.0860     7.2815 -9.990e-29
 149.581924      6.298    14.7386  38.021444    30.7812      6.242  256.21826  256.44473    -3.0705     7.2694 0.0000e+00
 149.581927      6.331    14.7390  38.024788    30.7813      6.275  256.21403  256.44051    -3.0860     7.2572 0.0000e+00
 149.581930      6.364    14.7402  38.024726    30.7823      6.307  256.20954  256.43610    -3.0549     7.2491 0.0000e+00
 149.581933      6.397    14.7413  38.027450    30.7813      6.340  256.20119  256.42780    -3.1483     7.2289 0.0000e+00
 149.581936      6.430    14.7423  38.025902    30.7807      6.372  256.19993  256.42660    -3.2261     7.0550 0.0000e+00
 149.581939      6.461    14.7425  38.025902    30.7805      6.403  256.19922  256.42591    -3.3039     7.0510 0.0000e+00
 149.581942      6.490    14.7427  38.025655    30.7804      6.432  256.19851  256.42521    -3.3817     7.0550 -9.990e-29
 149.581944      6.510    14.7417  38.026150    30.7813      6.452  256.20189  256.42853    -3.2261     7.0550 -9.990e-29
 149.581947      6.528    14.7407  38.027265    30.7831      6.470  256.20388  256.43045    -3.3817     7.0793 -9.990e-29
 149.581950      6.545    14.7400  38.024788    30.7814      6.486  256.21042  256.43696    -3.3195     6.7962 -9.990e-29
 149.581953      6.563    14.7392  38.022374    30.7799      6.504  256.21744  256.44395    -3.3506     6.8448 -9.990e-29
 149.581956      6.587    14.7387  38.026584    30.7809      6.528  256.21802  256.44450    -3.3350     6.7841 -9.990e-29
 149.581959      6.614    14.7384  38.023117    30.7828      6.555  256.21628  256.44273    -3.1094     7.0772 0.0000e+00
 149.581962      6.649    14.7387  38.026770    30.7841      6.589  256.21454  256.44095    -2.9304     7.3664 0.0000e+00
 149.581965      6.680    14.7391  38.027018    30.7841      6.620  256.21042  256.43689    -2.8992     7.3704 0.0000e+00
 149.581968      6.714    14.7392  38.026399    30.7833      6.654  256.21042  256.43689    -2.9304     7.3866 0.0000e+00
 149.581970      6.747    14.7392  38.026152    30.7832      6.687  256.21155  256.43804    -2.8992     7.3866 0.0000e+00
 149.581973      6.778    14.7391  38.024542    30.7833      6.718  256.21437  256.44080    -2.4790     7.0753 0.0000e+00
 149.581976      6.809    14.7387  38.026400    30.7830      6.748  256.21439  256.44086    -2.3934     7.0611 0.0000e+00
 149.581979      6.840    14.7383  38.024109    30.7841      6.779  256.21437  256.44080    -2.3078     7.0753 -9.990e-29
 149.581982      6.864    14.7370  38.024295    30.7857      6.803  256.21862  256.44497    -3.0393     7.4513 -9.990e-29
 149.581985      6.893    14.7371  38.027019    30.7840      6.832  256.22105  256.44742    -3.0393     7.4432 0.0000e+00
 149.581988      6.926    14.7372  38.023428    30.7835      6.864  256.22144  256.44781    -3.0393     7.4351 0.0000e+00
 149.581991      6.953    14.7372  38.024728    30.7832      6.891  256.22349  256.44987    -3.0393     7.4351 0.0000e+00
 149.581994      6.984    14.7369  38.024109    30.7835      6.922  256.22145  256.44781    -3.0860     7.4392 0.0000e+00
 149.581997      7.014    14.7369  38.025472    30.7832      6.951  256.22219  256.44857    -3.0393     7.4392 0.0000e+00
 149.581999      7.048    14.7371  38.024295    30.7837      6.985  256.22182  256.44818    -3.0160     7.3300 0.0000e+00
 149.582002      7.076    14.7372  38.024791    30.7830      7.012  256.22219  256.44857    -2.8837     7.2006 -9.990e-29
 149.582005      7.096    14.7369  38.024481    30.7834      7.032  256.22307  256.44943    -2.8837     7.1885 -9.990e-29
 149.582008      7.116    14.7367  38.023924    30.7831      7.052  256.22484  256.45119    -2.8370     7.1925 -9.990e-29
 149.582011      7.130    14.7359  38.025906    30.7855      7.067  256.22458  256.45087    -3.1638     7.5039 -9.990e-29
 149.582014      7.149    14.7357  38.024977    30.7848      7.085  256.22664  256.45293    -2.9926     7.5322 -9.990e-29
 149.582017      7.167    14.7361  38.025906    30.7868      7.103  256.22110  256.44739    -3.0082     7.5160 -9.990e-29
 149.582020      7.194    14.7366  38.027578    30.7861      7.130  256.21968  256.44600    -3.0004     7.7667 0.0000e+00
 149.582023      7.220    14.7371  38.027020    30.7867      7.155  256.21825  256.44461    -3.0082     8.0174 0.0000e+00
 149.582025      7.253    14.7379  38.029064    30.7856      7.188  256.21214  256.43853    -3.0549     8.0336 0.0000e+00
 149.582028      7.284    14.7386  38.028507    30.7856      7.219  256.21151  256.43799    -3.1483     8.0336 0.0000e+00
 149.582031      7.311    14.7388  38.026587    30.7845      7.246  256.21084  256.43730    -3.1483     8.0336 0.0000e+00
 149.582034      7.344    14.7391  38.025039    30.7835      7.278  256.21151  256.43799    -3.1483     8.0215 -9.990e-29
 149.582037      7.368    14.7376  38.026154    30.7820      7.302  256.22166  256.44808    -2.9615     8.6523 -9.990e-29
 149.582040      7.395    14.7373  38.023677    30.7815      7.329  256.22420  256.45061    -2.9070     8.6563 0.0000e+00
 149.582043      7.424    14.7370  38.021944    30.7820      7.358  256.22569  256.45200    -2.8525     8.6523 0.0000e+00
 149.582046      7.453    14.7361  38.024792    30.7809      7.386  256.22674  256.45313    -2.8525     8.6482 0.0000e+00
 149.582049      7.495    14.7360  38.020768    30.7826      7.428  256.23120  256.45750    -3.1171     7.4554 0.0000e+00
 149.582052      7.530    14.7356  38.022625    30.7826      7.462  256.23197  256.45824    -3.1171     7.4513 0.0000e+00
 149.582054      7.575    14.7354  38.023245    30.7835      7.508  256.23120  256.45750    -3.1171     7.4554 0.0000e+00
 149.582057      7.630    14.7354  38.024793    30.7847      7.562  256.22839  256.45467    -2.9148     7.4513 0.0000e+00
 149.582060      7.674    14.7357  38.025474    30.7848      7.605  256.22700  256.45329    -2.9926     7.0085 0.0000e+00
 149.582063      7.710    14.7359  38.025660    30.7849      7.641  256.22561  256.45191    -2.8681     6.5536 -9.990e-29
