seaocn-cb/data/ctd_cnv/SBE19plus_01907321_2024_05_28_Cast91.cnv
* Sea-Bird SBE19plus  Data File:
* FileName = E:\Prandtl_Daten\2024\28052024\raw\SBE19plus_01907321_2024_05_28_Cast91.hex
* Software version 2.6.1.12
* Temperature SN = 7321
* Conductivity SN = 7321
* System UpLoad Time = May 28 2024 11:30:06
* <ApplicationData>
* <Seaterm232>
** 20240527
** Sea Practical 2024
** MCat 27.05 CTD_SP7
** NMEA Latitude = 54 8.36N
** NMEA Longitude = 008 20.855E
** waterdepth = 13.7m
** Isabelle
# nquan = 11
# nvalues = 496                         
# units = specified
# name 0 = timeJ: Julian Days
# name 1 = prdM: Pressure, Strain Gauge [db]
# name 2 = tv290C: Temperature [ITS-90, deg C]
# name 3 = c0mS/cm: Conductivity [mS/cm]
# name 4 = sal00: Salinity, Practical [PSU]
# name 5 = depSM: Depth [salt water, m], lat = 54.00
# name 6 = oxsatMm/Kg: Oxygen Saturation, Weiss [umol/kg]
# name 7 = oxsolMm/Kg: Oxygen Saturation, Garcia & Gordon [umol/kg]
# name 8 = turbWETntu0: Turbidity, WET Labs ECO [NTU]
# name 9 = flECO-AFL: Fluorescence, WET Labs ECO-AFL/FL [mg/m^3]
# name 10 = flag:  0.000e+00
# span 0 = 149.475917, 149.477350       
# span 1 =      0.493,     13.135       
# span 2 =    15.1039,    16.7576       
# span 3 =  37.102619,  37.796937       
# span 4 =    28.4696,    30.2900       
# span 5 =      0.488,     13.018       
# span 6 =  250.06231,  255.20748       
# span 7 =  250.40308,  255.45723       
# span 8 =    -4.2378,    21.1319       
# span 9 =     1.9237,     6.6305       
# span 10 = 0.0000e+00, 0.0000e+00      
# interval = seconds: 0.25
# start_time = May 28 2024 11:24:06 [Instrument's time stamp, header]
# bad_flag = -9.990e-29
*END*
[from data line 394]
 149.477057     11.005    15.1320  37.758761    30.2355     10.907  255.15355  255.40512     4.9918     4.9483 -9.990e-29
 149.477060     11.016    15.1317  37.760243    30.2371     10.918  255.15241  255.40395     5.4899     5.5589 -9.990e-29
 149.477063     11.016    15.1316  37.762960    30.2395     10.918  255.14846  255.39998     5.5210     5.5670 -9.990e-29
 149.477066     11.016    15.1315  37.762590    30.2393     10.918  255.14933  255.40085     5.4432     5.5589 -9.990e-29
 149.477069     11.031    15.1318  37.762343    30.2389     10.932  255.14887  255.40040     6.5949     5.4012 -9.990e-29
 149.477072     11.057    15.1318  37.762343    30.2385     10.958  255.14975  255.40129     6.6027     5.3971 0.0000e+00
 149.477075     11.099    15.1318  37.761417    30.2389     10.999  255.14887  255.40040     6.5949     5.3931 0.0000e+00
 149.477078     11.141    15.1320  37.765616    30.2393     11.041  255.14450  255.39606     6.6105     5.3688 0.0000e+00
 149.477080     11.190    15.1321  37.763516    30.2416     11.090  255.14294  255.39446     6.5327     5.3567 0.0000e+00
 149.477083     11.235    15.1321  37.767654    30.2432     11.135  255.13977  255.39121     6.6883     5.3324 0.0000e+00
 149.477086     11.279    15.1316  37.769753    30.2445     11.178  255.13950  255.39098     7.3264     5.3223 0.0000e+00
 149.477089     11.314    15.1311  37.770742    30.2458     11.213  255.13977  255.39121     8.1358     5.3122 -9.990e-29
 149.477092     11.336    15.1291  37.768395    30.2462     11.234  255.14950  255.40084     8.1513     5.2961 -9.990e-29
 149.477095     11.341    15.1280  37.770063    30.2485     11.240  255.15097  255.40224     8.0580     5.2961 -9.990e-29
 149.477098     11.343    15.1266  37.773397    30.2526     11.242  255.15130  255.40246     8.1669     5.3850 -9.990e-29
 149.477101     11.331    15.1257  37.773027    30.2529     11.229  255.15508  255.40619     8.2292     5.3769 -9.990e-29
 149.477104     11.327    15.1257  37.774694    30.2544     11.225  255.15247  255.40357     8.1980     5.3931 -9.990e-29
 149.477106     11.325    15.1258  37.775127    30.2547     11.224  255.15150  255.40261     8.3537     5.3850 -9.990e-29
 149.477109     11.336    15.1241  37.774077    30.2581     11.234  255.15437  255.40536    10.5015     6.2261 -9.990e-29
 149.477112     11.371    15.1236  37.777412    30.2585     11.269  255.15643  255.40738    10.4393     6.2201 0.0000e+00
 149.477115     11.418    15.1230  37.777412    30.2589     11.316  255.15848  255.40940    10.4704     6.2261 0.0000e+00
 149.477118     11.473    15.1222  37.778030    30.2589     11.370  255.16075  255.41162    10.3770     6.2140 0.0000e+00
 149.477121     11.538    15.1218  37.774634    30.2578     11.435  255.16755  255.41842     7.9801     5.0413 0.0000e+00
 149.477124     11.602    15.1212  37.774696    30.2578     11.498  255.16982  255.42066     7.9801     5.0413 0.0000e+00
 149.477127     11.655    15.1211  37.774881    30.2580     11.551  255.17028  255.42111     8.0346     5.0515 0.0000e+00
 149.477130     11.694    15.1209  37.775190    30.2582     11.589  255.17073  255.42155     8.0891     5.0656 -9.990e-29
 149.477133     11.717    15.1195  37.776981    30.2611     11.612  255.17244  255.42317     8.1980     5.0332 -9.990e-29
 149.477135     11.730    15.1192  37.775808    30.2603     11.625  255.17573  255.42645    10.1903     5.8339 -9.990e-29
 149.477138     11.732    15.1194  37.774882    30.2593     11.627  255.17631  255.42705    10.2836     5.8622 -9.990e-29
 149.477141     11.735    15.1202  37.777414    30.2610     11.630  255.16945  255.42021    10.2681     5.8339 -9.990e-29
 149.477144     11.750    15.1209  37.776734    30.2650     11.645  255.15885  255.40961    15.6222     6.6305 -9.990e-29
 149.477147     11.777    15.1199  37.782540    30.2662     11.672  255.16154  255.41224    15.5210     6.6183 0.0000e+00
 149.477150     11.812    15.1190  37.783590    30.2674     11.706  255.16422  255.41487    15.5132     6.6062 0.0000e+00
 149.477153     11.852    15.1169  37.787172    30.2721     11.746  255.16651  255.41701    15.4198     6.6062 0.0000e+00
 149.477156     11.898    15.1150  37.788470    30.2748     11.791  255.17179  255.42217    15.4198     6.6062 0.0000e+00
 149.477159     11.936    15.1142  37.790693    30.2764     11.829  255.17312  255.42345    12.5405     5.9977 0.0000e+00
 149.477161     11.965    15.1134  37.791373    30.2780     11.858  255.17445  255.42473     9.6611     5.3891 -9.990e-29
 149.477164     11.987    15.1100  37.791806    30.2816     11.880  255.18555  255.43562     9.5521     5.3729 -9.990e-29
 149.477167     11.993    15.1093  37.789335    30.2799     11.885  255.19174  255.44180     9.4743     5.3850 -9.990e-29
 149.477170     11.989    15.1097  37.785568    30.2763     11.882  255.19646  255.44656    12.2914     6.1735 -9.990e-29
 149.477173     11.987    15.1111  37.785568    30.2751     11.880  255.19093  255.44111    12.2136     6.1290 -9.990e-29
 149.477176     11.996    15.1123  37.782047    30.2711     11.889  255.19207  255.44234    12.3070     6.1614 -9.990e-29
 149.477179     12.020    15.1135  37.782788    30.2684     11.912  255.19054  255.44090    12.1669     6.1452 -9.990e-29
 149.477182     12.064    15.1138  37.780071    30.2700     11.956  255.18665  255.43701    14.0113     6.2180 0.0000e+00
 149.477185     12.122    15.1140  37.783962    30.2715     12.014  255.18275  255.43311    15.8556     6.2867 0.0000e+00
 149.477188     12.181    15.1147  37.784703    30.2716     12.072  255.17901  255.42940    15.9646     6.2867 0.0000e+00
 149.477190     12.235    15.1147  37.788224    30.2746     12.126  255.17901  255.42940    15.9646     6.2867 0.0000e+00
 149.477193     12.276    15.1141  37.787915    30.2751     12.166  255.17627  255.42661    15.9802     6.2888 0.0000e+00
 149.477196     12.308    15.1133  37.791560    30.2755     12.198  255.17929  255.42958    15.9646     6.2948 -9.990e-29
 149.477199     12.329    15.1102  37.791807    30.2813     12.218  255.18489  255.43497    15.8245     5.6681 -9.990e-29
 149.477202     12.332    15.1091  37.793351    30.2835     12.222  255.18655  255.43657    15.9334     5.6398 -9.990e-29
 149.477205     12.330    15.1084  37.793907    30.2845     12.220  255.18830  255.43827    15.8245     5.6195 -9.990e-29
 149.477208     12.323    15.1080  37.791807    30.2830     12.213  255.19332  255.44328    16.6027     6.0158 -9.990e-29
 149.477211     12.319    15.1073  37.794834    30.2863     12.209  255.19121  255.44111    16.6650     6.0320 -9.990e-29
 149.477214     12.334    15.1063  37.792487    30.2849     12.224  255.19840  255.44826    16.5871     6.0320 -9.990e-29
 149.477216     12.369    15.1060  37.792487    30.2852     12.258  255.19982  255.44966    15.0229     6.0946 0.0000e+00
 149.477219     12.427    15.1057  37.792549    30.2855     12.316  255.19878  255.44859    13.4899     6.1129 0.0000e+00
 149.477222     12.491    15.1057  37.793785    30.2855     12.379  255.20125  255.45107    13.4587     6.1290 0.0000e+00
 149.477225     12.560    15.1064  37.790202    30.2827     12.448  255.19950  255.44943    13.3965     6.1290 0.0000e+00
 149.477228     12.615    15.1068  37.790017    30.2824     12.502  255.20065  255.45056    13.3343     6.1391 0.0000e+00
 149.477231     12.664    15.1071  37.791376    30.2820     12.551  255.19950  255.44943    13.2720     6.1493 -9.990e-29
 149.477234     12.686    15.1078  37.791562    30.2828     12.572  255.19451  255.44447    18.8284     5.5589 -9.990e-29
 149.477237     12.690    15.1077  37.788720    30.2803     12.576  255.19925  255.44921    18.7350     5.5912 -9.990e-29
 149.477240     12.671    15.1077  37.791623    30.2829     12.558  255.19470  255.44465    18.9373     5.5629 -9.990e-29
 149.477242     12.650    15.1077  37.792673    30.2839     12.536  255.19305  255.44299    18.8284     5.5751 -9.990e-29
 149.477245     12.633    15.1079  37.792303    30.2834     12.520  255.19303  255.44298    16.1669     5.4618 -9.990e-29
 149.477248     12.624    15.1084  37.791808    30.2826     12.511  255.19176  255.44175    16.1047     5.5063 -9.990e-29
 149.477251     12.639    15.1080  37.788350    30.2837     12.525  255.19219  255.44214    16.0580     5.5023 -9.990e-29
 149.477254     12.673    15.1078  37.792673    30.2842     12.560  255.19202  255.44196    14.9452     6.0563 0.0000e+00
 149.477257     12.724    15.1077  37.793476    30.2837     12.610  255.19219  255.44214    13.9879     6.5981 0.0000e+00
 149.477260     12.788    15.1077  37.791809    30.2845     12.674  255.19395  255.44387    13.9101     6.6062 0.0000e+00
 149.477263     12.859    15.1073  37.793106    30.2841     12.744  255.19448  255.44443    13.9568     6.5981 0.0000e+00
 149.477266     12.927    15.1069  37.792304    30.2845     12.811  255.19694  255.44681    13.9568     6.5981 0.0000e+00
 149.477269     12.978    15.1068  37.793107    30.2845     12.862  255.19697  255.44685    15.3265     6.2807 0.0000e+00
 149.477271     13.020    15.1066  37.791625    30.2850     12.903  255.19694  255.44681    16.6961     5.9633 -9.990e-29
 149.477274     13.044    15.1061  37.791563    30.2840     12.927  255.20114  255.45099    16.5871     5.9673 -9.990e-29
 149.477277     13.049    15.1060  37.789278    30.2820     12.932  255.20500  255.45487    16.5560     5.9673 -9.990e-29
 149.477280     13.042    15.1060  37.792922    30.2853     12.925  255.19930  255.44914    16.5871     5.9430 -9.990e-29
 149.477283     13.027    15.1062  37.792922    30.2851     12.911  255.19871  255.44856    17.6611     6.2261 -9.990e-29
 149.477286     12.987    15.1063  37.792304    30.2845     12.871  255.19907  255.44893    17.6144     6.2261 -9.990e-29
 149.477289     12.954    15.1063  37.794219    30.2863     12.838  255.19635  255.44619    17.4899     6.1897 -9.990e-29
 149.477292     12.934    15.1062  37.793910    30.2861     12.818  255.19711  255.44695    17.4587     6.2261 -9.990e-29
 149.477295     12.940    15.1056  37.792922    30.2857     12.824  255.20099  255.45080    18.9685     5.7853 -9.990e-29
 149.477297     12.962    15.1052  37.795578    30.2875     12.846  255.19978  255.44956    19.0619     5.7853 -9.990e-29
 149.477300     13.000    15.1052  37.794651    30.2876     12.884  255.19960  255.44938    19.0541     5.7752 0.0000e+00
 149.477303     13.044    15.1052  37.794898    30.2875     12.927  255.19978  255.44956    19.0463     5.7853 0.0000e+00
 149.477306     13.082    15.1051  37.794405    30.2875     12.965  255.20011  255.44988    18.6338     5.9289 0.0000e+00
 149.477309     13.108    15.1050  37.794899    30.2873     12.990  255.20079  255.45057    18.2214     6.0927 -9.990e-29
 149.477312     13.115    15.1043  37.792799    30.2864     12.997  255.20594  255.45569    18.3615     6.1048 -9.990e-29
 149.477315     13.102    15.1042  37.791996    30.2858     12.985  255.20748  255.45723    18.3148     6.1210 -9.990e-29
 149.477318     13.079    15.1039  37.795578    30.2892     12.961  255.20303  255.45273    21.1319     5.9794 -9.990e-29
 149.477321     13.042    15.1041  37.796010    30.2895     12.925  255.20175  255.45146    21.0541     5.9552 -9.990e-29
 149.477323     12.995    15.1044  37.794651    30.2881     12.878  255.20268  255.45242    21.0385     5.9713 -9.990e-29
 149.477326     12.956    15.1047  37.793107    30.2865     12.840  255.20391  255.45367    20.9140     5.9713 -9.990e-29
 149.477329     12.938    15.1047  37.792922    30.2863     12.822  255.20419  255.45395    21.1319     5.9390 -9.990e-29
 149.477332     12.938    15.1044  37.794404    30.2879     12.822  255.20303  255.45277    21.0852     5.7085 -9.990e-29
 149.477335     12.969    15.1045  37.795145    30.2885     12.853  255.20160  255.45134    20.9762     5.7085 -9.990e-29
 149.477338     13.009    15.1045  37.796010    30.2892     12.893  255.20028  255.45001    20.9762     5.6883 -9.990e-29
 149.477341     13.064    15.1045  37.795763    30.2900     12.947  255.19889  255.44861    20.4315     5.3769 -9.990e-29
 149.477344     13.104    15.1045  37.796937    30.2900     12.987  255.19889  255.44861    20.4315     5.3769 0.0000e+00
 149.477347     13.132    15.1045  37.795331    30.2900     13.014  255.19889  255.44861    20.4315     5.3769 -9.990e-29
 149.477350     13.135    15.1039  37.796258    30.2898     13.018  255.20201  255.45170    20.3537     5.3608 -9.990e-29
