seaocn-cb/data/ctd_cnv/SBE19plus_01907321_2024_05_29_Cast105.cnv
* Sea-Bird SBE19plus  Data File:
* FileName = E:\Prandtl_Daten\2024\29052024\raw\SBE19plus_01907321_2024_05_29_Cast105.hex
* Software version 2.6.1.12
* Temperature SN = 7321
* Conductivity SN = 7321
* System UpLoad Time = May 29 2024 10:57:41
* <ApplicationData>
* <Seaterm232>
** 20240527
** Sea Practical 2024
** MCat 27.05 CTD_Z3
** NMEA Latitude = 54 02.69N
** NMEA Longitude = 008 27.26E
** waterdepth = 13.3m
** Isabelle
# nquan = 11
# nvalues = 421                         
# units = specified
# name 0 = timeJ: Julian Days
# name 1 = prdM: Pressure, Strain Gauge [db]
# name 2 = tv290C: Temperature [ITS-90, deg C]
# name 3 = c0mS/cm: Conductivity [mS/cm]
# name 4 = sal00: Salinity, Practical [PSU]
# name 5 = depSM: Depth [salt water, m], lat = 54.00
# name 6 = oxsatMm/Kg: Oxygen Saturation, Weiss [umol/kg]
# name 7 = oxsolMm/Kg: Oxygen Saturation, Garcia & Gordon [umol/kg]
# name 8 = turbWETntu0: Turbidity, WET Labs ECO [NTU]
# name 9 = flECO-AFL: Fluorescence, WET Labs ECO-AFL/FL [mg/m^3]
# name 10 = flag:  0.000e+00
# span 0 = 150.452766, 150.453981       
# span 1 =      0.644,     12.282       
# span 2 =    15.6005,    15.6172       
# span 3 =  37.600527,  37.614802       
# span 4 =    29.7274,    29.7499       
# span 5 =      0.638,     12.172       
# span 6 =  253.56994,  253.62735       
# span 7 =  253.84963,  253.90617       
# span 8 =    -3.5996,    18.0657       
# span 9 =     8.5957,    10.6620       
# span 10 = 0.0000e+00, 0.0000e+00      
# interval = seconds: 0.25
# start_time = May 29 2024 10:50:38 [Instrument's time stamp, header]
# bad_flag = -9.990e-29
*END*
[from data line 394]
 150.453906     11.655    15.6151  37.606695    29.7325     11.550  253.57405  253.85367    10.9218     9.8290 -9.990e-29
 150.453909     11.660    15.6149  37.606079    29.7322     11.556  253.57588  253.85549    10.9218     9.8249 -9.990e-29
 150.453912     11.684    15.6146  37.606079    29.7316     11.579  253.57851  253.85810    11.1241     9.8168 -9.990e-29
 150.453915     11.728    15.6147  37.605155    29.7323     11.622  253.57672  253.85632    12.9763     9.8956 0.0000e+00
 150.453918     11.790    15.6147  37.606943    29.7320     11.684  253.57697  253.85657    14.7973     9.9705 0.0000e+00
 150.453921     11.874    15.6148  37.605833    29.7320     11.767  253.57697  253.85657    14.8284     9.9745 0.0000e+00
 150.453924     11.959    15.6149  37.604539    29.7307     11.852  253.57739  253.85702    14.7973     9.9705 0.0000e+00
 150.453927     12.052    15.6151  37.604663    29.7307     11.944  253.57739  253.85702    14.8595     9.9705 0.0000e+00
 150.453929     12.138    15.6152  37.605156    29.7310     12.029  253.57640  253.85603    14.7661     9.9705 0.0000e+00
 150.453932     12.204    15.6153  37.605834    29.7312     12.094  253.57546  253.85510    14.4004     9.9867 0.0000e+00
 150.453935     12.255    15.6154  37.605157    29.7314     12.145  253.57452  253.85416    13.8790    10.0231 -9.990e-29
 150.453938     12.275    15.6158  37.604232    29.7296     12.165  253.57553  253.85521    13.8945     9.9988 -9.990e-29
 150.453941     12.249    15.6160  37.604725    29.7300     12.140  253.57418  253.85385    13.8323    10.0029 -9.990e-29
 150.453944     12.193    15.6161  37.605834    29.7309     12.083  253.57216  253.85183    16.3226    10.0554 -9.990e-29
 150.453947     12.127    15.6162  37.604540    29.7297     12.019  253.57351  253.85320    16.3226    10.0837 -9.990e-29
 150.453950     12.047    15.6164  37.606265    29.7310     11.939  253.56994  253.84963    16.4159    10.0433 -9.990e-29
 150.453953     11.972    15.6163  37.605402    29.7304     11.865  253.57180  253.85149    16.3381    10.0595 -9.990e-29
 150.453955     11.918    15.6164  37.605833    29.7307     11.811  253.57052  253.85022    18.0035     9.7238 -9.990e-29
 150.453958     11.896    15.6164  37.606080    29.7310     11.789  253.57043  253.85012    17.9879     9.7521 -9.990e-29
 150.453961     11.905    15.6164  37.605340    29.7303     11.798  253.57156  253.85126    17.9412     9.7360 -9.990e-29
 150.453964     11.949    15.6165  37.604046    29.7291     11.842  253.57298  253.85269    17.9568     9.7441 -9.990e-29
 150.453967     12.023    15.6166  37.603984    29.7289     11.916  253.57282  253.85254    17.0385    10.0392 -9.990e-29
 150.453970     12.107    15.6167  37.602320    29.7274     11.999  253.57511  253.85485    17.1319    10.0109 -9.990e-29
 150.453973     12.188    15.6169  37.603492    29.7283     12.078  253.57234  253.85208    16.9296    10.0109 -9.990e-29
 150.453976     12.250    15.6169  37.603615    29.7283     12.140  253.57234  253.85208    16.9296    10.0109 0.0000e+00
 150.453979     12.281    15.6169  37.605341    29.7283     12.171  253.57234  253.85208    16.9296    10.0109 -9.990e-29
 150.453981     12.282    15.6172  37.603184    29.7277     12.172  253.57214  253.85189    18.0657     9.9018 -9.990e-29
