seaocn-cb/data/ctd_cnv/SBE19plus_01907321_2024_05_24_Cast43.cnv
* Sea-Bird SBE19plus  Data File:
* FileName = E:\Prandtl_Daten\2024\CTD\raw\SBE19plus_01907321_2024_05_24_Cast43.hex
* Software version 2.6.1.12
* Temperature SN = 7321
* Conductivity SN = 7321
* System UpLoad Time = May 24 2024 11:25:01
* <ApplicationData>
* <Seaterm232>
** 20240524
** Sea Practical 2024
** MCat 24.05 CTD_SP3
** NMEA Latitude = 054 07.204N
** NMEA Longitude = 008 30.433E
** waterdepth = 7.0m
** Emelie
# nquan = 11
# nvalues = 231                         
# units = specified
# name 0 = timeJ: Julian Days
# name 1 = prdM: Pressure, Strain Gauge [db]
# name 2 = tv290C: Temperature [ITS-90, deg C]
# name 3 = c0mS/cm: Conductivity [mS/cm]
# name 4 = sal00: Salinity, Practical [PSU]
# name 5 = depSM: Depth [salt water, m], lat = 54.00
# name 6 = oxsatMm/Kg: Oxygen Saturation, Weiss [umol/kg]
# name 7 = oxsolMm/Kg: Oxygen Saturation, Garcia & Gordon [umol/kg]
# name 8 = turbWETntu0: Turbidity, WET Labs ECO [NTU]
# name 9 = flECO-AFL: Fluorescence, WET Labs ECO-AFL/FL [mg/m^3]
# name 10 = flag:  0.000e+00
# span 0 = 145.471999, 145.472665       
# span 1 =      0.529,      6.345       
# span 2 =    15.5858,    15.6567       
# span 3 =  36.443539,  36.535290       
# span 4 =    28.7258,    28.7677       
# span 5 =      0.524,      6.289       
# span 6 =  255.04759,  255.45629       
# span 7 =  255.33634,  255.74186       
# span 8 =    -1.4829,    17.3809       
# span 9 =     3.7271,    10.6135       
# span 10 = 0.0000e+00, 0.0000e+00      
# interval = seconds: 0.25
# start_time = May 24 2024 11:17:27 [Instrument's time stamp, header]
# bad_flag = -9.990e-29
*END*
[from data line 132]
 145.472381      4.137    15.6089  36.467088    28.7405      4.100  255.33440  255.62107     4.2914     6.6992 0.0000e+00
 145.472384      4.181    15.6103  36.469767    28.7405      4.144  255.32492  255.61164     4.2914     6.6871 0.0000e+00
 145.472387      4.223    15.6120  36.468245    28.7392      4.185  255.32096  255.60778     4.3226     6.6628 0.0000e+00
 145.472390      4.269    15.6135  36.466723    28.7382      4.231  255.31760  255.60451     4.3226     6.6628 0.0000e+00
 145.472393      4.309    15.6143  36.469097    28.7368      4.271  255.31378  255.60077     1.3654     6.7113 0.0000e+00
 145.472396      4.344    15.6150  36.465323    28.7363      4.305  255.31069  255.59763     1.3498     6.7113 0.0000e+00
 145.472399      4.375    15.6151  36.467575    28.7354      4.335  255.31192  255.59891     1.3109     6.7113 0.0000e+00
 145.472402      4.404    15.6151  36.467575    28.7363      4.364  255.31005  255.59704     1.3498     6.7113 -9.990e-29
 145.472405      4.428    15.6158  36.472446    28.7400      4.388  255.29992  255.58692     1.2564     6.7194 -9.990e-29
 145.472407      4.444    15.6171  36.469767    28.7368      4.404  255.29922  255.58630     1.6766     6.2665 -9.990e-29
 145.472410      4.457    15.6187  36.474455    28.7397      4.417  255.28605  255.57318     1.5677     6.2827 -9.990e-29
 145.472413      4.464    15.6200  36.472689    28.7372      4.424  255.28364  255.57086     1.6144     6.3110 -9.990e-29
 145.472416      4.467    15.6211  36.473359    28.7370      4.428  255.27841  255.56568     1.5366     6.2746 -9.990e-29
 145.472419      4.466    15.6214  36.473542    28.7369      4.426  255.27693  255.56421     4.1825     7.9082 -9.990e-29
 145.472422      4.460    15.6219  36.470436    28.7338      4.421  255.27987  255.56720     4.1825     7.9123 -9.990e-29
 145.472425      4.451    15.6220  36.472019    28.7352      4.412  255.27714  255.56447     4.0580     7.9082 -9.990e-29
 145.472428      4.453    15.6223  36.473724    28.7364      4.413  255.27333  255.56066     4.0891     7.9163 -9.990e-29
 145.472431      4.458    15.6228  36.474028    28.7363      4.419  255.27077  255.55812    17.3654     8.5593 -9.990e-29
 145.472433      4.475    15.6244  36.475124    28.7375      4.435  255.26068  255.54811    17.3809     8.5552 -9.990e-29
 145.472436      4.502    15.6245  36.476707    28.7367      4.462  255.26139  255.54884    17.3420     8.5572 0.0000e+00
 145.472439      4.538    15.6247  36.475003    28.7375      4.498  255.26068  255.54811    17.3031     8.5552 0.0000e+00
 145.472442      4.590    15.6249  36.477804    28.7369      4.549  255.25776  255.54523     6.4548     8.0376 0.0000e+00
 145.472445      4.642    15.6252  36.476708    28.7369      4.601  255.25776  255.54523     6.3615     8.0296 0.0000e+00
 145.472448      4.702    15.6252  36.469341    28.7311      4.660  255.26906  255.55657     6.3459     8.0255 0.0000e+00
 145.472451      4.768    15.6239  36.469098    28.7304      4.725  255.27428  255.56172     6.3459     8.0296 0.0000e+00
 145.472454      4.830    15.6221  36.464228    28.7308      4.787  255.28867  255.57606     6.3459     8.0255 0.0000e+00
 145.472457      4.890    15.6198  36.465324    28.7308      4.847  255.29605  255.58330     6.4704     7.3179 0.0000e+00
 145.472459      4.938    15.6182  36.466907    28.7333      4.894  255.29967  255.58683     6.5327     7.3179 0.0000e+00
 145.472462      4.982    15.6181  36.466664    28.7333      4.937  255.30047  255.58762     6.5482     7.3320 0.0000e+00
 145.472465      5.014    15.6179  36.466116    28.7333      4.970  255.30127  255.58841     6.5638     7.3462 -9.990e-29
 145.472468      5.034    15.6175  36.468430    28.7351      4.989  255.30011  255.58722     6.0191     7.2613 -9.990e-29
 145.472471      5.049    15.6177  36.464899    28.7318      5.004  255.30461  255.59176     6.0657     7.2774 -9.990e-29
 145.472474      5.051    15.6171  36.463986    28.7315      5.006  255.30841  255.59553     6.0502     7.2694 -9.990e-29
 145.472477      5.051    15.6174  36.466116    28.7331      5.005  255.30395  255.59107     6.0657     7.2168 -9.990e-29
 145.472480      5.038    15.6175  36.463985    28.7312      4.993  255.30660  255.59375     5.0696     8.8949 -9.990e-29
 145.472483      5.027    15.6175  36.461794    28.7292      4.982  255.30995  255.59711     5.0541     8.9151 -9.990e-29
 145.472486      5.019    15.6178  36.466421    28.7331      4.975  255.30197  255.58911     5.1008     8.9030 -9.990e-29
 145.472488      5.016    15.6179  36.463316    28.7303      4.971  255.30641  255.59358     5.1475     8.9030 -9.990e-29
 145.472491      5.023    15.6178  36.462463    28.7297      4.978  255.30802  255.59519     6.7350     8.4299 -9.990e-29
 145.472494      5.041    15.6165  36.457533    28.7263      4.996  255.32038  255.60751     6.8128     8.4056 -9.990e-29
 145.472497      5.065    15.6142  36.459785    28.7269      5.020  255.33081  255.61783     6.8284     8.4299 -9.990e-29
 145.472500      5.102    15.6138  36.456437    28.7268      5.056  255.33307  255.62007     6.8284     8.4177 0.0000e+00
 145.472503      5.143    15.6135  36.455464    28.7269      5.098  255.33533  255.62231     6.8284     8.4056 0.0000e+00
 145.472506      5.187    15.6128  36.456864    28.7266      5.141  255.33592  255.62286     5.2875     7.1238 0.0000e+00
 145.472509      5.235    15.6116  36.452238    28.7276      5.188  255.34692  255.63377     5.2875     7.1238 0.0000e+00
 145.472512      5.286    15.6109  36.454430    28.7276      5.239  255.34692  255.63377     5.2253     7.1238 0.0000e+00
 145.472514      5.335    15.6109  36.460152    28.7326      5.287  255.33850  255.62530     5.2253     7.0995 0.0000e+00
 145.472517      5.377    15.6120  36.461126    28.7326      5.329  255.33278  255.61973     0.6494     6.3595 0.0000e+00
 145.472520      5.415    15.6131  36.458021    28.7310      5.367  255.33252  255.61939     0.5560     6.3595 0.0000e+00
 145.472523      5.456    15.6141  36.461126    28.7310      5.407  255.32445  255.61143     0.5560     6.3595 0.0000e+00
 145.472526      5.489    15.6144  36.463744    28.7320      5.439  255.32141  255.60839     0.5483     6.3596 0.0000e+00
 145.472529      5.525    15.6146  36.461126    28.7329      5.476  255.31836  255.60535     0.5560     6.3555 -9.990e-29
 145.472532      5.549    15.6165  36.463318    28.7311      5.499  255.31183  255.59892     5.5521     6.8731 -9.990e-29
 145.472535      5.574    15.6166  36.466423    28.7338      5.525  255.30680  255.59387     5.5210     6.8569 -9.990e-29
 145.472538      5.600    15.6182  36.467336    28.7334      5.550  255.29940  255.58656     5.5521     6.8852 -9.990e-29
 145.472541      5.617    15.6201  36.466727    28.7315      5.566  255.29282  255.58009     2.8906     8.0376 -9.990e-29
 145.472543      5.635    15.6218  36.470684    28.7337      5.584  255.28047  255.56780     2.8751     8.0255 -9.990e-29
 145.472546      5.649    15.6233  36.466909    28.7293      5.599  255.28054  255.56797     2.8595     8.0093 -9.990e-29
 145.472549      5.666    15.6238  36.465570    28.7278      5.615  255.28079  255.56826     2.8751     8.0498 -9.990e-29
 145.472552      5.682    15.6235  36.468249    28.7303      5.631  255.27761  255.56504     2.8284     8.0012 -9.990e-29
 145.472555      5.691    15.6236  36.468431    28.7304      5.641  255.27703  255.56447     5.9568     8.9192 -9.990e-29
 145.472558      5.700    15.6240  36.469771    28.7313      5.649  255.27349  255.56094     6.0657     8.9111 -9.990e-29
 145.472561      5.708    15.6247  36.470258    28.7312      5.657  255.27004  255.55753     5.9879     8.9353 -9.990e-29
 145.472564      5.717    15.6251  36.468675    28.7295      5.665  255.27096  255.55848     6.0502     8.9434 -9.990e-29
 145.472567      5.731    15.6250  36.470440    28.7311      5.680  255.26857  255.55607     2.6261     8.2277 -9.990e-29
 145.472569      5.751    15.6249  36.472267    28.7328      5.700  255.26639  255.55387     2.5171     8.2439 -9.990e-29
 145.472572      5.771    15.6246  36.467579    28.7289      5.720  255.27447  255.56197     2.4860     8.2196 -9.990e-29
 145.472575      5.793    15.6195  36.462100    28.7258      5.741  255.30596  255.59324     9.0229     7.5241 -9.990e-29
 145.472578      5.828    15.6174  36.459787    28.7291      5.776  255.31117  255.59832     9.0307     7.5221 0.0000e+00
 145.472581      5.873    15.6152  36.463806    28.7258      5.821  255.31638  255.60340     9.0229     7.5241 0.0000e+00
 145.472584      5.930    15.6117  36.452667    28.7324      5.877  255.34668  255.63359     8.9918     7.5201 0.0000e+00
 145.472587      5.992    15.6039  36.455772    28.7336      5.938  255.37204  255.65851     8.9918     7.4756 0.0000e+00
 145.472590      6.056    15.5978  36.453399    28.7340      6.002  255.39916  255.68532    11.5288     7.4715 0.0000e+00
 145.472593      6.125    15.5959  36.449747    28.7340      6.071  255.41170  255.69779    11.5288     7.4554 0.0000e+00
 145.472595      6.182    15.5940  36.443539    28.7340      6.127  255.42876  255.71478    11.5443     7.4513 0.0000e+00
 145.472598      6.227    15.5922  36.450235    28.7343      6.172  255.43071  255.71661    11.5209     7.4413 0.0000e+00
 145.472601      6.262    15.5903  36.453584    28.7386      6.206  255.43266  255.71845    11.5443     7.4271 -9.990e-29
 145.472604      6.286    15.5901  36.454862    28.7428      6.230  255.42651  255.71225    13.3809     7.8638 -9.990e-29
 145.472607      6.290    15.5938  36.452670    28.7381      6.233  255.41544  255.70140    13.4276     7.8193 -9.990e-29
 145.472610      6.288    15.5946  36.450661    28.7358      6.232  255.41551  255.70152    13.4276     7.8193 -9.990e-29
 145.472613      6.277    15.5936  36.455470    28.7407      6.221  255.41205  255.69797    13.5366     7.8557 -9.990e-29
 145.472616      6.260    15.5941  36.452913    28.7381      6.204  255.41385  255.69982    10.8595     7.4796 -9.990e-29
 145.472619      6.228    15.5948  36.452670    28.7374      6.172  255.41150  255.69751    10.7350     7.4918 -9.990e-29
 145.472622      6.195    15.5950  36.453522    28.7380      6.139  255.40957  255.69559    10.7661     7.5160 -9.990e-29
 145.472624      6.173    15.5939  36.452913    28.7383      6.118  255.41470  255.70066    10.7973     7.5322 -9.990e-29
 145.472627      6.146    15.5930  36.449991    28.7364      6.091  255.42277  255.70869     9.7700     7.0308 -9.990e-29
 145.472630      6.131    15.5916  36.452426    28.7395      6.076  255.42414  255.70998     9.7233     7.0753 -9.990e-29
 145.472633      6.125    15.5895  36.451757    28.7405      6.070  255.43328  255.71901     9.8478     7.0793 -9.990e-29
 145.472636      6.127    15.5872  36.447983    28.7388      6.072  255.44778  255.73341     9.7389     7.0469 -9.990e-29
 145.472639      6.141    15.5860  36.448470    28.7402      6.087  255.45185  255.73741    10.0502     7.5767 -9.990e-29
 145.472642      6.165    15.5858  36.445975    28.7381      6.110  255.45629  255.74186    10.0191     7.5807 -9.990e-29
 145.472645      6.187    15.5864  36.451575    28.7426      6.132  255.44562  255.73118    10.0035     7.6009 -9.990e-29
 145.472648      6.214    15.5872  36.448653    28.7385      6.159  255.44871  255.73434     9.9879     7.5605 -9.990e-29
 145.472650      6.254    15.5873  36.447618    28.7397      6.198  255.44628  255.73190    11.2486     7.5059 0.0000e+00
 145.472653      6.283    15.5873  36.450418    28.7397      6.227  255.44628  255.73190    11.2486     7.5059 0.0000e+00
 145.472656      6.311    15.5873  36.449749    28.7409      6.254  255.44384  255.72946    12.5093     7.4513 -9.990e-29
 145.472659      6.334    15.5893  36.452914    28.7416      6.278  255.43253  255.71824    12.5405     7.4271 -9.990e-29
 145.472662      6.343    15.5904  36.452670    28.7405      6.287  255.42840  255.71418    12.4626     7.4634 -9.990e-29
 145.472665      6.345    15.5913  36.452123    28.7394      6.289  255.42593  255.71176     9.7545     7.5605 -9.990e-29
