seaocn-cb/data/ctd_cnv/SBE19plus_01907321_2024_05_25_Cast46.cnv
* Sea-Bird SBE19plus  Data File:
* FileName = E:\Prandtl_Daten\2024\25052024\raw\SBE19plus_01907321_2024_05_25_Cast46.hex
* Software version 2.6.1.12
* Temperature SN = 7321
* Conductivity SN = 7321
* System UpLoad Time = May 25 2024 06:08:47
* <ApplicationData>
* <Seaterm232>
** 20240525
** Sea Practical 2024
** MCat 25.05 CTD_SP1
** NMEA Latitude = 054 07.72N
** NMEA Longitude = 008 46.61E
** waterdepth = 10.99m
** Isabell
# nquan = 11
# nvalues = 388                         
# units = specified
# name 0 = timeJ: Julian Days
# name 1 = prdM: Pressure, Strain Gauge [db]
# name 2 = tv290C: Temperature [ITS-90, deg C]
# name 3 = c0mS/cm: Conductivity [mS/cm]
# name 4 = sal00: Salinity, Practical [PSU]
# name 5 = depSM: Depth [salt water, m], lat = 54.00
# name 6 = oxsatMm/Kg: Oxygen Saturation, Weiss [umol/kg]
# name 7 = oxsolMm/Kg: Oxygen Saturation, Garcia & Gordon [umol/kg]
# name 8 = turbWETntu0: Turbidity, WET Labs ECO [NTU]
# name 9 = flECO-AFL: Fluorescence, WET Labs ECO-AFL/FL [mg/m^3]
# name 10 = flag:  0.000e+00
# span 0 = 146.252014, 146.253134       
# span 1 =      0.581,      9.780       
# span 2 =    17.7652,    18.1491       
# span 3 =  35.423101,  35.595973       
# span 4 =    26.2336,    26.3807       
# span 5 =      0.576,      9.693       
# span 6 =  247.08434,  248.71364       
# span 7 =  247.49315,  249.10758       
# span 8 =    -0.5802,     9.8556       
# span 9 =     1.8630,     5.0615       
# span 10 = 0.0000e+00, 0.0000e+00      
# interval = seconds: 0.25
# start_time = May 25 2024 06:01:44 [Instrument's time stamp, header]
# bad_flag = -9.990e-29
*END*
[from data line 263]
 146.252775      7.218    18.0446  35.564888    26.3109      7.154  247.48163  247.88637     4.9918     2.8213 -9.990e-29
 146.252778      7.244    18.0417  35.564467    26.3131      7.179  247.49191  247.89653     4.8906     2.8335 0.0000e+00
 146.252781      7.271    18.0388  35.565130    26.3147      7.206  247.50218  247.90668     4.7895     2.8375 0.0000e+00
 146.252784      7.297    18.0365  35.562720    26.3152      7.232  247.51399  247.91841     4.7895     2.8456 0.0000e+00
 146.252786      7.324    18.0355  35.564649    26.3161      7.259  247.51630  247.92068     4.7739     2.8497 0.0000e+00
 146.252789      7.357    18.0345  35.561636    26.3175      7.291  247.51862  247.92295     4.8206     2.8618 -9.990e-29
 146.252792      7.381    18.0337  35.563142    26.3161      7.315  247.52503  247.92933     5.5833     2.7850 -9.990e-29
 146.252795      7.410    18.0336  35.562299    26.3158      7.344  247.52592  247.93023     5.5989     2.7971 0.0000e+00
 146.252798      7.438    18.0337  35.561455    26.3161      7.371  247.52503  247.92933     5.5833     2.7850 0.0000e+00
 146.252801      7.467    18.0341  35.565312    26.3167      7.400  247.52214  247.92647     4.9529     2.7526 0.0000e+00
 146.252804      7.494    18.0346  35.562721    26.3179      7.427  247.51746  247.92180     4.2914     2.6960 -9.990e-29
 146.252807      7.518    18.0385  35.563805    26.3142      7.451  247.50537  247.90986     4.2914     2.7405 -9.990e-29
 146.252810      7.540    18.0377  35.561877    26.3131      7.473  247.51085  247.91532     4.2914     2.7122 -9.990e-29
 146.252813      7.558    18.0363  35.562540    26.3146      7.491  247.51531  247.91972     4.8050     2.7041 -9.990e-29
 146.252815      7.580    18.0351  35.563806    26.3163      7.512  247.51769  247.92205     4.7739     2.7203 -9.990e-29
 146.252818      7.600    18.0326  35.560793    26.3165      7.532  247.52956  247.93382     4.7895     2.7122 -9.990e-29
 146.252821      7.626    18.0316  35.562058    26.3167      7.557  247.53373  247.93796     5.4588     2.7567 0.0000e+00
 146.252824      7.653    18.0307  35.561034    26.3165      7.585  247.53790  247.94210     6.0502     2.8011 0.0000e+00
 146.252827      7.679    18.0291  35.557961    26.3154      7.610  247.54811  247.95225     6.0502     2.8011 0.0000e+00
 146.252830      7.706    18.0266  35.553863    26.3154      7.637  247.56287  247.96693     6.0502     2.7728 0.0000e+00
 146.252833      7.735    18.0204  35.553261    26.3171      7.666  247.58672  247.99053     6.0346     2.7728 0.0000e+00
 146.252836      7.766    18.0141  35.548501    26.3172      7.697  247.61657  248.02015     6.0191     2.7728 0.0000e+00
 146.252839      7.797    18.0090  35.551515    26.3230      7.728  247.63137  248.03473     5.8012     2.8254 0.0000e+00
 146.252841      7.826    18.0076  35.550009    26.3233      7.756  247.63761  248.04091     5.7467     2.8396 0.0000e+00
 146.252844      7.852    18.0062  35.546996    26.3236      7.782  247.64385  248.04710     5.6922     2.8254 -9.990e-29
 146.252847      7.874    18.0012  35.548503    26.3255      7.803  247.66421  248.06727     5.7545     2.8456 -9.990e-29
 146.252850      7.890    17.9997  35.549347    26.3271      7.819  247.66874  248.07173     7.6066     2.9103 -9.990e-29
 146.252853      7.912    17.9994  35.551095    26.3287      7.841  247.66730  248.07027     7.5132     2.9143 -9.990e-29
 146.252856      7.932    17.9990  35.549106    26.3274      7.861  247.67161  248.07457     7.6689     2.9143 -9.990e-29
 146.252859      7.956    17.9977  35.548263    26.3275      7.885  247.67750  248.08042     7.6222     2.8941 -9.990e-29
 146.252862      7.981    17.9940  35.546998    26.3261      7.910  247.69727  248.10005     7.5910     3.4966 -9.990e-29
 146.252865      8.007    17.9926  35.543744    26.3276      7.935  247.70177  248.10449     7.6221     3.5007 0.0000e+00
 146.252867      8.040    17.9912  35.545010    26.3290      7.968  247.70627  248.10893     7.6533     3.4966 0.0000e+00
 146.252870      8.069    17.9883  35.543082    26.3290      7.997  247.71964  248.12219     7.6533     3.4724 0.0000e+00
 146.252873      8.102    17.9839  35.537720    26.3293      8.029  247.74307  248.14547     7.6222     3.4602 0.0000e+00
 146.252876      8.133    17.9804  35.536395    26.3294      8.060  247.75691  248.15917     7.6144     3.2823 0.0000e+00
 146.252879      8.160    17.9769  35.533383    26.3311      8.087  247.77075  248.17287     7.6222     3.1044 -9.990e-29
 146.252882      8.184    17.9668  35.534649    26.3361      8.111  247.81066  248.21238     7.5132     3.1287 -9.990e-29
 146.252885      8.204    17.9628  35.533565    26.3378      8.131  247.82697  248.22853     7.5910     3.1084 -9.990e-29
 146.252888      8.219    17.9602  35.534469    26.3402      8.145  247.83519  248.23664     8.4315     2.8133 -9.990e-29
 146.252891      8.237    17.9586  35.529710    26.3373      8.163  247.84772  248.24912     8.6338     2.7728 -9.990e-29
 146.252894      8.250    17.9569  35.531879    26.3402      8.176  247.85105  248.25238     8.6961     2.7728 -9.990e-29
 146.252896      8.277    17.9539  35.529048    26.3398      8.203  247.86629  248.26751     8.5249     2.7850 -9.990e-29
 146.252899      8.301    17.9516  35.531639    26.3434      8.227  247.87125  248.27236     7.5288     3.2338 -9.990e-29
 146.252902      8.325    17.9468  35.529470    26.3420      8.250  247.89628  248.29722     7.5910     3.2257 -9.990e-29
 146.252905      8.358    17.9449  35.526277    26.3430      8.283  247.90399  248.30485     7.5988     3.2216 0.0000e+00
 146.252908      8.389    17.9429  35.525615    26.3433      8.313  247.91170  248.31248     7.6066     3.2176 0.0000e+00
 146.252911      8.420    17.9396  35.522182    26.3433      8.344  247.92872  248.32938     9.6144     3.0963 0.0000e+00
 146.252914      8.452    17.9374  35.518507    26.3416      8.377  247.94166  248.34225     9.8478     3.0963 0.0000e+00
 146.252917      8.483    17.9353  35.504473    26.3372      8.407  247.95934  248.35987     9.8556     3.0963 0.0000e+00
 146.252920      8.511    17.9331  35.509233    26.3329      8.434  247.97702  248.37750     9.8478     3.0963 -9.990e-29
 146.252922      8.534    17.9152  35.501042    26.3416      8.458  248.04825  248.44801     9.2875     3.1004 -9.990e-29
 146.252925      8.554    17.9064  35.490925    26.3389      8.478  248.09463  248.49408     8.6338     4.7825 -9.990e-29
 146.252928      8.571    17.8941  35.491348    26.3471      8.494  248.13974  248.53869     8.4938     4.7744 -9.990e-29
 146.252931      8.586    17.8835  35.485508    26.3492      8.509  248.18717  248.58571     8.6338     4.7906 -9.990e-29
 146.252934      8.606    17.8640  35.479247    26.3575      8.529  248.26678  248.66453     7.3264     2.6717 -9.990e-29
 146.252937      8.631    17.8607  35.480332    26.3587      8.554  248.28041  248.67803     7.3575     2.6657 0.0000e+00
 146.252940      8.662    17.8574  35.478165    26.3599      8.585  248.29403  248.69153     7.3264     2.6596 0.0000e+00
 146.252943      8.693    17.8535  35.476058    26.3607      8.616  248.31176  248.70910     7.2331     2.6434 0.0000e+00
 146.252946      8.723    17.8487  35.474554    26.3625      8.645  248.33148  248.72864     7.2331     2.6434 0.0000e+00
 146.252948      8.754    17.8446  35.471724    26.3628      8.675  248.35084  248.74783     8.3226     3.2864 0.0000e+00
 146.252951      8.785    17.8437  35.472568    26.3638      8.706  248.35373  248.75068     8.3381     3.3006 0.0000e+00
 146.252954      8.812    17.8427  35.474314    26.3647      8.733  248.35662  248.75353     8.3226     3.2864 -9.990e-29
 146.252957      8.836    17.8398  35.471304    26.3655      8.757  248.36909  248.76590     8.3226     3.2945 -9.990e-29
 146.252960      8.856    17.8388  35.469799    26.3649      8.777  248.37496  248.77173     7.8089     2.7728 -9.990e-29
 146.252963      8.874    17.8372  35.471726    26.3676      8.795  248.37829  248.77499     7.8556     2.7930 -9.990e-29
 146.252966      8.891    17.8362  35.470461    26.3671      8.811  248.38351  248.78017     7.8245     2.7930 -9.990e-29
 146.252969      8.905    17.8354  35.469558    26.3674      8.826  248.38701  248.78364     7.8401     2.7566 -9.990e-29
 146.252972      8.931    17.8353  35.470221    26.3672      8.851  248.38747  248.78409     8.1514     3.0235 0.0000e+00
 146.252975      8.960    17.8353  35.469799    26.3674      8.880  248.38701  248.78364     8.4626     3.2904 0.0000e+00
 146.252977      8.991    17.8353  35.470642    26.3678      8.911  248.38677  248.78339     8.6183     3.2904 0.0000e+00
 146.252980      9.027    17.8353  35.471546    26.3683      8.947  248.38586  248.78247     8.6183     3.2945 0.0000e+00
 146.252983      9.059    17.8354  35.471305    26.3683      8.978  248.38583  248.78247     8.5249     3.2783 0.0000e+00
 146.252986      9.092    17.8355  35.470221    26.3678      9.010  248.38571  248.78233     7.7156     3.0357 0.0000e+00
 146.252989      9.122    17.8357  35.471305    26.3672      9.041  248.38583  248.78247     6.9062     2.7769 -9.990e-29
 146.252992      9.146    17.8365  35.469559    26.3661      9.064  248.38393  248.78061     6.9218     2.7809 -9.990e-29
 146.252995      9.175    17.8360  35.471968    26.3684      9.093  248.38251  248.77916     6.7039     2.7566 -9.990e-29
 146.252998      9.194    17.8356  35.472389    26.3690      9.111  248.38351  248.78014     8.2914     2.8941 -9.990e-29
 146.253001      9.210    17.8359  35.471546    26.3681      9.128  248.38343  248.78007     8.2914     2.9143 -9.990e-29
 146.253003      9.223    17.8358  35.470884    26.3676      9.140  248.38466  248.78130     8.3070     2.8982 -9.990e-29
 146.253006      9.238    17.8352  35.468717    26.3662      9.155  248.38986  248.78649     8.3226     2.8860 -9.990e-29
 146.253009      9.263    17.8333  35.469379    26.3680      9.180  248.39621  248.79275     8.0735     2.8052 -9.990e-29
 146.253012      9.287    17.8305  35.468296    26.3655      9.204  248.41377  248.81023     8.0113     2.7809 -9.990e-29
 146.253015      9.320    17.8301  35.464202    26.3658      9.236  248.41551  248.81195     8.0736     2.7769 0.0000e+00
 146.253018      9.351    17.8296  35.464202    26.3661      9.267  248.41659  248.81296     8.0268     2.7769 0.0000e+00
 146.253021      9.385    17.8287  35.466972    26.3690      9.301  248.41725  248.81359     8.1358     2.7769 0.0000e+00
 146.253024      9.418    17.8282  35.467875    26.3700      9.334  248.41659  248.81296     8.4626     2.8335 0.0000e+00
 146.253027      9.448    17.8282  35.468718    26.3704      9.363  248.41683  248.81317     8.5404     2.8376 0.0000e+00
 146.253030      9.473    17.8281  35.462457    26.3708      9.388  248.41642  248.81275     8.4626     2.8416 -9.990e-29
 146.253032      9.493    17.8265  35.464865    26.3686      9.408  248.42774  248.82403     8.4471     2.8416 -9.990e-29
 146.253035      9.513    17.8252  35.461193    26.3664      9.428  248.43786  248.83411     8.7584     2.9507 -9.990e-29
 146.253038      9.532    17.8217  35.459448    26.3672      9.446  248.45320  248.84931     8.7739     2.9993 -9.990e-29
 146.253041      9.550    17.8167  35.451081    26.3636      9.464  248.48335  248.87929     8.6183     2.9871 -9.990e-29
 146.253044      9.568    17.8102  35.445484    26.3631      9.483  248.51534  248.91104     8.8206     2.9629 -9.990e-29
 146.253047      9.592    17.7923  35.440549    26.3704      9.506  248.58897  248.98396     8.7739     2.9993 -9.990e-29
 146.253050      9.619    17.7897  35.440310    26.3722      9.533  248.59873  248.99361     8.7973     2.9730 0.0000e+00
 146.253053      9.650    17.7870  35.440551    26.3740      9.564  248.60849  249.00325     8.7895     2.9669 0.0000e+00
 146.253056      9.690    17.7844  35.440732    26.3758      9.604  248.61771  249.01236     8.7895     2.9669 0.0000e+00
 146.253058      9.725    17.7833  35.441154    26.3767      9.638  248.62136  249.01597     8.7739     2.9952 0.0000e+00
 146.253061      9.756    17.7823  35.443983    26.3775      9.669  248.62501  249.01958     8.7584     3.0235 -9.990e-29
 146.253064      9.780    17.7826  35.445247    26.3807      9.692  248.61843  249.01299     8.7428     2.9871 -9.990e-29
 146.253067      9.780    17.7837  35.445668    26.3803      9.692  248.61376  249.00836     8.8050     3.0437 -9.990e-29
 146.253070      9.774    17.7856  35.445668    26.3791      9.687  248.60651  249.00119     8.7428     3.0397 -9.990e-29
 146.253073      9.769    17.7884  35.449159    26.3801      9.681  248.59129  248.98607     7.9334     2.8497 -9.990e-29
 146.253076      9.770    17.7913  35.446991    26.3765      9.683  248.58358  248.97849     7.6844     2.8537 -9.990e-29
 146.253079      9.763    17.7937  35.451084    26.3783      9.676  248.56879  248.96378     7.6533     2.8335 -9.990e-29
 146.253082      9.759    17.7968  35.454094    26.3788      9.672  248.55329  248.94839     7.7622     2.8416 -9.990e-29
 146.253084      9.759    17.8005  35.454274    26.3766      9.672  248.53918  248.93444     8.5093     2.9022 -9.990e-29
 146.253087      9.763    17.8041  35.456862    26.3763      9.676  248.52207  248.91747     8.6338     2.9305 -9.990e-29
 146.253090      9.765    17.8073  35.459270    26.3763      9.677  248.50709  248.90261     8.5560     2.8941 -9.990e-29
 146.253093      9.770    17.8099  35.457764    26.3734      9.683  248.49941  248.89504     8.4626     2.9467 -9.990e-29
 146.253096      9.772    17.8119  35.458607    26.3728      9.685  248.49069  248.88640     8.9140     2.7203 -9.990e-29
 146.253099      9.772    17.8123  35.456259    26.3706      9.685  248.49267  248.88841     8.8206     2.7566 -9.990e-29
 146.253102      9.774    17.8119  35.456680    26.3712      9.687  248.49335  248.88907     8.9296     2.7041 -9.990e-29
 146.253105      9.772    17.8113  35.454754    26.3700      9.685  248.49853  248.89424     8.7428     2.7162 -9.990e-29
 146.253108      9.767    17.8097  35.452768    26.3694      9.680  248.50695  248.90259     8.2136     2.6515 -9.990e-29
 146.253111      9.767    17.8070  35.450180    26.3690      9.680  248.52060  248.91615     8.2603     2.6677 -9.990e-29
 146.253113      9.767    17.8031  35.448916    26.3704      9.680  248.53683  248.93223     8.1669     2.6273 -9.990e-29
 146.253116      9.762    17.7994  35.447833    26.3720      9.674  248.55218  248.94743     8.3848     2.6515 -9.990e-29
 146.253119      9.767    17.7959  35.442055    26.3695      9.680  248.57340  248.96853     8.2292     2.6394 -9.990e-29
 146.253122      9.771    17.7910  35.439046    26.3701      9.684  248.59552  248.99045     9.5054     2.8335 -9.990e-29
 146.253125      9.775    17.7854  35.434533    26.3700      9.687  248.62255  249.01727     9.6611     2.8537 -9.990e-29
 146.253128      9.778    17.7793  35.430863    26.3710      9.691  248.65062  249.04511     9.6611     2.8537 -9.990e-29
 146.253131      9.777    17.7723  35.424845    26.3705      9.689  248.68477  249.07900     9.4899     2.8699 -9.990e-29
 146.253134      9.780    17.7652  35.423101    26.3736      9.693  248.71364  249.10758     7.9957     2.8577 -9.990e-29
