seaocn-cb/data/ctd_cnv/SBE19plus_01907321_2024_05_21_Cast06.cnv
* Sea-Bird SBE19plus  Data File:
* FileName = E:\Prandtl_Daten\2024\CTD\raw\SBE19plus_01907321_2024_05_21_Cast06.hex
* Software version 2.6.1.12
* Temperature SN = 7321
* Conductivity SN = 7321
* System UpLoad Time = May 21 2024 14:21:20
* <ApplicationData>
* <Seaterm232>
** 20240521
** Sea Practical 2024
** MCat 21.05 CTD_SP1
** NMEA Latitude = 54 07.836N
** NMEA Longitude = 008 45.37E
** waterdepth = 13.0m
** Merle
# nquan = 11
# nvalues = 419                         
# units = specified
# name 0 = timeJ: Julian Days
# name 1 = prdM: Pressure, Strain Gauge [db]
# name 2 = tv290C: Temperature [ITS-90, deg C]
# name 3 = c0mS/cm: Conductivity [mS/cm]
# name 4 = sal00: Salinity, Practical [PSU]
# name 5 = depSM: Depth [salt water, m], lat = 54.00
# name 6 = oxsatMm/Kg: Oxygen Saturation, Weiss [umol/kg]
# name 7 = oxsolMm/Kg: Oxygen Saturation, Garcia & Gordon [umol/kg]
# name 8 = turbWETntu0: Turbidity, WET Labs ECO [NTU]
# name 9 = flECO-AFL: Fluorescence, WET Labs ECO-AFL/FL [mg/m^3]
# name 10 = flag:  0.000e+00
# span 0 = 142.588235, 142.589444       
# span 1 =      0.802,     11.628       
# span 2 =    17.8401,    18.1831       
# span 3 =  35.346887,  35.560755       
# span 4 =    26.2132,    26.2712       
# span 5 =      0.795,     11.524       
# span 6 =  246.97621,  248.53709       
# span 7 =  247.38650,  248.93445       
# span 8 =    -1.9810,    78.8128       
# span 9 =     3.1570,     8.6280       
# span 10 = 0.0000e+00, 0.0000e+00      
# interval = seconds: 0.25
# start_time = May 21 2024 14:04:57 [Instrument's time stamp, header]
# bad_flag = -9.990e-29
*END*
 142.588235      0.802    18.1719  35.554908    26.2236      0.795  247.02213  247.43199    -1.7319     3.2298 -9.990e-29
 142.588238      0.810    18.1746  35.555811    26.2205      0.802  247.01466  247.42463    -1.7164     3.2338 -9.990e-29
 142.588241      0.842    18.1744  35.553220    26.2220      0.835  247.01297  247.42293    -1.6852     3.2257 0.0000e+00
 142.588244      0.892    18.1744  35.556655    26.2225      0.884  247.01214  247.42210    -1.6541     3.2217 0.0000e+00
 142.588247      0.950    18.1744  35.555571    26.2225      0.941  247.01214  247.42210    -1.4518     3.2217 0.0000e+00
 142.588249      1.007    18.1744  35.552317    26.2214      0.998  247.01565  247.42563    -1.4362     3.2338 0.0000e+00
 142.588252      1.050    18.1741  35.553643    26.2205      1.041  247.01665  247.42661    -1.4128     3.2338 0.0000e+00
 142.588255      1.085    18.1736  35.556656    26.2214      1.075  247.01765  247.42759    -1.3895     3.2338 -9.990e-29
 142.588258      1.109    18.1746  35.551051    26.2186      1.099  247.01773  247.42771    -1.2027     3.9253 -9.990e-29
 142.588261      1.123    18.1744  35.550630    26.2184      1.113  247.01894  247.42892    -1.1716     3.9131 -9.990e-29
 142.588264      1.132    18.1728  35.547135    26.2166      1.122  247.02970  247.43962    -1.2494     3.9536 -9.990e-29
 142.588267      1.141    18.1708  35.547557    26.2182      1.131  247.03639  247.44624    -1.1094     3.9293 -9.990e-29
 142.588270      1.152    18.1688  35.544966    26.2173      1.142  247.04718  247.45696    -1.1716     3.3066 -9.990e-29
 142.588273      1.165    18.1663  35.544364    26.2184      1.155  247.05716  247.46685    -1.1249     3.2985 -9.990e-29
 142.588275      1.183    18.1642  35.546473    26.2219      1.173  247.06156  247.47115    -1.1094     3.2783 -9.990e-29
 142.588278      1.213    18.1645  35.546955    26.2206      1.202  247.06206  247.47168    -1.3662     3.2278 0.0000e+00
 142.588281      1.245    18.1642  35.544364    26.2193      1.234  247.06257  247.47220    -1.6230     3.1772 0.0000e+00
 142.588284      1.295    18.1632  35.541291    26.2193      1.283  247.07277  247.48235    -1.7164     3.1570 0.0000e+00
 142.588287      1.348    18.1606  35.543702    26.2190      1.336  247.07931  247.48877    -1.7164     3.1570 0.0000e+00
 142.588290      1.386    18.1597  35.539364    26.2203      1.374  247.08542  247.49486    -1.7086     3.1670 0.0000e+00
 142.588293      1.419    18.1589  35.538942    26.2190      1.406  247.09154  247.50095    -1.7008     3.1812 -9.990e-29
 142.588296      1.439    18.1560  35.538943    26.2205      1.426  247.10288  247.51217    -1.3739     3.7635 -9.990e-29
 142.588299      1.450    18.1554  35.540690    26.2223      1.437  247.10272  247.51198    -1.4518     3.7554 -9.990e-29
 142.588302      1.455    18.1557  35.541293    26.2226      1.442  247.10064  247.50991    -1.4985     3.7190 -9.990e-29
 142.588304      1.463    18.1568  35.545209    26.2251      1.449  247.09121  247.50051    -1.3895     3.7635 -9.990e-29
 142.588307      1.479    18.1605  35.544125    26.2268      1.466  247.07093  247.48036    -1.9498     3.3187 -9.990e-29
 142.588310      1.508    18.1625  35.550150    26.2268      1.495  247.06175  247.47125    -1.9810     3.2945 0.0000e+00
 142.588313      1.546    18.1644  35.553224    26.2268      1.533  247.05256  247.46213    -1.9498     3.2864 0.0000e+00
 142.588316      1.594    18.1699  35.557743    26.2268      1.580  247.02592  247.43569    -1.8097     3.2864 0.0000e+00
 142.588319      1.632    18.1751  35.557321    26.2233      1.618  247.00756  247.41754    -1.7942     3.4683 0.0000e+00
 142.588322      1.667    18.1769  35.559912    26.2231      1.652  246.99886  247.40891    -1.7241     3.4886 0.0000e+00
 142.588325      1.700    18.1788  35.559249    26.2230      1.685  246.99016  247.40028    -1.6385     3.4683 -9.990e-29
 142.588328      1.716    18.1823  35.560755    26.2215      1.701  246.97641  247.38666    -1.6074     3.5128 -9.990e-29
 142.588330      1.740    18.1831  35.558586    26.2191      1.724  246.97621  247.38650    -0.8759     3.7069 -9.990e-29
 142.588333      1.754    18.1825  35.552981    26.2149      1.739  246.98604  247.39633    -0.9848     3.7473 -9.990e-29
 142.588336      1.767    18.1794  35.552981    26.2169      1.751  246.99742  247.40759    -0.9070     3.7352 -9.990e-29
 142.588339      1.789    18.1761  35.553223    26.2192      1.773  247.00942  247.41945    -0.9537     3.7352 -9.990e-29
 142.588342      1.811    18.1719  35.548884    26.2194      1.795  247.02909  247.43897    -1.7475     3.4683 -9.990e-29
 142.588345      1.842    18.1713  35.550150    26.2206      1.826  247.02996  247.43981    -1.7008     3.4764 0.0000e+00
 142.588348      1.871    18.1710  35.552139    26.2218      1.854  247.02909  247.43897    -1.6697     3.4683 0.0000e+00
 142.588351      1.908    18.1710  35.553827    26.2218      1.891  247.02728  247.43712    -1.6697     3.4845 0.0000e+00
 142.588354      1.942    18.1716  35.552561    26.2221      1.925  247.02681  247.43667    -1.6697     3.4562 0.0000e+00
 142.588356      1.975    18.1722  35.554249    26.2218      1.958  247.02362  247.43350    -1.4673     3.4542 0.0000e+00
 142.588359      2.003    18.1728  35.557081    26.2221      1.985  247.02043  247.43033    -1.1560     3.4238 -9.990e-29
 142.588362      2.024    18.1761  35.555815    26.2213      2.006  247.00601  247.41603    -1.2027     3.4036 -9.990e-29
 142.588365      2.048    18.1774  35.557744    26.2220      2.030  246.99866  247.40873    -1.1405     3.4158 -9.990e-29
 142.588368      2.067    18.1786  35.557503    26.2211      2.048  246.99457  247.40469    -0.4090     3.9980 -9.990e-29
 142.588371      2.087    18.1798  35.555333    26.2185      2.068  246.99311  247.40328    -0.5335     3.9778 -9.990e-29
 142.588374      2.107    18.1794  35.552320    26.2163      2.088  246.99848  247.40865    -0.3623     3.9859 -9.990e-29
 142.588377      2.130    18.1720  35.546294    26.2141      2.111  247.03744  247.44735    -1.1405     3.9050 -9.990e-29
 142.588380      2.159    18.1690  35.543884    26.2137      2.140  247.05244  247.46224    -1.1639     3.9192 0.0000e+00
 142.588383      2.191    18.1660  35.538100    26.2132      2.171  247.06743  247.47713    -1.1405     3.9050 0.0000e+00
 142.588385      2.227    18.1609  35.534004    26.2132      2.207  247.09165  247.50116    -1.1405     3.9212 0.0000e+00
 142.588388      2.265    18.1568  35.536113    26.2174      2.245  247.10396  247.51330    -1.1405     3.9212 0.0000e+00
 142.588391      2.298    18.1549  35.533764    26.2176      2.278  247.11235  247.52163    -1.2261     3.9212 0.0000e+00
 142.588394      2.326    18.1531  35.530933    26.2178      2.305  247.12075  247.52996    -1.3117     3.9212 -9.990e-29
 142.588397      2.342    18.1482  35.531596    26.2192      2.321  247.14204  247.55105    -0.8915     4.6289 -9.990e-29
 142.588400      2.358    18.1471  35.530512    26.2190      2.337  247.14763  247.55660    -0.9381     4.6572 -9.990e-29
 142.588403      2.371    18.1453  35.530753    26.2204      2.350  247.15394  247.56284    -0.9848     4.6289 -9.990e-29
 142.588406      2.389    18.1427  35.527921    26.2188      2.368  247.16876  247.57758    -0.9693     4.1194 -9.990e-29
 142.588409      2.415    18.1416  35.526837    26.2176      2.394  247.17607  247.58486    -0.9770     4.1194 0.0000e+00
 142.588411      2.446    18.1405  35.522138    26.2188      2.424  247.18338  247.59213    -0.9693     4.1194 0.0000e+00
 142.588414      2.479    18.1373  35.524067    26.2197      2.457  247.19246  247.60107    -0.9070     4.0991 0.0000e+00
 142.588417      2.514    18.1352  35.522139    26.2200      2.491  247.20264  247.61113    -0.8759     3.8080 0.0000e+00
 142.588420      2.550    18.1343  35.524730    26.2200      2.527  247.20299  247.61153    -0.8759     3.7918 0.0000e+00
 142.588423      2.581    18.1336  35.520814    26.2212      2.558  247.20784  247.61631    -0.8837     3.7918 0.0000e+00
 142.588426      2.618    18.1329  35.521056    26.2200      2.594  247.21304  247.62150    -0.8915     3.7918 -9.990e-29
 142.588429      2.643    18.1300  35.520393    26.2215      2.620  247.22438  247.63272    -0.7047     3.9414 -9.990e-29
 142.588432      2.667    18.1294  35.519550    26.2212      2.643  247.22775  247.63607    -0.7358     3.9172 -9.990e-29
 142.588435      2.683    18.1293  35.523225    26.2243      2.659  247.22307  247.63137    -0.6424     3.9253 -9.990e-29
 142.588438      2.698    18.1298  35.523827    26.2244      2.674  247.22036  247.62868    -0.6113     3.9333 -9.990e-29
 142.588440      2.716    18.1305  35.520634    26.2214      2.692  247.22219  247.63055    -0.7047     3.9253 -9.990e-29
 142.588443      2.736    18.1314  35.523827    26.2234      2.712  247.21469  247.62308    -0.3467     3.8646 -9.990e-29
 142.588446      2.760    18.1329  35.522984    26.2225      2.735  247.20903  247.61748    -0.4868     3.8646 -9.990e-29
 142.588449      2.789    18.1330  35.523827    26.2223      2.764  247.20902  247.61746    -0.4479     3.8605 0.0000e+00
 142.588452      2.833    18.1331  35.523406    26.2225      2.807  247.20900  247.61745    -0.4245     3.8646 0.0000e+00
 142.588455      2.869    18.1334  35.525996    26.2220      2.843  247.20900  247.61745    -0.4090     4.2285 0.0000e+00
 142.588458      2.904    18.1334  35.522562    26.2211      2.878  247.20923  247.61770    -0.4245     4.2488 0.0000e+00
 142.588461      2.942    18.1326  35.519731    26.2211      2.916  247.21439  247.62279    -0.4401     4.2407 0.0000e+00
 142.588464      2.969    18.1322  35.522744    26.2208      2.943  247.21517  247.62360    -0.4790     4.2447 0.0000e+00
 142.588466      2.997    18.1319  35.521479    26.2222      2.970  247.21439  247.62279    -0.4401     4.2407 -9.990e-29
 142.588469      3.013    18.1307  35.522141    26.2224      2.986  247.21965  247.62801     0.1825     3.6139 -9.990e-29
 142.588472      3.024    18.1310  35.520394    26.2208      2.997  247.22108  247.62946    -0.0199     3.5815 -9.990e-29
 142.588475      3.040    18.1321  35.522744    26.2220      3.013  247.21379  247.62220     0.1047     3.5896 -9.990e-29
 142.588478      3.059    18.1354  35.524732    26.2185      3.031  247.20379  247.61235    -0.2533     3.9576 -9.990e-29
 142.588481      3.090    18.1356  35.521057    26.2199      3.062  247.20035  247.60891    -0.1911     3.9839 0.0000e+00
 142.588484      3.115    18.1359  35.524732    26.2186      3.087  247.20048  247.60906    -0.1288     4.0102 0.0000e+00
 142.588487      3.155    18.1359  35.521659    26.2197      3.127  247.20048  247.60906    -0.1132     4.0102 0.0000e+00
 142.588490      3.190    18.1354  35.522563    26.2197      3.162  247.20179  247.61034    -0.1132     4.0102 0.0000e+00
 142.588492      3.230    18.1342  35.522142    26.2201      3.201  247.20680  247.61531    -0.1288     4.7663 0.0000e+00
 142.588495      3.261    18.1336  35.521660    26.2203      3.232  247.20950  247.61798    -0.1522     4.7744 0.0000e+00
 142.588498      3.287    18.1329  35.519130    26.2205      3.258  247.21221  247.62066    -0.1288     4.7825 -9.990e-29
 142.588501      3.312    18.1288  35.519131    26.2211      3.283  247.23084  247.63914    -0.1444     4.7744 -9.990e-29
 142.588504      3.331    18.1270  35.519312    26.2224      3.301  247.23723  247.64546     0.5560     4.0344 -9.990e-29
 142.588507      3.356    18.1259  35.518227    26.2222      3.326  247.24282  247.65101     0.5405     4.0587 -9.990e-29
 142.588510      3.371    18.1250  35.514975    26.2201      3.341  247.25074  247.65890     0.4938     4.0466 -9.990e-29
 142.588513      3.391    18.1235  35.513710    26.2200      3.361  247.25784  247.66595     0.5560     4.0183 -9.990e-29
 142.588516      3.413    18.1220  35.515216    26.2208      3.382  247.26387  247.67193     0.5871     4.6248 -9.990e-29
 142.588519      3.444    18.1219  35.513469    26.2213      3.413  247.26345  247.67151     0.6182     4.6248 0.0000e+00
 142.588521      3.470    18.1218  35.514554    26.2218      3.439  247.26387  247.67193     0.5871     4.6248 0.0000e+00
 142.588524      3.504    18.1212  35.514795    26.2223      3.473  247.26494  247.67296     0.6494     4.6248 0.0000e+00
 142.588527      3.537    18.1208  35.515458    26.2223      3.505  247.26563  247.67363     0.8517     4.1194 0.0000e+00
 142.588530      3.570    18.1197  35.510880    26.2200      3.538  247.27567  247.68365     0.8517     4.1194 0.0000e+00
 142.588533      3.595    18.1176  35.508953    26.2198      3.563  247.28621  247.69410     0.8517     4.1194 0.0000e+00
 142.588536      3.623    18.1160  35.502508    26.2182      3.590  247.29661  247.70445     0.8051     4.0991 0.0000e+00
 142.588539      3.650    18.1144  35.501425    26.2166      3.618  247.30700  247.71480     0.8517     4.1194 -9.990e-29
 142.588542      3.674    18.1038  35.496908    26.2187      3.641  247.35351  247.76091     2.2836     4.5642 -9.990e-29
 142.588545      3.699    18.0990  35.497090    26.2219      3.666  247.37096  247.77816     2.4082     4.5601 -9.990e-29
 142.588547      3.718    18.0941  35.492814    26.2216      3.684  247.39511  247.80214     2.3926     4.5682 -9.990e-29
 142.588550      3.741    18.0899  35.494742    26.2258      3.708  247.40797  247.81482     2.2836     4.5439 -9.990e-29
 142.588553      3.767    18.0872  35.491912    26.2252      3.733  247.42163  247.82839     3.3887     5.1222 -9.990e-29
 142.588556      3.789    18.0828  35.488901    26.2279      3.755  247.43832  247.84490     3.3420     5.0898 -9.990e-29
 142.588559      3.818    18.0816  35.491732    26.2271      3.784  247.44558  247.85212     3.3031     5.0959 0.0000e+00
 142.588562      3.849    18.0803  35.487818    26.2263      3.814  247.45284  247.85933     3.3420     5.0898 0.0000e+00
 142.588565      3.878    18.0778  35.484386    26.2250      3.843  247.46669  247.87310     3.7467     4.8796 0.0000e+00
 142.588568      3.907    18.0751  35.480532    26.2248      3.872  247.48207  247.88839     3.8556     4.8553 0.0000e+00
 142.588571      3.938    18.0705  35.478365    26.2248      3.903  247.50210  247.90824     3.8245     4.8513 0.0000e+00
 142.588573      3.965    18.0651  35.477102    26.2269      3.930  247.52373  247.92967     3.8556     4.8513 0.0000e+00
 142.588576      3.995    18.0603  35.473008    26.2269      3.959  247.54702  247.95278     5.2097     5.0211 0.0000e+00
 142.588579      4.022    18.0581  35.469336    26.2268      3.986  247.55791  247.96358     5.2409     5.0352 0.0000e+00
 142.588582      4.051    18.0558  35.468012    26.2267      4.015  247.56879  247.97438     5.2097     5.0211 -9.990e-29
 142.588585      4.075    18.0460  35.464340    26.2289      4.038  247.61196  248.01718     5.2875     5.0413 -9.990e-29
 142.588588      4.099    18.0408  35.458320    26.2273      4.062  247.63946  248.04450     5.2253     5.0413 -9.990e-29
 142.588591      4.115    18.0369  35.462475    26.2331      4.078  247.64800  248.05286     4.0580     4.7785 -9.990e-29
 142.588594      4.141    18.0345  35.458743    26.2316      4.103  247.66196  248.06674     4.0891     4.8027 -9.990e-29
 142.588597      4.162    18.0327  35.465907    26.2387      4.125  247.65911  248.06379     4.0580     4.7744 -9.990e-29
 142.588600      4.184    18.0330  35.464161    26.2340      4.147  247.66528  248.07000     9.5210     5.1747 -9.990e-29
 142.588602      4.212    18.0327  35.460489    26.2337      4.174  247.66742  248.07212     9.5210     5.1788 0.0000e+00
 142.588605      4.239    18.0323  35.459225    26.2334      4.201  247.66955  248.07424     9.5210     5.1747 0.0000e+00
 142.588608      4.268    18.0296  35.452724    26.2333      4.230  247.68857  248.09317     9.5210     5.1747 0.0000e+00
 142.588611      4.297    18.0258  35.454049    26.2333      4.259  247.70066  248.10511     9.4743     5.1747 0.0000e+00
