seaocn-cb/data/ctd_cnv/SBE19plus_01907321_2024_05_28_Cast93.cnv
* Sea-Bird SBE19plus  Data File:
* FileName = E:\Prandtl_Daten\2024\28052024\raw\SBE19plus_01907321_2024_05_28_Cast93.hex
* Software version 2.6.1.12
* Temperature SN = 7321
* Conductivity SN = 7321
* System UpLoad Time = May 28 2024 12:01:24
* <ApplicationData>
* <Seaterm232>
** 20240527
** Sea Practical 2024
** MCat 27.05 CTD_SP7
** NMEA Latitude = 54 8.36N
** NMEA Longitude = 008 20.85E
** waterdepth = 14.0m
** Isabelle
# nquan = 11
# nvalues = 492                         
# units = specified
# name 0 = timeJ: Julian Days
# name 1 = prdM: Pressure, Strain Gauge [db]
# name 2 = tv290C: Temperature [ITS-90, deg C]
# name 3 = c0mS/cm: Conductivity [mS/cm]
# name 4 = sal00: Salinity, Practical [PSU]
# name 5 = depSM: Depth [salt water, m], lat = 54.00
# name 6 = oxsatMm/Kg: Oxygen Saturation, Weiss [umol/kg]
# name 7 = oxsolMm/Kg: Oxygen Saturation, Garcia & Gordon [umol/kg]
# name 8 = turbWETntu0: Turbidity, WET Labs ECO [NTU]
# name 9 = flECO-AFL: Fluorescence, WET Labs ECO-AFL/FL [mg/m^3]
# name 10 = flag:  0.000e+00
# span 0 = 149.497471, 149.498892       
# span 1 =      0.604,     13.278       
# span 2 =    15.0169,    16.7800       
# span 3 =  37.166234,  37.867699       
# span 4 =    28.5925,    30.4204       
# span 5 =      0.599,     13.159       
# span 6 =  249.74419,  255.42519       
# span 7 =  250.08513,  255.66939       
# span 8 =    -4.3311,    10.0502       
# span 9 =     1.7781,     7.8415       
# span 10 = 0.0000e+00, 0.0000e+00      
# interval = seconds: 0.25
# start_time = May 28 2024 11:54:51 [Instrument's time stamp, header]
# bad_flag = -9.990e-29
*END*
[from data line 263]
 149.498232      7.766    15.4375  37.505728    29.7790      7.697  254.39323  254.66380    -3.8642     4.0385 0.0000e+00
 149.498235      7.808    15.4361  37.505543    29.7799      7.738  254.39780  254.66820    -3.8642     4.0749 0.0000e+00
 149.498238      7.837    15.4357  37.507945    29.7812      7.767  254.39832  254.66875    -3.9031     4.0790 0.0000e+00
 149.498241      7.865    15.4354  37.506713    29.7825      7.794  254.39780  254.66820    -3.9420     4.0830 -9.990e-29
 149.498244      7.883    15.4344  37.505975    29.7815      7.812  254.40438  254.67475    -3.9109     3.9778 -9.990e-29
 149.498247      7.898    15.4341  37.505544    29.7814      7.827  254.40653  254.67688    -3.9109     3.9778 -9.990e-29
 149.498249      7.907    15.4332  37.503512    29.7802      7.836  254.41289  254.68321    -3.6930     4.0021 -9.990e-29
 149.498252      7.920    15.4323  37.504867    29.7821      7.849  254.41434  254.68460    -3.9265     3.9172 -9.990e-29
 149.498255      7.940    15.4316  37.503943    29.7819      7.869  254.41842  254.68865    -3.7708     4.2973 -9.990e-29
 149.498258      7.962    15.4312  37.504436    29.7818      7.890  254.42059  254.69079    -3.7864     4.3377 -9.990e-29
 149.498261      7.996    15.4312  37.503512    29.7825      7.925  254.41957  254.68975    -3.8175     4.3053 0.0000e+00
 149.498264      8.031    15.4311  37.505052    29.7826      7.959  254.41951  254.68970    -3.7864     4.2730 0.0000e+00
 149.498267      8.066    15.4311  37.504436    29.7832      7.993  254.41854  254.68872    -3.7086     4.0991 0.0000e+00
 149.498270      8.108    15.4309  37.505730    29.7839      8.035  254.41842  254.68859    -3.7086     4.0991 0.0000e+00
 149.498273      8.141    15.4309  37.506222    29.7842      8.068  254.41820  254.68837    -3.7320     4.1092 0.0000e+00
 149.498275      8.172    15.4308  37.503513    29.7844      8.098  254.41798  254.68814    -3.7553     4.1194 -9.990e-29
 149.498278      8.192    15.4298  37.504437    29.7835      8.118  254.42428  254.69441    -3.6152     3.9536 -9.990e-29
 149.498281      8.204    15.4298  37.505730    29.7847      8.131  254.42259  254.69271    -3.8020     3.9980 -9.990e-29
 149.498284      8.221    15.4294  37.504437    29.7838      8.147  254.42607  254.69616    -3.9109     3.9697 -9.990e-29
 149.498287      8.226    15.4283  37.504868    29.7851      8.153  254.42952  254.69956    -3.9109     4.0425 -9.990e-29
 149.498290      8.243    15.4271  37.502344    29.7837      8.169  254.43783  254.70781    -3.9420     4.0183 -9.990e-29
 149.498293      8.261    15.4258  37.505300    29.7873      8.187  254.43829  254.70818    -3.8798     3.9859 -9.990e-29
 149.498296      8.281    15.4229  37.505546    29.7920      8.207  254.44483  254.71454    -3.9109     3.9980 -9.990e-29
 149.498299      8.310    15.4217  37.508133    29.7948      8.236  254.44637  254.71600    -3.9265     3.9980 0.0000e+00
 149.498302      8.343    15.4204  37.512259    29.7975      8.268  254.44790  254.71745    -3.9109     3.9980 0.0000e+00
 149.498304      8.392    15.4163  37.515831    29.8038      8.317  254.45800  254.72730    -3.5062     3.9374 0.0000e+00
 149.498307      8.434    15.4095  37.519589    29.8122      8.359  254.47780  254.74669    -3.5062     3.9253 0.0000e+00
 149.498310      8.484    15.4038  37.521129    29.8178      8.408  254.49661  254.76518    -3.6774     3.9374 0.0000e+00
 149.498313      8.524    15.4014  37.527412    29.8225      8.447  254.50118  254.76959    -3.7085     3.9314 0.0000e+00
 149.498316      8.553    15.3989  37.531416    29.8271      8.476  254.50575  254.77400    -3.7397     3.9617 -9.990e-29
 149.498319      8.578    15.3886  37.535974    29.8425      8.501  254.53135  254.79897    -3.3350     4.2568 -9.990e-29
 149.498322      8.596    15.3850  37.536529    29.8457      8.519  254.54401  254.81143    -3.3973     4.2124 -9.990e-29
 149.498325      8.611    15.3815  37.543798    29.8548      8.534  254.54602  254.81319    -3.3973     4.2204 -9.990e-29
 149.498328      8.617    15.3750  37.555442    29.8700      8.539  254.55241  254.81914    -3.2105     4.7502 -9.990e-29
 149.498330      8.627    15.3655  37.559263    29.8806      8.550  254.58232  254.84850    -3.2728     4.6248 -9.990e-29
 149.498333      8.648    15.3473  37.564009    29.9017      8.570  254.63795  254.90305    -3.1638     4.6693 -9.990e-29
 149.498336      8.679    15.3450  37.567522    29.9038      8.601  254.64639  254.91135    -3.1950     4.6672 0.0000e+00
 149.498339      8.721    15.3426  37.568200    29.9059      8.642  254.65482  254.91965    -3.1638     4.6693 0.0000e+00
 149.498342      8.768    15.3398  37.569187    29.9088      8.689  254.66016  254.92455    -2.7592     5.1586 0.0000e+00
 149.498345      8.816    15.3379  37.580525    29.9152      8.737  254.66202  254.92655    -2.6580     5.1849 0.0000e+00
 149.498348      8.854    15.3361  37.584594    29.9216      8.775  254.66016  254.92455    -2.7592     5.1586 -9.990e-29
 149.498351      8.874    15.3235  37.595750    29.9447      8.795  254.68413  254.94771    -2.6191     5.1909 -9.990e-29
 149.498354      8.881    15.3147  37.593162    29.9491      8.802  254.72125  254.98435    -2.8525     4.8351 -9.990e-29
 149.498356      8.885    15.3077  37.598340    29.9590      8.805  254.73961  255.00228    -3.0082     4.8472 -9.990e-29
 149.498359      8.881    15.3027  37.611162    29.9742      8.802  254.73879  255.00109    -2.9771     4.8715 -9.990e-29
 149.498362      8.876    15.2952  37.616896    29.9850      8.796  254.75802  255.01986    -2.8214     4.9079 -9.990e-29
 149.498365      8.878    15.2857  37.624357    29.9989      8.798  254.78218  255.04343    -2.7747     4.6208 -9.990e-29
 149.498368      8.902    15.2688  37.623865    30.0196      8.822  254.83196  255.09220    -2.8837     4.7178 -9.990e-29
 149.498371      8.940    15.2660  37.633238    30.0268      8.860  254.83395  255.09400    -2.7125     4.7118 0.0000e+00
 149.498374      9.004    15.2632  37.644461    30.0339      8.923  254.83594  255.09579    -2.5413     4.7178 0.0000e+00
 149.498377      9.077    15.2542  37.657722    30.0525      8.995  254.84934  255.10858    -2.2144     4.7057 0.0000e+00
 149.498380      9.155    15.2421  37.674069    30.0762      9.073  254.86961  255.12805    -2.2144     4.6491 0.0000e+00
 149.498383      9.217    15.2351  37.692394    30.0898      9.135  254.88184  255.13982    -2.1288     4.6430 0.0000e+00
 149.498385      9.256    15.2280  37.699306    30.1033      9.173  254.89407  255.15159    -2.0432     4.6491 -9.990e-29
 149.498388      9.277    15.2006  37.702763    30.1335      9.194  254.98136  255.23724    -2.1677     4.7057 -9.990e-29
 149.498391      9.285    15.1917  37.713872    30.1502      9.202  254.99764  255.25294    -1.8097     5.2192 -9.990e-29
 149.498394      9.283    15.1836  37.716280    30.1586      9.200  255.02424  255.27906    -1.8253     5.2394 -9.990e-29
 149.498397      9.268    15.1769  37.722452    30.1692      9.185  255.03971  255.29411    -2.0121     5.2880 -9.990e-29
 149.498400      9.248    15.1705  37.727576    30.1787      9.165  255.05593  255.30992    -1.8876     5.2677 -9.990e-29
 149.498403      9.239    15.1656  37.730230    30.1848      9.156  255.07016  255.32386    -1.6074     4.9523 -9.990e-29
 149.498406      9.248    15.1554  37.737762    30.2015      9.165  255.09318  255.34623    -1.8253     4.9766 -9.990e-29
 149.498409      9.283    15.1527  37.740170    30.2077      9.200  255.09652  255.34938    -1.8098     4.9685 0.0000e+00
 149.498411      9.332    15.1499  37.749369    30.2140      9.248  255.09986  255.35252    -1.7942     4.9766 0.0000e+00
 149.498414      9.387    15.1427  37.746345    30.2167      9.303  255.13142  255.38370    -1.6852     5.3082 0.0000e+00
 149.498417      9.445    15.1383  37.755359    30.2281      9.360  255.13401  255.38596    -1.6230     5.3244 0.0000e+00
 149.498420      9.498    15.1337  37.756965    30.2331      9.413  255.14901  255.40069    -1.6230     5.3082 0.0000e+00
 149.498423      9.538    15.1305  37.764869    30.2392      9.453  255.15509  255.40656    -1.6541     5.3243 0.0000e+00
 149.498426      9.565    15.1272  37.767649    30.2452      9.480  255.16117  255.41242    -1.7164     5.3001 -9.990e-29
 149.498429      9.585    15.1162  37.773454    30.2613      9.500  255.18915  255.43971    -1.0160     5.5508 -9.990e-29
 149.498432      9.591    15.1134  37.773393    30.2634      9.505  255.20002  255.45042    -1.2027     5.5751 -9.990e-29
 149.498435      9.598    15.1110  37.776295    30.2679      9.512  255.20452  255.45476    -1.2027     5.6195 -9.990e-29
 149.498437      9.604    15.1090  37.776728    30.2697      9.518  255.21113  255.46125    -1.3428     5.5710 -9.990e-29
 149.498440      9.622    15.1068  37.780928    30.2744      9.536  255.21448  255.46445    -0.7358     5.5346 -9.990e-29
 149.498443      9.653    15.1064  37.780001    30.2754      9.567  255.21455  255.46449    -0.8837     5.5690 0.0000e+00
 149.498446      9.693    15.1060  37.781793    30.2765      9.606  255.21448  255.46445    -1.0004     5.5912 0.0000e+00
 149.498449      9.744    15.1039  37.787413    30.2831      9.657  255.21462  255.46453    -1.0004     5.5912 0.0000e+00
 149.498452      9.792    15.1012  37.788464    30.2856      9.704  255.22259  255.47218    -0.8759     5.3729 0.0000e+00
 149.498455      9.834    15.0993  37.786241    30.2862      9.746  255.22906  255.47848    -0.8759     5.3729 0.0000e+00
 149.498458      9.874    15.0985  37.790688    30.2902      9.785  255.22941  255.47868    -1.0160     5.3850 0.0000e+00
 149.498461      9.907    15.0975  37.795321    30.2931      9.818  255.22924  255.47858    -1.0316     5.3910 0.0000e+00
 149.498464      9.938    15.0965  37.796495    30.2959      9.849  255.22941  255.47868    -1.0160     5.3850 -9.990e-29
 149.498466      9.958    15.0897  37.796248    30.3019      9.869  255.25360  255.50246    -0.6580     5.7085 -9.990e-29
 149.498469      9.971    15.0884  37.796928    30.3035      9.881  255.25749  255.50627    -0.7669     5.6883 -9.990e-29
 149.498472      9.980    15.0871  37.801746    30.3089      9.890  255.25490  255.50358    -0.7358     5.6681 -9.990e-29
 149.498475      9.998    15.0847  37.799955    30.3091      9.909  255.26673  255.51529    -0.7047     5.9228 -9.990e-29
 149.498478     10.022    15.0811  37.801994    30.3149      9.932  255.27522  255.52354    -0.7514     5.8743 -9.990e-29
 149.498481     10.058    15.0809  37.803291    30.3161      9.968  255.27436  255.52267    -0.6969     5.8824 0.0000e+00
 149.498484     10.093    15.0809  37.805515    30.3161     10.003  255.27436  255.52267    -0.6969     5.8824 0.0000e+00
 149.498487     10.128    15.0806  37.806010    30.3172     10.037  255.27351  255.52179    -0.6424     5.8905 -9.990e-29
 149.498490     10.151    15.0788  37.807863    30.3207     10.061  255.27685  255.52501    -0.2845     5.0898 -9.990e-29
 149.498492     10.166    15.0771  37.809284    30.3233     10.075  255.28104  255.52908    -0.1132     5.1424 -9.990e-29
 149.498495     10.172    15.0754  37.811817    30.3268     10.081  255.28348  255.53140    -0.1911     5.1424 -9.990e-29
 149.498498     10.170    15.0733  37.813547    30.3300     10.079  255.28862  255.53641    -0.2845     5.1505 -9.990e-29
 149.498501     10.168    15.0707  37.815525    30.3338     10.077  255.29541  255.54304     0.3537     5.8662 -9.990e-29
 149.498504     10.168    15.0689  37.814845    30.3346     10.077  255.30316  255.55069     0.3537     5.8177 -9.990e-29
 149.498507     10.181    15.0701  37.817069    30.3373     10.090  255.29196  255.53953     0.2603     5.8015 -9.990e-29
 149.498510     10.210    15.0694  37.819046    30.3387     10.119  255.29334  255.54086     0.1825     6.0179 0.0000e+00
 149.498513     10.270    15.0687  37.820838    30.3401     10.179  255.29471  255.54219     0.1669     6.2342 0.0000e+00
 149.498516     10.349    15.0655  37.825782    30.3469     10.256  255.29894  255.54620     0.1047     6.2544 0.0000e+00
 149.498519     10.440    15.0615  37.830170    30.3539     10.347  255.30725  255.55424     0.1669     6.2625 0.0000e+00
 149.498521     10.526    15.0569  37.830603    30.3578     10.432  255.32406  255.57078     0.2759     6.2544 0.0000e+00
 149.498524     10.595    15.0549  37.829245    30.3587     10.500  255.33256  255.57916     0.6650     5.9370 0.0000e+00
 149.498527     10.641    15.0529  37.831531    30.3596     10.546  255.34105  255.58755     1.0541     5.6115 -9.990e-29
 149.498530     10.655    15.0482  37.833447    30.3670     10.560  255.35223  255.59843     0.8517     5.5993 -9.990e-29
 149.498533     10.650    15.0465  37.833076    30.3680     10.555  255.35920  255.60530     0.9140     5.6155 -9.990e-29
 149.498536     10.619    15.0457  37.834374    30.3698     10.524  255.36034  255.60639     0.8206     5.5912 -9.990e-29
 149.498539     10.579    15.0454  37.835733    30.3712     10.484  255.35906  255.60508     0.3537     5.5306 -9.990e-29
 149.498542     10.537    15.0446  37.837031    30.3731     10.442  255.36020  255.60616     0.5716     5.4740 -9.990e-29
 149.498545     10.506    15.0438  37.836722    30.3734     10.412  255.36357  255.60949     0.5560     5.5468 -9.990e-29
 149.498547     10.495    15.0425  37.836846    30.3745     10.401  255.36831  255.61415     0.6961     5.5265 -9.990e-29
 149.498550     10.515    15.0418  37.838329    30.3764     10.421  255.36861  255.61440     0.9607     5.7894 -9.990e-29
 149.498553     10.570    15.0406  37.837959    30.3790     10.475  255.37043  255.61614     0.8673     5.8217 -9.990e-29
 149.498556     10.646    15.0405  37.840184    30.3784     10.551  255.37211  255.61781     0.9217     5.8076 0.0000e+00
 149.498559     10.730    15.0404  37.838639    30.3790     10.634  255.37378  255.61948     0.8673     5.7934 0.0000e+00
 149.498562     10.832    15.0398  37.839690    30.3777     10.735  255.37423  255.61989     0.8050     5.2273 0.0000e+00
 149.498565     10.911    15.0389  37.836910    30.3788     10.813  255.38212  255.62775     0.8050     5.1667 0.0000e+00
 149.498568     10.984    15.0384  37.837713    30.3781     10.885  255.38355  255.62914     0.8906     5.1586 0.0000e+00
 149.498571     11.031    15.0378  37.840865    30.3788     10.932  255.38497  255.63054     0.9762     5.1505 -9.990e-29
 149.498573     11.051    15.0365  37.844635    30.3860     10.952  255.37910  255.62454     0.9607     5.3850 -9.990e-29
 149.498576     11.055    15.0357  37.845253    30.3872     10.956  255.38133  255.62672     0.9296     5.3001 -9.990e-29
 149.498579     11.040    15.0353  37.843461    30.3858     10.941  255.38529  255.63067     0.8362     5.3567 -9.990e-29
 149.498582     11.009    15.0353  37.846180    30.3883     10.911  255.38101  255.62637     0.7895     5.3001 -9.990e-29
 149.498585     10.980    15.0355  37.843646    30.3859     10.882  255.38438  255.62977     0.8829     5.3244 -9.990e-29
 149.498588     10.958    15.0347  37.844635    30.3874     10.860  255.38572  255.63106     1.7700     5.6883 -9.990e-29
 149.498591     10.949    15.0340  37.847416    30.3905     10.851  255.38426  255.62953     1.7700     5.6438 -9.990e-29
 149.498594     10.960    15.0343  37.845747    30.3900     10.862  255.38303  255.62832     1.6299     5.6438 -9.990e-29
 149.498597     10.987    15.0340  37.847292    30.3892     10.889  255.38615  255.63143     1.5366     5.6519 0.0000e+00
 149.498600     11.042    15.0337  37.844821    30.3900     10.943  255.38891  255.63415     1.4432     5.6438 0.0000e+00
 149.498602     11.108    15.0332  37.846366    30.3901     11.008  255.38926  255.63454     1.3498     5.6317 0.0000e+00
 149.498605     11.185    15.0326  37.846490    30.3906     11.084  255.39080  255.63600     1.3498     5.6276 0.0000e+00
