seaocn-cb/data/ctd_cnv/SBE19plus_01907321_2024_05_23_Cast21.cnv
* Sea-Bird SBE19plus  Data File:
* FileName = E:\Prandtl_Daten\2024\CTD\raw\SBE19plus_01907321_2024_05_23_Cast21.hex
* Software version 2.6.1.12
* Temperature SN = 7321
* Conductivity SN = 7321
* System UpLoad Time = May 23 2024 07:36:37
* <ApplicationData>
* <Seaterm232>
** 20240522
** Sea Practical 2024
** MCat 23.05 CTD_NP1
** NMEA Latitude = 054 10.26N
** NMEA Longitude = 008 39.54E
** waterdepth = 13.5m
** Andreas
# nquan = 11
# nvalues = 391                         
# units = specified
# name 0 = timeJ: Julian Days
# name 1 = prdM: Pressure, Strain Gauge [db]
# name 2 = tv290C: Temperature [ITS-90, deg C]
# name 3 = c0mS/cm: Conductivity [mS/cm]
# name 4 = sal00: Salinity, Practical [PSU]
# name 5 = depSM: Depth [salt water, m], lat = 54.00
# name 6 = oxsatMm/Kg: Oxygen Saturation, Weiss [umol/kg]
# name 7 = oxsolMm/Kg: Oxygen Saturation, Garcia & Gordon [umol/kg]
# name 8 = turbWETntu0: Turbidity, WET Labs ECO [NTU]
# name 9 = flECO-AFL: Fluorescence, WET Labs ECO-AFL/FL [mg/m^3]
# name 10 = flag:  0.000e+00
# span 0 = 144.311612, 144.312740       
# span 1 =      0.717,     12.166       
# span 2 =    16.8585,    16.9149       
# span 3 =  34.933070,  35.270074       
# span 4 =    26.5269,    26.8369       
# span 5 =      0.710,     12.057       
# span 6 =  252.23286,  252.67011       
# span 7 =  252.58953,  253.02869       
# span 8 =    -3.1016,    14.3615       
# span 9 =     4.2932,    10.7186       
# span 10 = 0.0000e+00, 0.0000e+00      
# interval = seconds: 0.25
# start_time = May 23 2024 07:27:35 [Instrument's time stamp, header]
# bad_flag = -9.990e-29
*END*
 144.311612      0.717    16.9074  34.933669    26.5274      0.710  252.64016  252.99926    -2.6191     4.3256 -9.990e-29
 144.311615      0.728    16.9074  34.936661    26.5269      0.721  252.64105  253.00015    -2.7436     4.2932 -9.990e-29
 144.311617      0.766    16.9074  34.933070    26.5280      0.759  252.63970  252.99879    -2.8914     4.4853 0.0000e+00
 144.311620      0.817    16.9073  34.935404    26.5273      0.810  252.64105  253.00015    -2.8059     4.6572 0.0000e+00
 144.311623      0.870    16.9068  34.933071    26.5274      0.862  252.64362  253.00269    -2.9304     4.6774 0.0000e+00
 144.311626      0.921    16.9066  34.933071    26.5274      0.913  252.64362  253.00269    -2.8525     4.6936 0.0000e+00
 144.311629      0.963    16.9066  34.934507    26.5287      0.955  252.64253  253.00159    -2.8525     4.7016 0.0000e+00
 144.311632      0.992    16.9066  34.934986    26.5288      0.983  252.64188  253.00094    -2.5801     5.1222 0.0000e+00
 144.311635      1.022    16.9067  34.936422    26.5289      1.012  252.64123  253.00029    -2.3078     5.5508 -9.990e-29
 144.311638      1.038    16.9083  34.938577    26.5309      1.029  252.62979  252.98890    -2.2611     5.5832 -9.990e-29
 144.311641      1.060    16.9089  34.935585    26.5280      1.050  252.63192  252.99107    -2.1833     5.5670 -9.990e-29
 144.311644      1.080    16.9095  34.937260    26.5290      1.070  252.62731  252.98648    -2.6502     4.7219 -9.990e-29
 144.311646      1.102    16.9101  34.939594    26.5293      1.092  252.62353  252.98272    -2.8525     4.6976 -9.990e-29
 144.311649      1.129    16.9103  34.938158    26.5285      1.119  252.62399  252.98319    -2.6736     4.6996 0.0000e+00
 144.311652      1.155    16.9101  34.936662    26.5280      1.145  252.62444  252.98366    -2.7125     4.6976 0.0000e+00
 144.311655      1.182    16.9102  34.936662    26.5280      1.172  252.62455  252.98375    -2.7125     4.7016 0.0000e+00
 144.311658      1.212    16.9101  34.937261    26.5284      1.201  252.62514  252.98434    -3.0860     5.1060 0.0000e+00
 144.311661      1.246    16.9102  34.937081    26.5284      1.235  252.62455  252.98375    -3.0860     5.1303 0.0000e+00
 144.311664      1.283    16.9104  34.936662    26.5284      1.271  252.62450  252.98372    -3.0860     5.1303 0.0000e+00
 144.311667      1.318    16.9105  34.938996    26.5294      1.306  252.62177  252.98098    -3.0393     5.1303 0.0000e+00
 144.311670      1.345    16.9105  34.938578    26.5298      1.333  252.62147  252.98067    -3.0393     5.5670 0.0000e+00
 144.311672      1.370    16.9105  34.943066    26.5294      1.358  252.62177  252.98098    -3.0082     5.5832 0.0000e+00
 144.311675      1.403    16.9100  34.935825    26.5296      1.391  252.62766  252.98686    -3.0393     5.5832 0.0000e+00
 144.311678      1.432    16.9083  34.937262    26.5296      1.419  252.63189  252.99101    -3.0082     5.5832 0.0000e+00
 144.311681      1.467    16.9068  34.941092    26.5319      1.454  252.63235  252.99138    -2.4790     5.5548 0.0000e+00
 144.311684      1.498    16.9064  34.938160    26.5329      1.485  252.63589  252.99491    -2.4401     5.5770 0.0000e+00
 144.311687      1.529    16.9060  34.936245    26.5319      1.515  252.63942  252.99844    -2.4790     5.5548 -9.990e-29
 144.311690      1.553    16.9061  34.940015    26.5339      1.539  252.63561  252.99462    -2.5413     6.1088 -9.990e-29
 144.311693      1.587    16.9061  34.940614    26.5319      1.573  252.63879  252.99781    -2.6580     6.0987 0.0000e+00
 144.311696      1.620    16.9061  34.936006    26.5321      1.606  252.63858  252.99760    -2.6191     6.1088 0.0000e+00
 144.311698      1.653    16.9061  34.938579    26.5310      1.638  252.64027  252.99930    -2.6969     6.1108 0.0000e+00
 144.311701      1.682    16.9061  34.937502    26.5321      1.667  252.63858  252.99760    -2.6191     6.1331 -9.990e-29
 144.311704      1.704    16.9056  34.939178    26.5330      1.689  252.63963  252.99862    -2.6969     6.0441 -9.990e-29
 144.311707      1.720    16.9056  34.936664    26.5308      1.705  252.64327  253.00227    -3.1016     5.6317 -9.990e-29
 144.311710      1.746    16.9062  34.937083    26.5308      1.730  252.64047  252.99950    -2.9148     5.6195 -9.990e-29
 144.311713      1.770    16.9076  34.937323    26.5329      1.754  252.62998  252.98905    -2.7125     5.6438 -9.990e-29
 144.311716      1.803    16.9081  34.940674    26.5327      1.787  252.62748  252.98658    -2.7981     5.6277 0.0000e+00
 144.311719      1.832    16.9087  34.941093    26.5329      1.816  252.62499  252.98411    -2.8837     5.6357 0.0000e+00
 144.311722      1.870    16.9096  34.943427    26.5325      1.853  252.62182  252.98102    -2.9148     5.6357 0.0000e+00
 144.311725      1.909    16.9103  34.939178    26.5314      1.891  252.61819  252.97734    -2.9304     5.6357 0.0000e+00
 144.311727      1.943    16.9111  34.941751    26.5299      1.926  252.61499  252.97421    -2.9304     5.6357 0.0000e+00
 144.311730      1.974    16.9119  34.940614    26.5300      1.956  252.61350  252.97277    -2.9771     5.8945 0.0000e+00
 144.311733      2.016    16.9124  34.941093    26.5300      1.998  252.61126  252.97054    -3.1016     5.8945 0.0000e+00
 144.311736      2.056    16.9127  34.944086    26.5300      2.038  252.60909  252.96840    -3.1016     5.8783 0.0000e+00
 144.311739      2.084    16.9128  34.941093    26.5309      2.065  252.60740  252.96670    -3.0860     5.8682 0.0000e+00
 144.311742      2.111    16.9129  34.943188    26.5296      2.092  252.60909  252.96840    -2.9304     5.8581 -9.990e-29
 144.311745      2.127    16.9136  34.941093    26.5292      2.108  252.60660  252.96594    -2.2144     6.0037 -9.990e-29
 144.311748      2.149    16.9138  34.942350    26.5301      2.130  252.60386  252.96320    -2.1988     6.0320 -9.990e-29
 144.311751      2.167    16.9139  34.941752    26.5295      2.148  252.60442  252.96377    -2.2455     6.0320 -9.990e-29
 144.311753      2.187    16.9147  34.939418    26.5308      2.168  252.59859  252.95797    -2.8681     6.2463 -9.990e-29
 144.311756      2.220    16.9149  34.943847    26.5294      2.200  252.60026  252.95966    -2.8603     6.2321 0.0000e+00
 144.311759      2.257    16.9147  34.940675    26.5279      2.237  252.60193  252.96134    -2.8681     6.2382 0.0000e+00
 144.311762      2.293    16.9144  34.939837    26.5279      2.273  252.60455  252.96390    -2.8837     6.2180 0.0000e+00
 144.311765      2.330    16.9138  34.941932    26.5276      2.309  252.60536  252.96474    -2.8837     6.1816 0.0000e+00
 144.311768      2.366    16.9129  34.937504    26.5294      2.345  252.61360  252.97288    -2.6969     5.8986 0.0000e+00
 144.311771      2.394    16.9125  34.940257    26.5280      2.372  252.61417  252.97347    -2.6580     5.8865 0.0000e+00
 144.311774      2.430    16.9121  34.937265    26.5294      2.409  252.61360  252.97288    -2.6969     5.8986 -9.990e-29
 144.311777      2.454    16.9104  34.941334    26.5314      2.432  252.61868  252.97787    -2.8370     5.8662 -9.990e-29
 144.311780      2.485    16.9101  34.939180    26.5298      2.463  252.62306  252.98225    -2.7747     5.9309 -9.990e-29
 144.311782      2.509    16.9101  34.937923    26.5287      2.486  252.62488  252.98408    -2.5724     5.9754 -9.990e-29
 144.311785      2.532    16.9097  34.941095    26.5303      2.510  252.62383  252.98301    -2.7125     5.9107 -9.990e-29
 144.311788      2.559    16.9096  34.939539    26.5298      2.537  252.62499  252.98417    -2.7203     5.7207 0.0000e+00
 144.311791      2.585    16.9096  34.938163    26.5294      2.562  252.62615  252.98533    -2.7125     5.5306 0.0000e+00
 144.311794      2.613    16.9096  34.938343    26.5294      2.589  252.62615  252.98533    -2.6191     5.4942 0.0000e+00
 144.311797      2.647    16.9092  34.940258    26.5303      2.624  252.62622  252.98539    -2.6191     5.4942 0.0000e+00
 144.311800      2.680    16.9089  34.939001    26.5303      2.656  252.62782  252.98696    -2.5724     5.5144 0.0000e+00
 144.311803      2.719    16.9087  34.938163    26.5297      2.694  252.62967  252.98881    -2.5724     5.5427 0.0000e+00
 144.311806      2.755    16.9082  34.937086    26.5297      2.730  252.63344  252.99256    -3.0393     5.7409 0.0000e+00
 144.311808      2.788    16.9075  34.937924    26.5300      2.763  252.63477  252.99385    -3.0393     5.7409 0.0000e+00
 144.311811      2.815    16.9074  34.937266    26.5301      2.790  252.63588  252.99496    -3.0082     5.7631 0.0000e+00
 144.311814      2.850    16.9072  34.937925    26.5300      2.825  252.63699  252.99606    -2.9771     5.7853 -9.990e-29
 144.311817      2.874    16.9064  34.940678    26.5334      2.848  252.63524  252.99425    -2.8681     6.4849 -9.990e-29
 144.311820      2.899    16.9061  34.943012    26.5355      2.873  252.63282  252.99182    -2.8525     6.4970 -9.990e-29
 144.311823      2.921    16.9063  34.940678    26.5334      2.895  252.63557  252.99459    -2.7280     6.5091 -9.990e-29
 144.311826      2.943    16.9064  34.939062    26.5320      2.917  252.63760  252.99663    -2.8059     6.4768 -9.990e-29
 144.311829      2.967    16.9058  34.936848    26.5314      2.940  252.64147  253.00047    -1.9965     5.8703 -9.990e-29
 144.311832      2.993    16.9057  34.937925    26.5326      2.966  252.64029  252.99928    -1.9887     5.8743 0.0000e+00
 144.311834      3.025    16.9055  34.940439    26.5325      2.998  252.64147  253.00047    -1.9965     5.8703 0.0000e+00
 144.311837      3.062    16.9049  34.938584    26.5332      3.034  252.64401  253.00297    -2.1055     5.8662 0.0000e+00
 144.311840      3.100    16.9046  34.939183    26.5332      3.072  252.64401  253.00297    -2.2455     5.6438 0.0000e+00
 144.311843      3.138    16.9042  34.940859    26.5332      3.110  252.64442  253.00337    -2.3545     5.6276 0.0000e+00
 144.311846      3.175    16.9039  34.936250    26.5339      3.146  252.64825  253.00715    -2.4790     5.6155 0.0000e+00
 144.311849      3.206    16.9036  34.939183    26.5339      3.177  252.64825  253.00715    -2.4790     5.6195 0.0000e+00
 144.311852      3.242    16.9034  34.940021    26.5343      3.213  252.64812  253.00702    -2.4089     5.6175 0.0000e+00
 144.311855      3.268    16.9033  34.943014    26.5347      3.239  252.64800  253.00688    -2.3389     5.6195 -9.990e-29
 144.311858      3.290    16.9024  34.938166    26.5337      3.260  252.65416  253.01301    -1.9343     6.6224 -9.990e-29
 144.311861      3.312    16.9027  34.941518    26.5364      3.282  252.64839  253.00723    -1.9654     6.6588 -9.990e-29
 144.311863      3.332    16.9032  34.939064    26.5339      3.302  252.64974  253.00862    -1.9654     6.6749 -9.990e-29
 144.311866      3.352    16.9041  34.943433    26.5370      3.322  252.63999  252.99889    -2.1833     6.2544 -9.990e-29
 144.311869      3.376    16.9056  34.942176    26.5346      3.345  252.63678  252.99576    -2.2144     6.1897 -9.990e-29
 144.311872      3.410    16.9061  34.941757    26.5361      3.380  252.63171  252.99070    -2.1989     6.1978 0.0000e+00
 144.311875      3.445    16.9066  34.946186    26.5346      3.414  252.63304  252.99210    -2.2144     6.1897 0.0000e+00
 144.311878      3.483    16.9073  34.940021    26.5356      3.452  252.62664  252.98564    -2.5413     6.1048 0.0000e+00
 144.311881      3.516    16.9075  34.944510    26.5356      3.484  252.62564  252.98469    -2.7903     6.0886 0.0000e+00
 144.311884      3.554    16.9080  34.944869    26.5356      3.523  252.62382  252.98290    -2.7903     6.1007 0.0000e+00
 144.311887      3.587    16.9080  34.944271    26.5350      3.555  252.62382  252.98290    -2.6969     6.1007 0.0000e+00
 144.311889      3.622    16.9075  34.942176    26.5342      3.589  252.62906  252.98812    -2.4167     6.3110 0.0000e+00
 144.311892      3.653    16.9072  34.942356    26.5339      3.620  252.63020  252.98924    -2.3623     6.3232 0.0000e+00
 144.311895      3.682    16.9069  34.943194    26.5342      3.649  252.63133  252.99036    -2.3078     6.3110 -9.990e-29
 144.311898      3.704    16.9051  34.939604    26.5331      3.671  252.64224  253.00120    -2.5101     6.3272 -9.990e-29
 144.311901      3.722    16.9041  34.943733    26.5371      3.689  252.63974  252.99865    -2.4012     6.3474 -9.990e-29
 144.311904      3.740    16.9032  34.945948    26.5396      3.707  252.64001  252.99887    -1.9809     6.0320 -9.990e-29
 144.311907      3.760    16.9023  34.946367    26.5405      3.727  252.64288  253.00168    -1.9498     5.9956 -9.990e-29
 144.311910      3.781    16.9001  34.941759    26.5418      3.747  252.65164  253.01035    -1.8409     5.9956 -9.990e-29
 144.311913      3.810    16.8997  34.946188    26.5403      3.776  252.65657  253.01527    -2.0121     6.0320 0.0000e+00
 144.311916      3.846    16.8992  34.941759    26.5418      3.812  252.65825  253.01689    -2.1833     6.0239 0.0000e+00
 144.311918      3.883    16.8986  34.945769    26.5425      3.848  252.66148  253.02009    -2.1833     6.0441 0.0000e+00
 144.311921      3.925    16.8979  34.945291    26.5425      3.890  252.66117  253.01976    -2.3078     6.0320 0.0000e+00
 144.311924      3.967    16.8975  34.946608    26.5439      3.931  252.66148  253.02009    -2.3078     6.0441 0.0000e+00
 144.311927      4.001    16.8974  34.947027    26.5442      3.966  252.66135  253.01993    -2.3312     6.3070 0.0000e+00
 144.311930      4.039    16.8973  34.944274    26.5444      4.003  252.66153  253.02010    -2.3078     6.5819 -9.990e-29
 144.311933      4.063    16.8968  34.946848    26.5445      4.027  252.66370  253.02225    -2.0899     6.5455 -9.990e-29
 144.311936      4.089    16.8968  34.945112    26.5431      4.052  252.66622  253.02478    -2.3078     6.5496 -9.990e-29
 144.311939      4.103    16.8968  34.942419    26.5408      4.067  252.67011  253.02869    -2.5880     6.3878 -9.990e-29
 144.311942      4.124    16.8968  34.948524    26.5459      4.087  252.66100  253.01955    -2.5880     6.0846 -9.990e-29
 144.311944      4.140    16.8969  34.943855    26.5433      4.103  252.66502  253.02359    -2.7903     6.0482 -9.990e-29
 144.311947      4.166    16.8968  34.945531    26.5442      4.128  252.66412  253.02268    -2.7047     6.0360 0.0000e+00
 144.311950      4.195    16.8967  34.947446    26.5445      4.157  252.66502  253.02359    -2.7592     6.0482 0.0000e+00
 144.311953      4.231    16.8964  34.946609    26.5450      4.193  252.66322  253.02177    -2.6191     7.1642 0.0000e+00
 144.311956      4.270    16.8959  34.951876    26.5492      4.231  252.65969  253.01818    -2.5724     7.1683 0.0000e+00
 144.311959      4.312    16.8956  34.956366    26.5532      4.273  252.65449  253.01294    -2.5413     7.1723 0.0000e+00
 144.311962      4.354    16.8947  34.962232    26.5587      4.315  252.64987  253.00820    -2.5724     7.1723 0.0000e+00
 144.311965      4.383    16.8936  34.964806    26.5607      4.344  252.64987  253.00820    -2.7436     6.2746 0.0000e+00
 144.311968      4.419    16.8929  34.963131    26.5616      4.380  252.65277  253.01103    -2.7436     6.2665 0.0000e+00
 144.311970      4.450    16.8926  34.966303    26.5622      4.411  252.65396  253.01224    -2.7280     6.2706 0.0000e+00
 144.311973      4.480    16.8923  34.963550    26.5637      4.440  252.65277  253.01103    -2.6813     6.2665 -9.990e-29
 144.311976      4.498    16.8921  34.975164    26.5713      4.458  252.64095  252.99915    -2.4790     6.2180 -9.990e-29
 144.311979      4.516    16.8918  34.977320    26.5733      4.476  252.63878  252.99696    -2.3389     6.2261 -9.990e-29
 144.311982      4.538    16.8916  34.973488    26.5702      4.498  252.64527  253.00346    -2.2611     6.2382 -9.990e-29
 144.311985      4.560    16.8913  34.981571    26.5829      4.519  252.62511  252.98321    -1.2027     6.2382 -9.990e-29
 144.311988      4.593    16.8913  34.988337    26.5851      4.552  252.62132  252.97940    -1.2027     6.4768 0.0000e+00
