seaocn-cb/data/ctd_cnv/SBE19plus_01907321_2024_05_29_Cast107.cnv
* Sea-Bird SBE19plus  Data File:
* FileName = E:\Prandtl_Daten\2024\29052024\raw\SBE19plus_01907321_2024_05_29_Cast107.hex
* Software version 2.6.1.12
* Temperature SN = 7321
* Conductivity SN = 7321
* System UpLoad Time = May 29 2024 11:47:37
* <ApplicationData>
* <Seaterm232>
** 20240527
** Sea Practical 2024
** MCat 27.05 CTD_Z5
** NMEA Latitude = 54 3.55N
** NMEA Longitude = 008 21.76E
** waterdepth = 15.2m
** Isabelle
# nquan = 11
# nvalues = 511                         
# units = specified
# name 0 = timeJ: Julian Days
# name 1 = prdM: Pressure, Strain Gauge [db]
# name 2 = tv290C: Temperature [ITS-90, deg C]
# name 3 = c0mS/cm: Conductivity [mS/cm]
# name 4 = sal00: Salinity, Practical [PSU]
# name 5 = depSM: Depth [salt water, m], lat = 54.00
# name 6 = oxsatMm/Kg: Oxygen Saturation, Weiss [umol/kg]
# name 7 = oxsolMm/Kg: Oxygen Saturation, Garcia & Gordon [umol/kg]
# name 8 = turbWETntu0: Turbidity, WET Labs ECO [NTU]
# name 9 = flECO-AFL: Fluorescence, WET Labs ECO-AFL/FL [mg/m^3]
# name 10 = flag:  0.000e+00
# span 0 = 150.486956, 150.488432       
# span 1 =      0.619,     14.189       
# span 2 =    14.8721,    15.3730       
# span 3 =  37.903656,  38.454628       
# span 4 =    30.1823,    31.0595       
# span 5 =      0.614,     14.062       
# span 6 =  253.98370,  255.04276       
# span 7 =  254.24691,  255.27406       
# span 8 =    -4.2066,    36.2759       
# span 9 =     6.5375,     9.3720       
# span 10 = 0.0000e+00, 0.0000e+00      
# interval = seconds: 0.25
# start_time = May 29 2024 11:39:56 [Instrument's time stamp, header]
# bad_flag = -9.990e-29
*END*
[from data line 394]
 150.488096     11.340    14.8877  38.440436    31.0365     11.239  255.00071  255.23300     8.5249     7.4998 -9.990e-29
 150.488099     11.348    14.8873  38.440872    31.0361     11.246  255.00363  255.23590     8.4315     7.5403 -9.990e-29
 150.488102     11.382    14.8872  38.439690    31.0363     11.280  255.00368  255.23595     8.8517     7.3866 0.0000e+00
 150.488105     11.432    14.8871  38.440001    31.0361     11.329  255.00374  255.23600     9.2720     7.2613 0.0000e+00
 150.488108     11.494    14.8871  38.438882    31.0365     11.391  255.00374  255.23600     9.2720     7.2330 0.0000e+00
 150.488111     11.562    14.8871  38.440188    31.0366     11.458  255.00353  255.23578     9.2720     7.2370 0.0000e+00
 150.488113     11.618    14.8871  38.440437    31.0368     11.514  255.00348  255.23573     9.3031     7.2370 0.0000e+00
 150.488116     11.655    14.8871  38.440438    31.0369     11.551  255.00333  255.23558     9.3186     7.2431 0.0000e+00
 150.488119     11.688    14.8870  38.441371    31.0369     11.583  255.00348  255.23573     9.3342     7.2491 -9.990e-29
 150.488122     11.703    14.8870  38.439940    31.0365     11.598  255.00458  255.23683     9.4899     7.9487 -9.990e-29
 150.488125     11.708    14.8870  38.441122    31.0375     11.603  255.00244  255.23468     9.4432     7.8961 -9.990e-29
 150.488128     11.711    14.8869  38.441557    31.0380     11.606  255.00233  255.23456     9.5054     7.9082 -9.990e-29
 150.488131     11.719    14.8862  38.442490    31.0394     11.614  255.00344  255.23562     9.0074     7.7748 -9.990e-29
 150.488134     11.737    14.8842  38.443237    31.0428     11.632  255.00768  255.23972     8.9762     7.7950 -9.990e-29
 150.488137     11.765    14.8836  38.444543    31.0435     11.659  255.00921  255.24122     9.0463     7.7789 0.0000e+00
 150.488139     11.814    14.8831  38.445165    31.0442     11.708  255.01074  255.24272     8.9762     7.7627 0.0000e+00
 150.488142     11.867    14.8823  38.445166    31.0448     11.761  255.01392  255.24585     7.8245     7.5039 0.0000e+00
 150.488145     11.927    14.8816  38.446099    31.0462     11.820  255.01506  255.24694     7.7622     7.4998 0.0000e+00
 150.488148     11.984    14.8808  38.446783    31.0474     11.876  255.01717  255.24900     7.8245     7.5039 0.0000e+00
 150.488151     12.033    14.8804  38.446100    31.0474     11.925  255.01916  255.25097     7.8167     7.5120 0.0000e+00
 150.488154     12.062    14.8800  38.448712    31.0474     11.954  255.02114  255.25293     7.8712     7.5322 -9.990e-29
 150.488157     12.084    14.8787  38.449023    31.0511     11.975  255.02143  255.25312     8.7584     7.0469 -9.990e-29
 150.488160     12.093    14.8782  38.448339    31.0508     11.984  255.02423  255.25590     8.8362     7.0833 -9.990e-29
 150.488163     12.092    14.8780  38.449645    31.0522     11.984  255.02303  255.25467     8.7739     7.0469 -9.990e-29
 150.488166     12.087    14.8778  38.447655    31.0505     11.979  255.02674  255.25839     8.7895     7.0510 -9.990e-29
 150.488168     12.069    14.8779  38.448588    31.0513     11.961  255.02497  255.25662     9.0541     7.4918 -9.990e-29
 150.488171     12.056    14.8781  38.447904    31.0506     11.948  255.02547  255.25713     8.9451     7.5524 -9.990e-29
 150.488174     12.058    14.8781  38.448961    31.0515     11.950  255.02380  255.25545     9.0074     7.5241 -9.990e-29
 150.488177     12.067    14.8781  38.450205    31.0527     11.959  255.02185  255.25349     8.9607     7.5039 -9.990e-29
 150.488180     12.089    14.8779  38.448588    31.0515     11.980  255.02462  255.25626     9.5521     7.5807 -9.990e-29
 150.488183     12.125    14.8779  38.448837    31.0517     12.017  255.02468  255.25631     9.5054     7.5828 0.0000e+00
 150.488186     12.180    14.8778  38.449148    31.0519     12.071  255.02462  255.25626     9.4587     7.5848 0.0000e+00
 150.488189     12.242    14.8776  38.450828    31.0528     12.132  255.02473  255.25636     9.4587     7.5848 0.0000e+00
 150.488192     12.315    14.8772  38.449708    31.0535     12.204  255.02594  255.25753    16.5871     7.5928 0.0000e+00
 150.488194     12.390    14.8766  38.450144    31.0528     12.279  255.02759  255.25914    16.6183     7.5686 0.0000e+00
 150.488197     12.454    14.8766  38.448154    31.0529     12.342  255.02807  255.25964    16.6183     7.5928 0.0000e+00
 150.488200     12.503    14.8765  38.449523    31.0525     12.391  255.03014  255.26169    16.6416     7.5827 0.0000e+00
 150.488203     12.534    14.8768  38.448341    31.0529     12.422  255.02807  255.25964    16.6650     7.5969 -9.990e-29
 150.488206     12.545    14.8788  38.447283    31.0493     12.433  255.02418  255.25589    24.1669     8.1832 -9.990e-29
 150.488209     12.547    14.8799  38.444982    31.0463     12.435  255.02352  255.25531    24.1980     8.1590 -9.990e-29
 150.488212     12.540    14.8816  38.445417    31.0454     12.427  255.01653  255.24842    24.1513     8.1387 -9.990e-29
 150.488215     12.536    14.8834  38.444981    31.0435     12.424  255.01034  255.24234    24.2292     8.1509 -9.990e-29
 150.488218     12.529    14.8847  38.445354    31.0428     12.416  255.00488  255.23696    14.3926     7.8638 -9.990e-29
 150.488220     12.531    14.8850  38.444981    31.0423     12.419  255.00461  255.23670    14.3303     7.9082 -9.990e-29
 150.488223     12.551    14.8842  38.446536    31.0439     12.439  255.00574  255.23778    14.3615     7.9082 -9.990e-29
 150.488226     12.580    14.8838  38.446101    31.0452     12.468  255.00542  255.23742    11.0774     7.8293 0.0000e+00
 150.488229     12.620    14.8834  38.448340    31.0465     12.507  255.00574  255.23778     7.9179     7.7505 0.0000e+00
 150.488232     12.662    14.8828  38.448341    31.0470     12.549  255.00741  255.23935     7.7934     7.7061 0.0000e+00
 150.488235     12.712    14.8820  38.448341    31.0476     12.598  255.01035  255.24218     7.8712     7.7061 0.0000e+00
 150.488238     12.761    14.8812  38.450331    31.0500     12.647  255.01059  255.24248     7.7311     7.7142 0.0000e+00
 150.488241     12.795    14.8806  38.451078    31.0508     12.681  255.01207  255.24386     7.5755     8.0397 0.0000e+00
 150.488244     12.826    14.8800  38.450394    31.0516     12.711  255.01378  255.24553     7.2798     8.3652 -9.990e-29
 150.488247     12.839    14.8774  38.451327    31.0539     12.724  255.02315  255.25474     7.3576     8.3490 -9.990e-29
 150.488249     12.853    14.8768  38.450208    31.0534     12.738  255.02721  255.25878     7.2953     8.3692 -9.990e-29
 150.488252     12.864    14.8762  38.451763    31.0553     12.749  255.02706  255.25857     7.5755     7.7344 -9.990e-29
 150.488255     12.875    14.8752  38.452696    31.0569     12.760  255.02903  255.26048     7.5910     7.6858 -9.990e-29
 150.488258     12.892    14.8745  38.452012    31.0568     12.776  255.03269  255.26411     7.5132     7.6980 -9.990e-29
 150.488261     12.914    14.8732  38.453816    31.0592     12.798  255.03514  255.26647     7.5443     7.7344 -9.990e-29
 150.488264     12.941    14.8729  38.453568    31.0594     12.825  255.03615  255.26747    11.3731     7.9345 0.0000e+00
 150.488267     12.973    14.8727  38.453568    31.0595     12.857  255.03716  255.26846    15.2019     8.1347 0.0000e+00
 150.488270     13.015    14.8721  38.452946    31.0595     12.899  255.04046  255.27173    15.2953     8.1509 0.0000e+00
 150.488273     13.065    14.8721  38.452200    31.0590     12.948  255.04085  255.27213    15.3576     8.1630 0.0000e+00
 150.488275     13.123    14.8723  38.452200    31.0586     13.006  255.04224  255.27350    15.2953     8.1630 0.0000e+00
 150.488278     13.181    14.8724  38.450832    31.0573     13.063  255.04276  255.27406    14.1903     8.0943 0.0000e+00
 150.488281     13.236    14.8733  38.448157    31.0542     13.118  255.04276  255.27406    14.1747     8.0902 0.0000e+00
 150.488284     13.283    14.8749  38.449277    31.0539     13.164  255.03611  255.26757    14.0969     8.0902 0.0000e+00
 150.488287     13.331    14.8766  38.449526    31.0527     13.212  255.02917  255.26073    14.0813     8.0902 0.0000e+00
 150.488290     13.375    14.8774  38.449401    31.0521     13.255  255.02656  255.25816    11.6844     7.9568 0.0000e+00
 150.488293     13.408    14.8781  38.451329    31.0514     13.288  255.02395  255.25560     9.2875     7.8193 -9.990e-29
 150.488296     13.426    14.8785  38.451765    31.0532     13.306  255.01854  255.25020     9.2875     7.8597 -9.990e-29
 150.488299     13.432    14.8776  38.450832    31.0531     13.311  255.02345  255.25506     9.2253     7.8638 -9.990e-29
 150.488302     13.432    14.8766  38.451765    31.0547     13.311  255.02570  255.25724    11.7934     7.7869 -9.990e-29
 150.488304     13.424    14.8757  38.452014    31.0557     13.304  255.02874  255.26022    11.6377     7.8072 -9.990e-29
 150.488307     13.419    14.8752  38.451765    31.0559     13.299  255.03113  255.26259    11.6844     7.7829 -9.990e-29
 150.488310     13.421    14.8750  38.452760    31.0569     13.300  255.03013  255.26157    11.7934     7.7667 -9.990e-29
 150.488313     13.426    14.8751  38.450646    31.0549     13.306  255.03319  255.26465    11.8245     7.7829 -9.990e-29
 150.488316     13.441    14.8748  38.452885    31.0572     13.321  255.03081  255.26223    10.2525     7.5322 -9.990e-29
 150.488319     13.448    14.8747  38.452698    31.0571     13.328  255.03139  255.26282    10.2836     7.5120 -9.990e-29
 150.488322     13.472    14.8737  38.453943    31.0584     13.351  255.03417  255.26553    10.3303     7.5484 -9.990e-29
 150.488325     13.507    14.8736  38.453321    31.0576     13.386  255.03632  255.26769    14.7739     7.8780 0.0000e+00
 150.488328     13.547    14.8734  38.451331    31.0584     13.425  255.03630  255.26761    19.2175     8.2075 0.0000e+00
 150.488330     13.589    14.8729  38.453819    31.0594     13.467  255.03630  255.26761    19.2953     8.2156 0.0000e+00
 150.488333     13.636    14.8728  38.454628    31.0594     13.514  255.03630  255.26761    19.2953     8.2277 0.0000e+00
 150.488336     13.693    14.8728  38.453135    31.0591     13.570  255.03888  255.27017    19.2953     8.2277 0.0000e+00
 150.488339     13.745    14.8728  38.451083    31.0575     13.622  255.03888  255.27017    30.5327     7.8476 0.0000e+00
 150.488342     13.800    14.8735  38.452264    31.0570     13.677  255.03688  255.26824    30.5327     7.8435 0.0000e+00
 150.488345     13.842    14.8742  38.451083    31.0559     13.718  255.03620  255.26760    30.4860     7.8476 0.0000e+00
 150.488348     13.882    14.8756  38.449030    31.0529     13.758  255.03402  255.26553    30.4860     7.8921 0.0000e+00
 150.488351     13.915    14.8768  38.446542    31.0509     13.791  255.03170  255.26329    33.3420     7.9204 0.0000e+00
 150.488354     13.945    14.8779  38.443992    31.0488     13.820  255.02938  255.26104    36.2292     7.9487 -9.990e-29
 150.488356     13.959    14.8832  38.444303    31.0426     13.834  255.01318  255.24517    36.1047     7.9689 -9.990e-29
 150.488359     13.978    14.8858  38.442934    31.0393     13.852  255.00561  255.23777    36.1669     7.9487 -9.990e-29
 150.488362     13.998    14.8879  38.442685    31.0374     13.872  254.99828  255.23057    36.2759     8.0012 -9.990e-29
 150.488365     14.021    14.8897  38.443742    31.0370     13.896  254.98958  255.22197    26.2992     8.0943 -9.990e-29
 150.488368     14.054    14.8897  38.443867    31.0370     13.928  254.98958  255.22197    26.2992     8.0943 0.0000e+00
 150.488371     14.083    14.8897  38.443867    31.0370     13.957  254.98958  255.22197    26.2992     8.0943 -9.990e-29
 150.488374     14.089    14.8898  38.444427    31.0374     13.962  254.98843  255.22082    26.2681     8.1064 -9.990e-29
 150.488377     14.080    14.8895  38.443867    31.0371     13.953  254.99045  255.22283    21.6611     7.6616 -9.990e-29
 150.488380     14.060    14.8886  38.445173    31.0390     13.934  254.99182  255.22413    21.7078     7.6454 -9.990e-29
 150.488383     14.031    14.8878  38.445422    31.0399     13.905  254.99427  255.22654    21.6766     7.6373 -9.990e-29
 150.488385     13.985    14.8873  38.444675    31.0397     13.859  254.99743  255.22966    21.7545     7.6373 -9.990e-29
 150.488388     13.935    14.8863  38.449029    31.0444     13.810  254.99425  255.22640    17.0696     7.4675 -9.990e-29
 150.488391     13.891    14.8845  38.448594    31.0454     13.767  255.00150  255.23354    17.0541     7.4554 -9.990e-29
 150.488394     13.864    14.8829  38.448221    31.0464     13.740  255.00808  255.24003    17.0541     7.4432 -9.990e-29
 150.488397     13.853    14.8826  38.446790    31.0453     13.729  255.01148  255.24342    17.0229     7.4594 -9.990e-29
 150.488400     13.851    14.8828  38.447474    31.0458     13.727  255.00954  255.24149    18.7661     7.4190 -9.990e-29
 150.488403     13.868    14.8828  38.448843    31.0470     13.743  255.00739  255.23933    20.4626     8.1306 -9.990e-29
 150.488406     13.895    14.8826  38.447972    31.0464     13.770  255.00964  255.24157    20.5871     8.1387 -9.990e-29
 150.488409     13.935    14.8822  38.448159    31.0468     13.810  255.01080  255.24271    20.4938     8.1509 -9.990e-29
 150.488411     13.975    14.8816  38.449714    31.0487     13.850  255.01067  255.24253    20.4938     8.1630 -9.990e-29
 150.488414     14.017    14.8806  38.449963    31.0492     13.891  255.01493  255.24674    27.3576     8.0296 -9.990e-29
 150.488417     14.063    14.8805  38.449403    31.0493     13.937  255.01542  255.24722    27.3732     8.0215 0.0000e+00
 150.488420     14.108    14.8803  38.449528    31.0492     13.982  255.01591  255.24770    27.3887     8.0296 0.0000e+00
 150.488423     14.141    14.8803  38.448346    31.0490     14.014  255.01700  255.24879    27.4276     8.0255 0.0000e+00
 150.488426     14.168    14.8802  38.448222    31.0485     14.041  255.01808  255.24987    27.4665     8.0376 -9.990e-29
 150.488429     14.185    14.8818  38.445672    31.0448     14.058  255.01632  255.24822    35.6689     8.1023 -9.990e-29
 150.488432     14.189    14.8830  38.444055    31.0424     14.062  255.01457  255.24656    35.7467     8.1064 -9.990e-29
