seaocn-cb/data/ctd_cnv/SBE19plus_01907321_2024_05_24_Cast42.cnv
* Sea-Bird SBE19plus  Data File:
* FileName = E:\Prandtl_Daten\2024\CTD\raw\SBE19plus_01907321_2024_05_24_Cast42.hex
* Software version 2.6.1.12
* Temperature SN = 7321
* Conductivity SN = 7321
* System UpLoad Time = May 24 2024 10:56:50
* <ApplicationData>
* <Seaterm232>
** 20240524
** Sea Practical 2024
** MCat 24.05 CTD_M1
** NMEA Latitude = 054 06.13N
** NMEA Longitude = 008 25.13E
** waterdepth = 15.5m
** Isabelle
# nquan = 11
# nvalues = 570                         
# units = specified
# name 0 = timeJ: Julian Days
# name 1 = prdM: Pressure, Strain Gauge [db]
# name 2 = tv290C: Temperature [ITS-90, deg C]
# name 3 = c0mS/cm: Conductivity [mS/cm]
# name 4 = sal00: Salinity, Practical [PSU]
# name 5 = depSM: Depth [salt water, m], lat = 54.00
# name 6 = oxsatMm/Kg: Oxygen Saturation, Weiss [umol/kg]
# name 7 = oxsolMm/Kg: Oxygen Saturation, Garcia & Gordon [umol/kg]
# name 8 = turbWETntu0: Turbidity, WET Labs ECO [NTU]
# name 9 = flECO-AFL: Fluorescence, WET Labs ECO-AFL/FL [mg/m^3]
# name 10 = flag:  0.000e+00
# span 0 = 145.450778, 145.452425       
# span 1 =      0.380,     14.687       
# span 2 =    14.3940,    14.5275       
# span 3 =  36.833322,  36.904664       
# span 4 =    29.9250,    30.0240       
# span 5 =      0.376,     14.555       
# span 6 =  258.81552,  259.37363       
# span 7 =  259.03783,  259.58917       
# span 8 =    -1.9343,    15.7155       
# span 9 =     4.1477,     9.4893       
# span 10 = 0.0000e+00, 0.0000e+00      
# interval = seconds: 0.25
# start_time = May 24 2024 10:47:14 [Instrument's time stamp, header]
# bad_flag = -9.990e-29
*END*
[from data line 132]
 145.451160      3.653    14.4850  36.873412    29.9442      3.621  259.02949  259.24947    -1.2806     5.4133 0.0000e+00
 145.451163      3.710    14.4849  36.879038    29.9464      3.677  259.02438  259.24432    -1.5218     5.3284 0.0000e+00
 145.451166      3.756    14.4852  36.876592    29.9487      3.722  259.01854  259.23848    -1.9187     5.2435 -9.990e-29
 145.451169      3.779    14.4886  36.872066    29.9398      3.746  259.01660  259.23681    -1.8876     5.2597 -9.990e-29
 145.451172      3.787    14.4877  36.872127    29.9405      3.753  259.02003  259.24018    -1.9343     5.2799 -9.990e-29
 145.451175      3.775    14.4880  36.879955    29.9473      3.742  259.00623  259.22634    -1.3739     5.4376 -9.990e-29
 145.451178      3.752    14.4907  36.882462    29.9476      3.718  258.99189  259.21214    -1.4051     5.4699 -9.990e-29
 145.451181      3.715    14.4941  36.876835    29.9399      3.682  258.98772  259.20821    -1.3584     5.4335 -9.990e-29
 145.451183      3.679    14.4937  36.884235    29.9469      3.646  258.97723  259.19765    -1.4362     5.4335 -9.990e-29
 145.451186      3.635    14.4964  36.887905    29.9481      3.603  258.96072  259.18127    -1.5140     5.4578 -9.990e-29
 145.451189      3.600    14.5016  36.889372    29.9454      3.568  258.93835  259.15920    -1.4206     5.5832 -9.990e-29
 145.451192      3.579    14.5067  36.892185    29.9440      3.547  258.91383  259.13497    -1.3739     5.5710 -9.990e-29
 145.451195      3.568    14.5104  36.890349    29.9396      3.536  258.90267  259.12405    -1.4673     5.5832 -9.990e-29
 145.451198      3.575    14.5129  36.892796    29.9398      3.543  258.88904  259.11055    -1.3739     5.5468 -9.990e-29
 145.451201      3.601    14.5136  36.885395    29.9326      3.568  258.89804  259.11965    -1.7319     5.4457 -9.990e-29
 145.451204      3.635    14.5111  36.886985    29.9359      3.603  258.90520  259.12664    -1.6852     5.4578 -9.990e-29
 145.451207      3.686    14.5069  36.887414    29.9368      3.653  258.92547  259.14668    -1.7319     5.4335 -9.990e-29
 145.451209      3.750    14.5061  36.884479    29.9412      3.717  258.92232  259.14345    -1.8020     5.3931 0.0000e+00
 145.451212      3.818    14.5069  36.892614    29.9455      3.783  258.91916  259.14021    -1.8409     5.3527 0.0000e+00
 145.451215      3.901    14.5076  36.897507    29.9455      3.867  258.90193  259.12309    -1.8720     5.3405 0.0000e+00
 145.451218      3.986    14.5122  36.893286    29.9407      3.950  258.89142  259.11293    -1.8720     5.3122 0.0000e+00
 145.451221      4.066    14.5123  36.891696    29.9398      4.029  258.89142  259.11293    -1.8720     5.3122 0.0000e+00
 145.451224      4.140    14.5128  36.892553    29.9398      4.103  258.89142  259.11293    -1.7319     5.6519 0.0000e+00
 145.451227      4.204    14.5133  36.896223    29.9424      4.166  258.88216  259.10367    -1.7319     5.6519 0.0000e+00
 145.451230      4.257    14.5152  36.901667    29.9424      4.219  258.86608  259.08766    -1.6852     5.6357 0.0000e+00
 145.451233      4.293    14.5167  36.899281    29.9435      4.255  258.86213  259.08382    -1.7086     5.6317 0.0000e+00
 145.451236      4.321    14.5182  36.895978    29.9413      4.282  258.85819  259.07998    -1.6697     5.6357 -9.990e-29
 145.451238      4.326    14.5187  36.895122    29.9372      4.287  258.86315  259.08499    -1.3895     6.1816 -9.990e-29
 145.451241      4.324    14.5181  36.895795    29.9382      4.286  258.86442  259.08622    -1.3117     6.1735 -9.990e-29
 145.451244      4.315    14.5182  36.892186    29.9349      4.277  258.86993  259.09176    -1.3584     6.1654 -9.990e-29
 145.451247      4.306    14.5181  36.894877    29.9374      4.268  258.86588  259.08769    -1.3584     6.1857 -9.990e-29
 145.451250      4.294    14.5183  36.899037    29.9410      4.255  258.85830  259.08008    -1.4362     5.6357 -9.990e-29
 145.451253      4.286    14.5196  36.898914    29.9399      4.248  258.85349  259.07536    -1.4051     5.6236 -9.990e-29
 145.451256      4.284    14.5213  36.904114    29.9432      4.246  258.83836  259.06030    -1.3584     5.6195 -9.990e-29
 145.451259      4.284    14.5235  36.901605    29.9393      4.246  258.83388  259.05597    -1.2650     5.6398 -9.990e-29
 145.451262      4.290    14.5248  36.901850    29.9385      4.251  258.82850  259.05066    -0.9381     6.1614 -9.990e-29
 145.451264      4.304    14.5255  36.901422    29.9376      4.266  258.82655  259.04876    -1.0627     6.1776 -9.990e-29
 145.451267      4.323    14.5264  36.904664    29.9398      4.284  258.81782  259.04005    -1.0004     6.1533 -9.990e-29
 145.451270      4.341    14.5272  36.901666    29.9365      4.303  258.81942  259.04173    -0.7047     6.1654 -9.990e-29
 145.451273      4.365    14.5275  36.901850    29.9364      4.326  258.81797  259.04029    -1.3739     6.2180 -9.990e-29
 145.451276      4.391    14.5275  36.903563    29.9380      4.351  258.81552  259.03783    -1.4829     6.1897 -9.990e-29
 145.451279      4.414    14.5262  36.902339    29.9376      4.375  258.82291  259.04515    -1.2806     6.1978 -9.990e-29
 145.451282      4.447    14.5257  36.902095    29.9378      4.408  258.82488  259.04710    -1.4285     6.1978 0.0000e+00
 145.451285      4.480    14.5253  36.901850    29.9376      4.440  258.82685  259.04904    -1.4985     6.1978 0.0000e+00
 145.451288      4.522    14.5247  36.899404    29.9363      4.482  258.83288  259.05505    -1.4985     6.4040 0.0000e+00
 145.451291      4.572    14.5239  36.897569    29.9363      4.531  258.83909  259.06123    -1.4051     6.4161 0.0000e+00
 145.451293      4.630    14.5226  36.898854    29.9374      4.588  258.83909  259.06123    -1.3739     6.4081 0.0000e+00
 145.451296      4.699    14.5226  36.901423    29.9374      4.657  258.83930  259.06141    -1.3739     6.4081 0.0000e+00
 145.451299      4.765    14.5235  36.898610    29.9375      4.722  258.83796  259.06000    -1.6230     6.1654 0.0000e+00
 145.451302      4.838    14.5240  36.900261    29.9365      4.794  258.83930  259.06141    -1.7164     6.1533 0.0000e+00
 145.451305      4.901    14.5240  36.895796    29.9333      4.858  258.84098  259.06315    -1.7008     6.1412 0.0000e+00
 145.451308      4.956    14.5223  36.894084    29.9333      4.912  258.85112  259.07319    -1.7008     6.1371 0.0000e+00
 145.451311      4.998    14.5216  36.896653    29.9350      4.954  258.85200  259.07402    -1.5452     6.0421 0.0000e+00
 145.451314      5.029    14.5208  36.895308    29.9367      4.984  258.85288  259.07484    -1.3895     5.9471 -9.990e-29
 145.451317      5.040    14.5180  36.897327    29.9394      4.995  258.86270  259.08448    -1.3739     5.9471 -9.990e-29
 145.451319      5.031    14.5182  36.896225    29.9383      4.986  258.86358  259.08539    -1.4829     5.9713 -9.990e-29
 145.451322      5.014    14.5182  36.899834    29.9416      4.969  258.85806  259.07983    -1.2650     6.1573 -9.990e-29
 145.451325      4.996    14.5185  36.899895    29.9414      4.951  258.85677  259.07856    -1.1716     6.1452 -9.990e-29
 145.451328      4.974    14.5187  36.897816    29.9394      4.930  258.85922  259.08105    -1.2027     6.1371 -9.990e-29
 145.451331      4.960    14.5192  36.896470    29.9377      4.915  258.85932  259.08119    -1.2027     6.1331 -9.990e-29
 145.451334      4.949    14.5194  36.895613    29.9369      4.904  258.86011  259.08199    -1.1716     6.1452 -9.990e-29
 145.451337      4.948    14.5188  36.893717    29.9356      4.904  258.86551  259.08737    -0.9070     6.4687 -9.990e-29
 145.451340      4.952    14.5166  36.891944    29.9357      4.908  258.87689  259.09863    -0.9381     6.4606 -9.990e-29
 145.451343      4.970    14.5150  36.893045    29.9379      4.926  258.88101  259.10265    -0.8759     6.4687 -9.990e-29
 145.451345      4.994    14.5132  36.892189    29.9374      4.949  258.89134  259.11289    -1.3739     6.5334 -9.990e-29
 145.451348      5.025    14.5126  36.891027    29.9367      4.980  258.89607  259.11759    -1.3428     6.5355 0.0000e+00
 145.451351      5.065    14.5119  36.888275    29.9373      5.020  258.90080  259.12229    -1.3584     6.5375 0.0000e+00
 145.451354      5.105    14.5100  36.888092    29.9371      5.060  258.90876  259.13013    -1.3584     6.5375 0.0000e+00
 145.451357      5.153    14.5081  36.886318    29.9373      5.107  258.91760  259.13875    -1.4518     6.5415 0.0000e+00
 145.451360      5.197    14.5066  36.890845    29.9371      5.150  258.91899  259.14026    -1.4829     6.5375 0.0000e+00
 145.451363      5.248    14.5066  36.884239    29.9363      5.201  258.92798  259.14918    -1.4829     6.5455 0.0000e+00
 145.451366      5.304    14.5032  36.854032    29.9250      5.257  258.98991  259.21114    -1.5296     6.5455 0.0000e+00
 145.451369      5.366    14.4859  36.854034    29.9250      5.318  259.05727  259.27745    -1.5296     6.5779 0.0000e+00
 145.451372      5.428    14.4696  36.852691    29.9350      5.380  259.12296  259.34216     1.0541     7.2572 0.0000e+00
 145.451374      5.496    14.4590  36.842116    29.9364      5.446  259.18122  259.39986     1.0541     7.2653 0.0000e+00
 145.451377      5.554    14.4485  36.842668    29.9436      5.504  259.22121  259.43922     1.0541     7.2572 0.0000e+00
 145.451380      5.607    14.4442  36.840529    29.9459      5.557  259.23956  259.45731     1.1241     7.2572 0.0000e+00
 145.451383      5.640    14.4399  36.844809    29.9482      5.589  259.25791  259.47541     1.2097     7.2491 -9.990e-29
 145.451386      5.664    14.4348  36.847622    29.9586      5.613  259.26646  259.48360     0.2914     7.5362 -9.990e-29
 145.451389      5.669    14.4382  36.854958    29.9626      5.618  259.24139  259.45867     0.3537     7.5079 -9.990e-29
 145.451392      5.658    14.4448  36.851594    29.9545      5.608  259.22126  259.43897     0.3226     7.4634 -9.990e-29
 145.451395      5.633    14.4485  36.845664    29.9462      5.583  259.21643  259.43441     0.3226     7.4998 -9.990e-29
 145.451398      5.598    14.4487  36.851594    29.9514      5.548  259.20594  259.42389     1.8323     7.0550 -9.990e-29
 145.451400      5.564    14.4493  36.854712    29.9538      5.514  259.19853  259.41649     1.7856     7.0550 -9.990e-29
 145.451403      5.538    14.4512  36.859236    29.9564      5.489  259.18386  259.40190     1.8478     7.0833 -9.990e-29
 145.451406      5.524    14.4556  36.861926    29.9554      5.474  259.16218  259.38047     1.7856     7.0631 -9.990e-29
 145.451409      5.529    14.4598  36.855872    29.9468      5.480  259.15580  259.37439    -0.4712     6.1978 -9.990e-29
 145.451412      5.551    14.4597  36.848658    29.9403      5.501  259.16805  259.38668    -0.4557     6.2261 -9.990e-29
 145.451415      5.595    14.4493  36.847313    29.9483      5.545  259.20837  259.42637    -0.3778     6.2180 -9.990e-29
 145.451418      5.653    14.4479  36.848659    29.9484      5.603  259.21555  259.43348    -0.0043     6.5415 0.0000e+00
 145.451421      5.721    14.4465  36.846520    29.9485      5.670  259.22274  259.44059     0.3381     6.8650 0.0000e+00
 145.451424      5.794    14.4456  36.847743    29.9503      5.742  259.22433  259.44212     0.3381     6.8650 0.0000e+00
 145.451427      5.865    14.4454  36.847988    29.9509      5.812  259.22433  259.44212     0.3381     6.8650 0.0000e+00
 145.451429      5.931    14.4454  36.849761    29.9509      5.877  259.22204  259.43980     0.3226     6.8569 0.0000e+00
 145.451432      5.987    14.4458  36.848233    29.9501      5.933  259.22204  259.43980     0.3537     6.8569 0.0000e+00
 145.451435      6.036    14.4458  36.846399    29.9501      5.982  259.22578  259.44359     1.4743     7.3947 0.0000e+00
 145.451438      6.072    14.4441  36.846521    29.9488      6.018  259.23236  259.45007     1.5210     7.3987 0.0000e+00
 145.451441      6.103    14.4423  36.843037    29.9494      6.049  259.24477  259.46240     1.5521     7.4109 0.0000e+00
 145.451444      6.129    14.4417  36.843037    29.9489      6.074  259.24713  259.46472     1.5910     7.4129 0.0000e+00
 145.451447      6.155    14.4411  36.843099    29.9494      6.100  259.24949  259.46705     1.5521     7.4149 -9.990e-29
 145.451450      6.177    14.4383  36.842121    29.9507      6.121  259.26216  259.47956     2.8906     7.7222 -9.990e-29
 145.451453      6.198    14.4365  36.842121    29.9521      6.143  259.26923  259.48651     2.8751     7.7061 -9.990e-29
 145.451455      6.217    14.4361  36.842244    29.9525      6.161  259.27051  259.48777     2.7817     7.7384 -9.990e-29
 145.451458      6.227    14.4369  36.842121    29.9518      6.172  259.26748  259.48479     4.0268     7.5848 -9.990e-29
 145.451461      6.238    14.4380  36.843711    29.9523      6.183  259.26052  259.47788     4.0268     7.5645 -9.990e-29
 145.451464      6.242    14.4387  36.844628    29.9526      6.186  259.25639  259.47379     3.9957     7.5686 -9.990e-29
 145.451467      6.245    14.4391  36.841877    29.9498      6.189  259.25937  259.47681     3.9801     7.5645 -9.990e-29
 145.451470      6.242    14.4397  36.845483    29.9526      6.186  259.25119  259.46864    -0.1288     7.5888 -9.990e-29
 145.451473      6.232    14.4402  36.843221    29.9502      6.177  259.25308  259.47057    -0.1911     7.5767 -9.990e-29
 145.451476      6.219    14.4402  36.844627    29.9515      6.164  259.25050  259.46799    -0.3000     7.5686 -9.990e-29
 145.451479      6.212    14.4399  36.846156    29.9531      6.157  259.24950  259.46695    -0.1755     7.5564 -9.990e-29
 145.451481      6.214    14.4405  36.845728    29.9522      6.158  259.24754  259.46504    -0.1132     7.5686 -9.990e-29
 145.451484      6.227    14.4415  36.845911    29.9516      6.171  259.24344  259.46100     0.3848     6.6668 -9.990e-29
 145.451487      6.252    14.4394  36.846828    29.9474      6.196  259.26218  259.47966     0.3692     6.6385 -9.990e-29
 145.451490      6.289    14.4377  36.839431    29.9510      6.232  259.26509  259.48245     0.3459     6.6608 0.0000e+00
 145.451493      6.343    14.4359  36.844384    29.9540      6.287  259.26801  259.48524     0.3692     6.6830 0.0000e+00
 145.451496      6.409    14.4339  36.842122    29.9543      6.351  259.27935  259.49648     0.6183     7.4958 0.0000e+00
 145.451499      6.485    14.4331  36.841695    29.9540      6.427  259.28332  259.50040     0.6183     7.5039 0.0000e+00
 145.451502      6.567    14.4315  36.839250    29.9535      6.509  259.29350  259.51050     0.5716     7.5039 0.0000e+00
 145.451505      6.653    14.4289  36.837417    29.9532      6.594  259.30651  259.52337     0.5716     7.5039 0.0000e+00
 145.451508      6.732    14.4266  36.833322    29.9535      6.672  259.32229  259.53904     1.9879     7.5443 0.0000e+00
 145.451510      6.798    14.4248  36.836867    29.9558      6.737  259.32335  259.53997     2.0346     7.5807 0.0000e+00
 145.451513      6.850    14.4240  36.835156    29.9560      6.789  259.32769  259.54427     2.0113     7.5989 0.0000e+00
 145.451516      6.885    14.4233  36.838519    29.9558      6.824  259.33203  259.54857     2.0346     7.5807 -9.990e-29
 145.451519      6.909    14.4224  36.839680    29.9605      6.847  259.32828  259.54472     1.7856     7.8961 -9.990e-29
 145.451522      6.911    14.4228  36.837418    29.9582      6.849  259.33047  259.54696     1.8634     7.9932 -9.990e-29
 145.451525      6.902    14.4235  36.836073    29.9564      6.840  259.32999  259.54653     1.7545     7.9810 -9.990e-29
 145.451528      6.878    14.4241  36.837968    29.9577      6.817  259.32456  259.54112     1.8323     7.9729 -9.990e-29
 145.451531      6.849    14.4242  36.837418    29.9571      6.788  259.32485  259.54142     1.7233     7.9851 -9.990e-29
 145.451534      6.818    14.4239  36.834912    29.9551      6.757  259.33006  259.54663     1.2720     6.7801 -9.990e-29
