seaocn-cb/data/ctd_cnv/SBE19plus_01907321_2024_05_24_Cast39.cnv
* Sea-Bird SBE19plus  Data File:
* FileName = E:\Prandtl_Daten\2024\CTD\raw\SBE19plus_01907321_2024_05_24_Cast39.hex
* Software version 2.6.1.12
* Temperature SN = 7321
* Conductivity SN = 7321
* System UpLoad Time = May 24 2024 09:38:21
* <ApplicationData>
* <Seaterm232>
** 20240524
** Sea Practical 2024
** MCat 24.05 CTD_Z3
** NMEA Latitude = 054 02.623N
** NMEA Longitude = 008 27.131E
** waterdepth = 14.2m
** Isabelle
# nquan = 11
# nvalues = 454                         
# units = specified
# name 0 = timeJ: Julian Days
# name 1 = prdM: Pressure, Strain Gauge [db]
# name 2 = tv290C: Temperature [ITS-90, deg C]
# name 3 = c0mS/cm: Conductivity [mS/cm]
# name 4 = sal00: Salinity, Practical [PSU]
# name 5 = depSM: Depth [salt water, m], lat = 54.00
# name 6 = oxsatMm/Kg: Oxygen Saturation, Weiss [umol/kg]
# name 7 = oxsolMm/Kg: Oxygen Saturation, Garcia & Gordon [umol/kg]
# name 8 = turbWETntu0: Turbidity, WET Labs ECO [NTU]
# name 9 = flECO-AFL: Fluorescence, WET Labs ECO-AFL/FL [mg/m^3]
# name 10 = flag:  0.000e+00
# span 0 = 145.397101, 145.398411       
# span 1 =      0.543,     12.839       
# span 2 =    14.4874,    15.3044       
# span 3 =  36.784595,  36.906838       
# span 4 =    29.3149,    29.9686       
# span 5 =      0.538,     12.724       
# span 6 =  255.87520,  258.97561       
# span 7 =  256.14265,  259.19564       
# span 8 =    -4.3311,    28.8984       
# span 9 =     2.8860,     8.9394       
# span 10 = 0.0000e+00, 0.0000e+00      
# interval = seconds: 0.25
# start_time = May 24 2024 09:30:36 [Instrument's time stamp, header]
# bad_flag = -9.990e-29
*END*
 145.397101      0.543    15.3042  36.869939    29.3203      0.538  255.87665  256.14409    -4.2066     2.9305 -9.990e-29
 145.397104      0.554    15.3044  36.870306    29.3204      0.549  255.87520  256.14265    -4.0043     2.9022 -9.990e-29
 145.397106      0.561    15.3044  36.869022    29.3193      0.556  255.87720  256.14465    -4.0510     2.8860 -9.990e-29
 145.397109      0.565    15.3031  36.862968    29.3149      0.560  255.89164  256.15906    -4.1599     2.9831 -9.990e-29
 145.397112      0.563    15.3012  36.862541    29.3160      0.558  255.89973  256.16705    -4.1599     2.9386 -9.990e-29
 145.397115      0.577    15.2990  36.862480    29.3176      0.572  255.90815  256.17535    -4.1444     3.0195 -9.990e-29
 145.397118      0.601    15.2961  36.863214    29.3196      0.596  255.91937  256.18641    -3.8642     3.0640 -9.990e-29
 145.397121      0.632    15.2955  36.862358    29.3210      0.626  255.92005  256.18705    -3.9031     3.0458 0.0000e+00
 145.397124      0.669    15.2949  36.864560    29.3224      0.663  255.92073  256.18768    -3.8642     3.0518 0.0000e+00
 145.397127      0.712    15.2934  36.863887    29.3224      0.706  255.92744  256.19432    -3.8487     3.0437 0.0000e+00
 145.397130      0.762    15.2912  36.860402    29.3228      0.755  255.94120  256.20798    -3.8020     3.0518 0.0000e+00
 145.397133      0.823    15.2879  36.859119    29.3228      0.816  255.95600  256.22261    -3.8020     3.0882 0.0000e+00
 145.397135      0.887    15.2844  36.857774    29.3242      0.879  255.97149  256.23792    -3.7086     3.1327 0.0000e+00
 145.397138      0.946    15.2819  36.856185    29.3246      0.937  255.98350  256.24980    -3.7086     3.1570 0.0000e+00
 145.397141      0.999    15.2793  36.855697    29.3262      0.990  255.99377  256.25978    -3.7086     3.1610 0.0000e+00
 145.397144      1.048    15.2774  36.860711    29.3277      1.039  255.99440  256.26055    -3.9420     3.1691 0.0000e+00
 145.397147      1.083    15.2766  36.854597    29.3299      1.073  256.00150  256.26748    -3.9031     3.2924 0.0000e+00
 145.397150      1.108    15.2758  36.854169    29.3277      1.098  256.00922  256.27519    -4.1599     3.4158 -9.990e-29
 145.397153      1.125    15.2702  36.853069    29.3305      1.115  256.03301  256.29868    -4.1599     3.4602 -9.990e-29
 145.397156      1.125    15.2667  36.854170    29.3342      1.115  256.04496  256.31043    -4.0043     3.4764 -9.990e-29
 145.397159      1.119    15.2633  36.851603    29.3344      1.109  256.06202  256.32731    -4.3311     3.3349 -9.990e-29
 145.397161      1.104    15.2607  36.856005    29.3403      1.095  256.06497  256.33009    -3.9265     3.3389 -9.990e-29
 145.397164      1.110    15.2599  36.853498    29.3386      1.100  256.07184  256.33693    -4.0043     3.3915 -9.990e-29
 145.397167      1.130    15.2592  36.853070    29.3369      1.120  256.07844  256.34351    -4.0199     3.4036 -9.990e-29
 145.397170      1.165    15.2583  36.850992    29.3370      1.154  256.08335  256.34838    -3.9732     3.3510 0.0000e+00
 145.397173      1.210    15.2573  36.849464    29.3370      1.199  256.08827  256.35324    -3.9576     3.3470 0.0000e+00
 145.397176      1.267    15.2520  36.846408    29.3382      1.255  256.11325  256.37795    -3.9576     3.3470 0.0000e+00
 145.397179      1.316    15.2466  36.847387    29.3431      1.304  256.13255  256.39694    -3.9576     3.3470 0.0000e+00
 145.397182      1.365    15.2446  36.847387    29.3446      1.353  256.14028  256.40456    -4.0510     3.3511 0.0000e+00
 145.397185      1.407    15.2425  36.848794    29.3461      1.395  256.14802  256.41219    -3.9265     3.3147 -9.990e-29
 145.397188      1.431    15.2409  36.847204    29.3471      1.418  256.15458  256.41866    -4.1132     3.5088 -9.990e-29
 145.397190      1.451    15.2407  36.846532    29.3467      1.438  256.15624  256.42031    -4.0821     3.5169 -9.990e-29
 145.397193      1.457    15.2397  36.843414    29.3447      1.444  256.16525  256.42928    -3.9420     3.5047 -9.990e-29
 145.397196      1.462    15.2353  36.835223    29.3407      1.449  256.19463  256.45847    -4.0043     3.8080 -9.990e-29
 145.397199      1.480    15.2210  36.831679    29.3508      1.467  256.25026  256.51331    -4.0821     3.8242 -9.990e-29
 145.397202      1.515    15.2192  36.834614    29.3537      1.501  256.25463  256.51757    -3.9654     3.8140 0.0000e+00
 145.397205      1.562    15.2174  36.837977    29.3538      1.548  256.25900  256.52183    -3.8487     3.8242 0.0000e+00
 145.397208      1.628    15.2146  36.832537    29.3559      1.613  256.27821  256.54091    -3.6152     4.1194 0.0000e+00
 145.397211      1.695    15.2096  36.830704    29.3559      1.680  256.30040  256.56284    -3.5062     4.1194 0.0000e+00
 145.397214      1.756    15.2071  36.832110    29.3588      1.740  256.30775  256.57004    -3.5062     4.1153 0.0000e+00
 145.397216      1.814    15.2051  36.828505    29.3589      1.798  256.31845  256.58064    -3.4907     4.1093 0.0000e+00
 145.397219      1.854    15.2030  36.821721    29.3588      1.838  256.32914  256.59123    -3.5062     4.1032 -9.990e-29
 145.397222      1.876    15.1853  36.817444    29.3622      1.859  256.41412  256.67530    -3.8953     4.5965 -9.990e-29
 145.397225      1.889    15.1748  36.815918    29.3687      1.872  256.45689  256.71749    -3.6930     4.6450 -9.990e-29
 145.397228      1.887    15.1666  36.814208    29.3734      1.870  256.49103  256.75117    -3.6930     4.6531 -9.990e-29
 145.397231      1.878    15.1606  36.813414    29.3771      1.861  256.51512  256.77494    -3.6463     4.6167 -9.990e-29
 145.397234      1.867    15.1573  36.814575    29.3807      1.850  256.52607  256.78569    -3.5062     4.9079 -9.990e-29
 145.397237      1.869    15.1538  36.815065    29.3837      1.852  256.53866  256.79808    -3.4440     4.8391 -9.990e-29
 145.397240      1.889    15.1470  36.811398    29.3823      1.872  256.57617  256.83526    -3.4907     4.8634 -9.990e-29
 145.397242      1.920    15.1451  36.807793    29.3835      1.903  256.58413  256.84311    -3.6152     4.8978 0.0000e+00
 145.397245      1.964    15.1431  36.807122    29.3846      1.946  256.59209  256.85096    -3.7397     4.8836 0.0000e+00
 145.397248      2.018    15.1397  36.807367    29.3874      2.000  256.60480  256.86348    -3.7397     4.9240 0.0000e+00
 145.397251      2.073    15.1358  36.806695    29.3897      2.055  256.62102  256.87948    -3.7708     4.9200 0.0000e+00
 145.397254      2.122    15.1322  36.808590    29.3934      2.103  256.63174  256.88999    -3.7708     4.9240 0.0000e+00
 145.397257      2.161    15.1292  36.805352    29.3941      2.141  256.64840  256.90650    -3.8020     5.1869 0.0000e+00
 145.397260      2.199    15.1273  36.805108    29.3939      2.179  256.65622  256.91422    -3.8020     5.1869 0.0000e+00
 145.397263      2.234    15.1267  36.803764    29.3942      2.214  256.66042  256.91840    -3.7864     5.1869 0.0000e+00
 145.397266      2.266    15.1267  36.804069    29.3941      2.246  256.66049  256.91846    -3.6930     5.1687 0.0000e+00
 145.397269      2.292    15.1266  36.805109    29.3942      2.271  256.66056  256.91852    -3.5996     5.1950 -9.990e-29
 145.397271      2.314    15.1229  36.798998    29.3975      2.293  256.67350  256.93126    -3.5529     5.3850 -9.990e-29
 145.397274      2.345    15.1221  36.804742    29.3972      2.324  256.67845  256.93617    -3.5529     5.3365 0.0000e+00
 145.397277      2.372    15.1212  36.802604    29.3969      2.351  256.68339  256.94107    -3.5529     5.3203 0.0000e+00
 145.397280      2.403    15.1192  36.800588    29.3969      2.382  256.69458  256.95215    -3.5529     5.3203 0.0000e+00
 145.397283      2.438    15.1165  36.804071    29.4008      2.416  256.69924  256.95663    -3.6463     5.5306 0.0000e+00
 145.397286      2.480    15.1138  36.800833    29.4017      2.458  256.71472  256.97198    -3.7708     5.5832 0.0000e+00
 145.397289      2.518    15.1108  36.800589    29.4029      2.495  256.72669  256.98379    -3.7708     5.5912 0.0000e+00
 145.397292      2.558    15.1087  36.800040    29.4039      2.535  256.73559  256.99257    -3.7708     5.5912 0.0000e+00
 145.397295      2.598    15.1067  36.802423    29.4068      2.575  256.73960  256.99645    -3.4751     5.8136 0.0000e+00
 145.397297      2.637    15.1052  36.799002    29.4072      2.613  256.74807  257.00486    -3.2961     5.8379 0.0000e+00
 145.397300      2.666    15.1037  36.797903    29.4068      2.642  256.75655  257.01326    -3.4751     5.8136 -9.990e-29
 145.397303      2.688    15.0961  36.796314    29.4101      2.664  256.79016  257.04646    -3.3350     5.7894 -9.990e-29
 145.397306      2.702    15.0925  36.792710    29.4096      2.678  256.80947  257.06559    -3.4440     6.4687 -9.990e-29
 145.397309      2.710    15.0874  36.790144    29.4111      2.686  256.83307  257.08892    -3.2728     6.5011 -9.990e-29
 145.397312      2.717    15.0837  36.792039    29.4156      2.693  256.84435  257.09997    -3.2105     6.4323 -9.990e-29
 145.397315      2.724    15.0820  36.791611    29.4165      2.700  256.85155  257.10708    -3.2728     6.4687 -9.990e-29
 145.397318      2.744    15.0740  36.790512    29.4221      2.720  256.88301  257.13809    -3.4284     5.9996 -9.990e-29
 145.397321      2.775    15.0717  36.791246    29.4219      2.751  256.89517  257.15014    -3.2961     6.0340 0.0000e+00
 145.397323      2.814    15.0694  36.786909    29.4221      2.789  256.90733  257.16219    -3.1638     6.0320 0.0000e+00
 145.397326      2.865    15.0652  36.791186    29.4287      2.839  256.91697  257.17155    -3.1638     6.0320 0.0000e+00
 145.397329      2.920    15.0594  36.789293    29.4313      2.893  256.94222  257.19648    -3.1794     6.0320 0.0000e+00
 145.397332      2.972    15.0528  36.790272    29.4372      2.946  256.96622  257.22010    -3.1794     6.1654 0.0000e+00
 145.397335      3.020    15.0464  36.789112    29.4409      2.993  256.99239  257.24592    -3.1171     6.1978 0.0000e+00
 145.397338      3.062    15.0391  36.791679    29.4486      3.034  257.01655  257.26964    -3.1016     6.2099 0.0000e+00
 145.397341      3.098    15.0359  36.788686    29.4497      3.071  257.03136  257.28428    -3.1094     6.2180 0.0000e+00
 145.397344      3.129    15.0326  36.787099    29.4508      3.101  257.04618  257.29893    -3.1016     6.2099 -9.990e-29
 145.397347      3.153    15.0157  36.784595    29.4599      3.125  257.11787  257.36968    -2.5568     6.1290 -9.990e-29
 145.397350      3.176    15.0032  36.785085    29.4697      3.148  257.16513  257.41622    -2.6658     6.1857 -9.990e-29
 145.397352      3.202    14.9929  36.785759    29.4781      3.174  257.20380  257.45430    -2.6502     6.1654 -9.990e-29
 145.397355      3.226    14.9717  36.788448    29.4963      3.197  257.28166  257.53093    -2.0588     6.2665 -9.990e-29
 145.397358      3.260    14.9685  36.788266    29.4997      3.231  257.29218  257.54126    -2.1989     6.2867 0.0000e+00
 145.397361      3.293    14.9653  36.790528    29.5027      3.264  257.30270  257.55159    -2.0743     6.3070 0.0000e+00
 145.397364      3.328    14.9637  36.787351    29.5029      3.298  257.31144  257.56024    -2.2066     6.3191 0.0000e+00
 145.397367      3.363    14.9621  36.788268    29.5027      3.333  257.32017  257.56889    -2.0743     6.3312 -9.990e-29
 145.397370      3.388    14.9531  36.791629    29.5133      3.358  257.34812  257.59629    -0.6113     6.4444 -9.990e-29
 145.397373      3.417    14.9441  36.794074    29.5223      3.387  257.37892  257.62657    -0.7047     6.4930 -9.990e-29
 145.397376      3.439    14.9337  36.790837    29.5272      3.408  257.42402  257.67109    -0.7047     6.4768 -9.990e-29
 145.397378      3.457    14.9253  36.793893    29.5363      3.427  257.45177  257.69833    -0.6580     6.4323 -9.990e-29
 145.397381      3.481    14.9221  36.798599    29.5429      3.450  257.45649  257.70283     1.0541     6.5091 -9.990e-29
 145.397384      3.499    14.9194  36.797010    29.5435      3.468  257.46937  257.71557     1.2875     6.4606 -9.990e-29
 145.397387      3.519    14.8985  36.801778    29.5655      3.488  257.53888  257.78382     1.1941     6.4930 -9.990e-29
 145.397390      3.550    14.8889  36.803979    29.5747      3.519  257.57282  257.81719     1.7233     6.7356 0.0000e+00
 145.397393      3.580    14.8792  36.808198    29.5839      3.548  257.60677  257.85056     2.1280     6.9418 0.0000e+00
 145.397396      3.618    14.8600  36.807589    29.5979      3.585  257.68198  257.92467     2.1280     6.9418 0.0000e+00
 145.397399      3.661    14.8513  36.808935    29.6057      3.629  257.71358  257.95575     2.1280     6.9418 0.0000e+00
 145.397402      3.707    14.8420  36.813153    29.6165      3.674  257.74270  257.98430     2.0969     6.9176 0.0000e+00
 145.397405      3.758    14.8254  36.810099    29.6264      3.725  257.81171  258.05236     0.7584     6.2423 0.0000e+00
 145.397407      3.800    14.8090  36.813463    29.6418      3.766  257.86963  258.10931     0.5560     6.2140 0.0000e+00
 145.397410      3.841    14.7943  36.814015    29.6534      3.806  257.92550  258.16432     0.5560     6.2140 0.0000e+00
 145.397413      3.879    14.7820  36.812366    29.6613      3.844  257.97570  258.21381     0.4315     6.2140 0.0000e+00
 145.397416      3.919    14.7778  36.814812    29.6656      3.884  257.99031  258.22816    -0.1366     6.2483 0.0000e+00
 145.397419      3.948    14.7735  36.813835    29.6700      3.913  258.00491  258.24250    -0.9070     6.2867 -9.990e-29
 145.397422      3.968    14.7643  36.812124    29.6745      3.933  258.04466  258.28173    -0.9226     6.3191 -9.990e-29
 145.397425      3.984    14.7655  36.809863    29.6716      3.949  258.04354  258.28070    -0.9226     6.2746 -9.990e-29
 145.397428      4.005    14.7703  36.808885    29.6670      3.969  258.02650  258.26395    -0.9226     6.3029 -9.990e-29
 145.397431      4.025    14.7747  36.803996    29.6593      3.989  258.01746  258.25520     0.9607     6.8367 -9.990e-29
 145.397433      4.050    14.7813  36.806073    29.6561      4.014  257.98849  258.22661     1.0385     6.8933 -9.990e-29
 145.397436      4.080    14.7817  36.806073    29.6578      4.043  257.98363  258.22175     0.9451     6.8711 0.0000e+00
 145.397439      4.112    14.7813  36.810350    29.6594      4.076  257.98849  258.22661     0.8517     6.8933 0.0000e+00
 145.397442      4.151    14.7772  36.811023    29.6637      4.114  257.99661  258.23445     0.8517     6.9418 0.0000e+00
 145.397445      4.180    14.7689  36.811024    29.6699      4.143  258.02852  258.26588     0.9140     6.9459 0.0000e+00
 145.397448      4.213    14.7631  36.814264    29.6772      4.175  258.04583  258.28282     0.9140     6.9418 0.0000e+00
 145.397451      4.238    14.7550  36.811882    29.6813      4.201  258.08123  258.31776     0.9140     6.9661 0.0000e+00
 145.397454      4.275    14.7524  36.811699    29.6832      4.237  258.09143  258.32781     1.6923     7.0106 0.0000e+00
 145.397457      4.304    14.7498  36.811211    29.6851      4.266  258.10162  258.33785     2.6261     7.1157 -9.990e-29
 145.397459      4.328    14.7494  36.811883    29.6855      4.289  258.10284  258.33904     2.5794     7.1076 -9.990e-29
 145.397462      4.352    14.7499  36.811699    29.6850      4.313  258.10108  258.33731     2.5327     7.1359 -9.990e-29
 145.397465      4.377    14.7407  36.814267    29.6960      4.338  258.12972  258.36538     5.4276     8.9394 -9.990e-29
 145.397468      4.406    14.7361  36.816162    29.7008      4.367  258.14511  258.38048     5.5599     8.9030 0.0000e+00
 145.397471      4.439    14.7315  36.819097    29.7056      4.400  258.16049  258.39558     5.4899     8.9030 0.0000e+00
 145.397474      4.472    14.7212  36.819404    29.7137      4.432  258.19985  258.43434     5.6455     8.9030 0.0000e+00
 145.397477      4.516    14.7092  36.822950    29.7260      4.476  258.24084  258.47459     5.4899     8.9030 0.0000e+00
