seaocn-cb/data/ctd_cnv/SBE19plus_01907321_2024_05_27_Cast79.cnv
* Sea-Bird SBE19plus  Data File:
* FileName = E:\Prandtl_Daten\2024\27052024\raw\SBE19plus_01907321_2024_05_27_Cast79.hex
* Software version 2.6.1.12
* Temperature SN = 7321
* Conductivity SN = 7321
* System UpLoad Time = May 27 2024 10:51:32
* <ApplicationData>
* <Seaterm232>
** 20240527
** Sea Practical 2024
** MCat 27.05 CTD_SP5
** NMEA Latitude = 54 7.781N
** NMEA Longitude = 008 25.579E
** waterdepth = 10.0m
** Clemens
# nquan = 11
# nvalues = 325                         
# units = specified
# name 0 = timeJ: Julian Days
# name 1 = prdM: Pressure, Strain Gauge [db]
# name 2 = tv290C: Temperature [ITS-90, deg C]
# name 3 = c0mS/cm: Conductivity [mS/cm]
# name 4 = sal00: Salinity, Practical [PSU]
# name 5 = depSM: Depth [salt water, m], lat = 54.00
# name 6 = oxsatMm/Kg: Oxygen Saturation, Weiss [umol/kg]
# name 7 = oxsolMm/Kg: Oxygen Saturation, Garcia & Gordon [umol/kg]
# name 8 = turbWETntu0: Turbidity, WET Labs ECO [NTU]
# name 9 = flECO-AFL: Fluorescence, WET Labs ECO-AFL/FL [mg/m^3]
# name 10 = flag:  0.000e+00
# span 0 = 148.448811, 148.449748       
# span 1 =      0.648,      8.860       
# span 2 =    16.0313,    16.2379       
# span 3 =  37.002981,  37.165175       
# span 4 =    28.8846,    28.9119       
# span 5 =      0.642,      8.780       
# span 6 =  251.91266,  252.92471       
# span 7 =  252.22759,  253.23015       
# span 8 =    -2.8525,    88.1669       
# span 9 =     1.9398,     6.9499       
# span 10 = 0.0000e+00, 0.0000e+00      
# interval = seconds: 0.25
# start_time = May 27 2024 10:45:05 [Instrument's time stamp, header]
# bad_flag = -9.990e-29
*END*
[from data line 132]
 148.449193      4.238    16.1071  37.070834    28.9038      4.201  252.53634  252.84524     2.0346     3.6624 -9.990e-29
 148.449196      4.262    16.1039  37.067831    28.9014      4.224  252.55639  252.86515     2.0502     3.7231 -9.990e-29
 148.449198      4.292    16.1032  37.065442    28.9036      4.253  252.55597  252.86469     1.5443     3.7028 0.0000e+00
 148.449201      4.331    16.1026  37.069425    28.9059      4.293  252.55555  252.86422     1.0385     3.7231 0.0000e+00
 148.449204      4.374    16.1026  37.071203    28.9078      4.335  252.55501  252.86365     0.1358     4.4348 0.0000e+00
 148.449207      4.417    16.1027  37.072367    28.9083      4.378  252.55061  252.85927     0.1047     4.4469 0.0000e+00
 148.449210      4.459    16.1045  37.077086    28.9110      4.420  252.53671  252.84543     0.0580     4.4469 0.0000e+00
 148.449213      4.492    16.1063  37.080335    28.9111      4.452  252.52786  252.83666     0.0113     4.4429 0.0000e+00
 148.449216      4.518    16.1080  37.079415    28.9113      4.477  252.51901  252.82790    -0.0354     4.4388 -9.990e-29
 148.449219      4.538    16.1162  37.080089    28.9051      4.497  252.48859  252.79790    -0.3778     4.1194 -9.990e-29
 148.449222      4.552    16.1181  37.081008    28.9045      4.512  252.48005  252.78945    -0.3623     4.1072 -9.990e-29
 148.449225      4.561    16.1195  37.083459    28.9056      4.520  252.47131  252.78076    -0.2533     4.1436 -9.990e-29
 148.449227      4.568    16.1209  37.083949    28.9051      4.528  252.46550  252.77502     0.3381     4.4267 -9.990e-29
 148.449230      4.577    16.1221  37.085543    28.9055      4.536  252.45834  252.76791     0.2603     4.4388 -9.990e-29
 148.449233      4.594    16.1229  37.085298    28.9047      4.553  252.45572  252.76534     0.2759     4.4307 -9.990e-29
 148.449236      4.608    16.1232  37.078433    28.9029      4.567  252.45759  252.76723     0.6650     3.5290 -9.990e-29
 148.449239      4.636    16.1225  37.083459    28.9020      4.594  252.46267  252.77228     0.6494     3.5290 0.0000e+00
 148.449242      4.663    16.1217  37.080272    28.9015      4.622  252.46774  252.77733     0.6650     3.5290 0.0000e+00
 148.449245      4.696    16.1202  37.079292    28.9015      4.654  252.47491  252.78443     0.6338     3.5290 0.0000e+00
 148.449248      4.738    16.1193  37.080947    28.9015      4.696  252.47576  252.78522     0.7117     3.5532 0.0000e+00
 148.449251      4.787    16.1187  37.076657    28.9003      4.745  252.48458  252.79403     0.8206     3.5532 0.0000e+00
 148.449253      4.837    16.1179  37.073225    28.8978      4.793  252.49272  252.80215     2.8128     4.8634 0.0000e+00
 148.449256      4.882    16.1151  37.068936    28.8978      4.839  252.50962  252.81893     2.8128     4.8715 0.0000e+00
 148.449259      4.922    16.1126  37.066914    28.8971      4.878  252.52057  252.82975     2.7973     4.8674 0.0000e+00
 148.449262      4.953    16.1101  37.064831    28.8980      4.909  252.53151  252.84058     2.7817     4.8715 -9.990e-29
 148.449265      4.971    16.1006  37.061461    28.9002      4.927  252.57528  252.88390     4.9140     5.3203 -9.990e-29
 148.449268      4.977    16.0969  37.060236    28.9018      4.933  252.59088  252.89932     4.8517     5.3405 -9.990e-29
 148.449271      4.986    16.0933  37.058276    28.9027      4.942  252.60728  252.91555     4.8362     5.2799 -9.990e-29
 148.449274      4.997    16.0899  37.055703    28.9030      4.953  252.62399  252.93210     4.8362     5.3163 -9.990e-29
 148.449277      5.007    16.0862  37.053742    28.9039      4.962  252.64069  252.94862     4.5560     3.7109 -9.990e-29
 148.449280      5.027    16.0807  37.054907    28.9068      4.982  252.66329  252.97094     4.5871     3.6786 -9.990e-29
 148.449282      5.056    16.0799  37.052456    28.9065      5.010  252.66785  252.97546     4.6182     3.6584 0.0000e+00
 148.449285      5.092    16.0791  37.050374    28.9068      5.047  252.67192  252.97944     4.5871     3.6786 0.0000e+00
 148.449288      5.132    16.0780  37.053315    28.9076      5.086  252.67240  252.97999     2.8440     3.9536 0.0000e+00
 148.449291      5.174    16.0773  37.050558    28.9076      5.128  252.67876  252.98625     2.8284     3.9778 0.0000e+00
 148.449294      5.222    16.0767  37.049639    28.9076      5.175  252.68255  252.99002     2.8284     3.9859 0.0000e+00
 148.449297      5.262    16.0762  37.050252    28.9081      5.215  252.68345  252.99090     2.7506     3.9778 0.0000e+00
 148.449300      5.291    16.0759  37.050375    28.9083      5.244  252.68442  252.99185     2.7506     3.9818 0.0000e+00
 148.449303      5.320    16.0756  37.052642    28.9086      5.272  252.68538  252.99279     2.7506     3.9778 -9.990e-29
 148.449306      5.340    16.0765  37.052887    28.9101      5.293  252.67836  252.98581     2.3148     3.9131 -9.990e-29
 148.449308      5.353    16.0776  37.055338    28.9115      5.305  252.67082  252.97830     2.2369     3.9050 -9.990e-29
 148.449311      5.368    16.0786  37.055215    28.9106      5.320  252.66712  252.97465     2.3148     3.9172 -9.990e-29
 148.449314      5.380    16.0796  37.053499    28.9084      5.332  252.66610  252.97370     4.4626     3.6786 -9.990e-29
 148.449317      5.400    16.0792  37.054909    28.9099      5.352  252.66520  252.97277     4.5871     3.7069 -9.990e-29
 148.449320      5.413    16.0781  37.048292    28.9049      5.365  252.67929  252.98684     4.5093     3.6867 -9.990e-29
 148.449323      5.428    16.0769  37.048292    28.9058      5.380  252.68379  252.99128     4.5560     3.6826 -9.990e-29
 148.449326      5.447    16.0756  37.052826    28.9107      5.398  252.68210  252.98950     3.8245     3.9859 -9.990e-29
 148.449329      5.457    16.0749  37.049211    28.9080      5.409  252.68991  252.99729     3.7778     3.9697 -9.990e-29
 148.449332      5.478    16.0748  37.049456    28.9084      5.429  252.69015  252.99752     3.7155     3.9900 -9.990e-29
 148.449334      5.501    16.0746  37.046577    28.9098      5.452  252.68840  252.99576    11.7622     4.3094 -9.990e-29
 148.449337      5.539    16.0744  37.051050    28.9093      5.490  252.69007  252.99742    11.7466     4.3114 0.0000e+00
 148.449340      5.583    16.0743  37.049641    28.9088      5.533  252.69173  252.99908    11.7467     4.3094 0.0000e+00
 148.449343      5.625    16.0734  37.045720    28.9061      5.575  252.70091  253.00823    11.7311     4.3134 0.0000e+00
 148.449346      5.676    16.0715  37.042412    28.9046      5.626  252.71306  253.02031    11.7467     4.3175 0.0000e+00
 148.449349      5.722    16.0688  37.037205    28.9046      5.671  252.73105  253.03819    11.7155     4.3175 0.0000e+00
 148.449352      5.768    16.0673  37.037695    28.9033      5.716  252.73638  253.04344     8.5404     4.1092 0.0000e+00
 148.449355      5.799    16.0657  37.043087    28.9046      5.747  252.74171  253.04870     5.3031     3.8686 -9.990e-29
 148.449358      5.824    16.0634  37.039227    28.9077      5.772  252.74843  253.05528     5.2720     3.8686 -9.990e-29
 148.449361      5.835    16.0631  37.042413    28.9106      5.783  252.74457  253.05139     5.3342     3.8606 -9.990e-29
 148.449363      5.844    16.0634  37.043087    28.9110      5.792  252.74237  253.04920     4.0891     3.7514 -9.990e-29
 148.449366      5.850    16.0639  37.042719    28.9103      5.798  252.74113  253.04799     4.1669     3.7514 -9.990e-29
 148.449369      5.859    16.0647  37.043516    28.9104      5.807  252.73695  253.04384     4.0580     3.7878 -9.990e-29
 148.449372      5.875    16.0653  37.044190    28.9119      5.823  252.73149  253.03840     5.5833     3.7676 -9.990e-29
 148.449375      5.901    16.0652  37.045783    28.9106      5.848  252.73399  253.04090     5.4744     3.7595 0.0000e+00
 148.449378      5.935    16.0652  37.042658    28.9093      5.882  252.73648  253.04340     5.4899     3.7514 0.0000e+00
 148.449381      5.972    16.0649  37.042046    28.9093      5.919  252.73772  253.04463     5.4899     3.7393 0.0000e+00
 148.449384      6.007    16.0649  37.042659    28.9095      5.953  252.73772  253.04463     5.4899     3.7393 0.0000e+00
 148.449387      6.050    16.0649  37.043088    28.9099      5.996  252.73740  253.04430     3.8089     3.9253 0.0000e+00
 148.449389      6.090    16.0649  37.043578    28.9102      6.036  252.73609  253.04300     3.7934     3.9253 0.0000e+00
 148.449392      6.127    16.0650  37.045110    28.9108      6.072  252.73465  253.04156     3.7545     3.9091 0.0000e+00
 148.449395      6.156    16.0651  37.044191    28.9114      6.101  252.73322  253.04013     3.7155     3.8929 -9.990e-29
 148.449398      6.180    16.0669  37.044007    28.9091      6.125  252.72802  253.03503     3.7934     3.9293 -9.990e-29
 148.449401      6.196    16.0677  37.047867    28.9119      6.141  252.71956  253.02658     4.4626     3.7837 -9.990e-29
 148.449404      6.204    16.0683  37.047009    28.9107      6.148  252.71846  253.02552     4.5249     3.8080 -9.990e-29
 148.449407      6.209    16.0683  37.046519    28.9103      6.153  252.71919  253.02626     4.4938     3.8242 -9.990e-29
 148.449410      6.216    16.0682  37.044252    28.9084      6.160  252.72289  253.02996     4.5871     3.8080 -9.990e-29
 148.449413      6.223    16.0680  37.042046    28.9066      6.168  252.72709  253.03416     5.5521     3.7716 -9.990e-29
 148.449416      6.243    16.0676  37.044252    28.9088      6.188  252.72530  253.03233     5.5054     3.7352 -9.990e-29
 148.449418      6.265    16.0672  37.044620    28.9091      6.209  252.72682  253.03384     5.4899     3.7433 -9.990e-29
 148.449421      6.294    16.0671  37.044252    28.9104      6.238  252.72527  253.03227     5.7700     3.7615 0.0000e+00
 148.449424      6.334    16.0669  37.046948    28.9093      6.278  252.72682  253.03384     6.0502     3.7554 0.0000e+00
 148.449427      6.376    16.0668  37.044191    28.9093      6.319  252.72845  253.03545     6.0502     3.7554 0.0000e+00
 148.449430      6.420    16.0664  37.043763    28.9092      6.363  252.73062  253.03760     5.9879     3.7514 0.0000e+00
 148.449433      6.464    16.0659  37.038310    28.9092      6.406  252.73703  253.04395     5.9879     3.7514 0.0000e+00
 148.449436      6.504    16.0650  37.042905    28.9077      6.446  252.74059  253.04758     8.5249     4.0506 0.0000e+00
 148.449439      6.539    16.0646  37.040149    28.9085      6.480  252.74090  253.04780     8.5716     4.0688 0.0000e+00
 148.449442      6.573    16.0641  37.040762    28.9077      6.514  252.74477  253.05165     8.5249     4.0506 -9.990e-29
 148.449444      6.597    16.0618  37.041987    28.9110      6.538  252.75072  253.05748     8.5560     4.0708 -9.990e-29
 148.449447      6.613    16.0610  37.038985    28.9089      6.554  252.75822  253.06495     8.5871     4.0708 -9.990e-29
 148.449450      6.630    16.0603  37.037699    28.9083      6.570  252.76254  253.06925    12.7272     4.0587 -9.990e-29
 148.449453      6.642    16.0595  37.040395    28.9112      6.583  252.76151  253.06816    12.8050     4.0749 -9.990e-29
 148.449456      6.652    16.0586  37.034942    28.9071      6.592  252.77296  253.07960    12.7117     4.0547 -9.990e-29
 148.449459      6.663    16.0574  37.033166    28.9064      6.603  252.78012  253.08670    12.8050     4.0425 -9.990e-29
 148.449462      6.681    16.0537  37.029920    28.9056      6.621  252.80035  253.10677    17.3187     4.0183 -9.990e-29
 148.449465      6.708    16.0529  37.029062    28.9070      6.648  252.80202  253.10840    17.3109     4.0082 0.0000e+00
 148.449468      6.745    16.0521  37.030839    28.9074      6.684  252.80369  253.11002    17.3031     3.9980 0.0000e+00
 148.449470      6.781    16.0509  37.028818    28.9074      6.720  252.81123  253.11750    17.3031     3.9980 0.0000e+00
 148.449473      6.827    16.0496  37.026062    28.9060      6.766  252.82046  253.12669    24.4315     4.3943 0.0000e+00
 148.449476      6.863    16.0489  37.024531    28.9058      6.802  252.82416  253.13036    24.4782     4.4044 0.0000e+00
 148.449479      6.900    16.0482  37.022693    28.9056      6.838  252.82786  253.13403    24.5249     4.3943 -9.990e-29
 148.449482      6.925    16.0453  37.021469    28.9050      6.863  252.84325  253.14929    24.4315     4.3781 -9.990e-29
 148.449485      6.946    16.0441  37.020428    28.9050      6.883  252.84961  253.15559    22.3926     4.1800 -9.990e-29
 148.449488      6.960    16.0431  37.021469    28.9066      6.898  252.85165  253.15757    22.4548     4.1881 -9.990e-29
 148.449491      6.977    16.0423  37.020183    28.9061      6.914  252.85658  253.16247    22.4860     4.1679 -9.990e-29
 148.449494      6.989    16.0417  37.020183    28.9065      6.927  252.85898  253.16484    22.3615     4.2043 -9.990e-29
 148.449497      7.004    16.0410  37.018039    28.9051      6.941  252.86459  253.17043    22.5327     4.2002 -9.990e-29
 148.449499      7.028    16.0396  37.017733    28.9079      6.965  252.86707  253.17282    21.7700     4.2326 -9.990e-29
 148.449502      7.055    16.0397  37.020000    28.9065      6.992  252.86892  253.17469    21.7156     4.2306 0.0000e+00
 148.449505      7.088    16.0398  37.016937    28.9079      7.024  252.86707  253.17282    21.7233     4.2326 0.0000e+00
 148.449508      7.128    16.0400  37.021347    28.9056      7.064  252.86864  253.17443    21.7233     4.2285 0.0000e+00
 148.449511      7.168    16.0401  37.017795    28.9063      7.104  252.86747  253.17326    22.7194     4.0830 0.0000e+00
 148.449514      7.210    16.0401  37.018591    28.9056      7.145  252.86864  253.17443    22.7817     4.0627 0.0000e+00
 148.449517      7.244    16.0397  37.016142    28.9043      7.180  252.87236  253.17814    22.7817     4.0627 0.0000e+00
 148.449520      7.273    16.0395  37.015652    28.9042      7.208  252.87334  253.17911    22.7584     4.0607 0.0000e+00
 148.449523      7.301    16.0394  37.018592    28.9041      7.236  252.87431  253.18008    22.7194     4.0587 -9.990e-29
 148.449525      7.323    16.0389  37.020001    28.9083      7.257  252.86992  253.17563    25.0852     4.5722 -9.990e-29
 148.449528      7.343    16.0392  37.017367    28.9058      7.277  252.87267  253.17842    25.2097     4.5601 -9.990e-29
 148.449531      7.359    16.0386  37.020675    28.9091      7.293  252.86982  253.17552    25.2097     4.5763 -9.990e-29
 148.449534      7.383    16.0386  37.020001    28.9085      7.317  252.87085  253.17655    32.0735     4.6814 -9.990e-29
 148.449537      7.397    16.0385  37.017245    28.9061      7.331  252.87528  253.18100    32.0113     4.6329 -9.990e-29
 148.449540      7.421    16.0383  37.013631    28.9032      7.355  252.88161  253.18733    32.1047     4.6167 -9.990e-29
 148.449543      7.447    16.0379  37.015653    28.9052      7.380  252.88009  253.18578    32.0424     4.6208 -9.990e-29
 148.449546      7.470    16.0374  37.015653    28.9042      7.404  252.88460  253.19027    32.5249     4.3094 -9.990e-29
 148.449549      7.505    16.0372  37.014060    28.9046      7.438  252.88514  253.19080    32.5560     4.3074 0.0000e+00
 148.449552      7.534    16.0372  37.014551    28.9046      7.467  252.88514  253.19080    32.5560     4.3074 0.0000e+00
 148.449554      7.563    16.0369  37.014979    28.9050      7.496  252.88568  253.19133    32.5871     4.3054 -9.990e-29
 148.449557      7.583    16.0361  37.011611    28.9030      7.515  252.89310  253.19873    32.6183     4.2973 -9.990e-29
 148.449560      7.600    16.0356  37.013081    28.9046      7.532  252.89271  253.19829    33.5833     4.7785 -9.990e-29
 148.449563      7.618    16.0352  37.009100    28.9014      7.550  252.90017  253.20577    33.3809     4.7946 -9.990e-29
 148.449566      7.647    16.0351  37.011305    28.9034      7.579  252.89719  253.20276    33.5210     4.7744 -9.990e-29
