seaocn-cb/data/ctd_cnv/SBE19plus_01907321_2024_05_30_Cast115.cnv
* Sea-Bird SBE19plus  Data File:
* FileName = E:\Prandtl_Daten\2024\30052024\raw\SBE19plus_01907321_2024_05_30_Cast115.hex
* Software version 2.6.1.12
* Temperature SN = 7321
* Conductivity SN = 7321
* System UpLoad Time = May 30 2024 09:52:38
* <ApplicationData>
* <Seaterm232>
** 20240530
** Sea Practical 2024
** MCat 30.05 CTD_SP6
** NMEA Latitude = 54 08.054N
** NMEA Longitude = 008 22.968E
** waterdepth = 10.3m
** Isabelle
# nquan = 11
# nvalues = 374                         
# units = specified
# name 0 = timeJ: Julian Days
# name 1 = prdM: Pressure, Strain Gauge [db]
# name 2 = tv290C: Temperature [ITS-90, deg C]
# name 3 = c0mS/cm: Conductivity [mS/cm]
# name 4 = sal00: Salinity, Practical [PSU]
# name 5 = depSM: Depth [salt water, m], lat = 54.00
# name 6 = oxsatMm/Kg: Oxygen Saturation, Weiss [umol/kg]
# name 7 = oxsolMm/Kg: Oxygen Saturation, Garcia & Gordon [umol/kg]
# name 8 = turbWETntu0: Turbidity, WET Labs ECO [NTU]
# name 9 = flECO-AFL: Fluorescence, WET Labs ECO-AFL/FL [mg/m^3]
# name 10 = flag:  0.000e+00
# span 0 = 151.408134, 151.409213       
# span 1 =      0.321,      9.671       
# span 2 =    15.8639,    16.5885       
# span 3 =  36.797994,  37.257685       
# span 4 =    28.3666,    29.2420       
# span 5 =      0.319,      9.585       
# span 6 =  251.05370,  253.17509       
# span 7 =  251.38774,  253.47028       
# span 8 =    -3.3662,    30.6572       
# span 9 =     1.2201,     4.7825       
# span 10 = 0.0000e+00, 0.0000e+00      
# interval = seconds: 0.25
# start_time = May 30 2024 09:46:38 [Instrument's time stamp, header]
# bad_flag = -9.990e-29
*END*
[from data line 263]
 151.408895      7.198    15.9716  37.186763    29.1023      7.133  252.87281  253.17400     0.2759     3.1772 0.0000e+00
 151.408898      7.260    15.9721  37.184247    29.1003      7.195  252.87207  253.17329     0.3226     3.1651 0.0000e+00
 151.408900      7.318    15.9721  37.185474    29.1003      7.253  252.86996  253.17119     0.2759     3.1570 0.0000e+00
 151.408903      7.360    15.9723  37.187438    29.1015      7.294  252.86994  253.17119     0.2759     3.1590 0.0000e+00
 151.408906      7.391    15.9719  37.188052    29.1026      7.325  252.86996  253.17119     0.2292     3.1529 -9.990e-29
 151.408909      7.406    15.9673  37.188359    29.1067      7.339  252.88589  253.18687     0.5093     3.8484 -9.990e-29
 151.408912      7.404    15.9640  37.188912    29.1096      7.338  252.89727  253.19809     0.5560     3.8848 -9.990e-29
 151.408915      7.398    15.9610  37.194497    29.1167      7.332  252.90020  253.20082     0.4782     3.8444 -9.990e-29
 151.408918      7.384    15.9585  37.190876    29.1154      7.317  252.91517  253.21568     0.5560     3.9010 -9.990e-29
 151.408921      7.371    15.9558  37.195479    29.1214      7.305  252.91837  253.21871     1.3965     3.1934 -9.990e-29
 151.408924      7.360    15.9543  37.191797    29.1193      7.294  252.92956  253.22985     1.2097     3.1812 -9.990e-29
 151.408927      7.363    15.9531  37.196093    29.1238      7.297  252.92727  253.22748     1.1941     3.1651 -9.990e-29
 151.408929      7.369    15.9521  37.195173    29.1238      7.303  252.93253  253.23269     1.2875     3.1610 -9.990e-29
 151.408932      7.390    15.9504  37.197014    29.1229      7.324  252.94289  253.24297     0.3226     3.2298 -9.990e-29
 151.408935      7.416    15.9498  37.192657    29.1246      7.350  252.94288  253.24292     0.3692     3.2217 0.0000e+00
 151.408938      7.456    15.9492  37.195664    29.1263      7.389  252.94289  253.24297     0.3381     3.2257 0.0000e+00
 151.408941      7.493    15.9480  37.195910    29.1274      7.426  252.94698  253.24692     0.3537     3.2136 0.0000e+00
 151.408944      7.535    15.9472  37.195849    29.1274      7.467  252.95008  253.24997     0.3381     2.9224 0.0000e+00
 151.408947      7.573    15.9461  37.194192    29.1276      7.505  252.95646  253.25632     0.3537     2.9224 0.0000e+00
 151.408950      7.608    15.9449  37.193579    29.1276      7.540  252.96042  253.26016     0.4159     2.9224 0.0000e+00
 151.408953      7.644    15.9442  37.196340    29.1305      7.576  252.96042  253.26016     0.4159     2.9224 0.0000e+00
 151.408955      7.677    15.9438  37.197629    29.1305      7.608  252.96042  253.26016     0.4626     2.9427 0.0000e+00
 151.408958      7.713    15.9431  37.194254    29.1319      7.644  252.96775  253.26736     0.4782     3.1610 0.0000e+00
 151.408961      7.746    15.9419  37.197446    29.1332      7.677  252.96777  253.26746     0.5560     3.1610 0.0000e+00
 151.408964      7.786    15.9403  37.197262    29.1335      7.717  252.97401  253.27354     0.5560     3.1731 0.0000e+00
 151.408967      7.830    15.9393  37.195667    29.1342      7.760  252.97812  253.27755     0.5560     3.1934 0.0000e+00
 151.408970      7.878    15.9385  37.198919    29.1368      7.807  252.97812  253.27755     1.2253     3.2176 0.0000e+00
 151.408973      7.924    15.9373  37.202725    29.1410      7.853  252.97812  253.27755     1.2720     3.2378 0.0000e+00
 151.408976      7.969    15.9357  37.205487    29.1446      7.898  252.97902  253.27825     1.2720     3.2378 0.0000e+00
 151.408979      8.007    15.9348  37.204996    29.1450      7.936  252.98282  253.28201     1.3187     3.2398 0.0000e+00
 151.408981      8.035    15.9338  37.205058    29.1455      7.963  252.98662  253.28577     1.3654     3.2257 -9.990e-29
 151.408984      8.044    15.9290  37.205243    29.1493      7.972  253.00444  253.30333     1.3187     3.2459 -9.990e-29
 151.408987      8.042    15.9276  37.204506    29.1497      7.970  253.01090  253.30972     1.3187     3.2338 -9.990e-29
 151.408990      8.026    15.9256  37.203954    29.1506      7.954  253.01887  253.31759     1.3965     3.2419 -9.990e-29
 151.408993      8.009    15.9233  37.207269    29.1552      7.937  253.02251  253.32109     1.5833     3.1165 -9.990e-29
 151.408996      7.996    15.9211  37.208496    29.1579      7.925  253.02899  253.32744     1.5366     3.0963 -9.990e-29
 151.408999      7.991    15.9191  37.207944    29.1590      7.920  253.03755  253.33591     1.4587     3.1165 -9.990e-29
 151.409002      7.995    15.9176  37.210215    29.1620      7.923  253.03979  253.33805     1.6299     3.1165 -9.990e-29
 151.409005      8.017    15.9165  37.210031    29.1624      7.945  253.04434  253.34255     1.1163     2.9467 -9.990e-29
 151.409008      8.049    15.9165  37.209786    29.1619      7.977  253.04532  253.34353     1.1397     2.9690 0.0000e+00
 151.409010      8.095    15.9165  37.208497    29.1624      8.022  253.04517  253.34335     1.1163     2.9750 0.0000e+00
 151.409013      8.150    15.9160  37.210462    29.1630      8.077  253.04631  253.34452     1.1163     2.9750 0.0000e+00
 151.409016      8.204    15.9154  37.209603    29.1633      8.131  253.04885  253.34694     1.1163     2.9750 0.0000e+00
 151.409019      8.255    15.9145  37.211812    29.1644      8.182  253.04887  253.34703     1.3187     3.2783 0.0000e+00
 151.409022      8.306    15.9145  37.210462    29.1647      8.232  253.05121  253.34931     1.3342     3.2783 0.0000e+00
 151.409025      8.343    15.9141  37.210462    29.1647      8.268  253.05272  253.35080     1.4120     3.2945 0.0000e+00
 151.409028      8.378    15.9137  37.210892    29.1653      8.303  253.05272  253.35080     1.4120     3.3066 0.0000e+00
 151.409031      8.409    15.9135  37.212672    29.1670      8.333  253.05151  253.34955     2.8595     3.3632 0.0000e+00
 151.409034      8.438    15.9124  37.215496    29.1703      8.362  253.05151  253.34955     2.8595     3.3632 0.0000e+00
 151.409036      8.469    15.9117  37.216785    29.1714      8.393  253.05301  253.35093     2.8284     3.3612 0.0000e+00
 151.409039      8.498    15.9110  37.217522    29.1724      8.422  253.05458  253.35246     2.7973     3.3511 -9.990e-29
 151.409042      8.520    15.9081  37.218873    29.1763      8.444  253.06247  253.36019     3.8245     3.3834 -9.990e-29
 151.409045      8.540    15.9072  37.218996    29.1771      8.463  253.06587  253.36353     3.7622     3.3591 -9.990e-29
 151.409048      8.558    15.9055  37.224828    29.1834      8.482  253.06334  253.36089     3.7622     3.3389 -9.990e-29
 151.409051      8.573    15.9037  37.225074    29.1850      8.496  253.06983  253.36727     3.8245     3.3632 -9.990e-29
 151.409054      8.589    15.9022  37.227345    29.1881      8.512  253.07206  253.36942     3.7467     3.3672 -9.990e-29
 151.409057      8.604    15.9014  37.230538    29.1914      8.527  253.07024  253.36753     3.5288     3.4238 -9.990e-29
 151.409060      8.616    15.8999  37.228573    29.1908      8.539  253.07886  253.37608     3.4821     3.4562 -9.990e-29
 151.409063      8.627    15.8985  37.229372    29.1925      8.550  253.08272  253.37987     3.4665     3.4319 -9.990e-29
 151.409065      8.642    15.8973  37.230968    29.1948      8.565  253.08478  253.38186     3.4510     3.4117 -9.990e-29
 151.409068      8.658    15.8958  37.229618    29.1947      8.581  253.09248  253.38948     3.9179     3.4683 -9.990e-29
 151.409071      8.677    15.8941  37.233117    29.1990      8.599  253.09387  253.39076     3.7778     3.5007 -9.990e-29
 151.409074      8.702    15.8939  37.233056    29.1989      8.624  253.09513  253.39201     3.7700     3.4866 0.0000e+00
 151.409077      8.731    15.8937  37.232381    29.1990      8.653  253.09639  253.39326     3.7622     3.4724 0.0000e+00
 151.409080      8.769    15.8927  37.233793    29.2006      8.691  253.09785  253.39467     3.6689     3.3591 0.0000e+00
 151.409083      8.809    15.8914  37.235758    29.2032      8.731  253.09967  253.39641     3.5599     3.3025 0.0000e+00
 151.409086      8.853    15.8902  37.235943    29.2043      8.774  253.10418  253.40085     3.5599     3.2864 0.0000e+00
 151.409089      8.895    15.8891  37.235575    29.2047      8.816  253.10420  253.40085     3.5910     3.3025 0.0000e+00
 151.409091      8.937    15.8884  37.240302    29.2085      8.857  253.10862  253.40524     4.9918     3.9940 0.0000e+00
 151.409094      8.977    15.8881  37.238768    29.2089      8.897  253.10656  253.40310     5.0229     4.0082 0.0000e+00
 151.409097      9.007    15.8878  37.237356    29.2085      8.926  253.10891  253.40544     4.9918     3.9940 -9.990e-29
 151.409100      9.031    15.8861  37.239873    29.2106      8.950  253.11352  253.40995     5.1630     4.0102 -9.990e-29
 151.409103      9.043    15.8858  37.238277    29.2095      8.962  253.11712  253.41355     5.0385     3.9778 -9.990e-29
 151.409106      9.054    15.8857  37.240733    29.2117      8.973  253.11402  253.41043     8.6961     3.7635 -9.990e-29
 151.409109      9.070    15.8850  37.240119    29.2117      8.989  253.11734  253.41371     8.7739     3.7433 -9.990e-29
 151.409112      9.091    15.8830  37.241163    29.2137      9.009  253.12408  253.42034     8.8206     3.7554 -9.990e-29
 151.409115      9.123    15.8824  37.240795    29.2140      9.042  253.12616  253.42239     9.7233     3.9111 0.0000e+00
 151.409117      9.158    15.8819  37.240611    29.2143      9.076  253.12408  253.42034    10.5794     4.0668 0.0000e+00
 151.409120      9.191    15.8814  37.245339    29.2188      9.109  253.12390  253.42002    10.5794     4.0668 0.0000e+00
 151.409123      9.225    15.8812  37.246076    29.2193      9.143  253.12356  253.41969    10.5716     4.0627 0.0000e+00
 151.409126      9.253    15.8809  37.248839    29.2198      9.170  253.12390  253.42002    10.5638     4.0587 -9.990e-29
 151.409129      9.277    15.8792  37.250620    29.2250      9.194  253.12332  253.41933    12.2136     3.9980 -9.990e-29
 151.409132      9.295    15.8776  37.248840    29.2247      9.212  253.13226  253.42819    12.2292     3.9778 -9.990e-29
 151.409135      9.313    15.8757  37.250621    29.2276      9.230  253.13642  253.43225    12.1202     3.9940 -9.990e-29
 151.409138      9.318    15.8742  37.250375    29.2285      9.235  253.14244  253.43819    12.3070     3.9697 -9.990e-29
 151.409141      9.322    15.8735  37.252954    29.2312      9.239  253.14123  253.43692    17.8323     3.7352 -9.990e-29
 151.409144      9.337    15.8729  37.253384    29.2321      9.253  253.14297  253.43862    17.8323     3.7190 -9.990e-29
 151.409146      9.351    15.8707  37.254674    29.2338      9.267  253.15074  253.44628    17.8945     3.7393 -9.990e-29
 151.409149      9.377    15.8705  37.253569    29.2342      9.293  253.15142  253.44695    17.8790     3.7291 0.0000e+00
 151.409152      9.415    15.8702  37.254060    29.2346      9.331  253.15210  253.44761    17.8945     3.7393 0.0000e+00
 151.409155      9.459    15.8695  37.253815    29.2349      9.374  253.15517  253.45064    20.2759     4.1638 0.0000e+00
 151.409158      9.508    15.8688  37.255166    29.2365      9.423  253.15554  253.45097    20.2759     4.1962 0.0000e+00
 151.409161      9.563    15.8685  37.255596    29.2369      9.477  253.15611  253.45152    20.2759     4.2083 0.0000e+00
 151.409164      9.610    15.8683  37.254982    29.2370      9.524  253.15733  253.45273    20.2603     4.2104 0.0000e+00
 151.409167      9.646    15.8681  37.255781    29.2369      9.560  253.15855  253.45395    20.2759     4.2083 -9.990e-29
 151.409170      9.659    15.8668  37.256579    29.2392      9.573  253.16122  253.45654    22.2992     4.2164 -9.990e-29
 151.409172      9.656    15.8660  37.254676    29.2382      9.569  253.16706  253.46235    22.1903     4.2043 -9.990e-29
 151.409175      9.647    15.8650  37.253571    29.2379      9.560  253.17229  253.46753    22.1436     4.1800 -9.990e-29
 151.409178      9.629    15.8646  37.254983    29.2395      9.542  253.17193  253.46714    28.6961     4.3175 -9.990e-29
 151.409181      9.605    15.8641  37.254062    29.2390      9.519  253.17509  253.47028    28.6650     4.3418 -9.990e-29
 151.409184      9.578    15.8642  37.255413    29.2401      9.492  253.17244  253.46763    28.5249     4.2973 -9.990e-29
 151.409187      9.557    15.8640  37.254491    29.2395      9.472  253.17471  253.46990    28.5560     4.3094 -9.990e-29
 151.409190      9.547    15.8640  37.256579    29.2413      9.461  253.17156  253.46673    25.3031     4.1921 -9.990e-29
 151.409193      9.549    15.8639  37.256211    29.2411      9.463  253.17241  253.46758    25.1941     4.1557 -9.990e-29
 151.409196      9.560    15.8639  37.256334    29.2412      9.474  253.17223  253.46740    25.2253     4.1760 -9.990e-29
 151.409198      9.587    15.8640  37.255413    29.2403      9.501  253.17334  253.46852    25.1941     4.1719 -9.990e-29
 151.409201      9.613    15.8641  37.254921    29.2398      9.527  253.17380  253.46898    25.2097     4.1921 -9.990e-29
 151.409204      9.635    15.8640  37.255413    29.2403      9.549  253.17337  253.46855    30.5794     4.7825 -9.990e-29
 151.409207      9.655    15.8642  37.256457    29.2410      9.569  253.17091  253.46610    30.6572     4.7502 -9.990e-29
 151.409210      9.666    15.8643  37.257685    29.2420      9.579  253.16877  253.46395    30.6416     4.7663 -9.990e-29
 151.409213      9.671    15.8639  37.256641    29.2414      9.585  253.17183  253.46700    30.6572     4.7663 -9.990e-29
