seaocn-cb/data/ctd_cnv/SBE19plus_01907321_2024_05_28_Cast90.cnv
* Sea-Bird SBE19plus  Data File:
* FileName = E:\Prandtl_Daten\2024\28052024\raw\SBE19plus_01907321_2024_05_28_Cast90.hex
* Software version 2.6.1.12
* Temperature SN = 7321
* Conductivity SN = 7321
* System UpLoad Time = May 28 2024 11:13:09
* <ApplicationData>
* <Seaterm232>
** 20240527
** Sea Practical 2024
** MCat 27.05 CTD_SP7
** NMEA Latitude = 54 8.29N
** NMEA Longitude = 008 20.58E
** waterdepth = 13.7m
** Isabelle
# nquan = 11
# nvalues = 459                         
# units = specified
# name 0 = timeJ: Julian Days
# name 1 = prdM: Pressure, Strain Gauge [db]
# name 2 = tv290C: Temperature [ITS-90, deg C]
# name 3 = c0mS/cm: Conductivity [mS/cm]
# name 4 = sal00: Salinity, Practical [PSU]
# name 5 = depSM: Depth [salt water, m], lat = 54.00
# name 6 = oxsatMm/Kg: Oxygen Saturation, Weiss [umol/kg]
# name 7 = oxsolMm/Kg: Oxygen Saturation, Garcia & Gordon [umol/kg]
# name 8 = turbWETntu0: Turbidity, WET Labs ECO [NTU]
# name 9 = flECO-AFL: Fluorescence, WET Labs ECO-AFL/FL [mg/m^3]
# name 10 = flag:  0.000e+00
# span 0 = 149.464317, 149.465642       
# span 1 =      0.172,     13.272       
# span 2 =    15.1105,    16.6300       
# span 3 =  37.095645,  37.788227       
# span 4 =    28.5628,    30.2774       
# span 5 =      0.171,     13.153       
# span 6 =  250.49914,  255.19298       
# span 7 =  250.83365,  255.44313       
# span 8 =    -4.1444,    24.2603       
# span 9 =     2.2027,     7.3785       
# span 10 = 0.0000e+00, 0.0000e+00      
# interval = seconds: 0.25
# start_time = May 28 2024 11:07:22 [Instrument's time stamp, header]
# bad_flag = -9.990e-29
*END*
 149.464317      0.172    16.6163  37.098402    28.5628      0.171  250.59712  250.93115    -3.3817     2.7000 0.0000e+00
 149.464320      0.202    16.6115  37.101590    28.5683      0.200  250.61025  250.94403    -3.3195     2.2108 0.0000e+00
 149.464323      0.269    16.6108  37.100426    28.5683      0.267  250.61439  250.94815    -3.3195     2.2108 0.0000e+00
 149.464326      0.412    16.6077  37.095645    28.5683      0.408  250.63288  250.96652    -3.3195     2.2027 0.0000e+00
 149.464329      0.569    16.6021  37.097485    28.5719      0.564  250.64827  250.98158    -3.2728     2.2350 0.0000e+00
 149.464332      0.673    16.6018  37.100674    28.5735      0.667  250.64967  250.98300    -3.1794     2.3078 0.0000e+00
 149.464334      0.700    16.6016  37.109501    28.5750      0.694  250.64827  250.98158    -3.0860     2.4129 -9.990e-29
 149.464337      0.675    16.6168  37.116919    28.5781      0.669  250.56860  250.90255    -3.0393     2.4453 -9.990e-29
 149.464340      0.629    16.6233  37.132248    28.5865      0.624  250.52186  250.85605    -2.9771     2.4695 -9.990e-29
 149.464343      0.609    16.6300  37.130898    28.5806      0.604  250.49914  250.83365    -2.9926     2.4615 -9.990e-29
 149.464346      0.642    16.6029  37.122805    28.5902      0.636  250.61633  250.94960    -3.7397     2.4695 -9.990e-29
 149.464349      0.724    16.5894  37.119496    28.5999      0.718  250.66598  250.99859    -3.6619     2.4594 0.0000e+00
 149.464352      0.832    16.5760  37.119745    28.6095      0.824  250.71562  251.04758    -3.5841     2.4534 0.0000e+00
 149.464355      0.916    16.5672  37.122262    28.6168      0.908  250.74644  251.07797    -3.5218     2.4513 0.0000e+00
 149.464358      0.954    16.5584  37.128826    28.6242      0.945  250.77726  251.10835    -3.4595     2.4534 -9.990e-29
 149.464361      0.959    16.5118  37.132999    28.6667      0.951  250.93412  251.26288    -3.5529     2.9143 -9.990e-29
 149.464363      0.932    16.4851  37.135884    28.6883      0.923  251.02901  251.35645    -3.5841     2.9143 -9.990e-29
 149.464366      0.888    16.4577  37.137359    28.7092      0.880  251.12863  251.45470    -3.6308     2.9305 -9.990e-29
 149.464369      0.853    16.4343  37.143618    28.7314      0.846  251.20646  251.53135    -3.6152     2.7162 -9.990e-29
 149.464372      0.831    16.4139  37.145706    28.7479      0.824  251.27900  251.60286    -3.5529     2.7203 -9.990e-29
 149.464375      0.831    16.3938  37.145647    28.7623      0.823  251.35377  251.67665    -3.6152     2.7203 -9.990e-29
 149.464378      0.853    16.3761  37.145956    28.7752      0.845  251.41901  251.74100    -3.5218     2.7405 -9.990e-29
 149.464381      0.893    16.3487  37.145160    28.7989      0.885  251.51430  251.83490    -3.5529     2.4493 -9.990e-29
 149.464384      0.957    16.3437  37.150498    28.8020      0.948  251.53391  251.85427    -3.5529     2.4432 0.0000e+00
 149.464387      1.050    16.3387  37.149334    28.8051      1.040  251.55353  251.87364    -3.5529     2.4493 0.0000e+00
 149.464389      1.154    16.3301  37.147986    28.8100      1.143  251.58734  251.90704    -3.5374     2.4776 0.0000e+00
 149.464392      1.241    16.3202  37.148663    28.8178      1.230  251.62355  251.94274    -3.5062     2.4898 0.0000e+00
 149.464395      1.311    16.3161  37.147805    28.8203      1.299  251.63933  251.95832    -3.3895     2.5343 0.0000e+00
 149.464398      1.345    16.3120  37.147070    28.8229      1.333  251.65511  251.97390    -3.2728     2.5909 -9.990e-29
 149.464401      1.353    16.3050  37.147315    28.8276      1.340  251.68222  252.00066    -3.2105     2.5989 -9.990e-29
 149.464404      1.345    16.3017  37.147377    28.8300      1.333  251.69411  252.01239    -3.1794     2.5949 -9.990e-29
 149.464407      1.329    16.2980  37.149156    28.8342      1.317  251.70525  252.02333    -3.5841     2.8497 -9.990e-29
 149.464410      1.316    16.2950  37.146090    28.8337      1.304  251.72116  252.03910    -3.5218     2.8537 -9.990e-29
 149.464413      1.340    16.2883  37.143207    28.8355      1.328  251.75133  252.06896    -3.6463     2.8416 -9.990e-29
 149.464416      1.395    16.2864  37.142533    28.8379      1.382  251.75643  252.07396    -3.4128     2.8901 0.0000e+00
 149.464418      1.459    16.2845  37.145171    28.8397      1.446  251.76153  252.07896    -3.4284     2.9386 0.0000e+00
 149.464421      1.512    16.2829  37.141615    28.8400      1.498  251.77032  252.08767    -3.3039     2.9508 0.0000e+00
 149.464424      1.550    16.2812  37.142781    28.8397      1.536  251.77911  252.09639    -3.4284     2.9629 -9.990e-29
 149.464427      1.559    16.2738  37.140266    28.8439      1.545  251.80868  252.12560    -3.3195     2.9427 -9.990e-29
 149.464430      1.561    16.2718  37.136955    28.8426      1.547  251.82137  252.13821    -3.7086     2.8780 -9.990e-29
 149.464433      1.567    16.2704  37.142291    28.8481      1.553  251.81857  252.13530    -3.6930     2.8618 -9.990e-29
 149.464436      1.581    16.2694  37.136158    28.8435      1.567  251.83125  252.14797    -3.8798     2.8497 -9.990e-29
 149.464439      1.603    16.2679  37.139531    28.8476      1.588  251.83196  252.14858    -3.7708     2.8416 -9.990e-29
 149.464442      1.624    16.2663  37.141188    28.8497      1.610  251.83634  252.15288    -3.3195     3.1448 -9.990e-29
 149.464444      1.650    16.2664  37.140636    28.8491      1.635  251.83715  252.15370    -3.3895     3.1509 0.0000e+00
 149.464447      1.679    16.2663  37.139348    28.8497      1.664  251.83634  252.15288    -3.3195     3.1570 0.0000e+00
 149.464450      1.710    16.2661  37.142967    28.8485      1.695  251.83796  252.15451    -3.2728     3.1731 0.0000e+00
 149.464453      1.745    16.2649  37.137631    28.8480      1.729  251.84593  252.16242    -3.2728     3.1731 0.0000e+00
 149.464456      1.794    16.2629  37.135730    28.8480      1.778  251.85626  252.17266    -3.5841     2.8577 0.0000e+00
 149.464459      1.845    16.2603  37.134811    28.8489      1.829  251.86724  252.18351    -3.5841     2.8577 0.0000e+00
 149.464462      1.903    16.2583  37.137080    28.8523      1.886  251.87169  252.18785    -3.5685     2.8618 0.0000e+00
 149.464465      1.962    16.2572  37.139105    28.8523      1.944  251.87262  252.18871    -3.5218     2.8780 0.0000e+00
 149.464468      2.013    16.2571  37.133279    28.8524      1.995  251.87755  252.19365    -3.3817     2.9831 0.0000e+00
 149.464470      2.053    16.2569  37.135732    28.8500      2.035  251.88248  252.19859    -3.2416     3.0882 -9.990e-29
 149.464473      2.078    16.2558  37.136713    28.8537      2.060  251.88161  252.19765    -3.3195     3.1287 -9.990e-29
 149.464476      2.093    16.2551  37.138676    28.8559      2.074  251.88111  252.19710    -3.3350     3.0801 -9.990e-29
 149.464479      2.095    16.2545  37.136652    28.8546      2.076  251.88651  252.20247    -3.7397     3.2500 -9.990e-29
 149.464482      2.095    16.2537  37.134813    28.8536      2.076  251.89223  252.20817    -3.8020     3.2176 -9.990e-29
 149.464485      2.092    16.2530  37.134813    28.8541      2.073  251.89492  252.21082    -3.8487     3.2338 -9.990e-29
 149.464488      2.103    16.2520  37.135671    28.8556      2.084  251.89725  252.21310    -3.7708     3.2257 -9.990e-29
 149.464491      2.117    16.2490  37.132544    28.8507      2.098  251.92044  252.23619    -3.7241     3.2176 -9.990e-29
 149.464494      2.150    16.2484  37.127516    28.8537      2.131  251.91796  252.23366    -3.7085     3.2135 0.0000e+00
 149.464497      2.186    16.2479  37.133710    28.8534      2.167  251.92044  252.23619    -3.6930     3.2176 0.0000e+00
 149.464499      2.239    16.2466  37.128681    28.8568      2.219  251.92775  252.24337    -3.5996     3.2257 0.0000e+00
 149.464502      2.298    16.2442  37.131503    28.8568      2.277  251.93258  252.24806    -3.5062     3.2257 0.0000e+00
 149.464505      2.356    16.2415  37.128437    28.8575      2.335  251.94734  252.26270    -3.1327     2.8213 0.0000e+00
 149.464508      2.413    16.2402  37.132546    28.8595      2.391  251.94910  252.26439    -3.1249     2.8072 0.0000e+00
 149.464511      2.453    16.2389  37.129113    28.8622      2.431  251.95086  252.26607    -3.1171     2.7930 -9.990e-29
 149.464514      2.477    16.2351  37.130278    28.8630      2.455  251.96833  252.28336    -3.0860     2.8254 -9.990e-29
 149.464517      2.484    16.2339  37.129358    28.8631      2.462  251.97449  252.28946    -3.0549     3.1084 -9.990e-29
 149.464520      2.475    16.2329  37.133222    28.8671      2.453  251.97234  252.28724    -3.0860     3.1044 -9.990e-29
 149.464523      2.460    16.2319  37.132977    28.8677      2.438  251.97659  252.29144    -3.0860     3.1165 -9.990e-29
 149.464525      2.449    16.2310  37.132609    28.8680      2.427  251.98012  252.29493    -3.1171     3.0923 -9.990e-29
 149.464528      2.458    16.2298  37.128684    28.8691      2.436  251.98457  252.29932    -3.4129     2.9790 -9.990e-29
 149.464531      2.495    16.2296  37.132854    28.8689      2.473  251.98593  252.30067    -3.4207     2.9770 0.0000e+00
 149.464534      2.559    16.2294  37.132057    28.8687      2.536  251.98729  252.30202    -3.4129     2.9750 0.0000e+00
 149.464537      2.639    16.2288  37.130709    28.8687      2.615  251.98729  252.30202    -3.4129     2.9629 0.0000e+00
 149.464540      2.719    16.2288  37.134143    28.8701      2.695  251.98808  252.30278    -3.4129     2.9629 0.0000e+00
 149.464543      2.793    16.2287  37.133224    28.8701      2.768  251.98808  252.30278    -3.4907     2.9103 0.0000e+00
 149.464546      2.849    16.2286  37.131507    28.8694      2.824  251.98982  252.30452    -3.5685     2.8962 0.0000e+00
 149.464549      2.889    16.2285  37.132304    28.8687      2.864  251.99156  252.30625    -3.6463     2.8820 -9.990e-29
 149.464552      2.911    16.2278  37.133899    28.8712      2.885  251.99044  252.30509    -3.6463     2.9143 -9.990e-29
 149.464554      2.919    16.2276  37.132182    28.8699      2.892  251.99389  252.30853    -3.4907     2.7486 -9.990e-29
 149.464557      2.915    16.2273  37.132304    28.8703      2.889  251.99490  252.30953    -3.5685     2.8173 -9.990e-29
 149.464560      2.900    16.2266  37.129790    28.8686      2.874  252.00102  252.31563    -3.5996     2.7607 -9.990e-29
 149.464563      2.876    16.2262  37.134328    28.8728      2.851  251.99607  252.31063    -3.5996     2.7566 -9.990e-29
 149.464566      2.869    16.2263  37.130464    28.8694      2.844  252.00120  252.31579    -3.4907     3.2176 -9.990e-29
 149.464569      2.869    16.2258  37.129606    28.8690      2.844  252.00427  252.31884    -3.5841     3.2176 -9.990e-29
 149.464572      2.884    16.2250  37.132550    28.8701      2.858  252.00639  252.32091    -3.5062     3.2257 -9.990e-29
 149.464575      2.926    16.2242  37.130219    28.8725      2.900  252.00650  252.32097    -3.5140     3.0438 0.0000e+00
 149.464578      2.992    16.2233  37.134329    28.8748      2.965  252.00661  252.32103    -3.5218     2.8618 0.0000e+00
 149.464580      3.068    16.2204  37.135249    28.8778      3.041  252.01636  252.33062    -3.5529     2.8254 0.0000e+00
 149.464583      3.165    16.2167  37.138071    28.8828      3.137  252.02599  252.34005    -3.5529     2.8254 0.0000e+00
 149.464586      3.256    16.2112  37.138011    28.8867      3.227  252.04648  252.36026    -3.4595     2.8254 0.0000e+00
 149.464589      3.335    16.2079  37.143286    28.8914      3.305  252.05500  252.36860    -3.4517     2.8476 0.0000e+00
 149.464592      3.391    16.2046  37.141632    28.8961      3.361  252.06352  252.37694    -3.4595     2.8699 -9.990e-29
 149.464595      3.413    16.1929  37.139118    28.9009      3.382  252.11344  252.42629    -3.6152     2.8416 -9.990e-29
 149.464598      3.413    16.1902  37.139547    28.9032      3.382  252.12268  252.43539    -3.5529     2.8254 -9.990e-29
 149.464601      3.393    16.1882  37.138934    28.9042      3.362  252.13135  252.44396    -3.6463     2.8335 -9.990e-29
 149.464604      3.365    16.1876  37.141939    28.9072      3.335  252.12896  252.44153    -3.6308     2.9629 -9.990e-29
 149.464606      3.334    16.1878  37.142123    28.9073      3.305  252.12807  252.44064    -3.6308     2.9750 -9.990e-29
 149.464609      3.316    16.1858  37.146417    28.9124      3.286  252.12916  252.44160    -3.5374     2.9629 -9.990e-29
 149.464612      3.309    16.1777  37.150895    28.9222      3.279  252.15270  252.46470    -3.6463     2.9629 -9.990e-29
 149.464615      3.331    16.1573  37.151633    28.9377      3.301  252.22740  252.53836    -3.5062     2.7324 -9.990e-29
 149.464618      3.375    16.1534  37.151757    28.9423      3.344  252.23891  252.54966    -3.5918     2.7264 0.0000e+00
 149.464621      3.438    16.1495  37.155990    28.9470      3.407  252.25042  252.56096    -3.5374     2.7324 0.0000e+00
 149.464624      3.518    16.1420  37.156237    28.9527      3.487  252.27819  252.58835    -3.5374     2.7324 0.0000e+00
 149.464627      3.602    16.1364  37.155624    28.9561      3.570  252.29977  252.60965    -3.5374     2.8133 0.0000e+00
 149.464630      3.685    16.1310  37.157098    28.9613      3.652  252.31794  252.62754    -3.5529     2.8335 0.0000e+00
 149.464633      3.743    16.1261  37.160411    28.9677      3.709  252.33126  252.64059    -3.5996     2.8416 0.0000e+00
 149.464635      3.788    16.1243  37.164890    28.9710      3.754  252.33480  252.64403    -3.6230     2.8456 0.0000e+00
 149.464638      3.814    16.1224  37.163295    28.9743      3.780  252.33835  252.64746    -3.6463     2.8577 -9.990e-29
 149.464641      3.823    16.1168  37.160658    28.9747      3.789  252.36589  252.67474    -3.2416     2.7081 -9.990e-29
 149.464644      3.818    16.1145  37.163296    28.9786      3.784  252.37032  252.67904    -3.3817     2.7162 -9.990e-29
 149.464647      3.809    16.1126  37.161946    28.9789      3.775  252.37950  252.68812    -3.3506     2.6919 -9.990e-29
 149.464650      3.805    16.1098  37.168511    28.9866      3.771  252.38015  252.68860    -3.2416     2.7041 -9.990e-29
 149.464653      3.809    16.1049  37.167591    28.9893      3.775  252.39975  252.70795    -3.7086     2.6798 -9.990e-29
 149.464656      3.820    16.0902  37.172807    29.0080      3.786  252.44136  252.74874    -3.6930     2.6475 -9.990e-29
 149.464659      3.849    16.0863  37.176735    29.0122      3.814  252.45371  252.76088    -3.8019     2.6394 0.0000e+00
 149.464661      3.893    16.0823  37.179804    29.0164      3.858  252.46605  252.77302    -3.6930     2.6313 0.0000e+00
 149.464664      3.942    16.0748  37.186984    29.0281      3.907  252.48370  252.79024    -3.5841     2.5423 0.0000e+00
 149.464667      3.995    16.0657  37.188765    29.0362      3.960  252.51479  252.82085    -3.5529     2.5342 0.0000e+00
 149.464670      4.053    16.0571  37.192202    29.0455      4.017  252.54190  252.84750    -3.5529     2.5342 0.0000e+00
 149.464673      4.110    16.0479  37.191283    29.0514      4.073  252.57791  252.88304    -3.6774     2.5342 0.0000e+00
 149.464676      4.166    16.0405  37.193248    29.0584      4.129  252.60244  252.90718    -3.7708     2.5626 0.0000e+00
 149.464679      4.219    16.0365  37.192635    29.0587      4.181  252.61860  252.92313    -3.8487     2.5787 0.0000e+00
 149.464682      4.266    16.0355  37.188463    29.0598      4.228  252.62546  252.92996    -3.8098     2.5707 0.0000e+00
 149.464685      4.294    16.0345  37.192636    29.0587      4.255  252.63233  252.93678    -3.8487     2.5787 -9.990e-29
 149.464688      4.308    16.0319  37.191286    29.0630      4.270  252.63767  252.94197    -3.9109     2.5989 -9.990e-29
 149.464690      4.312    16.0303  37.191286    29.0642      4.273  252.64393  252.94815    -3.5218     2.8335 -9.990e-29
 149.464693      4.312    16.0282  37.195152    29.0691      4.273  252.64589  252.94998    -3.5062     2.8537 -9.990e-29
