seaocn-cb/data/ctd_cnv/SBE19plus_01907321_2024_05_29_Cast109.cnv
* Sea-Bird SBE19plus  Data File:
* FileName = E:\Prandtl_Daten\2024\29052024\raw\SBE19plus_01907321_2024_05_29_Cast109.hex
* Software version 2.6.1.12
* Temperature SN = 7321
* Conductivity SN = 7321
* System UpLoad Time = May 29 2024 12:52:00
* <ApplicationData>
* <Seaterm232>
** 20240527
** Sea Practical 2024
** MCat 27.05 CTD_SP5
** NMEA Latitude = 54 07.75N
** NMEA Longitude = 008 25.58E
** waterdepth = 10.5m
** Till
# nquan = 11
# nvalues = 336                         
# units = specified
# name 0 = timeJ: Julian Days
# name 1 = prdM: Pressure, Strain Gauge [db]
# name 2 = tv290C: Temperature [ITS-90, deg C]
# name 3 = c0mS/cm: Conductivity [mS/cm]
# name 4 = sal00: Salinity, Practical [PSU]
# name 5 = depSM: Depth [salt water, m], lat = 54.00
# name 6 = oxsatMm/Kg: Oxygen Saturation, Weiss [umol/kg]
# name 7 = oxsolMm/Kg: Oxygen Saturation, Garcia & Gordon [umol/kg]
# name 8 = turbWETntu0: Turbidity, WET Labs ECO [NTU]
# name 9 = flECO-AFL: Fluorescence, WET Labs ECO-AFL/FL [mg/m^3]
# name 10 = flag:  0.000e+00
# span 0 = 150.532911, 150.533880       
# span 1 =      0.830,      9.825       
# span 2 =    15.5489,    15.5678       
# span 3 =  37.564295,  37.601858       
# span 4 =    29.7410,    29.7704       
# span 5 =      0.822,      9.737       
# span 6 =  253.75696,  253.86147       
# span 7 =  254.03394,  254.13810       
# span 8 =    -0.4401,   164.9607       
# span 9 =     2.5100,     5.4942       
# span 10 = 0.0000e+00, 0.0000e+00      
# interval = seconds: 0.25
# start_time = May 29 2024 12:45:57 [Instrument's time stamp, header]
# bad_flag = -9.990e-29
*END*
[from data line 132]
 150.533293      4.300    15.5570  37.592438    29.7663      4.261  253.80910  254.08562     1.6455     3.9374 -9.990e-29
 150.533296      4.319    15.5569  37.591267    29.7654      4.281  253.81120  254.08772     1.5366     3.9414 -9.990e-29
 150.533299      4.347    15.5567  37.593116    29.7686      4.308  253.80675  254.08324     1.5210     3.9859 -9.990e-29
 150.533302      4.392    15.5569  37.594780    29.7687      4.353  253.80570  254.08220     1.5521     3.9920 0.0000e+00
 150.533304      4.449    15.5570  37.595397    29.7686      4.409  253.80675  254.08324     1.5833     3.9900 0.0000e+00
 150.533307      4.513    15.5571  37.592131    29.7672      4.473  253.80728  254.08380     1.6144     3.9980 0.0000e+00
 150.533310      4.588    15.5571  37.593548    29.7659      4.547  253.80940  254.08593     2.7817     4.2973 0.0000e+00
 150.533313      4.666    15.5572  37.590405    29.7672      4.624  253.80728  254.08380     2.8595     4.2973 0.0000e+00
 150.533316      4.754    15.5574  37.594289    29.7664      4.711  253.80700  254.08354     2.8595     4.3094 0.0000e+00
 150.533319      4.832    15.5574  37.593056    29.7664      4.789  253.80700  254.08354     2.8595     4.2932 0.0000e+00
 150.533322      4.903    15.5573  37.591947    29.7655      4.859  253.80903  254.08558     1.8634     3.8282 0.0000e+00
 150.533325      4.963    15.5572  37.591084    29.7655      4.919  253.80915  254.08567     1.7856     3.7959 0.0000e+00
 150.533328      5.005    15.5571  37.592872    29.7657      4.960  253.81007  254.08659     1.8245     3.7938 0.0000e+00
 150.533330      5.033    15.5569  37.591270    29.7665      4.988  253.80915  254.08567     1.7856     3.7959 -9.990e-29
 150.533333      5.045    15.5566  37.590099    29.7643      5.000  253.81459  254.09111     1.7700     3.7918 -9.990e-29
 150.533336      5.036    15.5566  37.590592    29.7648      4.991  253.81383  254.09035     1.5988     3.7352 -9.990e-29
 150.533339      5.011    15.5568  37.591023    29.7650      4.966  253.81257  254.08909     1.6144     3.7352 -9.990e-29
 150.533342      4.969    15.5569  37.592379    29.7661      4.925  253.80988  254.08640     1.6611     3.7352 -9.990e-29
 150.533345      4.922    15.5571  37.593550    29.7671      4.878  253.80748  254.08400     1.5833     3.7069 -9.990e-29
 150.533348      4.876    15.5572  37.592378    29.7660      4.832  253.80895  254.08548     1.5521     3.4643 -9.990e-29
 150.533351      4.845    15.5573  37.594042    29.7673      4.802  253.80579  254.08232     1.5988     3.4885 -9.990e-29
 150.533354      4.832    15.5573  37.587509    29.7616      4.789  253.81608  254.09265     1.5210     3.4845 -9.990e-29
 150.533356      4.845    15.5571  37.593364    29.7669      4.802  253.80771  254.08424     1.4587     3.4400 -9.990e-29
 150.533359      4.870    15.5570  37.592810    29.7665      4.827  253.80887  254.08539     1.5833     3.7878 -9.990e-29
 150.533362      4.916    15.5569  37.591023    29.7650      4.872  253.81222  254.08875     1.5833     3.8039 -9.990e-29
 150.533365      4.967    15.5569  37.593673    29.7657      4.923  253.81058  254.08710     1.5833     3.7918 -9.990e-29
 150.533368      5.031    15.5570  37.591948    29.7663      4.986  253.80928  254.08579     1.4666     3.7938 0.0000e+00
 150.533371      5.102    15.5570  37.593489    29.7657      5.057  253.81045  254.08699     1.3498     3.7959 0.0000e+00
 150.533374      5.181    15.5572  37.591517    29.7658      5.134  253.80797  254.08449     1.3187     3.7959 0.0000e+00
 150.533377      5.255    15.5576  37.592626    29.7651      5.208  253.80894  254.08552     1.3187     3.8161 0.0000e+00
 150.533380      5.332    15.5578  37.591024    29.7651      5.285  253.80732  254.08388     1.3342     3.7959 0.0000e+00
 150.533383      5.405    15.5581  37.592380    29.7651      5.357  253.80573  254.08232     1.3965     3.8039 0.0000e+00
 150.533385      5.475    15.5584  37.593243    29.7651      5.426  253.80462  254.08123     1.5210     3.8039 0.0000e+00
 150.533388      5.536    15.5585  37.592196    29.7656      5.487  253.80328  254.07987     1.5521     3.8039 0.0000e+00
 150.533391      5.589    15.5585  37.595894    29.7662      5.539  253.80181  254.07841     1.5599     3.8080 0.0000e+00
 150.533394      5.624    15.5585  37.592874    29.7678      5.574  253.79899  254.07558     1.5988     3.7918 -9.990e-29
 150.533397      5.642    15.5582  37.593244    29.7657      5.592  253.80426  254.08084     2.6105     3.7312 -9.990e-29
 150.533400      5.646    15.5584  37.591518    29.7641      5.596  253.80631  254.08292     2.5638     3.7393 -9.990e-29
 150.533403      5.634    15.5582  37.593675    29.7661      5.583  253.80359  254.08017     2.5171     3.7433 -9.990e-29
 150.533406      5.608    15.5580  37.593552    29.7661      5.558  253.80435  254.08093     2.5638     3.7231 -9.990e-29
 150.533409      5.577    15.5575  37.590409    29.7638      5.528  253.81120  254.08777     2.7350     4.1436 -9.990e-29
 150.533411      5.539    15.5574  37.592442    29.7656      5.490  253.80836  254.08491     2.5638     4.0910 -9.990e-29
 150.533414      5.504    15.5573  37.592381    29.7657      5.455  253.80902  254.08556     2.5638     4.1355 -9.990e-29
 150.533417      5.469    15.5568  37.589669    29.7637      5.420  253.81492  254.09145     2.5949     4.1113 -9.990e-29
 150.533420      5.453    15.5565  37.591518    29.7655      5.404  253.81296  254.08947     2.2836     3.5896 -9.990e-29
 150.533423      5.451    15.5562  37.589854    29.7643      5.402  253.81668  254.09318     2.3148     3.6058 -9.990e-29
 150.533426      5.474    15.5560  37.590840    29.7653      5.426  253.81607  254.09255     2.3303     3.6301 -9.990e-29
 150.533429      5.515    15.5558  37.593798    29.7681      5.465  253.81245  254.08889     2.4393     3.6139 -9.990e-29
 150.533432      5.576    15.5558  37.593244    29.7648      5.526  253.81819  254.09466     3.6222     3.8039 -9.990e-29
 150.533435      5.649    15.5559  37.590101    29.7634      5.599  253.82009  254.09657     3.6066     3.8221 0.0000e+00
 150.533437      5.735    15.5560  37.587081    29.7648      5.684  253.81819  254.09466     3.5910     3.8403 0.0000e+00
 150.533440      5.819    15.5560  37.590595    29.7649      5.767  253.81636  254.09284     3.5910     3.8646 0.0000e+00
 150.533443      5.903    15.5558  37.592136    29.7651      5.850  253.81636  254.09284     3.5910     3.8646 0.0000e+00
 150.533446      5.975    15.5551  37.590102    29.7665      5.922  253.82060  254.09698     4.1047     3.6948 0.0000e+00
 150.533449      6.047    15.5544  37.592136    29.7675      5.993  253.82073  254.09717     4.1513     3.6746 0.0000e+00
 150.533452      6.103    15.5533  37.593554    29.7688      6.049  253.82229  254.09860     4.1513     3.6705 0.0000e+00
 150.533455      6.147    15.5528  37.591952    29.7692      6.092  253.82529  254.10159     4.1280     3.6726 0.0000e+00
 150.533458      6.180    15.5524  37.590781    29.7688      6.125  253.82829  254.10457     4.0891     3.6705 -9.990e-29
 150.533461      6.200    15.5516  37.589302    29.7670      6.145  253.83532  254.11157     5.1163     3.9778 -9.990e-29
 150.533464      6.215    15.5516  37.591275    29.7687      6.159  253.83231  254.10855     5.0229     3.9940 -9.990e-29
 150.533466      6.228    15.5516  37.589980    29.7676      6.172  253.83430  254.11055     5.0229     3.9819 -9.990e-29
 150.533469      6.237    15.5514  37.591275    29.7689      6.181  253.83291  254.10914     3.3264     4.1113 -9.990e-29
 150.533472      6.242    15.5511  37.589056    29.7671      6.186  253.83749  254.11371     3.2953     4.1072 -9.990e-29
 150.533475      6.242    15.5508  37.591521    29.7695      6.186  253.83489  254.11108     3.2175     4.0991 -9.990e-29
 150.533478      6.237    15.5507  37.591090    29.7693      6.181  253.83613  254.11232     3.2486     4.1194 -9.990e-29
 150.533481      6.224    15.5509  37.591275    29.7693      6.168  253.83496  254.11116     3.2486     4.1194 -9.990e-29
 150.533484      6.204    15.5514  37.590843    29.7685      6.149  253.83385  254.11008     5.2564     3.8565 -9.990e-29
 150.533487      6.171    15.5515  37.590350    29.7680      6.116  253.83399  254.11023     5.3809     3.8646 -9.990e-29
 150.533490      6.145    15.5519  37.589980    29.7674      6.090  253.83307  254.10934     5.3031     3.8606 -9.990e-29
 150.533492      6.123    15.5518  37.587761    29.7655      6.069  253.83675  254.11303     5.2720     3.8767 -9.990e-29
 150.533495      6.111    15.5519  37.590781    29.7681      6.056  253.83183  254.10809     3.8556     3.7109 -9.990e-29
 150.533498      6.109    15.5522  37.586405    29.7641      6.054  253.83764  254.11394     3.7934     3.7352 -9.990e-29
 150.533501      6.129    15.5528  37.588932    29.7669      6.074  253.82958  254.10589     3.8712     3.7635 -9.990e-29
 150.533504      6.176    15.5528  37.590165    29.7671      6.121  253.82898  254.10530     4.3771     3.8747 0.0000e+00
 150.533507      6.255    15.5529  37.590781    29.7669      6.199  253.82958  254.10589     4.7895     3.9859 0.0000e+00
 150.533510      6.362    15.5529  37.587947    29.7673      6.305  253.82838  254.10470     4.7895     3.9859 0.0000e+00
 150.533513      6.495    15.5527  37.591707    29.7682      6.437  253.82837  254.10466     4.7895     3.9778 0.0000e+00
 150.533516      6.639    15.5525  37.591707    29.7682      6.580  253.82837  254.10466     4.7895     3.9697 0.0000e+00
 150.533519      6.787    15.5521  37.587825    29.7657      6.727  253.83617  254.11246     8.0580     3.9495 0.0000e+00
 150.533521      6.917    15.5510  37.587518    29.7655      6.855  253.84083  254.11706     8.0580     3.9131 0.0000e+00
 150.533524      7.019    15.5506  37.586655    29.7656      6.956  253.84299  254.11921     8.0268     3.9313 0.0000e+00
 150.533527      7.085    15.5502  37.588628    29.7655      7.021  253.84515  254.12135     7.9490     3.9131 -9.990e-29
 150.533530      7.109    15.5489  37.591278    29.7704      7.045  253.84283  254.11893     8.1202     3.9091 -9.990e-29
 150.533533      7.090    15.5489  37.588196    29.7677      7.027  253.84754  254.12366     8.7117     3.9131 -9.990e-29
 150.533536      7.041    15.5490  37.590353    29.7696      6.978  253.84392  254.12002     8.7584     3.9010 -9.990e-29
 150.533539      6.958    15.5490  37.587765    29.7673      6.895  253.84783  254.12395     8.8517     3.9212 -9.990e-29
 150.533542      6.864    15.5491  37.588257    29.7678      6.803  253.84672  254.12285     8.7895     3.9495 -9.990e-29
 150.533545      6.775    15.5496  37.589305    29.7684      6.714  253.84330  254.11945     7.0152     3.9859 -9.990e-29
 150.533547      6.700    15.5502  37.589181    29.7678      6.640  253.84110  254.11727     7.1397     3.9617 -9.990e-29
 150.533550      6.647    15.5507  37.589489    29.7677      6.588  253.83854  254.11474     7.0152     3.9900 -9.990e-29
 150.533553      6.622    15.5510  37.591276    29.7691      6.562  253.83490  254.11111     6.9529     4.0183 -9.990e-29
 150.533556      6.627    15.5511  37.587948    29.7660      6.568  253.83941  254.11565     6.6416     3.9738 -9.990e-29
 150.533559      6.660    15.5512  37.588749    29.7667      6.600  253.83791  254.11415     6.7194     3.9738 -9.990e-29
 150.533562      6.705    15.5513  37.589489    29.7672      6.645  253.83651  254.11275     6.4393     3.9859 -9.990e-29
 150.533565      6.778    15.5514  37.585483    29.7636      6.717  253.84210  254.11837     6.5638     3.9738 -9.990e-29
 150.533568      6.857    15.5514  37.590414    29.7679      6.795  253.83460  254.11084     5.3654     4.1234 -9.990e-29
 150.533571      6.948    15.5523  37.586655    29.7660      6.886  253.83355  254.10984     5.2720     4.1153 -9.990e-29
 150.533573      7.041    15.5524  37.589059    29.7663      6.978  253.83247  254.10877     5.2954     4.1072 0.0000e+00
 150.533576      7.121    15.5525  37.590107    29.7660      7.057  253.83355  254.10984     5.3187     4.1153 0.0000e+00
 150.533579      7.203    15.5529  37.585362    29.7624      7.138  253.83614  254.11249     5.3498     4.0991 0.0000e+00
 150.533582      7.278    15.5530  37.585732    29.7624      7.212  253.83614  254.11249     7.9957     3.6665 0.0000e+00
 150.533585      7.343    15.5531  37.586410    29.7629      7.278  253.83484  254.11120     8.0268     3.6665 0.0000e+00
 150.533588      7.394    15.5532  37.589430    29.7654      7.328  253.83017  254.10651     8.0268     3.6584 0.0000e+00
 150.533591      7.438    15.5532  37.589307    29.7655      7.372  253.83006  254.10641     8.0113     3.6665 0.0000e+00
 150.533594      7.469    15.5532  37.586657    29.7654      7.402  253.83017  254.10651     7.9957     3.6584 -9.990e-29
 150.533597      7.484    15.5531  37.588937    29.7651      7.417  253.83106  254.10740    14.4237     4.3579 -9.990e-29
 150.533600      7.493    15.5527  37.584007    29.7611      7.426  253.84008  254.11643    14.3459     4.3943 -9.990e-29
 150.533602      7.498    15.5522  37.589184    29.7660      7.431  253.83392  254.11022    14.4237     4.3822 -9.990e-29
 150.533605      7.497    15.5518  37.586410    29.7639      7.430  253.83993  254.11622     9.0229     4.4954 -9.990e-29
 150.533608      7.482    15.5511  37.585979    29.7641      7.415  253.84323  254.11948     9.0385     4.4914 -9.990e-29
 150.533611      7.464    15.5511  37.583822    29.7622      7.397  253.84652  254.12278     8.9918     4.4873 -9.990e-29
 150.533614      7.440    15.5510  37.582713    29.7613      7.374  253.84850  254.12477     8.9918     4.5237 -9.990e-29
 150.533617      7.413    15.5510  37.585116    29.7634      7.347  253.84480  254.12105    10.6883     4.1234 -9.990e-29
 150.533620      7.393    15.5509  37.587828    29.7658      7.327  253.84094  254.11716    10.8128     4.1032 -9.990e-29
 150.533623      7.377    15.5511  37.584869    29.7631      7.311  253.84487  254.12112    10.8284     4.1072 -9.990e-29
 150.533626      7.362    15.5510  37.585732    29.7639      7.296  253.84383  254.12008    10.7194     4.1355 -9.990e-29
 150.533628      7.360    15.5508  37.587519    29.7656      7.294  253.84168  254.11791    10.6883     4.1315 -9.990e-29
 150.533631      7.367    15.5507  37.587827    29.7660      7.302  253.84151  254.11773    11.2331     4.1962 -9.990e-29
 150.533634      7.398    15.5504  37.585794    29.7656      7.332  253.84377  254.11997    11.1241     4.1598 -9.990e-29
 150.533637      7.444    15.5505  37.587150    29.7636      7.378  253.84690  254.12311    11.2409     4.1598 0.0000e+00
 150.533640      7.515    15.5505  37.582898    29.7656      7.448  253.84377  254.11997    11.3576     4.1598 0.0000e+00
 150.533643      7.606    15.5506  37.587582    29.7649      7.538  253.84262  254.11883    12.4004     4.1396 0.0000e+00
 150.533646      7.718    15.5509  37.586904    29.7649      7.649  253.84262  254.11883    12.4004     4.1194 0.0000e+00
 150.533649      7.825    15.5509  37.583454    29.7647      7.755  253.84363  254.11986    12.4004     4.1113 0.0000e+00
 150.533652      7.931    15.5507  37.586659    29.7647      7.860  253.84363  254.11986    12.5405     4.1194 0.0000e+00
 150.533655      8.021    15.5507  37.588939    29.7647      7.949  253.84363  254.11986    22.5794     4.4469 0.0000e+00
 150.533657      8.097    15.5507  37.583331    29.7626      8.025  253.84726  254.12350    22.7194     4.4469 0.0000e+00
 150.533660      8.156    15.5507  37.584379    29.7622      8.083  253.84819  254.12444    22.6494     4.4368 0.0000e+00
 150.533663      8.198    15.5507  37.586413    29.7626      8.124  253.84726  254.12350    22.7194     4.4267 -9.990e-29
 150.533666      8.221    15.5507  37.585982    29.7641      8.148  253.84514  254.12137    29.0229     4.7057 -9.990e-29
