seaocn-cb/data/ctd_cnv/SBE19plus_01907321_2024_05_22_Cast11.cnv
* Sea-Bird SBE19plus  Data File:
* FileName = E:\Prandtl_Daten\2024\CTD\raw\SBE19plus_01907321_2024_05_21_Cast11.hex
* Software version 2.6.1.12
* Temperature SN = 7321
* Conductivity SN = 7321
* System UpLoad Time = May 22 2024 10:53:48
* <ApplicationData>
* <Seaterm232>
** 20240522
** Sea Practical 2024
** MCat 22.05 CTD_SP5
** NMEA Latitude = 54 07.68N
** NMEA Longitude = 008 25.40E
** waterdepth = 9.3m
** Maja
# nquan = 11
# nvalues = 273                         
# units = specified
# name 0 = timeJ: Julian Days
# name 1 = prdM: Pressure, Strain Gauge [db]
# name 2 = tv290C: Temperature [ITS-90, deg C]
# name 3 = c0mS/cm: Conductivity [mS/cm]
# name 4 = sal00: Salinity, Practical [PSU]
# name 5 = depSM: Depth [salt water, m], lat = 54.00
# name 6 = oxsatMm/Kg: Oxygen Saturation, Weiss [umol/kg]
# name 7 = oxsolMm/Kg: Oxygen Saturation, Garcia & Gordon [umol/kg]
# name 8 = turbWETntu0: Turbidity, WET Labs ECO [NTU]
# name 9 = flECO-AFL: Fluorescence, WET Labs ECO-AFL/FL [mg/m^3]
# name 10 = flag:  0.000e+00
# span 0 = 143.449369, 143.450156       
# span 1 =      0.556,      7.738       
# span 2 =    13.3354,    14.0624       
# span 3 =  36.733763,  36.905858       
# span 4 =    30.1478,    30.8802       
# span 5 =      0.551,      7.669       
# span 6 =  260.89823,  263.49257       
# span 7 =  261.09309,  263.63829       
# span 8 =    -4.9070,    -1.4829       
# span 9 =     5.4982,     7.4554       
# span 10 = 0.0000e+00, 0.0000e+00      
# interval = seconds: 0.25
# start_time = May 22 2024 10:45:41 [Instrument's time stamp, header]
# bad_flag = -9.990e-29
*END*
 143.449369      0.556    14.0600  36.739135    30.1534      0.551  260.90481  261.09959    -4.5646     7.0672 -9.990e-29
 143.449372      0.564    14.0601  36.740234    30.1551      0.559  260.90095  261.09572    -4.6736     6.5819 -9.990e-29
 143.449375      0.622    14.0601  36.741151    30.1553      0.617  260.90107  261.09584    -4.6269     6.5900 0.0000e+00
 143.449378      0.721    14.0600  36.741395    30.1551      0.714  260.90120  261.09596    -4.5802     6.5981 0.0000e+00
 143.449381      0.808    14.0600  36.738220    30.1540      0.801  260.90293  261.09771    -4.5802     6.5981 0.0000e+00
 143.449384      0.876    14.0601  36.740052    30.1532      0.868  260.90471  261.09949    -4.5646     6.6062 0.0000e+00
 143.449387      0.920    14.0601  36.737060    30.1540      0.911  260.90293  261.09771    -4.5802     6.5900 -9.990e-29
 143.449389      0.921    14.0600  36.739564    30.1536      0.913  260.90435  261.09912    -4.5646     6.8529 -9.990e-29
 143.449392      0.898    14.0598  36.741152    30.1552      0.889  260.90230  261.09705    -4.6424     6.8650 -9.990e-29
 143.449395      0.854    14.0598  36.743472    30.1573      0.846  260.89845  261.09319    -4.4712     6.8771 -9.990e-29
 143.449398      0.797    14.0597  36.737548    30.1521      0.790  260.90875  261.10353    -4.4868     6.9256 -9.990e-29
 143.449401      0.755    14.0597  36.738464    30.1529      0.749  260.90693  261.10170    -4.5646     6.9135 -9.990e-29
 143.449404      0.722    14.0595  36.739869    30.1543      0.716  260.90547  261.10021    -4.4090     6.9539 -9.990e-29
 143.449407      0.733    14.0596  36.740235    30.1546      0.727  260.90458  261.09933    -4.6269     6.9378 -9.990e-29
 143.449410      0.775    14.0597  36.743411    30.1574      0.768  260.89880  261.09352    -4.5024     6.7154 -9.990e-29
 143.449413      0.854    14.0600  36.733763    30.1541      0.846  260.90356  261.09833    -4.6424     6.7437 -9.990e-29
 143.449416      0.952    14.0600  36.740053    30.1539      0.944  260.90365  261.09842    -4.6113     6.7316 0.0000e+00
 143.449418      1.054    14.0600  36.739809    30.1541      1.045  260.90356  261.09833    -4.5957     6.7235 0.0000e+00
 143.449421      1.138    14.0602  36.740908    30.1537      1.128  260.90374  261.09851    -4.5802     6.7194 0.0000e+00
 143.449424      1.200    14.0602  36.736878    30.1527      1.189  260.90474  261.09952    -4.5179     6.6992 0.0000e+00
 143.449427      1.238    14.0602  36.740908    30.1509      1.227  260.90807  261.10288    -4.4401     6.6749 -9.990e-29
 143.449430      1.257    14.0603  36.737794    30.1516      1.245  260.90601  261.10083    -4.5179     6.6588 -9.990e-29
 143.449433      1.259    14.0604  36.741336    30.1548      1.247  260.89989  261.09468    -4.5802     6.6992 -9.990e-29
 143.449436      1.255    14.0605  36.738893    30.1525      1.244  260.90362  261.09843    -4.7202     6.8933 -9.990e-29
 143.449439      1.257    14.0606  36.737794    30.1514      1.246  260.90484  261.09967    -4.8136     6.9459 -9.990e-29
 143.449442      1.270    14.0608  36.737794    30.1513      1.258  260.90408  261.09892    -4.8603     6.9661 -9.990e-29
 143.449444      1.297    14.0611  36.737916    30.1521      1.286  260.90116  261.09600    -4.6113     6.7942 0.0000e+00
 143.449447      1.330    14.0613  36.740237    30.1515      1.318  260.89823  261.09309    -4.3623     6.6224 0.0000e+00
 143.449450      1.370    14.0619  36.739138    30.1515      1.358  260.89823  261.09309    -4.3156     6.6143 0.0000e+00
 143.449453      1.412    14.0621  36.736634    30.1504      1.400  260.89900  261.09392    -4.2845     6.6062 0.0000e+00
 143.449456      1.445    14.0621  36.738039    30.1498      1.432  260.90015  261.09507    -4.2455     6.6103 0.0000e+00
 143.449459      1.472    14.0621  36.735780    30.1504      1.459  260.89900  261.09392    -4.2066     6.6062 -9.990e-29
 143.449462      1.480    14.0617  36.734925    30.1478      1.467  260.90561  261.10053    -4.8759     6.8650 -9.990e-29
 143.449465      1.478    14.0618  36.735780    30.1486      1.465  260.90391  261.09883    -4.7047     6.8407 -9.990e-29
 143.449468      1.471    14.0617  36.737795    30.1505      1.457  260.90088  261.09578    -4.7202     6.8852 -9.990e-29
 143.449470      1.469    14.0620  36.735108    30.1478      1.456  260.90413  261.09907    -4.9070     6.8488 -9.990e-29
 143.449473      1.474    14.0622  36.737795    30.1501      1.461  260.89883  261.09376    -4.2845     6.8609 -9.990e-29
 143.449476      1.485    14.0623  36.735536    30.1485      1.472  260.90118  261.09613    -4.3778     6.8286 -9.990e-29
 143.449479      1.514    14.0624  36.736207    30.1487      1.501  260.90070  261.09564    -4.3389     6.8468 0.0000e+00
 143.449482      1.552    14.0624  36.736635    30.1489      1.538  260.90021  261.09516    -4.3778     6.8286 0.0000e+00
 143.449485      1.594    14.0624  36.738711    30.1489      1.580  260.90021  261.09516    -4.4712     6.7639 0.0000e+00
 143.449488      1.636    14.0624  36.735536    30.1493      1.622  260.90106  261.09599    -4.4868     6.7356 0.0000e+00
 143.449491      1.680    14.0621  36.736880    30.1493      1.665  260.90106  261.09599    -4.6424     6.7235 0.0000e+00
 143.449494      1.729    14.0615  36.739567    30.1522      1.714  260.89918  261.09400    -4.4868     6.7235 0.0000e+00
 143.449497      1.786    14.0609  36.740910    30.1538      1.770  260.89901  261.09388    -4.4245     6.5496 0.0000e+00
 143.449499      1.844    14.0599  36.743720    30.1565      1.828  260.89918  261.09400    -4.3467     6.5496 0.0000e+00
 143.449502      1.910    14.0588  36.742071    30.1565      1.893  260.90555  261.10023    -4.3467     6.5496 0.0000e+00
 143.449505      1.968    14.0580  36.739812    30.1565      1.951  260.91001  261.10462    -4.3467     6.5375 0.0000e+00
 143.449508      2.014    14.0579  36.742072    30.1562      1.996  260.91112  261.10576    -4.4790     6.5335 0.0000e+00
 143.449511      2.039    14.0577  36.743721    30.1573      2.021  260.91001  261.10462    -4.6113     6.5294 -9.990e-29
 143.449514      2.046    14.0581  36.743659    30.1584      2.028  260.90566  261.10029    -4.4712     6.5455 -9.990e-29
 143.449517      2.036    14.0574  36.745675    30.1608      2.017  260.90526  261.09983    -4.3778     6.5496 -9.990e-29
 143.449520      2.026    14.0570  36.745186    30.1607      2.008  260.90753  261.10207    -4.7047     6.5617 -9.990e-29
 143.449523      2.008    14.0568  36.743660    30.1594      1.990  260.91062  261.10516    -4.1599     6.8407 -9.990e-29
 143.449525      2.001    14.0569  36.745186    30.1607      1.983  260.90780  261.10234    -4.1911     6.8731 -9.990e-29
 143.449528      1.994    14.0568  36.744759    30.1604      1.976  260.90880  261.10333    -4.3156     6.8609 -9.990e-29
 143.449531      1.981    14.0571  36.743415    30.1590      1.963  260.90983  261.10440    -4.3934     6.8731 -9.990e-29
 143.449534      1.981    14.0577  36.746102    30.1610      1.963  260.90335  261.09793    -4.5179     6.7275 -9.990e-29
 143.449537      1.994    14.0586  36.743659    30.1559      1.976  260.90771  261.10238    -4.6424     6.7275 -9.990e-29
 143.449540      2.019    14.0586  36.741339    30.1585      2.001  260.90290  261.09755    -4.5957     6.7174 0.0000e+00
 143.449543      2.056    14.0586  36.747018    30.1568      2.037  260.90744  261.10209    -4.5490     6.7073 0.0000e+00
 143.449546      2.109    14.0583  36.742072    30.1593      2.090  260.90610  261.10070    -4.3156     6.7073 0.0000e+00
 143.449549      2.169    14.0577  36.744332    30.1593      2.149  260.90744  261.10209    -4.2689     6.6952 0.0000e+00
 143.449552      2.240    14.0567  36.744088    30.1598      2.220  260.90776  261.10219    -4.3156     6.6952 0.0000e+00
 143.449554      2.318    14.0556  36.748363    30.1645      2.298  260.90776  261.10219    -4.4090     6.6668 0.0000e+00
 143.449557      2.388    14.0547  36.750562    30.1666      2.366  260.90776  261.10219    -4.4712     6.5860 0.0000e+00
 143.449560      2.448    14.0544  36.749463    30.1669      2.426  260.90965  261.10400    -4.5412     6.5799 0.0000e+00
 143.449563      2.490    14.0542  36.749036    30.1666      2.468  260.91160  261.10593    -4.6113     6.5860 -9.990e-29
 143.449566      2.506    14.0524  36.750807    30.1692      2.484  260.91674  261.11095    -4.5957     6.5860 -9.990e-29
 143.449569      2.510    14.0514  36.752700    30.1717      2.488  260.91743  261.11156    -4.4712     6.6062 -9.990e-29
 143.449572      2.508    14.0509  36.752395    30.1719      2.486  260.91998  261.11408    -4.5335     6.6264 -9.990e-29
 143.449575      2.504    14.0501  36.751296    30.1714      2.482  260.92472  261.11878    -4.6113     6.6143 -9.990e-29
 143.449578      2.506    14.0497  36.751845    30.1722      2.484  260.92528  261.11931    -4.5802     6.6264 -9.990e-29
 143.449580      2.512    14.0495  36.753494    30.1740      2.489  260.92374  261.11774    -4.5490     6.6062 -9.990e-29
 143.449583      2.522    14.0494  36.753067    30.1736      2.500  260.92474  261.11874    -4.6113     6.4768 -9.990e-29
 143.449586      2.546    14.0489  36.753556    30.1756      2.523  260.92391  261.11786    -4.5335     6.4728 -9.990e-29
 143.449589      2.574    14.0486  36.754838    30.1760      2.551  260.92489  261.11882    -4.5568     6.4708 0.0000e+00
 143.449592      2.605    14.0483  36.755083    30.1763      2.581  260.92587  261.11978    -4.5335     6.4728 0.0000e+00
 143.449595      2.634    14.0474  36.755511    30.1774      2.610  260.92870  261.12255    -4.4401     6.9863 0.0000e+00
 143.449598      2.661    14.0469  36.754839    30.1774      2.637  260.93087  261.12470    -4.4089     6.9863 0.0000e+00
 143.449601      2.687    14.0465  36.757099    30.1774      2.663  260.93304  261.12685    -4.3778     6.9863 -9.990e-29
 143.449604      2.701    14.0451  36.756427    30.1800      2.677  260.93601  261.12972    -4.3467     6.9944 -9.990e-29
 143.449606      2.727    14.0446  36.754412    30.1785      2.703  260.94140  261.13509    -4.4245     6.8043 -9.990e-29
 143.449609      2.751    14.0437  36.759115    30.1835      2.726  260.93720  261.13079    -4.5957     6.8043 -9.990e-29
 143.449612      2.783    14.0434  36.759115    30.1833      2.758  260.93953  261.13311    -4.4946     6.8043 0.0000e+00
 143.449615      2.822    14.0430  36.758077    30.1831      2.797  260.94186  261.13542    -4.5957     6.8043 0.0000e+00
 143.449618      2.862    14.0421  36.755084    30.1831      2.836  260.94846  261.14191    -4.6113     6.8043 0.0000e+00
 143.449621      2.904    14.0413  36.758016    30.1843      2.878  260.94846  261.14191    -4.6736     6.7760 0.0000e+00
 143.449624      2.946    14.0409  36.761498    30.1843      2.920  260.94846  261.14191    -4.7047     6.7760 0.0000e+00
 143.449627      2.980    14.0401  36.756184    30.1878      2.954  260.94876  261.14202    -4.7047     6.8043 0.0000e+00
 143.449630      3.021    14.0391  36.763209    30.1887      2.994  260.95650  261.14989    -4.7047     6.8043 0.0000e+00
 143.449633      3.053    14.0386  36.760033    30.1898      3.026  260.95358  261.14683    -4.6269     6.7093 0.0000e+00
 143.449635      3.083    14.0380  36.763392    30.1887      3.055  260.95840  261.15163    -4.4090     6.6143 -9.990e-29
 143.449638      3.105    14.0360  36.759606    30.1899      3.077  260.96705  261.16014    -4.6736     6.5860 -9.990e-29
 143.449641      3.126    14.0354  36.764981    30.1952      3.098  260.96025  261.15327    -4.6580     6.5779 -9.990e-29
 143.449644      3.145    14.0350  36.760217    30.1912      3.116  260.96987  261.16290    -4.5490     7.1885 -9.990e-29
 143.449647      3.159    14.0349  36.762538    30.1934      3.131  260.96635  261.15935    -4.5179     7.1966 -9.990e-29
 143.449650      3.166    14.0346  36.765897    30.1967      3.138  260.96198  261.15494    -4.5957     7.1763 -9.990e-29
 143.449653      3.174    14.0344  36.765592    30.1966      3.145  260.96337  261.15632    -4.4557     7.2047 -9.990e-29
 143.449656      3.188    14.0339  36.767913    30.1991      3.160  260.96160  261.15450    -4.4868     6.7396 -9.990e-29
 143.449659      3.207    14.0326  36.769685    30.2017      3.178  260.96367  261.15647    -4.5024     6.7356 -9.990e-29
 143.449661      3.230    14.0307  36.769441    30.2029      3.201  260.97140  261.16409    -4.6424     6.7235 -9.990e-29
 143.449664      3.254    14.0275  36.770174    30.2030      3.225  260.98874  261.18124    -4.5179     6.7275 -9.990e-29
 143.449667      3.283    14.0266  36.766754    30.2056      3.254  260.98914  261.18156    -4.5412     6.5921 0.0000e+00
 143.449670      3.311    14.0256  36.770724    30.2081      3.281  260.98953  261.18188    -4.5490     6.4566 0.0000e+00
 143.449673      3.354    14.0231  36.770358    30.2097      3.324  260.99982  261.19201    -4.5490     6.4566 0.0000e+00
 143.449676      3.393    14.0212  36.769687    30.2106      3.362  261.00856  261.20064    -4.5490     6.4768 0.0000e+00
 143.449679      3.431    14.0191  36.773719    30.2159      3.400  261.01012  261.20204    -4.5646     6.4930 0.0000e+00
 143.449682      3.462    14.0181  36.773291    30.2165      3.431  261.01443  261.20629    -4.5724     6.5759 0.0000e+00
 143.449685      3.489    14.0171  36.775308    30.2170      3.458  261.01875  261.21054    -4.5802     6.6749 -9.990e-29
 143.449688      3.511    14.0108  36.776897    30.2253      3.480  261.03770  261.22906    -4.4868     6.6668 -9.990e-29
 143.449690      3.528    14.0091  36.777202    30.2269      3.496  261.04393  261.23518    -4.4401     6.6588 -9.990e-29
 143.449693      3.542    14.0079  36.779829    30.2302      3.511  261.04429  261.23544    -4.5024     6.8690 -9.990e-29
 143.449696      3.559    14.0048  36.778669    30.2339      3.527  261.05399  261.24493    -4.6580     6.8690 -9.990e-29
 143.449699      3.586    14.0042  36.781235    30.2346      3.554  261.05569  261.24659    -4.6502     6.8548 0.0000e+00
 143.449702      3.612    14.0037  36.781846    30.2339      3.579  261.05738  261.24825    -4.6424     6.8690 0.0000e+00
 143.449705      3.639    14.0030  36.777570    30.2353      3.606  261.06029  261.25108    -4.5802     7.0672 0.0000e+00
 143.449708      3.668    14.0027  36.782763    30.2370      3.635  261.06029  261.25108    -4.5802     7.0672 0.0000e+00
 143.449711      3.701    14.0026  36.782946    30.2371      3.668  261.05972  261.25051    -4.5335     7.0672 0.0000e+00
 143.449714      3.730    14.0025  36.784779    30.2389      3.697  261.05972  261.25051    -4.5802     7.0389 0.0000e+00
 143.449716      3.772    14.0015  36.784902    30.2394      3.739  261.06092  261.25163    -4.5802     7.0753 0.0000e+00
 143.449719      3.814    13.9995  36.782764    30.2397      3.780  261.07238  261.26297    -4.5802     7.4392 0.0000e+00
 143.449722      3.854    13.9974  36.785452    30.2434      3.820  261.07615  261.26659    -4.5802     7.4554 0.0000e+00
 143.449725      3.896    13.9957  36.785697    30.2450      3.861  261.08279  261.27312    -4.5802     7.4392 0.0000e+00
 143.449728      3.938    13.9931  36.790280    30.2512      3.903  261.08519  261.27532    -4.5490     7.4392 0.0000e+00
 143.449731      3.982    13.9900  36.788569    30.2521      3.946  261.10032  261.29027    -4.2222     6.6628 0.0000e+00
 143.449734      4.018    13.9885  36.789486    30.2537      3.982  261.10542  261.29527    -4.1989     6.6608 0.0000e+00
 143.449737      4.047    13.9870  36.792664    30.2553      4.011  261.11053  261.30027    -4.2222     6.6588 -9.990e-29
 143.449740      4.055    13.9797  36.789915    30.2614      4.019  261.13849  261.32777    -4.4868     6.6668 -9.990e-29
 143.449742      4.053    13.9761  36.796025    30.2698      4.017  261.14271  261.33171    -4.5646     6.6183 -9.990e-29
 143.449745      4.044    13.9719  36.795415    30.2725      4.008  261.16008  261.34882    -4.5957     6.6021 -9.990e-29
