seaocn-cb/data/ctd_cnv/SBE19plus_01907321_2024_05_23_Cast25.cnv
* Sea-Bird SBE19plus  Data File:
* FileName = E:\Prandtl_Daten\2024\CTD\raw\SBE19plus_01907321_2024_05_23_Cast25.hex
* Software version 2.6.1.12
* Temperature SN = 7321
* Conductivity SN = 7321
* System UpLoad Time = May 23 2024 09:11:03
* <ApplicationData>
* <Seaterm232>
** 20240522
** Sea Practical 2024
** MCat 23.05 CTD_NP5
** NMEA Latitude = 054 07.76N
** NMEA Longitude = 008 46.70E
** waterdepth = 11m
** Andreas
# nquan = 11
# nvalues = 326                         
# units = specified
# name 0 = timeJ: Julian Days
# name 1 = prdM: Pressure, Strain Gauge [db]
# name 2 = tv290C: Temperature [ITS-90, deg C]
# name 3 = c0mS/cm: Conductivity [mS/cm]
# name 4 = sal00: Salinity, Practical [PSU]
# name 5 = depSM: Depth [salt water, m], lat = 54.00
# name 6 = oxsatMm/Kg: Oxygen Saturation, Weiss [umol/kg]
# name 7 = oxsolMm/Kg: Oxygen Saturation, Garcia & Gordon [umol/kg]
# name 8 = turbWETntu0: Turbidity, WET Labs ECO [NTU]
# name 9 = flECO-AFL: Fluorescence, WET Labs ECO-AFL/FL [mg/m^3]
# name 10 = flag:  0.000e+00
# span 0 = 144.377836, 144.378776       
# span 1 =      0.791,     10.388       
# span 2 =    14.5265,    15.3016       
# span 3 =  36.429154,  36.642929       
# span 4 =    28.9810,    29.7014       
# span 5 =      0.784,     10.295       
# span 6 =  256.47068,  259.24338       
# span 7 =  256.74052,  259.46765       
# span 8 =    -4.5179,     2.6727       
# span 9 =     4.6046,     7.8638       
# span 10 = 0.0000e+00, 0.0000e+00      
# interval = seconds: 0.25
# start_time = May 23 2024 09:02:38 [Instrument's time stamp, header]
# bad_flag = -9.990e-29
*END*
[from data line 263]
 144.378597      9.116    14.7675  36.568874    29.4486      9.034  258.43002  258.66912    -1.6852     7.7546 0.0000e+00
 144.378600      9.143    14.7598  36.578385    29.4584      9.061  258.45257  258.69119    -1.6541     7.7344 -9.990e-29
 144.378602      9.146    14.7261  36.584543    29.4979      9.065  258.55841  258.79494    -1.6385     7.8112 -9.990e-29
 144.378605      9.143    14.7090  36.588569    29.5145      9.061  258.61868  258.85418    -1.7475     7.8355 -9.990e-29
 144.378608      9.137    14.6983  36.595032    29.5284      9.055  258.64985  258.88467    -1.7631     7.8638 -9.990e-29
 144.378611      9.136    14.6872  36.597594    29.5391      9.054  258.68871  258.92286    -1.7786     7.0833 -9.990e-29
 144.378614      9.134    14.6765  36.599973    29.5493      9.052  258.72668  258.96018    -1.9498     7.0793 -9.990e-29
 144.378617      9.148    14.6572  36.604182    29.5678      9.066  258.79519  259.02752    -1.9031     7.0348 -9.990e-29
 144.378620      9.177    14.6545  36.604183    29.5712      9.095  258.80353  259.03568    -1.9343     7.2613 0.0000e+00
 144.378623      9.232    14.6517  36.607110    29.5746      9.149  258.81186  259.04384    -1.9654     7.4877 0.0000e+00
 144.378626      9.292    14.6439  36.610038    29.5831      9.209  258.83770  259.06919    -1.9654     7.5241 0.0000e+00
 144.378628      9.352    14.6368  36.611137    29.5895      9.269  258.86350  259.09457    -1.9343     7.5241 0.0000e+00
 144.378631      9.409    14.6303  36.611870    29.5950      9.325  258.88752  259.11820    -1.8876     7.5120 0.0000e+00
 144.378634      9.454    14.6258  36.611383    29.5980      9.370  258.90579  259.13621    -1.8720     7.4998 0.0000e+00
 144.378637      9.507    14.6231  36.611383    29.6000      9.422  258.91647  259.14673    -1.3117     7.3664 0.0000e+00
 144.378640      9.553    14.6204  36.613152    29.6037      9.467  258.92432  259.15440    -1.3117     7.3098 0.0000e+00
 144.378643      9.586    14.6169  36.612970    29.6061      9.500  258.93795  259.16783    -1.3117     7.3664 0.0000e+00
 144.378646      9.618    14.6143  36.612726    29.6079      9.532  258.94871  259.17844    -1.2806     7.3866 0.0000e+00
 144.378649      9.649    14.6131  36.614068    29.6095      9.563  258.95238  259.18203    -1.3740     7.4654 0.0000e+00
 144.378652      9.682    14.6119  36.615532    29.6110      9.595  258.95605  259.18562    -1.2183     7.5443 -9.990e-29
 144.378655      9.704    14.6079  36.616508    29.6161      9.617  258.96755  259.19687    -1.3739     7.5079 -9.990e-29
 144.378657      9.713    14.6066  36.616752    29.6173      9.626  258.97220  259.20144    -1.6852     7.6292 -9.990e-29
 144.378660      9.713    14.6057  36.616935    29.6182      9.626  258.97545  259.20464    -1.2806     6.8852 -9.990e-29
 144.378663      9.713    14.6051  36.615106    29.6170      9.626  258.98075  259.20992    -1.2650     6.9337 -9.990e-29
 144.378666      9.711    14.6036  36.617606    29.6204      9.624  258.98266  259.21171    -1.1249     6.9256 -9.990e-29
 144.378669      9.715    14.6008  36.617180    29.6221      9.628  258.99399  259.22289    -1.2961     6.9095 -9.990e-29
 144.378672      9.718    14.5969  36.616082    29.6241      9.631  259.01114  259.23981    -0.6580     7.1036 -9.990e-29
 144.378675      9.733    14.5896  36.623218    29.6383      9.646  259.02409  259.25225    -0.7981     7.1278 -9.990e-29
 144.378678      9.762    14.5875  36.625719    29.6397      9.675  259.03263  259.26067    -0.6814     7.1218 0.0000e+00
 144.378681      9.815    14.5854  36.625232    29.6411      9.727  259.04117  259.26908    -0.5802     7.1157 0.0000e+00
 144.378683      9.864    14.5821  36.627733    29.6459      9.776  259.05019  259.27789    -0.5802     7.0914 0.0000e+00
 144.378686      9.906    14.5782  36.629258    29.6502      9.818  259.06285  259.29030    -1.5763     7.0267 0.0000e+00
 144.378689      9.954    14.5738  36.627917    29.6523      9.865  259.08218  259.30938    -1.5763     6.9823 0.0000e+00
 144.378692      9.996    14.5711  36.629076    29.6553      9.906  259.09069  259.31773    -1.6541     6.9620 0.0000e+00
 144.378695     10.052    14.5708  36.629869    29.6563      9.962  259.09093  259.31794    -1.4985     6.9620 0.0000e+00
 144.378698     10.116    14.5705  36.630175    29.6568     10.025  259.09136  259.31836    -0.8915     7.3947 0.0000e+00
 144.378701     10.169    14.5681  36.631761    29.6600     10.078  259.09831  259.32514    -0.8915     7.3947 0.0000e+00
 144.378704     10.223    14.5656  36.632615    29.6627     10.132  259.10672  259.33340    -0.9537     7.4432 0.0000e+00
 144.378707     10.275    14.5630  36.633897    29.6658     10.183  259.11474  259.34126    -0.9537     7.4715 0.0000e+00
 144.378709     10.322    14.5624  36.633287    29.6660     10.230  259.11790  259.34438    -0.7047     7.4938 0.0000e+00
 144.378712     10.360    14.5617  36.633531    29.6663     10.268  259.12107  259.34751    -0.4557     7.5443 -9.990e-29
 144.378715     10.371    14.5567  36.634996    29.6715     10.279  259.13757  259.36370    -0.5024     7.5605 -9.990e-29
 144.378718     10.355    14.5539  36.635301    29.6740     10.262  259.14800  259.37396    -0.4712     7.4634 -9.990e-29
 144.378721     10.333    14.5524  36.636216    29.6760     10.241  259.15242  259.37829     0.1669     6.9054 -9.990e-29
 144.378724     10.311    14.5501  36.636643    29.6781     10.219  259.16088  259.38661     0.3226     6.8731 -9.990e-29
 144.378727     10.282    14.5473  36.638839    29.6822     10.190  259.16797  259.39351     0.2603     6.9135 -9.990e-29
 144.378730     10.253    14.5451  36.639144    29.6842     10.161  259.17632  259.40173     0.4782     6.8488 -9.990e-29
 144.378733     10.224    14.5423  36.639327    29.6866     10.132  259.18694  259.41218     0.2914     6.8488 -9.990e-29
 144.378736     10.196    14.5393  36.639816    29.6893     10.105  259.19766  259.42271     0.5716     6.6588 -9.990e-29
 144.378738     10.174    14.5364  36.639694    29.6914     10.083  259.20907  259.43395     0.6494     6.6183 -9.990e-29
 144.378741     10.162    14.5349  36.639999    29.6928     10.071  259.21448  259.43927     0.5249     6.6264 -9.990e-29
 144.378744     10.149    14.5343  36.640487    29.6937     10.058  259.21605  259.44080     0.6183     6.6871 -9.990e-29
 144.378747     10.142    14.5337  36.640731    29.6944     10.051  259.21801  259.44272     2.0813     7.3987 -9.990e-29
 144.378750     10.147    14.5330  36.639572    29.6939     10.056  259.22254  259.44722     2.2836     7.3502 -9.990e-29
 144.378753     10.156    14.5322  36.641158    29.6959     10.065  259.22324  259.44786     2.2214     7.4311 -9.990e-29
 144.378756     10.174    14.5314  36.641585    29.6969     10.083  259.22552  259.45009     2.2214     7.4109 -9.990e-29
 144.378759     10.205    14.5306  36.641403    29.6974     10.114  259.22908  259.45360     2.6572     7.7788 -9.990e-29
 144.378762     10.242    14.5299  36.642501    29.6989     10.150  259.23000  259.45447     2.6727     7.7263 -9.990e-29
 144.378764     10.282    14.5279  36.641586    29.7003     10.190  259.23812  259.46247     2.5638     7.7142 -9.990e-29
 144.378767     10.324    14.5279  36.642440    29.7003     10.232  259.23812  259.46247     2.5638     7.7142 0.0000e+00
 144.378770     10.357    14.5279  36.642258    29.7003     10.264  259.23812  259.46247     2.5638     7.7142 -9.990e-29
 144.378773     10.380    14.5271  36.642929    29.7013     10.288  259.24032  259.46462     2.0969     7.3381 -9.990e-29
 144.378776     10.388    14.5265  36.642502    29.7014     10.295  259.24338  259.46765     2.1903     7.3340 -9.990e-29
