seaocn-cb/data/ctd_cnv/SBE19plus_01907321_2024_05_24_Cast41.cnv
* Sea-Bird SBE19plus  Data File:
* FileName = E:\Prandtl_Daten\2024\CTD\raw\SBE19plus_01907321_2024_05_24_Cast41.hex
* Software version 2.6.1.12
* Temperature SN = 7321
* Conductivity SN = 7321
* System UpLoad Time = May 24 2024 10:25:22
* <ApplicationData>
* <Seaterm232>
** 20240524
** Sea Practical 2024
** MCat 24.05 CTD_Z5
** NMEA Latitude = 054 03.55N
** NMEA Longitude = 008 21.58E
** waterdepth = 14.5m
** Isabelle
# nquan = 11
# nvalues = 539                         
# units = specified
# name 0 = timeJ: Julian Days
# name 1 = prdM: Pressure, Strain Gauge [db]
# name 2 = tv290C: Temperature [ITS-90, deg C]
# name 3 = c0mS/cm: Conductivity [mS/cm]
# name 4 = sal00: Salinity, Practical [PSU]
# name 5 = depSM: Depth [salt water, m], lat = 54.00
# name 6 = oxsatMm/Kg: Oxygen Saturation, Weiss [umol/kg]
# name 7 = oxsolMm/Kg: Oxygen Saturation, Garcia & Gordon [umol/kg]
# name 8 = turbWETntu0: Turbidity, WET Labs ECO [NTU]
# name 9 = flECO-AFL: Fluorescence, WET Labs ECO-AFL/FL [mg/m^3]
# name 10 = flag:  0.000e+00
# span 0 = 145.430535, 145.432092       
# span 1 =      0.398,     13.588       
# span 2 =    14.2277,    14.8747       
# span 3 =  37.023026,  37.135658       
# span 4 =    29.8658,    30.3007       
# span 5 =      0.395,     13.466       
# span 6 =  257.11335,  259.75431       
# span 7 =  257.35449,  259.95714       
# span 8 =    -3.8798,     9.8634       
# span 9 =     3.3591,     8.0376       
# span 10 = 0.0000e+00, 0.0000e+00      
# interval = seconds: 0.25
# start_time = May 24 2024 10:18:43 [Instrument's time stamp, header]
# bad_flag = -9.990e-29
*END*
[from data line 394]
 145.431675     10.906    14.3856  37.033321    30.1628     10.808  259.16045  259.37314     0.1825     6.6305 0.0000e+00
 145.431678     10.948    14.3823  37.034914    30.1667     10.850  259.17048  259.38296     0.1513     6.6305 0.0000e+00
 145.431681     10.986    14.3801  37.036202    30.1690     10.888  259.17808  259.39042     0.0813     6.6244 0.0000e+00
 145.431684     11.021    14.3779  37.038101    30.1713     10.922  259.18567  259.39787     0.0113     6.6830 -9.990e-29
 145.431687     11.039    14.3652  37.037674    30.1826     10.940  259.23274  259.44414     0.1825     6.6507 -9.990e-29
 145.431690     11.065    14.3572  37.038349    30.1894     10.966  259.26266  259.47356     0.1202     6.6547 -9.990e-29
 145.431693     11.085    14.3485  37.039452    30.1971     10.986  259.29450  259.50486     0.7272     6.7679 -9.990e-29
 145.431696     11.103    14.3421  37.040985    30.2035     11.004  259.31687  259.52683     0.6805     6.8326 -9.990e-29
 145.431698     11.119    14.3360  37.041292    30.2085     11.020  259.34006  259.54964     0.5249     6.8326 -9.990e-29
 145.431701     11.138    14.3289  37.040129    30.2130     11.038  259.36943  259.57858     0.6494     6.8205 -9.990e-29
 145.431704     11.161    14.3176  37.043806    30.2257     11.061  259.40623  259.61465     0.1669     6.9984 -9.990e-29
 145.431707     11.188    14.3155  37.044480    30.2273     11.088  259.41476  259.62306     0.1591     6.9944 0.0000e+00
 145.431710     11.219    14.3133  37.044236    30.2289     11.119  259.42330  259.63146     0.1513     6.9984 0.0000e+00
 145.431713     11.250    14.3117  37.043807    30.2300     11.149  259.43008  259.63815     0.0890     7.0024 0.0000e+00
 145.431716     11.279    14.3100  37.046259    30.2310     11.178  259.43687  259.64483     0.0268     7.0146 -9.990e-29
 145.431719     11.298    14.3076  37.044421    30.2335     11.196  259.44554  259.65334     0.1358     6.4202 -9.990e-29
 145.431722     11.305    14.3086  37.045156    30.2334     11.204  259.44026  259.64812     0.0735     6.3919 -9.990e-29
 145.431725     11.303    14.3105  37.044665    30.2315     11.202  259.43375  259.64173     0.1825     6.4081 -9.990e-29
 145.431727     11.296    14.3115  37.043379    30.2295     11.195  259.43175  259.63981     0.0580     6.4242 -9.990e-29
 145.431730     11.290    14.3124  37.046503    30.2316     11.189  259.42316  259.63125    -0.2378     6.8367 -9.990e-29
 145.431733     11.296    14.3130  37.046809    30.2315     11.195  259.42062  259.62874    -0.0666     6.7396 -9.990e-29
 145.431736     11.316    14.3118  37.046748    30.2331     11.214  259.42404  259.63207    -0.1599     6.7922 -9.990e-29
 145.431739     11.352    14.3104  37.047606    30.2327     11.250  259.43176  259.63972    -0.0976     6.9418 0.0000e+00
 145.431742     11.405    14.3091  37.044421    30.2331     11.303  259.43948  259.64737    -0.1444     7.0914 0.0000e+00
 145.431745     11.472    14.3078  37.045585    30.2343     11.370  259.44173  259.64952    -0.0354     7.0914 0.0000e+00
 145.431748     11.547    14.3078  37.046505    30.2343     11.444  259.44289  259.65069    -0.0821     7.0753 0.0000e+00
 145.431751     11.628    14.3079  37.043380    30.2322     11.524  259.44274  259.65064    -0.0199     7.0712 0.0000e+00
 145.431753     11.695    14.3090  37.042890    30.2309     11.590  259.44274  259.65064     0.5871     5.8864 0.0000e+00
 145.431756     11.754    14.3109  37.041420    30.2281     11.648  259.43786  259.64589     0.5871     5.8783 0.0000e+00
 145.431759     11.790    14.3119  37.042216    30.2277     11.684  259.43343  259.64152     0.6105     5.8824 0.0000e+00
 145.431762     11.821    14.3128  37.040623    30.2272     11.715  259.42899  259.63714     0.4938     5.8783 -9.990e-29
 145.431765     11.830    14.3153  37.042706    30.2257     11.724  259.41858  259.62687     0.7117     5.9228 -9.990e-29
 145.431768     11.843    14.3159  37.041481    30.2241     11.737  259.41824  259.62658     1.1319     6.4768 -9.990e-29
 145.431771     11.845    14.3167  37.040133    30.2223     11.739  259.41722  259.62562     1.1008     6.4728 -9.990e-29
 145.431774     11.850    14.3176  37.043809    30.2250     11.744  259.40804  259.61646     1.1786     6.4525 -9.990e-29
 145.431777     11.858    14.3180  37.043747    30.2245     11.751  259.40639  259.61484     1.0229     6.4889 -9.990e-29
 145.431780     11.869    14.3172  37.045279    30.2266     11.762  259.40712  259.61551     2.5949     6.8488 -9.990e-29
 145.431782     11.882    14.3160  37.045341    30.2276     11.775  259.41170  259.62002     2.5638     6.8488 -9.990e-29
 145.431785     11.893    14.3145  37.046750    30.2300     11.786  259.41497  259.62319     2.5949     6.8326 -9.990e-29
 145.431788     11.898    14.3132  37.046812    30.2311     11.791  259.42013  259.62826     2.6261     6.8771 -9.990e-29
 145.431791     11.900    14.3116  37.048772    30.2341     11.793  259.42308  259.63110     2.5171     6.7437 -9.990e-29
 145.431794     11.894    14.3100  37.048773    30.2353     11.788  259.42921  259.63713     2.5794     6.7396 -9.990e-29
 145.431797     11.889    14.3066  37.049202    30.2384     11.783  259.44195  259.64965     2.6883     6.7639 -9.990e-29
 145.431800     11.882    14.3039  37.049018    30.2404     11.775  259.45276  259.66029     2.7039     6.7599 -9.990e-29
 145.431803     11.880    14.3009  37.049876    30.2435     11.773  259.46305  259.67039     3.2486     6.8771 -9.990e-29
 145.431806     11.889    14.2890  37.050612    30.2557     11.782  259.50403  259.71061     3.3887     6.8569 -9.990e-29
 145.431808     11.916    14.2827  37.053064    30.2612     11.810  259.52733  259.73352     3.3420     6.8711 0.0000e+00
 145.431811     11.973    14.2764  37.054414    30.2667     11.866  259.55063  259.75642     3.2953     6.8650 0.0000e+00
 145.431814     12.050    14.2663  37.053312    30.2736     11.942  259.59188  259.79706     3.2642     6.8650 0.0000e+00
 145.431817     12.148    14.2607  37.053314    30.2780     12.039  259.61384  259.81866     2.6261     6.6305 0.0000e+00
 145.431820     12.250    14.2557  37.053988    30.2824     12.140  259.63207  259.83658     2.5638     6.6021 0.0000e+00
 145.431823     12.358    14.2501  37.051968    30.2849     12.247  259.65703  259.86121     2.5638     6.6021 0.0000e+00
 145.431826     12.451    14.2459  37.053990    30.2901     12.339  259.67043  259.87433     2.5638     6.5698 0.0000e+00
 145.431829     12.518    14.2447  37.053746    30.2909     12.406  259.67532  259.87914     2.5249     6.1958 0.0000e+00
 145.431832     12.562    14.2435  37.052153    30.2917     12.449  259.68021  259.88396     2.4860     5.7530 -9.990e-29
 145.431834     12.575    14.2408  37.050928    30.2912     12.462  259.69535  259.89896     2.5949     5.7570 -9.990e-29
 145.431837     12.562    14.2402  37.052153    30.2928     12.449  259.69539  259.89895     2.7506     5.7409 -9.990e-29
 145.431840     12.531    14.2402  37.052460    30.2931     12.418  259.69516  259.89871     3.2642     6.2180 -9.990e-29
 145.431843     12.491    14.2405  37.053317    30.2937     12.379  259.69257  259.89613     3.0463     6.1816 -9.990e-29
 145.431846     12.456    14.2404  37.054420    30.2947     12.344  259.69104  259.89459     3.2175     6.2584 -9.990e-29
 145.431849     12.427    14.2404  37.051785    30.2924     12.315  259.69532  259.89889     3.0152     6.2301 -9.990e-29
 145.431852     12.410    14.2403  37.054665    30.2950     12.299  259.69090  259.89445     3.0463     6.1533 -9.990e-29
 145.431855     12.412    14.2408  37.053072    30.2932     12.301  259.69175  259.89534     3.1397     6.1493 -9.990e-29
 145.431858     12.430    14.2406  37.051601    30.2920     12.319  259.69474  259.89833     3.1552     6.1695 -9.990e-29
 145.431861     12.459    14.2402  37.053991    30.2945     12.348  259.69261  259.89616     3.0152     6.1290 -9.990e-29
 145.431863     12.490    14.2394  37.053991    30.2926     12.378  259.69997  259.90349     2.6572     6.4687 -9.990e-29
 145.431866     12.527    14.2393  37.051295    30.2925     12.414  259.70112  259.90463     2.5716     6.4869 0.0000e+00
 145.431869     12.563    14.2391  37.050622    30.2926     12.451  259.70167  259.90516     2.5015     6.4687 0.0000e+00
 145.431872     12.600    14.2390  37.051357    30.2930     12.487  259.70167  259.90516     2.5015     6.4889 0.0000e+00
 145.431875     12.640    14.2390  37.052154    30.2932     12.527  259.70098  259.90445     2.5015     6.4889 0.0000e+00
 145.431878     12.673    14.2392  37.051725    30.2939     12.559  259.70024  259.90374     2.1124     6.7801 0.0000e+00
 145.431881     12.713    14.2399  37.053134    30.2932     12.599  259.69534  259.89888     2.0969     6.7882 0.0000e+00
 145.431884     12.758    14.2402  37.052154    30.2926     12.644  259.69534  259.89888     2.0657     6.7882 0.0000e+00
 145.431887     12.815    14.2403  37.051358    30.2923     12.700  259.69522  259.89879     2.0657     6.7882 0.0000e+00
 145.431889     12.877    14.2402  37.051971    30.2923     12.762  259.69501  259.89859     2.2836     6.2827 0.0000e+00
 145.431892     12.944    14.2402  37.053993    30.2943     12.828  259.69384  259.89737     2.2836     6.2827 0.0000e+00
 145.431895     13.010    14.2402  37.053993    30.2943     12.894  259.69384  259.89737     2.2836     6.2948 0.0000e+00
 145.431898     13.068    14.2401  37.051726    30.2934     12.951  259.69513  259.89868     2.2836     6.2988 0.0000e+00
 145.431901     13.108    14.2402  37.054177    30.2922     12.991  259.69641  259.89998     2.3615     6.3029 -9.990e-29
 145.431904     13.132    14.2408  37.051481    30.2915     13.015  259.69452  259.89813     2.6105     6.4930 -9.990e-29
 145.431907     13.140    14.2408  37.052155    30.2921     13.022  259.69372  259.89731     2.5482     6.4889 -9.990e-29
 145.431910     13.131    14.2400  37.050501    30.2912     13.013  259.69933  259.90289     2.5794     6.4849 -9.990e-29
 145.431913     13.105    14.2401  37.054667    30.2950     12.988  259.69222  259.89576     2.6105     6.4849 -9.990e-29
 145.431916     13.076    14.2406  37.052400    30.2925     12.959  259.69386  259.89744     4.8517     6.3959 -9.990e-29
 145.431918     13.047    14.2406  37.053319    30.2934     12.930  259.69234  259.89592     4.7428     6.4202 -9.990e-29
 145.431921     13.032    14.2402  37.051481    30.2920     12.916  259.69708  259.90064     4.6027     6.4485 -9.990e-29
 145.431924     13.034    14.2393  37.053319    30.2944     12.917  259.69759  259.90108     4.7895     6.4161 -9.990e-29
 145.431927     13.059    14.2377  37.052400    30.2944     12.942  259.70596  259.90937     4.5716     6.2099 -9.990e-29
 145.431930     13.107    14.2373  37.051972    30.2946     12.989  259.70774  259.91112     4.5716     6.2039 0.0000e+00
 145.431933     13.165    14.2369  37.051788    30.2949     13.047  259.70951  259.91286     4.5716     6.2099 0.0000e+00
 145.431936     13.226    14.2365  37.051727    30.2949     13.107  259.71110  259.91444     4.5871     6.2342 0.0000e+00
 145.431939     13.291    14.2354  37.050380    30.2951     13.172  259.71743  259.92071     5.2720     6.4728 0.0000e+00
 145.431942     13.346    14.2342  37.050502    30.2956     13.226  259.72193  259.92514     5.2875     6.4808 0.0000e+00
 145.431944     13.388    14.2338  37.049706    30.2957     13.268  259.72434  259.92753     5.3186     6.4829 0.0000e+00
 145.431947     13.421    14.2333  37.050932    30.2956     13.301  259.72676  259.92992     5.2875     6.4808 -9.990e-29
 145.431950     13.435    14.2321  37.050135    30.2970     13.315  259.73076  259.93384     5.5210     7.1197 -9.990e-29
 145.431953     13.437    14.2317  37.047440    30.2948     13.317  259.73662  259.93970     5.5366     7.0753 -9.990e-29
 145.431956     13.424    14.2315  37.048971    30.2964     13.304  259.73499  259.93804     5.6922     7.1076 -9.990e-29
 145.431959     13.417    14.2314  37.050380    30.2977     13.297  259.73298  259.93601     5.4899     7.1157 -9.990e-29
 145.431962     13.421    14.2311  37.048787    30.2965     13.300  259.73675  259.93977     5.5210     7.1480 -9.990e-29
 145.431965     13.435    14.2305  37.046827    30.2952     13.315  259.74229  259.94529     9.8634     7.0267 -9.990e-29
 145.431968     13.455    14.2299  37.049462    30.2981     13.335  259.74063  259.94357     9.7856     6.9863 -9.990e-29
 145.431970     13.478    14.2293  37.047072    30.2963     13.357  259.74658  259.94951     9.7545     6.9944 -9.990e-29
 145.431973     13.492    14.2292  37.048543    30.2978     13.371  259.74478  259.94768     9.6766     6.9742 -9.990e-29
 145.431976     13.505    14.2288  37.045847    30.2956     13.384  259.75064  259.95355     6.9840     6.7962 -9.990e-29
 145.431979     13.494    14.2281  37.046399    30.2967     13.373  259.75236  259.95522     7.0307     6.7801 -9.990e-29
 145.431982     13.479    14.2277  37.046276    30.2969     13.358  259.75431  259.95714     7.0463     6.7962 -9.990e-29
 145.431985     13.448    14.2279  37.047256    30.2976     13.327  259.75181  259.95465     7.1241     6.7801 -9.990e-29
 145.431988     13.415    14.2281  37.048114    30.2983     13.295  259.74981  259.95265     6.6416     6.4242 -9.990e-29
 145.431991     13.380    14.2282  37.046766    30.2970     13.261  259.75140  259.95426     6.4082     6.3959 -9.990e-29
 145.431994     13.346    14.2287  37.049645    30.2992     13.226  259.74463  259.94750     6.4548     6.4081 -9.990e-29
 145.431997     13.333    14.2293  37.048542    30.2977     13.213  259.74409  259.94701     6.5638     6.4161 -9.990e-29
 145.431999     13.329    14.2293  37.049216    30.2984     13.210  259.74328  259.94619     6.9840     6.3919 -9.990e-29
 145.432002     13.344    14.2291  37.048971    30.2983     13.224  259.74427  259.94717     7.0307     6.4283 -9.990e-29
 145.432005     13.371    14.2290  37.047440    30.2974     13.251  259.74630  259.94921     7.0463     6.4242 -9.990e-29
 145.432008     13.404    14.2290  37.047930    30.2974     13.284  259.74636  259.94927     7.0385     6.4283 0.0000e+00
 145.432011     13.440    14.2290  37.047869    30.2974     13.320  259.74636  259.94927     7.0385     6.4283 0.0000e+00
 145.432014     13.467    14.2290  37.048359    30.2973     13.347  259.74643  259.94933     7.0307     6.4323 -9.990e-29
 145.432017     13.491    14.2287  37.047501    30.2973     13.370  259.74852  259.95140     6.3770     6.8650 -9.990e-29
 145.432020     13.502    14.2284  37.048788    30.2987     13.381  259.74759  259.95045     6.3926     6.9014 -9.990e-29
 145.432023     13.504    14.2283  37.047624    30.2977     13.383  259.74979  259.95265     6.2992     6.8892 -9.990e-29
 145.432025     13.495    14.2282  37.047501    30.2976     13.374  259.75027  259.95313     5.7233     6.6062 -9.990e-29
 145.432028     13.479    14.2284  37.046950    30.2970     13.358  259.75058  259.95345     5.9724     6.6224 -9.990e-29
 145.432031     13.466    14.2283  37.048359    30.2983     13.345  259.74856  259.95141     5.8323     6.6062 -9.990e-29
 145.432034     13.446    14.2285  37.046766    30.2967     13.325  259.75027  259.95315     5.7233     6.6426 -9.990e-29
 145.432037     13.435    14.2287  37.047440    30.2972     13.315  259.74858  259.95147     7.3731     6.5091 -9.990e-29
 145.432040     13.428    14.2287  37.048114    30.2978     13.308  259.74719  259.95007     7.3576     6.4849 -9.990e-29
 145.432043     13.424    14.2291  37.046521    30.2960     13.304  259.74833  259.95124     7.3576     6.4566 -9.990e-29
 145.432046     13.426    14.2294  37.046766    30.2960     13.306  259.74676  259.94969     7.3109     6.4849 -9.990e-29
 145.432049     13.420    14.2296  37.050503    30.2992     13.300  259.73978  259.94270     5.8478     6.4323 -9.990e-29
