seaocn-cb/data/ctd_cnv/SBE19plus_01907321_2024_05_23_Cast21.cnv
* Sea-Bird SBE19plus  Data File:
* FileName = E:\Prandtl_Daten\2024\CTD\raw\SBE19plus_01907321_2024_05_23_Cast21.hex
* Software version 2.6.1.12
* Temperature SN = 7321
* Conductivity SN = 7321
* System UpLoad Time = May 23 2024 07:36:37
* <ApplicationData>
* <Seaterm232>
** 20240522
** Sea Practical 2024
** MCat 23.05 CTD_NP1
** NMEA Latitude = 054 10.26N
** NMEA Longitude = 008 39.54E
** waterdepth = 13.5m
** Andreas
# nquan = 11
# nvalues = 391                         
# units = specified
# name 0 = timeJ: Julian Days
# name 1 = prdM: Pressure, Strain Gauge [db]
# name 2 = tv290C: Temperature [ITS-90, deg C]
# name 3 = c0mS/cm: Conductivity [mS/cm]
# name 4 = sal00: Salinity, Practical [PSU]
# name 5 = depSM: Depth [salt water, m], lat = 54.00
# name 6 = oxsatMm/Kg: Oxygen Saturation, Weiss [umol/kg]
# name 7 = oxsolMm/Kg: Oxygen Saturation, Garcia & Gordon [umol/kg]
# name 8 = turbWETntu0: Turbidity, WET Labs ECO [NTU]
# name 9 = flECO-AFL: Fluorescence, WET Labs ECO-AFL/FL [mg/m^3]
# name 10 = flag:  0.000e+00
# span 0 = 144.311612, 144.312740       
# span 1 =      0.717,     12.166       
# span 2 =    16.8585,    16.9149       
# span 3 =  34.933070,  35.270074       
# span 4 =    26.5269,    26.8369       
# span 5 =      0.710,     12.057       
# span 6 =  252.23286,  252.67011       
# span 7 =  252.58953,  253.02869       
# span 8 =    -3.1016,    14.3615       
# span 9 =     4.2932,    10.7186       
# span 10 = 0.0000e+00, 0.0000e+00      
# interval = seconds: 0.25
# start_time = May 23 2024 07:27:35 [Instrument's time stamp, header]
# bad_flag = -9.990e-29
*END*
[from data line 132]
 144.311994      4.657    16.8912  34.990014    26.5873      4.615  252.61752  252.97559    -1.2650     6.6668 0.0000e+00
 144.311997      4.693    16.8912  34.994266    26.5879      4.651  252.61692  252.97498    -1.2650     6.6668 0.0000e+00
 144.311999      4.724    16.8911  34.998279    26.5913      4.682  252.61146  252.96950    -1.1716     6.6668 0.0000e+00
 144.312002      4.757    16.8911  35.012294    26.6032      4.715  252.59155  252.94952     0.3848     6.5698 0.0000e+00
 144.312005      4.790    16.8915  35.014809    26.6050      4.747  252.58605  252.94403     0.5560     6.5172 0.0000e+00
 144.312008      4.821    16.8916  35.020979    26.6075      4.778  252.58130  252.93926     0.5716     6.5051 0.0000e+00
 144.312011      4.846    16.8917  35.027569    26.6100      4.803  252.57654  252.93449     0.5560     6.4930 -9.990e-29
 144.312014      4.867    16.8922  35.034578    26.6211      4.823  252.55473  252.91264     0.7117     7.3260 -9.990e-29
 144.312017      4.894    16.8927  35.039851    26.6252      4.850  252.54557  252.90347     0.7272     7.3098 -9.990e-29
 144.312020      4.914    16.8937  35.051116    26.6430      4.870  252.50985  252.86769     0.6027     7.2855 -9.990e-29
 144.312023      4.939    16.8939  35.061783    26.6440      4.895  252.50709  252.86493     1.2331     7.0429 0.0000e+00
 144.312025      4.972    16.8941  35.064540    26.6450      4.928  252.50432  252.86217     1.7545     6.8286 0.0000e+00
 144.312028      5.009    16.8950  35.067716    26.6472      4.964  252.49662  252.85449     1.7856     6.8205 0.0000e+00
 144.312031      5.040    16.8954  35.075988    26.6538      4.995  252.48313  252.84097     1.7856     6.8205 0.0000e+00
 144.312034      5.075    16.8956  35.076227    26.6539      5.029  252.48186  252.83972     1.7856     6.8205 0.0000e+00
 144.312037      5.109    16.8957  35.096370    26.6708      5.064  252.45250  252.81025     1.6299     6.8205 0.0000e+00
 144.312040      5.142    16.8962  35.102965    26.6760      5.096  252.44111  252.79886     0.5871     7.3704 0.0000e+00
 144.312043      5.171    16.8966  35.107222    26.6785      5.125  252.43342  252.79116     0.5871     7.3704 0.0000e+00
 144.312046      5.202    16.8969  35.106623    26.6793      5.156  252.43305  252.79081     0.4626     7.3704 0.0000e+00
 144.312049      5.228    16.8970  35.113339    26.6813      5.181  252.42790  252.78564     0.5015     7.3563 0.0000e+00
 144.312052      5.254    16.8971  35.113819    26.6841      5.207  252.42274  252.78047     0.3848     7.3421 -9.990e-29
 144.312054      5.274    16.8973  35.110221    26.6847      5.226  252.42045  252.77819     2.1591     6.7720 -9.990e-29
 144.312057      5.299    16.8973  35.114299    26.6900      5.252  252.41157  252.76928     2.2058     6.8023 0.0000e+00
 144.312060      5.328    16.8973  35.126833    26.6953      5.281  252.40269  252.76037     2.1591     6.8326 0.0000e+00
 144.312063      5.357    16.8976  35.128092    26.6961      5.309  252.39964  252.75732     1.6144     7.0429 0.0000e+00
 144.312066      5.390    16.8977  35.132171    26.6990      5.342  252.39314  252.75081     1.6144     7.0833 0.0000e+00
 144.312069      5.427    16.8981  35.131931    26.6995      5.378  252.39226  252.74994     1.6144     7.0591 0.0000e+00
 144.312072      5.461    16.8982  35.143028    26.7083      5.413  252.37564  252.73327     1.7545     7.0591 0.0000e+00
 144.312075      5.496    16.8984  35.158985    26.7216      5.447  252.35200  252.70956     3.5910     6.9984 0.0000e+00
 144.312078      5.531    16.8989  35.161325    26.7232      5.481  252.34677  252.70434     3.5910     6.9782 0.0000e+00
 144.312080      5.562    16.8992  35.163665    26.7249      5.512  252.34215  252.69973     3.5755     6.9782 0.0000e+00
 144.312083      5.589    16.8994  35.172246    26.7284      5.539  252.33534  252.69291     3.5288     6.9823 0.0000e+00
 144.312086      5.618    16.8996  35.173266    26.7319      5.568  252.32853  252.68608     3.4821     6.9863 -9.990e-29
 144.312089      5.640    16.9005  35.175186    26.7338      5.590  252.32088  252.67845     4.8517     7.1521 -9.990e-29
 144.312092      5.662    16.9007  35.182028    26.7394      5.611  252.31008  252.66763     4.7272     7.2289 -9.990e-29
 144.312095      5.682    16.9011  35.193311    26.7486      5.631  252.29225  252.64976     4.7272     7.2410 -9.990e-29
 144.312098      5.707    16.9018  35.195471    26.7577      5.656  252.27341  252.63089     3.3887     7.6778 -9.990e-29
 144.312101      5.742    16.9019  35.204655    26.7569      5.691  252.27420  252.63170     3.3887     7.6494 0.0000e+00
 144.312104      5.780    16.9018  35.202915    26.7577      5.729  252.27341  252.63089     3.3887     7.6211 0.0000e+00
 144.312106      5.815    16.9019  35.212940    26.7621      5.763  252.26513  252.62260     3.4198     7.6211 0.0000e+00
 144.312109      5.854    16.9018  35.209998    26.7621      5.801  252.26513  252.62260     3.6222     7.6131 0.0000e+00
 144.312112      5.888    16.9017  35.208918    26.7613      5.836  252.26765  252.62511     4.1513     6.9216 0.0000e+00
 144.312115      5.921    16.9017  35.204236    26.7613      5.868  252.26765  252.62511     4.1669     6.9216 0.0000e+00
 144.312118      5.952    16.9017  35.211920    26.7638      5.899  252.26304  252.62049     4.2759     6.9337 0.0000e+00
 144.312121      5.978    16.9017  35.214261    26.7658      5.924  252.26002  252.61744     4.2759     6.9378 0.0000e+00
 144.312124      6.003    16.9016  35.214681    26.7661      5.950  252.26000  252.61743     3.5444     6.9701 0.0000e+00
 144.312127      6.029    16.9015  35.218104    26.7663      5.975  252.26002  252.61744     2.7039     7.0065 -9.990e-29
 144.312130      6.051    16.9014  35.214922    26.7666      5.996  252.26032  252.61774     2.9840     7.0510 -9.990e-29
 144.312133      6.069    16.9016  35.216603    26.7701      6.015  252.25300  252.61040     2.7661     7.0914 -9.990e-29
 144.312135      6.094    16.9016  35.219365    26.7701      6.040  252.25300  252.61040     2.7661     7.0914 0.0000e+00
 144.312138      6.124    16.9016  35.215943    26.7701      6.069  252.25300  252.61040     2.7661     7.0914 -9.990e-29
 144.312141      6.147    16.9014  35.210240    26.7649      6.092  252.26316  252.62059     7.6066     8.9272 -9.990e-29
 144.312144      6.189    16.9014  35.213001    26.7636      6.134  252.26551  252.62295     7.7467     8.9333 0.0000e+00
 144.312147      6.224    16.9014  35.209760    26.7622      6.168  252.26786  252.62530     7.6066     8.9272 0.0000e+00
 144.312150      6.266    16.9014  35.207238    26.7622      6.210  252.26786  252.62530     6.2058     7.4432 0.0000e+00
 144.312153      6.302    16.9014  35.214022    26.7657      6.246  252.26144  252.61886     6.1436     7.4432 0.0000e+00
 144.312156      6.335    16.9012  35.219365    26.7703      6.278  252.25468  252.61207     6.1280     7.4432 0.0000e+00
 144.312159      6.368    16.9008  35.225130    26.7730      6.311  252.25194  252.60929     6.0736     7.4533 0.0000e+00
 144.312161      6.397    16.9005  35.227051    26.7757      6.340  252.24920  252.60652     6.1280     7.4432 -9.990e-29
 144.312164      6.419    16.8990  35.228552    26.7795      6.362  252.24991  252.60715     7.1864     7.3421 -9.990e-29
 144.312167      6.445    16.8985  35.230474    26.7814      6.387  252.24903  252.60624     7.1085     7.3745 -9.990e-29
 144.312170      6.465    16.8981  35.238400    26.7884      6.407  252.23917  252.59632     6.9996     7.4190 -9.990e-29
 144.312173      6.485    16.8975  35.241823    26.7916      6.427  252.23643  252.59353     9.7856     7.0955 -9.990e-29
 144.312176      6.503    16.8961  35.240563    26.7903      6.445  252.24558  252.60263     9.8945     7.1480 -9.990e-29
 144.312179      6.540    16.8958  35.239182    26.7903      6.481  252.24707  252.60411     9.7856     7.1622 0.0000e+00
 144.312182      6.569    16.8955  35.238641    26.7903      6.510  252.24588  252.60289     9.8323     7.1480 0.0000e+00
 144.312185      6.609    16.8953  35.241164    26.7925      6.550  252.24588  252.60289     9.8323     7.1763 0.0000e+00
 144.312187      6.649    16.8950  35.244827    26.7958      6.590  252.24187  252.59884    11.9023     7.3462 0.0000e+00
 144.312190      6.686    16.8945  35.251253    26.8015      6.626  252.23456  252.59145    11.9801     7.3947 0.0000e+00
 144.312193      6.715    16.8940  35.252515    26.8029      6.655  252.23456  252.59145    11.9179     7.3947 0.0000e+00
 144.312196      6.748    16.8931  35.252935    26.8029      6.688  252.23740  252.59425    11.9179     7.3502 0.0000e+00
 144.312199      6.774    16.8929  35.251014    26.8032      6.713  252.23974  252.59657    11.3809     7.2855 0.0000e+00
 144.312202      6.801    16.8926  35.256119    26.8026      6.740  252.24207  252.59890    10.8440     7.2208 -9.990e-29
 144.312205      6.825    16.8916  35.258041    26.8091      6.764  252.23570  252.59245    10.8751     7.2208 -9.990e-29
 144.312208      6.845    16.8909  35.261285    26.8123      6.783  252.23384  252.59054    10.7973     7.2208 -9.990e-29
 144.312211      6.866    16.8899  35.260444    26.8122      6.805  252.23850  252.59517     8.2603     6.8852 -9.990e-29
 144.312214      6.890    16.8887  35.262126    26.8152      6.829  252.23957  252.59617     8.2136     6.8812 -9.990e-29
 144.312216      6.921    16.8886  35.262967    26.8147      6.859  252.24096  252.59756     8.2058     6.8488 0.0000e+00
 144.312219      6.956    16.8886  35.261706    26.8142      6.893  252.24235  252.59894     8.2136     6.8812 0.0000e+00
 144.312222      6.990    16.8885  35.260445    26.8140      6.928  252.24273  252.59933     8.3848     7.7708 0.0000e+00
 144.312225      7.029    16.8886  35.261466    26.8131      6.966  252.24388  252.60048     8.6027     7.7748 0.0000e+00
 144.312228      7.065    16.8887  35.255520    26.8140      7.002  252.24273  252.59933     8.4782     7.7910 0.0000e+00
 144.312231      7.100    16.8889  35.261947    26.8117      7.037  252.24150  252.59815     8.4782     7.7910 0.0000e+00
 144.312234      7.131    16.8895  35.259544    26.8117      7.067  252.24084  252.59753     8.3848     7.7586 0.0000e+00
 144.312237      7.164    16.8902  35.258283    26.8107      7.100  252.24084  252.59753     6.7973     7.3502 0.0000e+00
 144.312240      7.191    16.8903  35.259124    26.8104      7.127  252.23977  252.59647     6.7584     7.3361 0.0000e+00
 144.312242      7.220    16.8904  35.258283    26.8107      7.156  252.23870  252.59540     6.7194     7.3219 -9.990e-29
 144.312245      7.242    16.8904  35.261707    26.8129      7.178  252.23531  252.59199     6.8595     7.2815 -9.990e-29
 144.312248      7.268    16.8903  35.263629    26.8146      7.203  252.23286  252.58953     7.7934    10.7186 -9.990e-29
 144.312251      7.292    16.8900  35.259124    26.8113      7.226  252.23972  252.59639     7.6222    10.7145 -9.990e-29
 144.312254      7.317    16.8901  35.259545    26.8117      7.252  252.23892  252.59560     7.6222    10.7024 0.0000e+00
 144.312257      7.348    16.8900  35.260446    26.8113      7.283  252.23972  252.59639     7.6222    10.6903 0.0000e+00
 144.312260      7.377    16.8900  35.258944    26.8108      7.311  252.24062  252.59730     5.2564     7.3947 0.0000e+00
 144.312263      7.410    16.8900  35.255701    26.8108      7.344  252.24062  252.59730     4.9296     7.3907 0.0000e+00
 144.312266      7.447    16.8901  35.261707    26.8101      7.380  252.23971  252.59641     4.9296     7.3866 0.0000e+00
 144.312269      7.478    16.8904  35.258524    26.8101      7.411  252.23971  252.59641     4.7739     7.3826 0.0000e+00
 144.312271      7.512    16.8907  35.255521    26.8099      7.445  252.23971  252.59641     2.1747     6.6952 0.0000e+00
 144.312274      7.547    16.8907  35.258524    26.8091      7.479  252.24013  252.59684     2.0657     6.6871 0.0000e+00
 144.312277      7.574    16.8907  35.257623    26.8095      7.507  252.23947  252.59618     2.0579     6.6912 0.0000e+00
 144.312280      7.605    16.8907  35.258044    26.8091      7.537  252.24013  252.59684     2.0657     6.6871 -9.990e-29
 144.312283      7.629    16.8909  35.258284    26.8096      7.561  252.23858  252.59529     2.0191     6.6749 -9.990e-29
 144.312286      7.653    16.8911  35.255281    26.8069      7.584  252.24198  252.59873     3.3264     6.4242 -9.990e-29
 144.312289      7.678    16.8911  35.250596    26.8029      7.610  252.24876  252.60553     3.4665     6.4323 -9.990e-29
 144.312292      7.700    16.8919  35.245011    26.7957      7.631  252.25710  252.61395     3.2486     6.4040 -9.990e-29
 144.312295      7.733    16.8921  35.242669    26.7944      7.664  252.25819  252.61505     4.6494     6.8346 0.0000e+00
 144.312297      7.766    16.8923  35.240087    26.7934      7.696  252.25710  252.61395     6.0502     7.2653 0.0000e+00
 144.312300      7.804    16.8928  35.240748    26.7932      7.734  252.25893  252.61586     6.0657     7.2653 0.0000e+00
 144.312303      7.841    16.8931  35.238406    26.7913      7.771  252.25893  252.61586     6.0657     7.2572 0.0000e+00
 144.312306      7.874    16.8933  35.237145    26.7901      7.803  252.25983  252.61677     6.0346     7.2572 0.0000e+00
 144.312309      7.903    16.8933  35.236724    26.7899      7.832  252.26014  252.61709     5.8090     7.3017 0.0000e+00
 144.312312      7.932    16.8933  35.226637    26.7897      7.861  252.26046  252.61740     5.5833     7.3462 -9.990e-29
 144.312315      7.957    16.8941  35.223875    26.7776      7.886  252.27713  252.63417     5.2875     7.3785 -9.990e-29
 144.312318      7.983    16.8941  35.223034    26.7776      7.912  252.27713  252.63417     5.2875     7.3785 0.0000e+00
 144.312321      8.016    16.8941  35.226217    26.7776      7.944  252.27713  252.63417     5.2875     7.3785 -9.990e-29
 144.312323      8.034    16.8936  35.224956    26.7796      7.962  252.27657  252.63358     7.4665     7.4594 -9.990e-29
 144.312326      8.054    16.8931  35.230300    26.7843      7.982  252.27043  252.62740     7.6066     7.4109 -9.990e-29
 144.312329      8.078    16.8923  35.228378    26.7852      8.006  252.27298  252.62990     7.6844     7.4554 -9.990e-29
 144.312332      8.111    16.8920  35.230720    26.7854      8.038  252.27397  252.63088     7.4743     7.4897 0.0000e+00
 144.312335      8.144    16.8918  35.230661    26.7855      8.071  252.27405  252.63089     7.2642     7.4796 0.0000e+00
 144.312338      8.180    16.8909  35.233903    26.7889      8.107  252.27405  252.63089     7.2642     7.4796 0.0000e+00
 144.312341      8.219    16.8902  35.236486    26.7915      8.145  252.27284  252.62964     7.2642     7.4796 0.0000e+00
 144.312344      8.253    16.8896  35.240329    26.7951      8.179  252.26981  252.62655     7.2175     7.5241 0.0000e+00
 144.312347      8.286    16.8893  35.240990    26.7958      8.212  252.26950  252.62625     5.1941     7.6495 0.0000e+00
 144.312350      8.313    16.8886  35.245674    26.8002      8.239  252.26556  252.62225     5.1163     7.6656 0.0000e+00
 144.312352      8.346    16.8885  35.248857    26.8016      8.272  252.26374  252.62042     5.1552     7.6576 0.0000e+00
 144.312355      8.374    16.8884  35.248857    26.8030      8.299  252.26192  252.61858     5.1163     7.6656 -9.990e-29
 144.312358      8.396    16.8885  35.247356    26.8017      8.320  252.26380  252.62047     5.4276     7.0550 -9.990e-29
 144.312361      8.421    16.8886  35.251680    26.8052      8.346  252.25695  252.61360     5.2875     7.0833 -9.990e-29
 144.312364      8.443    16.8886  35.251440    26.8050      8.368  252.25731  252.61396     5.4276     7.0793 -9.990e-29
 144.312367      8.467    16.8891  35.251861    26.8060      8.391  252.25329  252.60996     6.9062     7.4918 -9.990e-29
