seaocn-cb/data/ctd_cnv/SBE19plus_01907321_2024_05_27_Cast72.cnv
* Sea-Bird SBE19plus  Data File:
* FileName = E:\Prandtl_Daten\2024\27052024\raw\SBE19plus_01907321_2024_05_27_Cast72.hex
* Software version 2.6.1.12
* Temperature SN = 7321
* Conductivity SN = 7321
* System UpLoad Time = May 27 2024 09:06:32
* <ApplicationData>
* <Seaterm232>
** 20240527
** Sea Practical 2024
** MCat 27.05 CTD_SP5
** NMEA Latitude = 54 7.781N
** NMEA Longitude = 008 25.579E
** waterdepth = 8.4m
** Maja
# nquan = 11
# nvalues = 248                         
# units = specified
# name 0 = timeJ: Julian Days
# name 1 = prdM: Pressure, Strain Gauge [db]
# name 2 = tv290C: Temperature [ITS-90, deg C]
# name 3 = c0mS/cm: Conductivity [mS/cm]
# name 4 = sal00: Salinity, Practical [PSU]
# name 5 = depSM: Depth [salt water, m], lat = 54.00
# name 6 = oxsatMm/Kg: Oxygen Saturation, Weiss [umol/kg]
# name 7 = oxsolMm/Kg: Oxygen Saturation, Garcia & Gordon [umol/kg]
# name 8 = turbWETntu0: Turbidity, WET Labs ECO [NTU]
# name 9 = flECO-AFL: Fluorescence, WET Labs ECO-AFL/FL [mg/m^3]
# name 10 = flag:  0.000e+00
# span 0 = 148.376615, 148.377329       
# span 1 =      0.830,      7.335       
# span 2 =    16.3977,    16.6017       
# span 3 =  36.855630,  36.904144       
# span 4 =    28.3985,    28.5498       
# span 5 =      0.823,      7.270       
# span 6 =  250.94372,  251.69862       
# span 7 =  251.27817,  252.02309       
# span 8 =    -3.1638,     6.8906       
# span 9 =     3.1489,     6.3029       
# span 10 = 0.0000e+00, 0.0000e+00      
# interval = seconds: 0.25
# start_time = May 27 2024 09:00:48 [Instrument's time stamp, header]
# bad_flag = -9.990e-29
*END*
[from data line 132]
 148.376997      4.480    16.5242  36.863080    28.4255      4.440  251.28553  251.61642    -1.6385     4.4995 0.0000e+00
 148.376999      4.524    16.5187  36.862164    28.4286      4.484  251.30713  251.63776    -1.6385     4.4995 0.0000e+00
 148.377002      4.564    16.5139  36.858557    28.4288      4.523  251.33026  251.66067    -1.6385     4.4914 0.0000e+00
 148.377005      4.601    16.5122  36.862226    28.4316      4.560  251.33392  251.66424    -1.8564     4.3357 0.0000e+00
 148.377008      4.632    16.5105  36.863083    28.4344      4.590  251.33758  251.66782    -2.0743     4.1800 -9.990e-29
 148.377011      4.650    16.5105  36.861676    28.4339      4.608  251.33842  251.66865    -2.1522     4.1881 -9.990e-29
 148.377014      4.661    16.5112  36.859597    28.4317      4.619  251.33905  251.66933    -2.1522     4.1841 -9.990e-29
 148.377017      4.673    16.5117  36.859659    28.4314      4.632  251.33716  251.66746    -1.9809     4.9726 -9.990e-29
 148.377020      4.681    16.5114  36.859659    28.4315      4.639  251.33807  251.66836    -1.9498     5.1262 -9.990e-29
 148.377023      4.683    16.5104  36.861371    28.4337      4.641  251.33949  251.66972    -1.8720     5.1222 -9.990e-29
 148.377025      4.690    16.5086  36.860821    28.4345      4.648  251.34694  251.67709    -1.8564     5.1181 -9.990e-29
 148.377028      4.703    16.5054  36.861922    28.4377      4.661  251.35711  251.68710    -1.8876     5.1262 -9.990e-29
 148.377031      4.716    16.5029  36.859599    28.4375      4.674  251.36989  251.69976    -1.9498     4.9928 -9.990e-29
 148.377034      4.739    16.4997  36.860149    28.4387      4.697  251.38388  251.71360    -1.9187     4.9928 -9.990e-29
 148.377037      4.774    16.4986  36.858315    28.4408      4.731  251.38544  251.71510    -1.8798     4.9969 0.0000e+00
 148.377040      4.811    16.4976  36.861556    28.4423      4.768  251.38700  251.71660    -1.8409     4.9928 0.0000e+00
 148.377043      4.860    16.4946  36.858316    28.4429      4.816  251.40295  251.73242    -1.6074     4.7421 0.0000e+00
 148.377046      4.913    16.4909  36.856299    28.4431      4.869  251.41952  251.74883    -1.6074     4.7421 0.0000e+00
 148.377049      4.962    16.4873  36.859173    28.4482      4.918  251.42892  251.75804    -1.6541     4.7421 0.0000e+00
 148.377052      5.014    16.4842  36.858990    28.4498      4.969  251.44069  251.76966    -1.6541     4.7421 0.0000e+00
 148.377054      5.052    16.4818  36.856545    28.4502      5.007  251.45335  251.78222    -1.4673     4.5925 0.0000e+00
 148.377057      5.088    16.4809  36.858135    28.4511      5.043  251.45567  251.78449    -1.4362     4.5702 0.0000e+00
 148.377060      5.119    16.4799  36.858319    28.4525      5.074  251.45799  251.78675    -1.4673     4.5925 -9.990e-29
 148.377063      5.134    16.4763  36.857891    28.4548      5.088  251.47195  251.80054    -1.4051     4.5520 -9.990e-29
 148.377066      5.141    16.4750  36.859420    28.4570      5.095  251.47454  251.80306    -1.6697     4.7421 -9.990e-29
 148.377069      5.141    16.4741  36.859909    28.4581      5.095  251.47715  251.80561    -1.6697     4.9847 -9.990e-29
 148.377072      5.143    16.4734  36.862600    28.4609      5.097  251.47591  251.80433    -1.7008     4.9847 -9.990e-29
 148.377075      5.145    16.4725  36.859604    28.4590      5.099  251.48363  251.81203    -1.6074     4.9685 -9.990e-29
 148.377078      5.152    16.4720  36.859910    28.4596      5.106  251.48500  251.81337    -1.7475     4.9887 -9.990e-29
 148.377080      5.176    16.4714  36.858993    28.4592      5.130  251.48847  251.81682    -1.4518     4.4267 -9.990e-29
 148.377083      5.201    16.4706  36.859176    28.4590      5.155  251.49317  251.82148    -1.5140     4.4145 -9.990e-29
 148.377086      5.238    16.4704  36.858076    28.4582      5.191  251.49588  251.82419    -1.5140     4.4327 0.0000e+00
 148.377089      5.283    16.4701  36.855630    28.4590      5.236  251.49493  251.82318    -1.5140     4.4509 0.0000e+00
 148.377092      5.327    16.4697  36.859177    28.4598      5.279  251.49590  251.82417    -1.9809     4.4914 0.0000e+00
 148.377095      5.369    16.4697  36.858321    28.4598      5.321  251.49590  251.82417    -1.9809     4.4914 0.0000e+00
 148.377098      5.406    16.4704  36.856059    28.4594      5.357  251.49590  251.82417    -1.9809     4.4914 0.0000e+00
 148.377101      5.442    16.4712  36.859177    28.4592      5.393  251.48925  251.81758    -1.7786     4.5075 0.0000e+00
 148.377104      5.475    16.4722  36.859666    28.4594      5.426  251.48493  251.81331    -1.4051     5.0292 0.0000e+00
 148.377106      5.511    16.4724  36.860828    28.4596      5.462  251.48334  251.81172    -1.4051     5.0333 0.0000e+00
 148.377109      5.537    16.4726  36.861378    28.4599      5.487  251.48174  251.81013    -1.4051     5.0292 -9.990e-29
 148.377112      5.553    16.4735  36.859911    28.4584      5.503  251.47979  251.80822    -1.4518     5.0494 -9.990e-29
 148.377115      5.568    16.4736  36.860339    28.4587      5.518  251.47886  251.80730    -0.8292     5.0615 -9.990e-29
 148.377118      5.582    16.4732  36.859177    28.4580      5.533  251.48178  251.81021    -0.9226     5.5306 -9.990e-29
 148.377121      5.601    16.4725  36.858749    28.4581      5.551  251.48514  251.81354    -0.9070     5.5387 -9.990e-29
 148.377124      5.628    16.4715  36.856548    28.4569      5.578  251.49201  251.82037    -0.9070     5.5063 -9.990e-29
 148.377127      5.648    16.4689  36.860462    28.4602      5.598  251.49909  251.82732    -1.1872     5.9147 -9.990e-29
 148.377130      5.683    16.4682  36.858322    28.4616      5.632  251.50049  251.82867    -1.1639     5.9127 0.0000e+00
 148.377133      5.719    16.4674  36.860340    28.4631      5.668  251.50189  251.83002    -1.1872     5.9147 0.0000e+00
 148.377135      5.757    16.4657  36.860279    28.4642      5.706  251.50833  251.83639    -1.1872     5.9107 0.0000e+00
 148.377138      5.794    16.4641  36.859668    28.4648      5.742  251.51529  251.84327    -1.2339     5.9107 0.0000e+00
 148.377141      5.834    16.4626  36.863093    28.4687      5.782  251.51602  251.84390    -1.3117     5.0534 0.0000e+00
 148.377144      5.867    16.4620  36.861992    28.4688      5.814  251.51895  251.84680    -1.4129     5.0393 0.0000e+00
 148.377147      5.902    16.4614  36.859914    28.4687      5.849  251.52187  251.84971    -1.3117     5.0534 -9.990e-29
 148.377150      5.922    16.4598  36.864438    28.4719      5.869  251.52435  251.85209    -1.4206     5.0413 -9.990e-29
 148.377153      5.936    16.4590  36.861565    28.4700      5.883  251.53159  251.85932    -1.3895     5.4861 -9.990e-29
 148.377156      5.951    16.4583  36.861504    28.4705      5.898  251.53441  251.86209    -1.3428     5.4942 -9.990e-29
 148.377159      5.962    16.4577  36.863277    28.4724      5.909  251.53392  251.86157    -1.2806     5.4982 -9.990e-29
 148.377161      5.973    16.4570  36.861810    28.4716      5.919  251.53880  251.86642    -1.4051     5.4861 -9.990e-29
 148.377164      5.982    16.4562  36.864867    28.4748      5.928  251.53733  251.86490    -1.3273     5.5225 -9.990e-29
 148.377167      5.993    16.4558  36.864195    28.4745      5.939  251.53953  251.86708    -1.4051     5.6600 -9.990e-29
 148.377170      6.009    16.4556  36.862666    28.4734      5.955  251.54269  251.87024    -1.3739     5.6519 -9.990e-29
 148.377173      6.033    16.4558  36.866213    28.4714      5.979  251.54517  251.87274    -1.4829     5.6357 -9.990e-29
 148.377176      6.066    16.4555  36.860587    28.4744      6.012  251.54139  251.86892    -0.9226     5.9026 0.0000e+00
 148.377179      6.106    16.4552  36.867191    28.4775      6.051  251.54115  251.86857    -0.4868     6.1452 0.0000e+00
 148.377182      6.155    16.4536  36.868904    28.4801      6.100  251.54115  251.86857    -0.4868     6.1452 0.0000e+00
 148.377185      6.210    16.4513  36.869577    28.4823      6.155  251.54864  251.87594    -0.4868     6.1452 0.0000e+00
 148.377187      6.258    16.4482  36.873002    28.4874      6.202  251.55510  251.88223    -0.4090     6.1290 0.0000e+00
 148.377190      6.312    16.4446  36.876122    28.4926      6.256  251.56412  251.89106    -0.3156     4.7663 0.0000e+00
 148.377193      6.356    16.4410  36.873676    28.4930      6.299  251.58101  251.90779    -0.3156     4.7542 0.0000e+00
 148.377196      6.394    16.4393  36.877040    28.4956      6.337  251.58488  251.91157    -0.3234     4.7481 0.0000e+00
 148.377199      6.427    16.4377  36.877958    28.4983      6.370  251.58876  251.91535    -0.3311     4.7299 -9.990e-29
 148.377202      6.444    16.4312  36.879976    28.5054      6.386  251.60860  251.93485     0.5871     5.3041 -9.990e-29
 148.377205      6.460    16.4287  36.878142    28.5056      6.402  251.62065  251.94679     0.5716     5.2880 -9.990e-29
 148.377208      6.465    16.4280  36.875941    28.5042      6.408  251.62630  251.95243     0.4626     5.2961 -9.990e-29
 148.377211      6.464    16.4285  36.873922    28.5021      6.406  251.62746  251.95362     0.6183     5.3041 -9.990e-29
 148.377214      6.466    16.4284  36.878815    28.5064      6.408  251.62057  251.94669     0.5405     5.3001 -9.990e-29
 148.377216      6.469    16.4280  36.880405    28.5080      6.411  251.61974  251.94584    -0.4245     4.9402 -9.990e-29
 148.377219      6.478    16.4271  36.879304    28.5078      6.420  251.62498  251.95104    -0.3778     4.9160 -9.990e-29
 148.377222      6.502    16.4251  36.882240    28.5125      6.443  251.62688  251.95282    -0.4401     4.9079 -9.990e-29
 148.377225      6.529    16.4247  36.883158    28.5132      6.471  251.62792  251.95383    -0.1911     5.3284 0.0000e+00
 148.377228      6.565    16.4242  36.884014    28.5139      6.507  251.62896  251.95484     0.0580     5.7489 0.0000e+00
 148.377231      6.611    16.4227  36.884198    28.5150      6.552  251.63414  251.95995     0.0580     5.7489 0.0000e+00
 148.377234      6.662    16.4212  36.885422    28.5151      6.602  251.63810  251.96383     0.1047     5.7692 0.0000e+00
 148.377237      6.715    16.4199  36.881997    28.5172      6.655  251.64799  251.97368     0.0580     5.7692 0.0000e+00
 148.377240      6.757    16.4192  36.884199    28.5166      6.696  251.64895  251.97459    -0.0121     5.1040 0.0000e+00
 148.377242      6.797    16.4185  36.885178    28.5180      6.736  251.64990  251.97550    -0.2066     4.4388 -9.990e-29
 148.377245      6.821    16.4170  36.886095    28.5207      6.760  251.65287  251.97839    -0.0977     4.4024 -9.990e-29
 148.377248      6.835    16.4163  36.888297    28.5231      6.774  251.65235  251.97782    -0.1755     4.4307 -9.990e-29
 148.377251      6.848    16.4151  36.890561    28.5258      6.787  251.65325  251.97865     1.1008     5.7045 -9.990e-29
 148.377254      6.861    16.4140  36.889705    28.5259      6.799  251.65874  251.98409     1.0074     5.6923 -9.990e-29
 148.377257      6.872    16.4126  36.888053    28.5257      6.810  251.66586  251.99115     1.1163     5.7085 -9.990e-29
 148.377260      6.897    16.4122  36.888359    28.5282      6.835  251.66388  251.98914     1.0852     5.7004 0.0000e+00
 148.377263      6.930    16.4117  36.893314    28.5306      6.868  251.66190  251.98712     1.0541     5.6923 0.0000e+00
 148.377266      6.972    16.4109  36.895394    28.5306      6.910  251.66190  251.98712     0.8673     4.8715 0.0000e+00
 148.377269      7.014    16.4100  36.890806    28.5329      6.951  251.66681  251.99191     0.8362     4.8715 0.0000e+00
 148.377271      7.056    16.4095  36.895761    28.5313      6.993  251.67197  251.99712     0.8673     4.8351 0.0000e+00
 148.377274      7.091    16.4094  36.892152    28.5328      7.027  251.66993  251.99503     0.8596     4.8492 0.0000e+00
 148.377277      7.122    16.4092  36.891052    28.5313      7.058  251.67305  251.99815     0.9296     4.8189 -9.990e-29
 148.377280      7.140    16.4092  36.892153    28.5313      7.076  251.67307  251.99818     0.5871     4.6774 -9.990e-29
 148.377283      7.149    16.4091  36.893682    28.5327      7.085  251.67143  251.99652     0.4938     4.6733 -9.990e-29
 148.377286      7.158    16.4090  36.896251    28.5350      7.094  251.66795  251.99302     0.5560     4.6814 -9.990e-29
 148.377289      7.162    16.4089  36.894416    28.5335      7.098  251.67096  251.99603     4.1825     5.1222 -9.990e-29
 148.377292      7.173    16.4084  36.895578    28.5348      7.109  251.67106  251.99611     3.9957     5.0979 -9.990e-29
 148.377295      7.187    16.4081  36.895089    28.5346      7.123  251.67300  251.99803     4.0580     5.1060 -9.990e-29
 148.377297      7.207    16.4079  36.897780    28.5371      7.143  251.66995  251.99495     4.2292     5.1060 -9.990e-29
 148.377300      7.224    16.4073  36.894416    28.5346      7.159  251.67702  252.00202     3.6533     5.4659 -9.990e-29
 148.377303      7.224    16.4070  36.896680    28.5367      7.159  251.67459  251.99956     3.8245     5.4659 -9.990e-29
 148.377306      7.233    16.4062  36.894967    28.5358      7.169  251.68013  252.00507     3.8868     5.5225 -9.990e-29
 148.377309      7.242    16.4055  36.898943    28.5398      7.178  251.67700  252.00188     3.8089     5.4780 -9.990e-29
 148.377312      7.259    16.4049  36.900044    28.5412      7.194  251.67780  252.00264     3.8089     5.5104 -9.990e-29
 148.377315      7.272    16.4036  36.897781    28.5401      7.206  251.68596  252.01075     6.2214     5.7409 -9.990e-29
 148.377318      7.293    16.4023  36.899861    28.5428      7.228  251.68773  252.01245     6.3459     5.7651 -9.990e-29
 148.377321      7.310    16.4011  36.902553    28.5460      7.244  251.68829  252.01294     6.3148     5.7934 -9.990e-29
 148.377323      7.322    16.4000  36.902920    28.5471      7.257  251.69168  252.01627     6.2836     5.7651 -9.990e-29
 148.377326      7.330    16.3989  36.902798    28.5478      7.264  251.69608  252.02061     6.8906     6.2948 -9.990e-29
 148.377329      7.335    16.3977  36.904144    28.5498      7.270  251.69862  252.02309     6.7194     6.3029 -9.990e-29
