seaocn-cb/data/ctd_cnv/SBE19plus_01907321_2024_05_25_Cast49.cnv
* Sea-Bird SBE19plus  Data File:
* FileName = E:\Prandtl_Daten\2024\25052024\raw\SBE19plus_01907321_2024_05_25_Cast49.hex
* Software version 2.6.1.12
* Temperature SN = 7321
* Conductivity SN = 7321
* System UpLoad Time = May 25 2024 07:39:44
* <ApplicationData>
* <Seaterm232>
** 20240525
** Sea Practical 2024
** MCat 25.05 CTD_SP4
** NMEA Latitude = 054 07.471N
** NMEA Longitude = 008 27.982E
** waterdepth = 4.0m
** Isabelle
# nquan = 11
# nvalues = 156                         
# units = specified
# name 0 = timeJ: Julian Days
# name 1 = prdM: Pressure, Strain Gauge [db]
# name 2 = tv290C: Temperature [ITS-90, deg C]
# name 3 = c0mS/cm: Conductivity [mS/cm]
# name 4 = sal00: Salinity, Practical [PSU]
# name 5 = depSM: Depth [salt water, m], lat = 54.00
# name 6 = oxsatMm/Kg: Oxygen Saturation, Weiss [umol/kg]
# name 7 = oxsolMm/Kg: Oxygen Saturation, Garcia & Gordon [umol/kg]
# name 8 = turbWETntu0: Turbidity, WET Labs ECO [NTU]
# name 9 = flECO-AFL: Fluorescence, WET Labs ECO-AFL/FL [mg/m^3]
# name 10 = flag:  0.000e+00
# span 0 = 146.316212, 146.316661       
# span 1 =      0.475,      3.399       
# span 2 =    16.5071,    16.5440       
# span 3 =  35.777949,  35.796495       
# span 4 =    27.4899,    27.5128       
# span 5 =      0.471,      3.368       
# span 6 =  252.77747,  252.94038       
# span 7 =  253.11522,  253.27646       
# span 8 =    -0.3156,     9.8634       
# span 9 =     4.5884,     6.1735       
# span 10 = 0.0000e+00, 0.0000e+00      
# interval = seconds: 0.25
# start_time = May 25 2024 07:33:58 [Instrument's time stamp, header]
# bad_flag = -9.990e-29
*END*
 146.316212      0.475    16.5427  35.783856    27.4922      0.471  252.79460  253.13234     9.7233     5.3082 0.0000e+00
 146.316215      0.514    16.5431  35.785125    27.4929      0.509  252.79122  253.12897     9.7700     5.3082 0.0000e+00
 146.316218      0.581    16.5431  35.785125    27.4929      0.576  252.79095  253.12871     9.7856     5.3203 0.0000e+00
 146.316221      0.654    16.5430  35.786213    27.4929      0.648  252.79095  253.12871     9.7700     5.3203 0.0000e+00
 146.316224      0.736    16.5428  35.781138    27.4919      0.730  252.79483  253.13258     9.7078     5.3243 0.0000e+00
 146.316227      0.791    16.5426  35.785126    27.4899      0.784  252.79934  253.13709     9.6299     5.3041 -9.990e-29
 146.316230      0.811    16.5413  35.786032    27.4949      0.804  252.79714  253.13480     9.7856     4.9887 -9.990e-29
 146.316233      0.807    16.5411  35.786697    27.4956      0.800  252.79678  253.13443     9.7700     5.0373 -9.990e-29
 146.316236      0.785    16.5413  35.783616    27.4928      0.778  252.80036  253.13803     9.8634     4.9928 -9.990e-29
 146.316238      0.765    16.5415  35.785791    27.4945      0.758  252.79654  253.13422     8.8984     5.0615 -9.990e-29
 146.316241      0.771    16.5413  35.786032    27.4945      0.764  252.79745  253.13511     8.7584     5.0130 -9.990e-29
 146.316244      0.809    16.5412  35.785609    27.4946      0.802  252.79764  253.13530     8.6961     5.0110 0.0000e+00
 146.316247      0.867    16.5412  35.785791    27.4945      0.860  252.79783  253.13549     8.7584     5.0130 0.0000e+00
 146.316250      0.944    16.5412  35.784522    27.4947      0.936  252.79783  253.13549     8.8206     5.0615 0.0000e+00
 146.316253      1.000    16.5412  35.786698    27.4946      0.992  252.79831  253.13596     8.8751     5.0736 0.0000e+00
 146.316256      1.039    16.5411  35.787121    27.4955      1.030  252.79688  253.13453     8.8206     5.0615 -9.990e-29
 146.316259      1.062    16.5410  35.785127    27.4942      1.053  252.79952  253.13718     8.6961     5.0575 -9.990e-29
 146.316262      1.061    16.5411  35.782348    27.4918      1.051  252.80329  253.14096     5.4432     4.7704 -9.990e-29
 146.316264      1.042    16.5414  35.787544    27.4960      1.033  252.79443  253.13209     5.2720     4.7866 -9.990e-29
 146.316267      1.021    16.5417  35.788208    27.4964      1.011  252.79252  253.13019     5.2097     4.8270 -9.990e-29
 146.316270      1.015    16.5425  35.787181    27.4977      1.006  252.78626  253.12396     5.1319     4.7744 -9.990e-29
 146.316273      1.048    16.5427  35.790384    27.4973      1.039  252.78615  253.12386     6.3537     4.9018 0.0000e+00
 146.316276      1.114    16.5428  35.789719    27.4969      1.104  252.78604  253.12376     7.5755     5.0292 0.0000e+00
 146.316279      1.194    16.5434  35.788209    27.4962      1.183  252.78583  253.12359     7.5755     5.0494 0.0000e+00
 146.316282      1.280    16.5440  35.789961    27.4951      1.268  252.78408  253.12187     7.5755     5.0575 0.0000e+00
 146.316285      1.364    16.5440  35.787786    27.4943      1.351  252.78408  253.12187     7.5443     5.0575 0.0000e+00
 146.316288      1.435    16.5438  35.785793    27.4943      1.422  252.78563  253.12337     0.8829     4.7946 0.0000e+00
 146.316291      1.488    16.5436  35.788874    27.4943      1.474  252.78695  253.12471     0.8596     4.7906 0.0000e+00
 146.316293      1.517    16.5433  35.791896    27.4957      1.503  252.78563  253.12337     0.8362     4.7946 -9.990e-29
 146.316296      1.530    16.5433  35.788210    27.4951      1.516  252.78663  253.12437     0.8517     4.7663 -9.990e-29
 146.316299      1.535    16.5430  35.787787    27.4950      1.522  252.78817  253.12591     2.0657     4.8189 -9.990e-29
 146.316302      1.544    16.5422  35.789056    27.4966      1.531  252.78971  253.12740     2.0969     4.8108 -9.990e-29
 146.316305      1.564    16.5413  35.789479    27.4976      1.550  252.79218  253.12983     1.9257     4.7906 -9.990e-29
 146.316308      1.586    16.5412  35.790386    27.4984      1.572  252.79148  253.12911     2.0346     4.7461 -9.990e-29
 146.316311      1.597    16.5412  35.791232    27.4991      1.583  252.79024  253.12787     0.7584     5.1141 -9.990e-29
 146.316314      1.604    16.5421  35.792742    27.4998      1.590  252.78464  253.12231     0.9296     5.0979 -9.990e-29
 146.316317      1.601    16.5428  35.789479    27.4965      1.586  252.78665  253.12437     0.8050     5.1505 -9.990e-29
 146.316319      1.604    16.5432  35.788391    27.4953      1.590  252.78671  253.12445     0.8673     5.1505 -9.990e-29
 146.316322      1.604    16.5430  35.788210    27.4953      1.590  252.78790  253.12563     0.8673     5.1181 -9.990e-29
 146.316325      1.617    16.5426  35.788875    27.4939      1.603  252.79239  253.13011     1.7233     4.9402 -9.990e-29
 146.316328      1.652    16.5426  35.786216    27.4952      1.637  252.78999  253.12770     1.6922     4.9685 0.0000e+00
 146.316331      1.710    16.5426  35.789298    27.4965      1.695  252.78759  253.12530     1.6611     4.9968 0.0000e+00
 146.316334      1.774    16.5426  35.791232    27.4967      1.758  252.78673  253.12445     1.5210     4.9968 0.0000e+00
 146.316337      1.842    16.5427  35.789722    27.4967      1.825  252.78673  253.12445     0.3848     4.8876 0.0000e+00
 146.316340      1.904    16.5428  35.788634    27.4964      1.887  252.78673  253.12445     0.3848     4.8876 0.0000e+00
 146.316343      1.960    16.5428  35.789480    27.4964      1.943  252.78654  253.12426     0.4004     4.8876 0.0000e+00
 146.316345      2.008    16.5427  35.792139    27.4977      1.990  252.78553  253.12323     0.4471     4.8654 0.0000e+00
 146.316348      2.037    16.5424  35.791475    27.4990      2.019  252.78451  253.12220     0.4938     4.8310 -9.990e-29
 146.316351      2.051    16.5425  35.790145    27.4972      2.033  252.78715  253.12485     0.1047     4.9766 -9.990e-29
 146.316354      2.061    16.5425  35.791475    27.4983      2.042  252.78521  253.12290     0.0268     4.9928 -9.990e-29
 146.316357      2.068    16.5425  35.790568    27.4975      2.049  252.78654  253.12424     0.0891     4.9847 -9.990e-29
 146.316360      2.075    16.5429  35.793408    27.4997      2.057  252.78084  253.11854    -0.1132     4.6652 -9.990e-29
 146.316363      2.095    16.5437  35.793408    27.4990      2.077  252.77805  253.11579    -0.1599     4.5884 -9.990e-29
 146.316366      2.126    16.5438  35.793227    27.4990      2.107  252.77747  253.11522    -0.1833     4.6006 0.0000e+00
 146.316369      2.170    16.5438  35.793409    27.4989      2.151  252.77805  253.11579    -0.2066     4.6086 0.0000e+00
 146.316372      2.218    16.5438  35.790569    27.4975      2.198  252.78169  253.11945    -0.2066     4.6127 0.0000e+00
 146.316374      2.260    16.5433  35.791234    27.4975      2.239  252.78259  253.12032     0.0113     4.9726 0.0000e+00
 146.316377      2.307    16.5422  35.791899    27.4988      2.286  252.78595  253.12362     0.0268     4.9726 0.0000e+00
 146.316380      2.349    16.5419  35.792141    27.4991      2.328  252.78686  253.12452     0.0969     4.9867 0.0000e+00
 146.316383      2.378    16.5416  35.793833    27.4994      2.357  252.78777  253.12542     0.1825     4.9523 -9.990e-29
 146.316386      2.402    16.5425  35.787971    27.4952      2.381  252.79052  253.12824     0.7272     4.8796 -9.990e-29
 146.316389      2.411    16.5426  35.788394    27.4955      2.390  252.78929  253.12701     0.7739     4.8553 -9.990e-29
 146.316392      2.417    16.5429  35.791899    27.4983      2.395  252.78324  253.12094     0.8050     4.8229 -9.990e-29
 146.316395      2.427    16.5427  35.791657    27.4982      2.406  252.78421  253.12191     0.8206     4.8472 -9.990e-29
 146.316398      2.449    16.5430  35.791476    27.4993      2.427  252.78071  253.11842     0.8517     5.0898 -9.990e-29
 146.316400      2.484    16.5431  35.793229    27.4996      2.462  252.77979  253.11750     0.8673     5.0595 0.0000e+00
 146.316403      2.526    16.5430  35.794075    27.4993      2.503  252.78071  253.11842     0.8517     5.0373 0.0000e+00
 146.316406      2.573    16.5430  35.791537    27.4996      2.550  252.78174  253.11944     0.8517     5.0373 0.0000e+00
 146.316409      2.615    16.5427  35.793410    27.4978      2.592  252.78323  253.12095     0.6650     5.1828 0.0000e+00
 146.316412      2.657    16.5423  35.790148    27.4984      2.633  252.78553  253.12322     0.5950     5.1970 0.0000e+00
 146.316415      2.690    16.5420  35.791477    27.4973      2.666  252.78932  253.12700     0.6650     5.2111 -9.990e-29
 146.316418      2.706    16.5409  35.792323    27.4999      2.682  252.79016  253.12778     0.4159     5.1667 -9.990e-29
 146.316421      2.724    16.5392  35.788637    27.5002      2.700  252.79856  253.13609     0.0891     5.3041 -9.990e-29
 146.316424      2.752    16.5390  35.791236    27.5009      2.727  252.79852  253.13603     0.1591     5.3223 0.0000e+00
 146.316427      2.785    16.5387  35.792565    27.5002      2.760  252.79856  253.13609     0.1513     5.3041 0.0000e+00
 146.316429      2.821    16.5380  35.789967    27.4998      2.796  252.80477  253.14226     0.1513     5.3163 0.0000e+00
 146.316432      2.869    16.5367  35.788638    27.4998      2.843  252.81167  253.14910     0.0580     5.2880 0.0000e+00
 146.316435      2.920    16.5353  35.790572    27.5022      2.894  252.81410  253.15146    -0.1444     5.2556 0.0000e+00
 146.316438      2.972    16.5345  35.791237    27.5030      2.946  252.81655  253.15388    -0.2300     5.2455 0.0000e+00
 146.316441      3.011    16.5338  35.789727    27.5038      2.984  252.81901  253.15629    -0.3156     5.2354 -9.990e-29
 146.316444      3.027    16.5330  35.791237    27.5043      3.000  252.82212  253.15936    -0.3000     5.2354 -9.990e-29
 146.316447      3.042    16.5336  35.791056    27.5037      3.015  252.81992  253.15720     0.1825     5.1626 -9.990e-29
 146.316450      3.044    16.5343  35.791902    27.5040      3.016  252.81622  253.15352     0.2914     5.1788 -9.990e-29
 146.316453      3.049    16.5352  35.790270    27.5020      3.022  252.81523  253.15258     0.4159     5.1424 -9.990e-29
 146.316455      3.049    16.5359  35.790391    27.5016      3.022  252.81228  253.14966     0.3070     5.1909 -9.990e-29
 146.316458      3.069    16.5363  35.791479    27.5026      3.042  252.80855  253.14595     0.3537     5.2961 -9.990e-29
 146.316461      3.102    16.5365  35.791902    27.5018      3.074  252.80890  253.14631     0.3537     5.3224 0.0000e+00
 146.316464      3.148    16.5367  35.790392    27.5022      3.120  252.80855  253.14595     0.3537     5.2961 0.0000e+00
 146.316467      3.193    16.5377  35.792567    27.5022      3.165  252.80239  253.13985     0.3537     5.3041 0.0000e+00
 146.316470      3.231    16.5388  35.795830    27.5042      3.202  252.79331  253.13081     0.4159     5.3041 0.0000e+00
 146.316473      3.264    16.5396  35.796495    27.5042      3.235  252.78927  253.12681     0.9607     5.3041 0.0000e+00
 146.316476      3.295    16.5403  35.795830    27.5035      3.266  252.78745  253.12502     1.0619     5.3224 0.0000e+00
 146.316479      3.324    16.5409  35.792325    27.5027      3.295  252.78564  253.12324     0.9607     5.2799 -9.990e-29
 146.316481      3.328    16.5417  35.795407    27.5018      3.298  252.78320  253.12084     1.1163     5.3203 -9.990e-29
 146.316484      3.319    16.5418  35.796495    27.5026      3.289  252.78099  253.11862     1.0852     5.6964 -9.990e-29
 146.316487      3.317    16.5416  35.793232    27.5000      3.287  252.78669  253.12433     0.8984     5.6923 -9.990e-29
 146.316490      3.328    16.5409  35.790392    27.4981      3.298  252.79363  253.13126     1.0229     5.7570 -9.990e-29
 146.316493      3.350    16.5398  35.789485    27.4980      3.320  252.79898  253.13656     0.9918     5.7125 -9.990e-29
 146.316496      3.366    16.5373  35.789063    27.4994      3.336  252.80916  253.14662     1.7856     6.1371 -9.990e-29
 146.316499      3.373    16.5351  35.792145    27.5035      3.343  252.81296  253.15030     1.7545     6.1654 -9.990e-29
 146.316502      3.372    16.5341  35.790151    27.5025      3.341  252.81958  253.15688     1.8634     6.1573 -9.990e-29
 146.316505      3.355    16.5332  35.787553    27.5010      3.325  252.82708  253.16435     1.6922     6.1331 -9.990e-29
 146.316508      3.330    16.5308  35.785619    27.5009      3.300  252.83883  253.17600     2.2058     5.9713 -9.990e-29
 146.316510      3.302    16.5267  35.784532    27.5028      3.273  252.85582  253.19280     2.3303     5.9794 -9.990e-29
 146.316513      3.269    16.5229  35.785137    27.5059      3.240  252.86939  253.20619     2.3303     5.9228 -9.990e-29
 146.316516      3.245    16.5199  35.778189    27.5021      3.216  252.89097  253.22766     2.3615     5.9552 -9.990e-29
 146.316519      3.233    16.5170  35.779035    27.5048      3.204  252.90081  253.23736     2.2525     5.9471 -9.990e-29
 146.316522      3.247    16.5141  35.781210    27.5087      3.218  252.90872  253.24511     2.2836     5.4457 -9.990e-29
 146.316525      3.277    16.5099  35.779942    27.5119      3.247  252.92406  253.26025     2.3303     5.4335 -9.990e-29
 146.316528      3.313    16.5093  35.781694    27.5119      3.284  252.92718  253.26334     2.3459     5.4375 0.0000e+00
 146.316531      3.348    16.5093  35.780607    27.5119      3.318  252.92718  253.26334     2.3459     5.4375 0.0000e+00
 146.316534      3.375    16.5087  35.782964    27.5118      3.345  252.93029  253.26643     2.3615     5.4416 -9.990e-29
 146.316536      3.392    16.5071  35.777949    27.5107      3.362  252.94038  253.27646     1.9101     5.9996 -9.990e-29
 146.316539      3.398    16.5074  35.779037    27.5114      3.367  252.93755  253.27364     1.7233     5.9228 -9.990e-29
 146.316542      3.388    16.5081  35.780124    27.5118      3.358  252.93318  253.26930     1.7233     5.9633 -9.990e-29
 146.316545      3.366    16.5090  35.781393    27.5123      3.336  252.92792  253.26407     1.2720     5.4861 -9.990e-29
 146.316548      3.336    16.5103  35.780607    27.5107      3.306  252.92413  253.26034     1.3342     5.4699 -9.990e-29
 146.316551      3.314    16.5114  35.781694    27.5109      3.284  252.91851  253.25478     1.2564     5.4942 -9.990e-29
 146.316554      3.303    16.5122  35.784050    27.5124      3.273  252.91197  253.24826     1.2875     5.4012 -9.990e-29
 146.316557      3.307    16.5124  35.781029    27.5097      3.277  252.91548  253.25180     1.6299     6.0441 -9.990e-29
 146.316560      3.307    16.5128  35.784534    27.5124      3.277  252.90880  253.24511     1.5521     6.0482 -9.990e-29
 146.316563      3.310    16.5135  35.782540    27.5102      3.281  252.90895  253.24532     1.6611     6.0320 -9.990e-29
 146.316565      3.316    16.5140  35.784957    27.5119      3.286  252.90356  253.23993     1.5677     6.0158 -9.990e-29
 146.316568      3.320    16.5144  35.783204    27.5101      3.290  252.90460  253.24100     1.6299     5.9673 -9.990e-29
 146.316571      3.308    16.5148  35.782963    27.5097      3.279  252.90371  253.24013     0.8517     5.9309 -9.990e-29
 146.316574      3.297    16.5156  35.785802    27.5116      3.268  252.89646  253.23290     0.7895     5.9026 -9.990e-29
 146.316577      3.283    16.5157  35.781875    27.5081      3.253  252.90160  253.23807     0.9918     5.8986 -9.990e-29
 146.316580      3.281    16.5158  35.779700    27.5062      3.252  252.90448  253.24097     0.5871     5.8581 -9.990e-29
 146.316583      3.288    16.5161  35.785379    27.5108      3.259  252.89492  253.23139     2.2058     5.8298 -9.990e-29
 146.316586      3.299    16.5165  35.786044    27.5111      3.269  252.89272  253.22920     2.3926     5.8096 -9.990e-29
 146.316589      3.321    16.5167  35.785621    27.5106      3.291  252.89243  253.22892     2.2214     5.8419 -9.990e-29
