seaocn-cb/data/ctd_cnv/SBE19plus_01907321_2024_05_27_Cast73.cnv
* Sea-Bird SBE19plus  Data File:
* FileName = E:\Prandtl_Daten\2024\27052024\raw\SBE19plus_01907321_2024_05_27_Cast73.hex
* Software version 2.6.1.12
* Temperature SN = 7321
* Conductivity SN = 7321
* System UpLoad Time = May 27 2024 09:19:48
* <ApplicationData>
* <Seaterm232>
** 20240527
** Sea Practical 2024
** MCat 27.05 CTD_SP5
** NMEA Latitude = 54 7.781N
** NMEA Longitude = 008 25.579E
** waterdepth = 8.4m
** Maja
# nquan = 11
# nvalues = 247                         
# units = specified
# name 0 = timeJ: Julian Days
# name 1 = prdM: Pressure, Strain Gauge [db]
# name 2 = tv290C: Temperature [ITS-90, deg C]
# name 3 = c0mS/cm: Conductivity [mS/cm]
# name 4 = sal00: Salinity, Practical [PSU]
# name 5 = depSM: Depth [salt water, m], lat = 54.00
# name 6 = oxsatMm/Kg: Oxygen Saturation, Weiss [umol/kg]
# name 7 = oxsolMm/Kg: Oxygen Saturation, Garcia & Gordon [umol/kg]
# name 8 = turbWETntu0: Turbidity, WET Labs ECO [NTU]
# name 9 = flECO-AFL: Fluorescence, WET Labs ECO-AFL/FL [mg/m^3]
# name 10 = flag:  0.000e+00
# span 0 = 148.386296, 148.387008       
# span 1 =      0.685,      7.336       
# span 2 =    16.3878,    16.5046       
# span 3 =  36.889456,  36.955143       
# span 4 =    28.5149,    28.5514       
# span 5 =      0.679,      7.270       
# span 6 =  251.22310,  251.74897       
# span 7 =  251.55249,  252.07305       
# span 8 =    -2.1988,    18.6572       
# span 9 =     2.8699,     5.9794       
# span 10 = 0.0000e+00, 0.0000e+00      
# interval = seconds: 0.25
# start_time = May 27 2024 09:15:05 [Instrument's time stamp, header]
# bad_flag = -9.990e-29
*END*
[from data line 132]
 148.386678      4.294    16.4560  36.917218    28.5204      4.255  251.46011  251.78736     0.1202     4.8836 -9.990e-29
 148.386681      4.301    16.4536  36.913058    28.5186      4.263  251.47526  251.80242     0.0891     4.9240 -9.990e-29
 148.386684      4.314    16.4480  36.911101    28.5189      4.275  251.50229  251.82920     0.0268     4.9604 -9.990e-29
 148.386687      4.343    16.4466  36.908838    28.5215      4.304  251.50479  251.83162    -0.1444     4.6571 0.0000e+00
 148.386690      4.381    16.4452  36.912631    28.5214      4.342  251.50729  251.83404    -0.3156     4.3862 0.0000e+00
 148.386693      4.418    16.4426  36.907309    28.5216      4.378  251.52478  251.85143    -0.4868     4.3862 0.0000e+00
 148.386696      4.461    16.4404  36.905719    28.5214      4.422  251.53528  251.86183    -0.4868     4.3862 0.0000e+00
 148.386698      4.509    16.4375  36.902478    28.5216      4.468  251.55092  251.87735    -0.3623     4.3903 0.0000e+00
 148.386701      4.558    16.4347  36.902111    28.5209      4.517  251.56204  251.88833    -0.3623     4.3903 0.0000e+00
 148.386704      4.595    16.4335  36.897585    28.5215      4.553  251.56975  251.89600    -0.8448     4.5379 0.0000e+00
 148.386707      4.622    16.4323  36.903763    28.5203      4.581  251.57746  251.90366    -1.3428     4.6855 -9.990e-29
 148.386710      4.646    16.4305  36.903458    28.5266      4.604  251.57548  251.90157    -1.3117     4.7057 -9.990e-29
 148.386713      4.662    16.4304  36.901867    28.5254      4.620  251.57843  251.90452    -1.3584     4.6410 -9.990e-29
 148.386716      4.673    16.4303  36.900338    28.5241      4.631  251.58099  251.90708    -0.7825     5.2556 -9.990e-29
 148.386719      4.686    16.4303  36.903213    28.5266      4.644  251.57677  251.90284    -0.8136     5.1990 -9.990e-29
 148.386722      4.704    16.4303  36.903641    28.5269      4.662  251.57615  251.90222    -0.7514     5.1828 -9.990e-29
 148.386725      4.722    16.4301  36.901195    28.5250      4.680  251.58036  251.90644    -0.6269     5.2273 -9.990e-29
 148.386727      4.742    16.4298  36.900950    28.5250      4.700  251.58194  251.90800    -0.3778     4.9079 -9.990e-29
 148.386730      4.766    16.4284  36.900767    28.5239      4.723  251.59051  251.91652    -0.4712     4.9038 -9.990e-29
 148.386733      4.797    16.4279  36.898626    28.5239      4.754  251.59292  251.91890    -0.4090     4.9059 0.0000e+00
 148.386736      4.837    16.4275  36.897831    28.5239      4.793  251.59532  251.92128    -0.3467     4.9079 0.0000e+00
 148.386739      4.880    16.4262  36.899850    28.5239      4.837  251.59720  251.92309     0.1513     5.9228 0.0000e+00
 148.386742      4.924    16.4249  36.894712    28.5266      4.880  251.60899  251.93477     0.1669     5.9228 0.0000e+00
 148.386745      4.968    16.4238  36.898015    28.5267      4.924  251.60960  251.93546     0.1669     5.9228 0.0000e+00
 148.386748      5.006    16.4234  36.897343    28.5267      4.962  251.61100  251.93676    -0.0199     5.9511 0.0000e+00
 148.386751      5.039    16.4230  36.899912    28.5267      4.994  251.61301  251.93876    -0.2066     5.9794 -9.990e-29
 148.386753      5.060    16.4214  36.896670    28.5272      5.014  251.61976  251.94543    -0.2066     4.9847 -9.990e-29
 148.386756      5.076    16.4207  36.897099    28.5281      5.031  251.62185  251.94749    -0.0043     5.0170 -9.990e-29
 148.386759      5.091    16.4196  36.894285    28.5264      5.045  251.62992  251.95552    -0.0510     4.9443 -9.990e-29
 148.386762      5.103    16.4189  36.895325    28.5278      5.058  251.63111  251.95666    -0.1288     4.9564 -9.990e-29
 148.386765      5.113    16.4186  36.898016    28.5303      5.067  251.62836  251.95388     0.4159     5.0696 -9.990e-29
 148.386768      5.127    16.4181  36.894713    28.5278      5.081  251.63503  251.96056     0.2292     5.0777 -9.990e-29
 148.386771      5.147    16.4175  36.896426    28.5298      5.101  251.63494  251.96042     0.1513     5.0130 -9.990e-29
 148.386774      5.171    16.4162  36.898506    28.5305      5.125  251.64005  251.96547    -0.0199     5.5993 -9.990e-29
 148.386777      5.197    16.4160  36.896243    28.5303      5.150  251.64149  251.96690     0.0657     5.5609 0.0000e+00
 148.386780      5.222    16.4158  36.895326    28.5305      5.175  251.64253  251.96791     0.1513     5.5265 0.0000e+00
 148.386782      5.253    16.4154  36.896427    28.5300      5.206  251.64293  251.96833     0.1513     5.5265 0.0000e+00
 148.386785      5.279    16.4151  36.894286    28.5296      5.232  251.64690  251.97228     0.0424     5.5670 0.0000e+00
 148.386788      5.308    16.4150  36.892145    28.5296      5.260  251.64715  251.97249    -0.6424     5.6115 0.0000e+00
 148.386791      5.335    16.4148  36.895571    28.5294      5.288  251.64876  251.97412    -0.6891     5.6317 0.0000e+00
 148.386794      5.366    16.4146  36.893981    28.5310      5.318  251.64715  251.97249    -0.6424     5.6115 -9.990e-29
 148.386797      5.390    16.4137  36.894226    28.5304      5.342  251.65217  251.97749    -0.7669     5.6438 -9.990e-29
 148.386800      5.416    16.4137  36.892574    28.5291      5.367  251.65492  251.98024    -0.6736     5.6559 -9.990e-29
 148.386803      5.439    16.4133  36.896000    28.5305      5.391  251.65408  251.97938    -0.3778     4.8553 -9.990e-29
 148.386806      5.465    16.4133  36.893981    28.5306      5.416  251.65415  251.97945    -0.4479     4.8714 0.0000e+00
 148.386808      5.494    16.4133  36.894104    28.5307      5.445  251.65422  251.97951    -0.3778     4.8553 0.0000e+00
 148.386811      5.536    16.4130  36.893982    28.5307      5.486  251.65499  251.98027    -0.3778     4.8553 0.0000e+00
 148.386814      5.580    16.4130  36.894226    28.5309      5.530  251.65499  251.98027     0.5871     4.8553 0.0000e+00
 148.386817      5.618    16.4128  36.897285    28.5311      5.568  251.65499  251.98027     0.6183     4.8755 0.0000e+00
 148.386820      5.651    16.4125  36.893982    28.5311      5.600  251.65750  251.98275     0.6494     4.8755 0.0000e+00
 148.386823      5.682    16.4125  36.890801    28.5297      5.631  251.65970  251.98496     0.6649     4.8917 0.0000e+00
 148.386826      5.709    16.4125  36.894533    28.5283      5.658  251.66190  251.98717     0.6494     4.9079 -9.990e-29
 148.386829      5.726    16.4123  36.894655    28.5317      5.674  251.65715  251.98239     1.2720     5.1303 -9.990e-29
 148.386832      5.738    16.4124  36.893309    28.5305      5.687  251.65884  251.98409     1.3187     5.1384 -9.990e-29
 148.386834      5.744    16.4122  36.890863    28.5285      5.693  251.66305  251.98830     1.4432     5.0979 -9.990e-29
 148.386837      5.753    16.4123  36.891964    28.5294      5.701  251.66113  251.98638    -0.2222     4.6572 -9.990e-29
 148.386840      5.762    16.4122  36.894900    28.5320      5.710  251.65711  251.98235    -0.1755     4.6774 -9.990e-29
 148.386843      5.775    16.4122  36.894961    28.5320      5.723  251.65703  251.98226    -0.0354     4.7057 -9.990e-29
 148.386846      5.793    16.4121  36.889456    28.5315      5.741  251.65874  251.98397    -0.3778     4.6208 -9.990e-29
 148.386849      5.824    16.4119  36.894227    28.5326      5.772  251.65758  251.98280    -0.4479     4.7239 0.0000e+00
 148.386852      5.864    16.4118  36.896430    28.5315      5.812  251.65874  251.98397    -0.3778     4.7785 0.0000e+00
 148.386855      5.910    16.4116  36.893738    28.5325      5.857  251.65994  251.98513    -0.4868     4.7946 0.0000e+00
 148.386858      5.961    16.4115  36.894901    28.5323      5.907  251.66053  251.98573    -0.4090     4.7785 0.0000e+00
 148.386861      6.006    16.4114  36.894717    28.5323      5.953  251.66053  251.98573    -0.4868     4.7946 0.0000e+00
 148.386863      6.035    16.4114  36.893311    28.5317      5.981  251.66158  251.98677    -0.5491     4.9867 0.0000e+00
 148.386866      6.063    16.4114  36.895085    28.5311      6.009  251.66262  251.98782    -0.6891     5.2192 -9.990e-29
 148.386869      6.077    16.4117  36.895574    28.5328      6.023  251.65810  251.98331    -0.7514     5.1505 -9.990e-29
 148.386872      6.090    16.4121  36.896002    28.5329      6.036  251.65597  251.98120    -0.5179     5.2111 -9.990e-29
 148.386875      6.101    16.4125  36.891720    28.5289      6.047  251.66078  251.98604     0.3848     4.8796 -9.990e-29
 148.386878      6.123    16.4130  36.894718    28.5324      6.068  251.65233  251.97760     0.5093     4.8391 -9.990e-29
 148.386881      6.154    16.4130  36.896247    28.5314      6.099  251.65419  251.97947     0.3848     4.8553 0.0000e+00
 148.386884      6.191    16.4130  36.893739    28.5303      6.135  251.65605  251.98133     0.5093     4.8715 0.0000e+00
 148.386887      6.231    16.4126  36.890865    28.5303      6.175  251.65607  251.98133     2.2992     5.3082 0.0000e+00
 148.386889      6.269    16.4124  36.896003    28.5305      6.213  251.65894  251.98419     2.3148     5.3183 0.0000e+00
 148.386892      6.304    16.4121  36.894413    28.5328      6.247  251.65607  251.98130     2.2992     5.3284 -9.990e-29
 148.386895      6.326    16.4112  36.893006    28.5309      6.269  251.66383  251.98903     2.2058     5.2920 -9.990e-29
 148.386898      6.338    16.4107  36.893740    28.5319      6.282  251.66487  251.99003     2.3926     5.2961 -9.990e-29
 148.386901      6.347    16.4095  36.893312    28.5323      6.291  251.66972  251.99483     5.1630     5.9228 -9.990e-29
 148.386904      6.357    16.4084  36.892578    28.5325      6.300  251.67503  252.00009     5.2097     5.9633 -9.990e-29
 148.386907      6.371    16.4079  36.891294    28.5318      6.314  251.67873  252.00378     5.3031     5.9673 -9.990e-29
 148.386910      6.393    16.4068  36.893496    28.5350      6.336  251.67884  252.00381     6.3148     5.2799 -9.990e-29
 148.386913      6.424    16.4062  36.894108    28.5348      6.367  251.68205  252.00700     6.2525     5.2960 0.0000e+00
 148.386916      6.459    16.4056  36.892824    28.5347      6.401  251.68527  252.01019     6.1903     5.3122 0.0000e+00
 148.386918      6.497    16.4046  36.891478    28.5347      6.439  251.69089  252.01577     6.1903     5.3122 0.0000e+00
 148.386921      6.537    16.4037  36.892579    28.5358      6.479  251.69261  252.01744     6.2836     5.3244 0.0000e+00
 148.386924      6.583    16.4029  36.893497    28.5372      6.524  251.69460  252.01938     6.9685     5.3324 0.0000e+00
 148.386927      6.630    16.4016  36.893253    28.5379      6.571  251.69980  252.02452     6.9840     5.3324 0.0000e+00
 148.386930      6.671    16.4000  36.894232    28.5398      6.611  251.70411  252.02875     6.9840     5.2961 0.0000e+00
 148.386933      6.703    16.3995  36.894415    28.5403      6.643  251.70594  252.03055     6.9763     5.2941 0.0000e+00
 148.386936      6.729    16.3990  36.892581    28.5407      6.669  251.70778  252.03236     6.9685     5.2961 -9.990e-29
 148.386939      6.743    16.3971  36.897597    28.5448      6.683  251.71004  252.03452    10.5171     5.3244 -9.990e-29
 148.386942      6.742    16.3963  36.895578    28.5436      6.681  251.71603  252.04048    10.4860     5.2677 -9.990e-29
 148.386944      6.742    16.3954  36.896679    28.5452      6.681  251.71772  252.04212    10.4860     5.3001 -9.990e-29
 148.386947      6.751    16.3947  36.894661    28.5440      6.690  251.72341  252.04779    10.6416     5.2839 -9.990e-29
 148.386950      6.769    16.3940  36.895334    28.5425      6.709  251.72958  252.05393    12.3848     5.3527 -9.990e-29
 148.386953      6.800    16.3937  36.892337    28.5444      6.739  251.72761  252.05194    12.2914     5.3406 0.0000e+00
 148.386956      6.836    16.3935  36.896252    28.5451      6.775  251.72958  252.05393    12.2914     5.3284 0.0000e+00
 148.386959      6.873    16.3930  36.894661    28.5462      6.811  251.72644  252.05070    12.2914     5.3284 0.0000e+00
 148.386962      6.915    16.3927  36.897781    28.5480      6.853  251.72764  252.05188    14.9373     5.4982 0.0000e+00
 148.386965      6.959    16.3924  36.897598    28.5480      6.897  251.72764  252.05188    14.9373     5.4982 0.0000e+00
 148.386968      6.999    16.3920  36.893989    28.5455      6.936  251.73448  252.05873    14.8595     5.4982 0.0000e+00
 148.386970      7.032    16.3919  36.894112    28.5453      6.969  251.73485  252.05910    14.8284     5.4841 0.0000e+00
 148.386973      7.057    16.3918  36.896436    28.5455      6.994  251.73523  252.05946    14.8595     5.5023 -9.990e-29
 148.386976      7.072    16.3907  36.897599    28.5493      7.008  251.73433  252.05849    14.8284     5.0575 -9.990e-29
 148.386979      7.079    16.3904  36.895397    28.5475      7.016  251.73848  252.06264    14.5638     5.0817 -9.990e-29
 148.386982      7.088    16.3900  36.894907    28.5474      7.025  251.74072  252.06486    14.4548     5.0696 -9.990e-29
 148.386985      7.107    16.3897  36.896253    28.5488      7.043  251.73995  252.06407    16.5716     5.4174 -9.990e-29
 148.386988      7.132    16.3895  36.894112    28.5478      7.068  251.74287  252.06698    16.6338     5.3769 -9.990e-29
 148.386991      7.167    16.3896  36.894908    28.5482      7.103  251.74177  252.06588    16.5793     5.3587 0.0000e+00
 148.386994      7.209    16.3895  36.896009    28.5486      7.144  251.74090  252.06500    16.6338     5.3769 0.0000e+00
 148.386997      7.249    16.3895  36.896682    28.5490      7.184  251.74079  252.06489    16.6338     5.3668 0.0000e+00
 148.386999      7.289    16.3893  36.896437    28.5494      7.224  251.74090  252.06500    16.7428     5.3931 -9.990e-29
 148.387002      7.313    16.3886  36.893073    28.5468      7.247  251.74897  252.07305    18.5171     5.6842 -9.990e-29
 148.387005      7.331    16.3882  36.896682    28.5502      7.265  251.74516  252.06920    18.6572     5.5993 -9.990e-29
 148.387008      7.336    16.3878  36.897844    28.5514      7.270  251.74466  252.06868    18.4393     5.6074 -9.990e-29
