seaocn-cb/data/ctd_cnv/SBE19plus_01907321_2024_05_28_Cast93.cnv
* Sea-Bird SBE19plus  Data File:
* FileName = E:\Prandtl_Daten\2024\28052024\raw\SBE19plus_01907321_2024_05_28_Cast93.hex
* Software version 2.6.1.12
* Temperature SN = 7321
* Conductivity SN = 7321
* System UpLoad Time = May 28 2024 12:01:24
* <ApplicationData>
* <Seaterm232>
** 20240527
** Sea Practical 2024
** MCat 27.05 CTD_SP7
** NMEA Latitude = 54 8.36N
** NMEA Longitude = 008 20.85E
** waterdepth = 14.0m
** Isabelle
# nquan = 11
# nvalues = 492                         
# units = specified
# name 0 = timeJ: Julian Days
# name 1 = prdM: Pressure, Strain Gauge [db]
# name 2 = tv290C: Temperature [ITS-90, deg C]
# name 3 = c0mS/cm: Conductivity [mS/cm]
# name 4 = sal00: Salinity, Practical [PSU]
# name 5 = depSM: Depth [salt water, m], lat = 54.00
# name 6 = oxsatMm/Kg: Oxygen Saturation, Weiss [umol/kg]
# name 7 = oxsolMm/Kg: Oxygen Saturation, Garcia & Gordon [umol/kg]
# name 8 = turbWETntu0: Turbidity, WET Labs ECO [NTU]
# name 9 = flECO-AFL: Fluorescence, WET Labs ECO-AFL/FL [mg/m^3]
# name 10 = flag:  0.000e+00
# span 0 = 149.497471, 149.498892       
# span 1 =      0.604,     13.278       
# span 2 =    15.0169,    16.7800       
# span 3 =  37.166234,  37.867699       
# span 4 =    28.5925,    30.4204       
# span 5 =      0.599,     13.159       
# span 6 =  249.74419,  255.42519       
# span 7 =  250.08513,  255.66939       
# span 8 =    -4.3311,    10.0502       
# span 9 =     1.7781,     7.8415       
# span 10 = 0.0000e+00, 0.0000e+00      
# interval = seconds: 0.25
# start_time = May 28 2024 11:54:51 [Instrument's time stamp, header]
# bad_flag = -9.990e-29
*END*
 149.497471      0.604    16.7800  37.269825    28.5925      0.599  249.74419  250.08513    -3.7397     1.7902 0.0000e+00
 149.497474      0.652    16.7318  37.270383    28.6272      0.646  249.92083  250.25946    -3.7397     1.7781 0.0000e+00
 149.497477      0.748    16.6940  37.275732    28.6587      0.742  250.05227  250.38906    -3.7086     1.7781 0.0000e+00
 149.497480      0.867    16.6626  37.276534    28.6818      0.859  250.16711  250.50238    -3.6774     1.8064 0.0000e+00
 149.497483      0.991    16.6438  37.278134    28.6965      0.982  250.23391  250.56827    -3.5062     1.8064 0.0000e+00
 149.497486      1.095    16.6338  37.274942    28.6965      1.085  250.27584  250.60973    -3.5062     1.8064 0.0000e+00
 149.497488      1.164    16.6324  37.266037    28.6981      1.154  250.28760  250.62144    -3.5996     1.8043 0.0000e+00
 149.497491      1.191    16.6309  37.262229    28.6953      1.181  250.29935  250.63315    -3.7241     1.8104 -9.990e-29
 149.497494      1.177    16.6309  37.268309    28.6973      1.166  250.29604  250.62984    -3.7397     1.8954 -9.990e-29
 149.497497      1.129    16.6233  37.270091    28.7043      1.119  250.32164  250.65505    -3.7397     1.9115 -9.990e-29
 149.497500      1.060    16.6077  37.266960    28.7127      1.051  250.38349  250.71617    -3.7397     1.8307 -9.990e-29
 149.497503      0.983    16.5900  37.265243    28.7240      0.975  250.45138  250.78320    -4.0354     1.9196 -9.990e-29
 149.497506      0.918    16.5705  37.265122    28.7379      0.910  250.52353  250.85440    -3.9265     1.9075 -9.990e-29
 149.497509      0.901    16.5475  37.258247    28.7485      0.893  250.61875  250.94854    -4.2378     1.8509 -9.990e-29
 149.497512      0.954    16.5280  37.258495    28.7627      0.946  250.69069  251.01953    -3.9732     1.8468 -9.990e-29
 149.497514      1.053    16.5016  37.256655    28.7801      1.044  250.79076  251.11831    -3.8331     1.8670 -9.990e-29
 149.497517      1.173    16.4971  37.256779    28.7833      1.163  250.80719  251.13452    -3.8564     1.8792 0.0000e+00
 149.497520      1.301    16.4927  37.256904    28.7865      1.290  250.82362  251.15073    -3.8798     1.8913 0.0000e+00
 149.497523      1.411    16.4876  37.255492    28.7890      1.398  250.84463  251.17150    -3.8798     1.8913 0.0000e+00
 149.497526      1.493    16.4857  37.255554    28.7904      1.480  250.85150  251.17828    -3.8564     1.8711 0.0000e+00
 149.497529      1.544    16.4839  37.250090    28.7917      1.530  250.85837  251.18506    -3.8331     1.8468 -9.990e-29
 149.497532      1.560    16.4733  37.248740    28.7934      1.546  250.90766  251.23387    -3.7397     2.2674 -9.990e-29
 149.497535      1.520    16.4675  37.245486    28.7948      1.507  250.93399  251.25993    -3.8331     2.2350 -9.990e-29
 149.497538      1.451    16.4605  37.237628    28.7931      1.438  250.97125  251.29690    -3.9732     2.2835 -9.990e-29
 149.497541      1.371    16.4502  37.234313    28.7977      1.358  251.01443  251.33958    -3.7086     2.2148 -9.990e-29
 149.497543      1.312    16.4402  37.230876    28.8020      1.300  251.05661  251.38128    -3.7708     2.2027 -9.990e-29
 149.497546      1.307    16.4308  37.227255    28.8057      1.295  251.09668  251.42092    -3.7397     2.2391 -9.990e-29
 149.497549      1.367    16.4225  37.226090    28.8106      1.355  251.12929  251.45312    -3.8487     2.1946 -9.990e-29
 149.497552      1.467    16.4118  37.223697    28.8137      1.454  251.17662  251.49996    -3.1638     2.3078 -9.990e-29
 149.497555      1.582    16.4095  37.220874    28.8158      1.568  251.18471  251.50792    -3.2650     2.3200 0.0000e+00
 149.497558      1.673    16.4071  37.221735    28.8178      1.658  251.19279  251.51588    -3.3662     2.3078 0.0000e+00
 149.497561      1.730    16.4052  37.218605    28.8179      1.714  251.20215  251.52515    -3.3973     2.3139 0.0000e+00
 149.497564      1.757    16.4033  37.221490    28.8179      1.742  251.21150  251.53443    -3.4284     2.2957 -9.990e-29
 149.497567      1.744    16.3988  37.219526    28.8219      1.729  251.22693  251.54963    -3.5529     2.4170 -9.990e-29
 149.497569      1.722    16.3958  37.219035    28.8236      1.707  251.23872  251.56127    -3.6774     2.3927 -9.990e-29
 149.497572      1.695    16.3903  37.217992    28.8268      1.680  251.26091  251.58319    -3.6152     2.4372 -9.990e-29
 149.497575      1.677    16.3832  37.214249    28.8286      1.662  251.29247  251.61442    -3.6774     2.3846 -9.990e-29
 149.497578      1.689    16.3697  37.216275    28.8339      1.674  251.35051  251.67182    -3.7397     2.4979 -9.990e-29
 149.497581      1.739    16.3657  37.209034    28.8366      1.723  251.36587  251.68698    -3.8253     2.5039 0.0000e+00
 149.497584      1.819    16.3616  37.208544    28.8392      1.803  251.38122  251.70213    -3.7864     2.4979 0.0000e+00
 149.497587      1.908    16.3525  37.208668    28.8459      1.891  251.41522  251.73568    -3.7864     2.5100 0.0000e+00
 149.497590      1.987    16.3451  37.209713    28.8521      1.969  251.44097  251.76105    -3.6463     2.9669 0.0000e+00
 149.497593      2.042    16.3425  37.209529    28.8539      2.023  251.45055  251.77051    -3.5607     2.9710 0.0000e+00
 149.497595      2.073    16.3400  37.208363    28.8556      2.054  251.46013  251.77996    -3.4751     2.9750 -9.990e-29
 149.497598      2.076    16.3358  37.206522    28.8561      2.058  251.48045  251.80009    -3.6463     2.9871 -9.990e-29
 149.497601      2.064    16.3320  37.203577    28.8563      2.045  251.49887  251.81833    -3.9732     3.0195 -9.990e-29
 149.497604      2.042    16.3267  37.204007    28.8605      2.024  251.51798  251.83717    -3.6463     3.0842 -9.990e-29
 149.497607      2.016    16.3216  37.203639    28.8639      1.998  251.53736  251.85631    -3.7708     2.9993 -9.990e-29
 149.497610      2.003    16.3169  37.205849    28.8692      1.986  251.55175  251.87044    -3.6774     3.0154 -9.990e-29
 149.497613      2.015    16.3102  37.207568    28.8722      1.997  251.57970  251.89807    -3.6152     3.0640 -9.990e-29
 149.497616      2.049    16.3079  37.203764    28.8726      2.031  251.59042  251.90868    -3.5530     3.0538 0.0000e+00
 149.497619      2.108    16.3056  37.200818    28.8730      2.089  251.60114  251.91930    -3.4907     3.0599 0.0000e+00
 149.497622      2.175    16.2991  37.201740    28.8785      2.156  251.62406  251.94188    -3.4907     3.0518 0.0000e+00
 149.497624      2.250    16.2930  37.202662    28.8837      2.230  251.64548  251.96299    -3.5685     3.0518 0.0000e+00
 149.497627      2.316    16.2906  37.201067    28.8847      2.295  251.65551  251.97290    -3.6852     2.9993 0.0000e+00
 149.497630      2.363    16.2882  37.202847    28.8857      2.342  251.66553  251.98281    -3.8020     2.9467 -9.990e-29
 149.497633      2.383    16.2856  37.200392    28.8870      2.362  251.67644  251.99359    -3.7553     3.0316 -9.990e-29
 149.497636      2.392    16.2864  37.202663    28.8884      2.371  251.67009  251.98727    -3.8175     2.9831 -9.990e-29
 149.497639      2.389    16.2859  37.197385    28.8842      2.367  251.67969  251.99688    -3.5841     3.3551 -9.990e-29
 149.497642      2.385    16.2858  37.199349    28.8859      2.364  251.67708  251.99426    -3.5218     3.3308 -9.990e-29
 149.497645      2.372    16.2853  37.202418    28.8890      2.351  251.67463  251.99176    -3.8175     3.3753 -9.990e-29
 149.497648      2.368    16.2842  37.198858    28.8867      2.347  251.68378  252.00088    -3.6308     3.3551 -9.990e-29
 149.497650      2.374    16.2793  37.199472    28.8939      2.353  251.69579  252.01261    -3.5218     3.6584 -9.990e-29
 149.497653      2.407    16.2778  37.203093    28.8924      2.385  251.70603  252.02279    -3.6541     3.6503 0.0000e+00
 149.497656      2.452    16.2763  37.196957    28.8939      2.430  251.71626  252.03297    -3.7864     3.6422 0.0000e+00
 149.497659      2.502    16.2714  37.197203    28.8945      2.479  251.73418  252.05064    -3.8175     3.5977 0.0000e+00
 149.497662      2.571    16.2650  37.194995    28.8972      2.548  251.76112  252.07727    -3.8175     3.5977 0.0000e+00
 149.497665      2.648    16.2591  37.195364    28.9017      2.624  251.78245  252.09831    -3.5996     4.2730 0.0000e+00
 149.497668      2.706    16.2541  37.192603    28.9030      2.682  251.80542  252.12104    -3.4751     4.3013 0.0000e+00
 149.497671      2.746    16.2510  37.189659    28.9039      2.722  251.81898  252.13446    -3.4751     4.3236 0.0000e+00
 149.497674      2.777    16.2480  37.188985    28.9048      2.753  251.83254  252.14787    -3.4751     4.3458 -9.990e-29
 149.497677      2.788    16.2363  37.188863    28.9126      2.763  251.87711  252.19186    -3.9576     3.5411 -9.990e-29
 149.497679      2.785    16.2330  37.188740    28.9149      2.760  251.88985  252.20443    -3.9265     3.5613 -9.990e-29
 149.497682      2.770    16.2302  37.186470    28.9149      2.745  251.90337  252.21783    -3.9576     3.5047 -9.990e-29
 149.497685      2.755    16.2270  37.183280    28.9145      2.731  251.92006  252.23437    -3.7241     3.5169 -9.990e-29
 149.497688      2.745    16.2229  37.182360    28.9167      2.720  251.93667  252.25078    -3.5062     3.3915 -9.990e-29
 149.497691      2.746    16.2192  37.182176    28.9193      2.722  251.95100  252.26492    -3.6152     3.4238 -9.990e-29
 149.497694      2.759    16.2136  37.182851    28.9224      2.734  251.97360  252.28724    -3.6152     3.4522 -9.990e-29
 149.497697      2.794    16.2120  37.181072    28.9232      2.769  251.98014  252.29370    -3.6775     3.5472 0.0000e+00
 149.497700      2.847    16.2104  37.180337    28.9229      2.821  251.98668  252.30016    -3.7397     3.6422 0.0000e+00
 149.497703      2.907    16.2071  37.176288    28.9240      2.881  252.00469  252.31803    -3.8487     3.6422 0.0000e+00
 149.497705      2.971    16.2032  37.179172    28.9282      2.944  252.01509  252.32822    -3.8487     3.6746 0.0000e+00
 149.497708      3.035    16.2003  37.177578    28.9289      3.008  252.02856  252.34155    -3.8642     3.6422 0.0000e+00
 149.497711      3.093    16.1984  37.176474    28.9293      3.065  252.03711  252.35001    -3.6774     3.6422 0.0000e+00
 149.497714      3.133    16.1975  37.178069    28.9307      3.105  252.03952  252.35237    -3.7164     3.5917 0.0000e+00
 149.497717      3.166    16.1965  37.172793    28.9321      3.138  252.04193  252.35473    -3.5529     3.5411 -9.990e-29
 149.497720      3.179    16.1925  37.174634    28.9320      3.150  252.06201  252.37463    -3.5062     3.5088 -9.990e-29
 149.497723      3.195    16.1902  37.173959    28.9330      3.166  252.07139  252.38390    -3.6152     3.5492 -9.990e-29
 149.497726      3.195    16.1872  37.172794    28.9342      3.166  252.08449  252.39684    -3.4751     3.7109 -9.990e-29
 149.497729      3.190    16.1840  37.168500    28.9328      3.161  252.10283  252.41505    -3.5062     3.7716 -9.990e-29
 149.497731      3.180    16.1798  37.171077    28.9381      3.152  252.11453  252.42653    -3.7086     3.7635 -9.990e-29
 149.497734      3.180    16.1746  37.170341    28.9412      3.152  252.13506  252.44679    -3.7397     3.7231 -9.990e-29
 149.497737      3.184    16.1689  37.169851    28.9473      3.156  252.15292  252.46435    -3.8175     3.2742 -9.990e-29
 149.497740      3.210    16.1687  37.172612    28.9467      3.181  252.15535  252.46677    -3.7942     3.2621 0.0000e+00
 149.497743      3.254    16.1684  37.170772    28.9461      3.225  252.15777  252.46919    -3.7708     3.2500 0.0000e+00
 149.497746      3.308    16.1675  37.169361    28.9461      3.279  252.16319  252.47457    -3.7708     3.2500 0.0000e+00
 149.497749      3.365    16.1641  37.168012    28.9468      3.335  252.17778  252.48900    -3.6930     3.4319 0.0000e+00
 149.497752      3.416    16.1588  37.166234    28.9491      3.385  252.20048  252.51144    -3.6930     3.4319 0.0000e+00
 149.497755      3.463    16.1566  37.170406    28.9525      3.432  252.20560  252.51644    -3.7630     3.4057 0.0000e+00
 149.497758      3.502    16.1544  37.167155    28.9559      3.470  252.21073  252.52144    -3.8331     3.3794 -9.990e-29
 149.497760      3.525    16.1494  37.169548    28.9588      3.494  252.23057  252.54103    -3.7708     3.3955 -9.990e-29
 149.497763      3.544    16.1452  37.171205    28.9632      3.512  252.24365  252.55389    -3.8331     3.0761 -9.990e-29
 149.497766      3.557    16.1407  37.170654    28.9661      3.525  252.26151  252.57152    -3.9576     3.1165 -9.990e-29
 149.497769      3.562    16.1369  37.170531    28.9687      3.530  252.27574  252.58556    -3.5996     3.0721 -9.990e-29
 149.497772      3.575    16.1330  37.172802    28.9735      3.543  252.28700  252.59660    -3.9109     3.1206 -9.990e-29
 149.497775      3.589    16.1287  37.174766    28.9783      3.557  252.30021  252.60958    -3.8798     2.8739 -9.990e-29
 149.497778      3.609    16.1244  37.175809    28.9824      3.577  252.31480  252.62394    -3.7708     2.9346 -9.990e-29
 149.497781      3.633    16.1181  37.174767    28.9875      3.601  252.33711  252.64594    -3.7864     2.8860 -9.990e-29
 149.497784      3.660    16.1159  37.176485    28.9907      3.628  252.34278  252.65148    -3.6463     3.2156 0.0000e+00
 149.497786      3.689    16.1137  37.180106    28.9939      3.656  252.34845  252.65702    -3.6774     3.5209 0.0000e+00
 149.497789      3.724    16.1093  37.179984    28.9969      3.691  252.36508  252.67342    -3.6774     3.5209 0.0000e+00
 149.497792      3.761    16.1072  37.180107    28.9986      3.727  252.37268  252.68092    -3.6774     3.4885 0.0000e+00
 149.497795      3.799    16.1062  37.179371    28.9986      3.765  252.37738  252.68558    -3.6930     3.4602 0.0000e+00
 149.497798      3.845    16.1048  37.182623    29.0025      3.810  252.37793  252.68603    -3.8175     2.6717 0.0000e+00
 149.497801      3.887    16.1004  37.183544    29.0064      3.852  252.39300  252.70087    -3.8175     2.6636 0.0000e+00
 149.497804      3.923    16.0977  37.183484    29.0084      3.888  252.40321  252.71094    -3.7630     2.6050 0.0000e+00
 149.497807      3.951    16.0950  37.185387    29.0103      3.915  252.41341  252.72100    -3.7086     2.5383 -9.990e-29
 149.497810      3.971    16.0879  37.184589    29.0165      3.935  252.43835  252.74557    -3.9576     2.6556 -9.990e-29
 149.497813      3.976    16.0856  37.185142    29.0186      3.941  252.44588  252.75299    -3.5841     2.9548 -9.990e-29
 149.497815      3.982    16.0818  37.183670    29.0201      3.946  252.46241  252.76933    -3.4284     2.9427 -9.990e-29
 149.497818      3.982    16.0768  37.184468    29.0244      3.946  252.48002  252.78668    -3.4907     3.0074 -9.990e-29
 149.497821      3.982    16.0736  37.182382    29.0250      3.946  252.49508  252.80158    -3.4907     2.9669 -9.990e-29
 149.497824      3.985    16.0710  37.184591    29.0287      3.950  252.50133  252.80769    -3.6619     2.9669 -9.990e-29
 149.497827      4.002    16.0673  37.183794    29.0310      3.966  252.51581  252.82199    -3.8175     3.0033 -9.990e-29
 149.497830      4.035    16.0673  37.184101    29.0309      3.999  252.51635  252.82252    -3.7241     2.9791 0.0000e+00
 149.497833      4.082    16.0672  37.183795    29.0310      4.046  252.51634  252.82243    -3.6308     2.9548 0.0000e+00
 149.497836      4.149    16.0661  37.186986    29.0344      4.112  252.51690  252.82306    -3.6308     2.7486 0.0000e+00
 149.497839      4.215    16.0634  37.185882    29.0354      4.177  252.52817  252.83413    -3.5374     2.6960 0.0000e+00
 149.497841      4.277    16.0603  37.186987    29.0385      4.239  252.53789  252.84369    -3.6774     2.6960 0.0000e+00
 149.497844      4.325    16.0593  37.190424    29.0407      4.286  252.53906  252.84480    -3.5762     2.6798 0.0000e+00
 149.497847      4.354    16.0583  37.191038    29.0429      4.315  252.54024  252.84591    -3.7708     2.6636 -9.990e-29
