seaocn-cb/data/ctd_cnv/SBE19plus_01907321_2024_05_23_Cast20.cnv
* Sea-Bird SBE19plus  Data File:
* FileName = E:\Prandtl_Daten\2024\CTD\raw\SBE19plus_01907321_2024_05_23_Cast20.hex
* Software version 2.6.1.12
* Temperature SN = 7321
* Conductivity SN = 7321
* System UpLoad Time = May 23 2024 06:43:27
* <ApplicationData>
* <Seaterm232>
** 20240522
** Sea Practical 2024
** MCat 23.05 CTD_SP1
** NMEA Latitude = 054 7.76N
** NMEA Longitude = 008 46.69E
** waterdepth = 11,5m
** Merle
# nquan = 11
# nvalues = 358                         
# units = specified
# name 0 = timeJ: Julian Days
# name 1 = prdM: Pressure, Strain Gauge [db]
# name 2 = tv290C: Temperature [ITS-90, deg C]
# name 3 = c0mS/cm: Conductivity [mS/cm]
# name 4 = sal00: Salinity, Practical [PSU]
# name 5 = depSM: Depth [salt water, m], lat = 54.00
# name 6 = oxsatMm/Kg: Oxygen Saturation, Weiss [umol/kg]
# name 7 = oxsolMm/Kg: Oxygen Saturation, Garcia & Gordon [umol/kg]
# name 8 = turbWETntu0: Turbidity, WET Labs ECO [NTU]
# name 9 = flECO-AFL: Fluorescence, WET Labs ECO-AFL/FL [mg/m^3]
# name 10 = flag:  0.000e+00
# span 0 = 144.275755, 144.276788       
# span 1 =      0.832,     10.644       
# span 2 =    17.1235,    17.2809       
# span 3 =  34.685317,  34.770587       
# span 4 =    26.1405,    26.1902       
# span 5 =      0.825,     10.549       
# span 6 =  251.44910,  252.16727       
# span 7 =  251.82549,  252.53720       
# span 8 =    -0.7669,     2.1280       
# span 9 =     2.6758,     5.8177       
# span 10 = 0.0000e+00, 0.0000e+00      
# interval = seconds: 0.25
# start_time = May 23 2024 06:35:44 [Instrument's time stamp, header]
# bad_flag = -9.990e-29
*END*
[from data line 132]
 144.276137      4.811    17.2447  34.739130    26.1437      4.768  251.63248  252.00746     0.2603     3.1570 -9.990e-29
 144.276140      4.814    17.2442  34.738652    26.1437      4.771  251.63506  252.01002     0.3070     3.1044 -9.990e-29
 144.276143      4.825    17.2437  34.735488    26.1413      4.782  251.64146  252.01642     1.1630     3.3915 -9.990e-29
 144.276146      4.849    17.2417  34.734652    26.1434      4.806  251.64733  252.02220     1.3965     3.3834 -9.990e-29
 144.276149      4.887    17.2412  34.736503    26.1433      4.844  251.65037  252.02521     1.3342     3.3895 0.0000e+00
 144.276152      4.935    17.2406  34.735369    26.1432      4.891  251.65340  252.02822     1.2720     3.3834 0.0000e+00
 144.276155      4.995    17.2398  34.733817    26.1432      4.950  251.65880  252.03360     0.7117     3.1206 0.0000e+00
 144.276157      5.057    17.2390  34.734235    26.1424      5.012  251.66109  252.03585     0.6027     3.1125 0.0000e+00
 144.276160      5.113    17.2387  34.732981    26.1432      5.068  251.66109  252.03585     0.6027     3.1125 0.0000e+00
 144.276163      5.165    17.2387  34.738654    26.1442      5.118  251.66018  252.03493     0.7272     3.0680 0.0000e+00
 144.276166      5.201    17.2388  34.735370    26.1457      5.154  251.65815  252.03289     0.8906     3.0619 0.0000e+00
 144.276169      5.232    17.2388  34.736086    26.1442      5.185  251.66018  252.03493     1.0541     3.0559 -9.990e-29
 144.276172      5.256    17.2399  34.738415    26.1461      5.209  251.65177  252.02654     0.8673     3.0882 -9.990e-29
 144.276175      5.267    17.2408  34.734653    26.1424      5.219  251.65395  252.02878     1.2564     3.1004 -9.990e-29
 144.276178      5.268    17.2410  34.736086    26.1434      5.221  251.65097  252.02580     0.6961     3.3228 -9.990e-29
 144.276181      5.276    17.2412  34.739788    26.1464      5.229  251.64508  252.01990     0.6183     3.3753 -9.990e-29
 144.276183      5.279    17.2414  34.736504    26.1435      5.232  251.64879  252.02365     0.5249     3.3187 -9.990e-29
 144.276186      5.296    17.2416  34.737997    26.1446      5.249  251.64605  252.02090     0.6650     3.3430 -9.990e-29
 144.276189      5.314    17.2408  34.735489    26.1418      5.267  251.65492  252.02976     1.6455     3.2298 -9.990e-29
 144.276192      5.343    17.2402  34.733997    26.1418      5.296  251.65790  252.03271     1.5677     3.2541 0.0000e+00
 144.276195      5.374    17.2395  34.733161    26.1418      5.326  251.66087  252.03566     1.6455     3.2742 0.0000e+00
 144.276198      5.416    17.2364  34.730415    26.1416      5.368  251.67651  252.05118     1.5366     3.2742 0.0000e+00
 144.276201      5.466    17.2336  34.728147    26.1415      5.417  251.69053  252.06508     1.5366     3.2702 0.0000e+00
 144.276204      5.517    17.2315  34.725819    26.1415      5.467  251.70178  252.07625     1.0229     2.8780 0.0000e+00
 144.276207      5.566    17.2298  34.729402    26.1426      5.516  251.70336  252.07774     1.0229     2.8739 0.0000e+00
 144.276209      5.614    17.2284  34.725461    26.1450      5.563  251.71437  252.08871     1.0229     2.8699 0.0000e+00
 144.276212      5.659    17.2271  34.727492    26.1451      5.609  251.71543  252.08969     1.1786     2.8537 0.0000e+00
 144.276215      5.688    17.2270  34.728746    26.1457      5.638  251.71584  252.09011     1.0852     2.8415 0.0000e+00
 144.276218      5.714    17.2269  34.729581    26.1463      5.663  251.71543  252.08969     1.2408     2.8294 -9.990e-29
 144.276221      5.734    17.2277  34.725163    26.1427      5.683  251.71738  252.09170     1.3187     2.8618 -9.990e-29
 144.276224      5.747    17.2280  34.727193    26.1443      5.696  251.71355  252.08787     1.4899     2.8375 -9.990e-29
 144.276227      5.756    17.2276  34.727492    26.1448      5.705  251.71472  252.08901     0.2914     3.1731 -9.990e-29
 144.276230      5.765    17.2269  34.723492    26.1419      5.713  251.72294  252.09723     0.2603     3.1287 -9.990e-29
 144.276233      5.776    17.2260  34.724328    26.1432      5.724  251.72524  252.09948     0.2603     3.1044 -9.990e-29
 144.276236      5.792    17.2256  34.728089    26.1465      5.740  251.72117  252.09538     0.3848     3.1287 -9.990e-29
 144.276238      5.816    17.2242  34.723075    26.1466      5.764  251.72802  252.10217     0.3848     3.2702 -9.990e-29
 144.276241      5.843    17.2237  34.727075    26.1451      5.791  251.73323  252.10737     0.4393     3.2824 0.0000e+00
 144.276244      5.878    17.2232  34.722657    26.1436      5.825  251.73843  252.11256     0.3848     3.2945 0.0000e+00
 144.276247      5.913    17.2204  34.719732    26.1436      5.860  251.75306  252.12708     0.3226     3.2945 0.0000e+00
 144.276250      5.956    17.2170  34.719076    26.1445      5.903  251.76700  252.14087     0.3226     3.2661 0.0000e+00
 144.276253      5.998    17.2156  34.721226    26.1473      5.945  251.76911  252.14291     0.7584     3.0437 0.0000e+00
 144.276256      6.036    17.2156  34.721405    26.1473      5.982  251.76953  252.14338     0.7584     3.0437 0.0000e+00
 144.276259      6.082    17.2164  34.718897    26.1471      6.028  251.76911  252.14291     0.7272     3.0316 0.0000e+00
 144.276262      6.122    17.2175  34.722658    26.1471      6.067  251.76009  252.13397     0.5716     3.0559 0.0000e+00
 144.276264      6.164    17.2180  34.724330    26.1474      6.109  251.75640  252.13031     0.5716     3.3470 0.0000e+00
 144.276267      6.201    17.2181  34.723494    26.1478      6.145  251.75612  252.13002     0.5794     3.3612 0.0000e+00
 144.276270      6.226    17.2182  34.723315    26.1474      6.171  251.75640  252.13031     0.5871     3.3470 -9.990e-29
 144.276273      6.248    17.2179  34.721226    26.1456      6.192  251.76060  252.13451     0.6961     3.3106 -9.990e-29
 144.276276      6.257    17.2182  34.723733    26.1476      6.201  251.75609  252.12999     0.9607     3.0518 -9.990e-29
 144.276279      6.263    17.2178  34.721465    26.1459      6.207  251.76090  252.13480     1.0229     3.0074 -9.990e-29
 144.276282      6.270    17.2169  34.718241    26.1438      6.214  251.76866  252.14253     0.9296     2.9831 -9.990e-29
 144.276285      6.283    17.2161  34.720570    26.1462      6.227  251.76852  252.14235     0.8517     3.0518 -9.990e-29
 144.276288      6.301    17.2159  34.721226    26.1469      6.245  251.76823  252.14205     0.9140     3.0437 -9.990e-29
 144.276291      6.319    17.2152  34.717645    26.1443      6.263  251.77636  252.15017     0.1358     3.4238 -9.990e-29
 144.276293      6.347    17.2149  34.717525    26.1451      6.290  251.77650  252.15030     0.1280     3.4238 0.0000e+00
 144.276296      6.384    17.2146  34.718899    26.1458      6.326  251.77665  252.15042     0.1202     3.4238 0.0000e+00
 144.276299      6.429    17.2134  34.718899    26.1465      6.372  251.78110  252.15482     0.1202     3.4238 0.0000e+00
 144.276302      6.482    17.2130  34.719317    26.1469      6.424  251.78249  252.15619     0.1825     3.3915 0.0000e+00
 144.276305      6.546    17.2130  34.719079    26.1473      6.487  251.78249  252.15619     0.3692     3.3551 0.0000e+00
 144.276308      6.602    17.2140  34.722243    26.1482      6.543  251.77421  252.14795     0.3692     3.3551 0.0000e+00
 144.276311      6.650    17.2144  34.722064    26.1486      6.590  251.77292  252.14668     0.3226     3.3510 0.0000e+00
 144.276314      6.688    17.2148  34.717228    26.1482      6.628  251.77164  252.14541     0.1825     3.3470 -9.990e-29
 144.276317      6.712    17.2157  34.717646    26.1439      6.652  251.77447  252.14830     1.2253     3.2378 -9.990e-29
 144.276319      6.725    17.2156  34.723258    26.1487      6.664  251.76681  252.14061     1.4587     3.2338 -9.990e-29
 144.276322      6.732    17.2161  34.719318    26.1451      6.671  251.77052  252.14436     1.4587     3.2338 -9.990e-29
 144.276325      6.735    17.2169  34.721646    26.1465      6.675  251.76405  252.13791     0.3848     3.5694 -9.990e-29
 144.276328      6.734    17.2174  34.723078    26.1473      6.673  251.76011  252.13398     0.4315     3.5613 -9.990e-29
 144.276331      6.743    17.2177  34.719497    26.1442      6.682  251.76426  252.13816     0.3226     3.5371 -9.990e-29
 144.276334      6.755    17.2154  34.718601    26.1435      6.695  251.77639  252.15021     0.3692     3.5209 -9.990e-29
 144.276337      6.781    17.2139  34.716990    26.1420      6.720  251.78610  252.15987     0.2992     3.3855 0.0000e+00
 144.276340      6.814    17.2125  34.711140    26.1408      6.753  251.79581  252.16953     0.2603     3.2500 0.0000e+00
 144.276343      6.859    17.2091  34.708813    26.1408      6.798  251.81213  252.18571     0.2603     3.2500 0.0000e+00
 144.276345      6.908    17.2050  34.708634    26.1433      6.847  251.82824  252.20165     0.2914     3.2500 0.0000e+00
 144.276348      6.961    17.2004  34.706307    26.1443      6.899  251.84900  252.22221     0.3070     3.2500 0.0000e+00
 144.276351      7.016    17.1967  34.705472    26.1460      6.953  251.86446  252.23752     0.3070     3.1125 0.0000e+00
 144.276354      7.073    17.1929  34.707144    26.1498      7.009  251.87668  252.24956     0.3070     3.0923 0.0000e+00
 144.276357      7.122    17.1904  34.707144    26.1498      7.058  251.88620  252.25897     0.3848     3.0882 0.0000e+00
 144.276360      7.164    17.1897  34.703146    26.1502      7.100  251.89191  252.26466     0.4003     3.0821 0.0000e+00
 144.276363      7.197    17.1889  34.704280    26.1490      7.132  251.89761  252.27034     0.3848     3.0761 -9.990e-29
 144.276366      7.217    17.1874  34.705474    26.1519      7.152  251.90002  252.27267     0.5249     2.8780 -9.990e-29
 144.276369      7.219    17.1866  34.702311    26.1498      7.154  251.90770  252.28033     0.5560     2.8780 -9.990e-29
 144.276372      7.217    17.1857  34.699565    26.1480      7.152  251.91477  252.28738     0.5871     2.8780 -9.990e-29
 144.276374      7.211    17.1848  34.704280    26.1526      7.147  251.91154  252.28408     0.3226     3.6018 -9.990e-29
 144.276377      7.211    17.1840  34.703564    26.1525      7.147  251.91572  252.28823     0.3537     3.6220 -9.990e-29
 144.276380      7.222    17.1835  34.704400    26.1535      7.158  251.91644  252.28892     0.1825     3.5735 -9.990e-29
 144.276383      7.246    17.1825  34.699983    26.1510      7.181  251.92562  252.29808     0.0580     3.5654 -9.990e-29
 144.276386      7.283    17.1823  34.700640    26.1506      7.217  251.92728  252.29973     0.5249     3.5149 0.0000e+00
 144.276389      7.332    17.1821  34.699447    26.1510      7.266  251.92893  252.30138     0.7272     3.4926 0.0000e+00
 144.276392      7.385    17.1814  34.700820    26.1518      7.319  251.92953  252.30195     0.7584     3.4926 0.0000e+00
 144.276395      7.439    17.1807  34.701059    26.1525      7.373  251.93076  252.30309     0.7584     3.4926 0.0000e+00
 144.276398      7.500    17.1799  34.704222    26.1555      7.433  251.93207  252.30445     0.7584     3.4724 0.0000e+00
 144.276400      7.558    17.1795  34.703805    26.1555      7.490  251.93296  252.30528     0.4004     2.9224 0.0000e+00
 144.276403      7.600    17.1791  34.701417    26.1548      7.532  251.93626  252.30856     0.3615     2.9042 0.0000e+00
 144.276406      7.642    17.1786  34.700821    26.1541      7.574  251.93955  252.31184     0.3226     2.9224 -9.990e-29
 144.276409      7.664    17.1777  34.698553    26.1522      7.595  251.94715  252.31941     0.0891     2.9022 -9.990e-29
 144.276412      7.680    17.1773  34.698732    26.1527      7.612  251.94849  252.32073     0.3226     4.7178 -9.990e-29
 144.276415      7.688    17.1771  34.700344    26.1541      7.619  251.94683  252.31905     0.3226     4.7582 -9.990e-29
 144.276418      7.697    17.1764  34.701060    26.1552      7.628  251.94866  252.32085     0.2914     4.7340 -9.990e-29
 144.276421      7.704    17.1757  34.701060    26.1556      7.635  251.95119  252.32336     0.3226     4.7906 -9.990e-29
 144.276424      7.715    17.1751  34.700821    26.1558      7.646  251.95376  252.32590    -0.1755     3.5896 -9.990e-29
 144.276427      7.733    17.1748  34.701060    26.1546      7.664  251.95734  252.32947    -0.0043     3.6422 -9.990e-29
 144.276429      7.759    17.1747  34.699210    26.1544      7.689  251.95813  252.33026    -0.0743     3.6321 0.0000e+00
 144.276432      7.788    17.1746  34.698554    26.1546      7.719  251.95892  252.33105    -0.0199     3.6220 0.0000e+00
 144.276435      7.823    17.1734  34.698136    26.1546      7.753  251.96429  252.33636    -0.0199     3.6058 0.0000e+00
 144.276438      7.867    17.1702  34.697062    26.1558      7.796  251.97819  252.35013     0.5871     3.2500 0.0000e+00
 144.276441      7.914    17.1661  34.695392    26.1570      7.843  251.99610  252.36787     0.5871     3.2176 0.0000e+00
 144.276444      7.961    17.1628  34.696347    26.1599      7.890  252.00743  252.37905     0.5871     3.2500 0.0000e+00
 144.276447      8.003    17.1596  34.695811    26.1616      7.932  252.02056  252.39204     0.5249     3.2136 0.0000e+00
 144.276450      8.051    17.1563  34.696647    26.1643      7.979  252.03205  252.40339     0.3381     2.9588 0.0000e+00
 144.276453      8.091    17.1532  34.694141    26.1644      8.019  252.04736  252.41857     0.3381     2.9588 0.0000e+00
 144.276455      8.127    17.1523  34.693305    26.1645      8.055  252.05129  252.42246     0.3770     2.9851 0.0000e+00
 144.276458      8.155    17.1515  34.692231    26.1647      8.082  252.05522  252.42636     0.4159     3.0114 -9.990e-29
 144.276461      8.179    17.1495  34.694559    26.1670      8.106  252.06105  252.43210     0.5249     3.0761 -9.990e-29
 144.276464      8.197    17.1493  34.695395    26.1678      8.124  252.06050  252.43154     0.5560     3.0599 -9.990e-29
 144.276467      8.201    17.1497  34.696887    26.1688      8.127  252.05679  252.42784     0.5871     3.0397 -9.990e-29
 144.276470      8.203    17.1504  34.694141    26.1660      8.129  252.05818  252.42927     0.5405     3.1246 -9.990e-29
 144.276473      8.213    17.1499  34.696230    26.1681      8.140  252.05710  252.42816    -0.2845     3.1044 -9.990e-29
 144.276476      8.226    17.1487  34.693724    26.1681      8.153  252.06274  252.43375    -0.2689     3.1287 -9.990e-29
 144.276479      8.254    17.1487  34.695395    26.1683      8.180  252.06261  252.43362    -0.1521     3.1226 0.0000e+00
 144.276481      8.288    17.1487  34.695813    26.1681      8.214  252.06274  252.43375    -0.0666     3.1287 0.0000e+00
 144.276484      8.323    17.1486  34.694619    26.1675      8.249  252.06389  252.43490    -0.0354     3.1893 0.0000e+00
 144.276487      8.369    17.1486  34.692650    26.1659      8.294  252.06735  252.43837     0.1358     3.1893 0.0000e+00
 144.276490      8.420    17.1476  34.691636    26.1659      8.344  252.07231  252.44329     0.1513     3.1812 0.0000e+00
 144.276493      8.471    17.1466  34.693904    26.1682      8.395  252.07321  252.44413     0.1358     3.1812 0.0000e+00
 144.276496      8.518    17.1457  34.693964    26.1682      8.442  252.07663  252.44751     0.1513     3.1812 0.0000e+00
 144.276499      8.568    17.1453  34.690145    26.1677      8.491  252.08225  252.45311     0.4782     3.1570 0.0000e+00
 144.276502      8.608    17.1449  34.692055    26.1677      8.531  252.08225  252.45311     0.6961     3.1287 0.0000e+00
 144.276505      8.641    17.1447  34.693308    26.1684      8.563  252.08216  252.45300     0.7272     3.1004 0.0000e+00
 144.276508      8.668    17.1445  34.692652    26.1690      8.590  252.08206  252.45289     0.6961     3.0721 -9.990e-29
 144.276510      8.683    17.1438  34.693069    26.1692      8.605  252.08495  252.45576     0.1980     3.0154 -9.990e-29
