seaocn-cb/data/ctd_cnv/SBE19plus_01907321_2024_05_27_Cast73.cnv
* Sea-Bird SBE19plus  Data File:
* FileName = E:\Prandtl_Daten\2024\27052024\raw\SBE19plus_01907321_2024_05_27_Cast73.hex
* Software version 2.6.1.12
* Temperature SN = 7321
* Conductivity SN = 7321
* System UpLoad Time = May 27 2024 09:19:48
* <ApplicationData>
* <Seaterm232>
** 20240527
** Sea Practical 2024
** MCat 27.05 CTD_SP5
** NMEA Latitude = 54 7.781N
** NMEA Longitude = 008 25.579E
** waterdepth = 8.4m
** Maja
# nquan = 11
# nvalues = 247                         
# units = specified
# name 0 = timeJ: Julian Days
# name 1 = prdM: Pressure, Strain Gauge [db]
# name 2 = tv290C: Temperature [ITS-90, deg C]
# name 3 = c0mS/cm: Conductivity [mS/cm]
# name 4 = sal00: Salinity, Practical [PSU]
# name 5 = depSM: Depth [salt water, m], lat = 54.00
# name 6 = oxsatMm/Kg: Oxygen Saturation, Weiss [umol/kg]
# name 7 = oxsolMm/Kg: Oxygen Saturation, Garcia & Gordon [umol/kg]
# name 8 = turbWETntu0: Turbidity, WET Labs ECO [NTU]
# name 9 = flECO-AFL: Fluorescence, WET Labs ECO-AFL/FL [mg/m^3]
# name 10 = flag:  0.000e+00
# span 0 = 148.386296, 148.387008       
# span 1 =      0.685,      7.336       
# span 2 =    16.3878,    16.5046       
# span 3 =  36.889456,  36.955143       
# span 4 =    28.5149,    28.5514       
# span 5 =      0.679,      7.270       
# span 6 =  251.22310,  251.74897       
# span 7 =  251.55249,  252.07305       
# span 8 =    -2.1988,    18.6572       
# span 9 =     2.8699,     5.9794       
# span 10 = 0.0000e+00, 0.0000e+00      
# interval = seconds: 0.25
# start_time = May 27 2024 09:15:05 [Instrument's time stamp, header]
# bad_flag = -9.990e-29
*END*
 148.386296      0.685    16.4799  36.938435    28.5228      0.679  251.33804  251.66634    -1.4051     2.9305 0.0000e+00
 148.386299      0.723    16.4821  36.942046    28.5228      0.717  251.32433  251.65271    -1.3117     2.9305 0.0000e+00
 148.386302      0.787    16.4855  36.942780    28.5224      0.780  251.31062  251.63917    -1.3117     2.9022 0.0000e+00
 148.386305      0.855    16.4892  36.944983    28.5217      0.847  251.29387  251.62258    -1.4518     2.8699 0.0000e+00
 148.386308      0.906    16.4922  36.944310    28.5201      0.898  251.28373  251.61259    -1.5918     2.9022 0.0000e+00
 148.386311      0.941    16.4934  36.946635    28.5201      0.932  251.27582  251.60473    -1.8876     3.6503 0.0000e+00
 148.386314      0.981    16.4944  36.950614    28.5204      0.972  251.26609  251.59503    -1.8876     3.6746 0.0000e+00
 148.386317      1.039    16.4974  36.950430    28.5204      1.030  251.25524  251.58432    -2.0121     3.6988 0.0000e+00
 148.386319      1.092    16.4990  36.951409    28.5197      1.082  251.24865  251.57781    -1.9265     3.7049 0.0000e+00
 148.386322      1.123    16.5006  36.953123    28.5190      1.113  251.24207  251.57131    -2.0121     3.6988 -9.990e-29
 148.386325      1.128    16.5032  36.953551    28.5190      1.118  251.22931  251.55866    -1.7164     3.1287 -9.990e-29
 148.386328      1.112    16.5038  36.953796    28.5187      1.102  251.22653  251.55591    -2.0432     3.0640 -9.990e-29
 148.386331      1.114    16.5042  36.951347    28.5164      1.104  251.22861  251.55802    -1.9498     3.1044 -9.990e-29
 148.386334      1.132    16.5046  36.954285    28.5170      1.122  251.22543  251.55486    -2.1988     2.9548 -9.990e-29
 148.386337      1.167    16.5044  36.952510    28.5183      1.156  251.22427  251.55368    -2.1521     2.9488 0.0000e+00
 148.386340      1.207    16.5044  36.955143    28.5183      1.196  251.22427  251.55368    -2.1521     2.9488 0.0000e+00
 148.386343      1.238    16.5042  36.953368    28.5196      1.227  251.22310  251.55249    -2.1055     2.9427 -9.990e-29
 148.386345      1.258    16.5038  36.949757    28.5152      1.247  251.23253  251.56193    -1.3117     3.7312 -9.990e-29
 148.386348      1.251    16.5038  36.955143    28.5199      1.240  251.22463  251.55400    -1.5607     3.7554 -9.990e-29
 148.386351      1.240    16.5038  36.952939    28.5180      1.229  251.22785  251.55724    -1.4673     3.7433 -9.990e-29
 148.386354      1.242    16.5035  36.954286    28.5194      1.230  251.22709  251.55645    -1.3895     3.6988 -9.990e-29
 148.386357      1.265    16.5018  36.952021    28.5192      1.254  251.23579  251.56508    -1.7164     3.4845 -9.990e-29
 148.386360      1.316    16.5014  36.952695    28.5193      1.305  251.23768  251.56695    -1.6774     3.4562 0.0000e+00
 148.386363      1.391    16.5010  36.952206    28.5193      1.379  251.23956  251.56881    -1.6385     3.4683 0.0000e+00
 148.386366      1.473    16.5002  36.952451    28.5193      1.460  251.24226  251.57147    -1.6385     3.4279 0.0000e+00
 148.386369      1.546    16.4997  36.945596    28.5175      1.533  251.24911  251.57832    -1.6541     3.4319 0.0000e+00
 148.386372      1.587    16.4992  36.947249    28.5149      1.572  251.25597  251.58517    -1.8564     3.3955 -9.990e-29
 148.386374      1.583    16.4960  36.945230    28.5168      1.569  251.26828  251.59733    -1.2339     4.3418 -9.990e-29
 148.386377      1.550    16.4948  36.946209    28.5186      1.536  251.27165  251.60063    -1.1405     4.3418 -9.990e-29
 148.386380      1.513    16.4931  36.945413    28.5190      1.500  251.27883  251.60773    -1.1094     4.3498 -9.990e-29
 148.386383      1.490    16.4920  36.943883    28.5185      1.476  251.28528  251.61414    -1.7319     3.9172 -9.990e-29
 148.386386      1.493    16.4910  36.942721    28.5182      1.480  251.29060  251.61942    -1.6230     4.0021 -9.990e-29
 148.386389      1.539    16.4890  36.944312    28.5186      1.525  251.30000  251.62873    -1.7164     4.0183 -9.990e-29
 148.386392      1.614    16.4885  36.941497    28.5187      1.599  251.30272  251.63142    -1.5452     4.0466 0.0000e+00
 148.386395      1.705    16.4879  36.940702    28.5186      1.690  251.30544  251.63411    -1.4362     4.0749 0.0000e+00
 148.386398      1.780    16.4864  36.934828    28.5167      1.764  251.31952  251.64816    -1.4051     4.0749 0.0000e+00
 148.386400      1.831    16.4853  36.935257    28.5157      1.814  251.32359  251.65217    -1.4207     4.1133 0.0000e+00
 148.386403      1.856    16.4841  36.931463    28.5167      1.840  251.32766  251.65618    -1.4051     4.0749 -9.990e-29
 148.386406      1.858    16.4805  36.937522    28.5212      1.842  251.33762  251.66595    -1.4206     4.1598 -9.990e-29
 148.386409      1.869    16.4799  36.936726    28.5209      1.852  251.34090  251.66921    -1.2806     3.6624 -9.990e-29
 148.386412      1.878    16.4803  36.938195    28.5218      1.861  251.33724  251.66557    -1.5296     3.6179 -9.990e-29
 148.386415      1.904    16.4813  36.938440    28.5214      1.887  251.33328  251.66165    -1.2806     3.6584 -9.990e-29
 148.386418      1.925    16.4826  36.939969    28.5217      1.908  251.32623  251.65465    -1.4518     3.6139 -9.990e-29
 148.386421      1.942    16.4838  36.938684    28.5198      1.925  251.32360  251.65209    -1.4518     3.7999 -9.990e-29
 148.386424      1.956    16.4842  36.936604    28.5177      1.939  251.32545  251.65397    -1.2650     3.8444 -9.990e-29
 148.386427      1.964    16.4847  36.939786    28.5201      1.946  251.31868  251.64721    -1.3739     3.8323 -9.990e-29
 148.386429      1.964    16.4850  36.939113    28.5193      1.946  251.31876  251.64731    -1.2650     3.9253 -9.990e-29
 148.386432      1.973    16.4854  36.940642    28.5203      1.955  251.31472  251.64327    -1.1094     3.9495 -9.990e-29
 148.386435      1.997    16.4859  36.941132    28.5194      1.979  251.31414  251.64273    -1.2183     4.0102 -9.990e-29
 148.386438      2.044    16.4859  36.940031    28.5198      2.026  251.31340  251.64198    -1.1639     3.9798 0.0000e+00
 148.386441      2.103    16.4859  36.941071    28.5202      2.084  251.31265  251.64123    -1.2183     3.9940 0.0000e+00
 148.386444      2.168    16.4860  36.941133    28.5202      2.149  251.31199  251.64058    -1.3739     3.9940 0.0000e+00
 148.386447      2.228    16.4862  36.941378    28.5202      2.209  251.31138  251.63997    -1.4518     4.0082 0.0000e+00
 148.386450      2.272    16.4863  36.943030    28.5202      2.252  251.31076  251.63936    -1.3739     4.0223 -9.990e-29
 148.386453      2.296    16.4863  36.942724    28.5213      2.275  251.30852  251.63712    -1.5607     3.9495 -9.990e-29
 148.386455      2.307    16.4870  36.940705    28.5191      2.286  251.30908  251.63771    -1.3584     3.9859 -9.990e-29
 148.386458      2.312    16.4876  36.944315    28.5218      2.292  251.30168  251.63032    -1.5607     3.9617 -9.990e-29
 148.386461      2.316    16.4887  36.944560    28.5212      2.296  251.29710  251.62580    -1.4829     3.9253 -9.990e-29
 148.386464      2.327    16.4897  36.942969    28.5191      2.306  251.29552  251.62428    -1.3895     4.0061 -9.990e-29
 148.386467      2.343    16.4901  36.946457    28.5219      2.323  251.28921  251.61796    -1.4518     3.9900 -9.990e-29
 148.386470      2.365    16.4894  36.938869    28.5158      2.344  251.30276  251.63152    -1.3584     4.3903 -9.990e-29
 148.386473      2.385    16.4879  36.940032    28.5200      2.364  251.30313  251.63180    -1.5140     4.4428 -9.990e-29
 148.386476      2.411    16.4877  36.942541    28.5183      2.389  251.30723  251.63590    -1.4284     4.4489 0.0000e+00
 148.386479      2.444    16.4874  36.938196    28.5172      2.422  251.31133  251.64000    -1.5140     4.4428 0.0000e+00
 148.386481      2.478    16.4869  36.938441    28.5172      2.456  251.31133  251.64000    -1.7631     4.0587 0.0000e+00
 148.386484      2.515    16.4863  36.942358    28.5172      2.492  251.31280  251.64144    -1.7631     4.0587 0.0000e+00
 148.386487      2.560    16.4859  36.937523    28.5194      2.538  251.31575  251.64431    -1.7008     4.0668 0.0000e+00
 148.386490      2.604    16.4855  36.939971    28.5194      2.581  251.31575  251.64431    -1.7008     4.0951 0.0000e+00
 148.386493      2.644    16.4852  36.941134    28.5197      2.621  251.31575  251.64431    -1.7631     4.2649 0.0000e+00
 148.386496      2.679    16.4849  36.939543    28.5202      2.655  251.31750  251.64603    -1.7708     4.2771 0.0000e+00
 148.386499      2.710    16.4846  36.939972    28.5197      2.686  251.31973  251.64826    -1.7631     4.2649 -9.990e-29
 148.386502      2.730    16.4840  36.940462    28.5209      2.706  251.32082  251.64931    -1.7164     4.2326 -9.990e-29
 148.386505      2.746    16.4838  36.938687    28.5195      2.722  251.32404  251.65253    -1.4985     4.2124 -9.990e-29
 148.386508      2.755    16.4835  36.940401    28.5212      2.731  251.32274  251.65120    -1.1405     4.4550 -9.990e-29
 148.386510      2.764    16.4833  36.938014    28.5193      2.740  251.32715  251.65561    -1.1405     4.4712 -9.990e-29
 148.386513      2.764    16.4833  36.936606    28.5181      2.740  251.32891  251.65739    -1.2027     4.4631 -9.990e-29
 148.386516      2.766    16.4833  36.939972    28.5209      2.742  251.32397  251.65243    -1.2183     4.4348 -9.990e-29
 148.386519      2.772    16.4834  36.938871    28.5199      2.747  251.32529  251.65376    -1.5763     4.5601 -9.990e-29
 148.386522      2.788    16.4833  36.939116    28.5193      2.764  251.32717  251.65564    -1.4051     4.5480 -9.990e-29
 148.386525      2.816    16.4831  36.938014    28.5196      2.791  251.32747  251.65594    -1.3662     4.5459 0.0000e+00
 148.386528      2.867    16.4829  36.938443    28.5193      2.841  251.32778  251.65623    -1.3273     4.5480 0.0000e+00
 148.386531      2.933    16.4825  36.935506    28.5182      2.906  251.33363  251.66208    -0.8292     4.7623 0.0000e+00
 148.386534      2.998    16.4808  36.934833    28.5176      2.971  251.34098  251.66935    -0.8292     4.7825 0.0000e+00
 148.386536      3.057    16.4782  36.931468    28.5172      3.029  251.35590  251.68416    -0.7981     4.7825 0.0000e+00
 148.386539      3.108    16.4767  36.928103    28.5168      3.080  251.36396  251.69216    -0.8136     4.7927 0.0000e+00
 148.386542      3.148    16.4752  36.925350    28.5165      3.120  251.37202  251.70015    -0.7981     4.7704 -9.990e-29
 148.386545      3.172    16.4694  36.921924    28.5152      3.143  251.40253  251.73042    -0.5802     4.4469 -9.990e-29
 148.386548      3.181    16.4669  36.924433    28.5192      3.152  251.40820  251.73595    -0.6424     4.4752 -9.990e-29
 148.386551      3.179    16.4643  36.920578    28.5177      3.150  251.42351  251.75115    -0.6580     4.4469 -9.990e-29
 148.386554      3.175    16.4629  36.921252    28.5193      3.147  251.42794  251.75551    -0.6424     4.4712 -9.990e-29
 148.386557      3.173    16.4618  36.920762    28.5197      3.145  251.43258  251.76010    -1.2494     4.5237 -9.990e-29
 148.386560      3.181    16.4612  36.923516    28.5225      3.152  251.43095  251.75842    -1.4829     4.5278 -9.990e-29
 148.386563      3.206    16.4608  36.921252    28.5219      3.178  251.43393  251.76139    -1.3273     4.4712 -9.990e-29
 148.386565      3.243    16.4607  36.922537    28.5217      3.214  251.43454  251.76200    -1.1172     4.3964 0.0000e+00
 148.386568      3.290    16.4607  36.921925    28.5214      3.261  251.43515  251.76261    -1.2494     4.3984 0.0000e+00
 148.386571      3.339    16.4605  36.915868    28.5198      3.309  251.44269  251.77011    -1.0315     4.3498 0.0000e+00
 148.386574      3.385    16.4597  36.919295    28.5188      3.355  251.44468  251.77216    -1.1716     4.3579 0.0000e+00
 148.386577      3.419    16.4588  36.916542    28.5193      3.389  251.44819  251.77557    -1.1016     4.3538 0.0000e+00
 148.386580      3.452    16.4579  36.915196    28.5188      3.421  251.45368  251.78103    -1.1716     4.3579 -9.990e-29
 148.386583      3.472    16.4542  36.915380    28.5204      3.441  251.46899  251.79616    -1.2339     4.3337 -9.990e-29
 148.386586      3.485    16.4523  36.914952    28.5214      3.454  251.47686  251.80394    -1.4518     4.2932 -9.990e-29
 148.386589      3.490    16.4507  36.913117    28.5210      3.459  251.48558  251.81260    -1.3117     4.3256 -9.990e-29
 148.386591      3.492    16.4495  36.911098    28.5200      3.461  251.49277  251.81974    -0.9848     4.1800 -9.990e-29
 148.386594      3.491    16.4490  36.913851    28.5228      3.459  251.49084  251.81776    -0.7825     4.1557 -9.990e-29
 148.386597      3.496    16.4486  36.912444    28.5219      3.465  251.49441  251.82133    -1.0160     4.2366 -9.990e-29
 148.386600      3.514    16.4482  36.912200    28.5237      3.483  251.49325  251.82014    -0.9070     4.1881 -9.990e-29
 148.386603      3.543    16.4482  36.914280    28.5243      3.512  251.49194  251.81883    -1.0782     4.1012 0.0000e+00
 148.386606      3.594    16.4482  36.915871    28.5243      3.562  251.49064  251.81752    -1.2494     4.0951 0.0000e+00
 148.386609      3.651    16.4491  36.915810    28.5250      3.618  251.48744  251.81437    -1.2494     4.0183 0.0000e+00
 148.386612      3.713    16.4511  36.921744    28.5271      3.680  251.47152  251.79851    -1.1560     4.0264 0.0000e+00
 148.386615      3.773    16.4542  36.923396    28.5271      3.740  251.45738  251.78451    -1.1560     4.0264 0.0000e+00
 148.386617      3.826    16.4566  36.921928    28.5241      3.792  251.45129  251.77864    -1.3428     4.4833 0.0000e+00
 148.386620      3.870    16.4573  36.918134    28.5221      3.836  251.45091  251.77821    -1.4440     4.4833 0.0000e+00
 148.386623      3.908    16.4579  36.923396    28.5200      3.874  251.45129  251.77864    -1.3428     4.4833 -9.990e-29
 148.386626      3.929    16.4591  36.923519    28.5237      3.893  251.43920  251.76656    -1.2961     4.5561 -9.990e-29
 148.386629      3.941    16.4592  36.919480    28.5202      3.906  251.44453  251.77193    -1.2806     4.6976 -9.990e-29
 148.386632      3.932    16.4592  36.920337    28.5210      3.897  251.44357  251.77096    -1.4206     4.7259 -9.990e-29
 148.386635      3.914    16.4593  36.924008    28.5240      3.879  251.43756  251.76494    -1.5607     4.6976 -9.990e-29
 148.386638      3.892    16.4596  36.924865    28.5245      3.857  251.43509  251.76248    -1.3117     4.7259 -9.990e-29
 148.386641      3.888    16.4598  36.922295    28.5222      3.854  251.43826  251.76567    -1.3273     4.4388 -9.990e-29
 148.386644      3.907    16.4605  36.923335    28.5213      3.872  251.43612  251.76356    -1.2183     4.4267 -9.990e-29
 148.386646      3.945    16.4606  36.921928    28.5204      3.910  251.43731  251.76477    -1.2338     4.4550 0.0000e+00
 148.386649      3.993    16.4605  36.919909    28.5213      3.957  251.43612  251.76356    -1.2183     4.4348 0.0000e+00
 148.386652      4.044    16.4605  36.923091    28.5223      4.007  251.43446  251.76191    -1.1716     4.4833 0.0000e+00
 148.386655      4.102    16.4605  36.924437    28.5226      4.065  251.43372  251.76114    -1.1405     4.5763 0.0000e+00
 148.386658      4.159    16.4606  36.923580    28.5226      4.121  251.43350  251.76095    -1.1716     4.6289 0.0000e+00
 148.386661      4.210    16.4611  36.922846    28.5226      4.172  251.43280  251.76027    -1.1405     4.6369 0.0000e+00
 148.386664      4.253    16.4614  36.924866    28.5222      4.215  251.42998  251.75745    -1.1405     4.6369 0.0000e+00
 148.386667      4.283    16.4618  36.924682    28.5228      4.244  251.42715  251.75464    -1.1094     4.6369 -9.990e-29
 148.386670      4.297    16.4619  36.924009    28.5220      4.259  251.42813  251.75563    -1.1405     5.6600 -9.990e-29
 148.386672      4.299    16.4605  36.919237    28.5189      4.261  251.44026  251.76773    -1.0782     5.6317 -9.990e-29
