seaocn-cb/data/ctd_cnv/SBE19plus_01907321_2024_05_28_Cast92.cnv
* Sea-Bird SBE19plus  Data File:
* FileName = E:\Prandtl_Daten\2024\28052024\raw\SBE19plus_01907321_2024_05_28_Cast92.hex
* Software version 2.6.1.12
* Temperature SN = 7321
* Conductivity SN = 7321
* System UpLoad Time = May 28 2024 11:46:51
* <ApplicationData>
* <Seaterm232>
** 20240527
** Sea Practical 2024
** MCat 27.05 CTD_SP7
** NMEA Latitude = 54 8.35N
** NMEA Longitude = 008 20.85E
** waterdepth = 14.0m
** Isabelle
# nquan = 11
# nvalues = 478                         
# units = specified
# name 0 = timeJ: Julian Days
# name 1 = prdM: Pressure, Strain Gauge [db]
# name 2 = tv290C: Temperature [ITS-90, deg C]
# name 3 = c0mS/cm: Conductivity [mS/cm]
# name 4 = sal00: Salinity, Practical [PSU]
# name 5 = depSM: Depth [salt water, m], lat = 54.00
# name 6 = oxsatMm/Kg: Oxygen Saturation, Weiss [umol/kg]
# name 7 = oxsolMm/Kg: Oxygen Saturation, Garcia & Gordon [umol/kg]
# name 8 = turbWETntu0: Turbidity, WET Labs ECO [NTU]
# name 9 = flECO-AFL: Fluorescence, WET Labs ECO-AFL/FL [mg/m^3]
# name 10 = flag:  0.000e+00
# span 0 = 149.487167, 149.488547       
# span 1 =      0.408,     13.352       
# span 2 =    15.0699,    16.5850       
# span 3 =  37.169418,  37.825298       
# span 4 =    28.6906,    30.3416       
# span 5 =      0.405,     13.232       
# span 6 =  250.53985,  255.29177       
# span 7 =  250.87172,  255.53935       
# span 8 =    -4.1755,    16.7272       
# span 9 =     1.7417,     6.9620       
# span 10 = 0.0000e+00, 0.0000e+00      
# interval = seconds: 0.25
# start_time = May 28 2024 11:40:21 [Instrument's time stamp, header]
# bad_flag = -9.990e-29
*END*
[from data line 394]
 149.488307     11.184    15.1099  37.786244    30.2763     11.084  255.19403  255.44414     1.8945     6.5334 0.0000e+00
 149.488310     11.226    15.1099  37.783589    30.2750     11.126  255.20025  255.45034     1.8945     6.5334 0.0000e+00
 149.488313     11.255    15.1098  37.781180    30.2736     11.154  255.20054  255.45067     1.8946     6.5314 0.0000e+00
 149.488316     11.284    15.1102  37.777907    30.2722     11.183  255.20082  255.45099     1.8012     6.5294 -9.990e-29
 149.488319     11.303    15.1125  37.776919    30.2666     11.201  255.19878  255.44910     1.7545     6.5375 -9.990e-29
 149.488322     11.314    15.1134  37.777228    30.2662     11.212  255.19510  255.44547     1.7856     5.7894 -9.990e-29
 149.488325     11.319    15.1141  37.779821    30.2680     11.218  255.18843  255.43882     1.7389     5.8217 -9.990e-29
 149.488328     11.334    15.1145  37.779266    30.2671     11.232  255.18756  255.43798     1.9101     5.8500 -9.990e-29
 149.488330     11.350    15.1154  37.776919    30.2677     11.248  255.18188  255.43235     2.5327     5.2961 -9.990e-29
 149.488333     11.385    15.1155  37.780686    30.2682     11.283  255.18040  255.43087     2.5794     5.3041 0.0000e+00
 149.488336     11.429    15.1154  37.782045    30.2677     11.326  255.18188  255.43235     2.6261     5.3122 0.0000e+00
 149.488339     11.481    15.1152  37.780254    30.2683     11.379  255.18349  255.43394     2.6261     5.3122 0.0000e+00
 149.488342     11.538    15.1140  37.780193    30.2683     11.435  255.18828  255.43866     2.6883     5.2758 0.0000e+00
 149.488345     11.595    15.1126  37.783343    30.2722     11.491  255.18863  255.43892     2.7039     5.2233 0.0000e+00
 149.488348     11.644    15.1110  37.786987    30.2766     11.540  255.18908  255.43925     2.8595     5.2233 0.0000e+00
 149.488351     11.684    15.1104  37.786925    30.2770     11.579  255.19147  255.44160     2.7817     5.2294 0.0000e+00
 149.488354     11.711    15.1097  37.786740    30.2775     11.607  255.19386  255.44395     2.8595     5.2354 -9.990e-29
 149.488356     11.733    15.1091  37.786493    30.2776     11.628  255.19690  255.44696     4.1513     6.0603 -9.990e-29
 149.488359     11.744    15.1085  37.787420    30.2789     11.639  255.19778  255.44780     4.1047     6.0441 -9.990e-29
 149.488362     11.744    15.1082  37.785567    30.2775     11.639  255.20184  255.45186     3.9801     5.9916 -9.990e-29
 149.488365     11.752    15.1078  37.788470    30.2804     11.646  255.19877  255.44874     4.1513     6.0360 -9.990e-29
 149.488368     11.764    15.1077  37.789952    30.2818     11.659  255.19675  255.44671     4.2136     6.0118 -9.990e-29
 149.488371     11.784    15.1074  37.791558    30.2834     11.679  255.19542  255.44534     5.1941     5.8986 -9.990e-29
 149.488374     11.808    15.1054  37.792794    30.2901     11.702  255.19394  255.44371     5.3342     5.8622 -9.990e-29
 149.488377     11.839    15.1046  37.797365    30.2901     11.733  255.19778  255.44751     5.3031     5.8783 0.0000e+00
 149.488380     11.874    15.1039  37.796006    30.2901     11.767  255.20162  255.45131     5.2720     5.8945 0.0000e+00
 149.488383     11.907    15.1029  37.797118    30.2914     11.800  255.20484  255.45446     5.0775     6.1210 0.0000e+00
 149.488385     11.932    15.1018  37.800640    30.2927     11.825  255.20805  255.45761     4.8829     6.3474 -9.990e-29
 149.488388     11.952    15.0991  37.800454    30.2977     11.845  255.21305  255.46243     4.9296     6.3636 -9.990e-29
 149.488391     11.971    15.0981  37.801566    30.2994     11.863  255.21481  255.46413     4.7584     6.3514 -9.990e-29
 149.488394     11.989    15.0967  37.802308    30.3012     11.881  255.21919  255.46842     3.2798     5.6357 -9.990e-29
 149.488397     12.009    15.0947  37.802864    30.3033     11.901  255.22590  255.47501     3.4976     5.6559 -9.990e-29
 149.488400     12.029    15.0940  37.802061    30.3036     11.921  255.22854  255.47762     3.1864     5.6398 -9.990e-29
 149.488403     12.054    15.0942  37.802679    30.3036     11.946  255.22719  255.47629     3.8478     6.1149 0.0000e+00
 149.488406     12.082    15.0945  37.803297    30.3036     11.973  255.22635  255.47548     4.5093     6.5900 0.0000e+00
 149.488409     12.118    15.0949  37.802062    30.3023     12.010  255.22588  255.47506     4.6494     6.5981 0.0000e+00
 149.488411     12.160    15.0955  37.800888    30.3008     12.051  255.22635  255.47548     4.6494     6.6062 0.0000e+00
 149.488414     12.208    15.0955  37.800209    30.3008     12.098  255.22588  255.47506     4.6183     6.6062 0.0000e+00
 149.488417     12.248    15.0954  37.801321    30.3012     12.138  255.22606  255.47522     4.6183     6.6062 0.0000e+00
 149.488420     12.286    15.0953  37.801383    30.3012     12.176  255.22606  255.47522     4.3537     5.8864 0.0000e+00
 149.488423     12.317    15.0952  37.800642    30.3011     12.207  255.22694  255.47610     4.2836     5.8784 0.0000e+00
 149.488426     12.350    15.0951  37.801568    30.3008     12.239  255.22782  255.47698     4.3537     5.8864 -9.990e-29
 149.488429     12.374    15.0949  37.802680    30.3028     12.263  255.22554  255.47467     4.3381     5.9188 -9.990e-29
 149.488432     12.392    15.0947  37.801568    30.3019     12.281  255.22787  255.47700     5.9568     6.0765 -9.990e-29
 149.488435     12.410    15.0946  37.800210    30.3008     12.299  255.23059  255.47972     6.0502     6.0886 -9.990e-29
 149.488438     12.421    15.0941  37.801322    30.3022     12.310  255.23060  255.47970     6.1124     6.1129 -9.990e-29
 149.488440     12.425    15.0938  37.801136    30.3022     12.314  255.23206  255.48114     6.1124     6.1088 -9.990e-29
 149.488443     12.427    15.0927  37.801754    30.3036     12.316  255.23517  255.48418     6.2525     5.8379 -9.990e-29
 149.488446     12.432    15.0921  37.805769    30.3077     12.321  255.23122  255.48017     6.3303     5.8258 -9.990e-29
 149.488449     12.438    15.0898  37.808858    30.3120     12.326  255.23543  255.48422     6.2525     5.7853 -9.990e-29
 149.488452     12.465    15.0894  37.808673    30.3134     12.354  255.23530  255.48406     7.1630     6.3676 0.0000e+00
 149.488455     12.498    15.0890  37.810897    30.3147     12.386  255.23543  255.48422     7.9801     6.9499 0.0000e+00
 149.488458     12.547    15.0875  37.813740    30.3183     12.435  255.23628  255.48490     8.0735     6.9620 0.0000e+00
 149.488461     12.609    15.0853  37.814172    30.3204     12.496  255.24379  255.49228     7.9801     6.9620 0.0000e+00
 149.488464     12.684    15.0829  37.815532    30.3234     12.570  255.25072  255.49907     8.0891     6.9337 0.0000e+00
 149.488466     12.742    15.0805  37.819240    30.3285     12.628  255.25397  255.50215     8.2136     6.9054 0.0000e+00
 149.488469     12.801    15.0795  37.818869    30.3291     12.686  255.25806  255.50619    10.6494     6.2200 0.0000e+00
 149.488472     12.841    15.0785  37.818190    30.3297     12.726  255.26215  255.51022    13.0852     5.5063 -9.990e-29
 149.488475     12.864    15.0760  37.816708    30.3298     12.749  255.27517  255.52310    13.0229     5.4942 -9.990e-29
 149.488478     12.868    15.0750  37.818623    30.3323     12.753  255.27595  255.52382    13.0229     5.4618 -9.990e-29
 149.488481     12.855    15.0746  37.822268    30.3358     12.740  255.27169  255.51951    12.1202     5.4538 -9.990e-29
 149.488484     12.832    15.0744  37.820662    30.3346     12.717  255.27507  255.52288    11.8868     5.4578 -9.990e-29
 149.488487     12.811    15.0744  37.821588    30.3353     12.697  255.27331  255.52112    12.0268     5.4254 -9.990e-29
 149.488490     12.801    15.0735  37.822824    30.3372     12.686  255.27486  255.52261    12.1202     5.4538 -9.990e-29
 149.488492     12.803    15.0719  37.823936    30.3392     12.688  255.27963  255.52728    12.4938     5.9349 -9.990e-29
 149.488495     12.830    15.0718  37.823689    30.3394     12.715  255.27988  255.52753    12.5094     5.9228 0.0000e+00
 149.488498     12.872    15.0717  37.823937    30.3396     12.757  255.28014  255.52778    12.5249     5.9107 0.0000e+00
 149.488501     12.927    15.0714  37.824122    30.3396     12.811  255.28105  255.52866    12.5249     5.8945 0.0000e+00
 149.488504     12.990    15.0709  37.821528    30.3399     12.874  255.28229  255.52986    10.8906     5.8339 0.0000e+00
 149.488507     13.051    15.0707  37.824864    30.3388     12.934  255.28619  255.53379    10.8906     5.8339 0.0000e+00
 149.488510     13.107    15.0707  37.822393    30.3399     12.990  255.28424  255.53183    10.8673     5.8359 0.0000e+00
 149.488513     13.149    15.0707  37.821096    30.3388     13.031  255.28619  255.53379    10.8440     5.8379 -9.990e-29
 149.488516     13.173    15.0710  37.822764    30.3389     13.055  255.28478  255.53238    10.9529     5.8056 -9.990e-29
 149.488519     13.186    15.0706  37.822826    30.3393     13.068  255.28615  255.53373    15.1241     5.3769 -9.990e-29
 149.488521     13.201    15.0707  37.823197    30.3396     13.082  255.28528  255.53287    15.0307     5.4093 -9.990e-29
 149.488524     13.208    15.0703  37.819984    30.3370     13.090  255.29177  255.53935    15.2953     5.3648 -9.990e-29
 149.488527     13.233    15.0703  37.823197    30.3398     13.115  255.28676  255.53432    15.1864     5.3486 -9.990e-29
 149.488530     13.255    15.0708  37.824433    30.3413     13.137  255.28147  255.52905    16.3537     6.7113 -9.990e-29
 149.488533     13.290    15.0708  37.825298    30.3413     13.171  255.28147  255.52905    16.3537     6.7113 0.0000e+00
 149.488536     13.315    15.0708  37.823691    30.3413     13.196  255.28147  255.52905    16.3537     6.7113 -9.990e-29
 149.488539     13.334    15.0704  37.822826    30.3394     13.214  255.28682  255.53439    16.7272     6.7477 -9.990e-29
 149.488542     13.346    15.0701  37.823197    30.3399     13.227  255.28741  255.53496    14.5638     6.7275 -9.990e-29
 149.488545     13.348    15.0700  37.822827    30.3397     13.229  255.28828  255.53583    14.9218     6.7194 -9.990e-29
 149.488547     13.352    15.0699  37.824865    30.3416     13.232  255.28567  255.53320    14.6572     6.7194 -9.990e-29
