seaocn-cb/data/ctd_cnv/SBE19plus_01907321_2024_05_23_Cast28.cnv
* Sea-Bird SBE19plus  Data File:
* FileName = E:\Prandtl_Daten\2024\CTD\raw\SBE19plus_01907321_2024_05_23_Cast28.hex
* Software version 2.6.1.12
* Temperature SN = 7321
* Conductivity SN = 7321
* System UpLoad Time = May 23 2024 10:12:29
* <ApplicationData>
* <Seaterm232>
** 20240522
** Sea Practical 2024
** MCat 23.05 CTD_NP8
** NMEA Latitude = 054 12.23N
** NMEA Longitude = 008 19.52E
** waterdepth = 16m
** Arved
# nquan = 11
# nvalues = 561                         
# units = specified
# name 0 = timeJ: Julian Days
# name 1 = prdM: Pressure, Strain Gauge [db]
# name 2 = tv290C: Temperature [ITS-90, deg C]
# name 3 = c0mS/cm: Conductivity [mS/cm]
# name 4 = sal00: Salinity, Practical [PSU]
# name 5 = depSM: Depth [salt water, m], lat = 54.00
# name 6 = oxsatMm/Kg: Oxygen Saturation, Weiss [umol/kg]
# name 7 = oxsolMm/Kg: Oxygen Saturation, Garcia & Gordon [umol/kg]
# name 8 = turbWETntu0: Turbidity, WET Labs ECO [NTU]
# name 9 = flECO-AFL: Fluorescence, WET Labs ECO-AFL/FL [mg/m^3]
# name 10 = flag:  0.000e+00
# span 0 = 144.420790, 144.422410       
# span 1 =      0.431,     14.933       
# span 2 =    13.5525,    14.2333       
# span 3 =  36.955153,  37.148856       
# span 4 =    30.3228,    30.9270       
# span 5 =      0.427,     14.799       
# span 6 =  259.66508,  262.24017       
# span 7 =  259.86791,  262.39853       
# span 8 =    -5.2494,    -1.5452       
# span 9 =     2.0531,     7.8557       
# span 10 = 0.0000e+00, 0.0000e+00      
# interval = seconds: 0.25
# start_time = May 23 2024 10:04:33 [Instrument's time stamp, header]
# bad_flag = -9.990e-29
*END*
[from data line 263]
 144.421551      7.716    13.8257  36.981321    30.5572      7.647  261.42854  261.60629    -4.7047     6.4242 0.0000e+00
 144.421554      7.765    13.8217  36.981995    30.5609      7.695  261.44285  261.62034    -4.7047     6.4161 0.0000e+00
 144.421557      7.816    13.8175  36.978322    30.5609      7.746  261.44386  261.62081    -4.8915     6.4161 0.0000e+00
 144.421560      7.865    13.8154  36.996263    30.5790      7.795  261.46556  261.64280    -5.0160     6.7477 0.0000e+00
 144.421562      7.907    13.8044  36.990325    30.5823      7.836  261.49705  261.67334    -5.1094     6.7477 0.0000e+00
 144.421565      7.953    13.7964  36.989346    30.5859      7.882  261.53008  261.70585    -5.1094     6.7275 0.0000e+00
 144.421568      7.991    13.7964  36.987203    30.5878      7.920  261.53008  261.70585    -5.0004     6.7194 0.0000e+00
 144.421571      8.024    13.7984  36.995163    30.5898      7.952  261.51567  261.69154    -4.9381     6.0239 0.0000e+00
 144.421574      8.051    13.7987  36.993326    30.5904      7.979  261.51297  261.68885    -4.8758     6.0198 0.0000e+00
 144.421577      8.077    13.7984  36.990571    30.5898      8.005  261.51567  261.69154    -4.9381     6.0158 -9.990e-29
 144.421580      8.093    13.7992  36.981999    30.5787      8.021  261.53138  261.70740    -4.7358     5.9916 -9.990e-29
 144.421583      8.110    13.8029  36.987203    30.5806      8.037  261.50820  261.68442    -4.3467     7.2815 -9.990e-29
 144.421586      8.117    13.8049  36.989897    30.5815      8.044  261.49587  261.67220    -4.3778     7.2774 -9.990e-29
 144.421589      8.119    13.8035  36.983039    30.5763      8.046  261.51311  261.68939    -4.5490     7.2734 -9.990e-29
 144.421591      8.117    13.8047  36.987631    30.5795      8.044  261.50052  261.67685    -4.4868     7.2734 -9.990e-29
 144.421594      8.119    13.8076  36.979732    30.5700      8.046  261.50235  261.67893    -4.6580     7.2572 -9.990e-29
 144.421597      8.124    13.8119  36.983712    30.5702      8.051  261.47888  261.65571    -4.2845     7.8557 -9.990e-29
 144.421600      8.124    13.8148  36.988793    30.5726      8.052  261.45909  261.63606    -4.2378     7.8557 -9.990e-29
 144.421603      8.145    13.8140  36.995162    30.5791      8.072  261.45169  261.62856    -4.3778     7.8355 -9.990e-29
 144.421606      8.165    13.7955  37.000061    30.6114      8.092  261.49209  261.66759    -4.5957     6.9863 -9.990e-29
 144.421609      8.194    13.7866  37.014333    30.6193      8.120  261.52589  261.70080    -4.5879     6.9520 0.0000e+00
 144.421612      8.234    13.7776  37.015927    30.6271      8.160  261.55969  261.73401    -4.5957     6.9176 0.0000e+00
 144.421615      8.278    13.7620  37.039513    30.6613      8.204  261.58187  261.75495    -4.7514     6.9176 0.0000e+00
 144.421617      8.331    13.7375  37.048584    30.6892      8.256  261.66300  261.83440    -4.7514     6.9095 0.0000e+00
 144.421620      8.385    13.7137  37.047974    30.7077      8.310  261.75737  261.92721    -4.6736     5.7045 0.0000e+00
 144.421623      8.438    13.6986  37.051346    30.7229      8.363  261.81115  261.97996    -4.6736     5.7045 0.0000e+00
 144.421626      8.489    13.6903  37.050796    30.7290      8.413  261.84483  262.01310    -4.6736     5.7045 0.0000e+00
 144.421629      8.538    13.6857  37.052022    30.7338      8.462  261.86077  262.02872    -4.5490     5.7287 0.0000e+00
 144.421632      8.586    13.6835  37.053615    30.7362      8.509  261.86682  262.03461    -4.4090     5.8824 0.0000e+00
 144.421635      8.632    13.6825  37.051839    30.7362      8.554  261.87388  262.04162    -4.3156     5.8824 0.0000e+00
 144.421638      8.673    13.6822  37.050675    30.7362      8.596  261.87388  262.04162    -4.2689     5.8824 0.0000e+00
 144.421641      8.706    13.6821  37.053126    30.7366      8.628  261.87541  262.04313    -4.2066     5.9006 0.0000e+00
 144.421644      8.737    13.6822  37.050981    30.7375      8.659  261.87264  262.04036    -4.1444     5.9188 -9.990e-29
 144.421646      8.759    13.6850  37.048837    30.7314      8.681  261.86915  262.03708    -4.6424     5.8945 -9.990e-29
 144.421649      8.774    13.6862  37.052942    30.7341      8.695  261.85736  262.02534    -5.0315     5.9107 -9.990e-29
 144.421652      8.788    13.6892  37.051348    30.7303      8.710  261.84846  262.01664    -4.9226     5.9026 -9.990e-29
 144.421655      8.796    13.6907  37.050429    30.7282      8.717  261.84392  262.01222    -4.8448     5.8743 -9.990e-29
 144.421658      8.797    13.6916  37.051409    30.7284      8.719  261.83880  262.00715    -4.5179     7.0591 -9.990e-29
 144.421661      8.796    13.6928  37.044057    30.7206      8.717  261.84619  262.01469    -4.6113     7.0753 -9.990e-29
 144.421664      8.790    13.6952  37.039768    30.7148      8.712  261.84410  262.01279    -4.5179     7.0712 -9.990e-29
 144.421667      8.785    13.7004  37.041054    30.7118      8.706  261.82137  261.99039    -4.5179     7.0469 -9.990e-29
 144.421670      8.787    13.7038  37.042463    30.7104      8.708  261.80598  261.97521    -4.5957     6.1452 -9.990e-29
 144.421672      8.790    13.7053  37.043872    30.7105      8.711  261.79754  261.96686    -4.7047     6.1614 -9.990e-29
 144.421675      8.803    13.7059  37.041788    30.7081      8.724  261.79871  261.96809    -4.7669     6.1654 -9.990e-29
 144.421678      8.827    13.7036  37.038848    30.7108      8.748  261.80609  261.97531    -4.7202     5.7651 -9.990e-29
 144.421681      8.860    13.7021  37.042769    30.7125      8.780  261.81117  261.98029    -4.7435     5.7691 0.0000e+00
 144.421684      8.907    13.7006  37.043811    30.7142      8.827  261.81626  261.98527    -4.7202     5.7732 0.0000e+00
 144.421687      8.964    13.6981  37.045405    30.7176      8.883  261.82348  261.99231    -4.7669     5.7732 0.0000e+00
 144.421690      9.027    13.6945  37.045773    30.7208      8.947  261.83710  262.00569    -4.7825     5.7894 0.0000e+00
 144.421693      9.097    13.6908  37.052942    30.7304      9.015  261.83710  262.00569    -4.7825     5.7449 0.0000e+00
 144.421696      9.168    13.6863  37.067037    30.7469      9.086  261.83962  262.00791    -4.7358     5.5104 0.0000e+00
 144.421698      9.233    13.6763  37.072677    30.7602      9.151  261.86369  262.03084    -4.7358     5.5063 0.0000e+00
 144.421701      9.286    13.6706  37.087388    30.7715      9.203  261.87352  262.04023    -4.7592     5.5084 0.0000e+00
 144.421704      9.328    13.6650  37.086961    30.7828      9.245  261.88334  262.04962    -4.7825     5.5063 -9.990e-29
 144.421707      9.350    13.6416  37.086533    30.8008      9.266  261.97681  262.14153    -4.6113     6.1937 -9.990e-29
 144.421710      9.366    13.6368  37.085860    30.8040      9.283  261.99675  262.16116    -4.5024     6.2504 -9.990e-29
 144.421713      9.378    13.6344  37.082856    30.8032      9.294  262.01134  262.17562    -4.5490     6.2342 -9.990e-29
 144.421716      9.381    13.6333  37.085615    30.8066      9.297  262.01105  262.17523    -4.4401     6.2261 -9.990e-29
 144.421719      9.383    13.6326  37.087393    30.8088      9.299  262.01067  262.17479    -4.5957     6.0199 -9.990e-29
 144.421722      9.390    13.6322  37.085615    30.8074      9.306  262.01511  262.17922    -4.5802     6.0684 -9.990e-29
 144.421725      9.399    13.6326  37.074460    30.7968      9.315  262.03240  262.19664    -4.5490     6.0482 -9.990e-29
 144.421727      9.414    13.6376  37.077892    30.7960      9.330  262.00698  262.17152    -4.5490     6.0401 -9.990e-29
 144.421730      9.434    13.6408  37.077646    30.7932      9.350  261.99496  262.15972    -4.3467     6.0158 -9.990e-29
 144.421733      9.454    13.6417  37.075501    30.7904      9.369  261.99482  262.15965    -4.4868     6.0280 -9.990e-29
 144.421736      9.483    13.6433  37.079240    30.7926      9.398  261.98249  262.14739    -4.5802     6.0441 -9.990e-29
 144.421739      9.507    13.6415  37.084695    30.8005      9.422  261.97763  262.14236    -4.5490     6.0118 -9.990e-29
 144.421742      9.534    13.6396  37.086289    30.8034      9.449  261.98284  262.14742    -4.6658     6.0341 0.0000e+00
 144.421745      9.561    13.6376  37.089231    30.8064      9.476  261.98804  262.15248    -4.7669     6.0563 0.0000e+00
 144.421748      9.589    13.6331  37.088926    30.8097      9.503  262.00650  262.17064    -4.7825     6.0846 0.0000e+00
 144.421751      9.618    13.6301  37.088558    30.8118      9.532  262.01870  262.18265    -4.7669     6.0846 0.0000e+00
 144.421753      9.647    13.6287  37.087884    30.8123      9.561  262.02421  262.18796    -4.7047     6.0846 0.0000e+00
 144.421756      9.680    13.6275  37.091501    30.8166      9.593  262.02535  262.18921    -4.0199     6.5860 0.0000e+00
 144.421759      9.718    13.6261  37.092421    30.8185      9.631  262.02790  262.19155    -4.0199     6.6021 0.0000e+00
 144.421762      9.751    13.6246  37.091747    30.8191      9.664  262.03512  262.19868    -4.0199     6.6021 0.0000e+00
 144.421765      9.786    13.6231  37.094690    30.8230      9.698  262.03628  262.19970    -4.1288     6.5415 0.0000e+00
 144.421768      9.822    13.6214  37.094690    30.8243      9.734  262.04266  262.20597    -4.1288     6.4930 0.0000e+00
 144.421771      9.859    13.6204  37.094139    30.8246      9.770  262.04766  262.21091    -4.0821     6.4930 0.0000e+00
 144.421774      9.891    13.6194  37.096039    30.8272      9.803  262.04854  262.21170    -4.0821     6.4728 0.0000e+00
 144.421777      9.926    13.6184  37.097878    30.8296      9.837  262.04923  262.21231    -4.2066     6.4728 0.0000e+00
 144.421780      9.959    13.6180  37.097388    30.8297      9.870  262.05027  262.21322    -4.5802     5.9996 0.0000e+00
 144.421782      9.985    13.6168  37.101067    30.8339      9.895  262.05181  262.21487    -4.7047     5.9633 0.0000e+00
 144.421785     10.012    13.6155  37.101496    30.8351      9.922  262.05512  262.21798    -4.7280     5.9774 0.0000e+00
 144.421788     10.043    13.6142  37.100577    30.8364      9.953  262.05997  262.22274    -4.7047     5.9552 -9.990e-29
 144.421791     10.065    13.6110  37.101252    30.8387      9.975  262.07284  262.23540    -4.4401     5.9713 -9.990e-29
 144.421794     10.089    13.6113  37.101497    30.8387      9.998  262.07129  262.23387    -4.4557     6.3797 -9.990e-29
 144.421797     10.114    13.6109  37.103336    30.8407     10.024  262.06966  262.23220    -4.3778     6.4161 -9.990e-29
 144.421800     10.131    13.6086  37.107812    30.8467     10.040  262.07140  262.23374    -4.4712     6.3838 -9.990e-29
 144.421803     10.152    13.6043  37.111982    30.8540     10.062  262.08116  262.24318    -4.3000     6.4081 -9.990e-29
 144.421806     10.175    13.6004  37.116029    30.8609     10.083  262.08968  262.25140    -4.2066     5.3729 -9.990e-29
 144.421808     10.195    13.5967  37.116275    30.8641     10.103  262.10402  262.26548    -3.9887     5.3567 -9.990e-29
 144.421811     10.217    13.5930  37.117870    30.8685     10.125  262.11579  262.27700    -4.0043     5.3931 -9.990e-29
 144.421814     10.240    13.5894  37.121672    30.8749     10.149  262.12356  262.28450    -4.1444     5.3850 -9.990e-29
 144.421817     10.262    13.5861  37.118545    30.8747     10.170  262.14183  262.30258    -4.0510     5.9754 -9.990e-29
 144.421820     10.289    13.5848  37.116277    30.8736     10.197  262.15058  262.31126    -3.9265     5.9349 -9.990e-29
 144.421823     10.313    13.5854  37.120385    30.8763     10.221  262.14252  262.30321    -4.1132     5.9309 -9.990e-29
 144.421826     10.339    13.5857  37.119710    30.8736     10.246  262.14606  262.30679    -3.9810     6.0785 0.0000e+00
 144.421829     10.366    13.5859  37.114315    30.8724     10.273  262.14252  262.30321    -4.0354     6.1897 0.0000e+00
 144.421832     10.404    13.5871  37.116951    30.8724     10.311  262.14057  262.30140    -3.8953     6.2140 0.0000e+00
 144.421834     10.437    13.5873  37.121305    30.8757     10.344  262.13323  262.29403    -3.9732     6.2140 0.0000e+00
 144.421837     10.476    13.5873  37.120998    30.8760     10.382  262.12980  262.29065    -3.8953     6.2140 0.0000e+00
 144.421840     10.516    13.5848  37.129952    30.8862     10.422  262.13323  262.29403    -3.8953     6.1816 0.0000e+00
 144.421843     10.558    13.5804  37.131240    30.8909     10.463  262.14290  262.30315    -3.8798     5.8864 0.0000e+00
 144.421846     10.594    13.5759  37.130382    30.8938     10.499  262.16227  262.32223    -3.8953     5.8783 0.0000e+00
 144.421849     10.634    13.5739  37.132652    30.8965     10.539  262.16817  262.32798    -3.9032     5.8703 0.0000e+00
 144.421852     10.671    13.5719  37.130813    30.8991     10.575  262.17407  262.33373    -3.9265     5.8783 -9.990e-29
 144.421855     10.693    13.5696  37.134492    30.9026     10.597  262.18025  262.33974    -3.9420     6.1452 -9.990e-29
 144.421858     10.709    13.5701  37.131426    30.8994     10.613  262.18340  262.34296    -4.1132     6.1695 -9.990e-29
 144.421861     10.723    13.5726  37.132652    30.8985     10.627  262.17153  262.33124    -4.2222     6.1493 -9.990e-29
 144.421863     10.735    13.5755  37.133081    30.8965     10.638  262.15927  262.31917    -4.1599     6.1290 -9.990e-29
 144.421866     10.749    13.5772  37.133817    30.8958     10.653  262.15140  262.31141    -3.9265     5.7611 -9.990e-29
 144.421869     10.769    13.5771  37.134246    30.8963     10.673  262.15127  262.31126    -3.5218     5.7489 -9.990e-29
 144.421872     10.789    13.5752  37.134492    30.8980     10.693  262.15808  262.31796    -3.9420     5.7813 -9.990e-29
 144.421875     10.815    13.5729  37.136516    30.9018     10.718  262.16393  262.32363    -3.8331     5.7489 -9.990e-29
 144.421878     10.837    13.5707  37.136087    30.9031     10.740  262.17304  262.33260    -3.1794     6.1735 -9.990e-29
 144.421881     10.857    13.5660  37.135352    30.9067     10.760  262.19225  262.35149    -3.2572     6.1735 -9.990e-29
 144.421884     10.886    13.5654  37.135843    30.9079     10.789  262.19347  262.35267    -3.2884     6.1493 0.0000e+00
 144.421887     10.917    13.5647  37.137315    30.9091     10.819  262.19410  262.35324    -3.2728     6.1735 0.0000e+00
 144.421889     10.950    13.5647  37.137683    30.9091     10.852  262.19410  262.35324    -3.3195     6.1250 0.0000e+00
 144.421892     10.983    13.5649  37.137192    30.9088     10.884  262.19410  262.35324    -3.4595     5.7125 0.0000e+00
 144.421895     11.017    13.5655  37.134065    30.9062     10.919  262.19408  262.35331    -3.4595     5.6681 0.0000e+00
 144.421898     11.054    13.5657  37.135169    30.9062     10.955  262.19407  262.35331    -3.6308     5.6681 0.0000e+00
 144.421901     11.092    13.5658  37.137070    30.9077     10.992  262.19147  262.35068    -3.4129     5.7206 0.0000e+00
 144.421904     11.134    13.5659  37.137009    30.9077     11.034  262.19147  262.35068    -3.3195     5.8339 0.0000e+00
 144.421907     11.180    13.5660  37.135169    30.9077     11.079  262.19016  262.34940    -3.2883     5.8339 0.0000e+00
 144.421910     11.218    13.5660  37.137070    30.9069     11.117  262.19200  262.35123    -3.2805     5.8379 0.0000e+00
 144.421913     11.252    13.5660  37.137868    30.9077     11.152  262.19012  262.34935    -3.2728     5.8136 -9.990e-29
 144.421916     11.276    13.5662  37.137745    30.9082     11.175  262.18844  262.34768    -4.1755     6.0401 -9.990e-29
 144.421918     11.298    13.5659  37.136764    30.9075     11.197  262.19126  262.35049    -4.0821     6.0158 -9.990e-29
 144.421921     11.311    13.5651  37.137439    30.9088     11.210  262.19331  262.35248    -4.1288     6.0684 -9.990e-29
 144.421924     11.325    13.5647  37.138850    30.9104     11.224  262.19268  262.35180    -4.2845     5.9916 -9.990e-29
