seaocn-cb/data/ctd_cnv/SBE19plus_01907321_2024_05_28_Cast97.cnv
* Sea-Bird SBE19plus  Data File:
* FileName = E:\Prandtl_Daten\2024\28052024\raw\SBE19plus_01907321_2024_05_28_Cast97.hex
* Software version 2.6.1.12
* Temperature SN = 7321
* Conductivity SN = 7321
* System UpLoad Time = May 28 2024 13:02:18
* <ApplicationData>
* <Seaterm232>
** 20240527
** Sea Practical 2024
** MCat 27.05 CTD_SP7
** NMEA Latitude = 54 8.36N
** NMEA Longitude = 008 20.85E
** waterdepth = 14.4m
** Isabelle
# nquan = 11
# nvalues = 533                         
# units = specified
# name 0 = timeJ: Julian Days
# name 1 = prdM: Pressure, Strain Gauge [db]
# name 2 = tv290C: Temperature [ITS-90, deg C]
# name 3 = c0mS/cm: Conductivity [mS/cm]
# name 4 = sal00: Salinity, Practical [PSU]
# name 5 = depSM: Depth [salt water, m], lat = 54.00
# name 6 = oxsatMm/Kg: Oxygen Saturation, Weiss [umol/kg]
# name 7 = oxsolMm/Kg: Oxygen Saturation, Garcia & Gordon [umol/kg]
# name 8 = turbWETntu0: Turbidity, WET Labs ECO [NTU]
# name 9 = flECO-AFL: Fluorescence, WET Labs ECO-AFL/FL [mg/m^3]
# name 10 = flag:  0.000e+00
# span 0 = 149.539606, 149.541146       
# span 1 =      0.555,     14.020       
# span 2 =    14.8581,    17.3005       
# span 3 =  37.163927,  37.963521       
# span 4 =    28.4729,    30.6304       
# span 5 =      0.550,     13.894       
# span 6 =  247.36498,  255.87378       
# span 7 =  247.72830,  256.10791       
# span 8 =    -4.5802,     5.6922       
# span 9 =     1.5557,     7.7869       
# span 10 = 0.0000e+00, 0.0000e+00      
# interval = seconds: 0.25
# start_time = May 28 2024 12:55:50 [Instrument's time stamp, header]
# bad_flag = -9.990e-29
*END*
[from data line 394]
 149.540747     10.662    14.8913  37.941170    30.5858     10.566  255.77323  256.00947     0.3537     7.1642 0.0000e+00
 149.540749     10.709    14.8913  37.942717    30.5860     10.613  255.77461  256.01082     0.3537     7.1642 0.0000e+00
 149.540752     10.751    14.8912  37.941356    30.5865     10.655  255.77343  256.00964     0.3848     6.9276 0.0000e+00
 149.540755     10.782    14.8911  37.941356    30.5860     10.685  255.77495  256.01116     0.4159     6.6668 -9.990e-29
 149.540758     10.798    14.8903  37.942470    30.5876     10.702  255.77612  256.01227     0.4004     6.6790 -9.990e-29
 149.540761     10.809    14.8905  37.940676    30.5859     10.713  255.77837  256.01455     0.3070     6.6749 -9.990e-29
 149.540764     10.815    14.8904  37.942717    30.5878     10.718  255.77545  256.01160     0.5871     6.9863 -9.990e-29
 149.540767     10.811    14.8901  37.944017    30.5892     10.715  255.77455  256.01068     0.8362     6.9944 -9.990e-29
 149.540770     10.813    14.8897  37.944697    30.5901     10.716  255.77492  256.01102     0.8673     7.0267 -9.990e-29
 149.540773     10.820    14.8897  37.941295    30.5871     10.724  255.78059  256.01671     0.7584     6.9903 -9.990e-29
 149.540775     10.839    14.8874  37.943151    30.5890     10.742  255.78862  256.02460     1.2875     6.9095 -9.990e-29
 149.540778     10.870    14.8866  37.941543    30.5909     10.772  255.78938  256.02530     1.3187     6.9136 0.0000e+00
 149.540781     10.904    14.8859  37.944265    30.5927     10.807  255.79013  256.02600     1.2875     6.9176 0.0000e+00
 149.540784     10.943    14.8849  37.943832    30.5930     10.845  255.79459  256.03041     1.2564     6.9176 0.0000e+00
 149.540787     10.979    14.8847  37.944327    30.5936     10.881  255.79470  256.03051     1.2097     6.9176 0.0000e+00
 149.540790     11.014    14.8847  37.944265    30.5936     10.915  255.79476  256.03057     1.1008     6.6062 0.0000e+00
 149.540793     11.041    14.8847  37.942224    30.5936     10.942  255.79482  256.03063     0.9918     6.2948 -9.990e-29
 149.540796     11.063    14.8845  37.942905    30.5925     10.964  255.79758  256.03339     0.8517     6.2746 -9.990e-29
 149.540799     11.085    14.8850  37.944699    30.5950     10.986  255.79031  256.02613     0.3226     6.8245 -9.990e-29
 149.540802     11.114    14.8852  37.946245    30.5943     11.015  255.79034  256.02616     0.3382     6.8366 0.0000e+00
 149.540804     11.143    14.8855  37.945132    30.5937     11.044  255.79036  256.02620     0.3226     6.8488 0.0000e+00
 149.540807     11.180    14.8857  37.943400    30.5919     11.080  255.79036  256.02620     0.3226     6.8609 0.0000e+00
 149.540810     11.220    14.8860  37.943833    30.5919     11.120  255.79225  256.02812     0.3226     6.8609 0.0000e+00
 149.540813     11.264    14.8860  37.942720    30.5919     11.163  255.79076  256.02662     0.3381     6.0643 0.0000e+00
 149.540816     11.308    14.8857  37.944576    30.5911     11.207  255.79250  256.02840     0.3381     6.0158 0.0000e+00
 149.540819     11.352    14.8854  37.942039    30.5925     11.250  255.79556  256.03139     0.3226     6.0158 0.0000e+00
 149.540822     11.395    14.8851  37.943401    30.5917     11.293  255.79575  256.03160     0.2914     6.0138 0.0000e+00
 149.540825     11.427    14.8849  37.944019    30.5925     11.324  255.79556  256.03139     0.3226     6.0239 -9.990e-29
 149.540828     11.448    14.8847  37.945628    30.5947     11.346  255.79295  256.02874     1.0074     6.3029 -9.990e-29
 149.540830     11.459    14.8844  37.946247    30.5954     11.357  255.79284  256.02862     1.2253     6.3555 -9.990e-29
 149.540833     11.465    14.8838  37.943401    30.5933     11.362  255.79965  256.03542     1.1008     6.3555 -9.990e-29
 149.540836     11.459    14.8834  37.945257    30.5953     11.357  255.79817  256.03389     1.1475     6.3393 -9.990e-29
 149.540839     11.450    14.8833  37.946061    30.5961     11.348  255.79747  256.03318     0.3848     6.9782 -9.990e-29
 149.540842     11.439    14.8832  37.946061    30.5962     11.337  255.79775  256.03346     0.3070     6.9944 -9.990e-29
 149.540845     11.432    14.8834  37.947608    30.5974     11.330  255.79444  256.03015     0.3848     6.9701 -9.990e-29
 149.540848     11.436    14.8833  37.946927    30.5969     11.333  255.79609  256.03180     0.2759     6.9863 -9.990e-29
 149.540851     11.454    14.8822  37.945257    30.5986     11.351  255.79871  256.03434     0.4626     7.1966 -9.990e-29
 149.540854     11.491    14.8819  37.947856    30.5986     11.388  255.80042  256.03603     0.5249     7.2006 0.0000e+00
 149.540856     11.542    14.8815  37.947361    30.5986     11.438  255.80213  256.03772     0.5560     7.2047 0.0000e+00
 149.540859     11.607    14.8811  37.947176    30.5988     11.503  255.80420  256.03977     0.5871     7.2047 0.0000e+00
 149.540862     11.684    14.8811  37.947362    30.5991     11.579  255.80420  256.03977     0.5560     6.1816 0.0000e+00
 149.540865     11.750    14.8809  37.949032    30.5991     11.645  255.80453  256.04009     0.5560     6.1614 0.0000e+00
 149.540868     11.808    14.8808  37.946743    30.5996     11.702  255.80390  256.03945     0.4859     6.1513 0.0000e+00
 149.540871     11.850    14.8805  37.944950    30.5988     11.744  255.80703  256.04257     0.4159     6.1412 -9.990e-29
 149.540874     11.872    14.8791  37.946929    30.6000     11.766  255.81198  256.04744     0.9451     6.0158 -9.990e-29
 149.540877     11.885    14.8791  37.948043    30.6010     11.778  255.81052  256.04597     0.7895     6.0199 -9.990e-29
 149.540880     11.892    14.8793  37.947858    30.6007     11.786  255.80995  256.04541     0.8362     6.0239 -9.990e-29
 149.540883     11.892    14.8794  37.948291    30.6010     11.785  255.80898  256.04444     0.7428     6.0037 -9.990e-29
 149.540885     11.896    14.8791  37.948724    30.6016     11.789  255.80917  256.04461     0.7895     6.0280 -9.990e-29
 149.540888     11.910    14.8792  37.946930    30.5999     11.804  255.81172  256.04718     1.2564     7.6535 -9.990e-29
 149.540891     11.930    14.8796  37.948724    30.6000     11.823  255.80962  256.04511     1.2253     7.6333 -9.990e-29
 149.540894     11.963    14.8799  37.947363    30.5991     11.856  255.80998  256.04549     1.2564     7.6414 0.0000e+00
 149.540897     11.998    14.8801  37.945816    30.5982     11.890  255.80962  256.04511     1.2253     7.6333 0.0000e+00
 149.540900     12.038    14.8805  37.946064    30.5982     11.930  255.80825  256.04380     0.9296     6.6749 0.0000e+00
 149.540903     12.067    14.8806  37.947611    30.5987     11.959  255.80660  256.04215     0.8984     6.6669 0.0000e+00
 149.540906     12.093    14.8808  37.947858    30.5993     11.984  255.80496  256.04051     0.8673     6.6588 -9.990e-29
 149.540909     12.105    14.8813  37.946683    30.5980     11.997  255.80442  256.04001     0.9607     6.6749 -9.990e-29
 149.540911     12.118    14.8812  37.943837    30.5955     12.010  255.80921  256.04482     1.0852     7.7546 -9.990e-29
 149.540914     12.127    14.8811  37.945631    30.5972     12.019  255.80668  256.04226     0.8984     7.7869 -9.990e-29
 149.540917     12.140    14.8811  37.946002    30.5976     12.031  255.80639  256.04197     1.1163     7.7748 -9.990e-29
 149.540920     12.158    14.8814  37.944023    30.5955     12.049  255.80837  256.04398     1.0852     7.7829 -9.990e-29
 149.540923     12.182    14.8814  37.946930    30.5993     12.073  255.80167  256.03725     1.4587     7.1763 -9.990e-29
 149.540926     12.219    14.8811  37.948292    30.5995     12.109  255.80270  256.03826     1.3887     7.1784 0.0000e+00
 149.540929     12.264    14.8808  37.948292    30.5993     12.154  255.80372  256.03927     1.4432     7.1763 0.0000e+00
 149.540932     12.317    14.8807  37.947364    30.5997     12.207  255.80494  256.04047     1.3187     7.1804 0.0000e+00
 149.540935     12.366    14.8805  37.948292    30.6000     12.256  255.80579  256.04134     1.4432     7.1683 0.0000e+00
 149.540938     12.423    14.8800  37.947859    30.6000     12.312  255.80768  256.04319     1.6144     6.0805 0.0000e+00
 149.540940     12.469    14.8797  37.943591    30.5984     12.357  255.81237  256.04787     1.6767     6.0785 0.0000e+00
 149.540943     12.500    14.8793  37.948045    30.5967     12.388  255.81705  256.05255     1.6144     6.0805 -9.990e-29
 149.540946     12.514    14.8787  37.946004    30.5993     12.402  255.81559  256.05103     1.6299     6.0846 -9.990e-29
 149.540949     12.521    14.8787  37.947860    30.6010     12.409  255.81266  256.04809     2.3148     6.1533 -9.990e-29
 149.540952     12.529    14.8787  37.949716    30.6026     12.417  255.80973  256.04515     2.3770     6.1533 -9.990e-29
 149.540955     12.540    14.8783  37.949407    30.6026     12.427  255.81168  256.04707     2.3615     6.1573 -9.990e-29
 149.540958     12.551    14.8780  37.948974    30.6025     12.438  255.81352  256.04890     2.4860     6.1533 -9.990e-29
 149.540961     12.565    14.8781  37.949036    30.6025     12.453  255.81315  256.04853     0.9296     7.3866 -9.990e-29
 149.540964     12.578    14.8781  37.950087    30.6034     12.465  255.81149  256.04687     0.8362     7.3745 -9.990e-29
 149.540966     12.596    14.8774  37.950706    30.6045     12.483  255.81313  256.04846     0.7428     7.3704 -9.990e-29
 149.540969     12.620    14.8768  37.951387    30.6056     12.507  255.81438  256.04967     0.9296     7.3785 -9.990e-29
 149.540972     12.642    14.8751  37.951635    30.6073     12.528  255.82010  256.05528     1.0541     7.3340 -9.990e-29
 149.540975     12.674    14.8749  37.951821    30.6073     12.561  255.82098  256.05615     1.0463     7.3320 0.0000e+00
 149.540978     12.704    14.8747  37.951635    30.6074     12.590  255.82185  256.05702     1.0385     7.3340 0.0000e+00
 149.540981     12.731    14.8746  37.951635    30.6074     12.617  255.82216  256.05732     1.0385     7.3300 0.0000e+00
 149.540984     12.768    14.8741  37.950398    30.6074     12.653  255.82575  256.06083     1.0385     7.3179 0.0000e+00
 149.540987     12.804    14.8733  37.952502    30.6092     12.689  255.82586  256.06092     2.9218     6.4242 0.0000e+00
 149.540990     12.840    14.8731  37.952997    30.6094     12.725  255.82586  256.06092     2.9218     6.4161 0.0000e+00
 149.540992     12.875    14.8726  37.952069    30.6098     12.760  255.82586  256.06092     2.8906     6.4161 0.0000e+00
 149.540995     12.904    14.8725  37.954730    30.6107     12.789  255.82757  256.06259     2.8050     6.4060 0.0000e+00
 149.540998     12.934    14.8724  37.956029    30.6119     12.818  255.82577  256.06077     2.8906     6.4161 -9.990e-29
 149.541001     12.955    14.8722  37.952936    30.6105     12.839  255.82950  256.06450     3.3576     6.2140 -9.990e-29
 149.541004     12.976    14.8726  37.952069    30.6093     12.859  255.82915  256.06418     3.2953     6.2220 -9.990e-29
 149.541007     12.999    14.8710  37.954297    30.6132     12.883  255.83066  256.06558     3.4976     6.8407 -9.990e-29
 149.541010     13.028    14.8694  37.954978    30.6157     12.912  255.83445  256.06926     3.5599     6.8367 0.0000e+00
 149.541013     13.063    14.8678  37.957886    30.6183     12.946  255.83823  256.07294     3.6222     6.8407 0.0000e+00
 149.541016     13.105    14.8652  37.956773    30.6193     12.988  255.84984  256.08441     3.6222     6.8690 0.0000e+00
 149.541019     13.147    14.8639  37.956959    30.6205     13.029  255.85449  256.08898     3.5288     6.8690 0.0000e+00
 149.541021     13.189    14.8637  37.958073    30.6212     13.071  255.85464  256.08911     3.4588     6.7436 0.0000e+00
 149.541024     13.228    14.8634  37.958321    30.6219     13.109  255.85478  256.08923     3.3887     6.6183 -9.990e-29
 149.541027     13.251    14.8640  37.959744    30.6228     13.133  255.84958  256.08405     3.3887     6.5981 -9.990e-29
 149.541030     13.270    14.8638  37.958754    30.6221     13.151  255.85202  256.08649     3.3264     6.6345 -9.990e-29
 149.541033     13.275    14.8633  37.959558    30.6233     13.156  255.85278  256.08721     3.2486     6.5981 -9.990e-29
 149.541036     13.271    14.8627  37.960115    30.6242     13.153  255.85421  256.08860     3.4821     6.7760 -9.990e-29
 149.541039     13.268    14.8624  37.959868    30.6242     13.149  255.85546  256.08984     3.4510     6.8084 -9.990e-29
 149.541042     13.261    14.8624  37.958383    30.6229     13.142  255.85781  256.09219     3.5443     6.8245 -9.990e-29
 149.541045     13.272    14.8627  37.957640    30.6220     13.153  255.85783  256.09224     3.5910     6.8165 -9.990e-29
 149.541047     13.286    14.8615  37.959063    30.6247     13.167  255.85926  256.09358     5.0696     7.1440 -9.990e-29
 149.541050     13.321    14.8615  37.959682    30.6243     13.201  255.86015  256.09447     5.0618     7.1258 0.0000e+00
 149.541053     13.363    14.8615  37.958754    30.6247     13.243  255.85926  256.09358     5.0541     7.1278 0.0000e+00
 149.541056     13.414    14.8615  37.960735    30.6239     13.294  255.86104  256.09537     5.0385     7.1076 0.0000e+00
 149.541059     13.469    14.8616  37.957641    30.6244     13.348  255.85784  256.09219     4.7584     5.9188 0.0000e+00
 149.541062     13.516    14.8617  37.959745    30.6244     13.395  255.85825  256.09258     4.6961     5.8945 0.0000e+00
 149.541065     13.556    14.8618  37.959869    30.6245     13.435  255.85805  256.09239     4.5950     5.8925 0.0000e+00
 149.541068     13.585    14.8617  37.962097    30.6246     13.464  255.85825  256.09258     4.6961     5.8662 -9.990e-29
 149.541071     13.609    14.8607  37.961416    30.6268     13.487  255.85988  256.09414     4.3692     6.2746 -9.990e-29
 149.541073     13.615    14.8604  37.961664    30.6273     13.493  255.86065  256.09489     4.1513     6.2140 -9.990e-29
 149.541076     13.618    14.8601  37.960921    30.6269     13.496  255.86298  256.09721     4.3226     6.2220 -9.990e-29
 149.541079     13.622    14.8598  37.959189    30.6255     13.500  255.86659  256.10082     4.2292     6.2423 -9.990e-29
 149.541082     13.633    14.8598  37.961416    30.6276     13.511  255.86337  256.09757     4.3226     6.2301 -9.990e-29
 149.541085     13.657    14.8591  37.957890    30.6265     13.534  255.86875  256.10293     5.0852     7.6535 -9.990e-29
 149.541088     13.700    14.8589  37.959684    30.6275     13.578  255.86807  256.10222     5.1164     7.6515 0.0000e+00
 149.541091     13.753    14.8586  37.961664    30.6276     13.630  255.86875  256.10293     5.0852     7.6495 0.0000e+00
 149.541094     13.819    14.8586  37.960551    30.6284     13.695  255.86786  256.10200     5.0074     7.6292 0.0000e+00
 149.541097     13.881    14.8586  37.961417    30.6284     13.757  255.86786  256.10200     4.8517     6.1048 0.0000e+00
 149.541100     13.943    14.8587  37.962098    30.6286     13.818  255.86705  256.10119     4.7506     6.1007 0.0000e+00
 149.541102     13.985    14.8588  37.961913    30.6288     13.860  255.86624  256.10039     4.8517     6.0967 -9.990e-29
 149.541105     14.005    14.8587  37.962346    30.6291     13.879  255.86618  256.10032     4.7117     6.0927 -9.990e-29
 149.541108     13.998    14.8587  37.963274    30.6299     13.872  255.86471  256.09884     5.3031     7.1885 -9.990e-29
 149.541111     13.952    14.8587  37.960304    30.6273     13.827  255.86937  256.10352     5.2564     7.2006 -9.990e-29
 149.541114     13.914    14.8584  37.963521    30.6304     13.789  255.86542  256.09953     5.2875     7.1966 -9.990e-29
 149.541117     13.872    14.8585  37.962779    30.6297     13.747  255.86628  256.10040     5.3809     7.1602 -9.990e-29
 149.541120     13.828    14.8589  37.963459    30.6300     13.704  255.86344  256.09758     4.0424     5.8905 -9.990e-29
