seaocn-cb/data/ctd_cnv/SBE19plus_01907321_2024_05_29_Cast103.cnv
* Sea-Bird SBE19plus  Data File:
* FileName = E:\Prandtl_Daten\2024\29052024\raw\SBE19plus_01907321_2024_05_29_Cast103.hex
* Software version 2.6.1.12
* Temperature SN = 7321
* Conductivity SN = 7321
* System UpLoad Time = May 29 2024 08:35:28
* <ApplicationData>
* <Seaterm232>
** 20240527
** Sea Practical 2024
** MCat 27.05 CTD_SP1
** NMEA Latitude = 54 07.90N
** NMEA Longitude = 008 46.41E
** waterdepth = 13.0m
** Isabelle
# nquan = 11
# nvalues = 492                         
# units = specified
# name 0 = timeJ: Julian Days
# name 1 = prdM: Pressure, Strain Gauge [db]
# name 2 = tv290C: Temperature [ITS-90, deg C]
# name 3 = c0mS/cm: Conductivity [mS/cm]
# name 4 = sal00: Salinity, Practical [PSU]
# name 5 = depSM: Depth [salt water, m], lat = 54.00
# name 6 = oxsatMm/Kg: Oxygen Saturation, Weiss [umol/kg]
# name 7 = oxsolMm/Kg: Oxygen Saturation, Garcia & Gordon [umol/kg]
# name 8 = turbWETntu0: Turbidity, WET Labs ECO [NTU]
# name 9 = flECO-AFL: Fluorescence, WET Labs ECO-AFL/FL [mg/m^3]
# name 10 = flag:  0.000e+00
# span 0 = 150.354219, 150.355639       
# span 1 =      0.374,     11.645       
# span 2 =    18.2213,    18.2649       
# span 3 =  35.958049,  36.036939       
# span 4 =    26.5190,    26.5582       
# span 5 =      0.371,     11.540       
# span 6 =  246.03033,  246.29564       
# span 7 =  246.44183,  246.70577       
# span 8 =     4.7428,    32.1047       
# span 9 =     3.3308,     5.0373       
# span 10 = 0.0000e+00, 0.0000e+00      
# interval = seconds: 0.25
# start_time = May 29 2024 08:28:48 [Instrument's time stamp, header]
# bad_flag = -9.990e-29
*END*
[from data line 394]
 150.355359     10.480    18.2576  36.028183    26.5525     10.386  246.07096  246.48222    26.4393     4.5237 0.0000e+00
 150.355362     10.505    18.2579  36.027941    26.5525     10.411  246.07004  246.48132    26.4548     4.5358 0.0000e+00
 150.355365     10.533    18.2581  36.029940    26.5528     10.439  246.06807  246.47935    27.5288     4.5379 0.0000e+00
 150.355367     10.562    18.2583  36.028426    26.5535     10.468  246.06610  246.47738    28.6183     4.5399 -9.990e-29
 150.355370     10.584    18.2590  36.027274    26.5509     10.489  246.06722  246.47854    28.5871     4.5803 -9.990e-29
 150.355373     10.608    18.2590  36.029516    26.5526     10.513  246.06388  246.47520    28.5249     4.5601 -9.990e-29
 150.355376     10.628    18.2588  36.029274    26.5526     10.532  246.06516  246.47647    26.4082     4.5156 -9.990e-29
 150.355379     10.648    18.2590  36.029940    26.5530     10.552  246.06333  246.47464    26.5482     4.5075 -9.990e-29
 150.355382     10.671    18.2590  36.029274    26.5539     10.576  246.06219  246.47349    26.4082     4.5156 -9.990e-29
 150.355385     10.697    18.2592  36.031031    26.5542     10.601  246.06080  246.47211    29.2020     4.5641 0.0000e+00
 150.355388     10.726    18.2594  36.031940    26.5539     10.630  246.06219  246.47349    31.9957     4.6127 0.0000e+00
 150.355391     10.757    18.2595  36.028608    26.5530     10.661  246.06120  246.47253    32.0191     4.6349 0.0000e+00
 150.355394     10.792    18.2597  36.029577    26.5515     10.695  246.06299  246.47433    32.0424     4.6572 -9.990e-29
 150.355396     10.816    18.2591  36.030850    26.5543     10.719  246.06073  246.47204    27.0307     4.4469 -9.990e-29
 150.355399     10.845    18.2591  36.031698    26.5543     10.748  246.06073  246.47204    27.0307     4.4469 0.0000e+00
 150.355402     10.878    18.2591  36.032789    26.5543     10.781  246.06073  246.47204    27.0307     4.4469 -9.990e-29
 150.355405     10.902    18.2598  36.030850    26.5531     10.804  246.05940  246.47074    26.8906     4.4307 -9.990e-29
 150.355408     10.924    18.2603  36.031941    26.5537     10.826  246.05636  246.46772    26.9685     4.4186 -9.990e-29
 150.355411     10.944    18.2603  36.031698    26.5535     10.846  246.05639  246.46774    26.9685     4.4226 -9.990e-29
 150.355414     10.962    18.2603  36.032789    26.5544     10.864  246.05523  246.46658    29.4899     4.4267 -9.990e-29
 150.355417     10.978    18.2605  36.031093    26.5529     10.880  246.05660  246.46796    29.5054     4.4671 -9.990e-29
 150.355420     11.002    18.2612  36.030184    26.5536     10.904  246.05214  246.46353    29.5833     4.4307 -9.990e-29
 150.355422     11.030    18.2613  36.032547    26.5539     10.931  246.05122  246.46261    28.8985     4.5237 0.0000e+00
 150.355425     11.063    18.2612  36.033456    26.5536     10.964  246.05214  246.46353    28.3226     4.6167 0.0000e+00
 150.355428     11.090    18.2614  36.032365    26.5534     10.991  246.05238  246.46378    28.2292     4.6329 0.0000e+00
 150.355431     11.125    18.2614  36.031941    26.5534     11.025  246.05238  246.46378    28.2292     4.6329 0.0000e+00
 150.355434     11.152    18.2614  36.034547    26.5544     11.053  246.05003  246.46142    28.2292     4.6329 0.0000e+00
 150.355437     11.182    18.2615  36.033698    26.5544     11.082  246.04925  246.46065    31.1708     5.0332 0.0000e+00
 150.355440     11.209    18.2615  36.033820    26.5544     11.109  246.05003  246.46142    31.2331     5.0373 0.0000e+00
 150.355443     11.235    18.2615  36.033032    26.5541     11.134  246.04979  246.46119    31.2642     5.0352 0.0000e+00
 150.355446     11.262    18.2615  36.033880    26.5537     11.161  246.05033  246.46173    31.2953     5.0373 -9.990e-29
 150.355448     11.286    18.2615  36.034971    26.5553     11.185  246.04773  246.45912    29.5210     4.7906 -9.990e-29
 150.355451     11.309    18.2619  36.035214    26.5552     11.208  246.04616  246.45757    29.5677     4.7987 -9.990e-29
 150.355454     11.329    18.2619  36.034971    26.5550     11.228  246.04650  246.45790    29.4587     4.7946 -9.990e-29
 150.355457     11.353    18.2618  36.034971    26.5551     11.251  246.04682  246.45822    29.5988     4.8108 -9.990e-29
 150.355460     11.377    18.2619  36.034547    26.5549     11.275  246.04670  246.45810    30.2681     4.7461 -9.990e-29
 150.355463     11.404    18.2619  36.034850    26.5548     11.302  246.04691  246.45832    30.2992     4.7522 0.0000e+00
 150.355466     11.432    18.2619  36.034548    26.5547     11.329  246.04712  246.45853    30.2992     4.7461 0.0000e+00
 150.355469     11.461    18.2619  36.034305    26.5545     11.358  246.04714  246.45855    30.3148     4.7461 0.0000e+00
 150.355472     11.490    18.2620  36.036305    26.5544     11.387  246.04715  246.45856    30.2992     4.7340 -9.990e-29
 150.355475     11.514    18.2622  36.034790    26.5553     11.411  246.04444  246.45586    29.9568     4.7299 -9.990e-29
 150.355477     11.541    18.2622  36.035638    26.5553     11.438  246.04444  246.45586    29.9568     4.7299 0.0000e+00
 150.355480     11.570    18.2622  36.036729    26.5553     11.466  246.04444  246.45586    29.9568     4.7299 -9.990e-29
 150.355483     11.594    18.2622  36.034306    26.5542     11.490  246.04627  246.45769    29.8945     4.7502 -9.990e-29
 150.355486     11.621    18.2621  36.035457    26.5552     11.517  246.04504  246.45645    29.4899     4.6005 -9.990e-29
 150.355489     11.634    18.2620  36.034791    26.5547     11.530  246.04658  246.45798    29.5988     4.6248 -9.990e-29
 150.355492     11.634    18.2621  36.033033    26.5533     11.530  246.04864  246.46006    29.5366     4.6248 -9.990e-29
 150.355495     11.631    18.2625  36.035881    26.5553     11.527  246.04322  246.45464    29.6144     4.6410 -9.990e-29
 150.355498     11.634    18.2629  36.036548    26.5556     11.530  246.04075  246.45219    28.7428     4.6046 -9.990e-29
 150.355501     11.632    18.2633  36.035639    26.5546     11.528  246.04041  246.45187    28.7895     4.6450 -9.990e-29
 150.355503     11.631    18.2635  36.034548    26.5536     11.527  246.04126  246.45273    28.8829     4.6127 -9.990e-29
 150.355506     11.629    18.2633  36.033882    26.5532     11.525  246.04310  246.45456    28.7895     4.6410 -9.990e-29
 150.355509     11.631    18.2633  36.034185    26.5534     11.527  246.04269  246.45415    28.7428     4.6208 -9.990e-29
 150.355512     11.627    18.2627  36.034124    26.5537     11.523  246.04465  246.45609    25.9412     4.6612 -9.990e-29
 150.355515     11.625    18.2623  36.031700    26.5520     11.521  246.04950  246.46093    25.8478     4.6167 -9.990e-29
 150.355518     11.623    18.2621  36.032367    26.5527     11.519  246.04953  246.46096    25.8790     4.6410 -9.990e-29
 150.355521     11.629    18.2618  36.033215    26.5536     11.525  246.04933  246.46074    25.9879     4.6450 -9.990e-29
 150.355524     11.632    18.2618  36.032549    26.5530     11.528  246.05023  246.46164    25.0229     4.7704 -9.990e-29
 150.355527     11.631    18.2617  36.030852    26.5517     11.527  246.05284  246.46426    24.9296     4.7380 -9.990e-29
 150.355530     11.634    18.2615  36.030186    26.5513     11.530  246.05437  246.46578    24.8829     4.7663 -9.990e-29
 150.355532     11.634    18.2614  36.031701    26.5526     11.530  246.05295  246.46435    24.9607     4.7582 -9.990e-29
 150.355535     11.636    18.2609  36.026854    26.5489     11.532  246.06107  246.47247    29.4899     4.5520 -9.990e-29
 150.355538     11.634    18.2603  36.028187    26.5504     11.530  246.06147  246.47284    29.4899     4.5561 -9.990e-29
 150.355541     11.631    18.2599  36.030186    26.5523     11.527  246.06033  246.47167    29.5210     4.5682 -9.990e-29
 150.355544     11.634    18.2596  36.028611    26.5513     11.530  246.06371  246.47505    29.5988     4.5480 -9.990e-29
 150.355547     11.631    18.2594  36.028853    26.5516     11.527  246.06401  246.47534    31.9957     4.7421 -9.990e-29
 150.355550     11.631    18.2595  36.030853    26.5531     11.527  246.06099  246.47232    32.0268     4.7785 -9.990e-29
 150.355553     11.629    18.2597  36.030610    26.5528     11.525  246.06069  246.47203    32.1047     4.7704 -9.990e-29
 150.355556     11.631    18.2597  36.028550    26.5511     11.527  246.06317  246.47451    32.0580     4.7663 -9.990e-29
 150.355558     11.626    18.2593  36.028429    26.5513     11.522  246.06490  246.47623    31.9334     4.7623 -9.990e-29
 150.355561     11.628    18.2592  36.031277    26.5537     11.524  246.06136  246.47267    28.7895     4.6855 -9.990e-29
 150.355564     11.621    18.2595  36.030368    26.5527     11.516  246.06164  246.47297    28.7428     4.6814 -9.990e-29
 150.355567     11.626    18.2597  36.029944    26.5523     11.522  246.06159  246.47293    28.7584     4.6855 -9.990e-29
 150.355570     11.630    18.2596  36.029701    26.5521     11.526  246.06224  246.47357    28.8362     4.6936 -9.990e-29
 150.355573     11.635    18.2595  36.028611    26.5513     11.531  246.06403  246.47536    28.1513     4.3984 -9.990e-29
 150.355576     11.639    18.2589  36.026188    26.5497     11.535  246.06950  246.48083    28.1513     4.3903 -9.990e-29
 150.355579     11.639    18.2584  36.027945    26.5515     11.535  246.06901  246.48030    28.1669     4.3781 -9.990e-29
 150.355582     11.639    18.2579  36.026006    26.5502     11.535  246.07320  246.48448    28.1358     4.3701 -9.990e-29
 150.355584     11.638    18.2577  36.027763    26.5518     11.533  246.07176  246.48303    25.7233     4.3822 -9.990e-29
 150.355587     11.636    18.2572  36.025582    26.5503     11.532  246.07659  246.48785    25.6766     4.3660 -9.990e-29
 150.355590     11.636    18.2574  36.026430    26.5509     11.532  246.07450  246.48577    25.6611     4.3741 -9.990e-29
 150.355593     11.636    18.2576  36.027097    26.5513     11.531  246.07298  246.48424    25.6922     4.4307 -9.990e-29
 150.355596     11.635    18.2578  36.026854    26.5510     11.531  246.07268  246.48395    28.1358     4.6127 -9.990e-29
 150.355599     11.643    18.2578  36.026854    26.5510     11.538  246.07268  246.48396    28.1980     4.6005 -9.990e-29
 150.355602     11.641    18.2579  36.026067    26.5502     11.537  246.07312  246.48440    28.2292     4.6410 -9.990e-29
 150.355605     11.637    18.2577  36.025582    26.5500     11.533  246.07471  246.48599    28.1825     4.6329 -9.990e-29
 150.355608     11.637    18.2578  36.024915    26.5494     11.533  246.07530  246.48658    28.0580     4.6572 -9.990e-29
 150.355611     11.635    18.2576  36.027521    26.5516     11.531  246.07240  246.48367    26.7350     4.4348 -9.990e-29
 150.355613     11.639    18.2578  36.027763    26.5517     11.535  246.07114  246.48241    26.5638     4.4428 -9.990e-29
 150.355616     11.636    18.2578  36.023583    26.5483     11.531  246.07679  246.48808    26.6572     4.4590 -9.990e-29
 150.355619     11.639    18.2578  36.025097    26.5495     11.535  246.07505  246.48634    26.7973     4.4550 -9.990e-29
 150.355622     11.637    18.2574  36.023583    26.5485     11.533  246.07836  246.48963    26.7350     4.7542 -9.990e-29
 150.355625     11.641    18.2568  36.024673    26.5498     11.537  246.07908  246.49033    26.6105     4.7421 -9.990e-29
 150.355628     11.643    18.2566  36.024976    26.5502     11.539  246.07930  246.49054    26.6261     4.7502 -9.990e-29
 150.355631     11.639    18.2563  36.024492    26.5500     11.535  246.08121  246.49243    26.6727     4.7785 -9.990e-29
 150.355634     11.639    18.2560  36.023825    26.5497     11.535  246.08336  246.49458    28.9607     4.3781 -9.990e-29
 150.355637     11.641    18.2560  36.024673    26.5504     11.537  246.08221  246.49343    28.9607     4.3701 -9.990e-29
 150.355639     11.645    18.2560  36.023341    26.5493     11.540  246.08402  246.49524    28.8206     4.3903 -9.990e-29
