seaocn-cb/data/ctd_cnv/SBE19plus_01907321_2024_05_28_Cast88.cnv
* Sea-Bird SBE19plus  Data File:
* FileName = E:\Prandtl_Daten\2024\28052024\raw\SBE19plus_01907321_2024_05_28_Cast88.hex
* Software version 2.6.1.12
* Temperature SN = 7321
* Conductivity SN = 7321
* System UpLoad Time = May 28 2024 09:56:03
* <ApplicationData>
* <Seaterm232>
** 20240527
** Sea Practical 2024
** MCat 27.05 CTD_SP2
** NMEA Latitude = 54 06.08N
** NMEA Longitude = 008 34.61E
** waterdepth = 13.7m
** Isabelle
# nquan = 11
# nvalues = 428                         
# units = specified
# name 0 = timeJ: Julian Days
# name 1 = prdM: Pressure, Strain Gauge [db]
# name 2 = tv290C: Temperature [ITS-90, deg C]
# name 3 = c0mS/cm: Conductivity [mS/cm]
# name 4 = sal00: Salinity, Practical [PSU]
# name 5 = depSM: Depth [salt water, m], lat = 54.00
# name 6 = oxsatMm/Kg: Oxygen Saturation, Weiss [umol/kg]
# name 7 = oxsolMm/Kg: Oxygen Saturation, Garcia & Gordon [umol/kg]
# name 8 = turbWETntu0: Turbidity, WET Labs ECO [NTU]
# name 9 = flECO-AFL: Fluorescence, WET Labs ECO-AFL/FL [mg/m^3]
# name 10 = flag:  0.000e+00
# span 0 = 149.410483, 149.411719       
# span 1 =      1.259,     12.961       
# span 2 =    17.0754,    17.7232       
# span 3 =  36.202089,  36.384865       
# span 4 =    27.1655,    27.5732       
# span 5 =      1.248,     12.844       
# span 6 =  247.54940,  250.03064       
# span 7 =  247.93718,  250.39038       
# span 8 =    -1.5763,    30.8751       
# span 9 =     4.1679,     7.8597       
# span 10 = 0.0000e+00, 0.0000e+00      
# interval = seconds: 0.25
# start_time = May 28 2024 09:49:47 [Instrument's time stamp, header]
# bad_flag = -9.990e-29
*END*
[from data line 263]
 149.411244      8.964    17.2838  36.263975    27.3932      8.883  249.32159  249.69092    -0.0510     5.2273 0.0000e+00
 149.411247      9.004    17.2838  36.266891    27.3932      8.923  249.32159  249.69092    -0.0821     5.2273 0.0000e+00
 149.411250      9.035    17.2840  36.267924    27.3935      8.954  249.32010  249.68943    -0.0977     5.2354 0.0000e+00
 149.411253      9.066    17.2842  36.268592    27.3938      8.984  249.31861  249.68794    -0.0821     5.2516 -9.990e-29
 149.411256      9.091    17.2830  36.267499    27.3943      9.010  249.32386  249.69314    -0.6891     5.1667 -9.990e-29
 149.411259      9.115    17.2825  36.270597    27.3972      9.033  249.32134  249.69059    -0.6424     5.1990 -9.990e-29
 149.411262      9.128    17.2828  36.267499    27.3944      9.046  249.32450  249.69377    -0.5179     5.1505 -9.990e-29
 149.411264      9.141    17.2833  36.269382    27.3956      9.059  249.31999  249.68928    -0.5335     5.1424 -9.990e-29
 149.411267      9.159    17.2835  36.269504    27.3955      9.077  249.31890  249.68820     0.0268     5.4497 -9.990e-29
 149.411270      9.183    17.2817  36.271934    27.4032      9.101  249.31480  249.68398    -0.1132     5.4295 -9.990e-29
 149.411273      9.214    17.2805  36.277220    27.4039      9.132  249.31961  249.68873    -0.0432     5.4295 0.0000e+00
 149.411276      9.247    17.2792  36.276977    27.4047      9.164  249.32441  249.69348    -0.1132     5.4295 0.0000e+00
 149.411279      9.278    17.2764  36.276613    27.4058      9.195  249.33542  249.70437     0.0268     5.4538 0.0000e+00
 149.411282      9.319    17.2746  36.274548    27.4063      9.235  249.34382  249.71262     0.2603     5.6155 0.0000e+00
 149.411285      9.359    17.2732  36.278983    27.4090      9.275  249.34515  249.71402     0.3537     5.6276 0.0000e+00
 149.411288      9.403    17.2714  36.275885    27.4100      9.318  249.35501  249.72374     0.3537     5.6519 0.0000e+00
 149.411291      9.454    17.2702  36.276128    27.4100      9.369  249.35932  249.72799     0.3537     5.6519 0.0000e+00
 149.411293      9.495    17.2695  36.276615    27.4107      9.410  249.36145  249.73010     0.2291     5.3709 0.0000e+00
 149.411296      9.525    17.2688  36.280078    27.4113      9.439  249.36359  249.73220     0.0735     5.0898 -9.990e-29
 149.411299      9.536    17.2676  36.271694    27.4080      9.451  249.37520  249.74378     0.1513     5.1141 -9.990e-29
 149.411302      9.545    17.2701  36.276554    27.4104      9.459  249.35907  249.72774     0.0268     5.0898 -9.990e-29
 149.411305      9.552    17.2716  36.278559    27.4111      9.467  249.35069  249.71941    -0.4245     6.1371 -9.990e-29
 149.411308      9.571    17.2708  36.279652    27.4125      9.485  249.35193  249.72061    -0.3467     6.1735 -9.990e-29
 149.411311      9.585    17.2675  36.281232    27.4144      9.500  249.36488  249.73342    -0.3778     6.1533 -9.990e-29
 149.411314      9.611    17.2668  36.279228    27.4168      9.525  249.36424  249.73273     0.6884     6.0239 0.0000e+00
 149.411317      9.642    17.2661  36.283845    27.4192      9.556  249.36488  249.73342     1.5677     5.9228 0.0000e+00
 149.411319      9.675    17.2640  36.284332    27.4210      9.588  249.37063  249.73899     1.5677     5.8945 0.0000e+00
 149.411322      9.715    17.2609  36.284515    27.4233      9.628  249.38211  249.75032     1.5677     5.8783 0.0000e+00
 149.411325      9.762    17.2577  36.286702    27.4272      9.675  249.39074  249.75881     1.5677     5.8783 0.0000e+00
 149.411328      9.802    17.2553  36.284758    27.4272      9.714  249.40245  249.77042     1.5677     5.8783 0.0000e+00
 149.411331      9.848    17.2546  36.283847    27.4273      9.760  249.40542  249.77337     0.9685     5.5023 0.0000e+00
 149.411334      9.881    17.2540  36.283848    27.4273      9.792  249.40839  249.77631     0.3692     5.1060 -9.990e-29
 149.411337      9.905    17.2540  36.282572    27.4262      9.816  249.41023  249.77815     0.3226     5.1100 -9.990e-29
 149.411340      9.921    17.2550  36.282329    27.4253      9.832  249.40688  249.77485     0.4938     5.1060 -9.990e-29
 149.411343      9.937    17.2563  36.282086    27.4243      9.848  249.40261  249.77064    -0.8136     5.6883 -9.990e-29
 149.411345      9.950    17.2580  36.285852    27.4262      9.861  249.39081  249.75890    -0.9226     5.6721 -9.990e-29
 149.411348      9.963    17.2578  36.284759    27.4255      9.874  249.39329  249.76137    -0.9070     5.7004 -9.990e-29
 149.411351      9.981    17.2543  36.287615    27.4334      9.891  249.39687  249.76477    -0.9070     5.8622 -9.990e-29
 149.411354     10.006    17.2525  36.291382    27.4361      9.917  249.40128  249.76908    -0.8603     5.8824 0.0000e+00
 149.411357     10.039    17.2506  36.294968    27.4389      9.950  249.40568  249.77339    -0.9070     5.8986 0.0000e+00
 149.411360     10.081    17.2451  36.298250    27.4454      9.991  249.42138  249.78883    -0.9070     5.8986 0.0000e+00
 149.411363     10.132    17.2389  36.301350    27.4521     10.041  249.43981  249.80697    -0.9070     5.8783 0.0000e+00
 149.411366     10.183    17.2337  36.302445    27.4549     10.092  249.45769  249.82461     0.0113     5.3324 0.0000e+00
 149.411369     10.225    17.2321  36.298009    27.4558     10.134  249.46655  249.83341     0.0813     5.3182 0.0000e+00
 149.411372     10.266    17.2306  36.294728    27.4549     10.174  249.47540  249.84220     0.0113     5.3324 -9.990e-29
 149.411374     10.287    17.2316  36.296247    27.4527     10.195  249.47423  249.84109     0.1047     5.3163 -9.990e-29
 149.411377     10.298    17.2337  36.291629    27.4475     10.206  249.47309  249.84006     0.2292     5.3082 -9.990e-29
 149.411380     10.313    17.2367  36.295153    27.4484     10.221  249.45701  249.82410     0.8829     5.2677 -9.990e-29
 149.411383     10.328    17.2383  36.296733    27.4486     10.235  249.44892  249.81607     0.7739     5.2354 -9.990e-29
 149.411386     10.346    17.2373  36.295821    27.4485     10.253  249.45361  249.82073     0.9607     5.2516 -9.990e-29
 149.411389     10.369    17.2314  36.301351    27.4598     10.277  249.46358  249.83039    -0.1755     5.6276 -9.990e-29
 149.411392     10.399    17.2290  36.304451    27.4618     10.306  249.47159  249.83829    -0.1443     5.6276 0.0000e+00
 149.411395     10.434    17.2266  36.305546    27.4639     10.340  249.47960  249.84619    -0.1755     5.6276 0.0000e+00
 149.411398     10.470    17.2236  36.307977    27.4680     10.376  249.48756  249.85401    -0.2378     5.6479 0.0000e+00
 149.411400     10.512    17.2217  36.306823    27.4683     10.418  249.49631  249.86267    -0.2378     5.6479 0.0000e+00
 149.411403     10.558    17.2201  36.308221    27.4705     10.463  249.50020  249.86648     0.8050     5.3769 0.0000e+00
 149.411406     10.602    17.2183  36.307127    27.4708     10.507  249.50824  249.87445     0.8673     5.3769 0.0000e+00
 149.411409     10.635    17.2174  36.307128    27.4715     10.540  249.51179  249.87795     0.9295     5.3810 0.0000e+00
 149.411412     10.664    17.2164  36.304879    27.4721     10.568  249.51534  249.88146     0.8673     5.3850 -9.990e-29
 149.411415     10.681    17.2163  36.300261    27.4664     10.585  249.52572  249.89187    -0.3778     5.3971 -9.990e-29
 149.411418     10.693    17.2196  36.301111    27.4648     10.597  249.51220  249.87850    -0.3311     5.3891 -9.990e-29
 149.411421     10.704    17.2216  36.305547    27.4672     10.608  249.49852  249.86489    -0.3934     5.3810 -9.990e-29
 149.411424     10.722    17.2201  36.304879    27.4677     10.626  249.50502  249.87133    -0.3623     5.3850 -9.990e-29
 149.411427     10.746    17.2128  36.309802    27.4804     10.650  249.51895  249.88488     2.3615     5.1222 -9.990e-29
 149.411429     10.772    17.2089  36.314179    27.4839     10.675  249.53204  249.89780     2.3459     5.1242 0.0000e+00
 149.411432     10.803    17.2050  36.316125    27.4873     10.706  249.54514  249.91071     2.3615     5.1222 0.0000e+00
 149.411435     10.847    17.1973  36.318192    27.4943     10.750  249.57085  249.93607     2.3303     5.1141 0.0000e+00
 149.411438     10.882    17.1897  36.318193    27.4979     10.784  249.59887  249.96375     2.3148     5.1141 0.0000e+00
 149.411441     10.931    17.1862  36.313514    27.4988     10.833  249.61878  249.98352     1.0852     5.2880 0.0000e+00
 149.411444     10.973    17.1859  36.314183    27.4984     10.875  249.61940  249.98412     1.0540     5.2920 0.0000e+00
 149.411447     11.013    17.1856  36.315459    27.4988     10.914  249.62001  249.98472     1.0229     5.2961 -9.990e-29
 149.411450     11.035    17.1826  36.314669    27.5012     10.936  249.63042  249.99500     0.9607     5.3001 -9.990e-29
 149.411453     11.055    17.1834  36.313515    27.4997     10.956  249.62900  249.99362     2.8128     5.2354 -9.990e-29
 149.411455     11.067    17.1848  36.314426    27.4995     10.968  249.62248  249.98716     2.9218     5.2475 -9.990e-29
 149.411458     11.082    17.1867  36.313332    27.4973     10.983  249.61727  249.98204     2.9062     5.2192 -9.990e-29
 149.411461     11.104    17.1837  36.314426    27.5027     11.005  249.62276  249.98737     3.5288     5.7045 -9.990e-29
 149.411464     11.133    17.1817  36.317283    27.5049     11.034  249.62889  249.99340     3.6144     5.7085 0.0000e+00
 149.411467     11.170    17.1796  36.319289    27.5071     11.070  249.63501  249.99943     3.5288     5.7125 0.0000e+00
 149.411470     11.203    17.1722  36.317771    27.5108     11.103  249.66457  250.02866     3.5443     5.7125 0.0000e+00
 149.411473     11.236    17.1658  36.318623    27.5159     11.135  249.68737  250.05117     3.5132     5.6842 0.0000e+00
 149.411476     11.270    17.1621  36.317408    27.5159     11.170  249.70296  250.06660     3.5443     5.6802 0.0000e+00
 149.411479     11.305    17.1621  36.314430    27.5168     11.204  249.70296  250.06660     5.2875     5.6438 0.0000e+00
 149.411481     11.334    17.1617  36.316861    27.5162     11.233  249.70703  250.07066     5.3031     5.6357 0.0000e+00
 149.411484     11.360    17.1623  36.317529    27.5168     11.258  249.70285  250.06650     5.3187     5.6438 -9.990e-29
 149.411487     11.380    17.1655  36.317286    27.5149     11.278  249.69027  250.05407     5.2875     5.6034 -9.990e-29
 149.411490     11.402    17.1624  36.316739    27.5156     11.300  249.70449  250.06815     7.3264     5.7045 -9.990e-29
 149.411493     11.427    17.1603  36.315524    27.5187     11.325  249.70949  250.07305     7.2953     5.7085 0.0000e+00
 149.411496     11.464    17.1582  36.319536    27.5218     11.361  249.71449  250.07794     7.3264     5.7125 0.0000e+00
 149.411499     11.504    17.1523  36.319780    27.5260     11.401  249.73600  250.09919     7.3731     5.7125 0.0000e+00
 149.411502     11.541    17.1426  36.319538    27.5324     11.437  249.77235  250.13511     8.4159     5.7045 0.0000e+00
 149.411505     11.574    17.1384  36.316318    27.5339     11.470  249.79019  250.15276     8.4393     5.6863 0.0000e+00
 149.411508     11.599    17.1342  36.317960    27.5353     11.495  249.80802  250.17041     8.4159     5.7045 -9.990e-29
 149.411510     11.621    17.1313  36.318203    27.5389     11.517  249.81612  250.17837     8.4315     5.6964 -9.990e-29
 149.411513     11.641    17.1366  36.316014    27.5334     11.537  249.79957  250.16207    12.4159     7.5645 -9.990e-29
 149.411516     11.665    17.1420  36.314859    27.5307     11.560  249.77796  250.14070    12.4626     7.5484 -9.990e-29
 149.411519     11.692    17.1393  36.317168    27.5328     11.588  249.78753  250.15015    12.4549     7.5726 0.0000e+00
 149.411522     11.724    17.1366  36.317777    27.5349     11.619  249.79710  250.15959    12.4626     7.5605 0.0000e+00
 149.411525     11.758    17.1238  36.320210    27.5456     11.653  249.84131  250.20322    12.5560     7.5605 0.0000e+00
 149.411528     11.793    17.1119  36.318631    27.5524     11.687  249.88785  250.24923    13.2564     5.9066 0.0000e+00
 149.411531     11.833    17.1043  36.318207    27.5572     11.727  249.91676  250.27780    13.3654     5.9026 0.0000e+00
 149.411534     11.868    17.1020  36.317782    27.5581     11.761  249.92654  250.28747    13.3654     5.9026 0.0000e+00
 149.411536     11.908    17.1018  36.317417    27.5583     11.801  249.92688  250.28780    13.4821     5.8865 0.0000e+00
 149.411539     11.933    17.1020  36.317539    27.5581     11.826  249.92654  250.28747    13.5988     5.8703 -9.990e-29
 149.411542     11.955    17.1050  36.316019    27.5549     11.848  249.91749  250.27856    11.7934     5.6398 -9.990e-29
 149.411545     11.972    17.1062  36.317113    27.5550     11.865  249.91132  250.27245    11.7934     5.6357 -9.990e-29
 149.411548     11.989    17.1088  36.317113    27.5532     11.881  249.90180  250.26304    11.7934     5.6479 -9.990e-29
 149.411551     12.005    17.1131  36.317416    27.5505     11.897  249.88539  250.24683    11.8556     6.6062 -9.990e-29
 149.411554     12.025    17.1166  36.315775    27.5467     11.917  249.87452  250.23613    11.7311     6.6062 -9.990e-29
 149.411557     12.051    17.1175  36.315349    27.5458     11.943  249.87207  250.23371    11.7934     6.6305 -9.990e-29
 149.411560     12.074    17.1032  36.316444    27.5564     11.966  249.92342  250.28441    13.1475     6.0320 -9.990e-29
 149.411563     12.109    17.0994  36.316445    27.5590     12.001  249.93748  250.29830    13.1864     6.0300 0.0000e+00
 149.411565     12.143    17.0956  36.316568    27.5617     12.035  249.95154  250.31219    13.1475     6.0320 0.0000e+00
 149.411568     12.189    17.0898  36.316204    27.5653     12.080  249.97391  250.33429    13.1475     6.0280 0.0000e+00
 149.411571     12.228    17.0856  36.315354    27.5674     12.118  249.99051  250.35071    13.1319     6.0401 0.0000e+00
 149.411574     12.264    17.0832  36.316023    27.5694     12.154  249.99879  250.35888    13.1319     6.0158 0.0000e+00
 149.411577     12.300    17.0816  36.314443    27.5694     12.190  250.00690  250.36693    12.9140     5.9107 0.0000e+00
 149.411580     12.333    17.0815  36.313592    27.5692     12.223  250.00813  250.36816    12.9062     5.9067 0.0000e+00
 149.411583     12.359    17.0813  36.316205    27.5689     12.248  250.00937  250.36938    12.9140     5.9107 -9.990e-29
 149.411586     12.383    17.0819  36.315537    27.5701     12.272  250.00416  250.36419    12.9296     5.8905 -9.990e-29
 149.411589     12.404    17.0835  36.312923    27.5668     12.293  250.00206  250.36218    16.6183     6.3393 -9.990e-29
 149.411591     12.426    17.0851  36.316631    27.5688     12.315  249.99063  250.35080    16.5871     6.3272 -9.990e-29
 149.411594     12.450    17.0879  36.314443    27.5658     12.338  249.98234  250.34264    16.5560     6.3474 -9.990e-29
 149.411597     12.477    17.0880  36.315354    27.5660     12.365  249.98141  250.34171    15.4821     6.1493 0.0000e+00
 149.411600     12.506    17.0879  36.316023    27.5662     12.394  249.98234  250.34264    14.4082     5.9511 0.0000e+00
 149.411603     12.545    17.0856  36.316449    27.5682     12.432  249.98911  250.34931    14.4082     5.9511 0.0000e+00
 149.411606     12.580    17.0844  36.314687    27.5684     12.467  249.99514  250.35528    14.3770     5.9491 0.0000e+00
 149.411609     12.609    17.0831  36.313593    27.5685     12.496  250.00117  250.36126    14.4237     5.9633 -9.990e-29
 149.411612     12.631    17.0813  36.313775    27.5689     12.518  250.00926  250.36927    14.9529     5.9633 -9.990e-29
 149.411615     12.647    17.0809  36.315538    27.5707     12.534  250.00798  250.36797    14.8906     5.9592 -9.990e-29
 149.411617     12.669    17.0832  36.315356    27.5672     12.556  250.00252  250.36263    14.8906     5.9552 -9.990e-29
