seaocn-cb/data/ctd_cnv/SBE19plus_01907321_2024_05_22_Cast08.cnv
* Sea-Bird SBE19plus  Data File:
* FileName = E:\Prandtl_Daten\2024\CTD\raw\SBE19plus_01907321_2024_05_21_Cast08.hex
* Software version 2.6.1.12
* Temperature SN = 7321
* Conductivity SN = 7321
* System UpLoad Time = May 22 2024 09:01:01
* <ApplicationData>
* <Seaterm232>
** 20240522
** Sea Practical 2024
** MCat 22.05 CTD_SP1
** NMEA Latitude = 54 07.702N
** NMEA Longitude = 008 46.52E
** waterdepth = 13.5m
** Isabelle
# nquan = 11
# nvalues = 414                         
# units = specified
# name 0 = timeJ: Julian Days
# name 1 = prdM: Pressure, Strain Gauge [db]
# name 2 = tv290C: Temperature [ITS-90, deg C]
# name 3 = c0mS/cm: Conductivity [mS/cm]
# name 4 = sal00: Salinity, Practical [PSU]
# name 5 = depSM: Depth [salt water, m], lat = 54.00
# name 6 = oxsatMm/Kg: Oxygen Saturation, Weiss [umol/kg]
# name 7 = oxsolMm/Kg: Oxygen Saturation, Garcia & Gordon [umol/kg]
# name 8 = turbWETntu0: Turbidity, WET Labs ECO [NTU]
# name 9 = flECO-AFL: Fluorescence, WET Labs ECO-AFL/FL [mg/m^3]
# name 10 = flag:  0.000e+00
# span 0 = 143.366913, 143.368108       
# span 1 =      0.690,     12.202       
# span 2 =    17.0341,    17.4692       
# span 3 =  35.473334,  35.564943       
# span 4 =    26.6412,    26.9000       
# span 5 =      0.684,     12.092       
# span 6 =  249.62417,  251.38543       
# span 7 =  250.00488,  251.74755       
# span 8 =    -2.0432,    53.2720       
# span 9 =     4.9362,    11.8225       
# span 10 = 0.0000e+00, 0.0000e+00      
# interval = seconds: 0.25
# start_time = May 22 2024 08:46:59 [Instrument's time stamp, header]
# bad_flag = -9.990e-29
*END*
[from data line 132]
 143.367295      4.468    17.4646  35.557171    26.6819      4.428  249.64544  250.02607     9.2875     6.6021 0.0000e+00
 143.367297      4.500    17.4646  35.557413    26.6818      4.460  249.64576  250.02639     9.3420     6.6061 0.0000e+00
 143.367300      4.530    17.4647  35.557955    26.6819      4.489  249.64544  250.02607     9.3965     6.6102 -9.990e-29
 143.367303      4.552    17.4646  35.555906    26.6807      4.511  249.64790  250.02853     5.9257     6.2584 -9.990e-29
 143.367306      4.572    17.4646  35.558015    26.6825      4.531  249.64494  250.02556     5.9879     6.2746 -9.990e-29
 143.367309      4.588    17.4646  35.556931    26.6816      4.547  249.64648  250.02710     6.1280     6.2504 -9.990e-29
 143.367312      4.603    17.4642  35.559522    26.6840      4.561  249.64441  250.02500     5.4899     6.1493 -9.990e-29
 143.367315      4.615    17.4639  35.555002    26.6804      4.574  249.65201  250.03262     5.5521     6.1331 -9.990e-29
 143.367318      4.632    17.4631  35.557413    26.6829      4.591  249.65145  250.03201     5.6611     6.1210 -9.990e-29
 143.367321      4.656    17.4634  35.556931    26.6862      4.614  249.64479  250.02534     5.5521     6.1452 -9.990e-29
 143.367323      4.687    17.4635  35.561512    26.6859      4.645  249.64434  250.02490     6.0891     6.0886 0.0000e+00
 143.367326      4.723    17.4637  35.561271    26.6857      4.681  249.64479  250.02534     6.5638     6.0320 0.0000e+00
 143.367329      4.776    17.4637  35.558016    26.6832      4.733  249.64817  250.02876     6.6261     6.0158 0.0000e+00
 143.367332      4.836    17.4638  35.558258    26.6832      4.793  249.64817  250.02876     6.5638     6.0158 0.0000e+00
 143.367335      4.891    17.4640  35.558921    26.6832      4.847  249.64818  250.02876     6.6261     6.0320 0.0000e+00
 143.367338      4.944    17.4641  35.552653    26.6809      4.900  249.65060  250.03120     6.9217     6.1897 0.0000e+00
 143.367341      4.979    17.4641  35.561512    26.6783      4.934  249.65485  250.03547     7.3887     6.3474 -9.990e-29
 143.367344      4.993    17.4642  35.559102    26.6835      4.948  249.64519  250.02579     7.3264     6.3353 -9.990e-29
 143.367347      4.993    17.4643  35.556932    26.6817      4.948  249.64793  250.02854     7.2175     6.3434 -9.990e-29
 143.367350      4.993    17.4643  35.560850    26.6849      4.948  249.64243  250.02302     6.3303     6.1654 -9.990e-29
 143.367352      4.993    17.4643  35.557836    26.6824      4.948  249.64666  250.02726     6.3459     6.1533 -9.990e-29
 143.367355      4.993    17.4644  35.561271    26.6852      4.948  249.64152  250.02211     6.2681     6.1735 -9.990e-29
 143.367358      4.999    17.4636  35.558017    26.6833      4.954  249.64890  250.02947     8.6650     6.2140 -9.990e-29
 143.367361      5.028    17.4635  35.558258    26.6825      4.983  249.65058  250.03115     8.7272     6.2140 0.0000e+00
 143.367364      5.079    17.4634  35.556330    26.6828      5.033  249.65226  250.03283     8.7895     6.2140 0.0000e+00
 143.367367      5.152    17.4625  35.556933    26.6817      5.106  249.65489  250.03542     8.7895     6.2140 0.0000e+00
 143.367370      5.227    17.4619  35.553317    26.6828      5.180  249.65489  250.03542     8.7584     6.2140 0.0000e+00
 143.367373      5.290    17.4616  35.560007    26.6830      5.243  249.65902  250.03951     8.6805     6.2140 0.0000e+00
 143.367376      5.334    17.4616  35.556512    26.6844      5.286  249.65640  250.03688     7.4977     6.1089 0.0000e+00
 143.367378      5.363    17.4615  35.557416    26.6830      5.315  249.65902  250.03951     6.3148     5.9916 -9.990e-29
 143.367381      5.374    17.4610  35.556753    26.6835      5.326  249.66057  250.04105     6.2836     5.9713 -9.990e-29
 143.367384      5.376    17.4612  35.556934    26.6836      5.328  249.65970  250.04017     6.2058     5.9754 -9.990e-29
 143.367387      5.372    17.4617  35.555909    26.6824      5.324  249.65925  250.03976     5.5210     6.2827 -9.990e-29
 143.367390      5.367    17.4619  35.556331    26.6826      5.319  249.65803  250.03854     5.5521     6.2746 -9.990e-29
 143.367393      5.371    17.4620  35.551992    26.6789      5.323  249.66350  250.04404     5.4743     6.2584 -9.990e-29
 143.367396      5.389    17.4617  35.554824    26.6827      5.341  249.65869  250.03919     6.2525     5.9309 -9.990e-29
 143.367399      5.422    17.4617  35.556331    26.6837      5.373  249.65705  250.03754     6.2914     5.9006 0.0000e+00
 143.367402      5.473    17.4617  35.558682    26.6847      5.424  249.65576  250.03623     6.3303     5.8945 0.0000e+00
 143.367405      5.531    17.4615  35.559345    26.6847      5.482  249.65576  250.03623     6.3303     5.8905 0.0000e+00
 143.367407      5.589    17.4615  35.555669    26.6822      5.539  249.66033  250.04083     6.3303     5.8945 0.0000e+00
 143.367410      5.641    17.4616  35.552234    26.6807      5.590  249.66229  250.04280     6.6416     6.1007 0.0000e+00
 143.367413      5.679    17.4618  35.552415    26.6792      5.628  249.66424  250.04476     6.9996     6.3110 -9.990e-29
 143.367416      5.704    17.4624  35.558502    26.6840      5.653  249.65327  250.03380     6.9840     6.3029 -9.990e-29
 143.367419      5.721    17.4622  35.558020    26.6837      5.669  249.65459  250.03510     7.1241     6.2504 -9.990e-29
 143.367422      5.730    17.4622  35.555006    26.6812      5.679  249.65882  250.03935     7.0619     6.2665 -9.990e-29
 143.367425      5.736    17.4624  35.554163    26.6804      5.684  249.65938  250.03993     7.8245     6.3878 -9.990e-29
 143.367428      5.750    17.4624  35.554585    26.6807      5.699  249.65880  250.03934     7.7622     6.4081 -9.990e-29
 143.367431      5.761    17.4620  35.555428    26.6817      5.710  249.65887  250.03939     7.7311     6.3919 -9.990e-29
 143.367433      5.783    17.4615  35.556091    26.6825      5.731  249.65983  250.04033     7.9179     6.4242 -9.990e-29
 143.367436      5.803    17.4610  35.554344    26.6829      5.751  249.66205  250.04252     8.3848     6.2746 -9.990e-29
 143.367439      5.836    17.4611  35.556092    26.6821      5.784  249.66281  250.04330     8.4237     6.2787 0.0000e+00
 143.367442      5.872    17.4611  35.554344    26.6813      5.820  249.66358  250.04407     8.4626     6.2827 0.0000e+00
 143.367445      5.912    17.4611  35.552838    26.6813      5.860  249.66358  250.04407     8.4626     6.2948 0.0000e+00
 143.367448      5.956    17.4611  35.555429    26.6822      5.903  249.66241  250.04289     8.3070     6.4768 0.0000e+00
 143.367451      6.000    17.4611  35.557840    26.6826      5.946  249.66177  250.04226     8.3070     6.4849 0.0000e+00
 143.367454      6.039    17.4612  35.555911    26.6834      5.985  249.66025  250.04073     8.3693     6.4849 0.0000e+00
 143.367457      6.073    17.4611  35.553923    26.6826      6.019  249.66177  250.04226     8.4315     6.4849 -9.990e-29
 143.367459      6.095    17.4596  35.554345    26.6823      6.041  249.66964  250.05006     9.6922     6.6021 -9.990e-29
 143.367462      6.121    17.4580  35.552839    26.6820      6.066  249.67771  250.05807     9.3809     6.6224 -9.990e-29
 143.367465      6.139    17.4559  35.552417    26.6831      6.084  249.68645  250.06672     9.4899     6.6062 -9.990e-29
 143.367468      6.155    17.4531  35.551996    26.6846      6.100  249.69738  250.07753     9.5210     6.5860 -9.990e-29
 143.367471      6.166    17.4513  35.550730    26.6847      6.111  249.70573  250.08582     9.5210     6.6305 -9.990e-29
 143.367474      6.181    17.4505  35.552659    26.6868      6.126  249.70616  250.08620     9.2720     6.5981 -9.990e-29
 143.367477      6.203    17.4493  35.550731    26.6860      6.147  249.71326  250.09326     9.2564     6.5860 -9.990e-29
 143.367480      6.226    17.4472  35.548320    26.6834      6.171  249.72812  250.10805     9.2875     6.6264 -9.990e-29
 143.367483      6.263    17.4467  35.545970    26.6849      6.207  249.72806  250.10796     9.5054     6.9701 0.0000e+00
 143.367486      6.305    17.4462  35.548743    26.6864      6.248  249.72812  250.10805     9.7233     7.3138 0.0000e+00
 143.367488      6.349    17.4454  35.549647    26.6864      6.292  249.72957  250.10940     9.7389     7.3260 0.0000e+00
 143.367491      6.391    17.4436  35.543380    26.6860      6.334  249.74528  250.12507     9.7389     7.3260 0.0000e+00
 143.367494      6.429    17.4399  35.543381    26.6851      6.371  249.75907  250.13870     9.7389     7.2977 0.0000e+00
 143.367497      6.465    17.4349  35.538380    26.6860      6.408  249.78490  250.16434    12.4938     7.1278 0.0000e+00
 143.367500      6.496    17.4331  35.543563    26.6884      6.438  249.78784  250.16719    12.4938     7.1197 0.0000e+00
 143.367503      6.524    17.4314  35.541394    26.6917      6.465  249.79077  250.17003    12.4938     7.1116 -9.990e-29
 143.367506      6.546    17.4273  35.540972    26.6922      6.487  249.80977  250.18887    12.4626     7.1278 -9.990e-29
 143.367509      6.560    17.4258  35.541635    26.6937      6.502  249.81417  250.19320    10.9840     6.9459 -9.990e-29
 143.367512      6.575    17.4258  35.542961    26.6948      6.516  249.81231  250.19133    10.8906     6.9539 -9.990e-29
 143.367514      6.595    17.4262  35.544227    26.6956      6.536  249.80929  250.18832    10.9373     6.9378 -9.990e-29
 143.367517      6.613    17.4241  35.538201    26.6914      6.554  249.82655  250.20552    10.9685     6.9176 -9.990e-29
 143.367520      6.642    17.4228  35.537538    26.6925      6.583  249.83127  250.21018    11.1242     6.7275 0.0000e+00
 143.367523      6.677    17.4214  35.537961    26.6935      6.617  249.83598  250.21484    11.1864     6.5375 0.0000e+00
 143.367526      6.710    17.4191  35.536696    26.6940      6.650  249.84654  250.22530    11.2798     6.5294 0.0000e+00
 143.367529      6.748    17.4177  35.539287    26.6956      6.688  249.85011  250.22878    11.3109     6.5294 0.0000e+00
 143.367532      6.787    17.4177  35.537540    26.6974      6.726  249.85011  250.22878    11.3109     6.5617 0.0000e+00
 143.367535      6.823    17.4199  35.542722    26.6956      6.762  249.83499  250.21376    10.2992     7.7505 0.0000e+00
 143.367538      6.856    17.4231  35.539046    26.6963      6.795  249.82829  250.20721    10.2992     7.7505 0.0000e+00
 143.367541      6.891    17.4262  35.545071    26.6933      6.829  249.80825  250.18728    10.2836     7.7748 0.0000e+00
 143.367543      6.916    17.4285  35.542299    26.6936      6.854  249.80160  250.18074    10.2370     7.7607 0.0000e+00
 143.367546      6.944    17.4308  35.546577    26.6909      6.882  249.79495  250.17419    10.1903     7.7748 -9.990e-29
 143.367549      6.964    17.4360  35.544648    26.6895      6.901  249.77227  250.15172    12.7584     6.7194 -9.990e-29
 143.367552      6.982    17.4375  35.544468    26.6883      6.919  249.76658  250.14611    12.7895     6.7518 -9.990e-29
 143.367555      7.004    17.4385  35.545311    26.6883      6.941  249.76165  250.14121    12.7272     6.7194 -9.990e-29
 143.367558      7.020    17.4393  35.546396    26.6887      6.957  249.75732  250.13691    12.5249     7.3017 -9.990e-29
 143.367561      7.044    17.4376  35.546577    26.6839      6.981  249.77360  250.15315    12.3537     7.3098 -9.990e-29
 143.367564      7.071    17.4360  35.539286    26.6849      7.008  249.77988  250.15936    12.4159     7.3139 0.0000e+00
 143.367567      7.104    17.4344  35.539045    26.6858      7.040  249.78616  250.16557    12.4626     7.3098 0.0000e+00
 143.367569      7.146    17.4289  35.537961    26.6885      7.082  249.80836  250.18754    12.4782     7.3179 0.0000e+00
 143.367572      7.192    17.4226  35.536456    26.6913      7.127  249.83398  250.21289    12.7117     7.4190 0.0000e+00
 143.367575      7.239    17.4158  35.531034    26.6914      7.174  249.86698  250.24563    12.7117     7.4311 0.0000e+00
 143.367578      7.285    17.4069  35.530192    26.6964      7.220  249.90167  250.27994    12.7117     7.4311 0.0000e+00
 143.367581      7.325    17.4029  35.526759    26.6976      7.259  249.91928  250.29737    12.7116     7.4452 0.0000e+00
 143.367584      7.352    17.3988  35.522241    26.6989      7.287  249.93688  250.31481    12.7739     7.4594 -9.990e-29
 143.367587      7.363    17.3896  35.522422    26.7013      7.297  249.97742  250.35498    12.6650     7.7061 -9.990e-29
 143.367590      7.371    17.3823  35.520737    26.7047      7.305  250.00734  250.38458    12.8673     7.6899 -9.990e-29
 143.367593      7.376    17.3747  35.521762    26.7105      7.310  250.03436  250.41128    12.8362     7.7222 -9.990e-29
 143.367595      7.385    17.3694  35.519834    26.7124      7.319  250.05680  250.43349    15.4665     7.7667 -9.990e-29
 143.367598      7.404    17.3626  35.519233    26.7164      7.337  250.08332  250.45972    15.6066     7.7950 -9.990e-29
 143.367601      7.429    17.3617  35.519233    26.7163      7.363  250.08800  250.46436    15.6144     7.7849 0.0000e+00
 143.367604      7.471    17.3607  35.517486    26.7161      7.404  250.09268  250.46901    15.6066     7.7748 0.0000e+00
 143.367607      7.519    17.3606  35.515740    26.7161      7.451  250.09268  250.46901    12.0891     7.1763 0.0000e+00
 143.367610      7.564    17.3606  35.520499    26.7179      7.497  250.08911  250.46541    12.0580     7.1763 0.0000e+00
 143.367613      7.612    17.3614  35.520258    26.7179      7.544  250.08689  250.46328    11.9334     7.1804 0.0000e+00
 143.367616      7.655    17.3618  35.517668    26.7165      7.587  250.08661  250.46299    11.9179     7.1845 0.0000e+00
 143.367619      7.690    17.3622  35.521342    26.7152      7.621  250.08689  250.46328    11.9023     7.1804 -9.990e-29
 143.367622      7.712    17.3636  35.518752    26.7152      7.643  250.08038  250.45683    14.6727     7.4554 -9.990e-29
 143.367624      7.723    17.3652  35.518330    26.7138      7.654  250.07504  250.45156    14.5949     7.4311 -9.990e-29
 143.367627      7.728    17.3682  35.523752    26.7164      7.659  250.05613  250.43275    14.6416     7.4473 -9.990e-29
 143.367630      7.741    17.3722  35.522245    26.7124      7.672  250.04294  250.41974    14.7506     7.4634 -9.990e-29
 143.367633      7.758    17.3783  35.522245    26.7109      7.688  250.01588  250.39293    14.0813     7.2047 -9.990e-29
 143.367636      7.789    17.3791  35.525257    26.7107      7.719  250.01217  250.38925    14.1202     7.1966 0.0000e+00
 143.367639      7.825    17.3800  35.526100    26.7105      7.755  250.01168  250.38887    14.1591     7.1885 0.0000e+00
 143.367642      7.858    17.3810  35.521160    26.7092      7.788  250.00845  250.38557    14.1591     7.1763 0.0000e+00
 143.367645      7.898    17.3810  35.525438    26.7082      7.827  250.00994  250.38710    11.5755     7.1440 0.0000e+00
 143.367648      7.933    17.3805  35.523751    26.7086      7.862  250.00994  250.38710    11.5288     7.1440 0.0000e+00
 143.367650      7.967    17.3799  35.523751    26.7086      7.896  250.01215  250.38928    11.5288     7.1440 0.0000e+00
 143.367653      7.993    17.3787  35.524354    26.7086      7.921  250.01600  250.39308    11.5288     7.1602 0.0000e+00
 143.367656      8.020    17.3772  35.519414    26.7067      7.949  250.02861  250.40565    14.5638     7.7950 0.0000e+00
 143.367659      8.051    17.3734  35.516403    26.7067      7.979  250.04695  250.42384    14.6883     7.8274 0.0000e+00
 143.367662      8.077    17.3682  35.520921    26.7139      8.005  250.05999  250.43663    14.6883     7.8476 0.0000e+00
 143.367665      8.110    17.3643  35.520741    26.7156      8.037  250.07496  250.45143    14.6261     7.8476 0.0000e+00
 143.367668      8.137    17.3582  35.515079    26.7163      8.064  250.10611  250.48234    14.6261     7.8516 0.0000e+00
