seaocn-cb/data/ctd_cnv/SBE19plus_01907321_2024_05_22_Cast13.cnv
* Sea-Bird SBE19plus  Data File:
* FileName = E:\Prandtl_Daten\2024\CTD\raw\SBE19plus_01907321_2024_05_21_Cast13.hex
* Software version 2.6.1.12
* Temperature SN = 7321
* Conductivity SN = 7321
* System UpLoad Time = May 22 2024 11:31:09
* <ApplicationData>
* <Seaterm232>
** 20240522
** Sea Practical 2024
** MCat 22.05 CTD_M2
** NMEA Latitude = 54 04.15N
** NMEA Longitude = 008 24.804E
** waterdepth = 9m
** Merle
# nquan = 11
# nvalues = 297                         
# units = specified
# name 0 = timeJ: Julian Days
# name 1 = prdM: Pressure, Strain Gauge [db]
# name 2 = tv290C: Temperature [ITS-90, deg C]
# name 3 = c0mS/cm: Conductivity [mS/cm]
# name 4 = sal00: Salinity, Practical [PSU]
# name 5 = depSM: Depth [salt water, m], lat = 54.00
# name 6 = oxsatMm/Kg: Oxygen Saturation, Weiss [umol/kg]
# name 7 = oxsolMm/Kg: Oxygen Saturation, Garcia & Gordon [umol/kg]
# name 8 = turbWETntu0: Turbidity, WET Labs ECO [NTU]
# name 9 = flECO-AFL: Fluorescence, WET Labs ECO-AFL/FL [mg/m^3]
# name 10 = flag:  0.000e+00
# span 0 = 143.476554, 143.477410       
# span 1 =      0.638,      7.809       
# span 2 =    13.6199,    13.8522       
# span 3 =  36.742284,  36.846076       
# span 4 =    30.3209,    30.5968       
# span 5 =      0.632,      7.739       
# span 6 =  261.71009,  262.46562       
# span 7 =  261.89154,  262.63118       
# span 8 =    -4.3778,    -1.5918       
# span 9 =     4.9766,     6.9499       
# span 10 = 0.0000e+00, 0.0000e+00      
# interval = seconds: 0.25
# start_time = May 22 2024 11:24:52 [Instrument's time stamp, header]
# bad_flag = -9.990e-29
*END*
 143.476554      0.643    13.7787  36.787483    30.4191      0.638  261.93164  262.10798    -4.0821     5.3729 -9.990e-29
 143.476557      0.638    13.7759  36.784917    30.4238      0.632  261.93825  262.11438    -3.7864     5.6195 -9.990e-29
 143.476560      0.680    13.7757  36.790172    30.4199      0.674  261.94628  262.12244    -3.7709     5.6337 0.0000e+00
 143.476563      0.731    13.7757  36.781436    30.4195      0.724  261.94724  262.12340    -3.7864     5.6195 0.0000e+00
 143.476565      0.775    13.7757  36.785346    30.4164      0.768  261.95091  262.12712    -3.7553     5.6276 0.0000e+00
 143.476568      0.809    13.7757  36.782291    30.4164      0.802  261.95091  262.12712    -3.8487     5.6195 0.0000e+00
 143.476571      0.842    13.7757  36.775999    30.4122      0.834  261.96203  262.13825    -4.0666     5.2516 0.0000e+00
 143.476574      0.871    13.7757  36.777221    30.4109      0.863  261.96289  262.13913    -4.0666     5.2475 0.0000e+00
 143.476577      0.910    13.7755  36.775144    30.4111      0.902  261.96305  262.13928    -4.0433     5.2415 0.0000e+00
 143.476580      0.937    13.7757  36.783452    30.4100      0.928  261.96407  262.14032    -4.0199     5.2475 -9.990e-29
 143.476583      0.946    13.7763  36.777588    30.4118      0.938  261.95768  262.13395    -3.9109     5.2597 -9.990e-29
 143.476586      0.923    13.7766  36.785163    30.4185      0.914  261.94386  262.12008    -3.8331     5.3041 -9.990e-29
 143.476589      0.877    13.7763  36.782108    30.4159      0.869  261.95009  262.12632    -3.8487     5.2839 -9.990e-29
 143.476591      0.831    13.7757  36.789256    30.4230      0.824  261.94046  262.11660    -3.8487     5.2880 -9.990e-29
 143.476594      0.800    13.7751  36.784918    30.4195      0.793  261.95002  262.12615    -3.7708     5.3082 -9.990e-29
 143.476597      0.778    13.7750  36.784552    30.4193      0.771  261.95120  262.12732    -4.0354     5.3405 -9.990e-29
 143.476600      0.762    13.7759  36.779603    30.4140      0.755  261.95565  262.13188    -4.0199     5.3931 -9.990e-29
 143.476603      0.755    13.7765  36.787912    30.4211      0.748  261.93945  262.11565    -4.0977     5.3769 -9.990e-29
 143.476606      0.753    13.7761  36.788156    30.4217      0.746  261.94079  262.11695    -4.0043     5.3688 -9.990e-29
 143.476609      0.784    13.7748  36.784552    30.4195      0.777  261.95207  262.12818    -4.0354     5.3082 -9.990e-29
 143.476612      0.842    13.7734  36.786629    30.4188      0.835  261.96037  262.13641    -4.1132     5.2880 -9.990e-29
 143.476615      0.923    13.7737  36.782781    30.4182      0.915  261.96015  262.13621    -4.1132     5.2961 0.0000e+00
 143.476617      1.023    13.7740  36.781864    30.4175      1.014  261.96037  262.13641    -4.1132     5.2880 0.0000e+00
 143.476620      1.112    13.7748  36.776367    30.4160      1.103  261.95993  262.13601    -4.1132     4.9847 0.0000e+00
 143.476623      1.169    13.7749  36.780948    30.4139      1.159  261.96186  262.13803    -4.1521     4.9766 0.0000e+00
 143.476626      1.206    13.7748  36.779849    30.4160      1.195  261.95834  262.13449    -4.1911     4.9847 -9.990e-29
 143.476629      1.226    13.7764  36.782965    30.4165      1.215  261.94860  262.12483    -4.0043     4.9968 -9.990e-29
 143.476632      1.227    13.7761  36.784736    30.4184      1.216  261.94681  262.12301    -4.0821     4.9806 -9.990e-29
 143.476635      1.218    13.7761  36.782109    30.4160      1.208  261.95119  262.12741    -4.1132     5.3850 -9.990e-29
 143.476638      1.227    13.7771  36.781437    30.4146      1.216  261.94853  262.12482    -4.0821     5.3608 -9.990e-29
 143.476641      1.251    13.7791  36.782598    30.4215      1.240  261.92531  262.10165    -4.0510     5.3486 -9.990e-29
 143.476644      1.297    13.7764  36.790662    30.4256      1.285  261.93259  262.10874    -3.9109     5.3547 0.0000e+00
 143.476646      1.350    13.7736  36.794879    30.4297      1.338  261.93988  262.11582    -3.7864     5.3608 0.0000e+00
 143.476649      1.406    13.7622  36.798913    30.4424      1.394  261.97806  262.15323    -3.7864     5.3850 0.0000e+00
 143.476652      1.458    13.7581  36.807958    30.4498      1.445  261.98699  262.16184    -3.8019     5.3910 0.0000e+00
 143.476655      1.496    13.7539  36.808204    30.4573      1.482  261.99591  262.17045    -3.8175     5.3850 -9.990e-29
 143.476658      1.510    13.7353  36.812239    30.4759      1.497  262.06189  262.23519    -4.0354     5.6195 -9.990e-29
 143.476661      1.512    13.7305  36.806373    30.4744      1.498  262.09092  262.26395    -4.0043     5.6559 -9.990e-29
 143.476664      1.503    13.7327  36.792441    30.4598      1.489  262.10548  262.27878    -4.0510     5.6357 -9.990e-29
 143.476667      1.481    13.7427  36.787307    30.4472      1.468  262.07443  262.24842    -4.1444     5.6438 -9.990e-29
 143.476670      1.457    13.7518  36.797632    30.4495      1.444  262.02132  262.19582    -3.9732     5.8339 -9.990e-29
 143.476672      1.426    13.7513  36.794027    30.4465      1.413  262.02907  262.20357    -4.0821     5.8056 -9.990e-29
 143.476675      1.408    13.7508  36.791155    30.4443      1.395  262.03619  262.21067    -4.0666     5.8177 -9.990e-29
 143.476678      1.413    13.7541  36.790177    30.4456      1.401  262.01607  262.19073    -4.1132     5.8622 -9.990e-29
 143.476681      1.461    13.7524  36.795371    30.4497      1.448  262.01788  262.19241    -3.9810     5.6681 0.0000e+00
 143.476684      1.532    13.7506  36.801421    30.4538      1.518  262.01970  262.19409    -3.9420     5.5023 0.0000e+00
 143.476687      1.620    13.7457  36.802521    30.4587      1.605  262.03714  262.21121    -3.8953     5.4942 0.0000e+00
 143.476690      1.709    13.7404  36.805028    30.4652      1.694  262.05399  262.22768    -3.8953     5.4942 0.0000e+00
 143.476693      1.802    13.7337  36.803012    30.4652      1.786  262.08392  262.25720    -3.8953     5.4740 0.0000e+00
 143.476696      1.871    13.7337  36.793542    30.4621      1.854  262.09619  262.26962    -4.0354     5.2394 0.0000e+00
 143.476698      1.926    13.7329  36.793114    30.4603      1.909  262.10339  262.27669    -4.0899     5.2212 0.0000e+00
 143.476701      1.951    13.7348  36.794030    30.4586      1.934  262.09619  262.26962    -4.0354     5.2030 -9.990e-29
 143.476704      1.959    13.7434  36.801484    30.4594      1.941  262.04814  262.22206    -4.0199     5.2233 -9.990e-29
 143.476707      1.951    13.7427  36.794457    30.4536      1.934  262.06279  262.23673    -4.0666     5.3648 -9.990e-29
 143.476710      1.933    13.7445  36.791341    30.4493      1.916  262.06099  262.23507    -4.0199     5.3648 -9.990e-29
 143.476713      1.920    13.7483  36.790546    30.4455      1.903  262.04716  262.22150    -4.0821     5.3769 -9.990e-29
 143.476716      1.919    13.7513  36.792440    30.4449      1.901  262.03205  262.20657    -4.0043     5.3648 -9.990e-29
 143.476719      1.933    13.7549  36.790423    30.4365      1.916  262.02809  262.20290    -4.0199     5.5063 -9.990e-29
 143.476722      1.960    13.7572  36.786452    30.4312      1.943  262.02520  262.20019    -4.0822     5.5144 0.0000e+00
 143.476725      2.002    13.7595  36.778937    30.4259      1.985  262.02231  262.19748    -4.0199     5.5063 0.0000e+00
 143.476727      2.046    13.7623  36.780097    30.4243      2.028  262.01043  262.18577    -4.0743     5.5144 0.0000e+00
 143.476730      2.081    13.7651  36.775943    30.4226      2.063  261.99854  262.17406    -4.0043     5.5063 -9.990e-29
 143.476733      2.105    13.7734  36.775820    30.4120      2.086  261.97278  262.14888    -4.0977     5.5427 -9.990e-29
 143.476736      2.112    13.7758  36.781868    30.4157      2.093  261.95336  262.12956    -4.0821     5.5468 -9.990e-29
 143.476739      2.127    13.7775  36.781196    30.4137      2.108  261.94778  262.12411    -4.0821     5.5589 -9.990e-29
 143.476742      2.138    13.7782  36.779363    30.4114      2.119  261.94793  262.12432    -3.9109     5.5751 -9.990e-29
 143.476745      2.162    13.7836  36.775576    30.3985      2.142  261.94238  262.11920    -4.0043     5.8177 -9.990e-29
 143.476748      2.191    13.7869  36.769955    30.3954      2.171  261.93063  262.10766    -4.0432     5.8217 0.0000e+00
 143.476751      2.233    13.7901  36.768855    30.3924      2.213  261.91887  262.09611    -4.0199     5.8177 0.0000e+00
 143.476753      2.277    13.7954  36.768366    30.3877      2.256  261.89871  262.07631    -4.0821     5.8136 0.0000e+00
 143.476756      2.315    13.7993  36.769954    30.3868      2.294  261.88063  262.05847    -4.2845     5.4497 0.0000e+00
 143.476759      2.350    13.7996  36.771176    30.3864      2.329  261.87875  262.05660    -4.3312     5.4477 0.0000e+00
 143.476762      2.381    13.7998  36.777162    30.3868      2.359  261.87687  262.05472    -4.2845     5.4457 -9.990e-29
 143.476765      2.399    13.7971  36.770871    30.3886      2.377  261.88791  262.06559    -4.3467     5.4416 -9.990e-29
 143.476768      2.424    13.7971  36.772276    30.3899      2.402  261.88558  262.06326    -4.0199     5.3729 -9.990e-29
 143.476771      2.452    13.7981  36.767267    30.3844      2.430  261.88987  262.06765    -4.0666     5.3041 -9.990e-29
 143.476774      2.477    13.8052  36.767938    30.3747      2.455  261.86973  262.04801    -4.0510     5.3122 -9.990e-29
 143.476777      2.512    13.8072  36.762746    30.3729      2.489  261.86202  262.04044    -4.0510     5.3142 0.0000e+00
 143.476780      2.541    13.8092  36.762379    30.3711      2.518  261.85431  262.03286    -4.0510     5.3122 0.0000e+00
 143.476782      2.575    13.8123  36.762074    30.3684      2.552  261.84259  262.02134    -4.3156     5.3122 0.0000e+00
 143.476785      2.603    13.8133  36.762073    30.3676      2.579  261.83866  262.01747    -4.3467     5.3122 0.0000e+00
 143.476788      2.632    13.8143  36.761096    30.3668      2.608  261.83473  262.01361    -4.3778     5.3122 -9.990e-29
 143.476791      2.648    13.8177  36.760974    30.3631      2.625  261.82317  262.00228    -4.2378     5.3163 -9.990e-29
 143.476794      2.667    13.8254  36.756698    30.3477      2.643  261.80972  261.98942    -4.0821     5.8783 -9.990e-29
 143.476797      2.692    13.8254  36.750835    30.3477      2.668  261.80972  261.98942    -4.0821     5.8783 0.0000e+00
 143.476800      2.718    13.8254  36.747475    30.3477      2.693  261.80972  261.98942    -4.0821     5.8783 -9.990e-29
 143.476803      2.743    13.8385  36.742284    30.3295      2.719  261.77231  261.95293    -4.0510     5.9107 -9.990e-29
 143.476806      2.756    13.8432  36.745886    30.3291      2.732  261.74793  261.92882    -4.1599     5.8015 -9.990e-29
 143.476808      2.774    13.8473  36.747718    30.3275      2.750  261.72883  261.90997    -3.9420     5.8177 -9.990e-29
 143.476811      2.787    13.8503  36.744542    30.3222      2.762  261.72215  261.90351    -3.9732     5.8136 -9.990e-29
 143.476814      2.793    13.8518  36.744358    30.3209      2.768  261.71662  261.89807    -4.0043     5.8015 -9.990e-29
 143.476817      2.807    13.8522  36.747412    30.3234      2.782  261.71009  261.89154    -4.0977     5.8258 -9.990e-29
 143.476820      2.829    13.8242  36.787483    30.3882      2.804  261.74260  261.92184    -4.1444     5.4214 -9.990e-29
 143.476823      2.860    13.8101  36.794023    30.4036      2.835  261.79052  261.96880    -4.1211     5.4072 0.0000e+00
 143.476826      2.904    13.7960  36.803375    30.4191      2.878  261.83843  262.01576    -4.1444     5.4214 0.0000e+00
 143.476829      2.960    13.7731  36.815417    30.4484      2.934  261.90872  262.08446    -4.0977     5.4376 0.0000e+00
 143.476832      3.020    13.7515  36.816276    30.4663      2.993  261.99238  262.16670    -3.8487     5.5023 0.0000e+00
 143.476834      3.081    13.7367  36.813527    30.4755      3.053  262.05555  262.22893    -3.8175     5.5023 0.0000e+00
 143.476837      3.130    13.7295  36.812245    30.4800      3.102  262.08597  262.25889    -3.8175     5.5063 0.0000e+00
 143.476840      3.167    13.7272  36.821474    30.4861      3.138  262.08744  262.26017    -3.8175     5.5003 0.0000e+00
 143.476843      3.194    13.7248  36.816952    30.4922      3.166  262.08890  262.26144    -3.8175     5.5063 -9.990e-29
 143.476846      3.207    13.7194  36.815424    30.4909      3.178  262.12059  262.29283    -3.9109     5.7489 -9.990e-29
 143.476849      3.212    13.7170  36.820558    30.4976      3.183  262.12161  262.29364    -3.7708     5.7570 -9.990e-29
 143.476852      3.210    13.7127  36.824043    30.5042      3.181  262.13266  262.30438    -3.7708     5.7732 -9.990e-29
 143.476855      3.207    13.7083  36.826855    30.5103      3.178  262.14541  262.31681    -3.8798     5.4335 -9.990e-29
 143.476858      3.210    13.7046  36.823310    30.5100      3.181  262.16590  262.33709    -3.8175     5.4254 -9.990e-29
 143.476861      3.223    13.7025  36.824472    30.5127      3.194  262.17211  262.34316    -3.8487     5.4376 -9.990e-29
 143.476863      3.245    13.6987  36.829117    30.5169      3.216  262.18513  262.35591    -3.9420     5.4416 -9.990e-29
 143.476866      3.274    13.6959  36.825756    30.5224      3.245  262.19026  262.36082    -3.9965     5.6317 0.0000e+00
 143.476869      3.309    13.6931  36.832847    30.5279      3.279  262.19539  262.36574    -4.0510     5.8217 0.0000e+00
 143.476872      3.354    13.6878  36.829608    30.5279      3.324  262.22179  262.39182    -4.0510     5.8258 0.0000e+00
 143.476875      3.400    13.6878  36.814023    30.5153      3.370  262.22179  262.39182    -4.0510     5.8258 0.0000e+00
 143.476878      3.451    13.6987  36.804917    30.4976      3.421  262.21986  262.39083    -4.0510     5.8217 0.0000e+00
 143.476881      3.497    13.7153  36.805037    30.4845      3.466  262.15448  262.32653    -4.0821     5.6842 0.0000e+00
 143.476884      3.541    13.7208  36.794037    30.4750      3.509  262.14171  262.31417    -4.0976     5.6498 0.0000e+00
 143.476887      3.570    13.7264  36.795808    30.4655      3.538  262.12894  262.30182    -4.0821     5.6155 -9.990e-29
 143.476889      3.579    13.7447  36.796968    30.4537      3.547  262.05182  262.22587    -4.0043     5.6276 -9.990e-29
 143.476892      3.587    13.7476  36.797640    30.4520      3.555  262.03934  262.21357    -3.7241     5.8703 -9.990e-29
 143.476895      3.591    13.7470  36.800084    30.4547      3.558  262.03759  262.21176    -3.8642     5.8622 -9.990e-29
 143.476898      3.594    13.7460  36.805584    30.4605      3.562  262.03218  262.20625    -3.7708     5.8945 -9.990e-29
 143.476901      3.607    13.7395  36.805706    30.4634      3.575  262.06243  262.23608    -3.3817     6.1452 -9.990e-29
 143.476904      3.638    13.7383  36.803018    30.4651      3.606  262.06572  262.23929    -3.3817     6.1513 0.0000e+00
 143.476907      3.676    13.7371  36.804668    30.4645      3.644  262.06901  262.24250    -3.3817     6.1452 0.0000e+00
 143.476910      3.726    13.7370  36.801247    30.4665      3.692  262.06989  262.24337    -3.3195     6.1573 0.0000e+00
 143.476913      3.784    13.7367  36.804363    30.4647      3.750  262.07516  262.24864    -3.2728     6.1654 0.0000e+00
 143.476916      3.841    13.7367  36.802103    30.4665      3.806  262.07516  262.24864    -3.2728     6.1654 0.0000e+00
 143.476918      3.890    13.7357  36.802775    30.4658      3.855  262.07840  262.25182    -3.5140     5.9935 0.0000e+00
 143.476921      3.921    13.7347  36.806198    30.4668      3.886  262.08164  262.25499    -3.7708     5.8217 -9.990e-29
 143.476924      3.939    13.7298  36.804487    30.4723      3.904  262.09833  262.27134    -3.9109     5.8136 -9.990e-29
 143.476927      3.935    13.7289  36.802776    30.4714      3.900  262.10468  262.27765    -3.8175     5.8379 -9.990e-29
 143.476930      3.920    13.7296  36.805281    30.4732      3.885  262.09786  262.27085    -3.8020     5.9066 -9.990e-29
