seaocn-cb/data/ctd_cnv/SBE19plus_01907321_2024_05_26_Cast62.cnv
* Sea-Bird SBE19plus  Data File:
* FileName = E:\Prandtl_Daten\2024\26052024\raw\SBE19plus_01907321_2024_05_26_Cast62.hex
* Software version 2.6.1.12
* Temperature SN = 7321
* Conductivity SN = 7321
* System UpLoad Time = May 26 2024 12:05:47
* <ApplicationData>
* <Seaterm232>
** 20240526
** Sea Practical 2024
** MCat 26.05 CTD_FS1
** NMEA Latitude = 054 5.024N
** NMEA Longitude = 008 30.33E
** waterdepth =9.6m
** Andreas
# nquan = 11
# nvalues = 346                         
# units = specified
# name 0 = timeJ: Julian Days
# name 1 = prdM: Pressure, Strain Gauge [db]
# name 2 = tv290C: Temperature [ITS-90, deg C]
# name 3 = c0mS/cm: Conductivity [mS/cm]
# name 4 = sal00: Salinity, Practical [PSU]
# name 5 = depSM: Depth [salt water, m], lat = 54.00
# name 6 = oxsatMm/Kg: Oxygen Saturation, Weiss [umol/kg]
# name 7 = oxsolMm/Kg: Oxygen Saturation, Garcia & Gordon [umol/kg]
# name 8 = turbWETntu0: Turbidity, WET Labs ECO [NTU]
# name 9 = flECO-AFL: Fluorescence, WET Labs ECO-AFL/FL [mg/m^3]
# name 10 = flag:  0.000e+00
# span 0 = 147.500284, 147.501282       
# span 1 =      0.508,      8.880       
# span 2 =    15.4448,    16.0063       
# span 3 =  37.474760,  37.631088       
# span 4 =    29.4577,    29.7535       
# span 5 =      0.504,      8.801       
# span 6 =  252.08854,  254.40325       
# span 7 =  252.38894,  254.67443       
# span 8 =    -3.5685,     6.5793       
# span 9 =     2.6414,     7.2047       
# span 10 = 0.0000e+00, 0.0000e+00      
# interval = seconds: 0.25
# start_time = May 26 2024 11:58:59 [Instrument's time stamp, header]
# bad_flag = -9.990e-29
*END*
[from data line 132]
 147.500666      4.097    15.4699  37.477267    29.7337      4.060  254.30780  254.58028    -0.6736     5.7813 -9.990e-29
 147.500668      4.117    15.4728  37.478929    29.7299      4.080  254.29929  254.57195    -0.7202     5.7489 -9.990e-29
 147.500671      4.124    15.4728  37.482561    29.7331      4.087  254.29371  254.56634    -0.1911     5.5225 -9.990e-29
 147.500674      4.135    15.4730  37.478929    29.7298      4.098  254.29871  254.57138    -0.0043     5.4942 -9.990e-29
 147.500677      4.150    15.4740  37.479545    29.7274      4.112  254.29784  254.57058    -0.2378     5.4861 -9.990e-29
 147.500680      4.177    15.4746  37.477021    29.7282      4.140  254.29333  254.56609    -0.1211     5.7166 0.0000e+00
 147.500683      4.217    15.4752  37.480037    29.7274      4.179  254.28882  254.56160    -0.0043     5.9471 0.0000e+00
 147.500686      4.268    15.4767  37.479298    29.7289      4.230  254.28410  254.55697     0.0424     5.9754 0.0000e+00
 147.500689      4.332    15.4768  37.481761    29.7289      4.293  254.28066  254.55352     0.0424     5.9754 0.0000e+00
 147.500692      4.389    15.4769  37.481392    29.7289      4.349  254.28066  254.55352    -0.0510     5.9511 0.0000e+00
 147.500694      4.438    15.4769  37.479545    29.7274      4.398  254.28112  254.55402    -0.7047     5.4861 0.0000e+00
 147.500697      4.478    15.4771  37.479976    29.7274      4.438  254.28218  254.55507    -0.7358     5.4841 0.0000e+00
 147.500700      4.507    15.4773  37.481577    29.7274      4.467  254.28112  254.55402    -0.7669     5.4861 -9.990e-29
 147.500703      4.522    15.4785  37.479976    29.7265      4.481  254.27673  254.54969    -0.7514     5.5225 -9.990e-29
 147.500706      4.524    15.4781  37.481084    29.7277      4.483  254.27621  254.54914    -0.7825     5.3284 -9.990e-29
 147.500709      4.513    15.4771  37.480469    29.7279      4.472  254.28097  254.55386    -0.9848     5.3082 -9.990e-29
 147.500712      4.502    15.4752  37.479546    29.7286      4.461  254.28974  254.56253    -0.9070     5.2758 -9.990e-29
 147.500715      4.494    15.4734  37.478623    29.7291      4.454  254.29763  254.57033    -0.8292     5.3324 -9.990e-29
 147.500718      4.494    15.4720  37.477392    29.7291      4.454  254.30482  254.57745    -0.9537     5.3203 -9.990e-29
 147.500720      4.518    15.4718  37.479977    29.7292      4.478  254.30574  254.57835    -0.5490     5.2799 -9.990e-29
 147.500723      4.553    15.4710  37.477392    29.7312      4.512  254.30663  254.57918    -0.5334     5.2476 0.0000e+00
 147.500726      4.597    15.4701  37.480470    29.7332      4.555  254.30751  254.58001    -0.5490     5.2597 0.0000e+00
 147.500729      4.648    15.4701  37.481086    29.7344      4.606  254.30751  254.58001    -0.7669     5.2597 0.0000e+00
 147.500732      4.695    15.4706  37.485087    29.7344      4.653  254.29841  254.57091    -0.7669     5.9633 0.0000e+00
 147.500735      4.741    15.4724  37.483117    29.7337      4.698  254.29470  254.56731    -0.8136     5.9633 0.0000e+00
 147.500738      4.777    15.4729  37.481825    29.7327      4.734  254.29379  254.56643    -0.6502     5.9633 0.0000e+00
 147.500741      4.812    15.4734  37.482871    29.7318      4.769  254.29288  254.56555    -0.8136     5.9633 -9.990e-29
 147.500744      4.835    15.4724  37.479978    29.7309      4.792  254.29958  254.57221    -1.0471     5.4942 -9.990e-29
 147.500747      4.856    15.4719  37.480040    29.7314      4.812  254.30156  254.57416    -1.0938     5.5306 -9.990e-29
 147.500749      4.874    15.4713  37.482318    29.7338      4.830  254.30013  254.57268    -1.2027     5.5185 -9.990e-29
 147.500752      4.896    15.4709  37.478686    29.7347      4.852  254.30088  254.57341    -1.7475     5.9107 -9.990e-29
 147.500755      4.928    15.4707  37.482995    29.7327      4.884  254.30527  254.57781    -1.7631     5.8945 0.0000e+00
 147.500758      4.965    15.4705  37.478255    29.7316      4.921  254.30966  254.58220    -1.7475     5.9026 0.0000e+00
 147.500761      5.012    15.4705  37.478871    29.7308      4.968  254.30988  254.58243    -1.7475     5.8783 0.0000e+00
 147.500764      5.062    15.4707  37.477578    29.7316      5.016  254.30988  254.58243    -1.7164     5.8743 0.0000e+00
 147.500767      5.107    15.4711  37.480225    29.7309      5.062  254.30638  254.57895    -1.7008     5.8743 0.0000e+00
 147.500770      5.135    15.4715  37.478686    29.7318      5.089  254.30289  254.57547    -1.6852     5.8743 -9.990e-29
 147.500773      5.153    15.4745  37.480902    29.7301      5.107  254.29070  254.56343    -1.4829     5.3971 -9.990e-29
 147.500775      5.162    15.4746  37.480656    29.7298      5.116  254.29049  254.56324    -1.6385     5.4133 -9.990e-29
 147.500778      5.156    15.4738  37.482318    29.7318      5.110  254.29088  254.56357    -1.6385     5.3567 -9.990e-29
 147.500781      5.153    15.4730  37.480225    29.7306      5.107  254.29733  254.56999    -2.2611     5.8783 -9.990e-29
 147.500784      5.144    15.4723  37.480718    29.7316      5.098  254.29921  254.57183    -2.0899     5.9228 -9.990e-29
 147.500787      5.140    15.4722  37.482996    29.7337      5.094  254.29601  254.56861    -2.2300     5.8986 -9.990e-29
 147.500790      5.147    15.4736  37.483303    29.7289      5.101  254.29707  254.56977    -0.9381     5.3244 -9.990e-29
 147.500793      5.175    15.4745  37.478871    29.7297      5.128  254.29129  254.56403    -0.9381     5.3527 0.0000e+00
 147.500796      5.218    15.4753  37.482195    29.7289      5.172  254.28551  254.55829    -0.9381     5.3567 0.0000e+00
 147.500799      5.281    15.4777  37.481395    29.7303      5.233  254.27795  254.55086    -0.9537     5.3729 0.0000e+00
 147.500802      5.339    15.4788  37.484842    29.7286      5.291  254.26857  254.54152    -1.0627     5.3729 0.0000e+00
 147.500804      5.397    15.4799  37.483919    29.7286      5.349  254.26590  254.53892    -1.5452     5.4457 0.0000e+00
 147.500807      5.448    15.4815  37.482442    29.7260      5.400  254.26202  254.53514    -1.6852     5.5104 0.0000e+00
 147.500810      5.487    15.4822  37.479795    29.7243      5.438  254.26142  254.53458    -1.7008     5.5145 0.0000e+00
 147.500813      5.516    15.4829  37.482442    29.7226      5.467  254.26081  254.53402    -1.6852     5.5185 -9.990e-29
 147.500816      5.534    15.4834  37.482319    29.7245      5.485  254.25520  254.52842    -1.8097     5.4942 -9.990e-29
 147.500819      5.554    15.4828  37.480657    29.7234      5.505  254.25982  254.53302    -1.6385     5.3324 -9.990e-29
 147.500822      5.562    15.4823  37.482996    29.7259      5.512  254.25829  254.53145    -1.6074     5.3001 -9.990e-29
 147.500825      5.582    15.4820  37.484843    29.7259      5.532  254.25988  254.53302    -1.7164     5.2839 -9.990e-29
 147.500828      5.607    15.4822  37.482750    29.7233      5.557  254.26331  254.53648    -1.4985     5.3951 0.0000e+00
 147.500830      5.640    15.4824  37.477148    29.7208      5.590  254.26045  254.53371    -1.2806     5.5063 0.0000e+00
 147.500833      5.680    15.4836  37.478379    29.7206      5.629  254.26082  254.53410    -1.2183     5.5063 0.0000e+00
 147.500836      5.729    15.4839  37.477395    29.7197      5.678  254.26045  254.53371    -1.2183     5.4982 0.0000e+00
 147.500839      5.777    15.4844  37.476533    29.7190      5.725  254.25973  254.53304    -1.1639     5.4922 0.0000e+00
 147.500842      5.808    15.4849  37.478256    29.7182      5.756  254.25863  254.53198    -1.2806     5.4982 -9.990e-29
 147.500845      5.824    15.4881  37.480718    29.7194      5.772  254.24017  254.51366    -1.2806     5.9471 -9.990e-29
 147.500848      5.832    15.4882  37.480657    29.7193      5.779  254.23997  254.51346    -1.2650     5.9835 -9.990e-29
 147.500851      5.821    15.4878  37.479795    29.7188      5.769  254.24276  254.51624    -1.4206     5.9269 -9.990e-29
 147.500854      5.813    15.4872  37.480903    29.7202      5.761  254.24311  254.51655    -2.1833     5.3931 -9.990e-29
 147.500856      5.802    15.4868  37.479980    29.7197      5.750  254.24600  254.51942    -2.1833     5.4012 -9.990e-29
 147.500859      5.799    15.4857  37.480903    29.7214      5.747  254.24870  254.52206    -2.0743     5.3365 -9.990e-29
 147.500862      5.806    15.4854  37.476779    29.7202      5.754  254.25226  254.52561    -2.2611     5.3446 -9.990e-29
 147.500865      5.837    15.4861  37.479365    29.7195      5.785  254.25015  254.52354    -2.1755     5.8096 0.0000e+00
 147.500868      5.883    15.4867  37.478872    29.7202      5.830  254.24804  254.52147    -2.1522     6.2504 0.0000e+00
 147.500871      5.945    15.4876  37.481765    29.7202      5.891  254.24040  254.51385    -2.1522     6.2665 0.0000e+00
 147.500874      6.010    15.4878  37.481827    29.7207      5.957  254.23769  254.51119    -2.1522     6.2665 0.0000e+00
 147.500877      6.083    15.4878  37.484413    29.7208      6.029  254.23769  254.51119    -2.0743     6.2665 0.0000e+00
 147.500880      6.143    15.4875  37.481828    29.7212      6.089  254.24101  254.51446    -2.0588     5.7570 0.0000e+00
 147.500883      6.196    15.4870  37.481582    29.7210      6.141  254.24298  254.51641    -1.9576     5.7570 0.0000e+00
 147.500885      6.233    15.4865  37.482567    29.7212      6.177  254.24495  254.51835    -2.0588     5.7570 -9.990e-29
 147.500888      6.253    15.4832  37.477150    29.7198      6.197  254.26415  254.53740    -1.8720     5.7894 -9.990e-29
 147.500891      6.266    15.4831  37.481829    29.7240      6.210  254.25756  254.53077    -0.6736     5.5670 -9.990e-29
 147.500894      6.273    15.4835  37.477458    29.7198      6.217  254.26251  254.53578    -0.5646     5.5912 -9.990e-29
 147.500897      6.277    15.4839  37.479797    29.7216      6.220  254.25775  254.53101    -0.5179     5.5387 -9.990e-29
 147.500900      6.286    15.4840  37.477951    29.7199      6.230  254.26000  254.53329    -0.6424     5.5670 -9.990e-29
 147.500903      6.297    15.4842  37.476966    29.7189      6.240  254.26093  254.53423    -1.9809     5.7449 -9.990e-29
 147.500906      6.317    15.4849  37.482321    29.7224      6.260  254.25122  254.52453    -1.9187     5.7651 -9.990e-29
 147.500909      6.344    15.4850  37.481583    29.7212      6.287  254.25268  254.52600    -1.9032     5.7611 0.0000e+00
 147.500911      6.375    15.4849  37.479120    29.7211      6.318  254.25414  254.52747    -1.9187     5.7651 0.0000e+00
 147.500914      6.401    15.4846  37.479551    29.7206      6.343  254.25558  254.52889    -1.9109     5.7611 0.0000e+00
 147.500917      6.426    15.4842  37.482999    29.7211      6.369  254.25702  254.53031    -1.9343     5.7651 -9.990e-29
 147.500920      6.446    15.4815  37.482445    29.7257      6.388  254.26261  254.53573     0.0735     5.6357 -9.990e-29
 147.500923      6.457    15.4828  37.481152    29.7236      6.399  254.25989  254.53309     0.1513     5.6438 -9.990e-29
 147.500926      6.470    15.4827  37.480229    29.7228      6.412  254.26161  254.53481     0.1825     5.6559 -9.990e-29
 147.500929      6.479    15.4801  37.475613    29.7207      6.421  254.27843  254.55151    -1.4518     6.3029 -9.990e-29
 147.500932      6.497    15.4763  37.481092    29.7292      6.439  254.28265  254.55549    -1.4362     6.2746 -9.990e-29
 147.500935      6.523    15.4773  37.482077    29.7280      6.464  254.27988  254.55278    -1.4050     6.2949 0.0000e+00
 147.500937      6.567    15.4783  37.480907    29.7276      6.508  254.27711  254.55007    -1.3739     6.2746 0.0000e+00
 147.500940      6.614    15.4806  37.483923    29.7267      6.555  254.26397  254.53703    -0.6113     6.0320 0.0000e+00
 147.500943      6.669    15.4820  37.483739    29.7267      6.609  254.25899  254.53213    -0.6113     6.0320 0.0000e+00
 147.500946      6.729    15.4834  37.485278    29.7264      6.669  254.25457  254.52781    -0.7047     6.0320 0.0000e+00
 147.500949      6.789    15.4837  37.482446    29.7250      6.728  254.25137  254.52457    -0.7047     6.0158 0.0000e+00
 147.500952      6.845    15.4837  37.483924    29.7239      6.784  254.25457  254.52781    -0.0199     5.6640 0.0000e+00
 147.500955      6.880    15.4826  37.478507    29.7237      6.819  254.26078  254.53396     0.1046     5.6559 0.0000e+00
 147.500958      6.913    15.4811  37.481647    29.7224      6.851  254.27039  254.54352     0.2292     5.6640 -9.990e-29
 147.500961      6.928    15.4741  37.483741    29.7323      6.866  254.28887  254.56157     0.0891     5.6357 -9.990e-29
 147.500964      6.931    15.4739  37.481648    29.7305      6.869  254.29268  254.56538     0.1358     5.6195 -9.990e-29
 147.500966      6.924    15.4742  37.479124    29.7281      6.862  254.29537  254.56812    -0.6113     5.7651 -9.990e-29
 147.500969      6.920    15.4737  37.479801    29.7291      6.858  254.29639  254.56910    -0.8448     5.7570 -9.990e-29
 147.500972      6.920    15.4724  37.477154    29.7277      6.858  254.30517  254.57782    -0.4868     5.7611 -9.990e-29
 147.500975      6.929    15.4703  37.478632    29.7306      6.867  254.31085  254.58338    -0.7358     5.8096 -9.990e-29
 147.500978      6.949    15.4666  37.480048    29.7348      6.887  254.32255  254.59486    -0.7981     5.8905 -9.990e-29
 147.500981      6.980    15.4661  37.480233    29.7353      6.918  254.32385  254.59613    -0.8370     5.9006 0.0000e+00
 147.500984      7.013    15.4657  37.480664    29.7358      6.950  254.32514  254.59740    -0.7981     5.8905 0.0000e+00
 147.500987      7.051    15.4631  37.480911    29.7380      6.988  254.33449  254.60661    -0.7514     5.8703 0.0000e+00
 147.500990      7.086    15.4608  37.479803    29.7388      7.023  254.33936  254.61130    -0.7514     5.2314 0.0000e+00
 147.500992      7.121    15.4605  37.484851    29.7412      7.057  254.34220  254.61417    -0.7748     5.2253 0.0000e+00
 147.500995      7.150    15.4602  37.482204    29.7436      7.086  254.33936  254.61130    -0.7981     5.2192 -9.990e-29
 147.500998      7.172    15.4629  37.480726    29.7380      7.108  254.33573  254.60784    -0.8759     5.2435 -9.990e-29
 147.501001      7.196    15.4639  37.480665    29.7371      7.131  254.33202  254.60418    -0.7047     6.7154 -9.990e-29
 147.501004      7.219    15.4625  37.480726    29.7370      7.155  254.33942  254.61152    -0.6736     6.7599 -9.990e-29
 147.501007      7.245    15.4619  37.479311    29.7388      7.180  254.33937  254.61143    -0.7047     6.7377 0.0000e+00
 147.501010      7.280    15.4613  37.482451    29.7386      7.214  254.33942  254.61152    -0.7358     6.7437 0.0000e+00
 147.501013      7.323    15.4603  37.479311    29.7386      7.258  254.34771  254.61968    -0.7358     6.7154 0.0000e+00
 147.501016      7.373    15.4573  37.476727    29.7386      7.307  254.36319  254.63501    -0.2066     6.5294 0.0000e+00
 147.501019      7.420    15.4548  37.479312    29.7427      7.354  254.36836  254.64004    -0.2066     6.5294 0.0000e+00
 147.501021      7.462    15.4538  37.478512    29.7428      7.395  254.37345  254.64507    -0.1132     6.5375 0.0000e+00
 147.501024      7.497    15.4534  37.480236    29.7439      7.430  254.37361  254.64520    -0.1599     6.5517 0.0000e+00
 147.501027      7.524    15.4530  37.478944    29.7449      7.457  254.37376  254.64532    -0.1132     6.5658 -9.990e-29
 147.501030      7.544    15.4528  37.477959    29.7430      7.477  254.37817  254.64974    -0.7669     5.6883 -9.990e-29
 147.501033      7.551    15.4529  37.480667    29.7453      7.484  254.37372  254.64527    -0.5957     5.6762 -9.990e-29
 147.501036      7.553    15.4531  37.479559    29.7442      7.486  254.37454  254.64611    -0.5646     5.6519 -9.990e-29
 147.501039      7.546    15.4532  37.478267    29.7430      7.478  254.37623  254.64782    -0.5802     5.7651 -9.990e-29
