seaocn-cb/data/ctd_cnv/SBE19plus_01907321_2024_05_28_Cast93.cnv
* Sea-Bird SBE19plus  Data File:
* FileName = E:\Prandtl_Daten\2024\28052024\raw\SBE19plus_01907321_2024_05_28_Cast93.hex
* Software version 2.6.1.12
* Temperature SN = 7321
* Conductivity SN = 7321
* System UpLoad Time = May 28 2024 12:01:24
* <ApplicationData>
* <Seaterm232>
** 20240527
** Sea Practical 2024
** MCat 27.05 CTD_SP7
** NMEA Latitude = 54 8.36N
** NMEA Longitude = 008 20.85E
** waterdepth = 14.0m
** Isabelle
# nquan = 11
# nvalues = 492                         
# units = specified
# name 0 = timeJ: Julian Days
# name 1 = prdM: Pressure, Strain Gauge [db]
# name 2 = tv290C: Temperature [ITS-90, deg C]
# name 3 = c0mS/cm: Conductivity [mS/cm]
# name 4 = sal00: Salinity, Practical [PSU]
# name 5 = depSM: Depth [salt water, m], lat = 54.00
# name 6 = oxsatMm/Kg: Oxygen Saturation, Weiss [umol/kg]
# name 7 = oxsolMm/Kg: Oxygen Saturation, Garcia & Gordon [umol/kg]
# name 8 = turbWETntu0: Turbidity, WET Labs ECO [NTU]
# name 9 = flECO-AFL: Fluorescence, WET Labs ECO-AFL/FL [mg/m^3]
# name 10 = flag:  0.000e+00
# span 0 = 149.497471, 149.498892       
# span 1 =      0.604,     13.278       
# span 2 =    15.0169,    16.7800       
# span 3 =  37.166234,  37.867699       
# span 4 =    28.5925,    30.4204       
# span 5 =      0.599,     13.159       
# span 6 =  249.74419,  255.42519       
# span 7 =  250.08513,  255.66939       
# span 8 =    -4.3311,    10.0502       
# span 9 =     1.7781,     7.8415       
# span 10 = 0.0000e+00, 0.0000e+00      
# interval = seconds: 0.25
# start_time = May 28 2024 11:54:51 [Instrument's time stamp, header]
# bad_flag = -9.990e-29
*END*
[from data line 132]
 149.497853      4.368    16.0520  37.194168    29.0508      4.329  252.55823  252.86355    -2.8837     3.0761 -9.990e-29
 149.497856      4.363    16.0485  37.195825    29.0548      4.324  252.56887  252.87400    -3.0860     3.0559 -9.990e-29
 149.497859      4.348    16.0447  37.193678    29.0557      4.310  252.58639  252.89134    -3.0393     3.0074 -9.990e-29
 149.497862      4.328    16.0421  37.195642    29.0594      4.290  252.59328  252.89809    -3.1794     2.7930 -9.990e-29
 149.497865      4.321    16.0400  37.199140    29.0639      4.282  252.59580  252.90047    -3.2261     2.7930 -9.990e-29
 149.497867      4.335    16.0366  37.199509    29.0685      4.297  252.60506  252.90955    -3.3506     2.7688 -9.990e-29
 149.497870      4.374    16.0357  37.201534    29.0708      4.335  252.60575  252.91018    -3.5452     2.7405 0.0000e+00
 149.497873      4.438    16.0347  37.205217    29.0730      4.398  252.60644  252.91081    -3.3817     2.7122 0.0000e+00
 149.497876      4.505    16.0319  37.203806    29.0738      4.465  252.61933  252.92356    -3.6463     2.6839 0.0000e+00
 149.497879      4.578    16.0291  37.203929    29.0760      4.537  252.62962  252.93370    -3.3973     2.6717 0.0000e+00
 149.497882      4.644    16.0256  37.205219    29.0796      4.602  252.64055  252.94444    -3.3973     2.6717 0.0000e+00
 149.497885      4.690    16.0241  37.204728    29.0804      4.648  252.64659  252.95041    -3.3895     2.6475 0.0000e+00
 149.497888      4.722    16.0226  37.208964    29.0813      4.680  252.65263  252.95638    -3.3817     2.6232 -9.990e-29
 149.497891      4.735    16.0196  37.203808    29.0827      4.693  252.66537  252.96896    -3.3506     2.5585 -9.990e-29
 149.497894      4.735    16.0185  37.207614    29.0869      4.693  252.66384  252.96735    -3.3506     2.5949 -9.990e-29
 149.497896      4.728    16.0177  37.205220    29.0854      4.685  252.67040  252.97389    -3.5685     2.5666 -9.990e-29
 149.497899      4.717    16.0165  37.200433    29.0821      4.675  252.68204  252.98549    -3.9420     2.5949 -9.990e-29
 149.497902      4.715    16.0148  37.204729    29.0871      4.673  252.68186  252.98520    -3.8331     2.5585 -9.990e-29
 149.497905      4.730    16.0098  37.202213    29.0928      4.687  252.69699  253.00005    -3.7397     2.6192 -9.990e-29
 149.497908      4.766    16.0077  37.207185    29.0954      4.724  252.70300  253.00595    -3.1794     2.5545 0.0000e+00
 149.497911      4.817    16.0056  37.209518    29.0979      4.774  252.70901  253.01185    -2.6813     2.4898 0.0000e+00
 149.497914      4.874    15.9971  37.218972    29.1123      4.830  252.72675  253.02909    -2.6813     2.4898 0.0000e+00
 149.497917      4.930    15.9858  37.223209    29.1243      4.886  252.76273  253.06445    -2.6813     2.5221 0.0000e+00
 149.497920      4.974    15.9821  37.221123    29.1261      4.930  252.77830  253.07984    -2.6969     2.5221 0.0000e+00
 149.497922      5.005    15.9783  37.232542    29.1279      4.961  252.79388  253.09523    -2.7125     2.5221 -9.990e-29
 149.497925      5.025    15.9647  37.247831    29.1611      4.980  252.80471  253.10519    -2.9459     3.0559 -9.990e-29
 149.497928      5.031    15.9511  37.250351    29.1733      4.986  252.85211  253.15187    -2.9148     3.0599 -9.990e-29
 149.497931      5.034    15.9393  37.249677    29.1814      4.989  252.89716  253.19631    -2.8992     3.0397 -9.990e-29
 149.497934      5.032    15.9322  37.248818    29.1858      4.987  252.92493  253.22371    -1.3584     2.6879 -9.990e-29
 149.497937      5.033    15.9269  37.265215    29.2040      4.988  252.92019  253.21859    -1.3117     2.7122 -9.990e-29
 149.497940      5.038    15.9193  37.286283    29.2280      4.993  252.91702  253.21490    -1.4051     2.6879 -9.990e-29
 149.497943      5.053    15.8933  37.301766    29.2732      5.007  252.96942  253.26575    -3.5529     3.0316 -9.990e-29
 149.497946      5.082    15.8854  37.316207    29.2784      5.036  252.99981  253.29572    -3.5296     3.0235 0.0000e+00
 149.497948      5.131    15.8776  37.314919    29.2837      5.085  253.03019  253.32569    -3.5062     3.0154 0.0000e+00
 149.497951      5.195    15.8644  37.342084    29.3171      5.148  253.03851  253.33315    -3.5062     3.0154 0.0000e+00
 149.497954      5.268    15.8465  37.358807    29.3449      5.221  253.08034  253.37393    -3.5529     3.0154 0.0000e+00
 149.497957      5.330    15.8265  37.368831    29.3685      5.282  253.14023  253.43270    -3.6774     3.0357 0.0000e+00
 149.497960      5.383    15.8179  37.363607    29.3726      5.335  253.17635  253.46839    -3.7475     3.0701 0.0000e+00
 149.497963      5.419    15.8093  37.376213    29.3766      5.371  253.21247  253.50407    -3.9420     3.1044 -9.990e-29
 149.497966      5.430    15.7910  37.380026    29.4045      5.382  253.25608  253.54661    -3.7864     3.0882 -9.990e-29
 149.497969      5.428    15.7812  37.389067    29.4197      5.380  253.27941  253.56935    -3.7086     3.1246 -9.990e-29
 149.497972      5.419    15.7702  37.399523    29.4370      5.371  253.30471  253.59399    -3.2105     3.4643 -9.990e-29
 149.497975      5.399    15.7581  37.407398    29.4529      5.351  253.33804  253.62663    -3.0393     3.4319 -9.990e-29
 149.497977      5.387    15.7483  37.411951    29.4642      5.338  253.36781  253.65585    -2.9771     3.5209 -9.990e-29
 149.497980      5.387    15.7402  37.420133    29.4774      5.338  253.38586  253.67341    -3.1327     3.4926 -9.990e-29
 149.497983      5.394    15.7313  37.420257    29.4842      5.346  253.41909  253.70617    -3.9887     3.4077 -9.990e-29
 149.497986      5.419    15.7163  37.426226    29.5049      5.371  253.45829  253.74449    -3.6930     3.4279 -9.990e-29
 149.497989      5.474    15.7116  37.431272    29.5110      5.425  253.47151  253.75743    -3.7319     3.3935 0.0000e+00
 149.497992      5.542    15.7069  37.437241    29.5172      5.492  253.48472  253.77038    -3.7086     3.3591 0.0000e+00
 149.497995      5.611    15.6996  37.440196    29.5252      5.561  253.50775  253.79300    -3.7708     3.2783 0.0000e+00
 149.497998      5.677    15.6920  37.443766    29.5340      5.626  253.53072  253.81554    -3.8798     3.2581 0.0000e+00
 149.498001      5.733    15.6840  37.445736    29.5416      5.682  253.55759  253.84197    -3.8798     3.2581 0.0000e+00
 149.498003      5.774    15.6804  37.450168    29.5463      5.722  253.56782  253.85199    -3.8720     3.2803 0.0000e+00
 149.498006      5.801    15.6768  37.448507    29.5509      5.749  253.57804  253.86200    -3.8642     3.3025 -9.990e-29
 149.498009      5.819    15.6675  37.451030    29.5586      5.767  253.61160  253.89505    -3.9109     3.7109 -9.990e-29
 149.498012      5.821    15.6629  37.455154    29.5657      5.769  253.62274  253.90592    -3.8175     3.7029 -9.990e-29
 149.498015      5.814    15.6592  37.456324    29.5695      5.762  253.63483  253.91780    -3.9732     3.7595 -9.990e-29
 149.498018      5.801    15.6545  37.460017    29.5762      5.749  253.64661  253.92931    -3.9576     3.7271 -9.990e-29
 149.498021      5.788    15.6470  37.465065    29.5863      5.736  253.66724  253.94950    -3.8175     3.5532 -9.990e-29
 149.498024      5.784    15.6390  37.470790    29.5973      5.733  253.68832  253.97011    -3.8487     3.5371 -9.990e-29
 149.498027      5.795    15.6267  37.475161    29.6101      5.744  253.72837  254.00946    -3.9109     3.5613 -9.990e-29
 149.498030      5.828    15.6246  37.474915    29.6104      5.776  253.73821  254.01920    -3.8798     3.6826 0.0000e+00
 149.498032      5.876    15.6226  37.472085    29.6107      5.823  253.74805  254.02894    -3.8487     3.8039 0.0000e+00
 149.498035      5.938    15.6183  37.474917    29.6164      5.885  253.75999  254.04063    -3.7553     3.8484 0.0000e+00
 149.498038      6.000    15.6136  37.478242    29.6228      5.946  253.77235  254.05272    -3.7553     3.8484 0.0000e+00
 149.498041      6.066    15.6071  37.480212    29.6294      6.011  253.79386  254.07385    -3.8798     3.8484 0.0000e+00
 149.498044      6.117    15.6041  37.481075    29.6320      6.062  253.80442  254.08425    -3.9265     3.9293 0.0000e+00
 149.498047      6.155    15.6011  37.478183    29.6346      6.100  253.81498  254.09465    -3.9732     4.0870 -9.990e-29
 149.498050      6.175    15.5938  37.480030    29.6391      6.120  253.84403  254.12331    -4.0354     4.3256 -9.990e-29
 149.498053      6.179    15.5911  37.478614    29.6400      6.123  253.85651  254.13565    -4.0043     4.2609 -9.990e-29
 149.498056      6.171    15.5892  37.485755    29.6476      6.116  253.85267  254.13166    -3.9887     4.3013 -9.990e-29
 149.498058      6.147    15.5879  37.481754    29.6451      6.093  253.86349  254.14243    -4.2066     3.8363 -9.990e-29
 149.498061      6.133    15.5856  37.483663    29.6485      6.078  253.86940  254.14821    -4.3156     3.8686 -9.990e-29
 149.498064      6.131    15.5809  37.485264    29.6535      6.076  253.88464  254.16318    -3.9732     3.8727 -9.990e-29
 149.498067      6.155    15.5696  37.489635    29.6683      6.100  253.91571  254.19359    -3.3506     4.0304 -9.990e-29
 149.498070      6.206    15.5662  37.492530    29.6702      6.151  253.92967  254.20738    -3.3895     4.0082 0.0000e+00
 149.498073      6.275    15.5628  37.491053    29.6721      6.219  253.94364  254.22116    -3.3506     4.0223 0.0000e+00
 149.498076      6.348    15.5562  37.495364    29.6809      6.292  253.96213  254.23925    -3.3195     3.9859 0.0000e+00
 149.498079      6.412    15.5493  37.495180    29.6859      6.355  253.98837  254.26512    -3.3195     3.9778 0.0000e+00
 149.498082      6.465    15.5461  37.499984    29.6904      6.407  253.99664  254.27319    -3.5530     3.8545 0.0000e+00
 149.498084      6.500    15.5429  37.499553    29.6949      6.441  254.00490  254.28127    -3.9576     3.7312 -9.990e-29
 149.498087      6.518    15.5348  37.494259    29.6959      6.459  254.04433  254.32029    -3.9732     3.8646 -9.990e-29
 149.498090      6.518    15.5314  37.501832    29.7051      6.459  254.04539  254.32111    -4.0666     3.7473 -9.990e-29
 149.498093      6.514    15.5293  37.498446    29.7038      6.456  254.05852  254.33416    -3.6774     3.7554 -9.990e-29
 149.498096      6.501    15.5270  37.509468    29.7152      6.443  254.05016  254.32560    -3.8020     3.9859 -9.990e-29
 149.498099      6.494    15.5229  37.511193    29.7198      6.436  254.06282  254.33802    -3.6152     3.9536 -9.990e-29
 149.498102      6.502    15.5177  37.512240    29.7246      6.443  254.08064  254.35555    -3.7397     3.9253 -9.990e-29
 149.498105      6.523    15.5076  37.514273    29.7344      6.465  254.11477  254.38911    -3.8798     3.7109 -9.990e-29
 149.498108      6.558    15.5047  37.514767    29.7369      6.499  254.12534  254.39952    -3.8253     3.6765 0.0000e+00
 149.498111      6.604    15.5018  37.515383    29.7394      6.544  254.13592  254.40993    -3.8798     3.6665 0.0000e+00
 149.498113      6.651    15.4958  37.512428    29.7412      6.591  254.16284  254.43655    -3.7708     3.6665 0.0000e+00
 149.498116      6.699    15.4903  37.511875    29.7449      6.639  254.18461  254.45801    -3.9109     3.6907 0.0000e+00
 149.498119      6.751    15.4853  37.511999    29.7488      6.691  254.20328  254.47641    -3.9576     3.7635 0.0000e+00
 149.498122      6.786    15.4816  37.512061    29.7516      6.725  254.21703  254.48995    -3.9576     3.7837 0.0000e+00
 149.498125      6.824    15.4798  37.511754    29.7528      6.763  254.22404  254.49687    -3.9265     3.7999 0.0000e+00
 149.498128      6.855    15.4780  37.511877    29.7540      6.794  254.23106  254.50378    -3.8953     3.7837 -9.990e-29
 149.498131      6.874    15.4722  37.511755    29.7584      6.812  254.25285  254.52526    -4.3311     3.7433 -9.990e-29
 149.498134      6.889    15.4695  37.507937    29.7570      6.827  254.26873  254.54102    -3.8487     3.7029 -9.990e-29
 149.498137      6.896    15.4662  37.510832    29.7621      6.834  254.27693  254.54901    -4.2689     3.7393 -9.990e-29
 149.498139      6.894    15.4623  37.507445    29.7620      6.833  254.29655  254.56844    -4.0043     3.7554 -9.990e-29
 149.498142      6.907    15.4602  37.506953    29.7633      6.845  254.30555  254.57732    -4.1444     3.7109 -9.990e-29
 149.498145      6.918    15.4588  37.511880    29.7686      6.856  254.30298  254.57465    -3.9109     4.2811 -9.990e-29
 149.498148      6.940    15.4562  37.507877    29.7688      6.878  254.31575  254.58729    -3.7708     4.3498 -9.990e-29
 149.498151      6.974    15.4557  37.509910    29.7692      6.912  254.31811  254.58962    -3.8331     4.3559 0.0000e+00
 149.498154      7.022    15.4551  37.509725    29.7695      6.959  254.32047  254.59195    -3.7708     4.3498 0.0000e+00
 149.498157      7.073    15.4539  37.509910    29.7698      7.010  254.32463  254.59604    -3.5841     3.8484 0.0000e+00
 149.498160      7.122    15.4525  37.507879    29.7705      7.058  254.33307  254.60442    -3.5841     3.8484 0.0000e+00
 149.498163      7.171    15.4509  37.509480    29.7724      7.107  254.33652  254.60777    -3.5996     3.8484 0.0000e+00
 149.498166      7.208    15.4505  37.508803    29.7724      7.143  254.33867  254.60990    -3.6307     3.8626 0.0000e+00
 149.498168      7.235    15.4501  37.510342    29.7724      7.171  254.34082  254.61203    -3.6619     3.8363 -9.990e-29
 149.498171      7.246    15.4493  37.510404    29.7744      7.181  254.34132  254.61248    -3.8175     3.7756 -9.990e-29
 149.498174      7.250    15.4483  37.511205    29.7759      7.185  254.34391  254.61501    -3.8175     3.8403 -9.990e-29
 149.498177      7.246    15.4474  37.507141    29.7729      7.181  254.35340  254.62447    -3.8487     3.8242 -9.990e-29
 149.498180      7.248    15.4470  37.508988    29.7749      7.183  254.35203  254.62307    -3.9732     3.6746 -9.990e-29
 149.498183      7.255    15.4466  37.510404    29.7764      7.190  254.35132  254.62233    -3.8798     3.7190 -9.990e-29
 149.498186      7.279    15.4463  37.509481    29.7786      7.214  254.34902  254.62000    -3.7086     3.7312 -9.990e-29
 149.498189      7.308    15.4463  37.512683    29.7790      7.243  254.34847  254.61944    -3.8487     3.7150 0.0000e+00
 149.498192      7.347    15.4463  37.513422    29.7786      7.281  254.34902  254.62000    -3.9887     3.6988 0.0000e+00
 149.498194      7.389    15.4461  37.510836    29.7793      7.322  254.35112  254.62204    -4.2378     3.5613 0.0000e+00
 149.498197      7.438    15.4453  37.513854    29.7795      7.371  254.35280  254.62377    -4.2378     3.5613 0.0000e+00
 149.498200      7.476    15.4451  37.512437    29.7799      7.409  254.35311  254.62401    -4.0899     3.5633 0.0000e+00
 149.498203      7.511    15.4448  37.511637    29.7795      7.444  254.35509  254.62599    -3.9420     3.5654 -9.990e-29
 149.498206      7.536    15.4446  37.509728    29.7772      7.469  254.36018  254.63108    -4.1132     3.5694 -9.990e-29
 149.498209      7.551    15.4437  37.510098    29.7782      7.483  254.36285  254.63370    -4.1444     3.5977 -9.990e-29
 149.498212      7.567    15.4429  37.510160    29.7789      7.499  254.36600  254.63680    -4.1132     3.5694 -9.990e-29
 149.498215      7.578    15.4426  37.509482    29.7785      7.510  254.36822  254.63902    -4.1599     3.6018 -9.990e-29
 149.498218      7.591    15.4421  37.510406    29.7797      7.523  254.36857  254.63933    -4.0043     3.8848 -9.990e-29
 149.498220      7.606    15.4398  37.508805    29.7790      7.538  254.38139  254.65205    -3.8175     3.8929 -9.990e-29
 149.498223      7.637    15.4393  37.507636    29.7791      7.568  254.38379  254.65442    -3.8175     3.8969 0.0000e+00
 149.498226      7.677    15.4388  37.507020    29.7790      7.608  254.38619  254.65679    -3.8175     3.9010 0.0000e+00
