seaocn-cb/data/ctd_cnv/SBE19plus_01907321_2024_05_27_Cast67.cnv
* Sea-Bird SBE19plus  Data File:
* FileName = E:\Prandtl_Daten\2024\27052024\raw\SBE19plus_01907321_2024_05_26_Cast67.hex
* Software version 2.6.1.12
* Temperature SN = 7321
* Conductivity SN = 7321
* System UpLoad Time = May 27 2024 06:34:59
* <ApplicationData>
* <Seaterm232>
** 20240527
** Sea Practical 2024
** MCat 27.05 CTD_SP1
** NMEA Latitude = 054 07.814N
** NMEA Longitude = 008 46.850E
** waterdepth =13.2 m
** Merle
# nquan = 11
# nvalues = 484                         
# units = specified
# name 0 = timeJ: Julian Days
# name 1 = prdM: Pressure, Strain Gauge [db]
# name 2 = tv290C: Temperature [ITS-90, deg C]
# name 3 = c0mS/cm: Conductivity [mS/cm]
# name 4 = sal00: Salinity, Practical [PSU]
# name 5 = depSM: Depth [salt water, m], lat = 54.00
# name 6 = oxsatMm/Kg: Oxygen Saturation, Weiss [umol/kg]
# name 7 = oxsolMm/Kg: Oxygen Saturation, Garcia & Gordon [umol/kg]
# name 8 = turbWETntu0: Turbidity, WET Labs ECO [NTU]
# name 9 = flECO-AFL: Fluorescence, WET Labs ECO-AFL/FL [mg/m^3]
# name 10 = flag:  0.000e+00
# span 0 = 148.269184, 148.270582       
# span 1 =      0.437,     11.948       
# span 2 =    18.6715,    18.7262       
# span 3 =  36.310018,  36.324859       
# span 4 =    26.4896,    26.5242       
# span 5 =      0.433,     11.841       
# span 6 =  243.97661,  244.18172       
# span 7 =  244.40473,  244.60781       
# span 8 =     7.9957,    36.1358       
# span 9 =     2.5302,     4.5682       
# span 10 = 0.0000e+00, 0.0000e+00      
# interval = seconds: 0.25
# start_time = May 27 2024 06:26:17 [Instrument's time stamp, header]
# bad_flag = -9.990e-29
*END*
 148.269184      0.437    18.7167  36.320773    26.4985      0.433  244.01252  244.44030    10.0191     3.1206 0.0000e+00
 148.269187      0.483    18.7171  36.321745    26.4985      0.479  244.01030  244.43810    10.0813     2.6273 0.0000e+00
 148.269190      0.569    18.7172  36.321077    26.4990      0.564  244.01000  244.43779    10.2525     2.6273 0.0000e+00
 148.269193      0.664    18.7173  36.321989    26.4984      0.658  244.01030  244.43810    10.2681     2.6758 0.0000e+00
 148.269196      0.762    18.7173  36.319072    26.4974      0.755  244.01241  244.44023    10.2525     2.6919 0.0000e+00
 148.269198      0.857    18.7168  36.319680    26.4974      0.849  244.01328  244.44104     9.8945     2.8780 0.0000e+00
 148.269201      0.926    18.7166  36.321321    26.4982      0.918  244.01357  244.44134     9.7233     2.9083 0.0000e+00
 148.269204      0.964    18.7164  36.320653    26.4990      0.956  244.01328  244.44104     9.8945     2.9386 -9.990e-29
 148.269207      0.977    18.7167  36.317310    26.4955      0.969  244.01736  244.44515     9.5521     2.9103 -9.990e-29
 148.269210      0.963    18.7166  36.318890    26.4969      0.954  244.01557  244.44336     8.3381     2.7405 -9.990e-29
 148.269213      0.932    18.7167  36.320774    26.4983      0.923  244.01275  244.44053     8.3226     2.6879 -9.990e-29
 148.269216      0.892    18.7171  36.321321    26.4986      0.884  244.01075  244.43854     8.2292     2.7364 -9.990e-29
 148.269219      0.862    18.7176  36.320652    26.4977      0.855  244.00974  244.43755     8.3226     2.7162 -9.990e-29
 148.269222      0.844    18.7178  36.321503    26.4983      0.837  244.00798  244.43579     8.3381     2.7324 -9.990e-29
 148.269225      0.844    18.7178  36.319741    26.4969      0.837  244.01031  244.43813     8.5249     2.7041 -9.990e-29
 148.269227      0.868    18.7182  36.321807    26.4982      0.860  244.00601  244.43385     8.4938     2.7566 -9.990e-29
 148.269230      0.919    18.7180  36.322841    26.4994      0.911  244.00502  244.43284     8.3692     2.6919 -9.990e-29
 148.269233      1.006    18.7182  36.323084    26.4989      0.997  244.00518  244.43300     8.1513     2.6940 0.0000e+00
 148.269236      1.105    18.7181  36.322173    26.4984      1.095  244.00533  244.43316     8.1825     2.6960 0.0000e+00
 148.269239      1.194    18.7181  36.320167    26.4969      1.184  244.00865  244.43649     7.9957     2.6960 0.0000e+00
 148.269242      1.269    18.7178  36.319499    26.4968      1.258  244.01021  244.43804     8.0891     2.7183 0.0000e+00
 148.269245      1.322    18.7175  36.319560    26.4967      1.310  244.01177  244.43958     7.9957     2.6960 -9.990e-29
 148.269248      1.342    18.7163  36.316217    26.4948      1.330  244.02054  244.44833     9.5521     2.8699 -9.990e-29
 148.269251      1.337    18.7162  36.321323    26.4990      1.325  244.01409  244.44185     9.4432     2.8739 -9.990e-29
 148.269253      1.315    18.7160  36.318223    26.4966      1.303  244.01881  244.44658     9.3187     2.8133 -9.990e-29
 148.269256      1.278    18.7158  36.319074    26.4975      1.267  244.01861  244.44637     9.5210     2.8739 -9.990e-29
 148.269259      1.244    18.7158  36.321748    26.4997      1.232  244.01506  244.44280     9.3031     2.9427 -9.990e-29
 148.269262      1.214    18.7163  36.319560    26.4976      1.203  244.01606  244.44383     9.3187     2.9467 -9.990e-29
 148.269265      1.216    18.7167  36.318223    26.4962      1.205  244.01626  244.44405     9.3965     2.9022 -9.990e-29
 148.269268      1.247    18.7170  36.310018    26.4970      1.236  244.01367  244.44146     8.7739     2.8860 -9.990e-29
 148.269271      1.306    18.7173  36.319499    26.4981      1.294  244.01065  244.43845     8.7116     2.8598 0.0000e+00
 148.269274      1.388    18.7175  36.322660    26.4971      1.375  244.00764  244.43544     8.7739     2.8497 0.0000e+00
 148.269277      1.472    18.7183  36.320655    26.4977      1.458  244.00751  244.43535     8.6494     2.8335 0.0000e+00
 148.269280      1.554    18.7190  36.321992    26.4971      1.540  244.00751  244.43535     8.7739     2.8497 0.0000e+00
 148.269282      1.630    18.7193  36.316643    26.4953      1.616  244.00588  244.43376     8.8284     2.8415 0.0000e+00
 148.269285      1.678    18.7195  36.320108    26.4930      1.663  244.00850  244.43640     9.0074     2.8820 -9.990e-29
 148.269288      1.701    18.7200  36.319987    26.4954      1.686  244.00253  244.43044     8.2759     2.7809 -9.990e-29
 148.269291      1.705    18.7205  36.318224    26.4937      1.690  244.00299  244.43092     8.3537     2.7688 -9.990e-29
 148.269294      1.694    18.7209  36.322418    26.4968      1.679  243.99586  244.42379     8.0891     2.8011 -9.990e-29
 148.269297      1.671    18.7214  36.322174    26.4962      1.656  243.99429  244.42224     8.6183     2.5989 -9.990e-29
 148.269300      1.649    18.7218  36.323512    26.4971      1.634  243.99125  244.41921     8.4004     2.6879 -9.990e-29
 148.269303      1.636    18.7226  36.320168    26.4939      1.621  243.99285  244.42085     8.7272     2.6677 -9.990e-29
 148.269306      1.643    18.7234  36.322843    26.4933      1.629  243.98972  244.41776     8.5405     2.7324 -9.990e-29
 148.269308      1.669    18.7236  36.320168    26.4920      1.654  243.99115  244.41920     8.5172     2.7627 0.0000e+00
 148.269311      1.707    18.7238  36.317069    26.4933      1.692  243.98972  244.41776     8.5405     2.7688 0.0000e+00
 148.269314      1.765    18.7238  36.321810    26.4944      1.750  243.98634  244.41438     8.4938     2.7930 0.0000e+00
 148.269317      1.831    18.7241  36.322843    26.4944      1.815  243.98634  244.41438     8.6183     2.8133 0.0000e+00
 148.269320      1.902    18.7241  36.318406    26.4943      1.885  243.98620  244.41425     8.9918     2.8133 0.0000e+00
 148.269323      1.968    18.7239  36.321750    26.4929      1.951  243.98918  244.41723     8.9918     2.7809 0.0000e+00
 148.269326      2.021    18.7238  36.319987    26.4936      2.003  243.98769  244.41574     8.9607     2.7648 0.0000e+00
 148.269329      2.050    18.7237  36.322054    26.4929      2.032  243.98918  244.41723     8.8829     2.7809 -9.990e-29
 148.269332      2.059    18.7241  36.319987    26.4927      2.041  243.98794  244.41601     9.2875     2.7930 -9.990e-29
 148.269334      2.054    18.7239  36.321324    26.4939      2.035  243.98680  244.41485     9.8478     2.7000 -9.990e-29
 148.269337      2.041    18.7238  36.322175    26.4946      2.023  243.98598  244.41403     9.7078     2.7243 -9.990e-29
 148.269340      2.024    18.7241  36.320169    26.4928      2.006  243.98769  244.41575     9.9568     2.7324 -9.990e-29
 148.269343      2.010    18.7241  36.321811    26.4942      1.992  243.98551  244.41356     9.8323     2.7122 -9.990e-29
 148.269346      2.024    18.7240  36.321081    26.4920      2.006  243.98947  244.41753     8.9296     2.6919 -9.990e-29
 148.269349      2.059    18.7240  36.319076    26.4928      2.041  243.98800  244.41606     9.0152     2.6697 0.0000e+00
 148.269352      2.110    18.7240  36.321082    26.4930      2.091  243.98869  244.41675     9.0074     2.6475 0.0000e+00
 148.269355      2.167    18.7238  36.320170    26.4936      2.148  243.98696  244.41500     9.1008     2.6475 0.0000e+00
 148.269358      2.234    18.7238  36.321507    26.4940      2.214  243.98696  244.41500     9.3809     3.5330 0.0000e+00
 148.269361      2.293    18.7238  36.323088    26.4940      2.272  243.98694  244.41500     9.4587     3.5330 0.0000e+00
 148.269363      2.340    18.7240  36.321082    26.4936      2.319  243.98684  244.41491     9.5988     3.5209 0.0000e+00
 148.269366      2.378    18.7242  36.319988    26.4930      2.357  243.98689  244.41495     9.6455     3.5047 0.0000e+00
 148.269369      2.406    18.7244  36.323757    26.4924      2.384  243.98684  244.41491     9.6922     3.4885 -9.990e-29
 148.269372      2.422    18.7250  36.318408    26.4907      2.400  243.98675  244.41486     9.4899     2.7930 -9.990e-29
 148.269375      2.426    18.7248  36.322845    26.4944      2.404  243.98182  244.40990     9.3187     2.7647 -9.990e-29
 148.269378      2.426    18.7245  36.321994    26.4939      2.404  243.98389  244.41196     9.1786     2.7607 -9.990e-29
 148.269381      2.430    18.7244  36.320839    26.4930      2.408  243.98573  244.41381     9.3031     2.7486 -9.990e-29
 148.269384      2.433    18.7241  36.318408    26.4912      2.412  243.98989  244.41797     8.8673     3.1367 -9.990e-29
 148.269387      2.442    18.7245  36.319320    26.4918      2.421  243.98744  244.41552     8.8206     3.1367 -9.990e-29
 148.269389      2.457    18.7241  36.322481    26.4945      2.435  243.98451  244.41257     8.9451     3.1651 -9.990e-29
 148.269392      2.479    18.7234  36.321751    26.4949      2.457  243.98713  244.41516     9.5210     2.8173 -9.990e-29
 148.269395      2.510    18.7236  36.322420    26.4938      2.488  243.98812  244.41616     9.4821     2.7950 0.0000e+00
 148.269398      2.546    18.7237  36.319989    26.4927      2.524  243.98911  244.41716     9.5210     2.7728 0.0000e+00
 148.269401      2.587    18.7238  36.319077    26.4927      2.563  243.98911  244.41716     9.4432     2.7566 0.0000e+00
 148.269404      2.636    18.7240  36.322664    26.4939      2.612  243.98559  244.41365     9.3809     2.7566 0.0000e+00
 148.269407      2.693    18.7241  36.321752    26.4939      2.668  243.98559  244.41365     8.6183     2.7566 0.0000e+00
 148.269410      2.747    18.7245  36.320172    26.4934      2.723  243.98559  244.41365     8.6183     2.7890 0.0000e+00
 148.269413      2.800    18.7246  36.321752    26.4929      2.775  243.98479  244.41287     8.6961     2.8011 0.0000e+00
 148.269416      2.840    18.7248  36.320658    26.4934      2.815  243.98313  244.41121     8.7895     2.7890 -9.990e-29
 148.269418      2.864    18.7249  36.322847    26.4942      2.838  243.98139  244.40948     9.2253     2.8092 -9.990e-29
 148.269421      2.875    18.7248  36.322421    26.4940      2.849  243.98259  244.41067     9.4276     3.7999 -9.990e-29
 148.269424      2.879    18.7249  36.321510    26.4931      2.853  243.98317  244.41126     9.5521     3.8201 -9.990e-29
 148.269427      2.882    18.7246  36.320172    26.4923      2.856  243.98620  244.41428     9.3809     3.7756 -9.990e-29
 148.269430      2.875    18.7248  36.321996    26.4936      2.849  243.98315  244.41124     9.6922     3.8242 -9.990e-29
 148.269433      2.879    18.7247  36.321814    26.4935      2.853  243.98371  244.41179     8.6961     2.7405 -9.990e-29
 148.269436      2.886    18.7248  36.321327    26.4930      2.860  243.98373  244.41182     8.5560     2.7607 -9.990e-29
 148.269439      2.911    18.7255  36.321084    26.4924      2.885  243.98188  244.40999     8.7272     2.8213 -9.990e-29
 148.269442      2.946    18.7255  36.321084    26.4920      2.920  243.98218  244.41029     8.9374     2.8617 0.0000e+00
 148.269444      2.994    18.7255  36.320173    26.4917      2.967  243.98248  244.41060     9.1475     2.9022 0.0000e+00
 148.269447      3.050    18.7253  36.320112    26.4917      3.023  243.98384  244.41195     9.3031     2.9184 0.0000e+00
 148.269450      3.105    18.7248  36.321510    26.4917      3.077  243.98390  244.41199     9.3031     2.9548 0.0000e+00
 148.269453      3.158    18.7248  36.318897    26.4930      3.129  243.98390  244.41199     9.2097     2.9629 0.0000e+00
 148.269456      3.196    18.7253  36.321754    26.4930      3.167  243.98174  244.40984     8.8673     3.0074 0.0000e+00
 148.269459      3.223    18.7256  36.323760    26.4936      3.195  243.97932  244.40743     8.8129     3.0377 0.0000e+00
 148.269462      3.251    18.7259  36.320538    26.4942      3.222  243.97690  244.40502     8.7584     3.0074 -9.990e-29
 148.269465      3.254    18.7262  36.321511    26.4922      3.225  243.97863  244.40677     8.8517     3.0397 -9.990e-29
 148.269468      3.256    18.7261  36.323273    26.4937      3.227  243.97693  244.40506     8.6650     3.0074 -9.990e-29
 148.269470      3.251    18.7261  36.323517    26.4939      3.222  243.97661  244.40473     8.5093     2.6111 -9.990e-29
 148.269473      3.253    18.7261  36.319323    26.4905      3.223  243.98216  244.41030     8.7584     2.5342 -9.990e-29
 148.269476      3.267    18.7256  36.321389    26.4925      3.238  243.98100  244.40912     8.5560     2.5989 -9.990e-29
 148.269479      3.289    18.7254  36.319323    26.4943      3.260  243.97915  244.40725     8.4315     2.7647 -9.990e-29
 148.269482      3.327    18.7255  36.323517    26.4933      3.298  243.97999  244.40810     8.3148     2.7546 0.0000e+00
 148.269485      3.384    18.7257  36.321329    26.4936      3.354  243.97915  244.40725     8.2447     2.7445 0.0000e+00
 148.269488      3.448    18.7259  36.323092    26.4928      3.417  243.97841  244.40654     8.2447     2.7445 0.0000e+00
 148.269491      3.504    18.7259  36.322241    26.4928      3.473  243.97841  244.40654     8.4938     2.7486 0.0000e+00
 148.269494      3.550    18.7259  36.319992    26.4919      3.518  243.98038  244.40851     8.6261     2.7607 0.0000e+00
 148.269497      3.587    18.7258  36.321512    26.4911      3.554  243.98235  244.41048     8.7584     2.7486 -9.990e-29
 148.269499      3.608    18.7255  36.321087    26.4922      3.576  243.98218  244.41030     9.2253     2.6919 -9.990e-29
 148.269502      3.618    18.7254  36.323518    26.4943      3.585  243.97928  244.40739     9.1630     2.7041 -9.990e-29
 148.269505      3.625    18.7250  36.323275    26.4943      3.592  243.98087  244.40895    10.7661     3.1893 -9.990e-29
 148.269508      3.628    18.7246  36.323093    26.4944      3.596  243.98268  244.41075    10.8751     3.2055 -9.990e-29
 148.269511      3.634    18.7242  36.321330    26.4932      3.601  243.98627  244.41434    10.6572     3.2014 -9.990e-29
 148.269514      3.638    18.7237  36.321087    26.4933      3.605  243.98848  244.41652    10.8906     3.1974 -9.990e-29
 148.269517      3.661    18.7228  36.321999    26.4923      3.629  243.99430  244.42232     9.6611     2.8375 -9.990e-29
 148.269520      3.696    18.7225  36.319081    26.4934      3.663  243.99376  244.42176     9.5677     2.8274 0.0000e+00
 148.269523      3.734    18.7223  36.321331    26.4928      3.701  243.99430  244.42232     9.4743     2.8375 0.0000e+00
 148.269525      3.776    18.7223  36.319325    26.4928      3.742  243.99589  244.42390     9.4743     2.8618 0.0000e+00
 148.269528      3.820    18.7221  36.319082    26.4928      3.786  243.99589  244.42390     9.5210     2.8699 0.0000e+00
 148.269531      3.862    18.7221  36.321756    26.4927      3.827  243.99686  244.42486    10.2525     2.9305 0.0000e+00
 148.269534      3.898    18.7221  36.319082    26.4945      3.863  243.99394  244.42193    10.3459     2.9305 0.0000e+00
 148.269537      3.929    18.7221  36.321331    26.4942      3.894  243.99396  244.42195    10.3303     2.9265 0.0000e+00
 148.269540      3.955    18.7221  36.321088    26.4943      3.920  243.99395  244.42194    10.3381     2.9184 0.0000e+00
 148.269543      3.982    18.7222  36.321088    26.4942      3.947  243.99396  244.42195    10.3303     2.9265 -9.990e-29
 148.269546      4.002    18.7228  36.315800    26.4896      3.967  243.99909  244.42713     9.7389     2.8375 -9.990e-29
 148.269549      4.012    18.7227  36.319690    26.4928      3.976  243.99426  244.42228     9.8323     2.8092 -9.990e-29
 148.269552      4.030    18.7217  36.319751    26.4934      3.994  243.99764  244.42562     9.6455     2.8092 -9.990e-29
 148.269554      4.048    18.7209  36.319569    26.4938      4.012  244.00072  244.42867     8.7739     3.1893 -9.990e-29
 148.269557      4.066    18.7208  36.319569    26.4942      4.030  244.00049  244.42844     8.6961     3.2217 -9.990e-29
 148.269560      4.096    18.7208  36.319995    26.4948      4.059  243.99949  244.42744     8.8129     3.2156 0.0000e+00
