seaocn-cb/data/ctd_cnv/SBE19plus_01907321_2024_05_27_Cast80.cnv
* Sea-Bird SBE19plus  Data File:
* FileName = E:\Prandtl_Daten\2024\27052024\raw\SBE19plus_01907321_2024_05_27_Cast80.hex
* Software version 2.6.1.12
* Temperature SN = 7321
* Conductivity SN = 7321
* System UpLoad Time = May 27 2024 11:22:25
* <ApplicationData>
* <Seaterm232>
** 20240527
** Sea Practical 2024
** MCat 27.05 CTD_SP5
** NMEA Latitude = 54 7.781N
** NMEA Longitude = 008 25.579E
** waterdepth = 10.1m
** Merle
# nquan = 11
# nvalues = 318                         
# units = specified
# name 0 = timeJ: Julian Days
# name 1 = prdM: Pressure, Strain Gauge [db]
# name 2 = tv290C: Temperature [ITS-90, deg C]
# name 3 = c0mS/cm: Conductivity [mS/cm]
# name 4 = sal00: Salinity, Practical [PSU]
# name 5 = depSM: Depth [salt water, m], lat = 54.00
# name 6 = oxsatMm/Kg: Oxygen Saturation, Weiss [umol/kg]
# name 7 = oxsolMm/Kg: Oxygen Saturation, Garcia & Gordon [umol/kg]
# name 8 = turbWETntu0: Turbidity, WET Labs ECO [NTU]
# name 9 = flECO-AFL: Fluorescence, WET Labs ECO-AFL/FL [mg/m^3]
# name 10 = flag:  0.000e+00
# span 0 = 148.459256, 148.460174       
# span 1 =      0.538,      8.839       
# span 2 =    16.0221,    16.1580       
# span 3 =  37.037895,  37.141321       
# span 4 =    28.9233,    28.9443       
# span 5 =      0.533,      8.760       
# span 6 =  252.23978,  252.90679       
# span 7 =  252.55084,  253.21154       
# span 8 =    -1.4985,    38.9996       
# span 9 =     2.0814,     5.2030       
# span 10 = 0.0000e+00, 0.0000e+00      
# interval = seconds: 0.25
# start_time = May 27 2024 11:00:06 [Instrument's time stamp, header]
# bad_flag = -9.990e-29
*END*
[from data line 263]
 148.460017      7.655    16.0309  37.047631    28.9380      7.587  252.85863  253.16377    21.8167     4.7502 0.0000e+00
 148.460020      7.705    16.0306  37.045058    28.9374      7.636  252.86273  253.16784    21.8167     4.7380 0.0000e+00
 148.460023      7.750    16.0305  37.046529    28.9367      7.681  252.86322  253.16834    21.7700     4.7562 0.0000e+00
 148.460026      7.779    16.0303  37.046590    28.9374      7.710  252.86273  253.16784    21.7233     4.7380 -9.990e-29
 148.460029      7.801    16.0302  37.050144    28.9406      7.731  252.85764  253.16273    20.3848     4.2892 -9.990e-29
 148.460032      7.809    16.0301  37.047387    28.9383      7.739  252.86208  253.16717    20.2914     4.2609 -9.990e-29
 148.460035      7.810    16.0301  37.048980    28.9397      7.740  252.85969  253.16478    20.2914     4.2366 -9.990e-29
 148.460038      7.814    16.0300  37.042669    28.9342      7.744  252.86945  253.17457    23.0619     4.3337 -9.990e-29
 148.460041      7.825    16.0300  37.045059    28.9363      7.755  252.86587  253.17098    22.9218     4.2811 -9.990e-29
 148.460043      7.849    16.0300  37.045610    28.9401      7.778  252.85929  253.16438    22.9529     4.2811 -9.990e-29
 148.460046      7.880    16.0299  37.049470    28.9397      7.809  252.86048  253.16556    30.5093     4.4348 0.0000e+00
 148.460049      7.920    16.0299  37.048306    28.9392      7.849  252.86166  253.16674    38.0657     4.5884 0.0000e+00
 148.460052      7.967    16.0297  37.045611    28.9390      7.896  252.86481  253.16987    38.2836     4.6289 0.0000e+00
 148.460055      8.013    16.0293  37.047633    28.9381      7.941  252.86632  253.17141    38.2992     4.6289 0.0000e+00
 148.460058      8.051    16.0290  37.046162    28.9385      7.979  252.86682  253.17187    38.3148     4.6249 0.0000e+00
 148.460061      8.078    16.0288  37.044018    28.9381      8.006  252.86883  253.17387    38.3303     4.6208 -9.990e-29
 148.460064      8.099    16.0280  37.045060    28.9377      8.026  252.87350  253.17851    34.2681     4.4307 -9.990e-29
 148.460067      8.111    16.0273  37.039730    28.9336      8.039  252.88419  253.18919    34.2992     4.4307 -9.990e-29
 148.460069      8.117    16.0265  37.044264    28.9381      8.044  252.88039  253.18532    34.2836     4.4550 -9.990e-29
 148.460072      8.124    16.0260  37.043161    28.9375      8.051  252.88414  253.18905    34.4237     4.4469 -9.990e-29
 148.460075      8.135    16.0252  37.044019    28.9388      8.062  252.88555  253.19042    36.0424     4.6936 -9.990e-29
 148.460078      8.159    16.0249  37.045122    28.9400      8.086  252.88511  253.18995    36.1358     4.7340 -9.990e-29
 148.460081      8.181    16.0246  37.042487    28.9396      8.108  252.88734  253.19218    36.0580     4.6895 -9.990e-29
 148.460084      8.217    16.0247  37.044448    28.9387      8.144  252.88867  253.19351    31.7312     4.6248 0.0000e+00
 148.460087      8.252    16.0246  37.042488    28.9378      8.178  252.89000  253.19485    27.4043     4.5601 0.0000e+00
 148.460090      8.294    16.0243  37.041753    28.9378      8.220  252.89262  253.19746    27.3887     4.5601 0.0000e+00
 148.460093      8.334    16.0240  37.042182    28.9375      8.259  252.89320  253.19802    27.3887     4.5439 0.0000e+00
 148.460095      8.374    16.0238  37.039915    28.9366      8.299  252.89650  253.20132    27.6066     4.5439 0.0000e+00
 148.460098      8.405    16.0238  37.040405    28.9364      8.330  252.89686  253.20168    27.9646     4.5398 0.0000e+00
 148.460101      8.444    16.0238  37.039915    28.9366      8.368  252.89650  253.20132    28.3226     4.5358 -9.990e-29
 148.460104      8.469    16.0239  37.038384    28.9348      8.393  252.89927  253.20410    28.1980     4.4914 -9.990e-29
 148.460107      8.489    16.0238  37.041753    28.9377      8.413  252.89453  253.19934    28.0580     4.5237 -9.990e-29
 148.460110      8.507    16.0237  37.040773    28.9369      8.431  252.89631  253.20112    29.4276     4.6936 -9.990e-29
 148.460113      8.513    16.0236  37.041263    28.9374      8.437  252.89587  253.20068    29.5366     4.7097 -9.990e-29
 148.460116      8.528    16.0233  37.042428    28.9387      8.451  252.89533  253.20012    29.7856     4.6491 -9.990e-29
 148.460119      8.546    16.0233  37.042918    28.9391      8.469  252.89461  253.19939    29.7078     4.7259 -9.990e-29
 148.460122      8.566    16.0230  37.039916    28.9389      8.489  252.89657  253.20134    24.6338     4.3296 -9.990e-29
 148.460124      8.597    16.0229  37.042428    28.9383      8.520  252.89827  253.20304    24.6338     4.3538 0.0000e+00
 148.460127      8.632    16.0228  37.040774    28.9389      8.554  252.89781  253.20255    24.6338     4.3579 0.0000e+00
 148.460130      8.668    16.0227  37.042428    28.9376      8.590  252.89997  253.20473    24.6650     4.3579 0.0000e+00
 148.460133      8.703    16.0227  37.039671    28.9379      8.625  252.89988  253.20464    24.7039     4.3579 0.0000e+00
 148.460136      8.732    16.0227  37.039733    28.9367      8.654  252.90196  253.20672    24.6650     4.3579 -9.990e-29
 148.460139      8.756    16.0230  37.040835    28.9374      8.677  252.89905  253.20382    26.5015     4.1841 -9.990e-29
 148.460142      8.770    16.0232  37.040100    28.9366      8.692  252.89926  253.20405    26.6105     4.1760 -9.990e-29
 148.460145      8.763    16.0234  37.043776    28.9397      8.684  252.89315  253.19793    26.7506     4.2002 -9.990e-29
 148.460148      8.748    16.0236  37.042061    28.9380      8.670  252.89481  253.19961    36.5560     4.5763 -9.990e-29
 148.460150      8.737    16.0236  37.042857    28.9388      8.659  252.89391  253.19870    36.3692     4.6289 -9.990e-29
 148.460153      8.724    16.0239  37.039242    28.9354      8.646  252.89813  253.20296    36.5249     4.6289 -9.990e-29
 148.460156      8.739    16.0237  37.042061    28.9380      8.661  252.89451  253.19931    36.5716     4.6369 -9.990e-29
 148.460159      8.754    16.0236  37.041509    28.9376      8.675  252.89594  253.20074    38.9996     4.7946 -9.990e-29
 148.460162      8.772    16.0234  37.040162    28.9366      8.693  252.89857  253.20337    38.9996     4.7582 -9.990e-29
 148.460165      8.799    16.0231  37.041816    28.9382      8.720  252.89730  253.20208    38.9685     4.7582 -9.990e-29
 148.460168      8.817    16.0228  37.039733    28.9366      8.738  252.90133  253.20611    38.8595     4.8108 -9.990e-29
 148.460171      8.832    16.0224  37.038385    28.9357      8.753  252.90515  253.20991    38.9218     4.7906 -9.990e-29
 148.460174      8.839    16.0221  37.037895    28.9355      8.760  252.90679  253.21154    35.8401     5.2030 -9.990e-29
