seaocn-cb/data/ctd_cnv/SBE19plus_01907321_2024_05_30_Cast112.cnv
* Sea-Bird SBE19plus  Data File:
* FileName = E:\Prandtl_Daten\2024\29052024\raw\SBE19plus_01907321_2024_05_29_Cast112.hex
* Software version 2.6.1.12
* Temperature SN = 7321
* Conductivity SN = 7321
* System UpLoad Time = May 30 2024 08:17:08
* <ApplicationData>
* <Seaterm232>
** 20240529
** Sea Practical 2024
** MCat 30.05 CTD_SP5
** NMEA Latitude = 54 07.75N
** NMEA Longitude = 008 25.55E
** waterdepth = 8.6m
** clemens
# nquan = 11
# nvalues = 259                         
# units = specified
# name 0 = timeJ: Julian Days
# name 1 = prdM: Pressure, Strain Gauge [db]
# name 2 = tv290C: Temperature [ITS-90, deg C]
# name 3 = c0mS/cm: Conductivity [mS/cm]
# name 4 = sal00: Salinity, Practical [PSU]
# name 5 = depSM: Depth [salt water, m], lat = 54.00
# name 6 = oxsatMm/Kg: Oxygen Saturation, Weiss [umol/kg]
# name 7 = oxsolMm/Kg: Oxygen Saturation, Garcia & Gordon [umol/kg]
# name 8 = turbWETntu0: Turbidity, WET Labs ECO [NTU]
# name 9 = flECO-AFL: Fluorescence, WET Labs ECO-AFL/FL [mg/m^3]
# name 10 = flag:  0.000e+00
# span 0 = 151.340778, 151.341525       
# span 1 =      0.895,      7.914       
# span 2 =    16.0117,    16.0637       
# span 3 =  37.066321,  37.100926       
# span 4 =    28.9571,    28.9744       
# span 5 =      0.887,      7.843       
# span 6 =  252.65562,  252.89583       
# span 7 =  252.96206,  253.19989       
# span 8 =     0.5093,    37.7545       
# span 9 =     2.2674,     6.2504       
# span 10 = 0.0000e+00, 0.0000e+00      
# interval = seconds: 0.25
# start_time = May 30 2024 08:09:21 [Instrument's time stamp, header]
# bad_flag = -9.990e-29
*END*
 151.340778      0.895    16.0563  37.096204    28.9638      0.887  252.68670  252.99283     2.3148     2.3159 -9.990e-29
 151.340781      0.914    16.0566  37.092955    28.9607      0.905  252.69097  252.99714     1.7856     2.2957 -9.990e-29
 151.340784      0.952    16.0564  37.092771    28.9611      0.943  252.69093  252.99709     1.8090     2.2755 0.0000e+00
 151.340787      1.008    16.0565  37.093446    28.9607      0.999  252.69097  252.99714     1.8323     2.2674 0.0000e+00
 151.340790      1.070    16.0564  37.092710    28.9613      1.061  252.69089  252.99704     1.8323     2.2674 0.0000e+00
 151.340793      1.136    16.0564  37.093446    28.9606      1.126  252.69143  252.99759     1.8790     2.2957 0.0000e+00
 151.340796      1.209    16.0563  37.091607    28.9613      1.198  252.69066  252.99682     1.8945     2.5181 0.0000e+00
 151.340799      1.273    16.0562  37.095531    28.9615      1.261  252.69128  252.99743     1.9801     2.5343 0.0000e+00
 151.340802      1.317    16.0562  37.093937    28.9632      1.305  252.68852  252.99465     1.8945     2.5504 -9.990e-29
 151.340804      1.322    16.0566  37.094673    28.9622      1.310  252.68834  252.99449     2.0969     2.5019 -9.990e-29
 151.340807      1.300    16.0568  37.092772    28.9604      1.289  252.69027  252.99645     0.7895     2.6232 -9.990e-29
 151.340810      1.247    16.0567  37.091178    28.9591      1.236  252.69322  252.99940     0.7584     2.6798 -9.990e-29
 151.340813      1.185    16.0567  37.097063    28.9643      1.175  252.68438  252.99053     0.7895     2.6394 -9.990e-29
 151.340816      1.123    16.0570  37.093936    28.9613      1.113  252.68783  252.99401     0.8206     2.6717 -9.990e-29
 151.340819      1.089    16.0573  37.095775    28.9627      1.079  252.68386  252.99005     0.6805     2.6353 -9.990e-29
 151.340822      1.087    16.0576  37.098473    28.9648      1.077  252.67863  252.98482     0.6494     2.6677 -9.990e-29
 151.340825      1.123    16.0579  37.096388    28.9628      1.113  252.68058  252.98679     0.5405     2.6677 -9.990e-29
 151.340828      1.185    16.0578  37.094672    28.9614      1.175  252.68378  252.98999     0.5093     2.6677 -9.990e-29
 151.340830      1.271    16.0577  37.090504    28.9615      1.260  252.68391  252.99012     1.0385     2.5787 -9.990e-29
 151.340833      1.381    16.0575  37.094857    28.9618      1.368  252.68407  252.99027     1.0774     2.5888 0.0000e+00
 151.340836      1.487    16.0577  37.095286    28.9615      1.473  252.68391  252.99012     1.0541     2.5989 0.0000e+00
 151.340839      1.598    16.0578  37.095041    28.9620      1.583  252.68316  252.98938     1.0541     2.5989 0.0000e+00
 151.340842      1.691    16.0580  37.096390    28.9615      1.676  252.68060  252.98682     1.0541     2.5868 0.0000e+00
 151.340845      1.765    16.0586  37.095287    28.9617      1.750  252.67990  252.98616     1.5833     2.5383 0.0000e+00
 151.340848      1.815    16.0588  37.096391    28.9614      1.798  252.67834  252.98461     1.5989     2.5241 0.0000e+00
 151.340851      1.842    16.0590  37.099149    28.9617      1.826  252.67678  252.98306     1.6144     2.5100 -9.990e-29
 151.340854      1.835    16.0604  37.097984    28.9621      1.818  252.66933  252.97566     1.6611     2.5181 -9.990e-29
 151.340856      1.804    16.0616  37.098107    28.9613      1.788  252.66465  252.97104     3.5755     3.1974 -9.990e-29
 151.340859      1.756    16.0629  37.100926    28.9629      1.740  252.65562  252.96206     3.4510     3.3551 -9.990e-29
 151.340862      1.713    16.0637  37.097922    28.9597      1.697  252.65710  252.96360     3.4510     3.3713 -9.990e-29
 151.340865      1.676    16.0632  37.095961    28.9584      1.661  252.66181  252.96830     3.4510     3.3470 -9.990e-29
 151.340868      1.652    16.0619  37.093447    28.9571      1.638  252.67033  252.97677     3.6222     3.3349 -9.990e-29
 151.340871      1.665    16.0601  37.094674    28.9595      1.650  252.67538  252.98172     4.2759     3.4238 -9.990e-29
 151.340874      1.702    16.0578  37.092528    28.9593      1.686  252.68728  252.99351     4.2292     3.4319 -9.990e-29
 151.340877      1.754    16.0527  37.091180    28.9586      1.739  252.71369  253.01970     4.2603     3.4158 -9.990e-29
 151.340880      1.820    16.0521  37.087503    28.9589      1.804  252.71657  253.02254     4.0424     3.4057 0.0000e+00
 151.340883      1.884    16.0514  37.087074    28.9592      1.867  252.71945  253.02539     3.8245     3.3955 0.0000e+00
 151.340885      1.933    16.0504  37.086646    28.9597      1.916  252.72337  253.02927     3.8011     3.3935 0.0000e+00
 151.340888      1.968    16.0495  37.083214    28.9602      1.950  252.72729  253.03314     3.7778     3.3915 -9.990e-29
 151.340891      1.981    16.0460  37.085727    28.9619      1.963  252.74155  253.04722     3.7934     3.3794 -9.990e-29
 151.340894      1.981    16.0451  37.088363    28.9649      1.963  252.74119  253.04680     3.4976     3.1367 -9.990e-29
 151.340897      1.973    16.0443  37.085543    28.9630      1.956  252.74839  253.05398     3.6844     3.1570 -9.990e-29
 151.340900      1.970    16.0451  37.090998    28.9672      1.952  252.73724  253.04283     3.7000     3.1287 -9.990e-29
 151.340903      1.973    16.0491  37.090753    28.9626      1.956  252.72506  253.03087     3.7311     3.1287 -9.990e-29
 151.340906      1.999    16.0496  37.089159    28.9637      1.981  252.72091  253.02673     3.6688     3.0943 0.0000e+00
 151.340909      2.048    16.0500  37.092531    28.9626      2.030  252.72299  253.02886     3.6066     3.0599 0.0000e+00
 151.340911      2.121    16.0500  37.087995    28.9630      2.102  252.72299  253.02886     3.5755     2.9993 0.0000e+00
 151.340914      2.208    16.0489  37.089466    28.9614      2.189  252.72532  253.03112     3.5599     2.9993 0.0000e+00
 151.340917      2.301    16.0479  37.086892    28.9614      2.281  252.73311  253.03887     3.4510     3.0114 0.0000e+00
 151.340920      2.393    16.0468  37.085299    28.9608      2.371  252.73944  253.04515     3.3420     3.2176 0.0000e+00
 151.340923      2.464    16.0462  37.084258    28.9608      2.442  252.74278  253.04846     3.2486     3.2216 0.0000e+00
 151.340926      2.504    16.0455  37.084135    28.9608      2.482  252.74612  253.05177     3.3420     3.2176 -9.990e-29
 151.340929      2.519    16.0435  37.086219    28.9640      2.496  252.75068  253.05622     3.3576     3.2419 -9.990e-29
 151.340932      2.515    16.0431  37.082542    28.9611      2.492  252.75768  253.06322     4.0580     3.1893 -9.990e-29
 151.340935      2.487    16.0426  37.082113    28.9611      2.465  252.76010  253.06562     3.9490     3.1893 -9.990e-29
 151.340938      2.449    16.0421  37.081255    28.9607      2.427  252.76345  253.06895     4.2603     3.2419 -9.990e-29
 151.340940      2.413    16.0413  37.084626    28.9642      2.391  252.76108  253.06651     4.0891     3.2338 -9.990e-29
 151.340943      2.389    16.0409  37.083032    28.9632      2.368  252.76524  253.07066     4.5249     3.4198 -9.990e-29
 151.340946      2.376    16.0401  37.082726    28.9634      2.355  252.76838  253.07377     4.5093     3.4077 -9.990e-29
 151.340949      2.380    16.0396  37.084135    28.9651      2.359  252.76837  253.07372     4.5716     3.4117 -9.990e-29
 151.340952      2.400    16.0393  37.083155    28.9644      2.379  252.77074  253.07609     4.4938     3.4238 -9.990e-29
 151.340955      2.431    16.0387  37.083461    28.9667      2.409  252.76996  253.07526     3.2953     3.7959 -9.990e-29
 151.340958      2.471    16.0387  37.085300    28.9663      2.449  252.77057  253.07587     3.3265     3.8121 0.0000e+00
 151.340961      2.515    16.0387  37.084504    28.9662      2.492  252.77118  253.07648     3.2953     3.8282 0.0000e+00
 151.340964      2.557    16.0386  37.084627    28.9662      2.534  252.77118  253.07648     3.3576     3.8282 0.0000e+00
 151.340966      2.602    16.0386  37.085975    28.9662      2.579  252.77192  253.07721     3.4821     3.8363 0.0000e+00
 151.340969      2.646    16.0390  37.082298    28.9638      2.623  252.77063  253.07599     4.0268     3.9212 0.0000e+00
 151.340972      2.688    16.0397  37.082543    28.9638      2.664  252.77063  253.07599     4.0580     3.9253 0.0000e+00
 151.340975      2.732    16.0403  37.084504    28.9635      2.708  252.76737  253.07278     4.0580     3.9253 0.0000e+00
 151.340978      2.776    16.0404  37.082359    28.9626      2.751  252.76737  253.07278     4.0580     3.9253 0.0000e+00
 151.340981      2.831    16.0404  37.081869    28.9624      2.806  252.76903  253.07443     3.8556     3.7756 0.0000e+00
 151.340984      2.882    16.0397  37.080827    28.9624      2.856  252.77331  253.07868     3.8401     3.7676 0.0000e+00
 151.340987      2.933    16.0390  37.081195    28.9620      2.907  252.77518  253.08052     3.8401     3.7676 0.0000e+00
 151.340990      2.980    16.0382  37.076660    28.9617      2.954  252.78370  253.08899     3.8089     3.7676 0.0000e+00
 151.340992      3.020    16.0380  37.078928    28.9605      2.993  252.78434  253.08965     3.4276     3.5937 0.0000e+00
 151.340995      3.050    16.0377  37.080951    28.9617      3.023  252.78370  253.08899     2.9062     3.4198 -9.990e-29
 151.340998      3.074    16.0376  37.083157    28.9654      3.046  252.77770  253.08295     3.1085     3.4319 -9.990e-29
 151.341001      3.084    16.0380  37.081196    28.9634      3.057  252.77915  253.08443     2.9840     3.4360 -9.990e-29
 151.341004      3.088    16.0386  37.080338    28.9622      3.061  252.77804  253.08337     2.7506     3.4279 -9.990e-29
 151.341007      3.090    16.0391  37.081686    28.9631      3.062  252.77423  253.07957     2.5171     3.8242 -9.990e-29
 151.341010      3.081    16.0393  37.084812    28.9656      3.053  252.76865  253.07398     2.5482     3.7918 -9.990e-29
 151.341013      3.068    16.0398  37.085793    28.9661      3.041  252.76538  253.07073     2.5171     3.7959 -9.990e-29
 151.341016      3.059    16.0401  37.084138    28.9645      3.032  252.76696  253.07233     2.5638     3.7676 -9.990e-29
 151.341019      3.055    16.0403  37.083463    28.9637      3.028  252.76707  253.07246     3.1085     3.2702 -9.990e-29
 151.341021      3.055    16.0406  37.080583    28.9610      3.028  252.77019  253.07561     3.0930     3.3025 -9.990e-29
 151.341024      3.064    16.0409  37.080767    28.9610      3.037  252.76902  253.07446     3.0307     3.2783 -9.990e-29
 151.341027      3.081    16.0409  37.083831    28.9636      3.053  252.76414  253.06956     3.0152     3.2945 -9.990e-29
 151.341030      3.104    16.0410  37.083709    28.9614      3.077  252.76745  253.07290     3.3576     3.3996 -9.990e-29
 151.341033      3.139    16.0409  37.081441    28.9629      3.111  252.76548  253.07091     3.2876     3.4259 0.0000e+00
 151.341036      3.183    16.0409  37.084690    28.9641      3.154  252.76370  253.06912     3.3576     3.4158 0.0000e+00
 151.341039      3.236    16.0409  37.084383    28.9641      3.207  252.76370  253.06912     3.2175     3.4158 0.0000e+00
 151.341042      3.292    16.0409  37.084261    28.9639      3.263  252.76392  253.06933     2.8751     3.1206 0.0000e+00
 151.341045      3.356    16.0406  37.083219    28.9632      3.326  252.76641  253.07182     2.8284     3.0963 0.0000e+00
 151.341047      3.416    16.0405  37.083036    28.9631      3.386  252.76732  253.07272     2.8751     3.0963 0.0000e+00
 151.341050      3.476    16.0400  37.081258    28.9622      3.445  252.77180  253.07720     2.9840     3.1125 0.0000e+00
 151.341053      3.533    16.0400  37.081443    28.9622      3.501  252.77180  253.07720     2.9840     3.1206 0.0000e+00
 151.341056      3.579    16.0402  37.083404    28.9625      3.547  252.76844  253.07385     3.4821     3.4441 0.0000e+00
 151.341059      3.621    16.0404  37.082362    28.9630      3.588  252.76810  253.07349     3.5288     3.4482 0.0000e+00
 151.341062      3.655    16.0405  37.083036    28.9625      3.622  252.76844  253.07385     3.4821     3.4522 -9.990e-29
 151.341065      3.673    16.0410  37.082301    28.9620      3.640  252.76647  253.07191     3.3576     3.4117 -9.990e-29
 151.341068      3.688    16.0409  37.083466    28.9631      3.655  252.76503  253.07046     3.4198     3.5654 -9.990e-29
 151.341071      3.697    16.0411  37.082546    28.9621      3.664  252.76582  253.07126     3.4976     3.5411 -9.990e-29
 151.341073      3.697    16.0411  37.080830    28.9607      3.664  252.76839  253.07384     3.5288     3.5411 -9.990e-29
 151.341076      3.699    16.0407  37.083037    28.9629      3.666  252.76658  253.07200     3.4821     3.5128 -9.990e-29
 151.341079      3.702    16.0406  37.083159    28.9630      3.669  252.76670  253.07211     6.7973     3.4966 -9.990e-29
 151.341082      3.704    16.0404  37.081443    28.9617      3.671  252.77016  253.07557     6.7350     3.4966 -9.990e-29
 151.341085      3.708    16.0399  37.079175    28.9601      3.675  252.77536  253.08075     6.8128     3.4885 -9.990e-29
 151.341088      3.713    16.0391  37.081014    28.9623      3.680  252.77559  253.08094     6.6416     3.4562 -9.990e-29
 151.341091      3.721    16.0383  37.079421    28.9615      3.687  252.78097  253.08629     5.0541     3.4683 -9.990e-29
 151.341094      3.728    16.0374  37.081873    28.9643      3.695  252.78089  253.08614     5.0074     3.4764 -9.990e-29
 151.341097      3.743    16.0367  37.079850    28.9630      3.709  252.78632  253.09155     5.1008     3.5128 -9.990e-29
 151.341100      3.757    16.0361  37.078931    28.9626      3.724  252.79010  253.09530     4.8206     3.4845 -9.990e-29
 151.341102      3.777    16.0350  37.079912    28.9632      3.744  252.79467  253.09982     5.1319     3.2217 -9.990e-29
 151.341105      3.805    16.0345  37.078686    28.9644      3.771  252.79476  253.09989     5.0696     3.2075 0.0000e+00
 151.341108      3.836    16.0341  37.080770    28.9632      3.801  252.79486  253.09995     5.0074     3.2217 0.0000e+00
 151.341111      3.865    16.0341  37.076480    28.9656      3.831  252.79486  253.09995     4.9918     3.2298 0.0000e+00
 151.341114      3.900    16.0346  37.081199    28.9628      3.865  252.79335  253.09852     4.9607     3.2298 0.0000e+00
 151.341117      3.949    16.0354  37.078625    28.9628      3.914  252.79329  253.09850     4.3848     3.1206 0.0000e+00
 151.341120      4.011    16.0354  37.077093    28.9610      3.975  252.79335  253.09852     4.2447     3.1206 0.0000e+00
 151.341123      4.079    16.0350  37.074826    28.9610      4.042  252.79527  253.10035     4.2447     3.0963 0.0000e+00
 151.341126      4.157    16.0339  37.081016    28.9659      4.120  252.79600  253.10108     4.3692     3.0963 0.0000e+00
 151.341128      4.237    16.0339  37.080955    28.9659      4.199  252.79600  253.10108     6.4548     3.5937 0.0000e+00
 151.341131      4.307    16.0339  37.079301    28.9644      4.268  252.79792  253.10302     6.4548     3.6058 0.0000e+00
 151.341134      4.367    16.0342  37.078504    28.9644      4.328  252.79792  253.10302     6.4860     3.6058 0.0000e+00
 151.341137      4.414    16.0344  37.080772    28.9644      4.375  252.79597  253.10108     6.5560     3.6018 0.0000e+00
 151.341140      4.441    16.0345  37.078443    28.9652      4.402  252.79369  253.09880     6.4860     3.5977 -9.990e-29
 151.341143      4.449    16.0338  37.077830    28.9631      4.409  252.80080  253.10590     5.3654     3.7352 -9.990e-29
 151.341146      4.438    16.0332  37.078688    28.9643      4.398  252.80161  253.10667     5.3809     3.7433 -9.990e-29
 151.341149      4.414    16.0325  37.077769    28.9640      4.375  252.80566  253.11069     5.1630     3.7433 -9.990e-29
 151.341152      4.370    16.0315  37.079424    28.9662      4.331  252.80704  253.11200     5.2720     3.7069 -9.990e-29
 151.341155      4.332    16.0305  37.079301    28.9668      4.293  252.81079  253.11570     7.8868     3.4562 -9.990e-29
