seaocn-cb/data/ctd_cnv/SBE19plus_01907321_2024_05_29_Cast105.cnv
* Sea-Bird SBE19plus  Data File:
* FileName = E:\Prandtl_Daten\2024\29052024\raw\SBE19plus_01907321_2024_05_29_Cast105.hex
* Software version 2.6.1.12
* Temperature SN = 7321
* Conductivity SN = 7321
* System UpLoad Time = May 29 2024 10:57:41
* <ApplicationData>
* <Seaterm232>
** 20240527
** Sea Practical 2024
** MCat 27.05 CTD_Z3
** NMEA Latitude = 54 02.69N
** NMEA Longitude = 008 27.26E
** waterdepth = 13.3m
** Isabelle
# nquan = 11
# nvalues = 421                         
# units = specified
# name 0 = timeJ: Julian Days
# name 1 = prdM: Pressure, Strain Gauge [db]
# name 2 = tv290C: Temperature [ITS-90, deg C]
# name 3 = c0mS/cm: Conductivity [mS/cm]
# name 4 = sal00: Salinity, Practical [PSU]
# name 5 = depSM: Depth [salt water, m], lat = 54.00
# name 6 = oxsatMm/Kg: Oxygen Saturation, Weiss [umol/kg]
# name 7 = oxsolMm/Kg: Oxygen Saturation, Garcia & Gordon [umol/kg]
# name 8 = turbWETntu0: Turbidity, WET Labs ECO [NTU]
# name 9 = flECO-AFL: Fluorescence, WET Labs ECO-AFL/FL [mg/m^3]
# name 10 = flag:  0.000e+00
# span 0 = 150.452766, 150.453981       
# span 1 =      0.644,     12.282       
# span 2 =    15.6005,    15.6172       
# span 3 =  37.600527,  37.614802       
# span 4 =    29.7274,    29.7499       
# span 5 =      0.638,     12.172       
# span 6 =  253.56994,  253.62735       
# span 7 =  253.84963,  253.90617       
# span 8 =    -3.5996,    18.0657       
# span 9 =     8.5957,    10.6620       
# span 10 = 0.0000e+00, 0.0000e+00      
# interval = seconds: 0.25
# start_time = May 29 2024 10:50:38 [Instrument's time stamp, header]
# bad_flag = -9.990e-29
*END*
[from data line 132]
 150.453148      4.419    15.6050  37.612403    29.7477      4.379  253.59898  253.87799     1.3654    10.3425 0.0000e+00
 150.453151      4.475    15.6050  37.607657    29.7477      4.435  253.59963  253.87863     1.3187    10.3425 0.0000e+00
 150.453154      4.519    15.6049  37.612404    29.7457      4.479  253.60294  253.88196     1.3809    10.3485 0.0000e+00
 150.453157      4.556    15.6048  37.613637    29.7478      4.515  253.59963  253.87863     1.3187    10.3546 -9.990e-29
 150.453160      4.576    15.6050  37.613082    29.7483      4.535  253.59804  253.87704     1.1163    10.3304 -9.990e-29
 150.453163      4.589    15.6048  37.610678    29.7463      4.548  253.60231  253.88132     1.1008    10.3344 -9.990e-29
 150.453166      4.592    15.6051  37.611110    29.7465      4.551  253.60077  253.87979     1.1630    10.3223 -9.990e-29
 150.453168      4.587    15.6051  37.610431    29.7458      4.546  253.60151  253.88054     2.0502     9.7400 -9.990e-29
 150.453171      4.585    15.6053  37.610863    29.7461      4.544  253.60026  253.87929     2.0813     9.7360 -9.990e-29
 150.453174      4.583    15.6053  37.612219    29.7473      4.542  253.59819  253.87721     2.0502     9.7764 -9.990e-29
 150.453177      4.596    15.6052  37.611788    29.7461      4.555  253.60057  253.87961     0.0580     9.4246 -9.990e-29
 150.453180      4.623    15.6053  37.610863    29.7458      4.582  253.60081  253.87985     0.0814     9.4287 0.0000e+00
 150.453183      4.667    15.6054  37.610185    29.7454      4.625  253.60057  253.87963     0.0580     9.4327 0.0000e+00
 150.453186      4.722    15.6057  37.609754    29.7454      4.680  253.60056  253.87963    -0.0043     9.4327 0.0000e+00
 150.453189      4.789    15.6058  37.611110    29.7452      4.746  253.59931  253.87837    -0.0043     9.4650 0.0000e+00
 150.453192      4.853    15.6059  37.610432    29.7457      4.810  253.59765  253.87672     0.5716     9.6672 0.0000e+00
 150.453194      4.917    15.6058  37.612035    29.7464      4.873  253.59731  253.87636     0.5716    10.2050 0.0000e+00
 150.453197      4.970    15.6059  37.611789    29.7464      4.925  253.59667  253.87572     0.5794    10.2172 0.0000e+00
 150.453200      5.007    15.6058  37.612036    29.7464      4.962  253.59731  253.87636     0.5249    10.2050 -9.990e-29
 150.453203      5.025    15.6057  37.610864    29.7456      4.980  253.59905  253.87810     0.5560    10.1929 -9.990e-29
 150.453206      5.030    15.6056  37.610864    29.7457      4.985  253.59934  253.87840    -0.6736    10.1322 -9.990e-29
 150.453209      5.026    15.6055  37.611111    29.7459      4.981  253.59926  253.87831    -0.7202    10.1403 -9.990e-29
 150.453212      5.014    15.6054  37.611604    29.7465      4.969  253.59909  253.87812    -0.6891    10.1444 -9.990e-29
 150.453215      5.003    15.6054  37.611111    29.7460      4.958  253.59954  253.87858    -0.6113    10.1525 -9.990e-29
 150.453218      4.994    15.6053  37.612467    29.7473      4.949  253.59805  253.87708    -1.3117     9.6672 -9.990e-29
 150.453220      5.001    15.6051  37.608892    29.7444      4.956  253.60440  253.88343    -1.1405     9.6834 -9.990e-29
 150.453223      5.023    15.6048  37.612282    29.7459      4.978  253.60297  253.88198    -1.3117     9.6591 -9.990e-29
 150.453226      5.076    15.6048  37.610433    29.7463      5.031  253.60228  253.88129    -1.1016     9.8026 0.0000e+00
 150.453229      5.146    15.6048  37.611358    29.7463      5.100  253.60297  253.88198    -0.8915     9.9462 0.0000e+00
 150.453232      5.226    15.6045  37.610680    29.7467      5.179  253.60287  253.88187    -0.8915     9.9503 0.0000e+00
 150.453235      5.313    15.6045  37.611359    29.7463      5.266  253.60386  253.88285    -0.9537     9.9503 0.0000e+00
 150.453238      5.392    15.6044  37.610681    29.7464      5.344  253.60425  253.88324    -0.9848     9.9382 0.0000e+00
 150.453241      5.463    15.6044  37.610681    29.7464      5.414  253.60457  253.88355    -1.5918     9.9341 0.0000e+00
 150.453244      5.503    15.6043  37.608092    29.7464      5.454  253.60488  253.88386    -2.1988     9.9382 -9.990e-29
 150.453247      5.505    15.6040  37.606490    29.7428      5.456  253.61219  253.89119    -2.2767    10.0635 -9.990e-29
 150.453249      5.483    15.6042  37.608832    29.7448      5.434  253.60801  253.88700    -2.1522    10.0878 -9.990e-29
 150.453252      5.443    15.6040  37.610003    29.7460      5.394  253.60708  253.88605    -2.0432    10.0716 -9.990e-29
 150.453255      5.394    15.6038  37.608339    29.7447      5.345  253.61018  253.88915    -1.4051    10.1686 -9.990e-29
 150.453258      5.355    15.6037  37.607784    29.7443      5.307  253.61130  253.89027    -1.4673    10.0999 -9.990e-29
 150.453261      5.337    15.6036  37.609941    29.7462      5.289  253.60829  253.88724    -1.4362    10.1363 -9.990e-29
 150.453264      5.351    15.6037  37.609756    29.7460      5.304  253.60829  253.88724    -1.4518    10.1120 -9.990e-29
 150.453267      5.390    15.6035  37.609017    29.7455      5.341  253.61032  253.88927    -1.6541    10.4274 -9.990e-29
 150.453270      5.462    15.6037  37.609325    29.7453      5.414  253.60953  253.88850    -1.6074    10.4638 -9.990e-29
 150.453273      5.555    15.6037  37.609017    29.7459      5.506  253.60848  253.88745    -1.6307    10.4598 0.0000e+00
 150.453275      5.663    15.6037  37.610435    29.7459      5.612  253.60853  253.88749    -1.6541    10.4557 0.0000e+00
 150.453278      5.767    15.6037  37.609758    29.7459      5.715  253.60853  253.88749    -2.4479     9.3154 0.0000e+00
 150.453281      5.852    15.6039  37.609142    29.7455      5.800  253.60859  253.88756    -2.4634     9.2952 0.0000e+00
 150.453284      5.918    15.6040  37.610436    29.7451      5.865  253.60864  253.88762    -2.4479     9.2750 -9.990e-29
 150.453287      5.943    15.6037  37.609758    29.7458      5.890  253.60863  253.88760    -2.4167     9.2912 -9.990e-29
 150.453290      5.945    15.6035  37.609265    29.7455      5.892  253.61027  253.88922    -1.7942     9.2467 -9.990e-29
 150.453293      5.918    15.6036  37.609758    29.7459      5.865  253.60891  253.88787    -0.6424    10.4962 -9.990e-29
 150.453296      5.878    15.6039  37.608094    29.7442      5.825  253.61055  253.88953    -0.6580    10.4638 -9.990e-29
 150.453299      5.830    15.6040  37.608710    29.7447      5.778  253.60899  253.88798    -0.7358    10.4719 -9.990e-29
 150.453302      5.790    15.6043  37.607662    29.7435      5.739  253.60939  253.88840    -0.7202    10.4557 -9.990e-29
 150.453304      5.763    15.6045  37.607354    29.7432      5.712  253.60926  253.88828    -0.9070     9.7683 -9.990e-29
 150.453307      5.763    15.6047  37.608833    29.7443      5.712  253.60612  253.88514    -0.9693     9.7521 -9.990e-29
 150.453310      5.790    15.6047  37.609326    29.7431      5.738  253.60863  253.88766    -0.8448     9.7319 -9.990e-29
 150.453313      5.854    15.6049  37.607416    29.7434      5.802  253.60712  253.88616    -1.5296     9.6814 0.0000e+00
 150.453316      5.940    15.6051  37.608464    29.7437      5.887  253.60561  253.88465    -2.1988     9.6551 0.0000e+00
 150.453319      6.049    15.6051  37.608587    29.7437      5.995  253.60561  253.88465    -2.2144     9.6511 0.0000e+00
 150.453322      6.151    15.6052  37.607786    29.7428      6.096  253.60589  253.88495    -2.2144     9.6511 0.0000e+00
 150.453325      6.242    15.6052  37.607602    29.7428      6.187  253.60610  253.88515    -2.2144     9.6511 0.0000e+00
 150.453328      6.314    15.6052  37.608095    29.7429      6.257  253.60631  253.88536    -1.4284     9.8391 0.0000e+00
 150.453330      6.352    15.6051  37.607109    29.7431      6.295  253.60610  253.88515    -0.6424    10.0392 -9.990e-29
 150.453333      6.361    15.6051  37.608342    29.7433      6.304  253.60575  253.88480    -0.5335    10.1282 -9.990e-29
 150.453336      6.347    15.6052  37.607602    29.7426      6.290  253.60658  253.88564    -0.6424    10.0999 -9.990e-29
 150.453339      6.316    15.6051  37.606246    29.7415      6.259  253.60892  253.88799    -0.6580    10.0837 -9.990e-29
 150.453342      6.274    15.6052  37.607355    29.7425      6.218  253.60691  253.88597    -0.3156    10.0716 -9.990e-29
 150.453345      6.243    15.6053  37.605568    29.7408      6.187  253.60933  253.88840    -0.4401    10.0554 -9.990e-29
 150.453348      6.235    15.6053  37.606677    29.7418      6.180  253.60763  253.88670    -0.4090    10.0797 -9.990e-29
 150.453351      6.259    15.6053  37.608095    29.7430      6.203  253.60548  253.88454    -0.4557    10.0675 -9.990e-29
 150.453354      6.310    15.6051  37.608034    29.7430      6.254  253.60672  253.88576    -1.2806     9.9260 -9.990e-29
 150.453356      6.383    15.6051  37.607911    29.7426      6.326  253.60751  253.88655    -1.2494     9.9159 0.0000e+00
 150.453359      6.472    15.6051  37.607110    29.7430      6.415  253.60672  253.88576    -1.2183     9.9260 0.0000e+00
 150.453362      6.566    15.6051  37.608836    29.7423      6.507  253.60829  253.88734    -1.2183     9.9058 0.0000e+00
 150.453365      6.633    15.6051  37.606679    29.7428      6.574  253.60693  253.88598    -0.9615     9.6490 0.0000e+00
 150.453368      6.680    15.6051  37.603720    29.7418      6.621  253.60845  253.88751    -0.7047     9.3559 -9.990e-29
 150.453371      6.697    15.6049  37.608713    29.7437      6.637  253.60627  253.88530    -0.7514     9.3518 -9.990e-29
 150.453374      6.693    15.6050  37.605138    29.7405      6.633  253.61143  253.89049    -0.5957     9.3640 -9.990e-29
 150.453377      6.671    15.6053  37.605569    29.7407      6.612  253.60958  253.88866     1.1163     9.4893 -9.990e-29
 150.453380      6.642    15.6057  37.606987    29.7416      6.582  253.60593  253.88502     1.1475     9.5014 -9.990e-29
 150.453383      6.620    15.6062  37.606062    29.7405      6.561  253.60556  253.88468     1.0696     9.4853 -9.990e-29
 150.453385      6.614    15.6066  37.606987    29.7409      6.555  253.60238  253.88152     1.0541     9.5014 -9.990e-29
 150.453388      6.632    15.6066  37.606062    29.7407      6.573  253.60279  253.88194     2.4237     9.6753 -9.990e-29
 150.453391      6.674    15.6067  37.606740    29.7413      6.615  253.60139  253.88054     2.3926     9.6834 0.0000e+00
 150.453394      6.744    15.6068  37.608220    29.7415      6.684  253.60022  253.87936     2.3615     9.6794 0.0000e+00
 150.453397      6.831    15.6069  37.607912    29.7419      6.770  253.59999  253.87913     2.2992     9.6794 0.0000e+00
 150.453400      6.913    15.6071  37.608898    29.7422      6.852  253.59788  253.87703     2.2058     9.6672 0.0000e+00
 150.453403      6.990    15.6072  37.610008    29.7422      6.928  253.59788  253.87703     2.0657     9.6268 0.0000e+00
 150.453406      7.045    15.6072  37.608591    29.7424      6.982  253.59703  253.87618     2.0424     9.6167 0.0000e+00
 150.453409      7.077    15.6072  37.608899    29.7418      7.014  253.59813  253.87729     2.0191     9.6066 -9.990e-29
 150.453411      7.087    15.6073  37.606495    29.7398      7.023  253.60077  253.87995     1.9879     9.6227 -9.990e-29
 150.453414      7.088    15.6073  37.609146    29.7422      7.025  253.59702  253.87618     2.7817     9.5904 -9.990e-29
 150.453417      7.072    15.6074  37.607913    29.7410      7.009  253.59830  253.87748     2.8751     9.5257 -9.990e-29
 150.453420      7.058    15.6074  37.610009    29.7429      6.994  253.59509  253.87425     2.7194     9.5702 -9.990e-29
 150.453423      7.045    15.6076  37.608591    29.7415      6.982  253.59666  253.87584     2.7817     9.5985 -9.990e-29
 150.453426      7.042    15.6076  37.608714    29.7415      6.979  253.59618  253.87536     2.0969     9.3154 -9.990e-29
 150.453429      7.056    15.6076  37.607913    29.7417      6.993  253.59622  253.87540     2.0813     9.2871 -9.990e-29
 150.453432      7.095    15.6077  37.608899    29.7413      7.031  253.59641  253.87560     2.0891     9.2932 0.0000e+00
 150.453435      7.151    15.6078  37.608098    29.7408      7.087  253.59659  253.87579     2.0969     9.2871 0.0000e+00
 150.453438      7.217    15.6079  37.607605    29.7408      7.152  253.59659  253.87579     2.0969     9.2993 0.0000e+00
 150.453440      7.275    15.6080  37.609270    29.7417      7.210  253.59429  253.87349     1.4276     9.9867 0.0000e+00
 150.453443      7.326    15.6080  37.609331    29.7417      7.261  253.59429  253.87349     1.3187    10.0109 0.0000e+00
 150.453446      7.374    15.6079  37.608838    29.7416      7.308  253.59492  253.87410     1.3731    10.0251 0.0000e+00
 150.453449      7.407    15.6078  37.608900    29.7414      7.341  253.59560  253.87479     1.3187    10.0392 -9.990e-29
 150.453452      7.430    15.6080  37.608839    29.7413      7.364  253.59504  253.87424     3.4198     9.9503 -9.990e-29
 150.453455      7.449    15.6077  37.608900    29.7415      7.382  253.59584  253.87503     3.4510     9.9422 -9.990e-29
 150.453458      7.463    15.6079  37.609270    29.7417      7.396  253.59469  253.87389     3.5443     9.9745 -9.990e-29
 150.453461      7.480    15.6077  37.609579    29.7421      7.413  253.59482  253.87401     3.5132     9.9260 -9.990e-29
 150.453464      7.503    15.6081  37.609270    29.7408      7.436  253.59507  253.87429     3.8089     9.9624 -9.990e-29
 150.453466      7.529    15.6081  37.608469    29.7408      7.461  253.59507  253.87429     3.8089     9.9624 0.0000e+00
 150.453469      7.554    15.6081  37.606065    29.7408      7.486  253.59507  253.87429     3.8089     9.9624 -9.990e-29
 150.453472      7.578    15.6081  37.608716    29.7410      7.510  253.59473  253.87394     3.8245     9.9301 -9.990e-29
 150.453475      7.600    15.6083  37.607915    29.7402      7.532  253.59538  253.87460     6.1903    10.2212 -9.990e-29
 150.453478      7.612    15.6083  37.608901    29.7410      7.544  253.59388  253.87310     6.1436    10.2414 -9.990e-29
 150.453481      7.622    15.6083  37.608716    29.7409      7.554  253.59416  253.87339     6.3148    10.2819 -9.990e-29
 150.453484      7.629    15.6084  37.607915    29.7401      7.561  253.59510  253.87433     6.3303    10.2616 -9.990e-29
 150.453487      7.642    15.6087  37.607360    29.7394      7.573  253.59478  253.87403     6.2525    10.2495 -9.990e-29
 150.453490      7.662    15.6090  37.607668    29.7387      7.593  253.59429  253.87356     3.1864     9.8856 -9.990e-29
 150.453492      7.695    15.6091  37.606929    29.7388      7.626  253.59348  253.87276     3.2720     9.8735 0.0000e+00
 150.453495      7.744    15.6091  37.607422    29.7387      7.674  253.59429  253.87356     3.2019     9.8735 0.0000e+00
 150.453498      7.813    15.6091  37.604710    29.7390      7.743  253.59268  253.87196     3.2019     9.8735 0.0000e+00
 150.453501      7.890    15.6090  37.608594    29.7397      7.819  253.59305  253.87231     2.8284    10.0312 0.0000e+00
 150.453504      7.970    15.6090  37.608039    29.7397      7.899  253.59271  253.87197     2.8284    10.0312 0.0000e+00
 150.453507      8.045    15.6089  37.608101    29.7397      7.973  253.59271  253.87197     2.8284    10.0029 0.0000e+00
 150.453510      8.099    15.6089  37.608903    29.7401      8.027  253.59256  253.87181     2.8284    10.0029 0.0000e+00
 150.453513      8.134    15.6087  37.609026    29.7405      8.061  253.59240  253.87165     2.8128    10.0029 -9.990e-29
 150.453516      8.138    15.6086  37.608718    29.7405      8.065  253.59329  253.87253     4.9762     9.7602 -9.990e-29
 150.453519      8.116    15.6089  37.608841    29.7403      8.043  253.59191  253.87117     5.0541     9.7521 -9.990e-29
 150.453521      8.072    15.6091  37.608039    29.7395      8.000  253.59252  253.87179     5.0696     9.7845 -9.990e-29
