seaocn-cb/data/ctd_cnv/SBE19plus_01907321_2024_05_24_Cast43.cnv
* Sea-Bird SBE19plus  Data File:
* FileName = E:\Prandtl_Daten\2024\CTD\raw\SBE19plus_01907321_2024_05_24_Cast43.hex
* Software version 2.6.1.12
* Temperature SN = 7321
* Conductivity SN = 7321
* System UpLoad Time = May 24 2024 11:25:01
* <ApplicationData>
* <Seaterm232>
** 20240524
** Sea Practical 2024
** MCat 24.05 CTD_SP3
** NMEA Latitude = 054 07.204N
** NMEA Longitude = 008 30.433E
** waterdepth = 7.0m
** Emelie
# nquan = 11
# nvalues = 231                         
# units = specified
# name 0 = timeJ: Julian Days
# name 1 = prdM: Pressure, Strain Gauge [db]
# name 2 = tv290C: Temperature [ITS-90, deg C]
# name 3 = c0mS/cm: Conductivity [mS/cm]
# name 4 = sal00: Salinity, Practical [PSU]
# name 5 = depSM: Depth [salt water, m], lat = 54.00
# name 6 = oxsatMm/Kg: Oxygen Saturation, Weiss [umol/kg]
# name 7 = oxsolMm/Kg: Oxygen Saturation, Garcia & Gordon [umol/kg]
# name 8 = turbWETntu0: Turbidity, WET Labs ECO [NTU]
# name 9 = flECO-AFL: Fluorescence, WET Labs ECO-AFL/FL [mg/m^3]
# name 10 = flag:  0.000e+00
# span 0 = 145.471999, 145.472665       
# span 1 =      0.529,      6.345       
# span 2 =    15.5858,    15.6567       
# span 3 =  36.443539,  36.535290       
# span 4 =    28.7258,    28.7677       
# span 5 =      0.524,      6.289       
# span 6 =  255.04759,  255.45629       
# span 7 =  255.33634,  255.74186       
# span 8 =    -1.4829,    17.3809       
# span 9 =     3.7271,    10.6135       
# span 10 = 0.0000e+00, 0.0000e+00      
# interval = seconds: 0.25
# start_time = May 24 2024 11:17:27 [Instrument's time stamp, header]
# bad_flag = -9.990e-29
*END*
 145.471999      0.529    15.6437  36.512744    28.7563      0.524  255.12938  255.41759     2.1747     3.7635 -9.990e-29
 145.472002      0.549    15.6451  36.507871    28.7537      0.544  255.12700  255.41529     2.0502     3.7352 -9.990e-29
 145.472005      0.576    15.6450  36.510977    28.7537      0.571  255.12779  255.41608     2.0891     3.7312 0.0000e+00
 145.472008      0.617    15.6448  36.510734    28.7537      0.611  255.12859  255.41687     2.1280     3.7271 0.0000e+00
 145.472011      0.673    15.6448  36.509638    28.7527      0.667  255.12859  255.41687     2.4860     3.7271 0.0000e+00
 145.472014      0.735    15.6452  36.509881    28.7527      0.729  255.12816  255.41647     2.5327     3.7271 0.0000e+00
 145.472017      0.801    15.6460  36.513232    28.7543      0.794  255.12008  255.40841     2.5949     3.7393 0.0000e+00
 145.472020      0.863    15.6470  36.513293    28.7543      0.855  255.11975  255.40816     2.5949     3.7393 0.0000e+00
 145.472023      0.919    15.6470  36.510735    28.7519      0.911  255.11975  255.40816     2.4860     3.7393 0.0000e+00
 145.472025      0.961    15.6468  36.509212    28.7515      0.953  255.12228  255.41067     2.4549     3.7979 0.0000e+00
 145.472028      0.989    15.6464  36.508055    28.7511      0.980  255.12481  255.41318     2.4237     3.8565 -9.990e-29
 145.472031      1.011    15.6444  36.506289    28.7500      1.002  255.13711  255.42540     2.2681     3.8606 -9.990e-29
 145.472034      1.027    15.6438  36.507385    28.7514      1.018  255.13755  255.42580     2.2992     3.8767 -9.990e-29
 145.472037      1.038    15.6435  36.507873    28.7520      1.029  255.13802  255.42625     2.5949     3.9657 -9.990e-29
 145.472040      1.046    15.6434  36.510553    28.7544      1.036  255.13423  255.42244     2.5949     4.0142 -9.990e-29
 145.472043      1.069    15.6426  36.505010    28.7477      1.060  255.14992  255.43814     2.4548     3.9980 -9.990e-29
 145.472046      1.105    15.6415  36.502270    28.7467      1.096  255.15750  255.44567     2.5248     4.1173 0.0000e+00
 145.472049      1.146    15.6404  36.498068    28.7477      1.135  255.16508  255.45320     2.5949     4.2366 0.0000e+00
 145.472052      1.184    15.6391  36.499408    28.7472      1.173  255.16888  255.45693     2.6027     4.2427 0.0000e+00
 145.472054      1.219    15.6378  36.497947    28.7487      1.208  255.17267  255.46065     2.6105     4.2488 -9.990e-29
 145.472057      1.237    15.6350  36.505195    28.7558      1.226  255.17468  255.46247     2.5794     4.2447 -9.990e-29
 145.472060      1.244    15.6356  36.503611    28.7540      1.233  255.17500  255.46283     1.2097     4.9160 -9.990e-29
 145.472063      1.255    15.6375  36.506717    28.7553      1.244  255.16275  255.45067     1.0229     4.8957 -9.990e-29
 145.472066      1.264    15.6389  36.497764    28.7464      1.253  255.17102  255.45907     1.0229     4.8998 -9.990e-29
 145.472069      1.272    15.6375  36.494963    28.7450      1.260  255.18071  255.46871     1.0229     4.9200 -9.990e-29
 145.472072      1.288    15.6346  36.500931    28.7523      1.277  255.18272  255.47053     1.1630     4.8998 -9.990e-29
 145.472075      1.301    15.6330  36.494293    28.7477      1.289  255.19888  255.48665     1.0229     4.0466 -9.990e-29
 145.472078      1.325    15.6300  36.494598    28.7506      1.313  255.20933  255.49693     1.1630     4.0627 -9.990e-29
 145.472080      1.352    15.6295  36.495147    28.7519      1.340  255.20990  255.49747     1.1241     4.0607 0.0000e+00
 145.472083      1.382    15.6289  36.497156    28.7532      1.370  255.21048  255.49801     1.1630     4.0627 0.0000e+00
 145.472086      1.415    15.6289  36.497157    28.7533      1.403  255.21048  255.49801     1.8634     4.4914 0.0000e+00
 145.472089      1.452    15.6293  36.499897    28.7552      1.439  255.20483  255.49236     1.8790     4.4914 0.0000e+00
 145.472092      1.488    15.6303  36.501420    28.7552      1.475  255.19862  255.48619     1.8790     4.5075 0.0000e+00
 145.472095      1.526    15.6318  36.499836    28.7535      1.513  255.19535  255.48301     1.8790     4.5116 0.0000e+00
 145.472098      1.556    15.6337  36.501602    28.7535      1.542  255.18546  255.47321     3.8556     5.2920 0.0000e+00
 145.472101      1.588    15.6352  36.503734    28.7535      1.574  255.17736  255.46523     3.8556     5.2961 0.0000e+00
 145.472104      1.619    15.6357  36.501420    28.7534      1.605  255.17651  255.46433     3.8089     5.2961 0.0000e+00
 145.472106      1.650    15.6357  36.503186    28.7521      1.635  255.17736  255.46523     3.7778     5.2839 0.0000e+00
 145.472109      1.675    15.6355  36.501420    28.7527      1.660  255.17739  255.46524     3.3654     5.0696 0.0000e+00
 145.472112      1.701    15.6353  36.498801    28.7521      1.686  255.17950  255.46734     2.9218     4.8553 -9.990e-29
 145.472115      1.725    15.6337  36.501603    28.7517      1.709  255.18864  255.47641     2.9062     4.8674 -9.990e-29
 145.472118      1.756    15.6337  36.499593    28.7531      1.740  255.18623  255.47399     2.8984     4.8674 0.0000e+00
 145.472121      1.789    15.6337  36.502760    28.7531      1.773  255.18623  255.47399     2.8984     4.8674 0.0000e+00
 145.472124      1.820    15.6337  36.500263    28.7544      1.803  255.18382  255.47157     2.8906     4.8674 -9.990e-29
 145.472127      1.845    15.6332  36.500324    28.7543      1.829  255.18642  255.47415    -0.8915     5.5144 -9.990e-29
 145.472130      1.879    15.6332  36.502274    28.7543      1.862  255.18642  255.47415    -0.8915     5.5144 0.0000e+00
 145.472133      1.906    15.6332  36.502274    28.7543      1.889  255.18642  255.47415    -0.8915     5.5144 -9.990e-29
 145.472135      1.930    15.6335  36.503187    28.7549      1.913  255.18386  255.47159    -1.4518     5.0292 -9.990e-29
 145.472138      1.950    15.6337  36.500751    28.7526      1.932  255.18699  255.47475    -1.4051     4.9968 -9.990e-29
 145.472141      1.972    15.6338  36.500508    28.7523      1.954  255.18677  255.47454    -1.4518     4.9685 -9.990e-29
 145.472144      1.996    15.6337  36.501178    28.7529      1.978  255.18606  255.47382    -1.4829     5.0090 -9.990e-29
 145.472147      2.016    15.6341  36.505867    28.7567      1.998  255.17741  255.46516    -0.0977     5.4174 -9.990e-29
 145.472150      2.033    15.6347  36.503066    28.7539      2.014  255.17959  255.46739    -0.1288     5.4254 -9.990e-29
 145.472153      2.044    15.6351  36.507207    28.7572      2.025  255.17177  255.45956    -0.2378     5.4376 -9.990e-29
 145.472156      2.057    15.6358  36.502274    28.7524      2.038  255.17661  255.46447    -0.1132     5.4457 -9.990e-29
 145.472159      2.067    15.6361  36.503431    28.7532      2.049  255.17365  255.46152    -1.1405     5.3122 -9.990e-29
 145.472161      2.082    15.6361  36.500081    28.7502      2.063  255.17877  255.46666    -1.2027     5.3405 -9.990e-29
 145.472164      2.100    15.6361  36.503188    28.7529      2.082  255.17404  255.46191    -1.1405     5.2880 -9.990e-29
 145.472167      2.122    15.6348  36.504954    28.7647      2.103  255.15980  255.44752    -1.2183     5.3041 -9.990e-29
 145.472170      2.151    15.6356  36.515674    28.7658      2.132  255.15421  255.44196    -0.8448     5.2394 0.0000e+00
 145.472173      2.182    15.6363  36.519268    28.7663      2.163  255.14862  255.43640    -0.4712     5.1788 0.0000e+00
 145.472176      2.220    15.6381  36.520121    28.7666      2.201  255.14073  255.42859    -0.4712     5.1788 0.0000e+00
 145.472179      2.257    15.6395  36.521705    28.7663      2.237  255.13292  255.42085    -0.3778     5.1788 0.0000e+00
 145.472182      2.299    15.6404  36.520791    28.7666      2.278  255.13103  255.41902    -0.3778     5.1828 0.0000e+00
 145.472185      2.337    15.6409  36.523106    28.7668      2.316  255.12542  255.41342    -0.7825     5.4174 0.0000e+00
 145.472187      2.372    15.6421  36.528832    28.7668      2.351  255.11219  255.40021    -0.8915     5.4254 0.0000e+00
 145.472190      2.412    15.6451  36.526152    28.7669      2.390  255.10489  255.39309    -0.9070     5.4335 0.0000e+00
 145.472193      2.450    15.6475  36.528832    28.7664      2.428  255.09150  255.37982    -0.9070     5.4254 0.0000e+00
 145.472196      2.488    15.6496  36.529015    28.7669      2.466  255.08344  255.37186    -0.7047     4.9402 0.0000e+00
 145.472199      2.530    15.6510  36.535290    28.7656      2.508  255.06817  255.35663    -0.6736     4.9160 0.0000e+00
 145.472202      2.570    15.6520  36.531695    28.7677      2.547  255.06702  255.35555    -0.6891     4.9281 0.0000e+00
 145.472205      2.607    15.6531  36.529015    28.7653      2.584  255.06587  255.35447    -0.6736     4.9160 -9.990e-29
 145.472208      2.632    15.6527  36.529015    28.7633      2.609  255.07150  255.36009     0.8829     6.0482 -9.990e-29
 145.472211      2.650    15.6525  36.527918    28.7624      2.627  255.07379  255.36238     0.7584     6.0320 -9.990e-29
 145.472214      2.658    15.6538  36.533280    28.7662      2.634  255.06080  255.34942     0.8362     6.0118 -9.990e-29
 145.472216      2.656    15.6553  36.534863    28.7665      2.632  255.05268  255.34137     0.7272     6.0482 -9.990e-29
 145.472219      2.656    15.6562  36.533949    28.7650      2.632  255.05077  255.33951     0.8206     6.0280 -9.990e-29
 145.472222      2.647    15.6566  36.535046    28.7657      2.623  255.04759  255.33634     6.7661     6.6588 -9.990e-29
 145.472225      2.645    15.6567  36.531512    28.7625      2.621  255.05238  255.34116     6.7039     6.6588 -9.990e-29
 145.472228      2.645    15.6566  36.532365    28.7633      2.621  255.05138  255.34015     6.7817     6.6830 -9.990e-29
 145.472231      2.647    15.6561  36.531391    28.7629      2.623  255.05497  255.34372     6.7661     6.6790 -9.990e-29
 145.472234      2.667    15.6536  36.526822    28.7460      2.643  255.09686  255.38562     3.5910     7.7384 -9.990e-29
 145.472237      2.698    15.6515  36.510070    28.7481      2.674  255.10396  255.39261     3.6222     7.7223 0.0000e+00
 145.472240      2.742    15.6494  36.511411    28.7502      2.717  255.10500  255.39330     3.5910     7.7061 0.0000e+00
 145.472242      2.793    15.6465  36.522680    28.7622      2.768  255.10500  255.39330     3.6533     7.6899 0.0000e+00
 145.472245      2.851    15.6465  36.527067    28.7624      2.826  255.10146  255.38978     4.2914     6.3474 0.0000e+00
 145.472248      2.907    15.6471  36.523473    28.7624      2.881  255.10146  255.38978     4.2914     6.3474 0.0000e+00
 145.472251      2.966    15.6471  36.513665    28.7532      2.939  255.11346  255.40189     4.3537     6.3514 0.0000e+00
 145.472254      3.026    15.6470  36.486503    28.7436      2.999  255.15858  255.44714     4.2914     6.3878 0.0000e+00
 145.472257      3.079    15.6415  36.497404    28.7436      3.051  255.16270  255.45090     2.3926     6.4687 0.0000e+00
 145.472260      3.124    15.6397  36.504287    28.7480      3.097  255.16452  255.45260     2.3537     6.6062 0.0000e+00
 145.472263      3.161    15.6378  36.504775    28.7523      3.133  255.16634  255.45430     2.3148     6.7437 -9.990e-29
 145.472266      3.185    15.6388  36.499232    28.7472      3.156  255.17049  255.45853     2.2369     6.7235 -9.990e-29
 145.472269      3.198    15.6385  36.497405    28.7458      3.169  255.17449  255.46253     2.2525     6.7073 -9.990e-29
 145.472271      3.209    15.6375  36.501181    28.7498      3.180  255.17234  255.46030     9.0852     7.5241 -9.990e-29
 145.472274      3.209    15.6374  36.500755    28.7495      3.180  255.17359  255.46154     9.0229     7.5120 -9.990e-29
 145.472277      3.212    15.6378  36.496492    28.7454      3.184  255.17830  255.46631     9.0229     7.4998 -9.990e-29
 145.472280      3.214    15.6380  36.496066    28.7450      3.185  255.17835  255.46637     9.1008     7.5403 -9.990e-29
 145.472283      3.220    15.6374  36.491133    28.7410      3.191  255.18799  255.47602    10.0191     8.7574 -9.990e-29
 145.472286      3.227    15.6362  36.487357    28.7387      3.198  255.19858  255.48656    10.0657     8.7453 -9.990e-29
 145.472289      3.230    15.6334  36.484678    28.7383      3.202  255.21319  255.50104    10.0502     8.7574 -9.990e-29
 145.472292      3.240    15.6308  36.483765    28.7394      3.211  255.22451  255.51223     9.9879     8.7372 -9.990e-29
 145.472295      3.254    15.6287  36.471101    28.7299      3.225  255.25199  255.53968    10.2525    10.5851 -9.990e-29
 145.472297      3.274    15.6260  36.471101    28.7318      3.245  255.26223  255.54977    10.3303    10.5892 -9.990e-29
 145.472300      3.298    15.6218  36.470919    28.7404      3.268  255.26890  255.55618    10.2214    10.6013 -9.990e-29
 145.472303      3.325    15.6220  36.477373    28.7368      3.295  255.27412  255.56144    10.1980    10.6135 0.0000e+00
 145.472306      3.361    15.6218  36.469580    28.7332      3.331  255.27934  255.56669    10.1747    10.6013 0.0000e+00
 145.472309      3.402    15.6205  36.466658    28.7319      3.371  255.29014  255.57742     9.7856     7.5322 0.0000e+00
 145.472312      3.453    15.6181  36.459110    28.7270      3.422  255.31103  255.59823     9.7856     7.5201 0.0000e+00
 145.472315      3.515    15.6149  36.453145    28.7265      3.483  255.33252  255.61959     9.7700     7.5079 0.0000e+00
 145.472318      3.569    15.6110  36.452658    28.7265      3.537  255.34803  255.63490     9.7233     7.5039 0.0000e+00
 145.472321      3.631    15.6081  36.453998    28.7297      3.599  255.35225  255.63891     4.3848     6.9297 0.0000e+00
 145.472323      3.688    15.6081  36.458199    28.7337      3.655  255.35225  255.63891     4.3070     6.9297 0.0000e+00
 145.472326      3.739    15.6082  36.461790    28.7337      3.706  255.34783  255.63456     4.2603     6.9297 0.0000e+00
 145.472329      3.783    15.6087  36.457590    28.7343      3.749  255.34641  255.63310     4.2292     6.9277 0.0000e+00
 145.472332      3.814    15.6091  36.456007    28.7321      3.780  255.34783  255.63456     4.2603     6.9176 -9.990e-29
 145.472335      3.838    15.6094  36.455764    28.7303      3.803  255.34975  255.63651     6.1591     7.5767 -9.990e-29
 145.472338      3.845    15.6086  36.454181    28.7295      3.811  255.35518  255.64191     6.3615     7.5686 -9.990e-29
 145.472341      3.841    15.6076  36.453755    28.7298      3.807  255.35944  255.64612     6.2525     7.5605 -9.990e-29
 145.472344      3.834    15.6071  36.451321    28.7281      3.800  255.36527  255.65193     8.2603     8.0376 -9.990e-29
 145.472347      3.821    15.6072  36.457530    28.7335      3.787  255.35546  255.64209     8.2603     8.0417 -9.990e-29
 145.472350      3.809    15.6078  36.455094    28.7309      3.775  255.35677  255.64345     8.3848     8.0255 -9.990e-29
 145.472352      3.800    15.6087  36.455460    28.7305      3.766  255.35260  255.63933     8.1669     8.0255 -9.990e-29
 145.472355      3.803    15.6091  36.454668    28.7295      3.769  255.35231  255.63906     8.3848     8.0174 -9.990e-29
 145.472358      3.818    15.6084  36.455521    28.7308      3.784  255.35372  255.64043     4.0580     7.2572 -9.990e-29
 145.472361      3.838    15.6077  36.457530    28.7371      3.804  255.34621  255.63284     4.0580     7.2694 -9.990e-29
 145.472364      3.867    15.6079  36.462217    28.7368      3.833  255.34560  255.63224     4.0736     7.2613 0.0000e+00
 145.472367      3.902    15.6082  36.461852    28.7365      3.867  255.34498  255.63164     4.0891     7.2532 0.0000e+00
 145.472370      3.942    15.6086  36.461548    28.7359      3.907  255.34498  255.63164     7.0619     6.7477 0.0000e+00
 145.472373      3.991    15.6086  36.459356    28.7359      3.956  255.34433  255.63100     7.0619     6.7356 0.0000e+00
 145.472376      4.040    15.6085  36.461548    28.7359      4.004  255.34433  255.63100     7.0930     6.7356 0.0000e+00
