seaocn-cb/data/ctd_cnv/SBE19plus_01907321_2024_05_27_Cast86.cnv
* Sea-Bird SBE19plus  Data File:
* FileName = E:\Prandtl_Daten\2024\27052024\raw\SBE19plus_01907321_2024_05_27_Cast86.hex
* Software version 2.6.1.12
* Temperature SN = 7321
* Conductivity SN = 7321
* System UpLoad Time = May 27 2024 12:33:47
* <ApplicationData>
* <Seaterm232>
** 20240527
** Sea Practical 2024
** MCat 27.05 CTD_SP5
** NMEA Latitude = 54 7.781N
** NMEA Longitude = 008 25.579E
** waterdepth = 10.7m
** Merle
# nquan = 11
# nvalues = 395                         
# units = specified
# name 0 = timeJ: Julian Days
# name 1 = prdM: Pressure, Strain Gauge [db]
# name 2 = tv290C: Temperature [ITS-90, deg C]
# name 3 = c0mS/cm: Conductivity [mS/cm]
# name 4 = sal00: Salinity, Practical [PSU]
# name 5 = depSM: Depth [salt water, m], lat = 54.00
# name 6 = oxsatMm/Kg: Oxygen Saturation, Weiss [umol/kg]
# name 7 = oxsolMm/Kg: Oxygen Saturation, Garcia & Gordon [umol/kg]
# name 8 = turbWETntu0: Turbidity, WET Labs ECO [NTU]
# name 9 = flECO-AFL: Fluorescence, WET Labs ECO-AFL/FL [mg/m^3]
# name 10 = flag:  0.000e+00
# span 0 = 148.520775, 148.521916       
# span 1 =      0.914,     10.374       
# span 2 =    15.7582,    15.8865       
# span 3 =  37.198317,  37.282095       
# span 4 =    29.2499,    29.2774       
# span 5 =      0.906,     10.281       
# span 6 =  253.04368,  253.64853       
# span 7 =  253.33985,  253.93851       
# span 8 =    -2.5413,    38.9062       
# span 9 =     1.7781,     6.0401       
# span 10 = 0.0000e+00, 0.0000e+00      
# interval = seconds: 0.25
# start_time = May 27 2024 12:28:33 [Instrument's time stamp, header]
# bad_flag = -9.990e-29
*END*
[from data line 263]
 148.521536      7.452    15.7635  37.209557    29.2752      7.386  253.61910  253.90925     2.3926     6.0320 -9.990e-29
 148.521539      7.470    15.7634  37.208207    29.2741      7.403  253.62146  253.91161     2.3303     6.0118 -9.990e-29
 148.521542      7.496    15.7630  37.205077    29.2717      7.429  253.62771  253.91786     2.2525     6.0401 -9.990e-29
 148.521545      7.521    15.7629  37.207286    29.2732      7.454  253.62543  253.91557     1.2875     4.5520 -9.990e-29
 148.521548      7.558    15.7628  37.206795    29.2732      7.490  253.62617  253.91630     1.4043     4.5601 0.0000e+00
 148.521551      7.589    15.7626  37.206611    29.2733      7.521  253.62659  253.91667     1.3809     4.5561 0.0000e+00
 148.521554      7.615    15.7620  37.208207    29.2751      7.547  253.62692  253.91704     1.3809     4.5682 0.0000e+00
 148.521557      7.642    15.7617  37.208330    29.2754      7.574  253.62770  253.91776     1.3498     4.5641 0.0000e+00
 148.521560      7.669    15.7614  37.208637    29.2756      7.601  253.62880  253.91884     1.3187     4.5722 -9.990e-29
 148.521562      7.684    15.7608  37.208760    29.2764      7.615  253.63055  253.92056     1.7700     4.1841 -9.990e-29
 148.521565      7.701    15.7606  37.206121    29.2743      7.632  253.63515  253.92517     1.8945     4.1679 -9.990e-29
 148.521568      7.715    15.7603  37.203298    29.2720      7.646  253.64063  253.93065     1.7856     4.1638 -9.990e-29
 148.521571      7.737    15.7598  37.207533    29.2761      7.668  253.63600  253.92597     1.4743     3.7029 -9.990e-29
 148.521574      7.753    15.7595  37.206367    29.2753      7.684  253.63897  253.92893     1.2253     3.6665 -9.990e-29
 148.521577      7.775    15.7591  37.205078    29.2744      7.706  253.64242  253.93237     1.2564     3.6867 -9.990e-29
 148.521580      7.799    15.7591  37.207717    29.2767      7.729  253.63843  253.92836     1.3187     3.6665 -9.990e-29
 148.521583      7.825    15.7592  37.206367    29.2755      7.755  253.64020  253.93014     2.7661     4.8876 -9.990e-29
 148.521586      7.850    15.7592  37.207717    29.2774      7.780  253.63679  253.92671     2.7661     4.8553 -9.990e-29
 148.521589      7.881    15.7593  37.208638    29.2756      7.811  253.63986  253.92980     2.8128     4.8654 0.0000e+00
 148.521591      7.907    15.7593  37.204403    29.2737      7.836  253.64274  253.93270     2.7661     4.8553 0.0000e+00
 148.521594      7.932    15.7594  37.204342    29.2737      7.861  253.64283  253.93280     2.7973     4.8533 0.0000e+00
 148.521597      7.959    15.7594  37.205263    29.2736      7.888  253.64274  253.93270     2.7350     4.8310 -9.990e-29
 148.521600      7.983    15.7595  37.207718    29.2764      7.911  253.63705  253.92700     2.9840     4.0344 -9.990e-29
 148.521603      8.007    15.7596  37.207043    29.2757      7.935  253.63780  253.92775     2.8284     4.0627 -9.990e-29
 148.521606      8.021    15.7599  37.203851    29.2727      7.949  253.64146  253.93145     2.7506     4.0668 -9.990e-29
 148.521609      8.045    15.7603  37.202072    29.2708      7.973  253.64268  253.93271     3.0307     4.1072 -9.990e-29
 148.521612      8.063    15.7601  37.207902    29.2760      7.991  253.63445  253.92443     3.0307     4.1274 -9.990e-29
 148.521615      8.087    15.7604  37.204097    29.2747      8.014  253.63554  253.92554     2.9218     4.1274 -9.990e-29
 148.521617      8.116    15.7605  37.206613    29.2755      8.043  253.63387  253.92386     4.5015     4.5783 0.0000e+00
 148.521620      8.141    15.7605  37.208639    29.2751      8.068  253.63366  253.92367     6.0813     5.0292 0.0000e+00
 148.521623      8.174    15.7606  37.207289    29.2751      8.101  253.63288  253.92290     6.0813     5.0494 0.0000e+00
 148.521626      8.205    15.7609  37.207228    29.2751      8.132  253.63288  253.92290     6.0346     5.0494 0.0000e+00
 148.521629      8.240    15.7611  37.207964    29.2753      8.166  253.63100  253.92104     6.0035     5.0494 0.0000e+00
 148.521632      8.273    15.7611  37.207903    29.2753      8.199  253.63100  253.92104     2.6261     4.3701 0.0000e+00
 148.521635      8.313    15.7614  37.205693    29.2736      8.238  253.63100  253.92104     2.5171     4.3701 0.0000e+00
 148.521638      8.342    15.7616  37.206614    29.2734      8.267  253.63191  253.92198     2.5093     4.3599 0.0000e+00
 148.521641      8.368    15.7617  37.208885    29.2736      8.293  253.63062  253.92070     2.5171     4.3903 -9.990e-29
 148.521644      8.384    15.7623  37.207289    29.2738      8.309  253.62754  253.91764     2.5015     4.3781 -9.990e-29
 148.521646      8.395    15.7623  37.208333    29.2747      8.320  253.62597  253.91606     2.7194     3.9091 -9.990e-29
 148.521649      8.402    15.7626  37.208640    29.2748      8.327  253.62432  253.91443     2.7194     3.9536 -9.990e-29
 148.521652      8.406    15.7627  37.209867    29.2758      8.331  253.62216  253.91227     2.9840     3.9333 -9.990e-29
 148.521655      8.422    15.7631  37.205939    29.2720      8.347  253.62664  253.91679     2.8906     3.9010 -9.990e-29
 148.521658      8.446    15.7632  37.210297    29.2757      8.370  253.61945  253.90958     4.1825     4.3134 -9.990e-29
 148.521661      8.470    15.7636  37.206860    29.2722      8.394  253.62359  253.91376     4.1358     4.3013 -9.990e-29
 148.521664      8.503    15.7637  37.206614    29.2731      8.427  253.62167  253.91184     4.2603     4.3094 0.0000e+00
 148.521667      8.532    15.7638  37.208763    29.2722      8.456  253.62273  253.91292     4.3848     4.3013 0.0000e+00
 148.521670      8.565    15.7638  37.206615    29.2736      8.488  253.62074  253.91091     6.5638     4.2649 0.0000e+00
 148.521672      8.598    15.7637  37.208333    29.2727      8.521  253.62234  253.91252     6.5638     4.2326 0.0000e+00
 148.521675      8.635    15.7637  37.207290    29.2732      8.557  253.62154  253.91172     6.4627     4.2467 0.0000e+00
 148.521678      8.664    15.7637  37.210482    29.2727      8.586  253.62234  253.91252     6.3615     4.2285 -9.990e-29
 148.521681      8.675    15.7635  37.207904    29.2734      8.597  253.62232  253.91248     4.3537     4.7623 -9.990e-29
 148.521684      8.689    15.7634  37.206615    29.2723      8.612  253.62458  253.91475     4.3537     4.7663 -9.990e-29
 148.521687      8.697    15.7635  37.209623    29.2748      8.619  253.61943  253.90959     4.2136     4.7421 -9.990e-29
 148.521690      8.713    15.7638  37.210236    29.2752      8.635  253.61762  253.90778     4.3070     4.7340 -9.990e-29
 148.521693      8.733    15.7640  37.208763    29.2732      8.655  253.61983  253.91002     9.4899     4.5763 -9.990e-29
 148.521696      8.759    15.7641  37.208211    29.2740      8.680  253.61801  253.90820     9.5210     4.5682 0.0000e+00
 148.521698      8.793    15.7642  37.210237    29.2732      8.715  253.61983  253.91002     9.5210     4.5682 0.0000e+00
 148.521701      8.828    15.7644  37.205265    29.2732      8.749  253.61618  253.90637     9.5210     4.5601 0.0000e+00
 148.521704      8.868    15.7648  37.208887    29.2732      8.789  253.61590  253.90612     9.5210     4.5520 0.0000e+00
 148.521707      8.910    15.7654  37.210728    29.2738      8.830  253.61105  253.90129     9.9879     3.7959 0.0000e+00
 148.521710      8.943    15.7656  37.210483    29.2741      8.863  253.61036  253.90061    10.0735     3.7898 0.0000e+00
 148.521713      8.977    15.7658  37.213429    29.2738      8.897  253.60966  253.89993    10.1591     3.7959 -9.990e-29
 148.521716      8.999    15.7671  37.213981    29.2759      8.919  253.59963  253.88995    10.0657     3.8080 -9.990e-29
 148.521719      9.018    15.7673  37.213429    29.2752      8.937  253.59959  253.88992    11.4976     4.6289 -9.990e-29
 148.521722      9.030    15.7677  37.211587    29.2733      8.949  253.60091  253.89127    11.5288     4.6450 -9.990e-29
 148.521725      9.041    15.7679  37.213674    29.2750      8.960  253.59715  253.88751    11.5132     4.6005 -9.990e-29
 148.521727      9.056    15.7680  37.214841    29.2760      8.975  253.59510  253.88545    11.5288     4.6127 -9.990e-29
 148.521730      9.078    15.7684  37.212324    29.2735      8.996  253.59744  253.88783     9.7700     4.1194 -9.990e-29
 148.521733      9.100    15.7686  37.214350    29.2759      9.018  253.59211  253.88250     9.6922     4.1072 -9.990e-29
 148.521736      9.129    15.7687  37.215270    29.2738      9.047  253.59542  253.88582     9.6610     4.0991 0.0000e+00
 148.521739      9.162    15.7686  37.210728    29.2736      9.080  253.59635  253.88675     9.6455     4.0910 0.0000e+00
 148.521742      9.191    15.7687  37.212693    29.2726      9.109  253.59736  253.88777     9.6299     4.0830 0.0000e+00
 148.521745      9.217    15.7687  37.211649    29.2726      9.134  253.59736  253.88777     6.7506     3.9212 0.0000e+00
 148.521748      9.246    15.7688  37.209869    29.2718      9.163  253.59842  253.88884     6.7506     3.9192 0.0000e+00
 148.521751      9.275    15.7688  37.214350    29.2709      9.192  253.59948  253.88991     6.7506     3.9212 -9.990e-29
 148.521753      9.295    15.7691  37.214841    29.2751      9.212  253.59108  253.88149     6.8595     3.9414 -9.990e-29
 148.521756      9.312    15.7691  37.213798    29.2741      9.228  253.59237  253.88280    10.0035     4.5156 -9.990e-29
 148.521759      9.319    15.7690  37.211404    29.2721      9.235  253.59660  253.88703    10.0346     4.5035 -9.990e-29
 148.521762      9.330    15.7690  37.211159    29.2719      9.246  253.59698  253.88741    10.0035     4.5156 -9.990e-29
 148.521765      9.344    15.7688  37.210238    29.2712      9.261  253.59898  253.88941    10.0969     4.5116 -9.990e-29
 148.521768      9.364    15.7687  37.214105    29.2747      9.280  253.59372  253.88412    11.2642     4.3013 -9.990e-29
 148.521771      9.386    15.7680  37.212018    29.2752      9.302  253.59613  253.88649    11.3887     4.3256 -9.990e-29
 148.521774      9.419    15.7682  37.214105    29.2741      9.335  253.59728  253.88765    11.2876     4.3236 0.0000e+00
 148.521777      9.453    15.7683  37.212019    29.2742      9.369  253.59613  253.88649    11.3887     4.3256 0.0000e+00
 148.521780      9.497    15.7688  37.213676    29.2735      9.412  253.59385  253.88426    13.2097     4.3822 0.0000e+00
 148.521782      9.539    15.7692  37.213308    29.2735      9.454  253.59299  253.88345    13.3342     4.3822 0.0000e+00
 148.521785      9.578    15.7695  37.212510    29.2735      9.492  253.59295  253.88338    13.4120     4.3781 0.0000e+00
 148.521788      9.609    15.7697  37.215026    29.2736      9.523  253.59035  253.88081    13.3809     4.3701 0.0000e+00
 148.521791      9.636    15.7699  37.216623    29.2745      9.550  253.58771  253.87817    13.4276     4.3781 -9.990e-29
 148.521794      9.651    15.7703  37.214351    29.2736      9.564  253.58727  253.87776     7.1085     3.7676 -9.990e-29
 148.521797      9.659    15.7706  37.215702    29.2746      9.573  253.58434  253.87483     7.0930     3.7999 -9.990e-29
 148.521800      9.661    15.7705  37.213922    29.2731      9.575  253.58734  253.87783     7.0619     3.7878 -9.990e-29
 148.521803      9.659    15.7706  37.214597    29.2736      9.573  253.58602  253.87651     7.0930     3.8039 -9.990e-29
 148.521806      9.668    15.7706  37.210300    29.2699      9.582  253.59253  253.88306     9.9101     4.0668 -9.990e-29
 148.521808      9.687    15.7704  37.214597    29.2722      9.600  253.58925  253.87975     9.7078     4.0466 -9.990e-29
 148.521811      9.712    15.7703  37.212878    29.2722      9.625  253.58999  253.88048     9.7000     4.0526 0.0000e+00
 148.521814      9.755    15.7702  37.212510    29.2721      9.667  253.59072  253.88121     9.7078     4.0466 0.0000e+00
 148.521817      9.796    15.7698  37.212265    29.2721      9.709  253.59073  253.88121    10.5482     3.9212 0.0000e+00
 148.521820      9.846    15.7695  37.214107    29.2735      9.757  253.59260  253.88307    10.6416     3.9212 0.0000e+00
 148.521823      9.900    15.7694  37.213432    29.2739      9.812  253.59073  253.88118    10.7039     3.9333 0.0000e+00
 148.521826      9.957    15.7694  37.214660    29.2745      9.868  253.59055  253.88098    10.7506     3.9414 0.0000e+00
 148.521829     10.008    15.7694  37.215519    29.2748      9.918  253.58977  253.88020    13.0541     4.0365 0.0000e+00
 148.521832     10.046    15.7695  37.213309    29.2751      9.956  253.58898  253.87941    15.4043     4.1396 -9.990e-29
 148.521834     10.068    15.7695  37.214353    29.2741      9.978  253.59078  253.88122    15.3576     4.1800 -9.990e-29
 148.521837     10.072    15.7695  37.215274    29.2749      9.982  253.58939  253.87982    15.3109     4.1881 -9.990e-29
 148.521840     10.063    15.7694  37.217545    29.2769      9.973  253.58624  253.87665    15.4043     4.1921 -9.990e-29
 148.521843     10.054    15.7691  37.215703    29.2755      9.964  253.58991  253.88033    18.4082     5.2556 -9.990e-29
 148.521846     10.041    15.7694  37.215519    29.2752      9.951  253.58930  253.87973    18.5949     5.2273 -9.990e-29
 148.521849     10.035    15.7696  37.217299    29.2766      9.945  253.58570  253.87613    18.5482     5.2435 -9.990e-29
 148.521852     10.043    15.7697  37.212880    29.2726      9.953  253.59211  253.88257    18.5638     5.2516 -9.990e-29
 148.521855     10.057    15.7694  37.217115    29.2706      9.967  253.59732  253.88779    15.8556     4.6895 -9.990e-29
 148.521858     10.085    15.7694  37.210241    29.2726      9.994  253.59351  253.88396    15.8401     4.6895 0.0000e+00
 148.521861     10.121    15.7695  37.215090    29.2747     10.030  253.58970  253.88013    15.8245     4.6895 0.0000e+00
 148.521863     10.161    15.7700  37.216195    29.2747     10.070  253.58946  253.87995    15.8245     4.6895 0.0000e+00
 148.521866     10.209    15.7703  37.213126    29.2742     10.117  253.58596  253.87642    18.0657     4.7138 0.0000e+00
 148.521869     10.258    15.7706  37.215520    29.2742     10.166  253.58467  253.87517    18.0657     4.7259 0.0000e+00
 148.521872     10.296    15.7708  37.215704    29.2742     10.204  253.58467  253.87517    17.9879     4.7259 0.0000e+00
 148.521875     10.331    15.7709  37.214108    29.2734     10.239  253.58445  253.87496    17.9723     4.7421 0.0000e+00
 148.521878     10.357    15.7711  37.215520    29.2726     10.264  253.58507  253.87560    17.9568     4.7582 -9.990e-29
 148.521881     10.366    15.7714  37.215950    29.2740     10.273  253.58141  253.87194    17.8012     4.0102 -9.990e-29
 148.521884     10.356    15.7714  37.218037    29.2758     10.264  253.57824  253.86876    17.7700     4.0223 -9.990e-29
 148.521887     10.349    15.7714  37.217484    29.2753     10.256  253.57907  253.86959    17.7389     3.9980 -9.990e-29
 148.521889     10.336    15.7718  37.215950    29.2737     10.244  253.57990  253.87046    17.7078     3.9859 -9.990e-29
 148.521892     10.325    15.7718  37.215520    29.2733     10.233  253.58025  253.87081    20.6494     5.2435 -9.990e-29
 148.521895     10.322    15.7721  37.210732    29.2689     10.229  253.58662  253.87722    20.4315     5.2677 -9.990e-29
 148.521898     10.322    15.7721  37.217116    29.2744     10.229  253.57664  253.86721    20.3537     5.2597 -9.990e-29
 148.521901     10.327    15.7721  37.216195    29.2737     10.235  253.57834  253.86891    20.4626     5.2192 -9.990e-29
 148.521904     10.334    15.7721  37.215950    29.2734     10.242  253.57842  253.86899    28.6027     5.4174 -9.990e-29
 148.521907     10.347    15.7721  37.214845    29.2725     10.254  253.58040  253.87097    28.4471     5.3891 -9.990e-29
 148.521910     10.360    15.7721  37.217300    29.2746     10.267  253.57668  253.86724    28.6961     5.3688 -9.990e-29
