seaocn-cb/data/ctd_cnv/SBE19plus_01907321_2024_05_27_Cast80.cnv
* Sea-Bird SBE19plus  Data File:
* FileName = E:\Prandtl_Daten\2024\27052024\raw\SBE19plus_01907321_2024_05_27_Cast80.hex
* Software version 2.6.1.12
* Temperature SN = 7321
* Conductivity SN = 7321
* System UpLoad Time = May 27 2024 11:22:25
* <ApplicationData>
* <Seaterm232>
** 20240527
** Sea Practical 2024
** MCat 27.05 CTD_SP5
** NMEA Latitude = 54 7.781N
** NMEA Longitude = 008 25.579E
** waterdepth = 10.1m
** Merle
# nquan = 11
# nvalues = 318                         
# units = specified
# name 0 = timeJ: Julian Days
# name 1 = prdM: Pressure, Strain Gauge [db]
# name 2 = tv290C: Temperature [ITS-90, deg C]
# name 3 = c0mS/cm: Conductivity [mS/cm]
# name 4 = sal00: Salinity, Practical [PSU]
# name 5 = depSM: Depth [salt water, m], lat = 54.00
# name 6 = oxsatMm/Kg: Oxygen Saturation, Weiss [umol/kg]
# name 7 = oxsolMm/Kg: Oxygen Saturation, Garcia & Gordon [umol/kg]
# name 8 = turbWETntu0: Turbidity, WET Labs ECO [NTU]
# name 9 = flECO-AFL: Fluorescence, WET Labs ECO-AFL/FL [mg/m^3]
# name 10 = flag:  0.000e+00
# span 0 = 148.459256, 148.460174       
# span 1 =      0.538,      8.839       
# span 2 =    16.0221,    16.1580       
# span 3 =  37.037895,  37.141321       
# span 4 =    28.9233,    28.9443       
# span 5 =      0.533,      8.760       
# span 6 =  252.23978,  252.90679       
# span 7 =  252.55084,  253.21154       
# span 8 =    -1.4985,    38.9996       
# span 9 =     2.0814,     5.2030       
# span 10 = 0.0000e+00, 0.0000e+00      
# interval = seconds: 0.25
# start_time = May 27 2024 11:00:06 [Instrument's time stamp, header]
# bad_flag = -9.990e-29
*END*
[from data line 132]
 148.459638      4.137    16.0966  37.095536    28.9329      4.100  252.53888  252.84709     1.1941     3.4805 -9.990e-29
 148.459641      4.155    16.0956  37.091000    28.9297      4.118  252.54926  252.85744     1.1475     3.4805 -9.990e-29
 148.459644      4.179    16.0923  37.095046    28.9336      4.141  252.55889  252.86690     2.3615     3.2823 -9.990e-29
 148.459647      4.206    16.0916  37.092778    28.9331      4.169  252.56343  252.87140     2.2759     3.3005 0.0000e+00
 148.459650      4.246    16.0909  37.090327    28.9336      4.208  252.56796  252.87591     2.3615     3.2864 0.0000e+00
 148.459653      4.294    16.0891  37.090940    28.9340      4.255  252.57394  252.88180     2.4393     3.3187 0.0000e+00
 148.459656      4.347    16.0877  37.089408    28.9340      4.308  252.58135  252.88914     2.7194     3.6503 0.0000e+00
 148.459659      4.405    16.0863  37.085976    28.9334      4.366  252.59189  252.89963     2.7661     3.6503 0.0000e+00
 148.459661      4.456    16.0839  37.085547    28.9329      4.416  252.60153  252.90915     2.7661     3.6422 0.0000e+00
 148.459664      4.500    16.0823  37.082299    28.9331      4.460  252.61010  252.91764     2.8128     3.6341 0.0000e+00
 148.459667      4.527    16.0806  37.082116    28.9329      4.487  252.61867  252.92614     2.8595     3.6260 -9.990e-29
 148.459670      4.533    16.0760  37.077826    28.9323      4.492  252.64242  252.94968     2.7661     3.5896 -9.990e-29
 148.459673      4.529    16.0745  37.081258    28.9364      4.489  252.64297  252.95013     2.7506     3.5815 -9.990e-29
 148.459676      4.520    16.0736  37.079603    28.9357      4.480  252.64902  252.95615     2.9218     3.5249 -9.990e-29
 148.459679      4.520    16.0728  37.078439    28.9353      4.480  252.65375  252.96085     2.6883     3.5209 -9.990e-29
 148.459682      4.520    16.0724  37.080952    28.9377      4.480  252.65149  252.95855     3.3576     3.4683 -9.990e-29
 148.459685      4.537    16.0717  37.079604    28.9356      4.496  252.65831  252.96535     3.2486     3.4441 -9.990e-29
 148.459688      4.564    16.0716  37.078010    28.9367      4.523  252.65736  252.96439     3.2019     3.4744 0.0000e+00
 148.459690      4.606    16.0714  37.080094    28.9356      4.565  252.65831  252.96535     3.2486     3.5047 0.0000e+00
 148.459693      4.653    16.0707  37.077091    28.9356      4.612  252.66362  252.97062     6.0191     3.8889 0.0000e+00
 148.459696      4.712    16.0699  37.074088    28.9356      4.670  252.67024  252.97715     6.0191     3.9212 0.0000e+00
 148.459699      4.768    16.0690  37.076908    28.9348      4.726  252.67113  252.97811     6.0191     3.8929 0.0000e+00
 148.459702      4.827    16.0677  37.073844    28.9348      4.784  252.67964  252.98650     5.9101     3.9253 0.0000e+00
 148.459705      4.865    16.0669  37.071883    28.9345      4.821  252.68396  252.99079     5.3109     4.0000 0.0000e+00
 148.459708      4.894    16.0662  37.069616    28.9342      4.850  252.68827  252.99507     4.4626     4.1072 -9.990e-29
 148.459711      4.907    16.0636  37.069555    28.9341      4.863  252.70165  253.00833     4.3070     4.1396 -9.990e-29
 148.459714      4.912    16.0622  37.071210    28.9366      4.869  252.70456  253.01115     4.2292     4.1436 -9.990e-29
 148.459716      4.914    16.0614  37.072129    28.9379      4.870  252.70587  253.01243     6.5327     3.6422 -9.990e-29
 148.459719      4.909    16.0608  37.070781    28.9372      4.865  252.71028  253.01681     6.4704     3.6462 -9.990e-29
 148.459722      4.911    16.0600  37.069187    28.9364      4.867  252.71566  253.02215     6.5482     3.6341 -9.990e-29
 148.459725      4.916    16.0594  37.070168    28.9376      4.872  252.71628  253.02275     6.2836     3.5977 -9.990e-29
 148.459728      4.931    16.0587  37.069862    28.9385      4.887  252.71845  253.02487     2.2836     3.5977 -9.990e-29
 148.459731      4.960    16.0589  37.070536    28.9404      4.916  252.71409  253.02051     2.2836     3.6159 0.0000e+00
 148.459734      5.000    16.0591  37.075378    28.9385      4.955  252.71144  253.01794     2.2836     3.6139 0.0000e+00
 148.459737      5.047    16.0602  37.071455    28.9424      5.002  252.70973  253.01615     2.3303     3.6139 0.0000e+00
 148.459740      5.097    16.0614  37.077768    28.9428      5.051  252.69784  253.00436     2.3303     3.5896 0.0000e+00
 148.459742      5.144    16.0631  37.080526    28.9439      5.098  252.68717  252.99375     1.5054     3.5815 0.0000e+00
 148.459745      5.188    16.0660  37.085736    28.9439      5.141  252.66864  252.97534     1.4276     3.5452 0.0000e+00
 148.459748      5.228    16.0709  37.083161    28.9405      5.181  252.65427  252.96124     1.3965     3.5128 0.0000e+00
 148.459751      5.261    16.0752  37.086409    28.9401      5.214  252.63299  252.94017     1.3965     3.5128 0.0000e+00
 148.459754      5.292    16.0764  37.084693    28.9385      5.245  252.62980  252.93704     2.3770     3.5209 0.0000e+00
 148.459757      5.317    16.0776  37.083038    28.9369      5.270  252.62661  252.93391     3.4976     3.5411 -9.990e-29
 148.459760      5.335    16.0791  37.085061    28.9361      5.288  252.62070  252.92808     3.4510     3.4602 -9.990e-29
 148.459763      5.341    16.0786  37.081873    28.9337      5.293  252.62726  252.93463     3.5443     3.4764 -9.990e-29
 148.459766      5.343    16.0776  37.081690    28.9343      5.295  252.63112  252.93845     2.9529     3.6584 -9.990e-29
 148.459769      5.341    16.0771  37.083651    28.9364      5.293  252.63028  252.93757     3.0152     3.6746 -9.990e-29
 148.459771      5.345    16.0769  37.084816    28.9375      5.297  252.62914  252.93641     3.1085     3.6948 -9.990e-29
 148.459774      5.356    16.0768  37.086655    28.9391      5.308  252.62670  252.93395     3.0930     3.6988 -9.990e-29
 148.459777      5.376    16.0768  37.084080    28.9346      5.328  252.63452  252.94181     4.5871     3.4077 -9.990e-29
 148.459780      5.414    16.0766  37.081445    28.9344      5.366  252.63597  252.94325     4.5249     3.4138 0.0000e+00
 148.459783      5.462    16.0764  37.080526    28.9346      5.413  252.63673  252.94393     4.5093     3.4077 0.0000e+00
 148.459786      5.518    16.0755  37.083407    28.9356      5.469  252.63742  252.94469     4.5093     3.4077 0.0000e+00
 148.459789      5.581    16.0748  37.080955    28.9356      5.531  252.64312  252.95030     4.5093     3.4077 0.0000e+00
 148.459792      5.639    16.0734  37.078443    28.9356      5.588  252.65199  252.95912     4.0580     3.8525 0.0000e+00
 148.459795      5.688    16.0727  37.078688    28.9350      5.637  252.65437  252.96146     4.0424     3.8605 0.0000e+00
 148.459797      5.724    16.0720  37.080956    28.9356      5.673  252.65674  252.96380     4.0580     3.8686 -9.990e-29
 148.459800      5.746    16.0701  37.076053    28.9348      5.695  252.66819  252.97516     3.9023     3.8686 -9.990e-29
 148.459803      5.750    16.0694  37.080282    28.9389      5.698  252.66426  252.97117     3.6222     4.4186 -9.990e-29
 148.459806      5.748    16.0689  37.075195    28.9349      5.697  252.67396  252.98087     3.6222     4.3943 -9.990e-29
 148.459809      5.742    16.0680  37.080282    28.9399      5.691  252.66963  252.97647     3.3887     4.3781 -9.990e-29
 148.459812      5.741    16.0672  37.074399    28.9354      5.689  252.68142  252.98826     3.6222     4.3296 -9.990e-29
 148.459815      5.737    16.0661  37.074338    28.9362      5.686  252.68570  252.99247     4.1202     3.5775 -9.990e-29
 148.459818      5.753    16.0647  37.075747    28.9384      5.702  252.68868  252.99538     4.0580     3.5209 -9.990e-29
 148.459821      5.777    16.0629  37.075748    28.9385      5.725  252.69770  253.00431     4.0735     3.5775 -9.990e-29
 148.459823      5.814    16.0626  37.074338    28.9385      5.762  252.69903  253.00563     4.1435     3.5553 0.0000e+00
 148.459826      5.859    16.0624  37.073971    28.9385      5.807  252.69770  253.00431     4.0735     3.5775 0.0000e+00
 148.459829      5.914    16.0624  37.075626    28.9385      5.861  252.70037  253.00696     3.6844     3.5977 0.0000e+00
 148.459832      5.965    16.0626  37.070539    28.9387      5.911  252.69765  253.00426     3.5599     3.6018 0.0000e+00
 148.459835      6.012    16.0627  37.074645    28.9370      5.958  252.70101  253.00762     3.6222     3.6038 0.0000e+00
 148.459838      6.052    16.0628  37.077342    28.9387      5.998  252.69765  253.00426     3.5599     3.6018 -9.990e-29
 148.459841      6.076    16.0625  37.076913    28.9409      6.022  252.69549  253.00207    10.0969     3.8242 -9.990e-29
 148.459844      6.089    16.0624  37.074094    28.9385      6.034  252.70002  253.00661     9.8945     3.8606 -9.990e-29
 148.459847      6.096    16.0618  37.070785    28.9360      6.042  252.70706  253.01365     9.9568     3.8727 -9.990e-29
 148.459850      6.100    16.0609  37.071704    28.9375      6.045  252.70928  253.01581    10.0502     3.8646 -9.990e-29
 148.459852      6.107    16.0596  37.062206    28.9302      6.053  252.72828  253.03480    17.3187     4.4428 -9.990e-29
 148.459855      6.116    16.0576  37.066434    28.9353      6.061  252.72943  253.03582    17.1941     4.4590 -9.990e-29
 148.459858      6.131    16.0544  37.066680    28.9379      6.076  252.74096  253.04718    17.2720     4.4550 -9.990e-29
 148.459861      6.160    16.0540  37.066741    28.9353      6.105  252.74790  253.05412    12.6416     4.1962 0.0000e+00
 148.459864      6.200    16.0535  37.059878    28.9349      6.144  252.75484  253.06106     8.0113     3.9455 0.0000e+00
 148.459867      6.238    16.0518  37.061104    28.9349      6.182  252.75931  253.06543     8.0113     3.9374 0.0000e+00
 148.459870      6.289    16.0493  37.059634    28.9354      6.233  252.77081  253.07681     8.0113     3.9131 0.0000e+00
 148.459873      6.337    16.0468  37.060125    28.9376      6.280  252.77625  253.08210     8.0424     3.9131 0.0000e+00
 148.459876      6.375    16.0468  37.062821    28.9401      6.318  252.77625  253.08210     8.0424     3.9091 0.0000e+00
 148.459878      6.409    16.0469  37.064414    28.9406      6.352  252.77387  253.07974     6.5793     3.8626 0.0000e+00
 148.459881      6.435    16.0472  37.059389    28.9410      6.377  252.77149  253.07737     5.0074     3.7959 -9.990e-29
 148.459884      6.455    16.0495  37.065762    28.9406      6.397  252.76113  253.06711     5.2408     3.8161 -9.990e-29
 148.459887      6.472    16.0503  37.062147    28.9368      6.414  252.76326  253.06931     5.1630     3.7959 -9.990e-29
 148.459890      6.490    16.0507  37.062637    28.9370      6.432  252.76134  253.06740     7.1397     3.8848 -9.990e-29
 148.459893      6.508    16.0511  37.065088    28.9387      6.450  252.75589  253.06196     7.1241     3.8525 -9.990e-29
 148.459896      6.526    16.0521  37.064659    28.9381      6.468  252.75214  253.05826     6.9373     3.8929 -9.990e-29
 148.459899      6.553    16.0521  37.065211    28.9376      6.495  252.75292  253.05905     8.2759     3.8727 0.0000e+00
 148.459902      6.586    16.0521  37.063985    28.9381      6.527  252.75214  253.05826     9.6144     3.8848 0.0000e+00
 148.459905      6.621    16.0518  37.066743    28.9377      6.562  252.75370  253.05983     9.8012     3.8808 0.0000e+00
 148.459907      6.659    16.0517  37.064415    28.9384      6.600  252.75450  253.06059     9.8478     3.8848 0.0000e+00
 148.459910      6.697    16.0515  37.065089    28.9384      6.638  252.75450  253.06059     9.8634     3.8929 0.0000e+00
 148.459913      6.736    16.0513  37.067785    28.9397      6.675  252.75324  253.05932    12.4782     3.9798 0.0000e+00
 148.459916      6.767    16.0511  37.063312    28.9410      6.706  252.75198  253.05804    15.0930     4.0668 -9.990e-29
 148.459919      6.789    16.0501  37.061290    28.9361      6.728  252.76562  253.07166    14.9529     4.1396 -9.990e-29
 148.459922      6.805    16.0488  37.061719    28.9374      6.744  252.76977  253.07574    14.8906     4.1072 -9.990e-29
 148.459925      6.814    16.0476  37.059881    28.9367      6.753  252.77731  253.08323    14.8751     4.1436 -9.990e-29
 148.459928      6.825    16.0466  37.061965    28.9392      6.764  252.77779  253.08364    10.6261     3.8848 -9.990e-29
 148.459931      6.836    16.0463  37.059636    28.9374      6.775  252.78248  253.08833    10.6572     3.8484 -9.990e-29
 148.459933      6.846    16.0455  37.057369    28.9361      6.784  252.78887  253.09469    10.4548     3.8484 -9.990e-29
 148.459936      6.869    16.0441  37.058043    28.9384      6.808  252.79159  253.09734     9.9724     4.1072 -9.990e-29
 148.459939      6.898    16.0440  37.058963    28.9400      6.837  252.78933  253.09507     9.9958     4.0930 0.0000e+00
 148.459942      6.935    16.0441  37.062394    28.9384      6.873  252.79159  253.09734     9.9724     4.1072 0.0000e+00
 148.459945      6.977    16.0441  37.058779    28.9409      6.914  252.78707  253.09279    10.0191     4.1113 0.0000e+00
 148.459948      7.021    16.0441  37.061904    28.9400      6.958  252.78972  253.09545    10.1436     4.1113 0.0000e+00
 148.459951      7.066    16.0440  37.060679    28.9406      7.003  252.78972  253.09545    11.2642     3.7109 0.0000e+00
 148.459954      7.099    16.0438  37.061047    28.9403      7.036  252.79020  253.09592    11.3031     3.6887 0.0000e+00
 148.459957      7.130    16.0436  37.054184    28.9406      7.067  252.79068  253.09639    11.3420     3.7109 -9.990e-29
 148.459959      7.154    16.0425  37.053755    28.9350      7.090  252.80582  253.11151    11.3109     3.7554 -9.990e-29
 148.459962      7.167    16.0420  37.060128    28.9409      7.103  252.79807  253.10371    16.5093     4.6450 -9.990e-29
 148.459965      7.183    16.0417  37.059148    28.9402      7.119  252.80045  253.10607    16.1980     4.6572 -9.990e-29
 148.459968      7.200    16.0412  37.057616    28.9393      7.135  252.80485  253.11045    16.4004     4.6531 -9.990e-29
 148.459971      7.214    16.0401  37.055594    28.9393      7.150  252.81034  253.11589    16.1358     4.6248 -9.990e-29
 148.459974      7.240    16.0397  37.056758    28.9400      7.175  252.81072  253.11625    17.8167     4.5803 0.0000e+00
 148.459977      7.274    16.0394  37.057861    28.9393      7.209  252.81110  253.11661    19.3887     4.5358 0.0000e+00
 148.459980      7.313    16.0392  37.055043    28.9385      7.247  252.81624  253.12176    19.4976     4.5237 0.0000e+00
 148.459983      7.355    16.0387  37.052408    28.9379      7.289  252.82200  253.12751    19.5132     4.5237 0.0000e+00
 148.459986      7.397    16.0382  37.053512    28.9379      7.331  252.82247  253.12794    19.5288     4.5237 0.0000e+00
 148.459988      7.435    16.0378  37.054370    28.9385      7.369  252.82304  253.12849    22.1592     4.4368 0.0000e+00
 148.459991      7.462    16.0375  37.051061    28.9391      7.396  252.82360  253.12903    24.7895     4.3134 -9.990e-29
 148.459994      7.481    16.0362  37.050387    28.9366      7.414  252.83467  253.14006    24.9762     4.2892 -9.990e-29
 148.459997      7.492    16.0356  37.051551    28.9380      7.425  252.83502  253.14038    24.8362     4.3498 -9.990e-29
 148.460000      7.493    16.0347  37.049652    28.9370      7.426  252.84116  253.14648    24.3381     4.2285 -9.990e-29
 148.460003      7.499    16.0338  37.050265    28.9381      7.432  252.84353  253.14881    24.4938     4.2488 -9.990e-29
 148.460006      7.510    16.0330  37.051491    28.9398      7.442  252.84499  253.15021    24.3848     4.2690 -9.990e-29
 148.460009      7.526    16.0319  37.047202    28.9369      7.459  252.85524  253.16044    21.7078     4.7340 -9.990e-29
 148.460012      7.564    16.0318  37.047263    28.9383      7.497  252.85370  253.15887    21.7312     4.7421 0.0000e+00
