seaocn-cb/data/ctd_cnv/SBE19plus_01907321_2024_05_28_Cast102.cnv
* Sea-Bird SBE19plus  Data File:
* FileName = E:\Prandtl_Daten\2024\28052024\raw\SBE19plus_01907321_2024_05_28_Cast102.hex
* Software version 2.6.1.12
* Temperature SN = 7321
* Conductivity SN = 7321
* System UpLoad Time = May 28 2024 14:29:27
* <ApplicationData>
* <Seaterm232>
** 20240527
** Sea Practical 2024
** MCat 27.05 CTD_SP5
** NMEA Latitude = 54 07.69N
** NMEA Longitude = 008 25.483E
** waterdepth = 10.8m
** Isabelle
# nquan = 11
# nvalues = 414                         
# units = specified
# name 0 = timeJ: Julian Days
# name 1 = prdM: Pressure, Strain Gauge [db]
# name 2 = tv290C: Temperature [ITS-90, deg C]
# name 3 = c0mS/cm: Conductivity [mS/cm]
# name 4 = sal00: Salinity, Practical [PSU]
# name 5 = depSM: Depth [salt water, m], lat = 54.00
# name 6 = oxsatMm/Kg: Oxygen Saturation, Weiss [umol/kg]
# name 7 = oxsolMm/Kg: Oxygen Saturation, Garcia & Gordon [umol/kg]
# name 8 = turbWETntu0: Turbidity, WET Labs ECO [NTU]
# name 9 = flECO-AFL: Fluorescence, WET Labs ECO-AFL/FL [mg/m^3]
# name 10 = flag:  0.000e+00
# span 0 = 149.600185, 149.601380       
# span 1 =      0.510,     10.168       
# span 2 =    15.6669,    17.4191       
# span 3 =  37.326303,  37.791051       
# span 4 =    28.5759,    29.4613       
# span 5 =      0.505,     10.077       
# span 6 =  246.67997,  253.79125       
# span 7 =  247.04770,  254.07545       
# span 8 =    -4.6424,     2.2836       
# span 9 =     1.6265,     3.7635       
# span 10 = 0.0000e+00, 0.0000e+00      
# interval = seconds: 0.25
# start_time = May 28 2024 14:23:02 [Instrument's time stamp, header]
# bad_flag = -9.990e-29
*END*
[from data line 394]
 149.601325     10.089    15.6685  37.340958    29.4598      9.999  253.77790  254.06214     0.0424     2.7890 -9.990e-29
 149.601328     10.089    15.6683  37.340712    29.4598      9.999  253.77916  254.06339     0.1825     2.7850 -9.990e-29
 149.601331     10.088    15.6678  37.335242    29.4554      9.997  253.78927  254.07350     0.3848     2.8173 -9.990e-29
 149.601334     10.084    15.6673  37.340036    29.4599      9.994  253.78374  254.06792     0.2136     2.8213 -9.990e-29
 149.601337     10.082    15.6669  37.341204    29.4613      9.992  253.78374  254.06788     0.3381     2.7971 -9.990e-29
 149.601340     10.082    15.6669  37.340712    29.4608      9.992  253.78419  254.06834     0.3381     2.8011 -9.990e-29
 149.601343     10.078    15.6669  37.341204    29.4612      9.988  253.78344  254.06759    -0.3467     2.6434 -9.990e-29
 149.601345     10.073    15.6673  37.339421    29.4594      9.983  253.78497  254.06914    -0.1288     2.6515 -9.990e-29
 149.601348     10.069    15.6675  37.341388    29.4610      9.979  253.78108  254.06526    -0.0977     2.6677 -9.990e-29
 149.601351     10.062    15.6674  37.339421    29.4593      9.972  253.78437  254.06855    -0.1444     2.6798 -9.990e-29
 149.601354     10.060    15.6672  37.335488    29.4561      9.970  253.79125  254.07545    -0.2066     2.6717 -9.990e-29
 149.601357     10.062    15.6670  37.339360    29.4596      9.972  253.78594  254.07011     1.1163     3.0640 -9.990e-29
 149.601360     10.071    15.6669  37.340036    29.4603      9.981  253.78551  254.06966     1.1163     3.0518 -9.990e-29
 149.601363     10.078    15.6670  37.339114    29.4593      9.988  253.78633  254.07049     1.0696     3.0721 -9.990e-29
 149.601366     10.089    15.6670  37.340712    29.4607      9.999  253.78390  254.06805     1.0074     3.0437 -9.990e-29
 149.601369     10.111    15.6671  37.340466    29.4605     10.021  253.78399  254.06815     1.6299     3.2945 -9.990e-29
 149.601372     10.133    15.6671  37.339852    29.4599     10.043  253.78494  254.06911     1.5521     3.3268 -9.990e-29
 149.601374     10.150    15.6673  37.339360    29.4593     10.059  253.78481  254.06899     1.5210     3.2783 -9.990e-29
 149.601377     10.159    15.6673  37.338745    29.4588     10.068  253.78605  254.07023     1.5833     3.2823 -9.990e-29
 149.601380     10.168    15.6673  37.338684    29.4587     10.077  253.78585  254.07004     2.2836     3.7029 -9.990e-29
