seaocn-cb/data/ctd_cnv/SBE19plus_01907321_2024_05_28_Cast102.cnv
* Sea-Bird SBE19plus  Data File:
* FileName = E:\Prandtl_Daten\2024\28052024\raw\SBE19plus_01907321_2024_05_28_Cast102.hex
* Software version 2.6.1.12
* Temperature SN = 7321
* Conductivity SN = 7321
* System UpLoad Time = May 28 2024 14:29:27
* <ApplicationData>
* <Seaterm232>
** 20240527
** Sea Practical 2024
** MCat 27.05 CTD_SP5
** NMEA Latitude = 54 07.69N
** NMEA Longitude = 008 25.483E
** waterdepth = 10.8m
** Isabelle
# nquan = 11
# nvalues = 414                         
# units = specified
# name 0 = timeJ: Julian Days
# name 1 = prdM: Pressure, Strain Gauge [db]
# name 2 = tv290C: Temperature [ITS-90, deg C]
# name 3 = c0mS/cm: Conductivity [mS/cm]
# name 4 = sal00: Salinity, Practical [PSU]
# name 5 = depSM: Depth [salt water, m], lat = 54.00
# name 6 = oxsatMm/Kg: Oxygen Saturation, Weiss [umol/kg]
# name 7 = oxsolMm/Kg: Oxygen Saturation, Garcia & Gordon [umol/kg]
# name 8 = turbWETntu0: Turbidity, WET Labs ECO [NTU]
# name 9 = flECO-AFL: Fluorescence, WET Labs ECO-AFL/FL [mg/m^3]
# name 10 = flag:  0.000e+00
# span 0 = 149.600185, 149.601380       
# span 1 =      0.510,     10.168       
# span 2 =    15.6669,    17.4191       
# span 3 =  37.326303,  37.791051       
# span 4 =    28.5759,    29.4613       
# span 5 =      0.505,     10.077       
# span 6 =  246.67997,  253.79125       
# span 7 =  247.04770,  254.07545       
# span 8 =    -4.6424,     2.2836       
# span 9 =     1.6265,     3.7635       
# span 10 = 0.0000e+00, 0.0000e+00      
# interval = seconds: 0.25
# start_time = May 28 2024 14:23:02 [Instrument's time stamp, header]
# bad_flag = -9.990e-29
*END*
[from data line 263]
 149.600946      7.077    15.6983  37.330434    29.4299      7.013  253.67984  253.96572    -1.9109     2.7122 0.0000e+00
 149.600949      7.113    15.6981  37.331540    29.4297      7.050  253.68115  253.96703    -1.8409     2.7203 -9.990e-29
 149.600952      7.137    15.6984  37.328344    29.4276      7.073  253.68318  253.96909    -0.6580     2.9224 -9.990e-29
 149.600955      7.139    15.6981  37.331110    29.4302      7.075  253.68016  253.96603    -0.6891     2.9548 -9.990e-29
 149.600958      7.120    15.6970  37.331540    29.4314      7.057  253.68334  253.96916    -0.6736     2.9265 -9.990e-29
 149.600961      7.088    15.6966  37.328467    29.4290      7.024  253.68977  253.97559    -0.5490     2.9224 -9.990e-29
 149.600964      7.053    15.6956  37.330188    29.4313      6.990  253.69069  253.97644    -0.6424     2.5221 -9.990e-29
 149.600966      7.017    15.6950  37.331724    29.4331      6.954  253.69070  253.97640    -0.5957     2.5302 -9.990e-29
 149.600969      6.991    15.6947  37.330618    29.4324      6.928  253.69355  253.97925    -0.6736     2.5302 -9.990e-29
 149.600972      6.984    15.6934  37.330188    29.4329      6.921  253.69894  253.98457    -0.7202     2.5464 -9.990e-29
 149.600975      7.009    15.6919  37.329512    29.4334      6.946  253.70560  253.99116    -1.0471     2.9143 -9.990e-29
 149.600978      7.055    15.6907  37.331295    29.4359      6.992  253.70730  253.99279    -1.0471     2.9143 -9.990e-29
 149.600981      7.120    15.6905  37.331356    29.4352      7.057  253.70947  253.99495    -1.0393     2.9042 0.0000e+00
 149.600984      7.208    15.6903  37.329513    29.4359      7.144  253.71164  253.99711    -1.0315     2.8941 0.0000e+00
 149.600987      7.307    15.6895  37.330435    29.4360      7.241  253.71355  253.99897     0.0735     2.7324 0.0000e+00
 149.600990      7.393    15.6884  37.331358    29.4375      7.326  253.71605  254.00141     0.0735     2.7283 0.0000e+00
 149.600992      7.464    15.6871  37.330866    29.4381      7.397  253.72187  254.00716    -0.0199     2.7283 0.0000e+00
 149.600995      7.515    15.6867  37.331789    29.4387      7.448  253.72267  254.00793    -0.0277     2.7142 0.0000e+00
 149.600998      7.541    15.6863  37.331113    29.4394      7.473  253.72346  254.00870    -0.0199     2.7324 -9.990e-29
 149.601001      7.546    15.6847  37.330621    29.4396      7.478  253.73147  254.01663     0.8362     2.9831 -9.990e-29
 149.601004      7.528    15.6841  37.331973    29.4412      7.460  253.73147  254.01660     0.8517     2.9467 -9.990e-29
 149.601007      7.502    15.6839  37.331789    29.4413      7.435  253.73263  254.01774     0.9918     2.9790 -9.990e-29
 149.601010      7.479    15.6836  37.332035    29.4417      7.412  253.73342  254.01852     0.7272     2.9831 -9.990e-29
 149.601013      7.462    15.6837  37.331727    29.4413      7.395  253.73329  254.01839     0.0268     2.6839 -9.990e-29
 149.601016      7.461    15.6836  37.329699    29.4396      7.394  253.73667  254.02178    -0.0043     2.6717 -9.990e-29
 149.601019      7.468    15.6834  37.330437    29.4404      7.401  253.73644  254.02154    -0.0199     2.6515 -9.990e-29
 149.601021      7.494    15.6824  37.329699    29.4415      7.427  253.73967  254.02471    -0.7669     2.7122 -9.990e-29
 149.601024      7.526    15.6822  37.330867    29.4419      7.459  253.74005  254.02507    -0.7047     2.7243 0.0000e+00
 149.601027      7.563    15.6820  37.331359    29.4423      7.495  253.74042  254.02543    -0.7047     2.7364 0.0000e+00
 149.601030      7.599    15.6820  37.331544    29.4423      7.531  253.74075  254.02576    -0.6424     2.7364 0.0000e+00
 149.601033      7.628    15.6818  37.330437    29.4419      7.560  253.74182  254.02683    -0.7047     2.7405 0.0000e+00
 149.601036      7.661    15.6819  37.330868    29.4414      7.593  253.74186  254.02688    -0.9381     2.9750 0.0000e+00
 149.601039      7.689    15.6819  37.328471    29.4408      7.620  253.74304  254.02806    -1.0004     2.9750 0.0000e+00
 149.601042      7.720    15.6820  37.329700    29.4408      7.651  253.74304  254.02806    -1.0004     2.9750 0.0000e+00
 149.601045      7.747    15.6823  37.330192    29.4408      7.678  253.74112  254.02616    -0.9381     2.9750 0.0000e+00
 149.601047      7.785    15.6829  37.328840    29.4407      7.716  253.74083  254.02591    -0.6424     2.9790 0.0000e+00
 149.601050      7.826    15.6832  37.330684    29.4406      7.756  253.73716  254.02224    -0.6424     2.9831 0.0000e+00
 149.601053      7.868    15.6836  37.330868    29.4407      7.797  253.73543  254.02053    -0.6736     2.9831 0.0000e+00
 149.601056      7.911    15.6840  37.331729    29.4409      7.841  253.73237  254.01749    -0.6736     2.9831 0.0000e+00
 149.601059      7.955    15.6842  37.332466    29.4410      7.884  253.73093  254.01607    -0.6813     2.9810 0.0000e+00
 149.601062      7.999    15.6845  37.331299    29.4412      7.927  253.72949  254.01464    -0.6424     2.9790 -9.990e-29
 149.601065      8.024    15.6847  37.333143    29.4416      7.953  253.72762  254.01277    -0.0666     2.7324 -9.990e-29
 149.601068      8.037    15.6849  37.332221    29.4407      7.965  253.72843  254.01360    -0.2066     2.7324 -9.990e-29
 149.601071      8.034    15.6855  37.333696    29.4416      7.962  253.72412  254.00930    -0.1911     2.7041 -9.990e-29
 149.601073      8.016    15.6856  37.332036    29.4400      7.944  253.72604  254.01124    -0.4712     3.2419 -9.990e-29
 149.601076      8.001    15.6858  37.332651    29.4404      7.929  253.72450  254.00971    -0.3623     3.2338 -9.990e-29
 149.601079      7.977    15.6852  37.332221    29.4405      7.906  253.72722  254.01240    -0.4868     3.2338 -9.990e-29
 149.601082      7.959    15.6847  37.329578    29.4385      7.888  253.73300  254.01818    -0.5179     3.2419 -9.990e-29
 149.601085      7.957    15.6842  37.332466    29.4415      7.886  253.73068  254.01580    -0.6424     2.7122 -9.990e-29
 149.601088      7.968    15.6825  37.330684    29.4418      7.897  253.73890  254.02394    -0.5957     2.7203 -9.990e-29
 149.601091      8.001    15.6824  37.331361    29.4417      7.929  253.73974  254.02477    -0.6190     2.7081 0.0000e+00
 149.601094      8.056    15.6823  37.330869    29.4418      7.984  253.73890  254.02394    -0.6424     2.7203 0.0000e+00
 149.601097      8.125    15.6823  37.332406    29.4415      8.052  253.74057  254.02560    -0.7358     2.7324 0.0000e+00
 149.601100      8.207    15.6823  37.327182    29.4405      8.134  253.74113  254.02618    -0.9693     2.7324 0.0000e+00
 149.601102      8.293    15.6825  37.330010    29.4405      8.219  253.74113  254.02618    -0.9848     2.7405 0.0000e+00
 149.601105      8.366    15.6826  37.330440    29.4407      8.291  253.73992  254.02498    -0.9693     2.7122 0.0000e+00
 149.601108      8.420    15.6828  37.331116    29.4409      8.345  253.73898  254.02404    -1.0004     2.7264 0.0000e+00
 149.601111      8.455    15.6829  37.329949    29.4411      8.380  253.73804  254.02310    -0.9693     2.7122 -9.990e-29
 149.601114      8.468    15.6842  37.330686    29.4397      8.392  253.73369  254.01883    -1.2027     2.9305 -9.990e-29
 149.601117      8.455    15.6844  37.328842    29.4379      8.380  253.73560  254.02076    -1.2806     2.9143 -9.990e-29
 149.601120      8.441    15.6847  37.331976    29.4404      8.365  253.72964  254.01480    -1.1716     2.9143 -9.990e-29
 149.601123      8.415    15.6851  37.332038    29.4403      8.340  253.72834  254.01352    -1.1716     2.5989 -9.990e-29
 149.601126      8.397    15.6855  37.331362    29.4393      8.322  253.72759  254.01279    -1.1094     2.5828 -9.990e-29
 149.601128      8.381    15.6851  37.331116    29.4394      8.306  253.72943  254.01462    -1.2339     2.5949 -9.990e-29
 149.601131      8.386    15.6851  37.330624    29.4390      8.311  253.73048  254.01566    -1.2650     2.6111 -9.990e-29
 149.601134      8.406    15.6849  37.331730    29.4394      8.331  253.73073  254.01591    -1.7475     2.6273 -9.990e-29
 149.601137      8.444    15.6850  37.330870    29.4386      8.369  253.73177  254.01695    -1.7008     2.6435 0.0000e+00
 149.601140      8.488    15.6849  37.329334    29.4394      8.412  253.73094  254.01609    -1.6541     2.6515 0.0000e+00
 149.601143      8.534    15.6846  37.331547    29.4400      8.457  253.73280  254.01799    -1.6541     2.6596 0.0000e+00
 149.601146      8.574    15.6840  37.330871    29.4402      8.497  253.73406  254.01919    -1.2650     2.8901 0.0000e+00
 149.601149      8.609    15.6837  37.330871    29.4402      8.532  253.73526  254.02037    -1.2183     2.8982 0.0000e+00
 149.601152      8.636    15.6834  37.331547    29.4404      8.559  253.73645  254.02155    -1.2650     2.9063 -9.990e-29
 149.601155      8.656    15.6822  37.331301    29.4417      8.579  253.74026  254.02529    -1.0315     2.9224 -9.990e-29
 149.601157      8.675    15.6817  37.329704    29.4406      8.597  253.74448  254.02950    -1.1560     2.8860 -9.990e-29
 149.601160      8.695    15.6815  37.330011    29.4410      8.617  253.74502  254.03003    -1.3117     2.8052 -9.990e-29
 149.601163      8.724    15.6816  37.329950    29.4412      8.646  253.74436  254.02937    -1.3973     2.7931 0.0000e+00
 149.601166      8.757    15.6817  37.330442    29.4413      8.678  253.74370  254.02871    -1.3117     2.8052 0.0000e+00
 149.601169      8.806    15.6817  37.330872    29.4416      8.727  253.74278  254.02779    -1.3117     2.8092 0.0000e+00
 149.601172      8.854    15.6818  37.333515    29.4430      8.774  253.73849  254.02349     0.5405     3.4845 0.0000e+00
 149.601175      8.912    15.6823  37.332962    29.4430      8.832  253.73849  254.02349     0.5405     3.4845 0.0000e+00
 149.601178      8.963    15.6823  37.331303    29.4423      8.883  253.73887  254.02389     0.5172     3.4724 0.0000e+00
 149.601181      9.000    15.6823  37.334314    29.4415      8.919  253.74015  254.02518     0.4938     3.4602 -9.990e-29
 149.601183      9.021    15.6830  37.332716    29.4422      8.941  253.73536  254.02043    -1.6385     3.0923 -9.990e-29
 149.601186      9.022    15.6832  37.334376    29.4435      8.941  253.73195  254.01702    -1.6385     3.0963 -9.990e-29
 149.601189      9.002    15.6832  37.334560    29.4436      8.921  253.73166  254.01672    -1.7164     3.1246 -9.990e-29
 149.601192      8.978    15.6832  37.333269    29.4425      8.898  253.73361  254.01868    -1.5763     3.1044 -9.990e-29
 149.601195      8.952    15.6830  37.332040    29.4416      8.872  253.73635  254.02142    -1.4362     2.9386 -9.990e-29
 149.601198      8.936    15.6824  37.332163    29.4422      8.856  253.73852  254.02356    -1.4829     2.9912 -9.990e-29
 149.601201      8.927    15.6817  37.330872    29.4415      8.847  253.74285  254.02786    -1.3895     2.9710 -9.990e-29
 149.601204      8.941    15.6808  37.331118    29.4438      8.861  253.74362  254.02857    -1.3117     2.9548 -9.990e-29
 149.601207      8.972    15.6807  37.332716    29.4446      8.892  253.74271  254.02765    -1.2883     2.8719 0.0000e+00
 149.601209      9.016    15.6806  37.334314    29.4453      8.935  253.74331  254.02822    -1.2650     2.7890 0.0000e+00
 149.601212      9.078    15.6803  37.334130    29.4453      8.997  253.74331  254.02822    -1.1872     2.7890 0.0000e+00
 149.601215      9.146    15.6802  37.332717    29.4446      9.064  253.74609  254.03100    -1.1872     2.7728 0.0000e+00
 149.601218      9.219    15.6795  37.332656    29.4446      9.136  253.74860  254.03348    -1.1872     2.7566 0.0000e+00
 149.601221      9.279    15.6788  37.332964    29.4454      9.196  253.75011  254.03491    -0.7669     2.7364 0.0000e+00
 149.601224      9.326    15.6786  37.334623    29.4463      9.243  253.75047  254.03529    -0.7358     2.7122 0.0000e+00
 149.601227      9.355    15.6784  37.335484    29.4472      9.272  253.75011  254.03491    -0.7047     2.7364 -9.990e-29
 149.601230      9.376    15.6781  37.333271    29.4462      9.292  253.75308  254.03788    -0.5646     2.7122 -9.990e-29
 149.601233      9.385    15.6779  37.333394    29.4465      9.301  253.75379  254.03857    -1.1560     3.0518 -9.990e-29
 149.601236      9.385    15.6780  37.335914    29.4486      9.301  253.74936  254.03414    -1.1405     3.0114 -9.990e-29
 149.601238      9.384    15.6782  37.333640    29.4465      9.301  253.75223  254.03703    -1.1872     3.0235 -9.990e-29
 149.601241      9.386    15.6780  37.334562    29.4474      9.302  253.75142  254.03620    -1.2183     3.0357 -9.990e-29
 149.601244      9.395    15.6780  37.335914    29.4486      9.311  253.74966  254.03443    -0.9381     2.9790 -9.990e-29
 149.601247      9.408    15.6777  37.335484    29.4484      9.324  253.75121  254.03597    -0.7825     2.9790 -9.990e-29
 149.601250      9.430    15.6775  37.333948    29.4471      9.346  253.75466  254.03942    -0.9381     2.9831 -9.990e-29
 149.601253      9.461    15.6773  37.333825    29.4472      9.376  253.75550  254.04026    -0.9225     2.9831 0.0000e+00
 149.601256      9.499    15.6771  37.333702    29.4471      9.414  253.75634  254.04109    -0.9381     2.9831 0.0000e+00
 149.601259      9.534    15.6770  37.333149    29.4472      9.449  253.75722  254.04196    -0.9615     2.9124 0.0000e+00
 149.601262      9.565    15.6769  37.334624    29.4470      9.479  253.75810  254.04283    -1.0160     2.8416 -9.990e-29
 149.601264      9.585    15.6762  37.336161    29.4501      9.499  253.75620  254.04088    -0.9848     2.8335 -9.990e-29
 149.601267      9.607    15.6759  37.337083    29.4511      9.521  253.75570  254.04036    -0.8136     2.8497 -9.990e-29
 149.601270      9.620    15.6758  37.335485    29.4497      9.534  253.75844  254.04310    -0.4557     3.1044 -9.990e-29
 149.601273      9.632    15.6756  37.335239    29.4497      9.546  253.75971  254.04436    -0.4090     3.1206 -9.990e-29
 149.601276      9.647    15.6753  37.336776    29.4513      9.561  253.75856  254.04318    -0.3311     3.1125 -9.990e-29
 149.601279      9.664    15.6751  37.335915    29.4506      9.577  253.76047  254.04509    -0.4401     3.0680 -9.990e-29
 149.601282      9.680    15.6743  37.336100    29.4494      9.594  253.76694  254.05153     0.1047     2.9750 -9.990e-29
 149.601285      9.711    15.6740  37.333826    29.4515      9.624  253.76476  254.04932     0.0891     2.9690 0.0000e+00
 149.601288      9.739    15.6737  37.338067    29.4536      9.652  253.76351  254.04801     0.1047     2.9750 0.0000e+00
 149.601291      9.775    15.6733  37.338436    29.4536      9.688  253.76351  254.04801     0.1513     2.9750 0.0000e+00
 149.601293      9.817    15.6729  37.337453    29.4542      9.729  253.76570  254.05015     0.3070     3.2257 0.0000e+00
 149.601296      9.859    15.6724  37.339358    29.4554      9.771  253.76680  254.05129     0.3226     3.2257 0.0000e+00
 149.601299      9.898    15.6723  37.338867    29.4555      9.809  253.76653  254.05097     0.3148     3.2257 0.0000e+00
 149.601302      9.934    15.6721  37.338744    29.4554      9.845  253.76736  254.05180     0.3226     3.2257 -9.990e-29
 149.601305      9.958    15.6717  37.338867    29.4557      9.869  253.76917  254.05359     0.3381     3.2257 -9.990e-29
 149.601308      9.984    15.6716  37.340035    29.4568      9.894  253.76770  254.05211    -0.1444     3.0882 -9.990e-29
 149.601311     10.005    15.6710  37.339605    29.4568      9.916  253.77044  254.05482    -0.1444     3.1125 -9.990e-29
 149.601314     10.024    15.6706  37.340281    29.4577      9.934  253.77120  254.05555    -0.2533     3.0882 -9.990e-29
 149.601317     10.038    15.6699  37.337761    29.4560      9.948  253.77741  254.06175    -0.2066     3.1044 -9.990e-29
 149.601319     10.057    15.6695  37.340712    29.4589      9.967  253.77441  254.05870     0.1513     2.8011 -9.990e-29
