seaocn-cb/data/ctd_cnv/SBE19plus_01907321_2024_05_28_Cast99.cnv
* Sea-Bird SBE19plus  Data File:
* FileName = E:\Prandtl_Daten\2024\28052024\raw\SBE19plus_01907321_2024_05_28_Cast99.hex
* Software version 2.6.1.12
* Temperature SN = 7321
* Conductivity SN = 7321
* System UpLoad Time = May 28 2024 13:33:33
* <ApplicationData>
* <Seaterm232>
** 20240527
** Sea Practical 2024
** MCat 27.05 CTD_SP7
** NMEA Latitude = 54 8.36N
** NMEA Longitude = 008 20.85E
** waterdepth = 14.6m
** Isabelle
# nquan = 11
# nvalues = 521                         
# units = specified
# name 0 = timeJ: Julian Days
# name 1 = prdM: Pressure, Strain Gauge [db]
# name 2 = tv290C: Temperature [ITS-90, deg C]
# name 3 = c0mS/cm: Conductivity [mS/cm]
# name 4 = sal00: Salinity, Practical [PSU]
# name 5 = depSM: Depth [salt water, m], lat = 54.00
# name 6 = oxsatMm/Kg: Oxygen Saturation, Weiss [umol/kg]
# name 7 = oxsolMm/Kg: Oxygen Saturation, Garcia & Gordon [umol/kg]
# name 8 = turbWETntu0: Turbidity, WET Labs ECO [NTU]
# name 9 = flECO-AFL: Fluorescence, WET Labs ECO-AFL/FL [mg/m^3]
# name 10 = flag:  0.000e+00
# span 0 = 149.561415, 149.562920       
# span 1 =      0.284,     14.092       
# span 2 =    14.7822,    17.1239       
# span 3 =  37.332984,  38.010071       
# span 4 =    28.7946,    30.7313       
# span 5 =      0.282,     13.966       
# span 6 =  247.70764,  256.08549       
# span 7 =  248.06181,  256.31478       
# span 8 =    -4.9381,    10.2369       
# span 9 =     1.4910,     8.6887       
# span 10 = 0.0000e+00, 0.0000e+00      
# interval = seconds: 0.25
# start_time = May 28 2024 13:26:10 [Instrument's time stamp, header]
# bad_flag = -9.990e-29
*END*
[from data line 263]
 149.562176      7.307    14.8449  37.950939    30.6323      7.242  255.93166  256.16504    -2.4790     6.1493 0.0000e+00
 149.562179      7.338    14.8443  37.952981    30.6326      7.272  255.93432  256.16767    -2.4479     6.1614 -9.990e-29
 149.562182      7.360    14.8427  37.957621    30.6379      7.294  255.93320  256.16642    -2.3856     6.1776 -9.990e-29
 149.562185      7.394    14.8416  37.955518    30.6402      7.328  255.93471  256.16786    -2.0121     6.6588 0.0000e+00
 149.562187      7.427    14.8405  37.958735    30.6425      7.361  255.93623  256.16929    -1.6385     7.1400 0.0000e+00
 149.562190      7.457    14.8395  37.962077    30.6447      7.390  255.93721  256.17020    -1.6385     7.1400 0.0000e+00
 149.562193      7.484    14.8386  37.961149    30.6470      7.417  255.93818  256.17111    -1.6385     7.1400 -9.990e-29
 149.562196      7.504    14.8354  37.960283    30.6479      7.437  255.95319  256.18593    -1.5763     7.1278 -9.990e-29
 149.562199      7.521    14.8341  37.961150    30.6497      7.453  255.95674  256.18940    -1.2494     7.5848 -9.990e-29
 149.562202      7.537    14.8330  37.962326    30.6516      7.470  255.95893  256.19152    -1.0938     7.5767 -9.990e-29
 149.562205      7.552    14.8320  37.964120    30.6540      7.484  255.96015  256.19266    -1.2183     7.5767 -9.990e-29
 149.562208      7.566    14.8313  37.967214    30.6573      7.498  255.95757  256.19003    -1.1872     7.5686 -9.990e-29
 149.562211      7.579    14.8313  37.965853    30.6561      7.511  255.96002  256.19248    -1.9965     7.0227 -9.990e-29
 149.562214      7.592    14.8316  37.962512    30.6528      7.524  255.96387  256.19638    -2.1366     6.9944 -9.990e-29
 149.562216      7.614    14.8333  37.962326    30.6513      7.545  255.95782  256.19044    -2.2300     6.9823 -9.990e-29
 149.562219      7.635    14.8355  37.963440    30.6509      7.567  255.94752  256.18024    -2.1210     8.0579 -9.990e-29
 149.562222      7.665    14.8354  37.963749    30.6503      7.596  255.94894  256.18167    -2.0976     8.0437 0.0000e+00
 149.562225      7.694    14.8353  37.962326    30.6509      7.625  255.95036  256.18309    -2.1210     8.0579 0.0000e+00
 149.562228      7.723    14.8346  37.963873    30.6513      7.654  255.95082  256.18350    -2.2144     8.0376 0.0000e+00
 149.562231      7.765    14.8340  37.963007    30.6513      7.696  255.95424  256.18689    -2.2144     8.0376 0.0000e+00
 149.562234      7.809    14.8337  37.961893    30.6506      7.739  255.95719  256.18983    -2.1522     8.0134 0.0000e+00
 149.562237      7.851    14.8333  37.961646    30.6506      7.781  255.95905  256.19167    -1.9809     6.7356 0.0000e+00
 149.562240      7.887    14.8329  37.962513    30.6507      7.817  255.95915  256.19173    -1.9809     6.7356 0.0000e+00
 149.562242      7.917    14.8329  37.961399    30.6517      7.846  255.95915  256.19173    -1.9031     6.7437 0.0000e+00
 149.562245      7.948    14.8333  37.965359    30.6525      7.876  255.95324  256.18582    -1.9809     6.7437 0.0000e+00
 149.562248      7.980    14.8336  37.964307    30.6532      7.909  255.95307  256.18568    -1.9343     6.6587 0.0000e+00
 149.562251      8.010    14.8339  37.964184    30.6525      7.938  255.95290  256.18553    -1.9809     6.5738 -9.990e-29
 149.562254      8.024    14.8336  37.960966    30.6497      7.953  255.95908  256.19172    -1.9187     6.5455 -9.990e-29
 149.562257      8.035    14.8330  37.962327    30.6514      7.963  255.95924  256.19184    -1.9965     6.5455 -9.990e-29
 149.562260      8.052    14.8320  37.966783    30.6562      7.980  255.95596  256.18846    -2.2455     7.4837 -9.990e-29
 149.562263      8.072    14.8309  37.964741    30.6552      7.999  255.96354  256.19599    -2.0743     7.4513 -9.990e-29
 149.562266      8.095    14.8300  37.966536    30.6561      8.023  255.96636  256.19875    -2.1988     7.4473 -9.990e-29
 149.562269      8.123    14.8302  37.964989    30.6560      8.050  255.96594  256.19834    -1.8564     7.5382 0.0000e+00
 149.562271      8.156    14.8303  37.964989    30.6559      8.083  255.96551  256.19792    -1.5140     7.6292 0.0000e+00
 149.562274      8.190    14.8306  37.964680    30.6559      8.117  255.96487  256.19730    -1.4051     7.6414 0.0000e+00
 149.562277      8.232    14.8312  37.966969    30.6565      8.159  255.95966  256.19212    -1.4051     7.6454 0.0000e+00
 149.562280      8.263    14.8312  37.966536    30.6565      8.189  255.95966  256.19212    -1.4051     7.6454 0.0000e+00
 149.562283      8.294    14.8311  37.966103    30.6565      8.220  255.96059  256.19304    -1.3895     7.6454 0.0000e+00
 149.562286      8.322    14.8309  37.963876    30.6564      8.247  255.96152  256.19396    -1.4206     7.6454 -9.990e-29
 149.562289      8.342    14.8292  37.965609    30.6572      8.267  255.96869  256.20103    -1.7164     7.2006 -9.990e-29
 149.562292      8.360    14.8287  37.966537    30.6585      8.285  255.96926  256.20156    -1.6074     7.1925 -9.990e-29
 149.562295      8.369    14.8285  37.966042    30.6582      8.294  255.97062  256.20292    -1.5763     7.1602 -9.990e-29
 149.562297      8.369    14.8283  37.965671    30.6580      8.294  255.97208  256.20436    -1.5763     7.9082 -9.990e-29
 149.562300      8.374    14.8281  37.966537    30.6589      8.300  255.97129  256.20356    -1.6230     7.9204 -9.990e-29
 149.562303      8.387    14.8270  37.967465    30.6582      8.312  255.97849  256.21070    -1.6385     7.9163 -9.990e-29
 149.562306      8.414    14.8266  37.964743    30.6589      8.339  255.97969  256.21187    -1.4751     7.4958 0.0000e+00
 149.562309      8.444    14.8261  37.965424    30.6595      8.368  255.98089  256.21305    -1.4518     7.0753 0.0000e+00
 149.562312      8.487    14.8258  37.965610    30.6603      8.411  255.98089  256.21305    -1.4051     7.0753 0.0000e+00
 149.562315      8.537    14.8258  37.968085    30.6619      8.460  255.97790  256.21001    -1.4518     7.0712 0.0000e+00
 149.562318      8.586    14.8262  37.968394    30.6621      8.509  255.97513  256.20728    -1.4206     7.0712 0.0000e+00
 149.562321      8.639    14.8262  37.970560    30.6639      8.561  255.97513  256.20728    -1.4518     6.4242 0.0000e+00
 149.562323      8.686    14.8253  37.970128    30.6643      8.608  255.97649  256.20857    -1.4362     6.4161 0.0000e+00
 149.562326      8.726    14.8247  37.970747    30.6651      8.648  255.97833  256.21037    -1.4518     6.4181 0.0000e+00
 149.562329      8.752    14.8241  37.968581    30.6658      8.674  255.98016  256.21216    -1.4362     6.4121 -9.990e-29
 149.562332      8.770    14.8225  37.970747    30.6670      8.692  255.98625  256.21815    -1.3739     6.4161 -9.990e-29
 149.562335      8.772    14.8222  37.970128    30.6666      8.693  255.98810  256.21999    -1.9809     6.3555 -9.990e-29
 149.562338      8.781    14.8222  37.971428    30.6679      8.703  255.98633  256.21821    -1.8409     6.3676 -9.990e-29
 149.562341      8.785    14.8208  37.972356    30.6698      8.706  255.99007  256.22186    -1.8720     6.3717 -9.990e-29
 149.562344      8.790    14.8192  37.972790    30.6714      8.712  255.99545  256.22714    -1.7786     6.3636 -9.990e-29
 149.562347      8.808    14.8185  37.974028    30.6731      8.730  255.99610  256.22774    -1.3428     8.1104 -9.990e-29
 149.562350      8.830    14.8189  37.972542    30.6724      8.751  255.99499  256.22666    -1.2650     8.1387 -9.990e-29
 149.562352      8.863    14.8194  37.973656    30.6709      8.784  255.99538  256.22708    -1.3272     8.1185 0.0000e+00
 149.562355      8.907    14.8198  37.971181    30.6698      8.827  255.99499  256.22666    -1.2650     8.0983 0.0000e+00
 149.562358      8.956    14.8198  37.971676    30.6698      8.876  255.99472  256.22646    -1.2806     6.4121 0.0000e+00
 149.562361      8.998    14.8197  37.974028    30.6706      8.918  255.99472  256.22646    -1.1560     6.4121 0.0000e+00
 149.562364      9.046    14.8196  37.972357    30.6720      8.965  255.99258  256.22424    -1.1560     6.4202 0.0000e+00
 149.562367      9.086    14.8189  37.975266    30.6712      9.005  255.99485  256.22657    -1.1560     6.4283 0.0000e+00
 149.562370      9.121    14.8188  37.972358    30.6724      9.039  255.99518  256.22685    -1.2183     6.5820 0.0000e+00
 149.562373      9.146    14.8188  37.974152    30.6712      9.064  255.99779  256.22946    -1.3584     6.7437 -9.990e-29
 149.562376      9.162    14.8193  37.973781    30.6721      9.080  255.99354  256.22523    -1.4206     6.7194 -9.990e-29
 149.562378      9.175    14.8187  37.976133    30.6746      9.093  255.99213  256.22377    -1.2806     6.7639 -9.990e-29
 149.562381      9.186    14.8179  37.975700    30.6749      9.104  255.99600  256.22759    -1.4362     6.7518 -9.990e-29
 149.562384      9.197    14.8171  37.977742    30.6773      9.115  255.99566  256.22719    -1.4051     7.5120 -9.990e-29
 149.562387      9.210    14.8167  37.978176    30.6780      9.127  255.99643  256.22793    -1.3739     7.4998 -9.990e-29
 149.562390      9.221    14.8166  37.979290    30.6791      9.139  255.99496  256.22645    -1.3895     7.5079 -9.990e-29
 149.562393      9.239    14.8162  37.977495    30.6778      9.157  255.99955  256.23103    -1.3428     7.4918 -9.990e-29
 149.562396      9.256    14.8158  37.977248    30.6788      9.173  255.99984  256.23129    -1.2650     7.7788 -9.990e-29
 149.562399      9.283    14.8156  37.978238    30.6803      9.200  255.99831  256.22974    -1.1794     7.7687 0.0000e+00
 149.562402      9.310    14.8153  37.981271    30.6819      9.227  255.99829  256.22960    -1.2650     7.7586 0.0000e+00
 149.562405      9.343    14.8141  37.983251    30.6846      9.260  255.99829  256.22960    -1.3117     7.7425 0.0000e+00
 149.562407      9.376    14.8128  37.984551    30.6868      9.292  256.00116  256.23239    -1.6230     7.0833 0.0000e+00
 149.562410      9.413    14.8112  37.984180    30.6877      9.328  256.00784  256.23897    -1.6230     7.0712 0.0000e+00
 149.562413      9.457    14.8098  37.987090    30.6914      9.372  256.00845  256.23948    -1.7008     7.0550 0.0000e+00
 149.562416      9.502    14.8085  37.986409    30.6918      9.417  256.01364  256.24452    -1.6230     7.0550 0.0000e+00
 149.562419      9.551    14.8075  37.989318    30.6951      9.466  256.01447  256.24542    -1.3428     6.7396 0.0000e+00
 149.562422      9.602    14.8069  37.989876    30.6962      9.516  256.01539  256.24622    -1.3428     6.7275 0.0000e+00
 149.562425      9.648    14.8063  37.990433    30.6971      9.562  256.01656  256.24735    -1.3428     6.7275 0.0000e+00
 149.562428      9.685    14.8057  37.990805    30.6977      9.598  256.01859  256.24934    -1.3350     6.7194 0.0000e+00
 149.562431      9.710    14.8051  37.991114    30.6984      9.623  256.02061  256.25133    -1.2806     6.7113 -9.990e-29
 149.562433      9.723    14.8016  37.994643    30.7046      9.636  256.02783  256.25831    -1.4051     6.2867 -9.990e-29
 149.562436      9.721    14.7991  37.995015    30.7068      9.634  256.03647  256.26680    -1.4673     6.2625 -9.990e-29
 149.562439      9.725    14.7968  37.997553    30.7110      9.637  256.04140  256.27157    -1.4518     6.2867 -9.990e-29
 149.562442      9.725    14.7949  37.997986    30.7129      9.637  256.04793  256.27798    -1.4829     6.2867 -9.990e-29
 149.562445      9.726    14.7941  37.999039    30.7144      9.639  256.04915  256.27914    -1.4051     7.2451 -9.990e-29
 149.562448      9.737    14.7940  38.000029    30.7154      9.650  256.04787  256.27786    -1.3584     7.2774 -9.990e-29
 149.562451      9.750    14.7945  37.998110    30.7148      9.663  256.04656  256.27657    -1.2494     7.2289 -9.990e-29
 149.562454      9.779    14.7938  37.999782    30.7165      9.692  256.04677  256.27674    -1.2027     7.4938 0.0000e+00
 149.562457      9.821    14.7932  38.002444    30.7181      9.733  256.04698  256.27691    -1.1560     7.7586 0.0000e+00
 149.562459      9.871    14.7923  38.002320    30.7188      9.782  256.05096  256.28082    -1.1560     7.7667 0.0000e+00
 149.562462      9.929    14.7909  38.001145    30.7188      9.840  256.05806  256.28785    -1.1560     7.7667 0.0000e+00
 149.562465      9.976    14.7897  38.003435    30.7218      9.887  256.05907  256.28877    -1.1249     7.7586 0.0000e+00
 149.562468     10.018    14.7890  38.004055    30.7227      9.929  256.06133  256.29099    -1.1171     6.8893 0.0000e+00
 149.562471     10.051    14.7882  38.002693    30.7235      9.961  256.06360  256.29321    -1.0315     6.0199 -9.990e-29
 149.562474     10.068    14.7855  38.004612    30.7261      9.977  256.07284  256.30229    -1.1560     6.0482 -9.990e-29
 149.562477     10.079    14.7852  38.003374    30.7252      9.988  256.07597  256.30540    -1.1405     5.9956 -9.990e-29
 149.562480     10.088    14.7851  38.001579    30.7236      9.998  256.07911  256.30855    -1.1094     6.0158 -9.990e-29
 149.562483     10.088    14.7847  38.003932    30.7261      9.998  256.07711  256.30651    -1.0938     7.6131 -9.990e-29
 149.562486     10.095    14.7847  38.003560    30.7258     10.005  256.07770  256.30710    -1.1094     7.6535 -9.990e-29
 149.562488     10.110    14.7847  38.004365    30.7260     10.019  256.07733  256.30674    -1.3117     7.6373 -9.990e-29
 149.562491     10.137    14.7849  38.003808    30.7250     10.046  256.07804  256.30747    -1.1950     7.6394 0.0000e+00
 149.562494     10.173    14.7851  38.002013    30.7240     10.082  256.07876  256.30820    -1.2339     7.6414 0.0000e+00
 149.562497     10.217    14.7851  38.000218    30.7240     10.125  256.07876  256.30820    -1.1249     7.6414 0.0000e+00
 149.562500     10.268    14.7852  38.004675    30.7237     10.176  256.07857  256.30802    -1.1405     7.6171 0.0000e+00
 149.562503     10.317    14.7852  38.001828    30.7255     10.225  256.07546  256.30489    -1.1249     7.6131 0.0000e+00
 149.562506     10.363    14.7852  38.003809    30.7237     10.270  256.07857  256.30802    -1.1405     6.5617 0.0000e+00
 149.562509     10.405    14.7851  38.001580    30.7246     10.312  256.07781  256.30724    -1.0938     6.5536 0.0000e+00
 149.562512     10.432    14.7849  38.001333    30.7237     10.339  256.08017  256.30960    -1.1560     6.5617 -9.990e-29
 149.562514     10.456    14.7842  38.004676    30.7270     10.362  256.07789  256.30726    -1.0315     6.5455 -9.990e-29
 149.562517     10.470    14.7842  38.003562    30.7261     10.376  256.07996  256.30933    -1.6697     7.0914 -9.990e-29
 149.562520     10.487    14.7842  38.002076    30.7247     10.393  256.08232  256.31171    -1.5763     7.0469 -9.990e-29
 149.562523     10.494    14.7843  38.002262    30.7248     10.400  256.08146  256.31085    -1.5607     7.0550 -9.990e-29
 149.562526     10.496    14.7842  38.005790    30.7280     10.402  256.07615  256.30551    -1.6852     7.0753 -9.990e-29
 149.562529     10.501    14.7843  38.003809    30.7261     10.407  256.07901  256.30839    -1.7008     7.0469 -9.990e-29
 149.562532     10.512    14.7845  38.005171    30.7272     10.418  256.07628  256.30565    -0.9226     7.5686 -9.990e-29
 149.562535     10.536    14.7849  38.001828    30.7259     10.442  256.07635  256.30576    -0.8759     7.5726 -9.990e-29
 149.562538     10.569    14.7850  38.004057    30.7253     10.474  256.07677  256.30619    -0.8370     7.5767 0.0000e+00
 149.562541     10.607    14.7851  38.003005    30.7253     10.512  256.07635  256.30576    -0.7981     7.5726 0.0000e+00
 149.562543     10.658    14.7853  38.003810    30.7247     10.563  256.07619  256.30564    -0.4557     7.5079 0.0000e+00
 149.562546     10.709    14.7854  38.002943    30.7245     10.614  256.07619  256.30564    -0.4090     7.5079 0.0000e+00
 149.562549     10.755    14.7855  38.003005    30.7244     10.659  256.07629  256.30575    -0.3623     7.5038 0.0000e+00
