seaocn-cb/data/ctd_cnv/SBE19plus_01907321_2024_05_27_Cast81.cnv
* Sea-Bird SBE19plus  Data File:
* FileName = E:\Prandtl_Daten\2024\27052024\raw\SBE19plus_01907321_2024_05_27_Cast81.hex
* Software version 2.6.1.12
* Temperature SN = 7321
* Conductivity SN = 7321
* System UpLoad Time = May 27 2024 11:23:44
* <ApplicationData>
* <Seaterm232>
** 20240527
** Sea Practical 2024
** MCat 27.05 CTD_SP5
** NMEA Latitude = 54 7.781N
** NMEA Longitude = 008 25.579E
** waterdepth = 10.4m
** Merle
# nquan = 11
# nvalues = 344                         
# units = specified
# name 0 = timeJ: Julian Days
# name 1 = prdM: Pressure, Strain Gauge [db]
# name 2 = tv290C: Temperature [ITS-90, deg C]
# name 3 = c0mS/cm: Conductivity [mS/cm]
# name 4 = sal00: Salinity, Practical [PSU]
# name 5 = depSM: Depth [salt water, m], lat = 54.00
# name 6 = oxsatMm/Kg: Oxygen Saturation, Weiss [umol/kg]
# name 7 = oxsolMm/Kg: Oxygen Saturation, Garcia & Gordon [umol/kg]
# name 8 = turbWETntu0: Turbidity, WET Labs ECO [NTU]
# name 9 = flECO-AFL: Fluorescence, WET Labs ECO-AFL/FL [mg/m^3]
# name 10 = flag:  0.000e+00
# span 0 = 148.470223, 148.471215       
# span 1 =      0.432,      9.413       
# span 2 =    15.9792,    16.0563       
# span 3 =  37.060450,  37.141218       
# span 4 =    28.9864,    29.0167       
# span 5 =      0.428,      9.328       
# span 6 =  252.62472,  253.03349       
# span 7 =  252.93052,  253.33589       
# span 8 =    -1.4518,    60.7895       
# span 9 =     2.1824,     5.5872       
# span 10 = 0.0000e+00, 0.0000e+00      
# interval = seconds: 0.25
# start_time = May 27 2024 11:15:42 [Instrument's time stamp, header]
# bad_flag = -9.990e-29
*END*
[from data line 132]
 148.470605      4.091    16.0150  37.105968    29.0014      4.055  252.82894  253.13289     4.1513     3.3106 -9.990e-29
 148.470608      4.113    16.0146  37.103270    28.9993      4.076  252.83419  253.13815     3.9179     3.3187 -9.990e-29
 148.470611      4.126    16.0140  37.106581    29.0026      4.089  252.83163  253.13553     4.1825     3.3308 -9.990e-29
 148.470613      4.137    16.0133  37.102780    28.9998      4.100  252.84002  253.14390     6.0502     3.3915 -9.990e-29
 148.470616      4.155    16.0118  37.098366    29.0005      4.118  252.84636  253.15017     6.0502     3.3632 -9.990e-29
 148.470619      4.181    16.0113  37.102351    29.0007      4.143  252.84868  253.15247     6.2525     3.3673 0.0000e+00
 148.470622      4.219    16.0107  37.101861    29.0005      4.181  252.85100  253.15476     6.0502     3.3713 0.0000e+00
 148.470625      4.263    16.0095  37.098796    29.0001      4.225  252.86010  253.16382     5.5366     3.5532 0.0000e+00
 148.470628      4.312    16.0078  37.098490    28.9991      4.274  252.86716  253.17079     5.5366     3.5532 0.0000e+00
 148.470631      4.358    16.0055  37.094690    28.9999      4.319  252.88154  253.18508     5.4587     3.5249 0.0000e+00
 148.470634      4.403    16.0034  37.094629    28.9999      4.364  252.88942  253.19285     5.6144     3.5249 0.0000e+00
 148.470637      4.440    16.0023  37.094813    29.0008      4.400  252.89348  253.19685     5.5755     3.6765 0.0000e+00
 148.470639      4.473    16.0012  37.091197    29.0016      4.433  252.89753  253.20084     5.6922     3.8282 -9.990e-29
 148.470642      4.491    15.9979  37.091442    29.0011      4.451  252.91486  253.21802     5.6611     3.8646 -9.990e-29
 148.470645      4.502    15.9967  37.088377    28.9993      4.462  252.92395  253.22706     5.7856     3.8970 -9.990e-29
 148.470648      4.506    15.9960  37.092117    29.0031      4.466  252.92102  253.22408     4.7272     3.6584 -9.990e-29
 148.470651      4.513    15.9954  37.087090    28.9992      4.473  252.93096  253.23402     4.7895     3.6179 -9.990e-29
 148.470654      4.524    15.9943  37.086478    28.9994      4.484  252.93577  253.23878     4.6183     3.6462 -9.990e-29
 148.470657      4.543    15.9934  37.085987    28.9996      4.502  252.94010  253.24306     4.8984     3.6584 -9.990e-29
 148.470660      4.564    15.9922  37.090278    29.0009      4.523  252.94387  253.24677     5.9879     3.5169 -9.990e-29
 148.470663      4.593    15.9920  37.086478    29.0006      4.552  252.94517  253.24806     5.9568     3.5088 0.0000e+00
 148.470666      4.624    15.9919  37.085559    29.0009      4.583  252.94387  253.24677     5.9257     3.5169 0.0000e+00
 148.470668      4.661    15.9916  37.088195    29.0027      4.619  252.94520  253.24804     5.8478     3.5209 0.0000e+00
 148.470671      4.706    15.9913  37.087827    29.0027      4.664  252.94520  253.24804     5.8478     3.5977 0.0000e+00
 148.470674      4.748    15.9912  37.085314    29.0018      4.706  252.94906  253.25189     5.8167     3.6503 0.0000e+00
 148.470677      4.796    15.9908  37.086479    29.0008      4.753  252.94959  253.25244     5.8167     3.6665 0.0000e+00
 148.470680      4.836    15.9908  37.085315    29.0013      4.793  252.94995  253.25278     5.7000     3.6706 0.0000e+00
 148.470683      4.876    15.9908  37.086234    29.0008      4.832  252.95083  253.25367     5.5833     3.6746 -9.990e-29
 148.470686      4.896    15.9904  37.085560    29.0014      4.852  252.95229  253.25510     4.2603     3.4683 -9.990e-29
 148.470689      4.918    15.9904  37.087338    29.0029      4.874  252.94964  253.25243     4.3226     3.3753 -9.990e-29
 148.470692      4.929    15.9901  37.085989    29.0019      4.884  252.95256  253.25535     4.2603     3.4643 -9.990e-29
 148.470694      4.936    15.9897  37.085560    29.0018      4.892  252.95470  253.25748     4.1825     3.4522 -9.990e-29
 148.470697      4.948    15.9894  37.084947    29.0015      4.904  252.95682  253.25959     6.6261     3.3025 -9.990e-29
 148.470700      4.965    15.9892  37.084825    29.0037      4.920  252.95386  253.25660     6.4860     3.3834 -9.990e-29
 148.470703      4.990    15.9891  37.087338    29.0025      4.946  252.95662  253.25936     6.5015     3.3510 0.0000e+00
 148.470706      5.019    15.9890  37.084273    29.0037      4.975  252.95479  253.25752     6.5171     3.3753 0.0000e+00
 148.470709      5.060    15.9890  37.087338    29.0017      5.014  252.95937  253.26212     6.5171     3.3753 0.0000e+00
 148.470712      5.105    15.9887  37.084642    29.0038      5.060  252.95634  253.25905     5.2564     3.4683 0.0000e+00
 148.470715      5.164    15.9886  37.087339    29.0028      5.118  252.95936  253.26207     5.1008     3.4966 0.0000e+00
 148.470718      5.209    15.9885  37.085745    29.0031      5.163  252.95932  253.26202     5.2564     3.5209 0.0000e+00
 148.470720      5.255    15.9885  37.085991    29.0029      5.208  252.95934  253.26205     5.1708     3.5250 0.0000e+00
 148.470723      5.286    15.9884  37.079861    29.0031      5.239  252.95932  253.26202     5.2564     3.5209 -9.990e-29
 148.470726      5.300    15.9881  37.083478    29.0011      5.253  252.96431  253.26701     8.8362     3.7029 -9.990e-29
 148.470729      5.308    15.9879  37.084949    29.0025      5.260  252.96270  253.26539     8.5716     3.6988 -9.990e-29
 148.470732      5.311    15.9878  37.085746    29.0032      5.264  252.96181  253.26448     8.7895     3.6301 -9.990e-29
 148.470735      5.311    15.9877  37.086481    29.0040      5.264  252.96130  253.26396     6.9996     3.4966 -9.990e-29
 148.470738      5.319    15.9876  37.082375    29.0005      5.271  252.96777  253.27045     7.0619     3.5047 -9.990e-29
 148.470741      5.334    15.9874  37.083968    29.0020      5.286  252.96598  253.26865     6.9373     3.4360 -9.990e-29
 148.470744      5.357    15.9873  37.082130    29.0007      5.309  252.96900  253.27167     8.9296     3.7918 -9.990e-29
 148.470747      5.388    15.9873  37.082375    29.0004      5.340  252.96967  253.27234     8.8440     3.7777 0.0000e+00
 148.470749      5.432    15.9873  37.081701    29.0007      5.383  252.96900  253.27167     8.8206     3.7635 0.0000e+00
 148.470752      5.479    15.9873  37.083969    29.0020      5.430  252.96636  253.26902     8.8206     3.7352 0.0000e+00
 148.470755      5.531    15.9875  37.084398    29.0020      5.481  252.96636  253.26902     8.8206     3.7231 0.0000e+00
 148.470758      5.571    15.9875  37.083417    29.0018      5.521  252.96589  253.26857     8.7584     3.7211 0.0000e+00
 148.470761      5.607    15.9875  37.083724    29.0014      5.557  252.96664  253.26932     8.6650     3.7069 -9.990e-29
 148.470764      5.631    15.9873  37.084153    29.0022      5.580  252.96647  253.26913     6.9840     3.6584 -9.990e-29
 148.470767      5.656    15.9871  37.079311    28.9981      5.606  252.97435  253.27703     7.1708     3.6220 -9.990e-29
 148.470770      5.676    15.9868  37.078698    28.9977      5.626  252.97648  253.27914     7.1241     3.6543 -9.990e-29
 148.470773      5.698    15.9863  37.083663    29.0024      5.647  252.97083  253.27344     6.8595     3.7029 -9.990e-29
 148.470775      5.720    15.9857  37.078270    28.9987      5.669  252.98003  253.28264     6.8595     3.6503 -9.990e-29
 148.470778      5.746    15.9855  37.078944    28.9989      5.694  252.98069  253.28330     6.8050     3.6361 0.0000e+00
 148.470781      5.773    15.9853  37.079067    28.9991      5.721  252.98054  253.28313     6.8595     3.6220 0.0000e+00
 148.470784      5.798    15.9853  37.079618    28.9991      5.747  252.98135  253.28395    11.6844     3.3915 0.0000e+00
 148.470787      5.833    15.9850  37.078883    28.9996      5.781  252.98054  253.28313    11.6844     3.3308 0.0000e+00
 148.470790      5.868    15.9849  37.083235    29.0009      5.815  252.98064  253.28320    11.6377     3.3308 0.0000e+00
 148.470793      5.904    15.9849  37.080783    29.0022      5.852  252.97953  253.28207    11.6377     3.3591 0.0000e+00
 148.470796      5.934    15.9848  37.082132    29.0016      5.880  252.98009  253.28264    10.0502     3.4744 0.0000e+00
 148.470799      5.961    15.9846  37.077351    29.0022      5.908  252.97953  253.28207     8.4626     3.5896 -9.990e-29
 148.470802      5.975    15.9844  37.080293    29.0008      5.922  252.98321  253.28575     8.4626     3.5371 -9.990e-29
 148.470804      5.985    15.9843  37.080355    29.0009      5.931  252.98342  253.28595     8.4938     3.5613 -9.990e-29
 148.470807      5.996    15.9840  37.078271    28.9993      5.942  252.98775  253.29028     8.5560     3.5371 -9.990e-29
 148.470810      6.010    15.9842  37.076248    28.9974      5.957  252.99020  253.29275    11.5443     3.8525 -9.990e-29
 148.470813      6.029    15.9836  37.077842    28.9996      5.975  252.98928  253.29179    11.5599     3.8363 -9.990e-29
 148.470816      6.059    15.9835  37.078271    28.9999      6.005  252.98913  253.29163    11.5599     3.8403 0.0000e+00
 148.470819      6.100    15.9834  37.078884    28.9996      6.045  252.98928  253.29179    11.5599     3.8363 0.0000e+00
 148.470822      6.147    15.9831  37.077843    28.9995      6.092  252.99177  253.29425    11.7467     3.6058 0.0000e+00
 148.470825      6.196    15.9831  37.077107    28.9995      6.141  252.99290  253.29539    11.7467     3.6018 0.0000e+00
 148.470828      6.248    15.9829  37.078027    28.9999      6.192  252.99290  253.29539    11.6066     3.6018 0.0000e+00
 148.470830      6.304    15.9828  37.079191    29.0008      6.248  252.99073  253.29319    11.5910     3.6341 0.0000e+00
 148.470833      6.350    15.9828  37.079498    29.0010      6.293  252.99066  253.29312    11.1085     3.6907 0.0000e+00
 148.470836      6.390    15.9828  37.079621    29.0011      6.333  252.99059  253.29305    10.6261     3.7473 -9.990e-29
 148.470839      6.410    15.9830  37.076250    28.9982      6.353  252.99491  253.29739    10.4548     3.7878 -9.990e-29
 148.470842      6.415    15.9831  37.076679    28.9984      6.358  252.99367  253.29616    10.5171     3.7999 -9.990e-29
 148.470845      6.412    15.9831  37.078947    29.0004      6.354  252.99026  253.29274    10.7194     3.9455 -9.990e-29
 148.470848      6.406    15.9833  37.078640    29.0000      6.349  252.99012  253.29261    10.5794     4.0142 -9.990e-29
 148.470851      6.402    15.9832  37.077353    28.9989      6.345  252.99235  253.29484    10.7661     3.9617 -9.990e-29
 148.470854      6.412    15.9829  37.076924    28.9966      6.354  252.99807  253.30057    10.7506     3.9657 -9.990e-29
 148.470856      6.437    15.9828  37.074350    28.9973      6.380  252.99732  253.29981    10.4004     4.0061 0.0000e+00
 148.470859      6.475    15.9827  37.075760    28.9979      6.418  252.99801  253.30047    10.2836     4.0466 0.0000e+00
 148.470862      6.534    15.9823  37.075821    28.9982      6.476  252.99772  253.30016    10.2836     4.0708 0.0000e+00
 148.470865      6.590    15.9822  37.076435    28.9988      6.531  252.99787  253.30028    10.2836     4.0708 0.0000e+00
 148.470868      6.647    15.9818  37.077354    28.9994      6.587  252.99787  253.30028    10.2992     4.0466 0.0000e+00
 148.470871      6.700    15.9816  37.076496    28.9997      6.640  252.99928  253.30168    10.5482     3.9314 0.0000e+00
 148.470874      6.736    15.9814  37.076251    28.9994      6.676  253.00068  253.30308    10.9373     3.8161 -9.990e-29
 148.470877      6.758    15.9812  37.077600    29.0005      6.698  252.99965  253.30204    10.9840     3.8363 -9.990e-29
 148.470880      6.769    15.9813  37.075577    28.9987      6.708  253.00240  253.30480    10.9529     3.7190 -9.990e-29
 148.470883      6.775    15.9814  37.078274    29.0009      6.714  252.99775  253.30015     8.8673     3.9536 -9.990e-29
 148.470885      6.774    15.9815  37.075822    28.9987      6.714  253.00113  253.30355     8.7272     4.0385 -9.990e-29
 148.470888      6.784    15.9816  37.075577    28.9984      6.723  253.00121  253.30363     8.8673     4.0142 -9.990e-29
 148.470891      6.798    15.9818  37.078642    29.0010      6.737  252.99602  253.29843     8.6650     3.9900 -9.990e-29
 148.470894      6.815    15.9819  37.077110    29.0005      6.754  252.99600  253.29842    12.3381     4.2973 -9.990e-29
 148.470897      6.848    15.9820  37.078274    28.9998      6.786  252.99673  253.29915    12.4471     4.3134 0.0000e+00
 148.470900      6.880    15.9821  37.076926    29.0001      6.819  252.99600  253.29842    12.4626     4.3094 0.0000e+00
 148.470903      6.921    15.9822  37.078029    28.9992      6.859  252.99745  253.29989    12.4626     4.3296 0.0000e+00
 148.470906      6.957    15.9824  37.075762    28.9980      6.895  252.99679  253.29926    12.3848     4.3418 0.0000e+00
 148.470909      7.006    15.9826  37.075823    28.9980      6.944  252.99679  253.29926    11.2798     5.5589 0.0000e+00
 148.470911      7.048    15.9827  37.078520    29.0002      6.985  252.99336  253.29581    11.2486     5.5670 0.0000e+00
 148.470914      7.087    15.9827  37.079072    29.0006      7.023  252.99195  253.29441    11.2486     5.5872 0.0000e+00
 148.470917      7.121    15.9831  37.080114    29.0006      7.057  252.99195  253.29441    11.2486     5.5872 0.0000e+00
 148.470920      7.158    15.9833  37.075333    29.0011      7.094  252.98892  253.29139     8.8206     3.7312 0.0000e+00
 148.470923      7.187    15.9834  37.080359    28.9980      7.123  252.99167  253.29419     8.8206     3.7312 0.0000e+00
 148.470926      7.218    15.9836  37.076927    28.9995      7.153  252.98953  253.29204     8.7584     3.7393 0.0000e+00
 148.470929      7.247    15.9837  37.077111    28.9980      7.182  252.99167  253.29419     8.8984     3.7918 -9.990e-29
 148.470932      7.267    15.9838  37.077111    28.9980      7.202  252.99082  253.29335    11.7000     3.9253 -9.990e-29
 148.470935      7.282    15.9838  37.079440    29.0000      7.216  252.98733  253.28985    11.7778     3.9536 -9.990e-29
 148.470937      7.291    15.9838  37.077601    28.9984      7.225  252.99010  253.29262    11.8868     3.9091 -9.990e-29
 148.470940      7.298    15.9839  37.077847    28.9986      7.233  252.98944  253.29196    11.9023     3.9617 -9.990e-29
 148.470943      7.303    15.9840  37.075334    28.9963      7.238  252.99291  253.29546    11.3731     3.9617 -9.990e-29
 148.470946      7.316    15.9839  37.079318    28.9998      7.251  252.98724  253.28976    11.5288     3.8767 -9.990e-29
 148.470949      7.340    15.9842  37.075763    29.0000      7.274  252.98573  253.28826    11.5288     3.9212 -9.990e-29
 148.470952      7.369    15.9842  37.079747    29.0002      7.303  252.98518  253.28771    11.4432     3.9212 0.0000e+00
 148.470955      7.405    15.9842  37.080298    29.0000      7.339  252.98529  253.28782    11.5288     3.9212 0.0000e+00
 148.470958      7.451    15.9842  37.079870    29.0000      7.384  252.98529  253.28782    13.3965     3.7271 0.0000e+00
 148.470961      7.500    15.9842  37.078889    28.9993      7.433  252.98739  253.28992    13.4743     3.6746 0.0000e+00
 148.470964      7.559    15.9841  37.078276    28.9993      7.491  252.98741  253.28993    13.4743     3.6746 0.0000e+00
 148.470966      7.613    15.9839  37.079319    28.9987      7.545  252.98804  253.29058    13.2720     3.6746 0.0000e+00
 148.470969      7.663    15.9838  37.077358    28.9990      7.594  252.98949  253.29201    13.1631     3.7474 0.0000e+00
 148.470972      7.696    15.9836  37.075090    28.9982      7.627  252.99157  253.29409    13.0541     3.8201 -9.990e-29
 148.470975      7.715    15.9831  37.077603    28.9988      7.646  252.99303  253.29552    13.1630     3.8767 -9.990e-29
 148.470978      7.727    15.9827  37.075335    28.9971      7.657  252.99793  253.30041    13.1630     3.9010 -9.990e-29
