seaocn-cb/data/ctd_cnv/SBE19plus_01907321_2024_05_22_Cast18.cnv
* Sea-Bird SBE19plus  Data File:
* FileName = E:\Prandtl_Daten\2024\CTD\raw\SBE19plus_01907321_2024_05_22_Cast18.hex
* Software version 2.6.1.12
* Temperature SN = 7321
* Conductivity SN = 7321
* System UpLoad Time = May 22 2024 14:27:59
* <ApplicationData>
* <Seaterm232>
** 20240522
** Sea Practical 2024
** MCat 22.05 CTD_SP2
** NMEA Latitude = 54 06.06N
** NMEA Longitude = 008 34.58E
** waterdepth = 13.0m
** Clemens
# nquan = 11
# nvalues = 411                         
# units = specified
# name 0 = timeJ: Julian Days
# name 1 = prdM: Pressure, Strain Gauge [db]
# name 2 = tv290C: Temperature [ITS-90, deg C]
# name 3 = c0mS/cm: Conductivity [mS/cm]
# name 4 = sal00: Salinity, Practical [PSU]
# name 5 = depSM: Depth [salt water, m], lat = 54.00
# name 6 = oxsatMm/Kg: Oxygen Saturation, Weiss [umol/kg]
# name 7 = oxsolMm/Kg: Oxygen Saturation, Garcia & Gordon [umol/kg]
# name 8 = turbWETntu0: Turbidity, WET Labs ECO [NTU]
# name 9 = flECO-AFL: Fluorescence, WET Labs ECO-AFL/FL [mg/m^3]
# name 10 = flag:  0.000e+00
# span 0 = 143.599097, 143.600284       
# span 1 =      0.339,     11.814       
# span 2 =    15.8374,    16.6380       
# span 3 =  35.577566,  35.961851       
# span 4 =    27.2528,    28.1335       
# span 5 =      0.336,     11.709       
# span 6 =  252.72038,  255.23842       
# span 7 =  253.06369,  255.54027       
# span 8 =    -3.7086,    34.2992       
# span 9 =     7.4918,    11.8184       
# span 10 = 0.0000e+00, 0.0000e+00      
# interval = seconds: 0.25
# start_time = May 22 2024 14:20:53 [Instrument's time stamp, header]
# bad_flag = -9.990e-29
*END*
 143.599097      0.339    16.6380  35.582750    27.2562      0.336  252.72640  253.06973    -3.0393     7.6292 -9.990e-29
 143.599100      0.354    16.6379  35.587090    27.2599      0.350  252.72038  253.06369    -3.0704     7.6211 -9.990e-29
 143.599103      0.372    16.6375  35.586668    27.2598      0.368  252.72256  253.06584    -3.3506     7.5201 -9.990e-29
 143.599106      0.388    16.6365  35.590527    27.2637      0.385  252.72065  253.06387    -3.3039     7.5201 -9.990e-29
 143.599109      0.392    16.6360  35.589864    27.2635      0.388  252.72347  253.06668    -3.4284     7.5160 -9.990e-29
 143.599112      0.403    16.6360  35.589261    27.2630      0.399  252.72436  253.06756    -3.2105     7.5241 -9.990e-29
 143.599115      0.407    16.6359  35.587091    27.2613      0.403  252.72815  253.07136    -3.5841     7.5079 -9.990e-29
 143.599117      0.412    16.6354  35.589020    27.2632      0.408  252.72719  253.07037    -3.5841     7.4918 -9.990e-29
 143.599120      0.432    16.6364  35.581906    27.2528      0.428  252.73992  253.08320    -3.6152     7.5322 -9.990e-29
 143.599123      0.465    16.6368  35.577566    27.2553      0.461  252.73334  253.07663    -3.4751     7.6818 0.0000e+00
 143.599126      0.516    16.6373  35.584257    27.2549      0.512  252.73014  253.07346    -3.3350     7.8314 0.0000e+00
 143.599129      0.569    16.6377  35.581123    27.2565      0.564  252.72677  253.07006    -3.3350     7.8355 0.0000e+00
 143.599132      0.613    16.6377  35.583172    27.2565      0.607  252.72688  253.07019    -3.3350     7.8355 0.0000e+00
 143.599135      0.653    16.6376  35.583595    27.2565      0.647  252.72688  253.07019    -3.3350     7.8314 0.0000e+00
 143.599138      0.686    16.6370  35.582088    27.2571      0.680  252.73055  253.07380    -3.3195     7.8274 0.0000e+00
 143.599141      0.724    16.6364  35.584077    27.2582      0.718  252.73055  253.07380    -3.0860     7.6414 0.0000e+00
 143.599144      0.759    16.6362  35.586429    27.2582      0.752  252.73055  253.07380    -3.0860     7.6414 0.0000e+00
 143.599146      0.803    16.6362  35.583414    27.2605      0.796  252.72868  253.07190    -3.0860     7.6414 0.0000e+00
 143.599149      0.850    16.6366  35.587514    27.2596      0.842  252.72689  253.07014    -3.0393     7.6737 0.0000e+00
 143.599152      0.883    16.6366  35.586007    27.2610      0.875  252.72498  253.06822    -2.9148     7.8961 0.0000e+00
 143.599155      0.919    16.6364  35.589685    27.2596      0.911  252.72689  253.07014    -2.8837     7.8961 0.0000e+00
 143.599158      0.947    16.6362  35.582993    27.2603      0.938  252.72860  253.07182    -2.8837     7.8840 0.0000e+00
 143.599161      0.972    16.6359  35.580401    27.2576      0.964  252.73442  253.07765    -2.8837     7.8678 -9.990e-29
 143.599164      0.987    16.6349  35.588781    27.2632      0.978  252.72970  253.07286    -3.6152     8.0538 -9.990e-29
 143.599167      1.000    16.6337  35.589263    27.2644      0.991  252.73365  253.07674    -3.6463     8.0376 -9.990e-29
 143.599170      1.008    16.6319  35.596800    27.2720      0.999  252.72946  253.07243    -3.6152     8.0174 -9.990e-29
 143.599172      1.010    16.6295  35.596137    27.2731      1.001  252.73941  253.08227    -3.6152     8.0134 -9.990e-29
 143.599175      1.009    16.6278  35.585345    27.2651      1.000  252.76166  253.10450    -3.2572     7.8435 -9.990e-29
 143.599178      1.023    16.6273  35.592942    27.2719      1.014  252.75274  253.09552    -3.2728     7.8557 -9.990e-29
 143.599181      1.036    16.6274  35.586853    27.2666      1.027  252.76103  253.10384    -3.2728     7.8274 -9.990e-29
 143.599184      1.056    16.6278  35.590952    27.2702      1.047  252.75281  253.09562    -3.2572     7.8435 -9.990e-29
 143.599187      1.091    16.6279  35.591435    27.2709      1.081  252.75080  253.09361    -3.2728     7.8556 0.0000e+00
 143.599190      1.133    16.6281  35.593364    27.2716      1.122  252.74878  253.09159    -3.2572     7.8678 0.0000e+00
 143.599193      1.187    16.6286  35.594449    27.2716      1.177  252.74868  253.09159    -3.2883     7.8678 0.0000e+00
 143.599196      1.249    16.6297  35.589445    27.2705      1.238  252.74568  253.08850    -3.3817     7.8233 0.0000e+00
 143.599198      1.315    16.6298  35.594209    27.2705      1.303  252.73774  253.08067    -3.3817     7.8233 0.0000e+00
 143.599201      1.372    16.6298  35.598128    27.2745      1.359  252.73774  253.08067    -3.3817     8.1590 0.0000e+00
 143.599204      1.425    16.6254  35.603736    27.2822      1.412  252.74431  253.08694    -3.3195     8.1670 0.0000e+00
 143.599207      1.461    16.6189  35.610853    27.2927      1.448  252.75869  253.10097    -3.3817     8.1873 0.0000e+00
 143.599210      1.497    16.6151  35.621468    27.2998      1.484  252.76548  253.10755    -3.3273     8.1913 0.0000e+00
 143.599213      1.525    16.6112  35.624967    27.3069      1.511  252.77227  253.11414    -3.3817     8.1953 -9.990e-29
 143.599216      1.545    16.5952  35.623219    27.3192      1.531  252.83066  253.17176    -3.0082     8.2196 -9.990e-29
 143.599219      1.571    16.5924  35.623219    27.3212      1.557  252.84150  253.18247    -2.9926     8.2115 -9.990e-29
 143.599222      1.591    16.5916  35.624968    27.3232      1.577  252.84204  253.18296    -3.0238     8.2681 -9.990e-29
 143.599225      1.605    16.5895  35.626899    27.3263      1.591  252.84726  253.18807    -3.5218     7.7829 -9.990e-29
 143.599227      1.618    16.5849  35.633836    27.3353      1.604  252.85443  253.19499    -3.4907     7.7829 -9.990e-29
 143.599230      1.633    16.5768  35.637697    27.3441      1.618  252.87970  253.21985    -3.5062     7.7869 -9.990e-29
 143.599233      1.647    16.5683  35.644032    27.3553      1.633  252.90288  253.24260    -3.5218     7.7788 -9.990e-29
 143.599236      1.669    16.5619  35.644636    27.3601      1.654  252.92642  253.26583    -3.6308     7.7586 -9.990e-29
 143.599239      1.691    16.5507  35.650489    27.3866      1.676  252.93663  253.27538    -3.0860     8.0376 -9.990e-29
 143.599242      1.717    16.5446  35.666780    27.3971      1.702  252.94915  253.28758    -3.1016     8.0255 0.0000e+00
 143.599245      1.746    16.5384  35.681506    27.4075      1.730  252.96167  253.29977    -3.0860     8.0174 0.0000e+00
 143.599248      1.775    16.5220  35.689536    27.4255      1.759  253.01225  253.34953    -3.1171     8.0174 0.0000e+00
 143.599251      1.810    16.5042  35.701248    27.4477      1.794  253.06295  253.39931    -3.3817     8.9798 0.0000e+00
 143.599253      1.839    16.4909  35.703000    27.4583      1.823  253.11097  253.44668    -3.4907     8.9798 0.0000e+00
 143.599256      1.866    16.4829  35.700164    27.4614      1.850  253.14599  253.48133    -3.5374     8.9839 0.0000e+00
 143.599259      1.894    16.4782  35.708193    27.4715      1.877  253.15208  253.48715    -3.5374     8.9798 0.0000e+00
 143.599262      1.921    16.4717  35.709945    27.4774      1.904  253.17418  253.50893    -3.5374     8.5674 0.0000e+00
 143.599265      1.952    16.4665  35.715138    27.4854      1.935  253.18628  253.52076    -3.5374     8.5674 0.0000e+00
 143.599268      1.989    16.4596  35.716225    27.4911      1.971  253.21121  253.54535    -3.5685     8.5674 0.0000e+00
 143.599271      2.034    16.4496  35.730174    27.5098      2.016  253.22860  253.56218    -3.5685     8.5835 0.0000e+00
 143.599274      2.085    16.4385  35.733859    27.5205      2.067  253.26540  253.59843    -3.3662     8.9758 0.0000e+00
 143.599277      2.138    16.4290  35.740383    27.5326      2.119  253.29215  253.62469    -3.3039     8.9919 0.0000e+00
 143.599280      2.191    16.4211  35.739297    27.5371      2.172  253.32396  253.65612    -3.3662     8.9758 0.0000e+00
 143.599282      2.244    16.4132  35.747088    27.5492      2.224  253.34267  253.67440    -3.3039     8.9717 0.0000e+00
 143.599285      2.286    16.4096  35.742983    27.5499      2.266  253.35940  253.69098    -3.3506     8.9717 0.0000e+00
 143.599288      2.319    16.4060  35.736219    27.5507      2.298  253.37614  253.70756    -3.2883     8.9717 -9.990e-29
 143.599291      2.344    16.4031  35.731026    27.5424      2.323  253.40490  253.73624    -3.1483     9.3033 -9.990e-29
 143.599294      2.361    16.4072  35.724082    27.5336      2.340  253.39945  253.73103    -3.1171     9.3154 -9.990e-29
 143.599297      2.370    16.4112  35.733622    27.5391      2.349  253.37029  253.70201    -2.9771     9.2871 -9.990e-29
 143.599300      2.372    16.4125  35.734528    27.5390      2.350  253.36403  253.69580    -3.3350     8.6523 -9.990e-29
 143.599303      2.368    16.4102  35.731690    27.5381      2.347  253.37684  253.70852    -3.3350     8.6887 -9.990e-29
 143.599306      2.372    16.4098  35.718889    27.5274      2.350  253.39726  253.72899    -3.3195     8.6968 -9.990e-29
 143.599308      2.373    16.4163  35.710798    27.5161      2.352  253.38456  253.71664    -3.3973     8.6523 -9.990e-29
 143.599311      2.388    16.4260  35.706511    27.5057      2.367  253.35361  253.68619    -3.3195     8.8666 -9.990e-29
 143.599314      2.410    16.4361  35.710193    27.5047      2.388  253.30490  253.63793    -3.3350     8.8423 -9.990e-29
 143.599317      2.446    16.4366  35.713452    27.5049      2.424  253.30212  253.63518    -3.2883     8.8666 0.0000e+00
 143.599320      2.483    16.4361  35.714720    27.5051      2.461  253.29935  253.63242    -3.3350     8.8909 0.0000e+00
 143.599323      2.532    16.4343  35.726434    27.5169      2.509  253.29935  253.63242    -3.5529     9.1577 0.0000e+00
 143.599326      2.581    16.4284  35.731024    27.5250      2.558  253.30865  253.64121    -3.5841     9.1901 0.0000e+00
 143.599329      2.629    16.4213  35.726375    27.5259      2.605  253.34263  253.67487    -3.5841     9.1739 0.0000e+00
 143.599332      2.676    16.4143  35.730603    27.5341      2.652  253.36290  253.69479    -3.5841     9.1739 0.0000e+00
 143.599334      2.716    16.4109  35.727766    27.5341      2.692  253.38004  253.71178    -3.5218     9.1456 0.0000e+00
 143.599337      2.749    16.4109  35.724505    27.5314      2.725  253.38518  253.71693    -3.3817     8.8909 0.0000e+00
 143.599340      2.778    16.4142  35.715388    27.5213      2.754  253.38518  253.71693    -3.3817     8.8787 0.0000e+00
 143.599343      2.806    16.4204  35.712550    27.5145      2.781  253.36619  253.69847    -3.3662     8.8625 0.0000e+00
 143.599346      2.843    16.4280  35.704339    27.5023      2.817  253.34935  253.68204    -3.2883     8.8625 0.0000e+00
 143.599349      2.879    16.4352  35.709952    27.5023      2.853  253.31398  253.64699    -3.2883     9.6227 0.0000e+00
 143.599352      2.916    16.4352  35.715808    27.5062      2.889  253.30989  253.64261    -3.2883     9.6227 0.0000e+00
 143.599355      2.950    16.4338  35.723839    27.5116      2.924  253.30486  253.63774    -3.3117     9.6227 0.0000e+00
 143.599358      2.983    16.4309  35.742983    27.5170      2.956  253.30989  253.64261    -3.3350     9.6227 -9.990e-29
 143.599361      3.008    16.4054  35.743408    27.5512      2.981  253.37837  253.70975    -3.2883     9.0607 -9.990e-29
 143.599363      3.030    16.3920  35.746248    27.5629      3.003  253.42528  253.75600    -3.4284     9.0243 -9.990e-29
 143.599366      3.048    16.3816  35.746914    27.5706      3.021  253.46400  253.79421    -3.2728     9.0526 -9.990e-29
 143.599369      3.065    16.3741  35.744499    27.5737      3.037  253.49589  253.82575    -3.2728     9.0486 -9.990e-29
 143.599372      3.080    16.3719  35.740996    27.5722      3.052  253.50969  253.83946    -3.5685     9.4731 -9.990e-29
 143.599375      3.098    16.3726  35.744258    27.5745      3.070  253.50211  253.83190    -3.7086     9.4772 -9.990e-29
 143.599378      3.118    16.3750  35.739305    27.5686      3.090  253.50021  253.83014    -3.6619     9.4853 -9.990e-29
 143.599381      3.136    16.3807  35.738822    27.5648      3.108  253.47812  253.80833    -3.5841     9.5095 -9.990e-29
 143.599384      3.167    16.3809  35.739486    27.5662      3.139  253.47477  253.80498    -3.5685     9.2588 0.0000e+00
 143.599387      3.203    16.3807  35.742989    27.5665      3.175  253.47812  253.80833    -3.5841     9.0566 0.0000e+00
 143.599389      3.242    16.3798  35.740694    27.5675      3.213  253.47308  253.80306    -3.5529     9.0526 0.0000e+00
 143.599392      3.284    16.3774  35.751686    27.5747      3.254  253.48006  253.81022    -3.5529     9.0526 0.0000e+00
 143.599395      3.326    16.3746  35.746251    27.5770      3.296  253.49159  253.82147    -3.4907     9.0526 0.0000e+00
 143.599398      3.371    16.3721  35.746916    27.5770      3.341  253.50017  253.82993    -3.4284     9.6996 0.0000e+00
 143.599401      3.408    16.3706  35.746252    27.5775      3.377  253.50702  253.83670    -3.4284     9.6996 0.0000e+00
 143.599404      3.441    16.3704  35.746010    27.5775      3.410  253.51047  253.84012    -3.4284     9.6753 0.0000e+00
 143.599407      3.470    16.3701  35.742326    27.5760      3.439  253.51197  253.84165    -3.3662     9.6611 0.0000e+00
 143.599410      3.503    16.3704  35.741481    27.5742      3.472  253.51347  253.84317    -3.2416     9.6753 -9.990e-29
 143.599413      3.527    16.3732  35.748849    27.5778      3.495  253.49309  253.82289    -3.0704     9.2346 -9.990e-29
 143.599416      3.547    16.3733  35.747762    27.5769      3.515  253.49440  253.82421    -3.0704     9.1901 -9.990e-29
 143.599418      3.569    16.3714  35.747521    27.5780      3.537  253.50216  253.83187    -3.0238     9.2548 -9.990e-29
 143.599421      3.591    16.3656  35.752534    27.5859      3.559  253.51755  253.84696    -3.5529     9.2993 -9.990e-29
 143.599424      3.618    16.3644  35.752112    27.5870      3.586  253.52153  253.85088    -3.5374     9.3013 0.0000e+00
 143.599427      3.647    16.3633  35.752776    27.5881      3.615  253.52550  253.85479    -3.5218     9.2993 0.0000e+00
 143.599430      3.675    16.3611  35.751871    27.5888      3.642  253.53516  253.86435    -3.5218     9.2912 0.0000e+00
 143.599433      3.707    16.3596  35.754529    27.5920      3.674  253.53679  253.86589    -3.4907     9.2831 0.0000e+00
 143.599436      3.735    16.3591  35.755133    27.5920      3.701  253.53806  253.86714    -3.3662     9.0526 0.0000e+00
 143.599439      3.767    16.3587  35.752113    27.5929      3.734  253.53806  253.86714    -3.3662     9.0526 0.0000e+00
 143.599442      3.796    16.3587  35.757066    27.5907      3.762  253.54423  253.87334    -3.3195     9.0526 0.0000e+00
 143.599444      3.825    16.3591  35.750784    27.5891      3.791  253.54423  253.87334    -3.4129     9.0526 0.0000e+00
 143.599447      3.856    16.3595  35.746255    27.5869      3.822  253.54605  253.87519    -3.4440     9.1719 0.0000e+00
 143.599450      3.886    16.3599  35.751690    27.5847      3.851  253.54787  253.87704    -3.5685     9.3114 -9.990e-29
 143.599453      3.907    16.3620  35.751268    27.5876      3.872  253.53280  253.86203    -3.6152     9.3073 -9.990e-29
 143.599456      3.929    16.3621  35.754710    27.5902      3.894  253.52738  253.85661    -3.3506     9.6996 -9.990e-29
 143.599459      3.955    16.3620  35.754529    27.5898      3.919  253.52884  253.85806    -3.3662     9.6996 0.0000e+00
 143.599462      3.984    16.3619  35.753201    27.5898      3.948  253.53029  253.85951    -3.3506     9.6996 0.0000e+00
 143.599465      4.020    16.3613  35.753442    27.5898      3.985  253.53210  253.86130    -3.3506     9.6996 0.0000e+00
 143.599468      4.059    16.3602  35.755375    27.5923      4.023  253.53357  253.86270    -3.3195     9.7077 0.0000e+00
 143.599470      4.106    16.3581  35.758215    27.5961      4.070  253.53740  253.86641    -3.3195    10.6781 0.0000e+00
 143.599473      4.156    16.3550  35.756886    27.5971      4.118  253.55138  253.88025    -3.3195    10.6781 0.0000e+00
