seaocn-cb/data/ctd_cnv/SBE19plus_01907321_2024_05_21_Cast05.cnv
* Sea-Bird SBE19plus  Data File:
* FileName = E:\Prandtl_Daten\2024\CTD\raw\SBE19plus_01907321_2024_05_21_Cast05.hex
* Software version 2.6.1.12
* Temperature SN = 7321
* Conductivity SN = 7321
* System UpLoad Time = May 21 2024 13:00:48
* <ApplicationData>
* <Seaterm232>
** 20240521
** Sea Practical 2024
** MCat 21.05 CTD_SP2
** NMEA Latitude = 54 06.053N
** NMEA Longitude = 008 34.25E
** waterdepth = 13.5m
** Merle
# nquan = 11
# nvalues = 431                         
# units = specified
# name 0 = timeJ: Julian Days
# name 1 = prdM: Pressure, Strain Gauge [db]
# name 2 = tv290C: Temperature [ITS-90, deg C]
# name 3 = c0mS/cm: Conductivity [mS/cm]
# name 4 = sal00: Salinity, Practical [PSU]
# name 5 = depSM: Depth [salt water, m], lat = 54.00
# name 6 = oxsatMm/Kg: Oxygen Saturation, Weiss [umol/kg]
# name 7 = oxsolMm/Kg: Oxygen Saturation, Garcia & Gordon [umol/kg]
# name 8 = turbWETntu0: Turbidity, WET Labs ECO [NTU]
# name 9 = flECO-AFL: Fluorescence, WET Labs ECO-AFL/FL [mg/m^3]
# name 10 = flag:  0.000e+00
# span 0 = 142.538244, 142.539488       
# span 1 =      0.659,     11.638       
# span 2 =    15.4830,    16.9352       
# span 3 =  35.627397,  35.841533       
# span 4 =    27.2622,    28.2060       
# span 5 =      0.653,     11.534       
# span 6 =  251.23400,  256.91837       
# span 7 =  251.58978,  257.20293       
# span 8 =    -3.4907,     3.0930       
# span 9 =     4.6875,    12.5423       
# span 10 = 0.0000e+00, 0.0000e+00      
# interval = seconds: 0.25
# start_time = May 21 2024 12:53:41 [Instrument's time stamp, header]
# bad_flag = -9.990e-29
*END*
[from data line 394]
 142.539384     10.817    15.5212  35.742028    28.1674     10.720  256.78877  257.07543     0.0891    10.1889 -9.990e-29
 142.539387     10.835    15.5196  35.741786    28.1683     10.738  256.79524  257.08182    -0.0043    10.1808 -9.990e-29
 142.539389     10.850    15.5184  35.745954    28.1728     10.752  256.79371  257.08019    -0.0199    10.1484 -9.990e-29
 142.539392     10.870    15.5177  35.744867    28.1723     10.772  256.79813  257.08459     0.0268    10.2010 -9.990e-29
 142.539395     10.894    15.5163  35.731823    28.1619     10.796  256.82370  257.11016    -0.1755     9.3033 -9.990e-29
 142.539398     10.917    15.5151  35.744867    28.1742     10.819  256.80820  257.09452    -0.1755     9.3276 -9.990e-29
 142.539401     10.939    15.5138  35.744626    28.1748     10.841  256.81346  257.09971    -0.1911     9.3357 -9.990e-29
 142.539404     10.961    15.5124  35.747646    28.1785     10.863  256.81430  257.10046    -0.1132     9.2669 -9.990e-29
 142.539407     10.983    15.5116  35.747646    28.1773     10.884  256.82035  257.10648     0.0580     9.2143 -9.990e-29
 142.539410     11.014    15.5118  35.745713    28.1773     10.915  256.81937  257.10550     0.0580     9.2325 0.0000e+00
 142.539413     11.049    15.5120  35.746015    28.1773     10.950  256.81838  257.10453     0.0580     9.2143 0.0000e+00
 142.539416     11.087    15.5123  35.745291    28.1764     10.988  256.81838  257.10453     0.0580     9.2143 0.0000e+00
 142.539418     11.131    15.5129  35.743781    28.1752     11.031  256.81830  257.10447    -1.0315     8.5148 0.0000e+00
 142.539421     11.174    15.5135  35.744868    28.1747     11.074  256.81444  257.10067    -1.0315     8.4905 0.0000e+00
 142.539424     11.222    15.5149  35.744385    28.1738     11.121  256.81004  257.09634    -0.9848     8.4703 0.0000e+00
 142.539427     11.264    15.5173  35.740942    28.1691     11.163  256.80592  257.09238    -0.9848     8.4905 0.0000e+00
 142.539430     11.300    15.5190  35.742875    28.1687     11.199  256.79775  257.08429    -0.9070     8.5128 0.0000e+00
 142.539433     11.328    15.5207  35.742029    28.1683     11.226  256.78957  257.07620    -0.9848     8.5552 -9.990e-29
 142.539436     11.351    15.5255  35.742029    28.1641     11.250  256.77233  257.05922    -0.6736     8.4420 -9.990e-29
 142.539439     11.362    15.5271  35.740036    28.1612     11.260  256.76931  257.05630    -0.7202     8.3733 -9.990e-29
 142.539442     11.368    15.5282  35.742210    28.1623     11.266  256.76141  257.04844    -0.5802     8.4016 -9.990e-29
 142.539444     11.368    15.5289  35.740941    28.1607     11.266  256.76092  257.04799     0.7272     9.8371 -9.990e-29
 142.539447     11.370    15.5286  35.741364    28.1613     11.268  256.76149  257.04854     0.4315     9.8168 -9.990e-29
 142.539450     11.372    15.5279  35.744867    28.1648     11.270  256.75854  257.04554     0.3848     9.9260 -9.990e-29
 142.539453     11.384    15.5268  35.742874    28.1639     11.282  256.76618  257.05313     0.5871     9.8735 -9.990e-29
 142.539456     11.401    15.5249  35.745472    28.1675     11.299  256.76950  257.05633     2.2525    12.5342 -9.990e-29
 142.539459     11.426    15.5228  35.742694    28.1666     11.324  256.78170  257.06845     2.3770    12.5423 -9.990e-29
 142.539462     11.450    15.5159  35.744627    28.1753     11.347  256.80183  257.08818     2.4237    12.5342 -9.990e-29
 142.539465     11.485    15.5136  35.747043    28.1804     11.382  256.80489  257.09109     2.7195    11.4505 0.0000e+00
 142.539468     11.525    15.5112  35.754956    28.1855     11.422  256.80794  257.09399     2.9529    10.4072 0.0000e+00
 142.539470     11.559    15.5079  35.754836    28.1879     11.456  256.82113  257.10700     2.9840    10.3870 0.0000e+00
 142.539473     11.591    15.5045  35.756166    28.1902     11.487  256.83432  257.12001     2.9529    10.4072 -9.990e-29
 142.539476     11.605    15.4936  35.756166    28.1991     11.501  256.87459  257.15970     3.0930    10.4193 -9.990e-29
 142.539479     11.618    15.4884  35.757013    28.2036     11.514  256.89368  257.17850     3.0463    10.3789 -9.990e-29
 142.539482     11.631    15.4848  35.754416    28.2039     11.526  256.91168  257.19633     1.5366     9.0243 -9.990e-29
 142.539485     11.632    15.4831  35.754416    28.2052     11.528  256.91837  257.20293     1.6299     9.0324 -9.990e-29
 142.539488     11.638    15.4830  35.755262    28.2060     11.534  256.91738  257.20192     1.5833     9.0122 -9.990e-29
