seaocn-cb/data/ctd_cnv/SBE19plus_01907321_2024_05_27_Cast69.cnv
* Sea-Bird SBE19plus  Data File:
* FileName = E:\Prandtl_Daten\2024\27052024\raw\SBE19plus_01907321_2024_05_27_Cast69.hex
* Software version 2.6.1.12
* Temperature SN = 7321
* Conductivity SN = 7321
* System UpLoad Time = May 27 2024 08:56:54
* <ApplicationData>
* <Seaterm232>
** 20240527
** Sea Practical 2024
** MCat 27.05 CTD_SP5
** NMEA Latitude = 54 7.781N
** NMEA Longitude = 008 25.579E
** waterdepth = 8m
** Maja
# nquan = 11
# nvalues = 318                         
# units = specified
# name 0 = timeJ: Julian Days
# name 1 = prdM: Pressure, Strain Gauge [db]
# name 2 = tv290C: Temperature [ITS-90, deg C]
# name 3 = c0mS/cm: Conductivity [mS/cm]
# name 4 = sal00: Salinity, Practical [PSU]
# name 5 = depSM: Depth [salt water, m], lat = 54.00
# name 6 = oxsatMm/Kg: Oxygen Saturation, Weiss [umol/kg]
# name 7 = oxsolMm/Kg: Oxygen Saturation, Garcia & Gordon [umol/kg]
# name 8 = turbWETntu0: Turbidity, WET Labs ECO [NTU]
# name 9 = flECO-AFL: Fluorescence, WET Labs ECO-AFL/FL [mg/m^3]
# name 10 = flag:  0.000e+00
# span 0 = 148.345654, 148.346571       
# span 1 =      0.680,      6.911       
# span 2 =    16.3458,    16.5409       
# span 3 =  36.898909,  36.943920       
# span 4 =    28.4514,    28.6213       
# span 5 =      0.674,      6.849       
# span 6 =  251.15139,  251.84004       
# span 7 =  251.48280,  252.16187       
# span 8 =    -2.2300,     7.8556       
# span 9 =     3.1246,     6.4849       
# span 10 = 0.0000e+00, 0.0000e+00      
# interval = seconds: 0.25
# start_time = May 27 2024 08:16:25 [Instrument's time stamp, header]
# bad_flag = -9.990e-29
*END*
[from data line 132]
 148.346036      4.190    16.4717  36.906387    28.5000      4.152  251.41746  251.74554    -1.2339     4.6976 -9.990e-29
 148.346039      4.210    16.4723  36.908284    28.5011      4.172  251.41227  251.74038    -1.0471     4.6652 -9.990e-29
 148.346042      4.223    16.4721  36.907489    28.5006      4.185  251.41435  251.74245    -1.2027     4.7057 -9.990e-29
 148.346045      4.239    16.4706  36.907978    28.5021      4.201  251.41907  251.74709    -1.3739     4.6652 -9.990e-29
 148.346047      4.259    16.4686  36.910426    28.5056      4.221  251.42303  251.75094    -1.8097     4.6733 -9.990e-29
 148.346050      4.285    16.4670  36.909325    28.5058      4.246  251.43069  251.75853    -1.7475     4.8998 -9.990e-29
 148.346053      4.308    16.4656  36.911772    28.5089      4.270  251.43223  251.75999    -1.8876     4.8149 -9.990e-29
 148.346056      4.337    16.4655  36.910426    28.5078      4.299  251.43483  251.76259    -1.8409     4.8189 -9.990e-29
 148.346059      4.361    16.4651  36.906572    28.5047      4.322  251.44171  251.76947    -1.8097     4.8796 -9.990e-29
 148.346062      4.390    16.4647  36.909998    28.5080      4.351  251.43850  251.76622    -1.5452     4.7461 -9.990e-29
 148.346065      4.412    16.4639  36.911283    28.5096      4.373  251.43934  251.76702    -1.3428     4.6733 -9.990e-29
 148.346068      4.432    16.4622  36.912691    28.5120      4.393  251.44362  251.77120    -1.5452     4.7138 -9.990e-29
 148.346071      4.449    16.4608  36.916545    28.5164      4.409  251.44339  251.77089    -1.5296     4.6774 -9.990e-29
 148.346073      4.463    16.4553  36.915383    28.5218      4.423  251.46131  251.78852    -1.9809     4.8998 -9.990e-29
 148.346076      4.489    16.4539  36.918320    28.5214      4.449  251.46858  251.79574    -1.9109     4.9301 0.0000e+00
 148.346079      4.516    16.4539  36.915201    28.5214      4.476  251.46858  251.79574    -1.9109     4.9301 0.0000e+00
 148.346082      4.542    16.4526  36.911591    28.5210      4.501  251.47585  251.80295    -1.8409     4.9604 -9.990e-29
 148.346085      4.565    16.4518  36.913855    28.5204      4.525  251.48087  251.80794    -1.2339     5.6964 -9.990e-29
 148.346088      4.591    16.4530  36.910857    28.5170      4.550  251.48077  251.80791    -1.0471     5.7570 -9.990e-29
 148.346091      4.607    16.4528  36.911102    28.5173      4.566  251.48102  251.80816    -1.1405     5.6640 -9.990e-29
 148.346094      4.618    16.4512  36.913366    28.5204      4.577  251.48373  251.81077    -1.1405     5.6681 -9.990e-29
 148.346097      4.629    16.4496  36.914957    28.5229      4.588  251.48743  251.81438    -2.2300     5.7206 -9.990e-29
 148.346100      4.650    16.4487  36.914712    28.5233      4.608  251.49112  251.81803    -2.1366     5.3850 -9.990e-29
 148.346102      4.670    16.4458  36.916303    28.5263      4.628  251.50038  251.82714    -2.2300     5.3486 -9.990e-29
 148.346105      4.699    16.4451  36.915814    28.5275      4.657  251.50207  251.82879    -2.1677     5.3708 0.0000e+00
 148.346108      4.735    16.4444  36.917221    28.5286      4.693  251.50375  251.83044    -2.1055     5.3486 0.0000e+00
 148.346111      4.776    16.4435  36.916549    28.5286      4.733  251.50527  251.83188    -1.0627     4.4873 0.0000e+00
 148.346114      4.828    16.4431  36.919302    28.5312      4.785  251.50808  251.83472    -0.9848     4.4873 0.0000e+00
 148.346117      4.880    16.4411  36.920587    28.5337      4.836  251.51094  251.83745    -0.9226     4.4873 0.0000e+00
 148.346120      4.925    16.4366  36.924871    28.5406      4.881  251.52155  251.84781    -0.9226     4.5237 0.0000e+00
 148.346123      4.967    16.4335  36.928360    28.5443      4.923  251.53060  251.85670    -1.1483     4.5702 0.0000e+00
 148.346126      4.994    16.4304  36.920834    28.5480      4.950  251.53964  251.86558    -1.3739     4.6572 -9.990e-29
 148.346128      5.011    16.4250  36.922180    28.5466      4.966  251.56894  251.89465    -1.1716     4.6652 -9.990e-29
 148.346131      5.016    16.4261  36.922303    28.5459      4.972  251.56455  251.89031    -1.4051     4.6814 -9.990e-29
 148.346134      5.016    16.4255  36.926953    28.5503      4.972  251.56012  251.88582    -0.3156     5.0251 -9.990e-29
 148.346137      5.009    16.4239  36.928544    28.5528      4.964  251.56350  251.88911    -0.1755     5.0009 -9.990e-29
 148.346140      5.013    16.4213  36.929401    28.5554      4.968  251.57188  251.89736    -0.1755     5.0737 -9.990e-29
 148.346143      5.022    16.4179  36.924690    28.5537      4.977  251.59147  251.91681    -0.1911     5.0696 -9.990e-29
 148.346146      5.044    16.4123  36.925119    28.5614      4.998  251.60628  251.93132    -0.6113     5.5023 -9.990e-29
 148.346149      5.071    16.4109  36.928974    28.5633      5.026  251.60993  251.93489    -0.6191     5.4861 0.0000e+00
 148.346152      5.107    16.4095  36.930994    28.5651      5.062  251.61357  251.93846    -0.6269     5.5023 0.0000e+00
 148.346155      5.153    16.4068  36.928975    28.5653      5.107  251.62681  251.95158    -0.6269     5.4982 0.0000e+00
 148.346157      5.197    16.4045  36.929649    28.5676      5.150  251.63395  251.95850    -0.7358     5.4982 0.0000e+00
 148.346160      5.240    16.4029  36.934177    28.5726      5.194  251.63457  251.95922    -0.7981     4.3256 0.0000e+00
 148.346163      5.273    16.4022  36.933321    28.5727      5.226  251.63700  251.96152    -0.8215     4.3034 0.0000e+00
 148.346166      5.299    16.4016  36.930567    28.5728      5.251  251.64005  251.96454    -0.7981     4.3256 -9.990e-29
 148.346169      5.317    16.3983  36.931914    28.5739      5.270  251.65449  251.97883    -1.0471     4.3579 -9.990e-29
 148.346172      5.326    16.3978  36.933750    28.5758      5.279  251.65360  251.97790    -1.7631     5.3971 -9.990e-29
 148.346175      5.334    16.3972  36.933260    28.5758      5.286  251.65643  251.98071    -1.6385     5.4093 -9.990e-29
 148.346178      5.354    16.3948  36.933505    28.5787      5.306  251.66351  251.98766    -1.6852     5.4254 -9.990e-29
 148.346181      5.381    16.3942  36.934607    28.5794      5.333  251.66528  251.98940    -1.7164     5.5912 0.0000e+00
 148.346183      5.416    16.3936  36.935280    28.5801      5.367  251.66706  251.99114    -1.6852     5.7166 0.0000e+00
 148.346186      5.447    16.3925  36.937545    28.5811      5.398  251.66765  251.99167    -1.5918     5.7570 0.0000e+00
 148.346189      5.479    16.3921  36.935281    28.5811      5.430  251.67251  251.99652    -1.5763     5.7530 0.0000e+00
 148.346192      5.510    16.3921  36.930324    28.5801      5.461  251.67543  251.99944    -1.5918     5.7530 0.0000e+00
 148.346195      5.540    16.3920  36.933935    28.5785      5.490  251.67763  252.00166    -1.6230     5.7470 0.0000e+00
 148.346198      5.569    16.3919  36.932895    28.5801      5.519  251.67543  251.99944    -1.6697     5.7409 -9.990e-29
 148.346201      5.585    16.3911  36.933935    28.5807      5.535  251.67847  252.00243    -1.1405     4.7340 -9.990e-29
 148.346204      5.602    16.3906  36.934853    28.5818      5.552  251.67893  252.00287    -1.2806     4.7057 -9.990e-29
 148.346207      5.603    16.3900  36.931793    28.5796      5.553  251.68555  252.00947    -1.2027     4.6895 -9.990e-29
 148.346209      5.609    16.3898  36.935771    28.5832      5.559  251.68059  252.00448     0.7272     4.6652 -9.990e-29
 148.346212      5.620    16.3890  36.932650    28.5835      5.569  251.68398  252.00784     0.6650     4.6531 -9.990e-29
 148.346215      5.647    16.3884  36.935526    28.5843      5.596  251.68575  252.00957     0.5638     4.6430 0.0000e+00
 148.346218      5.676    16.3878  36.936200    28.5835      5.625  251.68752  252.01131     0.4626     4.6329 0.0000e+00
 148.346221      5.716    16.3868  36.932651    28.5850      5.665  251.69477  252.01845    -0.8759     4.6329 0.0000e+00
 148.346224      5.760    16.3857  36.936629    28.5868      5.708  251.69639  252.02015    -0.9070     4.6127 0.0000e+00
 148.346227      5.800    16.3849  36.936201    28.5870      5.748  251.69843  252.02208    -0.9070     4.6208 0.0000e+00
 148.346230      5.840    16.3841  36.936323    28.5877      5.788  251.70109  252.02464    -0.7825     4.6127 0.0000e+00
 148.346233      5.871    16.3836  36.938710    28.5890      5.819  251.70119  252.02477    -0.0432     4.4449 0.0000e+00
 148.346236      5.900    16.3832  36.938710    28.5903      5.848  251.70109  252.02464     0.6961     4.2690 -9.990e-29
 148.346238      5.922    16.3815  36.939567    28.5923      5.869  251.70618  252.02964     0.9296     4.2488 -9.990e-29
 148.346241      5.939    16.3811  36.938894    28.5919      5.885  251.70839  252.03183     0.9607     4.2771 -9.990e-29
 148.346244      5.955    16.3808  36.937793    28.5912      5.902  251.71122  252.03466     0.9607     4.2245 -9.990e-29
 148.346247      5.968    16.3807  36.935896    28.5897      5.915  251.71463  252.03807    -1.3739     4.4226 -9.990e-29
 148.346250      5.982    16.3808  36.935957    28.5896      5.929  251.71394  252.03739    -1.3584     4.4428 -9.990e-29
 148.346253      6.004    16.3807  36.935529    28.5892      5.951  251.71499  252.03844    -1.4051     4.4388 -9.990e-29
 148.346256      6.032    16.3806  36.935468    28.5901      5.978  251.71406  252.03749    -1.1794     4.5843 0.0000e+00
 148.346259      6.063    16.3806  36.937365    28.5910      6.008  251.71312  252.03654    -0.9537     4.7299 0.0000e+00
 148.346262      6.090    16.3806  36.937854    28.5910      6.036  251.71312  252.03654    -0.9070     4.7299 0.0000e+00
 148.346264      6.123    16.3806  36.935284    28.5899      6.068  251.71562  252.03906    -0.8136     4.7421 0.0000e+00
 148.346267      6.157    16.3801  36.935774    28.5891      6.102  251.71702  252.04044    -0.8136     4.7502 0.0000e+00
 148.346270      6.194    16.3791  36.931368    28.5899      6.139  251.71935  252.04266    -0.5802     4.8836 0.0000e+00
 148.346273      6.223    16.3787  36.938712    28.5902      6.168  251.72325  252.04660    -0.5646     4.9139 0.0000e+00
 148.346276      6.256    16.3783  36.934184    28.5937      6.200  251.71935  252.04266    -0.5802     4.9443 -9.990e-29
 148.346279      6.280    16.3752  36.940242    28.5972      6.224  251.72887  252.05201    -0.5490     4.9160 -9.990e-29
 148.346282      6.300    16.3741  36.939141    28.5970      6.243  251.73441  252.05751    -0.7358     4.5156 -9.990e-29
 148.346285      6.315    16.3738  36.940977    28.5988      6.258  251.73292  252.05599    -0.6891     4.4550 -9.990e-29
 148.346288      6.322    16.3732  36.937611    28.5963      6.265  251.73999  252.06306    -0.7047     4.5439 -9.990e-29
 148.346291      6.336    16.3728  36.938468    28.5974      6.280  251.74054  252.06358    -0.6424     4.4752 -9.990e-29
 148.346293      6.349    16.3724  36.935776    28.5953      6.292  251.74572  252.06876    -0.6891     4.5278 -9.990e-29
 148.346296      6.362    16.3714  36.939386    28.5992      6.305  251.74432  252.06728     0.5249     4.5520 -9.990e-29
 148.346299      6.382    16.3702  36.940733    28.6012      6.325  251.74686  252.06976     0.2914     4.5520 -9.990e-29
 148.346302      6.395    16.3691  36.938224    28.5998      6.338  251.75478  252.07764     0.3848     4.5601 -9.990e-29
 148.346305      6.417    16.3675  36.936144    28.6027      6.359  251.75746  252.08023     1.0229     4.6936 -9.990e-29
 148.346308      6.448    16.3664  36.940305    28.6026      6.390  251.76307  252.08579     1.0696     4.7118 0.0000e+00
 148.346311      6.488    16.3653  36.938225    28.6027      6.430  251.76868  252.09135     1.1163     4.6936 0.0000e+00
 148.346314      6.524    16.3624  36.943672    28.6077      6.466  251.77180  252.09429     1.1163     4.6895 0.0000e+00
 148.346317      6.565    16.3599  36.939817    28.6077      6.506  251.78684  252.10923     1.1941     4.6895 0.0000e+00
 148.346319      6.603    16.3599  36.938532    28.6069      6.544  251.78684  252.10923     1.9568     4.8351 0.0000e+00
 148.346322      6.639    16.3609  36.938899    28.6069      6.580  251.78432  252.10677     2.1747     4.8351 0.0000e+00
 148.346325      6.665    16.3610  36.941837    28.6074      6.605  251.78186  252.10431     2.1825     4.8310 0.0000e+00
 148.346328      6.698    16.3611  36.938532    28.6086      6.638  251.77940  252.10184     2.1747     4.8270 -9.990e-29
 148.346331      6.718    16.3607  36.943428    28.6102      6.658  251.77859  252.10100     1.9724     5.0696 -9.990e-29
 148.346334      6.742    16.3603  36.937798    28.6057      6.681  251.78841  252.11083     2.0657     5.0656 -9.990e-29
 148.346337      6.758    16.3600  36.939818    28.6076      6.697  251.78634  252.10874     2.0191     5.0696 -9.990e-29
 148.346340      6.776    16.3593  36.938900    28.6073      6.716  251.79042  252.11278     2.0657     5.0979 -9.990e-29
 148.346343      6.791    16.3581  36.941654    28.6105      6.730  251.79087  252.11317     2.1591     5.0453 -9.990e-29
 148.346345      6.809    16.3568  36.943062    28.6126      6.748  251.79362  252.11584     5.0852     5.0332 -9.990e-29
 148.346348      6.820    16.3559  36.942756    28.6130      6.759  251.79739  252.11957     5.0229     5.0898 -9.990e-29
 148.346351      6.813    16.3550  36.941838    28.6129      6.752  251.80205  252.12419     5.1630     5.0979 -9.990e-29
 148.346354      6.803    16.3551  36.938717    28.6101      6.743  251.80635  252.12851     5.1319     4.9887 -9.990e-29
 148.346357      6.798    16.3552  36.940736    28.6118      6.737  251.80307  252.12522     5.5054     5.4740 -9.990e-29
 148.346360      6.803    16.3549  36.940675    28.6120      6.742  251.80436  252.12650     5.4587     5.4214 -9.990e-29
 148.346363      6.805    16.3541  36.938044    28.6102      6.744  251.81096  252.13307     5.3965     5.4942 -9.990e-29
 148.346366      6.814    16.3529  36.939819    28.6126      6.753  251.81286  252.13490     5.4899     5.4699 -9.990e-29
 148.346369      6.829    16.3512  36.937432    28.6118      6.768  251.82271  252.14468     3.0930     4.8715 -9.990e-29
 148.346372      6.843    16.3505  36.938044    28.6128      6.782  251.82452  252.14646     3.2175     4.9119 -9.990e-29
 148.346374      6.853    16.3505  36.940737    28.6151      6.791  251.82055  252.14247     3.0463     4.8836 -9.990e-29
 148.346377      6.862    16.3506  36.943491    28.6174      6.800  251.81619  252.13810     3.3264     4.8674 -9.990e-29
 148.346380      6.867    16.3501  36.940982    28.6156      6.806  251.82170  252.14360     4.1980     5.2961 -9.990e-29
 148.346383      6.863    16.3508  36.942512    28.6165      6.802  251.81703  252.13896     4.1825     5.2839 -9.990e-29
 148.346386      6.860    16.3512  36.943919    28.6174      6.798  251.81345  252.13538     4.0268     5.3324 -9.990e-29
 148.346389      6.847    16.3513  36.941410    28.6151      6.786  251.81654  252.13850     4.1513     5.3365 -9.990e-29
 148.346392      6.831    16.3514  36.943001    28.6164      6.770  251.81389  252.13584     4.1513     5.3284 -9.990e-29
 148.346395      6.814    16.3515  36.939574    28.6134      6.753  251.81863  252.14061     1.9879     4.8108 -9.990e-29
 148.346398      6.796    16.3513  36.940982    28.6148      6.735  251.81715  252.13911     2.2681     4.8755 -9.990e-29
 148.346400      6.783    16.3515  36.941838    28.6154      6.723  251.81527  252.13724     2.0969     4.8593 -9.990e-29
 148.346403      6.772    16.3512  36.943062    28.6166      6.712  251.81436  252.13631     2.0657     4.8634 -9.990e-29
 148.346406      6.767    16.3510  36.942083    28.6160      6.706  251.81671  252.13865     2.2836     6.4849 -9.990e-29
 148.346409      6.768    16.3506  36.939819    28.6143      6.708  251.82156  252.14349     2.0035     6.4647 -9.990e-29
