seaocn-cb/data/ctd_cnv/SBE19plus_01907321_2024_05_24_Cast35.cnv
* Sea-Bird SBE19plus  Data File:
* FileName = E:\Prandtl_Daten\2024\CTD\raw\SBE19plus_01907321_2024_05_24_Cast35.hex
* Software version 2.6.1.12
* Temperature SN = 7321
* Conductivity SN = 7321
* System UpLoad Time = May 24 2024 07:45:16
* <ApplicationData>
* <Seaterm232>
** 20240524
** Sea Practical 2024
** MCat 23.05 CTD_SP2
** NMEA Latitude = 054 6.07N
** NMEA Longitude = 008 34.90E
** waterdepth = 12m
** Till
# nquan = 11
# nvalues = 482                         
# units = specified
# name 0 = timeJ: Julian Days
# name 1 = prdM: Pressure, Strain Gauge [db]
# name 2 = tv290C: Temperature [ITS-90, deg C]
# name 3 = c0mS/cm: Conductivity [mS/cm]
# name 4 = sal00: Salinity, Practical [PSU]
# name 5 = depSM: Depth [salt water, m], lat = 54.00
# name 6 = oxsatMm/Kg: Oxygen Saturation, Weiss [umol/kg]
# name 7 = oxsolMm/Kg: Oxygen Saturation, Garcia & Gordon [umol/kg]
# name 8 = turbWETntu0: Turbidity, WET Labs ECO [NTU]
# name 9 = flECO-AFL: Fluorescence, WET Labs ECO-AFL/FL [mg/m^3]
# name 10 = flag:  0.000e+00
# span 0 = 145.318325, 145.319716       
# span 1 =      0.511,     11.890       
# span 2 =    16.2548,    16.7993       
# span 3 =  35.106200,  35.273749       
# span 4 =    26.7461,    27.2496       
# span 5 =      0.506,     11.783       
# span 6 =  252.79844,  254.66261       
# span 7 =  253.15170,  254.98950       
# span 8 =    -2.9304,     0.6494       
# span 9 =     4.5156,     8.2600       
# span 10 = 0.0000e+00, 0.0000e+00      
# interval = seconds: 0.25
# start_time = May 24 2024 07:37:03 [Instrument's time stamp, header]
# bad_flag = -9.990e-29
*END*
 145.318325      0.511    16.7270  35.126836    26.8099      0.506  253.05088  253.40075    -2.4012     5.2192 -9.990e-29
 145.318328      0.514    16.7277  35.120658    26.8042      0.510  253.05737  253.40730    -2.3389     5.2030 -9.990e-29
 145.318330      0.518    16.7257  35.118560    26.8037      0.513  253.06792  253.41778    -2.1522     4.9443 -9.990e-29
 145.318333      0.532    16.7345  35.122158    26.7957      0.528  253.03825  253.38852    -2.1055     4.9604 -9.990e-29
 145.318336      0.558    16.7377  35.115980    26.7943      0.553  253.02501  253.37542    -2.1677     4.9503 0.0000e+00
 145.318339      0.600    16.7408  35.117659    26.7929      0.595  253.01176  253.36232    -2.2300     4.9402 0.0000e+00
 145.318342      0.666    16.7444  35.115140    26.7883      0.660  253.00139  253.35213    -2.3856     4.5722 0.0000e+00
 145.318345      0.739    16.7478  35.115560    26.7864      0.732  252.98800  253.33889    -2.3856     4.5561 0.0000e+00
 145.318348      0.815    16.7542  35.115319    26.7819      0.808  252.96369  253.31488    -2.4634     4.5358 0.0000e+00
 145.318351      0.877    16.7594  35.115738    26.7786      0.869  252.94355  253.29497    -2.4245     4.5358 0.0000e+00
 145.318354      0.925    16.7646  35.115137    26.7753      0.916  252.92340  253.27507    -2.5101     4.5156 -9.990e-29
 145.318356      0.939    16.7787  35.118555    26.7684      0.931  252.86556  253.21785    -2.2300     4.7421 -9.990e-29
 145.318359      0.924    16.7814  35.114297    26.7629      0.916  252.86110  253.21354    -2.5101     4.6491 -9.990e-29
 145.318362      0.901    16.7855  35.108960    26.7557      0.893  252.85319  253.20585    -2.4323     4.7421 -9.990e-29
 145.318365      0.859    16.7917  35.112976    26.7550      0.851  252.82388  253.17680    -2.5101     4.8998 -9.990e-29
 145.318368      0.824    16.7965  35.106200    26.7461      0.817  252.81523  253.16841    -2.3234     4.9523 -9.990e-29
 145.318371      0.799    16.7989  35.111296    26.7488      0.792  252.79844  253.15170    -2.4479     4.8755 -9.990e-29
 145.318374      0.808    16.7993  35.109797    26.7473      0.801  252.79937  253.15265    -2.4790     4.9443 -9.990e-29
 145.318377      0.850    16.7971  35.111057    26.7507      0.842  252.80417  253.15734    -2.0432     4.6572 -9.990e-29
 145.318380      0.919    16.7953  35.112136    26.7545      0.911  252.80675  253.15983    -2.1132     4.6754 0.0000e+00
 145.318383      1.005    16.7935  35.118314    26.7583      0.996  252.80933  253.16231    -2.1833     4.6936 0.0000e+00
 145.318385      1.087    16.7902  35.116815    26.7592      1.077  252.82406  253.17689    -2.1833     4.6936 0.0000e+00
 145.318388      1.155    16.7888  35.118975    26.7610      1.144  252.82783  253.18059    -2.2066     4.7077 0.0000e+00
 145.318391      1.199    16.7874  35.117896    26.7628      1.188  252.83160  253.18429    -2.1833     4.6895 -9.990e-29
 145.318394      1.219    16.7825  35.117656    26.7650      1.208  252.85231  253.20479    -2.4012     4.8876 -9.990e-29
 145.318397      1.226    16.7809  35.120235    26.7682      1.215  252.85451  253.20690    -2.3078     4.8391 -9.990e-29
 145.318400      1.228    16.7800  35.118976    26.7678      1.217  252.86009  253.21245    -2.4634     4.8391 -9.990e-29
 145.318403      1.224    16.7783  35.118736    26.7686      1.213  252.86669  253.21897    -1.8564     5.5912 -9.990e-29
 145.318406      1.219    16.7775  35.118976    26.7694      1.208  252.86947  253.22171    -2.0276     5.5751 -9.990e-29
 145.318409      1.241    16.7737  35.122335    26.7739      1.230  252.88049  253.23254    -1.9654     5.5751 -9.990e-29
 145.318411      1.270    16.7727  35.121315    26.7743      1.259  252.88472  253.23672    -2.3934     5.3709 0.0000e+00
 145.318414      1.318    16.7717  35.120896    26.7739      1.306  252.88894  253.24090    -2.7125     5.1667 0.0000e+00
 145.318417      1.371    16.7706  35.115559    26.7737      1.358  252.89707  253.24899    -2.7125     5.1667 0.0000e+00
 145.318420      1.416    16.7705  35.118558    26.7737      1.403  252.89748  253.24938    -2.7125     5.1626 0.0000e+00
 145.318423      1.458    16.7704  35.119158    26.7741      1.445  252.89728  253.24919    -2.7280     5.1626 0.0000e+00
 145.318426      1.489    16.7702  35.121736    26.7744      1.476  252.89748  253.24938    -2.7436     5.1505 -9.990e-29
 145.318429      1.507    16.7680  35.122996    26.7790      1.494  252.90006  253.25184    -2.4790     5.4093 -9.990e-29
 145.318432      1.518    16.7660  35.122337    26.7798      1.505  252.90884  253.26053    -2.4946     5.4659 -9.990e-29
 145.318435      1.523    16.7633  35.123656    26.7827      1.510  252.91724  253.26881    -2.2767     5.4780 -9.990e-29
 145.318437      1.536    16.7599  35.120658    26.7825      1.523  252.93474  253.28616    -2.4790     5.4174 -9.990e-29
 145.318440      1.555    16.7572  35.124257    26.7873      1.541  252.93983  253.29111    -2.4634     5.0696 -9.990e-29
 145.318443      1.576    16.7515  35.119400    26.7876      1.562  252.96727  253.31831    -2.3389     5.1181 -9.990e-29
 145.318446      1.613    16.7504  35.120240    26.7898      1.599  252.96902  253.32000    -2.3934     5.1141 0.0000e+00
 145.318449      1.646    16.7493  35.123658    26.7920      1.631  252.97076  253.32168    -2.3389     5.1181 0.0000e+00
 145.318452      1.678    16.7479  35.124498    26.7936      1.664  252.97426  253.32509    -2.2455     5.3405 0.0000e+00
 145.318455      1.704    16.7478  35.125578    26.7942      1.689  252.97456  253.32541    -2.2222     5.3466 0.0000e+00
 145.318458      1.730    16.7477  35.118981    26.7947      1.714  252.97426  253.32509    -2.2455     5.3405 -9.990e-29
 145.318461      1.746    16.7464  35.122580    26.7930      1.730  252.98364  253.33443    -1.9654     5.3324 -9.990e-29
 145.318464      1.764    16.7453  35.121740    26.7930      1.748  252.98893  253.33968    -2.0899     5.6600 -9.990e-29
 145.318466      1.777    16.7425  35.122580    26.7937      1.761  253.00150  253.35212    -2.2144     5.6479 -9.990e-29
 145.318469      1.804    16.7417  35.120421    26.7959      1.788  253.00216  253.35273    -2.1833     5.6418 0.0000e+00
 145.318472      1.844    16.7408  35.124260    26.7981      1.828  253.00281  253.35334    -2.1522     5.6479 0.0000e+00
 145.318475      1.901    16.7390  35.124260    26.7993      1.884  253.00972  253.36016    -2.1522     5.6479 0.0000e+00
 145.318478      1.959    16.7364  35.123601    26.8004      1.942  253.02040  253.37072    -1.8253     5.7368 0.0000e+00
 145.318481      2.012    16.7345  35.127680    26.8037      1.994  253.02199  253.37221    -1.6852     5.7651 0.0000e+00
 145.318484      2.052    16.7341  35.125341    26.8044      2.034  253.02511  253.37532    -1.6229     5.7793 0.0000e+00
 145.318487      2.080    16.7337  35.128340    26.8037      2.061  253.02823  253.37842    -1.6852     5.7934 -9.990e-29
 145.318490      2.087    16.7289  35.125761    26.8072      2.069  253.04607  253.39604    -2.2767     5.5912 -9.990e-29
 145.318492      2.093    16.7262  35.128101    26.8110      2.074  253.05299  253.40282    -2.0432     5.6762 -9.990e-29
 145.318495      2.089    16.7241  35.128101    26.8124      2.071  253.06111  253.41084    -2.1210     5.6195 -9.990e-29
 145.318498      2.089    16.7222  35.127681    26.8133      2.071  253.06891  253.41856    -2.1833     5.6398 -9.990e-29
 145.318501      2.097    16.7199  35.125582    26.8130      2.078  253.08071  253.43027    -1.6385     5.6600 -9.990e-29
 145.318504      2.109    16.7165  35.129841    26.8189      2.091  253.08765  253.43702    -1.6385     5.7166 -9.990e-29
 145.318507      2.124    16.7097  35.128522    26.8209      2.105  253.11828  253.46735    -1.7786     5.7166 -9.990e-29
 145.318510      2.150    16.7094  35.126843    26.8222      2.130  253.11750  253.46656    -2.0354     5.6923 0.0000e+00
 145.318513      2.182    16.7091  35.129422    26.8233      2.163  253.11828  253.46735    -2.2767     5.6802 0.0000e+00
 145.318516      2.217    16.7088  35.128943    26.8235      2.197  253.11869  253.46771    -2.2767     5.6802 0.0000e+00
 145.318519      2.259    16.7071  35.129843    26.8252      2.239  253.12396  253.47290    -2.0899     5.6802 0.0000e+00
 145.318521      2.301    16.7058  35.131522    26.8274      2.280  253.12622  253.47510    -2.0743     5.6883 0.0000e+00
 145.318524      2.345    16.7054  35.132182    26.8274      2.324  253.12685  253.47570    -2.0588     5.7368 0.0000e+00
 145.318527      2.394    16.7044  35.125165    26.8251      2.373  253.14115  253.48999    -2.0588     6.1290 0.0000e+00
 145.318530      2.436    16.7024  35.126185    26.8251      2.414  253.14719  253.49593    -2.1833     6.1290 0.0000e+00
 145.318533      2.476    16.7003  35.127505    26.8277      2.454  253.15341  253.50205    -2.1833     6.1290 0.0000e+00
 145.318536      2.513    16.6995  35.127625    26.8282      2.490  253.15615  253.50475    -2.1677     6.1331 0.0000e+00
 145.318539      2.544    16.6988  35.124267    26.8287      2.521  253.15888  253.50745    -2.1522     6.1412 -9.990e-29
 145.318542      2.567    16.7034  35.125346    26.8237      2.544  253.14473  253.49352    -2.4634     5.9228 -9.990e-29
 145.318545      2.589    16.7057  35.124506    26.8215      2.566  253.13722  253.48612    -2.4012     5.9269 -9.990e-29
 145.318547      2.599    16.7062  35.127505    26.8237      2.575  253.13098  253.47989    -2.4167     5.8945 -9.990e-29
 145.318550      2.604    16.7041  35.129184    26.8265      2.581  253.13635  253.48515    -2.1988     6.3191 -9.990e-29
 145.318553      2.608    16.7022  35.128105    26.8268      2.584  253.14511  253.49383    -2.1055     6.3757 -9.990e-29
 145.318556      2.613    16.7019  35.126006    26.8253      2.590  253.14942  253.49814    -2.1833     6.3110 -9.990e-29
 145.318559      2.619    16.7022  35.125766    26.8249      2.595  253.14883  253.49757    -2.1055     6.3757 -9.990e-29
 145.318562      2.630    16.7026  35.122528    26.8219      2.606  253.15199  253.50076    -2.4012     6.3717 -9.990e-29
 145.318565      2.648    16.7032  35.126846    26.8251      2.624  253.14321  253.49199    -2.3389     6.3878 -9.990e-29
 145.318568      2.673    16.7043  35.126846    26.8244      2.649  253.13919  253.48802    -2.4167     6.3191 -9.990e-29
 145.318571      2.721    16.7033  35.126846    26.8233      2.696  253.14588  253.49468    -2.4089     6.3332 0.0000e+00
 145.318573      2.777    16.7023  35.122828    26.8244      2.752  253.15257  253.50133    -2.4167     6.3191 0.0000e+00
 145.318576      2.839    16.6954  35.125348    26.8290      2.814  253.17548  253.52391    -2.4167     5.6276 0.0000e+00
 145.318579      2.898    16.6894  35.124929    26.8326      2.872  253.19893  253.54708    -2.4634     5.6276 0.0000e+00
 145.318582      2.947    16.6880  35.125769    26.8339      2.921  253.20380  253.55188    -2.4478     5.6296 0.0000e+00
 145.318585      2.987    16.6866  35.126189    26.8352      2.960  253.20866  253.55668    -2.4790     5.6519 -9.990e-29
 145.318588      3.011    16.6826  35.126190    26.8382      2.984  253.22339  253.57121    -1.8253     5.7287 -9.990e-29
 145.318591      3.021    16.6815  35.125650    26.8385      2.994  253.22855  253.57633    -1.7786     5.7692 -9.990e-29
 145.318594      3.027    16.6810  35.126849    26.8398      3.000  253.22868  253.57643    -1.9498     5.7287 -9.990e-29
 145.318597      3.020    16.6799  35.126850    26.8405      2.993  253.23274  253.58044    -1.9031     5.7570 -9.990e-29
 145.318600      3.016    16.6780  35.125770    26.8409      2.989  253.24180  253.58942    -1.6074     6.0724 -9.990e-29
 145.318602      3.011    16.6765  35.125770    26.8419      2.984  253.24742  253.59497    -1.6385     6.0765 -9.990e-29
 145.318605      3.018    16.6759  35.124691    26.8414      2.991  253.25119  253.59871    -1.6852     6.1129 -9.990e-29
 145.318608      3.040    16.6765  35.123252    26.8430      3.013  253.24553  253.59307    -2.1522     6.0846 -9.990e-29
 145.318611      3.071    16.6767  35.127090    26.8428      3.043  253.24494  253.59249    -2.1600     6.0765 0.0000e+00
 145.318614      3.120    16.6765  35.126850    26.8425      3.092  253.24553  253.59307    -2.1677     6.0846 0.0000e+00
 145.318617      3.177    16.6762  35.126311    26.8425      3.148  253.24797  253.59550    -2.1833     6.0765 0.0000e+00
 145.318620      3.231    16.6749  35.123013    26.8412      3.202  253.25630  253.60378    -2.1833     6.1088 0.0000e+00
 145.318623      3.284    16.6749  35.123852    26.8411      3.255  253.25630  253.60378    -2.1522     6.0967 0.0000e+00
 145.318626      3.332    16.6774  35.123672    26.8394      3.302  253.24721  253.59481    -2.1055     6.0967 0.0000e+00
 145.318628      3.373    16.6784  35.121093    26.8377      3.343  253.24520  253.59285    -2.1288     6.0745 0.0000e+00
 145.318631      3.404    16.6794  35.124932    26.8359      3.374  253.24319  253.59089    -2.1055     6.0522 -9.990e-29
 145.318634      3.426    16.6821  35.125171    26.8375      3.396  253.22696  253.57477    -2.0432     6.0927 -9.990e-29
 145.318637      3.437    16.6822  35.123252    26.8358      3.406  253.22945  253.57728    -2.2300     6.3555 -9.990e-29
 145.318640      3.443    16.6806  35.123432    26.8371      3.412  253.23544  253.58319    -2.2144     6.3636 -9.990e-29
 145.318643      3.434    16.6775  35.123853    26.8395      3.403  253.24669  253.59429    -2.0276     6.3717 -9.990e-29
 145.318646      3.437    16.6736  35.126072    26.8440      3.407  253.25845  253.60586    -2.2767     6.3393 -9.990e-29
 145.318649      3.446    16.6699  35.120015    26.8413      3.416  253.28134  253.62861    -1.8253     6.1493 -9.990e-29
 145.318652      3.463    16.6599  35.122175    26.8471      3.432  253.32126  253.66807    -1.9654     6.1695 -9.990e-29
 145.318655      3.490    16.6565  35.118997    26.8503      3.459  253.33236  253.67901    -1.9187     6.1554 0.0000e+00
 145.318657      3.523    16.6532  35.121337    26.8536      3.492  253.34347  253.68996    -1.9654     6.1412 0.0000e+00
 145.318660      3.563    16.6485  35.119838    26.8554      3.532  253.36379  253.71007    -2.3389     5.7894 0.0000e+00
 145.318663      3.600    16.6453  35.119599    26.8573      3.568  253.37634  253.72247    -2.4167     5.7853 0.0000e+00
 145.318666      3.640    16.6426  35.117500    26.8573      3.608  253.38973  253.73574    -2.3856     5.7732 0.0000e+00
 145.318669      3.678    16.6417  35.119180    26.8586      3.646  253.39210  253.73807    -2.4012     5.7530 0.0000e+00
 145.318672      3.717    16.6408  35.116062    26.8600      3.684  253.39448  253.74040    -2.3856     5.7328 -9.990e-29
 145.318675      3.739    16.6390  35.119180    26.8612      3.706  253.40138  253.74721    -2.4946     6.6466 -9.990e-29
 145.318678      3.761    16.6366  35.122359    26.8654      3.727  253.40580  253.75151    -2.4790     6.5779 -9.990e-29
 145.318681      3.783    16.6353  35.118101    26.8627      3.749  253.41702  253.76270    -2.4634     6.5900 -9.990e-29
 145.318683      3.811    16.6347  35.123859    26.8680      3.777  253.41112  253.75674    -2.5724     6.6345 -9.990e-29
 145.318686      3.836    16.6321  35.120261    26.8654      3.802  253.42859  253.77411    -2.0432     6.0158 -9.990e-29
 145.318689      3.873    16.6296  35.118762    26.8669      3.838  253.43843  253.78384    -2.0587     5.9956 0.0000e+00
 145.318692      3.913    16.6271  35.118343    26.8684      3.878  253.44827  253.79356    -2.0432     6.0158 0.0000e+00
 145.318695      3.957    16.6234  35.115585    26.8685      3.921  253.46637  253.81150    -2.0743     5.9754 0.0000e+00
 145.318698      3.991    16.6225  35.119183    26.8706      3.956  253.46734  253.81241    -2.1833     5.9673 0.0000e+00
 145.318701      4.018    16.6216  35.119003    26.8727      3.982  253.46831  253.81333    -2.4946     5.9026 -9.990e-29
