seaocn-cb/data/ctd_cnv/SBE19plus_01907321_2024_05_28_Cast96.cnv
* Sea-Bird SBE19plus  Data File:
* FileName = E:\Prandtl_Daten\2024\28052024\raw\SBE19plus_01907321_2024_05_28_Cast96.hex
* Software version 2.6.1.12
* Temperature SN = 7321
* Conductivity SN = 7321
* System UpLoad Time = May 28 2024 12:46:59
* <ApplicationData>
* <Seaterm232>
** 20240527
** Sea Practical 2024
** MCat 27.05 CTD_SP7
** NMEA Latitude = 54 8.36N
** NMEA Longitude = 008 20.85E
** waterdepth = 14.4m
** Maja
# nquan = 11
# nvalues = 519                         
# units = specified
# name 0 = timeJ: Julian Days
# name 1 = prdM: Pressure, Strain Gauge [db]
# name 2 = tv290C: Temperature [ITS-90, deg C]
# name 3 = c0mS/cm: Conductivity [mS/cm]
# name 4 = sal00: Salinity, Practical [PSU]
# name 5 = depSM: Depth [salt water, m], lat = 54.00
# name 6 = oxsatMm/Kg: Oxygen Saturation, Weiss [umol/kg]
# name 7 = oxsolMm/Kg: Oxygen Saturation, Garcia & Gordon [umol/kg]
# name 8 = turbWETntu0: Turbidity, WET Labs ECO [NTU]
# name 9 = flECO-AFL: Fluorescence, WET Labs ECO-AFL/FL [mg/m^3]
# name 10 = flag:  0.000e+00
# span 0 = 149.529123, 149.530622       
# span 1 =      0.577,     13.812       
# span 2 =    14.8960,    17.7270       
# span 3 =  37.139939,  37.932953       
# span 4 =    28.2822,    30.5733       
# span 5 =      0.572,     13.688       
# span 6 =  245.68578,  255.77718       
# span 7 =  246.06745,  256.01378       
# span 8 =    -4.4868,     3.7155       
# span 9 =     1.4546,     7.8355       
# span 10 = 0.0000e+00, 0.0000e+00      
# interval = seconds: 0.25
# start_time = May 28 2024 12:40:45 [Instrument's time stamp, header]
# bad_flag = -9.990e-29
*END*
[from data line 132]
 149.529505      4.026    15.7856  37.396011    29.4230      3.990  253.25149  253.54162    -3.3506     5.7813 -9.990e-29
 149.529508      4.050    15.7842  37.396626    29.4250      4.013  253.25518  253.54522    -3.3506     5.7732 -9.990e-29
 149.529511      4.084    15.7834  37.397118    29.4256      4.048  253.25820  253.54820    -3.3273     5.2091 0.0000e+00
 149.529514      4.135    15.7826  37.397057    29.4261      4.098  253.26122  253.55118    -3.3506     4.6491 0.0000e+00
 149.529517      4.186    15.7793  37.394721    29.4265      4.149  253.27693  253.56673    -3.3039     4.6450 0.0000e+00
 149.529520      4.241    15.7765  37.397550    29.4310      4.203  253.28333  253.57296    -3.3662     4.6491 0.0000e+00
 149.529523      4.290    15.7721  37.399950    29.4350      4.252  253.29600  253.58539    -3.2728     4.6369 0.0000e+00
 149.529525      4.327    15.7704  37.395461    29.4356      4.288  253.30607  253.59538    -3.3429     4.6268 0.0000e+00
 149.529528      4.353    15.7686  37.397552    29.4350      4.314  253.31615  253.60537    -3.2728     4.5844 -9.990e-29
 149.529531      4.363    15.7613  37.397061    29.4418      4.324  253.34097  253.62980    -3.4129     4.5601 -9.990e-29
 149.529534      4.365    15.7575  37.396692    29.4444      4.326  253.35603  253.64466    -3.2728     4.5439 -9.990e-29
 149.529537      4.369    15.7551  37.397738    29.4471      4.330  253.36333  253.65182    -3.3662     4.5884 -9.990e-29
 149.529540      4.374    15.7526  37.403028    29.4536      4.335  253.36477  253.65310    -3.8798     4.7016 -9.990e-29
 149.529543      4.385    15.7444  37.408072    29.4717      4.346  253.37436  253.66216    -3.9265     4.6976 -9.990e-29
 149.529546      4.411    15.7394  37.416807    29.4757      4.371  253.39279  253.68032    -3.9421     4.7017 0.0000e+00
 149.529549      4.451    15.7343  37.417485    29.4798      4.411  253.41121  253.69847    -3.9576     4.6976 0.0000e+00
 149.529552      4.506    15.7239  37.423885    29.4931      4.466  253.44056  253.72722    -4.1444     4.6450 0.0000e+00
 149.529554      4.562    15.7153  37.425178    29.5006      4.522  253.47085  253.75704    -4.1444     4.6248 0.0000e+00
 149.529557      4.608    15.7092  37.426471    29.5063      4.567  253.49167  253.77753    -4.0977     4.6248 0.0000e+00
 149.529560      4.645    15.7075  37.429978    29.5091      4.603  253.49552  253.78127    -3.9732     4.6349 0.0000e+00
 149.529563      4.670    15.7058  37.429671    29.5119      4.628  253.49937  253.78502    -4.0977     4.6733 -9.990e-29
 149.529566      4.685    15.6962  37.434594    29.5231      4.643  253.52813  253.81324    -3.6463     4.8513 -9.990e-29
 149.529569      4.688    15.6884  37.432626    29.5272      4.647  253.56067  253.84537    -3.5841     4.8755 -9.990e-29
 149.529572      4.687    15.6817  37.432811    29.5324      4.645  253.58550  253.86984    -3.8487     4.8876 -9.990e-29
 149.529575      4.692    15.6765  37.436565    29.5396      4.650  253.59929  253.88332    -3.9109     4.8513 -9.990e-29
 149.529578      4.707    15.6732  37.437858    29.5432      4.665  253.60974  253.89358    -4.1911     5.1788 -9.990e-29
 149.529580      4.731    15.6665  37.442042    29.5543      4.688  253.62419  253.90763    -3.9887     5.1909 -9.990e-29
 149.529583      4.766    15.6645  37.444873    29.5562      4.723  253.63108  253.91440    -4.0354     5.1808 0.0000e+00
 149.529586      4.800    15.6625  37.445735    29.5581      4.757  253.63796  253.92117    -4.0821     5.1909 0.0000e+00
 149.529589      4.837    15.6582  37.448628    29.5638      4.793  253.64952  253.93249    -4.1288     5.3041 0.0000e+00
 149.529592      4.879    15.6527  37.452629    29.5714      4.835  253.66411  253.94676    -4.1288     5.3122 0.0000e+00
 149.529595      4.915    15.6483  37.457184    29.5787      4.871  253.67372  253.95610    -4.1288     5.3082 0.0000e+00
 149.529598      4.944    15.6455  37.465247    29.5843      4.900  253.67806  253.96026    -4.0899     5.3102 0.0000e+00
 149.529601      4.975    15.6427  37.465494    29.5899      4.931  253.68240  253.96442    -4.1444     5.3082 -9.990e-29
 149.529604      4.995    15.6200  37.473621    29.6143      4.951  253.75492  254.03566    -4.4245     5.1545 -9.990e-29
 149.529606      5.017    15.6099  37.478608    29.6262      4.972  253.78507  254.06523    -4.3311     5.1788 -9.990e-29
 149.529609      5.041    15.5877  37.482426    29.6467      4.996  253.86185  254.14078    -4.0821     5.1303 -9.990e-29
 149.529612      5.068    15.5877  37.482981    29.6467      5.023  253.86185  254.14078    -4.0821     5.1303 0.0000e+00
 149.529615      5.100    15.5877  37.491663    29.6467      5.054  253.86185  254.14078    -4.0821     5.1303 -9.990e-29
 149.529618      5.123    15.5709  37.493080    29.6682      5.077  253.90951  254.18745    -4.1444     5.2071 -9.990e-29
 149.529621      5.145    15.5648  37.495790    29.6752      5.099  253.92836  254.20595    -4.0666     5.2030 -9.990e-29
 149.529624      5.163    15.5567  37.497946    29.6831      5.117  253.95541  254.23254    -4.0977     5.1828 -9.990e-29
 149.529627      5.183    15.5409  37.496284    29.6982      5.137  254.00897  254.28522    -4.2845     6.2423 -9.990e-29
 149.529630      5.208    15.5385  37.501642    29.7002      5.162  254.01802  254.29413    -4.3468     6.2342 0.0000e+00
 149.529633      5.234    15.5360  37.501950    29.7022      5.187  254.02707  254.30304    -4.4090     6.2423 0.0000e+00
 149.529635      5.270    15.5287  37.508047    29.7131      5.223  254.04513  254.32066    -4.4090     6.2261 0.0000e+00
 149.529638      5.307    15.5208  37.507925    29.7189      5.259  254.07507  254.35017    -4.1755     5.3163 0.0000e+00
 149.529641      5.342    15.5150  37.511067    29.7260      5.294  254.09205  254.36682    -4.1132     5.2961 0.0000e+00
 149.529644      5.373    15.5084  37.515378    29.7348      5.324  254.11018  254.38455    -4.1132     5.2961 0.0000e+00
 149.529647      5.407    15.5033  37.524186    29.7426      5.359  254.12285  254.39691    -4.1677     5.2981 0.0000e+00
 149.529650      5.438    15.4981  37.522832    29.7503      5.390  254.13552  254.40927    -4.2222     5.3001 -9.990e-29
 149.529653      5.454    15.4788  37.525790    29.7663      5.406  254.20573  254.47841    -4.1599     5.5751 -9.990e-29
 149.529656      5.460    15.4717  37.528993    29.7745      5.411  254.22728  254.49954    -4.0043     5.5508 -9.990e-29
 149.529659      5.464    15.4657  37.530842    29.7806      5.415  254.24708  254.51900    -4.0666     5.5589 -9.990e-29
 149.529661      5.460    15.4605  37.535585    29.7888      5.411  254.25948  254.53108    -4.2222     5.5144 -9.990e-29
 149.529664      5.464    15.4545  37.541006    29.7981      5.415  254.27348  254.54472    -4.3467     5.5063 -9.990e-29
 149.529667      5.476    15.4330  37.547044    29.8227      5.428  254.34010  254.61007    -4.3467     5.5185 -9.990e-29
 149.529670      5.506    15.4293  37.550434    29.8263      5.456  254.35244  254.62221    -4.3622     5.5245 0.0000e+00
 149.529673      5.549    15.4256  37.552345    29.8299      5.500  254.36479  254.63435    -4.3467     5.5185 0.0000e+00
 149.529676      5.606    15.4191  37.557582    29.8394      5.556  254.38113  254.65030    -4.3467     4.7704 0.0000e+00
 149.529679      5.681    15.4091  37.571940    29.8597      5.630  254.39693  254.66544    -4.3311     4.7704 0.0000e+00
 149.529682      5.752    15.3938  37.574222    29.8733      5.701  254.45098  254.71862    -4.3467     4.7704 0.0000e+00
 149.529685      5.812    15.3791  37.580078    29.8896      5.760  254.49714  254.76393    -4.3311     4.7825 0.0000e+00
 149.529687      5.856    15.3725  37.586674    29.8975      5.804  254.51685  254.78324    -3.9576     5.2597 0.0000e+00
 149.529690      5.883    15.3659  37.595920    29.9054      5.831  254.53656  254.80256    -3.4440     5.7853 -9.990e-29
 149.529693      5.887    15.3434  37.595428    29.9303      5.834  254.60778  254.87247    -3.3817     5.7813 -9.990e-29
 149.529696      5.883    15.3323  37.599682    29.9425      5.831  254.64312  254.90715    -3.2572     5.7489 -9.990e-29
 149.529699      5.863    15.3230  37.608621    29.9576      5.811  254.66444  254.92789    -4.1288     5.2880 -9.990e-29
 149.529702      5.841    15.3160  37.619965    29.9730      5.789  254.67323  254.93621    -4.0821     5.3244 -9.990e-29
 149.529705      5.821    15.3069  37.628967    29.9879      5.769  254.69354  254.95595    -4.1132     5.2839 -9.990e-29
 149.529708      5.825    15.2968  37.632976    29.9991      5.773  254.72510  254.98692    -4.1444     5.2799 -9.990e-29
 149.529711      5.840    15.2807  37.639822    30.0277      5.787  254.75723  255.01801    -4.1444     5.4254 -9.990e-29
 149.529714      5.876    15.2751  37.651355    30.0325      5.824  254.77735  255.03781    -4.0355     5.4375 0.0000e+00
 149.529716      5.931    15.2695  37.652590    30.0373      5.878  254.79747  255.05761    -4.1132     5.4335 0.0000e+00
 149.529719      5.999    15.2599  37.659684    30.0509      5.945  254.82277  255.08232    -4.0199     5.4335 0.0000e+00
 149.529722      6.064    15.2510  37.663632    30.0612      6.010  254.85031  255.10932    -4.0199     5.4174 0.0000e+00
 149.529725      6.121    15.2471  37.667581    30.0660      6.066  254.86217  255.12095    -3.9810     5.1323 0.0000e+00
 149.529728      6.163    15.2431  37.668507    30.0708      6.108  254.87403  255.13257    -3.9420     4.8472 -9.990e-29
 149.529731      6.186    15.2335  37.669433    30.0798      6.131  254.90744  255.16542    -4.0354     4.8472 -9.990e-29
 149.529734      6.192    15.2300  37.672271    30.0849      6.136  254.91589  255.17365    -4.0199     4.8513 -9.990e-29
 149.529737      6.190    15.2267  37.677021    30.0917      6.135  254.92107  255.17861    -4.2689     5.2961 -9.990e-29
 149.529740      6.194    15.2239  37.673814    30.0910      6.138  254.93658  255.19398    -4.2845     5.3082 -9.990e-29
 149.529742      6.190    15.2233  37.683314    30.0999      6.135  254.92414  255.18145    -4.4245     5.3122 -9.990e-29
 149.529745      6.208    15.2196  37.684610    30.1064      6.153  254.93177  255.18884    -3.8331     5.2961 -9.990e-29
 149.529748      6.245    15.2187  37.687448    30.1097      6.189  254.93078  255.18777    -3.8175     5.2981 0.0000e+00
 149.529751      6.290    15.2177  37.693248    30.1130      6.234  254.92979  255.18671    -3.8331     5.3001 0.0000e+00
 149.529754      6.349    15.2169  37.696148    30.1161      6.292  254.92861  255.18540    -3.8020     5.3122 0.0000e+00
 149.529757      6.401    15.2159  37.698370    30.1188      6.344  254.92861  255.18540    -3.8798     5.3122 0.0000e+00
 149.529760      6.453    15.2143  37.701456    30.1228      6.395  254.92998  255.18665    -4.0043     7.1966 0.0000e+00
 149.529763      6.495    15.2137  37.700901    30.1230      6.436  254.93276  255.18939    -4.0432     7.2047 0.0000e+00
 149.529766      6.524    15.2131  37.704109    30.1233      6.465  254.93554  255.19214    -4.0043     7.2127 -9.990e-29
 149.529769      6.538    15.2116  37.703678    30.1268      6.480  254.93680  255.19330    -4.0666     7.2047 -9.990e-29
 149.529771      6.542    15.2092  37.705838    30.1306      6.483  254.94249  255.19884    -4.1288     7.1763 -9.990e-29
 149.529774      6.538    15.2067  37.704357    30.1312      6.480  254.95413  255.21035    -4.3156     5.7732 -9.990e-29
 149.529777      6.531    15.2052  37.705406    30.1333      6.473  254.95804  255.21417    -4.2689     5.7772 -9.990e-29
 149.529780      6.529    15.2040  37.705776    30.1345      6.471  254.96214  255.21819    -4.3623     5.7813 -9.990e-29
 149.529783      6.540    15.2035  37.707875    30.1368      6.482  254.96063  255.21664    -4.3311     5.7692 -9.990e-29
 149.529786      6.564    15.2034  37.709232    30.1374      6.505  254.96029  255.21629    -4.0510     5.3082 -9.990e-29
 149.529789      6.600    15.2033  37.708492    30.1372      6.541  254.96108  255.21707    -3.9810     5.2981 0.0000e+00
 149.529792      6.650    15.2032  37.707875    30.1374      6.590  254.96187  255.21786    -4.0510     5.3082 0.0000e+00
 149.529795      6.713    15.2020  37.710838    30.1405      6.653  254.96197  255.21787    -3.9887     5.2880 0.0000e+00
 149.529797      6.766    15.1993  37.710961    30.1426      6.706  254.97173  255.22748    -4.0199     5.2597 0.0000e+00
 149.529800      6.806    15.1983  37.713430    30.1446      6.746  254.97391  255.22959    -4.0043     5.2476 0.0000e+00
 149.529803      6.837    15.1972  37.713184    30.1465      6.776  254.97609  255.23170    -4.0199     5.2597 -9.990e-29
 149.529806      6.860    15.1940  37.716393    30.1515      6.798  254.98347  255.23888    -4.2066     5.2799 -9.990e-29
 149.529809      6.876    15.1914  37.715591    30.1528      6.814  254.99436  255.24963    -3.5529     6.3514 -9.990e-29
 149.529812      6.887    15.1901  37.717319    30.1553      6.825  254.99664  255.25182    -3.4751     6.3231 -9.990e-29
 149.529815      6.896    15.1887  37.718245    30.1572      6.834  255.00046  255.25555    -3.4595     6.3110 -9.990e-29
 149.529818      6.905    15.1872  37.718986    30.1590      6.843  255.00485  255.25986    -3.2883     6.3110 -9.990e-29
 149.529821      6.925    15.1832  37.722011    30.1669      6.863  255.01160  255.26633    -4.0821     5.1262 -9.990e-29
 149.529823      6.954    15.1823  37.724418    30.1690      6.892  255.01252  255.26719    -4.0432     5.1242 0.0000e+00
 149.529826      6.994    15.1814  37.727566    30.1711      6.932  255.01343  255.26799    -4.0821     5.1222 0.0000e+00
 149.529829      7.040    15.1790  37.733492    30.1782      6.977  255.01356  255.26804    -4.0977     5.1222 0.0000e+00
 149.529832      7.085    15.1768  37.739604    30.1827      7.022  255.01713  255.27141    -4.1521     5.1060 0.0000e+00
 149.529835      7.118    15.1745  37.737259    30.1871      7.055  255.02069  255.27483    -4.2066     5.1262 -9.990e-29
 149.529838      7.140    15.1677  37.740531    30.1932      7.076  255.04523  255.29897    -3.8175     6.0441 -9.990e-29
 149.529841      7.160    15.1666  37.741704    30.1950      7.096  255.04750  255.30117    -3.8331     6.0765 -9.990e-29
 149.529844      7.177    15.1636  37.747692    30.2026      7.112  255.04926  255.30271    -3.8331     6.1007 -9.990e-29
 149.529847      7.186    15.1588  37.749237    30.2077      7.121  255.06493  255.31810    -3.3662     5.3405 -9.990e-29
 149.529850      7.197    15.1558  37.746582    30.2076      7.132  255.08044  255.33346    -3.5062     5.2839 -9.990e-29
 149.529852      7.209    15.1551  37.751645    30.2127      7.145  255.07518  255.32812    -3.4440     5.2839 -9.990e-29
 149.529855      7.230    15.1522  37.751460    30.2139      7.165  255.08811  255.34089    -3.6152     5.6398 -9.990e-29
 149.529858      7.257    15.1503  37.750472    30.2180      7.192  255.09069  255.34334    -3.5374     5.6357 0.0000e+00
 149.529861      7.295    15.1484  37.756338    30.2220      7.230  255.09327  255.34579    -3.5529     5.6317 0.0000e+00
 149.529864      7.334    15.1453  37.760475    30.2281      7.268  255.09850  255.35081    -3.4595     5.6317 0.0000e+00
 149.529867      7.379    15.1409  37.761649    30.2325      7.313  255.11330  255.36535    -3.5529     5.6317 0.0000e+00
 149.529870      7.419    15.1349  37.763749    30.2390      7.353  255.13248  255.38418    -3.3973     5.6317 0.0000e+00
 149.529873      7.448    15.1311  37.769184    30.2468      7.382  255.13858  255.39002    -3.0549     5.6317 0.0000e+00
 149.529876      7.478    15.1285  37.767393    30.2471      7.411  255.14796  255.39918    -3.0082     5.6479 0.0000e+00
 149.529878      7.503    15.1277  37.771407    30.2514      7.436  255.14796  255.39918    -3.0082     5.6195 0.0000e+00
