seaocn-cb/data/ctd_cnv/SBE19plus_01907321_2024_05_28_Cast101.cnv
* Sea-Bird SBE19plus  Data File:
* FileName = E:\Prandtl_Daten\2024\28052024\raw\SBE19plus_01907321_2024_05_28_Cast101.hex
* Software version 2.6.1.12
* Temperature SN = 7321
* Conductivity SN = 7321
* System UpLoad Time = May 28 2024 14:02:22
* <ApplicationData>
* <Seaterm232>
** 20240527
** Sea Practical 2024
** MCat 27.05 CTD_SP7
** NMEA Latitude = 54 8.36N
** NMEA Longitude = 008 20.85E
** waterdepth = 14.7m
** Isabelle
# nquan = 11
# nvalues = 496                         
# units = specified
# name 0 = timeJ: Julian Days
# name 1 = prdM: Pressure, Strain Gauge [db]
# name 2 = tv290C: Temperature [ITS-90, deg C]
# name 3 = c0mS/cm: Conductivity [mS/cm]
# name 4 = sal00: Salinity, Practical [PSU]
# name 5 = depSM: Depth [salt water, m], lat = 54.00
# name 6 = oxsatMm/Kg: Oxygen Saturation, Weiss [umol/kg]
# name 7 = oxsolMm/Kg: Oxygen Saturation, Garcia & Gordon [umol/kg]
# name 8 = turbWETntu0: Turbidity, WET Labs ECO [NTU]
# name 9 = flECO-AFL: Fluorescence, WET Labs ECO-AFL/FL [mg/m^3]
# name 10 = flag:  0.000e+00
# span 0 = 149.581308, 149.582740       
# span 1 =      0.486,     13.859       
# span 2 =    14.7198,    17.1479       
# span 3 =  37.661777,  38.193782       
# span 4 =    29.0933,    30.8047       
# span 5 =      0.482,     13.735       
# span 6 =  247.08475,  256.27972       
# span 7 =  247.43800,  256.50507       
# span 8 =    -4.7047,    -0.7825       
# span 9 =     2.0652,     9.1760       
# span 10 = 0.0000e+00, 0.0000e+00      
# interval = seconds: 0.25
# start_time = May 28 2024 13:55:53 [Instrument's time stamp, header]
# bad_flag = -9.990e-29
*END*
 149.581308      0.486    17.1474  38.193782    29.1147      0.482  247.08475  247.43800    -4.6113     2.2593 0.0000e+00
 149.581311      0.586    17.1479  38.193100    29.1136      0.581  247.08475  247.43800    -4.5646     2.0894 0.0000e+00
 149.581314      0.685    17.1479  38.191487    29.1123      0.679  247.08633  247.43961    -4.5646     2.0773 0.0000e+00
 149.581317      0.760    17.1476  38.191053    29.1123      0.753  247.08770  247.44097    -4.5724     2.0713 0.0000e+00
 149.581319      0.798    17.1473  38.188387    29.1123      0.791  247.08907  247.44232    -4.5802     2.0652 -9.990e-29
 149.581322      0.793    17.1431  38.185472    29.1106      0.786  247.11217  247.46526    -4.4557     2.2229 -9.990e-29
 149.581325      0.767    17.1400  38.182991    29.1107      0.760  247.12668  247.47964    -4.5024     2.1784 -9.990e-29
 149.581328      0.732    17.1369  38.182061    29.1122      0.726  247.13928  247.49210    -4.4401     2.1784 -9.990e-29
 149.581331      0.700    17.1342  38.179394    29.1119      0.693  247.15286  247.50557    -4.4557     2.2027 -9.990e-29
 149.581334      0.676    17.1313  38.176170    29.1112      0.670  247.16753  247.52013    -4.5024     2.2835 -9.990e-29
 149.581337      0.685    17.1285  38.175612    29.1128      0.679  247.17874  247.53120    -4.5646     2.2512 -9.990e-29
 149.581340      0.700    17.1257  38.175364    29.1146      0.693  247.18891  247.54124    -4.4868     2.2835 -9.990e-29
 149.581343      0.702    17.1239  38.174744    29.1154      0.695  247.19633  247.54859    -4.5490     2.2512 -9.990e-29
 149.581345      0.710    17.1232  38.176047    29.1170      0.704  247.19716  247.54937    -4.6424     2.0773 -9.990e-29
 149.581348      0.723    17.1225  38.174000    29.1157      0.717  247.20245  247.55465    -4.6113     2.0773 -9.990e-29
 149.581351      0.745    17.1217  38.173814    29.1162      0.739  247.20572  247.55788    -4.5957     2.0894 -9.990e-29
 149.581354      0.782    17.1219  38.173815    29.1176      0.775  247.20263  247.55479    -4.4011     2.0894 0.0000e+00
 149.581357      0.831    17.1220  38.177350    29.1189      0.824  247.19953  247.55169    -4.3467     2.0894 0.0000e+00
 149.581360      0.893    17.1227  38.180637    29.1206      0.885  247.19222  247.54439    -4.3467     2.1218 0.0000e+00
 149.581363      0.953    17.1250  38.181877    29.1206      0.945  247.18247  247.53474    -4.3467     2.1339 0.0000e+00
 149.581366      1.004    17.1275  38.181195    29.1182      0.995  247.17454  247.52693    -4.2066     2.1299 0.0000e+00
 149.581369      1.052    17.1280  38.180389    29.1166      1.042  247.17454  247.52693    -4.2066     2.1582 0.0000e+00
 149.581372      1.097    17.1280  38.176730    29.1140      1.087  247.17915  247.53159    -4.4868     2.4695 0.0000e+00
 149.581374      1.141    17.1266  38.165258    29.1102      1.131  247.19237  247.54477    -4.5023     2.4735 0.0000e+00
 149.581377      1.167    17.1251  38.166747    29.1063      1.156  247.20558  247.55795    -4.4868     2.4695 -9.990e-29
 149.581380      1.183    17.1151  38.165507    29.1138      1.172  247.24153  247.59342    -4.5179     2.4898 -9.990e-29
 149.581383      1.189    17.1112  38.165942    29.1169      1.178  247.25488  247.60660    -4.6736     2.5545 -9.990e-29
 149.581386      1.183    17.1088  38.162779    29.1160      1.173  247.26800  247.61962    -4.5179     2.5747 -9.990e-29
 149.581389      1.174    17.1056  38.156083    29.1126      1.163  247.28881  247.64032    -4.5490     2.5949 -9.990e-29
 149.581392      1.167    17.1025  38.156517    29.1152      1.156  247.29949  247.65085    -4.6113     2.5747 -9.990e-29
 149.581395      1.179    17.0928  38.150069    29.1096      1.169  247.35538  247.70636    -4.5802     2.5828 -9.990e-29
 149.581398      1.212    17.0890  38.141701    29.1105      1.201  247.37224  247.72306    -4.5257     2.5788 0.0000e+00
 149.581400      1.251    17.0852  38.137238    29.1113      1.239  247.38910  247.73976    -4.5802     2.5828 0.0000e+00
 149.581403      1.285    17.0774  38.134140    29.1143      1.274  247.42178  247.77208    -4.5490     2.5747 0.0000e+00
 149.581406      1.325    17.0704  38.130731    29.1143      1.314  247.45163  247.80163    -4.5646     2.4534 0.0000e+00
 149.581409      1.367    17.0642  38.113501    29.1115      1.355  247.49880  247.84859    -4.5646     2.4089 0.0000e+00
 149.581412      1.409    17.0533  38.110404    29.1115      1.397  247.54248  247.89179    -4.5646     2.3927 0.0000e+00
 149.581415      1.452    17.0428  38.112822    29.1115      1.439  247.57682  247.92562    -4.6269     2.4089 0.0000e+00
 149.581418      1.501    17.0366  38.086735    29.1033      1.488  247.63636  247.98501    -4.6113     2.4089 0.0000e+00
 149.581421      1.543    17.0294  38.074098    29.1032      1.529  247.67156  248.01990    -4.6191     2.6212 0.0000e+00
 149.581424      1.579    17.0221  38.043254    29.1031      1.565  247.70676  248.05480    -4.6113     2.8335 -9.990e-29
 149.581427      1.595    16.9764  38.047840    29.1137      1.581  247.90937  248.25539    -4.4090     2.8537 -9.990e-29
 149.581429      1.594    16.9585  38.046418    29.1254      1.579  247.97593  248.32111    -4.4712     2.8618 -9.990e-29
 149.581432      1.573    16.9502  38.033662    29.1205      1.559  248.02421  248.36908    -4.7047     2.8537 -9.990e-29
 149.581435      1.550    16.9390  38.016697    29.1142      1.536  248.08925  248.43367    -4.4245     2.8254 -9.990e-29
 149.581438      1.539    16.9229  38.021838    29.1303      1.525  248.14015  248.48378    -4.5490     2.8416 -9.990e-29
 149.581441      1.544    16.8975  37.996148    29.1168      1.530  248.28553  248.62816    -4.5646     2.8254 -9.990e-29
 149.581444      1.575    16.8880  37.984575    29.1167      1.561  248.33191  248.67414    -4.5412     2.8396 0.0000e+00
 149.581447      1.648    16.8785  37.968054    29.1168      1.633  248.37830  248.72011    -4.5646     2.8294 0.0000e+00
 149.581450      1.745    16.8572  37.957600    29.1229      1.729  248.47041  248.81127    -4.5646     2.8294 0.0000e+00
 149.581453      1.852    16.8375  37.941331    29.1233      1.836  248.56555  248.90556    -4.5646     2.8294 0.0000e+00
 149.581455      1.936    16.8275  37.937560    29.1289      1.919  248.60456  248.94411    -4.4946     3.0478 0.0000e+00
 149.581458      2.000    16.8175  37.938676    29.1345      1.982  248.64358  248.98265    -4.4245     3.2702 -9.990e-29
 149.581461      2.024    16.7952  37.929955    29.1442      2.005  248.73576  249.07379    -4.3156     3.3430 -9.990e-29
 149.581464      2.023    16.7872  37.917462    29.1393      2.005  248.78263  249.12035    -4.3156     3.3672 -9.990e-29
 149.581467      2.009    16.7736  37.901261    29.1353      1.991  248.85566  249.19282    -4.2533     3.3591 -9.990e-29
 149.581470      1.982    16.7548  37.887413    29.1371      1.964  248.94405  249.28038    -4.2066     3.9374 -9.990e-29
 149.581473      1.953    16.7335  37.858361    29.1277      1.935  249.06367  249.39913    -4.4090     3.9172 -9.990e-29
 149.581476      1.929    16.7013  37.790895    29.0933      1.912  249.27862  249.61290    -4.3000     3.9455 -9.990e-29
 149.581479      1.920    16.6362  37.762372    29.1162      1.903  249.55808  249.88936    -4.3467     3.9091 -9.990e-29
 149.581481      1.924    16.5099  37.757874    29.1907      1.906  250.05014  250.37532    -3.8020     3.5249 -9.990e-29
 149.581484      1.956    16.4876  37.742199    29.2043      1.939  250.13621  250.46031    -3.8254     3.5431 0.0000e+00
 149.581487      2.006    16.4654  37.736217    29.2180      1.988  250.22229  250.54530    -3.8487     3.5249 0.0000e+00
 149.581490      2.075    16.4337  37.732024    29.2326      2.057  250.34486  250.66632    -3.8953     3.5613 0.0000e+00
 149.581493      2.150    16.4055  37.702405    29.2375      2.131  250.49203  250.81225    -4.2689     3.6624 0.0000e+00
 149.581496      2.228    16.3595  37.683161    29.2497      2.208  250.68989  251.00792    -4.3156     3.6746 0.0000e+00
 149.581499      2.298    16.3050  37.675888    29.2833      2.277  250.90154  251.21686    -4.2689     3.6624 0.0000e+00
 149.581502      2.358    16.2814  37.673674    29.2997      2.337  250.99037  251.30451    -4.2767     3.6624 0.0000e+00
 149.581505      2.391    16.2577  37.667510    29.3161      2.369  251.07920  251.39215    -4.2378     3.6503 -9.990e-29
 149.581508      2.409    16.1914  37.661777    29.3546      2.387  251.34194  251.65158    -3.8020     4.0466 -9.990e-29
 149.581510      2.416    16.1785  37.665356    29.3671      2.395  251.38402  251.69298    -3.8487     4.0385 -9.990e-29
 149.581513      2.414    16.1526  37.666408    29.3872      2.393  251.47839  251.78601    -3.7553     4.0587 -9.990e-29
 149.581516      2.407    16.0995  37.711885    29.4659      2.386  251.60706  251.91167    -3.8020     4.0264 -9.990e-29
 149.581519      2.398    15.9934  37.721216    29.5528      2.377  251.98618  252.28521    -4.1444     4.7502 -9.990e-29
 149.581522      2.400    15.8954  37.718636    29.6236      2.379  252.35364  252.64754    -3.9420     4.7299 -9.990e-29
 149.581525      2.411    15.7835  37.736296    29.7370      2.389  252.71851  253.00624    -4.1132     4.7663 -9.990e-29
 149.581528      2.438    15.7614  37.752477    29.7621      2.417  252.78608  253.07255    -4.0976     4.6025 0.0000e+00
 149.581531      2.480    15.7393  37.771932    29.7873      2.458  252.85364  253.13887    -4.0821     4.4388 0.0000e+00
 149.581534      2.528    15.6866  37.823577    29.8723      2.505  252.97129  253.25334    -3.9887     4.4186 0.0000e+00
 149.581536      2.591    15.5902  37.819202    29.9414      2.568  253.33727  253.61410    -3.9887     4.4145 0.0000e+00
 149.581539      2.641    15.5181  37.848315    30.0218      2.617  253.56169  253.83437    -4.1132     4.4186 0.0000e+00
 149.581542      2.682    15.4796  37.859450    30.0561      2.659  253.69722  253.96772    -4.1521     4.7036 0.0000e+00
 149.581545      2.708    15.4410  37.834985    30.0905      2.684  253.83274  254.10107    -4.1132     4.9928 -9.990e-29
 149.581548      2.728    15.3377  37.837090    30.1498      2.704  254.25397  254.51666    -4.0043     4.9685 -9.990e-29
 149.581551      2.738    15.3231  37.847845    30.1705      2.713  254.29188  254.55368    -4.1599     4.9726 -9.990e-29
 149.581554      2.738    15.3069  37.849207    30.1841      2.713  254.35042  254.61130    -4.0199     4.9685 -9.990e-29
 149.581557      2.741    15.2898  37.862065    30.2087      2.717  254.39493  254.65474    -4.2066     5.7772 -9.990e-29
 149.581560      2.757    15.2369  37.879624    30.2683      2.733  254.55989  254.81656    -4.0977     5.7247 -9.990e-29
 149.581562      2.786    15.2251  37.883398    30.2798      2.762  254.59981  254.85579    -4.0510     5.7449 0.0000e+00
 149.581565      2.828    15.2134  37.888780    30.2912      2.803  254.63972  254.89501    -4.0043     5.7247 0.0000e+00
 149.581568      2.883    15.1969  37.900654    30.3146      2.857  254.68353  254.93779    -3.7708     5.5589 0.0000e+00
 149.581571      2.947    15.1775  37.916117    30.3433      2.921  254.73217  254.98522    -3.7708     5.5589 0.0000e+00
 149.581574      3.003    15.1511  37.931955    30.3778      2.977  254.80660  255.05801    -3.7708     5.5751 0.0000e+00
 149.581577      3.049    15.1357  37.948291    30.3971      3.022  254.85193  255.10240    -3.7864     5.5751 0.0000e+00
 149.581580      3.084    15.1202  37.955596    30.4164      3.056  254.89726  255.14678    -3.6619     5.5751 -9.990e-29
 149.581583      3.100    15.0441  37.956653    30.4829      3.072  255.16987  255.41492    -3.6463     5.9673 -9.990e-29
 149.581586      3.104    15.0201  37.963153    30.5075      3.076  255.25008  255.49368    -3.5218     5.9673 -9.990e-29
 149.581589      3.104    14.9986  37.964084    30.5251      3.076  255.32943  255.57177    -3.5841     5.9713 -9.990e-29
 149.581591      3.102    14.9791  37.967180    30.5430      3.074  255.39782  255.63900    -3.7864     6.2220 -9.990e-29
 149.581594      3.107    14.9619  37.973618    30.5623      3.079  255.45254  255.69265    -3.8175     6.1816 -9.990e-29
 149.581597      3.120    14.9515  37.973990    30.5708      3.092  255.49131  255.73081    -3.8487     6.2059 -9.990e-29
 149.581600      3.140    14.9469  37.976776    30.5772      3.112  255.50335  255.74256    -3.7086     6.2382 -9.990e-29
 149.581603      3.175    14.9431  37.977209    30.5797      3.146  255.51827  255.75727    -3.6152     6.6042 0.0000e+00
 149.581606      3.231    14.9394  37.976282    30.5822      3.203  255.53319  255.77197    -3.5529     6.9620 0.0000e+00
 149.581609      3.295    14.9298  37.978140    30.5914      3.266  255.56647  255.80466    -3.5529     6.9620 0.0000e+00
 149.581612      3.354    14.9237  37.980369    30.5981      3.324  255.58584  255.82366    -3.5841     6.9499 0.0000e+00
 149.581615      3.407    14.9209  37.979813    30.6001      3.376  255.59685  255.83450    -3.5919     6.9337 0.0000e+00
 149.581617      3.441    14.9181  37.980124    30.6020      3.411  255.60786  255.84535    -3.5841     6.9176 -9.990e-29
 149.581620      3.456    14.9005  37.979320    30.6154      3.425  255.67517  255.91162    -3.3350     6.6102 -9.990e-29
 149.581623      3.458    14.8961  37.977650    30.6173      3.427  255.69428  255.93049    -3.3195     6.5738 -9.990e-29
 149.581626      3.456    14.8935  37.978764    30.6204      3.425  255.70235  255.93840    -3.1794     6.6385 -9.990e-29
 149.581629      3.452    14.8905  37.980992    30.6247      3.421  255.71011  255.94596    -3.5841     6.7194 -9.990e-29
 149.581632      3.452    14.8887  37.981488    30.6266      3.422  255.71626  255.95200    -3.5529     6.7477 -9.990e-29
 149.581635      3.461    14.8873  37.984273    30.6301      3.430  255.71678  255.95243    -3.4907     6.7154 -9.990e-29
 149.581638      3.485    14.8861  37.980560    30.6285      3.454  255.72584  255.96143    -3.7553     6.0603 -9.990e-29
 149.581641      3.523    14.8856  37.981488    30.6285      3.492  255.72881  255.96437    -3.8020     6.0663 0.0000e+00
 149.581644      3.578    14.8850  37.980498    30.6285      3.546  255.73178  255.96731    -3.8020     6.0724 0.0000e+00
 149.581646      3.638    14.8824  37.977652    30.6285      3.606  255.74585  255.98125    -3.8487     6.0927 0.0000e+00
 149.581649      3.698    14.8806  37.980499    30.6311      3.665  255.74832  255.98360    -3.8953     6.0967 0.0000e+00
 149.581652      3.751    14.8796  37.978767    30.6319      3.717  255.75485  255.99008    -3.8953     6.0967 0.0000e+00
 149.581655      3.796    14.8783  37.979262    30.6324      3.762  255.75953  255.99468    -3.5685     6.5294 0.0000e+00
 149.581658      3.826    14.8769  37.980315    30.6337      3.791  255.76421  255.99927    -3.2416     6.9620 -9.990e-29
 149.581661      3.846    14.8733  37.976788    30.6343      3.811  255.78174  256.01660    -3.2728     6.9256 -9.990e-29
 149.581664      3.853    14.8722  37.978397    30.6366      3.818  255.78353  256.01832    -3.3039     6.9418 -9.990e-29
 149.581667      3.862    14.8705  37.977221    30.6369      3.828  255.79175  256.02645    -3.1794     7.3098 -9.990e-29
 149.581670      3.880    14.8684  37.979697    30.6407      3.846  255.79566  256.03021    -3.2883     7.3340 -9.990e-29
 149.581672      3.902    14.8667  37.980997    30.6432      3.867  255.79997  256.03442    -3.4129     7.2977 -9.990e-29
 149.581675      3.924    14.8657  37.980564    30.6436      3.889  255.80472  256.03910    -3.2572     7.3300 -9.990e-29
 149.581678      3.948    14.8621  37.983226    30.6514      3.913  255.80953  256.04366    -2.9926     7.8961 -9.990e-29
 149.581681      3.975    14.8607  37.986135    30.6539      3.940  255.81210  256.04613    -2.9926     7.8920 0.0000e+00
 149.581684      4.005    14.8594  37.989292    30.6564      3.969  255.81467  256.04861    -2.9926     7.8961 0.0000e+00
