seaocn-cb/data/ctd_cnv/SBE19plus_01907321_2024_05_25_Cast54.cnv
* Sea-Bird SBE19plus  Data File:
* FileName = E:\Prandtl_Daten\2024\25052024\raw\SBE19plus_01907321_2024_05_25_Cast54.hex
* Software version 2.6.1.12
* Temperature SN = 7321
* Conductivity SN = 7321
* System UpLoad Time = May 25 2024 09:12:07
* <ApplicationData>
* <Seaterm232>
** 20240525
** Sea Practical 2024
** MCat 25.05 CTD_SP8
** NMEA Latitude = 054 8.79N
** NMEA Longitude = 008 15.53E
** waterdepth =16.2m
** Till
# nquan = 11
# nvalues = 558                         
# units = specified
# name 0 = timeJ: Julian Days
# name 1 = prdM: Pressure, Strain Gauge [db]
# name 2 = tv290C: Temperature [ITS-90, deg C]
# name 3 = c0mS/cm: Conductivity [mS/cm]
# name 4 = sal00: Salinity, Practical [PSU]
# name 5 = depSM: Depth [salt water, m], lat = 54.00
# name 6 = oxsatMm/Kg: Oxygen Saturation, Weiss [umol/kg]
# name 7 = oxsolMm/Kg: Oxygen Saturation, Garcia & Gordon [umol/kg]
# name 8 = turbWETntu0: Turbidity, WET Labs ECO [NTU]
# name 9 = flECO-AFL: Fluorescence, WET Labs ECO-AFL/FL [mg/m^3]
# name 10 = flag:  0.000e+00
# span 0 = 146.379427, 146.381039       
# span 1 =      0.821,     15.594       
# span 2 =    13.4533,    14.9757       
# span 3 =  36.975228,  37.666759       
# span 4 =    29.6674,    31.4872       
# span 5 =      0.814,     15.454       
# span 6 =  256.95192,  261.74743       
# span 7 =  257.20000,  261.89429       
# span 8 =    -4.6736,     8.8206       
# span 9 =     3.8565,     9.1213       
# span 10 = 0.0000e+00, 0.0000e+00      
# interval = seconds: 0.25
# start_time = May 25 2024 09:05:00 [Instrument's time stamp, header]
# bad_flag = -9.990e-29
*END*
 146.379427      0.821    14.9729  36.987036    29.6734      0.814  256.96226  257.21016    -4.5957     4.6208 0.0000e+00
 146.379430      0.847    14.9727  36.985689    29.6723      0.839  256.96528  257.21318    -4.6113     4.6127 0.0000e+00
 146.379433      0.916    14.9725  36.982506    29.6696      0.908  256.97093  257.21884    -4.6113     4.6127 0.0000e+00
 146.379436      1.022    14.9722  36.981159    29.6696      1.013  256.97215  257.22004    -4.5802     4.6127 0.0000e+00
 146.379439      1.129    14.9721  36.982935    29.6702      1.119  256.97215  257.22004    -4.5802     4.6127 0.0000e+00
 146.379442      1.230    14.9721  36.986793    29.6728      1.219  256.96753  257.21540    -4.5957     4.3337 0.0000e+00
 146.379444      1.301    14.9720  36.985936    29.6732      1.289  256.96713  257.21499    -4.6035     4.3175 0.0000e+00
 146.379447      1.339    14.9721  36.987467    29.6728      1.328  256.96753  257.21540    -4.6113     4.3013 -9.990e-29
 146.379450      1.339    14.9721  36.985446    29.6724      1.328  256.96832  257.21620    -4.4868     4.2973 -9.990e-29
 146.379453      1.308    14.9721  36.985079    29.6720      1.297  256.96859  257.21647    -4.6736     4.3175 -9.990e-29
 146.379456      1.270    14.9721  36.981834    29.6691      1.259  256.97368  257.22158    -4.5957     4.3984 -9.990e-29
 146.379459      1.237    14.9721  36.984956    29.6719      1.226  256.96874  257.21662    -4.6269     4.4388 -9.990e-29
 146.379462      1.232    14.9722  36.983976    29.6710      1.221  256.96998  257.21787    -4.4712     4.4388 -9.990e-29
 146.379465      1.261    14.9721  36.986364    29.6732      1.250  256.96654  257.21440    -4.5490     4.4307 -9.990e-29
 146.379468      1.298    14.9718  36.984222    29.6740      1.286  256.96670  257.21455    -4.6424     3.8565 -9.990e-29
 146.379470      1.340    14.9719  36.987038    29.6718      1.328  256.97019  257.21805    -4.6269     3.8565 0.0000e+00
 146.379473      1.394    14.9718  36.982263    29.6730      1.382  256.97007  257.21791    -4.6113     3.8565 0.0000e+00
 146.379476      1.451    14.9716  36.985692    29.6716      1.438  256.97203  257.21988    -4.6113     3.8565 0.0000e+00
 146.379479      1.504    14.9715  36.984284    29.6728      1.490  256.97112  257.21895    -4.6269     4.3418 0.0000e+00
 146.379482      1.562    14.9716  36.985447    29.6719      1.548  256.97122  257.21907    -4.6269     4.3620 0.0000e+00
 146.379485      1.606    14.9716  36.984651    29.6724      1.592  256.97117  257.21901    -4.6113     4.3822 0.0000e+00
 146.379488      1.641    14.9717  36.982508    29.6719      1.626  256.97122  257.21907    -4.5957     4.4024 -9.990e-29
 146.379491      1.664    14.9725  36.983611    29.6703      1.649  256.96965  257.21756    -4.5335     4.1598 -9.990e-29
 146.379494      1.679    14.9735  36.986366    29.6720      1.664  256.96148  257.20943    -4.4245     4.1921 -9.990e-29
 146.379497      1.692    14.9743  36.984957    29.6701      1.677  256.96075  257.20876    -4.6113     4.1800 -9.990e-29
 146.379499      1.690    14.9747  36.986794    29.6715      1.675  256.95638  257.20440    -4.4868     4.1598 -9.990e-29
 146.379502      1.688    14.9752  36.987713    29.6719      1.673  256.95287  257.20091    -4.4401     4.1800 -9.990e-29
 146.379505      1.697    14.9757  36.985202    29.6688      1.682  256.95594  257.20403    -4.4712     4.1921 -9.990e-29
 146.379508      1.726    14.9757  36.984651    29.6699      1.711  256.95393  257.20201    -4.5257     4.1860 0.0000e+00
 146.379511      1.779    14.9757  36.987039    29.6709      1.763  256.95192  257.20000    -4.5802     4.1921 0.0000e+00
 146.379514      1.843    14.9757  36.988815    29.6709      1.827  256.95192  257.20000    -4.5802     4.2002 0.0000e+00
 146.379517      1.901    14.9756  36.986550    29.6705      1.884  256.95336  257.20143    -4.6113     4.4995 0.0000e+00
 146.379520      1.953    14.9753  36.985203    29.6701      1.935  256.95532  257.20338    -4.5412     4.5116 0.0000e+00
 146.379523      1.980    14.9751  36.985877    29.6696      1.962  256.95728  257.20533    -4.6113     4.5237 -9.990e-29
 146.379525      1.991    14.9744  36.986367    29.6712      1.973  256.95842  257.20642    -4.6113     4.5035 -9.990e-29
 146.379528      1.976    14.9747  36.985877    29.6706      1.959  256.95800  257.20603    -4.5490     4.8998 -9.990e-29
 146.379531      1.962    14.9747  36.986122    29.6707      1.944  256.95732  257.20534    -4.4401     4.9281 -9.990e-29
 146.379534      1.936    14.9748  36.984285    29.6690      1.919  256.95990  257.20794    -4.5179     4.8796 -9.990e-29
 146.379537      1.927    14.9750  36.982509    29.6674      1.910  256.96210  257.21016    -4.5335     4.9240 -9.990e-29
 146.379540      1.947    14.9704  36.983366    29.6718      1.930  256.97812  257.22591    -4.5024     5.1222 -9.990e-29
 146.379543      2.007    14.9670  36.983612    29.6740      1.989  256.99200  257.23960    -4.4946     5.1060 0.0000e+00
 146.379546      2.095    14.9635  36.982695    29.6762      2.076  257.00588  257.25328    -4.4868     5.1020 0.0000e+00
 146.379549      2.182    14.9575  36.978349    29.6768      2.163  257.03580  257.28289    -4.4868     5.1020 0.0000e+00
 146.379552      2.259    14.9504  36.975228    29.6794      2.239  257.06821  257.31491    -4.4868     5.1181 0.0000e+00
 146.379554      2.304    14.9466  36.978229    29.6836      2.284  257.08032  257.32679    -4.5023     5.1424 0.0000e+00
 146.379557      2.333    14.9428  36.977739    29.6878      2.313  257.09242  257.33867    -4.4557     5.1667 -9.990e-29
 146.379560      2.348    14.9360  36.977066    29.6919      2.327  257.12054  257.36640    -4.4868     5.1828 -9.990e-29
 146.379563      2.346    14.9329  36.978597    29.6956      2.325  257.12992  257.37559    -4.5957     5.1828 -9.990e-29
 146.379566      2.333    14.9310  36.980006    29.6984      2.313  257.13507  257.38061    -4.4090     5.2475 -9.990e-29
 146.379569      2.323    14.9306  36.980006    29.6987      2.302  257.13654  257.38206    -4.3778     5.2354 -9.990e-29
 146.379572      2.326    14.9288  36.981169    29.6970      2.306  257.14895  257.39439    -4.2066     5.2354 -9.990e-29
 146.379575      2.355    14.9266  36.976639    29.7003      2.334  257.15452  257.39982    -4.2222     5.1546 0.0000e+00
 146.379578      2.406    14.9244  36.980252    29.7036      2.385  257.16009  257.40525    -4.2378     5.0737 0.0000e+00
 146.379580      2.474    14.9210  36.979273    29.7047      2.452  257.17466  257.41963    -4.2378     5.0615 0.0000e+00
 146.379583      2.540    14.9194  36.977314    29.7052      2.517  257.18398  257.42888    -4.4090     5.0575 0.0000e+00
 146.379586      2.596    14.9182  36.980008    29.7068      2.573  257.18674  257.43156    -4.3234     5.0534 0.0000e+00
 146.379589      2.633    14.9169  36.977499    29.7090      2.609  257.18950  257.43423    -4.4090     5.0575 -9.990e-29
 146.379592      2.645    14.9125  36.977315    29.7099      2.622  257.21059  257.45509    -4.0043     5.5225 -9.990e-29
 146.379595      2.643    14.9103  36.982519    29.7163      2.620  257.21092  257.45525    -4.1132     5.4659 -9.990e-29
 146.379598      2.632    14.9071  36.980989    29.7173      2.609  257.22571  257.46987    -4.1911     5.4861 -9.990e-29
 146.379601      2.614    14.9044  36.977989    29.7167      2.591  257.24076  257.48478    -4.1132     5.5265 -9.990e-29
 146.379604      2.591    14.9019  36.981418    29.7217      2.568  257.24477  257.48862    -4.3623     5.8379 -9.990e-29
 146.379606      2.587    14.8992  36.983439    29.7255      2.564  257.25189  257.49557    -4.3156     5.8136 -9.990e-29
 146.379609      2.607    14.8880  36.987052    29.7388      2.584  257.28655  257.52955    -4.3156     5.8096 -9.990e-29
 146.379612      2.666    14.8834  36.988767    29.7426      2.642  257.30368  257.54640    -4.4323     5.4477 0.0000e+00
 146.379615      2.750    14.8788  36.989504    29.7464      2.725  257.32081  257.56326    -4.5179     5.0979 0.0000e+00
 146.379618      2.839    14.8678  37.000405    29.7645      2.814  257.34604  257.58777    -4.5490     5.0939 0.0000e+00
 146.379621      2.919    14.8540  36.999550    29.7742      2.893  257.40047  257.64141    -4.5490     5.0939 0.0000e+00
 146.379624      2.992    14.8420  37.001082    29.7848      2.966  257.44433  257.68455    -4.5490     5.0939 0.0000e+00
 146.379627      3.040    14.8377  37.000655    29.7878      3.013  257.46118  257.70115    -4.4323     5.3870 0.0000e+00
 146.379630      3.067    14.8334  36.996124    29.7909      3.040  257.47802  257.71774    -4.3156     5.7125 -9.990e-29
 146.379633      3.073    14.8248  36.996553    29.7938      3.045  257.51752  257.75678    -4.3311     5.7206 -9.990e-29
 146.379635      3.062    14.8260  37.001758    29.7976      3.035  257.50484  257.74413    -4.3311     5.7206 -9.990e-29
 146.379638      3.025    14.8274  37.001329    29.7961      2.998  257.49991  257.73928    -3.9420     6.0118 -9.990e-29
 146.379641      2.989    14.8290  36.998389    29.7923      2.962  257.49866  257.73814    -3.9887     6.0077 -9.990e-29
 146.379644      2.965    14.8307  37.000226    29.7927      2.939  257.48925  257.72882    -4.1132     6.0320 -9.990e-29
 146.379647      2.982    14.8289  37.009903    29.8027      2.955  257.48069  257.72008    -4.0821     6.0158 -9.990e-29
 146.379650      3.038    14.8080  37.012660    29.8296      3.011  257.54149  257.77957    -4.3000     5.1262 -9.990e-29
 146.379653      3.120    14.8014  37.022278    29.8354      3.092  257.56545  257.80314    -4.3856     5.1282 0.0000e+00
 146.379656      3.199    14.7949  37.023995    29.8412      3.170  257.58941  257.82671    -4.3467     5.1262 0.0000e+00
 146.379659      3.254    14.7887  37.024670    29.8462      3.225  257.61257  257.84951    -4.4089     5.1141 0.0000e+00
 146.379661      3.288    14.7825  37.030307    29.8512      3.259  257.63573  257.87230    -4.3467     5.0979 -9.990e-29
 146.379664      3.312    14.7673  37.028960    29.8668      3.282  257.68776  257.92340    -4.0821     5.8945 -9.990e-29
 146.379667      3.325    14.7622  37.028961    29.8706      3.295  257.70718  257.94252    -4.1444     5.8783 -9.990e-29
 146.379670      3.319    14.7590  37.031657    29.8755      3.290  257.71523  257.95036    -3.9732     5.8905 -9.990e-29
 146.379673      3.299    14.7563  37.030309    29.8763      3.270  257.72765  257.96264    -4.0821     5.8905 -9.990e-29
 146.379676      3.279    14.7552  37.029635    29.8766      3.250  257.73312  257.96804    -4.4868     6.4525 -9.990e-29
 146.379679      3.281    14.7525  37.030064    29.8802      3.251  257.74101  257.97575    -4.5335     6.4808 -9.990e-29
 146.379682      3.328    14.7511  37.031351    29.8827      3.298  257.74374  257.97839    -4.5023     6.4808 0.0000e+00
 146.379685      3.416    14.7497  37.034598    29.8852      3.385  257.74647  257.98103    -4.5335     6.4808 0.0000e+00
 146.379687      3.507    14.7463  37.036866    29.8898      3.475  257.75585  257.99020    -4.5802     5.9511 0.0000e+00
 146.379690      3.594    14.7425  37.037847    29.8936      3.562  257.76904  258.00316    -4.5802     5.8622 0.0000e+00
 146.379693      3.655    14.7398  37.041891    29.8993      3.622  257.77322  258.00714    -4.5802     5.8622 0.0000e+00
 146.379696      3.698    14.7378  37.038461    29.8993      3.665  257.78390  258.01771    -4.5257     5.8339 0.0000e+00
 146.379699      3.731    14.7357  37.038522    29.8994      3.698  257.79458  258.02828    -4.4712     5.8056 -9.990e-29
 146.379702      3.738    14.7340  37.040973    29.9029      3.705  257.79707  258.03065    -4.5335     5.6964 -9.990e-29
 146.379705      3.722    14.7318  37.039135    29.9030      3.689  257.80850  258.04197    -4.5802     5.7166 -9.990e-29
 146.379708      3.687    14.7309  37.040973    29.9053      3.654  257.80879  258.04219    -4.4557     5.7125 -9.990e-29
 146.379711      3.649    14.7309  37.040728    29.9051      3.617  257.80915  258.04256    -4.5179     5.6923 -9.990e-29
 146.379714      3.629    14.7294  37.049551    29.9141      3.597  257.80096  258.03421    -4.6580     6.0846 -9.990e-29
 146.379716      3.660    14.7074  37.065483    29.9583      3.627  257.83702  258.06875    -4.5490     6.0967 -9.990e-29
 146.379719      3.716    14.6978  37.080010    29.9692      3.683  257.86756  258.09869    -4.5801     6.1128 0.0000e+00
 146.379722      3.775    14.6883  37.087920    29.9801      3.741  257.89809  258.12862    -4.5490     6.0967 0.0000e+00
 146.379725      3.830    14.6697  37.094113    30.0001      3.795  257.96010  258.18947    -4.4090     5.6519 0.0000e+00
 146.379728      3.877    14.6541  37.097242    30.0148      3.842  258.01495  258.24337    -4.3778     5.6519 0.0000e+00
 146.379731      3.913    14.6484  37.095465    30.0185      3.878  258.03867  258.26675    -4.3078     5.6519 0.0000e+00
 146.379734      3.950    14.6426  37.098409    30.0221      3.915  258.06238  258.29012    -4.2378     5.6519 -9.990e-29
 146.379737      3.972    14.6278  37.103314    30.0406      3.936  258.10672  258.33352    -4.2378     5.7530 -9.990e-29
 146.379740      3.983    14.6229  37.103438    30.0445      3.947  258.12557  258.35208    -4.1599     5.9713 -9.990e-29
 146.379742      3.983    14.6196  37.101599    30.0454      3.947  258.14112  258.36744    -4.2378     5.9390 -9.990e-29
 146.379745      3.996    14.6176  37.105216    30.0504      3.960  258.14287  258.36904    -4.2689     5.9754 -9.990e-29
 146.379748      4.029    14.6159  37.105462    30.0548      3.993  258.14378  258.36983    -4.3233     6.2968 0.0000e+00
 146.379751      4.081    14.6142  37.112390    30.0592      4.045  258.14470  258.37062    -4.3778     6.5941 0.0000e+00
 146.379754      4.147    14.6083  37.119320    30.0700      4.110  258.15648  258.38200    -4.3778     6.6183 0.0000e+00
 146.379757      4.204    14.5998  37.131095    30.0872      4.166  258.17044  258.39536    -4.3156     6.5941 0.0000e+00
 146.379760      4.251    14.5870  37.142074    30.1069      4.213  258.20205  258.42611    -4.2378     6.5941 0.0000e+00
 146.379763      4.290    14.5800  37.137047    30.1101      4.251  258.23331  258.45696    -4.1911     6.1452 0.0000e+00
 146.379766      4.321    14.5729  37.145205    30.1133      4.282  258.26457  258.48782    -4.0666     5.6964 -9.990e-29
 146.379769      4.344    14.5590  37.146187    30.1323      4.305  258.30347  258.52581    -4.0821     5.7085 -9.990e-29
 146.379771      4.352    14.5508  37.157782    30.1491      4.313  258.31644  258.53820    -4.0043     5.7004 -9.990e-29
 146.379774      4.350    14.5358  37.160053    30.1628      4.311  258.37068  258.59151    -4.3467     6.3919 -9.990e-29
 146.379777      4.339    14.5263  37.160300    30.1704      4.300  258.40682  258.62708    -4.2378     6.4081 -9.990e-29
 146.379780      4.342    14.5198  37.162141    30.1771      4.304  258.42900  258.64885    -4.3156     6.4202 -9.990e-29
 146.379783      4.359    14.5098  37.165761    30.1920      4.320  258.45496  258.67414    -4.0977     6.3959 -9.990e-29
 146.379786      4.390    14.5075  37.169995    30.1953      4.351  258.46156  258.68059    -4.0743     6.3434 0.0000e+00
 146.379789      4.430    14.5051  37.173247    30.1986      4.391  258.46816  258.68703    -4.0977     6.2948 0.0000e+00
 146.379792      4.472    14.4995  37.176438    30.2058      4.432  258.48437  258.70288    -4.0510     6.2908 0.0000e+00
 146.379795      4.512    14.4934  37.182820    30.2163      4.472  258.49778  258.71586    -4.0199     6.2827 0.0000e+00
 146.379797      4.549    14.4864  37.184846    30.2235      4.508  258.52140  258.73905    -4.0199     6.2665 0.0000e+00
 146.379800      4.581    14.4836  37.185399    30.2260      4.540  258.53206  258.74954    -4.3078     6.0280 0.0000e+00
 146.379803      4.611    14.4807  37.191475    30.2285      4.569  258.54272  258.76002    -4.5957     5.7732 -9.990e-29
