seaocn-cb/data/ctd_cnv/SBE19plus_01907321_2024_05_28_Cast87.cnv
* Sea-Bird SBE19plus  Data File:
* FileName = E:\Prandtl_Daten\2024\28052024\raw\SBE19plus_01907321_2024_05_28_Cast87.hex
* Software version 2.6.1.12
* Temperature SN = 7321
* Conductivity SN = 7321
* System UpLoad Time = May 28 2024 09:02:03
* <ApplicationData>
* <Seaterm232>
** 20240527
** Sea Practical 2024
** MCat 27.05 CTD_SP1
** NMEA Latitude = 54 7.81N
** NMEA Longitude = 008 46.48E
** waterdepth = 13.0m
** Isabelle
# nquan = 11
# nvalues = 463                         
# units = specified
# name 0 = timeJ: Julian Days
# name 1 = prdM: Pressure, Strain Gauge [db]
# name 2 = tv290C: Temperature [ITS-90, deg C]
# name 3 = c0mS/cm: Conductivity [mS/cm]
# name 4 = sal00: Salinity, Practical [PSU]
# name 5 = depSM: Depth [salt water, m], lat = 54.00
# name 6 = oxsatMm/Kg: Oxygen Saturation, Weiss [umol/kg]
# name 7 = oxsolMm/Kg: Oxygen Saturation, Garcia & Gordon [umol/kg]
# name 8 = turbWETntu0: Turbidity, WET Labs ECO [NTU]
# name 9 = flECO-AFL: Fluorescence, WET Labs ECO-AFL/FL [mg/m^3]
# name 10 = flag:  0.000e+00
# span 0 = 149.372694, 149.374031       
# span 1 =      0.594,     11.957       
# span 2 =    17.9368,    18.5922       
# span 3 =  35.891648,  36.220937       
# span 4 =    26.4092,    26.6500       
# span 5 =      0.588,     11.850       
# span 6 =  244.62253,  247.43055       
# span 7 =  245.04605,  247.82948       
# span 8 =     1.1941,    21.2253       
# span 9 =     2.9346,     7.2208       
# span 10 = 0.0000e+00, 0.0000e+00      
# interval = seconds: 0.25
# start_time = May 28 2024 08:55:22 [Instrument's time stamp, header]
# bad_flag = -9.990e-29
*END*
[from data line 263]
 149.373455      7.397    18.3423  36.102410    26.5594      7.330  245.66074  246.07502     8.9607     3.5128 -9.990e-29
 149.373458      7.415    18.3402  36.102532    26.5609      7.349  245.66842  246.08262     8.7272     3.5613 -9.990e-29
 149.373461      7.431    18.3384  36.099137    26.5592      7.365  245.67927  246.09342     8.7428     3.5896 -9.990e-29
 149.373464      7.455    18.3332  36.098894    26.5624      7.388  245.69875  246.11269     9.7700     4.1194 -9.990e-29
 149.373466      7.484    18.3320  36.098895    26.5631      7.417  245.70331  246.11721     9.7311     4.1234 0.0000e+00
 149.373469      7.519    18.3308  36.098653    26.5628      7.452  245.70787  246.12172     9.6922     4.1194 0.0000e+00
 149.373472      7.559    18.3284  36.095622    26.5637      7.492  245.72044  246.13421     9.6922     4.1274 0.0000e+00
 149.373475      7.598    18.3258  36.094955    26.5639      7.530  245.73076  246.14443     9.6455     4.1194 0.0000e+00
 149.373478      7.640    18.3237  36.095198    26.5654      7.571  245.73829  246.15188     9.3342     3.8161 0.0000e+00
 149.373481      7.676    18.3233  36.094956    26.5656      7.607  245.73987  246.15345     9.3264     3.8100 0.0000e+00
 149.373484      7.705    18.3229  36.096714    26.5657      7.637  245.74146  246.15501     9.3187     3.8039 -9.990e-29
 149.373487      7.726    18.3228  36.097806    26.5681      7.656  245.73795  246.15149     9.4120     3.7959 -9.990e-29
 149.373490      7.735    18.3233  36.099988    26.5696      7.665  245.73345  246.14699     9.3498     3.7716 -9.990e-29
 149.373492      7.742    18.3252  36.102171    26.5702      7.673  245.72361  246.13722    10.9218     4.1679 -9.990e-29
 149.373495      7.753    18.3283  36.101322    26.5674      7.684  245.71316  246.12690    10.9685     4.1355 -9.990e-29
 149.373498      7.771    18.3308  36.093500    26.5594      7.702  245.71462  246.12849    10.9840     4.2043 -9.990e-29
 149.373501      7.793    18.3327  36.103747    26.5660      7.723  245.69484  246.10874    12.8050     3.8323 -9.990e-29
 149.373504      7.824    18.3327  36.103080    26.5658      7.754  245.69545  246.10935    12.7894     3.8504 0.0000e+00
 149.373507      7.861    18.3327  36.102413    26.5655      7.790  245.69607  246.10997    12.8050     3.8686 0.0000e+00
 149.373510      7.903    18.3320  36.100655    26.5655      7.832  245.70097  246.11485    12.8984     3.8686 0.0000e+00
 149.373513      7.945    18.3302  36.100655    26.5656      7.874  245.70757  246.12138    12.8984     3.8565 0.0000e+00
 149.373516      7.981    18.3285  36.099989    26.5656      7.910  245.71444  246.12819    11.1085     3.8039 0.0000e+00
 149.373519      8.012    18.3278  36.097745    26.5656      7.941  245.71831  246.13204    11.0229     3.7897 0.0000e+00
 149.373521      8.043    18.3272  36.095805    26.5651      7.972  245.72218  246.13589    11.1085     3.8039 -9.990e-29
 149.373524      8.062    18.3252  36.099565    26.5679      7.990  245.72696  246.14059    11.1552     3.8039 -9.990e-29
 149.373527      8.078    18.3246  36.097807    26.5668      8.006  245.73154  246.14514    11.5910     4.2043 -9.990e-29
 149.373530      8.087    18.3224  36.097382    26.5679      8.015  245.74026  246.15379    11.7000     4.1679 -9.990e-29
 149.373533      8.108    18.3209  36.098898    26.5702      8.035  245.74387  246.15733    11.4198     4.1679 -9.990e-29
 149.373536      8.128    18.3207  36.096231    26.5681      8.055  245.74810  246.16156    11.5755     4.1598 -9.990e-29
 149.373539      8.151    18.3186  36.096473    26.5696      8.078  245.75533  246.16870    12.4626     4.3013 -9.990e-29
 149.373542      8.184    18.3182  36.096474    26.5692      8.111  245.75793  246.17129    12.4315     4.3094 0.0000e+00
 149.373545      8.219    18.3178  36.094716    26.5687      8.145  245.76054  246.17389    12.4626     4.3094 0.0000e+00
 149.373547      8.252    18.3165  36.093382    26.5687      8.178  245.76705  246.18036    12.5560     4.3175 0.0000e+00
 149.373550      8.283    18.3148  36.094049    26.5697      8.209  245.77244  246.18568    12.5560     4.3094 0.0000e+00
 149.373553      8.314    18.3123  36.091625    26.5700      8.239  245.78481  246.19796    11.4510     3.7878 0.0000e+00
 149.373556      8.347    18.3095  36.091201    26.5703      8.272  245.79575  246.20879    11.4510     3.7878 0.0000e+00
 149.373559      8.378    18.3066  36.087867    26.5711      8.303  245.81092  246.22386    11.4510     3.8161 0.0000e+00
 149.373562      8.413    18.3047  36.089443    26.5722      8.337  245.81691  246.22978    11.4431     3.8181 0.0000e+00
 149.373565      8.442    18.3027  36.087261    26.5741      8.366  245.82291  246.23569    11.4198     3.8201 -9.990e-29
 149.373568      8.464    18.2991  36.086352    26.5738      8.388  245.83996  246.25261     9.9879     4.0668 -9.990e-29
 149.373571      8.482    18.2982  36.085079    26.5734      8.406  245.84514  246.25776    10.0191     4.0466 -9.990e-29
 149.373573      8.500    18.2971  36.087019    26.5757      8.424  245.84660  246.25917    10.0657     4.0910 -9.990e-29
 149.373576      8.517    18.2959  36.085928    26.5756      8.440  245.85247  246.26499    12.8673     3.9293 -9.990e-29
 149.373579      8.539    18.2951  36.085504    26.5757      8.462  245.85587  246.26837    12.9918     3.9657 -9.990e-29
 149.373582      8.557    18.2945  36.085565    26.5761      8.480  245.85799  246.27047    12.8829     3.9414 -9.990e-29
 149.373585      8.583    18.2937  36.085080    26.5762      8.506  245.86148  246.27393    12.9607     3.9131 -9.990e-29
 149.373588      8.606    18.2917  36.082837    26.5775      8.529  245.86871  246.28108    12.3226     4.2488 -9.990e-29
 149.373591      8.634    18.2912  36.085080    26.5776      8.557  245.87108  246.28343    12.2915     4.2508 0.0000e+00
 149.373594      8.668    18.2906  36.084596    26.5775      8.591  245.87346  246.28578    12.2603     4.2488 0.0000e+00
 149.373597      8.698    18.2898  36.082656    26.5778      8.620  245.87878  246.29106    12.2292     4.2407 0.0000e+00
 149.373600      8.734    18.2894  36.083929    26.5771      8.656  245.87891  246.29122    12.1825     4.2124 0.0000e+00
 149.373602      8.764    18.2893  36.082596    26.5776      8.685  245.88016  246.29244    11.8167     4.2063 0.0000e+00
 149.373605      8.791    18.2892  36.084172    26.5771      8.712  245.88153  246.29381    11.4510     4.1719 -9.990e-29
 149.373608      8.811    18.2893  36.084596    26.5781      8.732  245.87914  246.29142    11.6222     4.1962 -9.990e-29
 149.373611      8.837    18.2895  36.083930    26.5750      8.758  245.88339  246.29569    11.8089     4.0830 0.0000e+00
 149.373614      8.864    18.2897  36.076716    26.5781      8.785  245.87914  246.29142    11.9957     4.0142 0.0000e+00
 149.373617      8.895    18.2899  36.085930    26.5779      8.816  245.87427  246.28656    11.9957     4.0061 0.0000e+00
 149.373620      8.925    18.2903  36.084839    26.5786      8.845  245.87376  246.28607    12.0113     4.0101 0.0000e+00
 149.373623      8.957    18.2906  36.083445    26.5779      8.877  245.87325  246.28558    11.9957     4.0061 -9.990e-29
 149.373626      8.981    18.2918  36.085263    26.5775      8.901  245.86832  246.28069    10.4082     4.1072 -9.990e-29
 149.373628      9.003    18.2929  36.087446    26.5786      8.922  245.86162  246.27402    10.5482     4.1315 -9.990e-29
 149.373631      9.018    18.2933  36.085082    26.5764      8.937  245.86325  246.27568    10.5949     4.1274 -9.990e-29
 149.373634      9.041    18.2932  36.085506    26.5768      8.960  245.86300  246.27543    10.4704     4.0991 -9.990e-29
 149.373637      9.058    18.2929  36.087022    26.5782      8.977  245.86222  246.27462    10.5638     4.1355 -9.990e-29
 149.373640      9.085    18.2929  36.085506    26.5769      9.004  245.86396  246.27638    11.1241     4.6895 -9.990e-29
 149.373643      9.109    18.2929  36.085991    26.5780      9.027  245.86219  246.27459    11.1241     4.6936 -9.990e-29
 149.373646      9.134    18.2932  36.086840    26.5783      9.052  245.86052  246.27293    11.1942     4.6956 0.0000e+00
 149.373649      9.165    18.2935  36.087931    26.5780      9.083  245.85885  246.27127    11.2642     4.6936 0.0000e+00
 149.373652      9.198    18.2947  36.087265    26.5772      9.116  245.85538  246.26785    11.2642     4.1072 0.0000e+00
 149.373655      9.227    18.2956  36.085264    26.5755      9.145  245.85464  246.26716    11.3264     4.1072 0.0000e+00
 149.373657      9.258    18.2956  36.085931    26.5755      9.176  245.85344  246.26596    11.2798     4.0991 0.0000e+00
 149.373660      9.286    18.2955  36.088113    26.5765      9.203  245.85244  246.26495    11.3498     4.0930 0.0000e+00
 149.373663      9.313    18.2954  36.090357    26.5774      9.230  245.85145  246.26395    11.2798     4.0708 -9.990e-29
 149.373666      9.337    18.2988  36.088901    26.5759      9.253  245.83819  246.25082    11.6844     4.2488 -9.990e-29
 149.373669      9.361    18.3008  36.089022    26.5747      9.277  245.83083  246.24353    11.8868     4.2285 -9.990e-29
 149.373672      9.390    18.3014  36.087689    26.5732      9.306  245.83045  246.24318    11.6222     4.2407 -9.990e-29
 149.373675      9.414    18.2997  36.085507    26.5725      9.330  245.83967  246.25235    11.3420     4.2043 -9.990e-29
 149.373678      9.441    18.2973  36.088114    26.5762      9.357  245.84494  246.25751    11.3264     4.1921 -9.990e-29
 149.373681      9.462    18.2970  36.086841    26.5753      9.377  245.84761  246.26018    11.0619     4.1800 -9.990e-29
 149.373683      9.484    18.2975  36.087447    26.5755      9.399  245.84492  246.25751    11.3887     4.2124 -9.990e-29
 149.373686      9.504    18.2986  36.086598    26.5776      9.419  245.83612  246.24874    12.0268     4.2002 -9.990e-29
 149.373689      9.533    18.2995  36.090963    26.5766      9.448  245.83401  246.24666    11.9957     4.2063 0.0000e+00
 149.373692      9.561    18.3003  36.089690    26.5755      9.475  245.83190  246.24458    11.9646     4.2002 0.0000e+00
 149.373695      9.592    18.3021  36.090114    26.5747      9.506  245.82476  246.23751    11.9646     4.2083 0.0000e+00
 149.373698      9.628    18.3032  36.090963    26.5747      9.542  245.81956  246.23235    11.9957     4.1679 0.0000e+00
 149.373701      9.663    18.3041  36.092964    26.5746      9.577  245.81374  246.22656    12.0268     4.0627 0.0000e+00
 149.373704      9.698    18.3054  36.092115    26.5741      9.611  245.80988  246.22276    12.0268     4.0506 0.0000e+00
 149.373707      9.725    18.3060  36.092479    26.5739      9.638  245.80730  246.22019    12.0268     4.0446 0.0000e+00
 149.373709      9.751    18.3067  36.090539    26.5736      9.664  245.80471  246.21763    12.0268     4.0506 -9.990e-29
 149.373712      9.769    18.3053  36.090115    26.5725      9.682  245.81293  246.22582    10.8128     4.7461 -9.990e-29
 149.373715      9.795    18.3044  36.090539    26.5734      9.707  245.81582  246.22866    10.8595     4.7057 -9.990e-29
 149.373718      9.808    18.3037  36.089206    26.5728      9.720  245.82013  246.23296    10.8595     4.7623 -9.990e-29
 149.373721      9.822    18.3030  36.089206    26.5732      9.734  245.82265  246.23544    10.7973     4.7987 -9.990e-29
 149.373724      9.842    18.3027  36.090540    26.5745      9.754  245.82211  246.23489    12.1825     4.1638 -9.990e-29
 149.373727      9.864    18.3022  36.089994    26.5733      9.776  245.82663  246.23940    11.9646     4.1072 -9.990e-29
 149.373730      9.895    18.3022  36.088600    26.5733      9.807  245.82636  246.23913    11.9413     4.1173 0.0000e+00
 149.373733      9.932    18.3022  36.088782    26.5733      9.843  245.82663  246.23940    11.9646     4.1072 0.0000e+00
 149.373736      9.970    18.3021  36.088600    26.5734      9.881  245.82609  246.23886    11.9179     4.0789 0.0000e+00
 149.373738     10.007    18.3017  36.090783    26.5753      9.917  245.82531  246.23805    10.9218     4.0749 0.0000e+00
 149.373741     10.036    18.3017  36.091207    26.5755      9.946  245.82519  246.23792    10.8907     4.0547 0.0000e+00
 149.373744     10.063    18.3016  36.090783    26.5757      9.973  245.82506  246.23780    10.8595     4.0749 -9.990e-29
 149.373747     10.087    18.3022  36.090177    26.5745      9.997  245.82428  246.23705    10.7817     4.0466 -9.990e-29
 149.373750     10.109    18.3016  36.087267    26.5725     10.018  245.83042  246.24317    13.3654     4.2851 -9.990e-29
 149.373753     10.131    18.3006  36.088601    26.5742     10.040  245.83239  246.24509    13.4276     4.2973 -9.990e-29
 149.373756     10.154    18.3009  36.089692    26.5749     10.064  245.82998  246.24269    13.3498     4.2124 -9.990e-29
 149.373759     10.169    18.3013  36.087934    26.5732     10.078  245.83080  246.24353    13.4276     4.2002 -9.990e-29
 149.373762     10.182    18.3011  36.088783    26.5740     10.091  245.83028  246.24301    13.3187     4.0466 -9.990e-29
 149.373764     10.206    18.3009  36.089207    26.5744     10.114  245.83092  246.24364    13.4587     4.0506 -9.990e-29
 149.373767     10.235    18.3008  36.089026    26.5745     10.143  245.83116  246.24388    13.4121     4.0486 0.0000e+00
 149.373770     10.264    18.3007  36.089147    26.5746     10.172  245.83140  246.24411    13.3654     4.0506 0.0000e+00
 149.373773     10.306    18.2999  36.088783    26.5748     10.214  245.83473  246.24741    10.4860     4.1517 0.0000e+00
 149.373776     10.345    18.2990  36.089875    26.5752     10.252  245.83672  246.24936    10.4860     4.1881 0.0000e+00
 149.373779     10.379    18.2978  36.087693    26.5757     10.286  245.84407  246.25667    10.4860     4.1881 0.0000e+00
 149.373782     10.420    18.2965  36.087269    26.5757     10.326  245.84937  246.26191    10.5482     4.1679 0.0000e+00
 149.373785     10.451    18.2946  36.085935    26.5758     10.357  245.85808  246.27056    10.4548     4.1436 0.0000e+00
 149.373788     10.480    18.2941  36.085268    26.5759     10.386  245.86026  246.27272    10.4392     4.0344 0.0000e+00
 149.373791     10.505    18.2936  36.086420    26.5759     10.411  245.86244  246.27488    10.3303     3.9253 -9.990e-29
 149.373793     10.526    18.2923  36.085511    26.5770     10.431  245.86715  246.27954    10.4393     3.9172 -9.990e-29
 149.373796     10.542    18.2917  36.085269    26.5771     10.448  245.86968  246.28204    10.2836     3.9091 -9.990e-29
 149.373799     10.550    18.2911  36.084178    26.5766     10.455  245.87335  246.28570    10.3459     4.2568 -9.990e-29
 149.373802     10.557    18.2887  36.083936    26.5779     10.463  245.88214  246.29440    10.3303     4.2124 -9.990e-29
 149.373805     10.574    18.2861  36.083512    26.5793     10.479  245.89244  246.30459    10.3615     4.2407 -9.990e-29
 149.373808     10.594    18.2820  36.082663    26.5793     10.499  245.91153  246.32354    10.8595     4.0749 -9.990e-29
 149.373811     10.619    18.2803  36.080299    26.5793     10.524  245.91933  246.33128    11.0230     4.0709 0.0000e+00
 149.373814     10.654    18.2787  36.077814    26.5793     10.558  245.92713  246.33901    10.8595     4.0749 0.0000e+00
 149.373817     10.696    18.2743  36.071632    26.5794     10.600  245.95149  246.36323    11.0307     4.1194 0.0000e+00
 149.373819     10.742    18.2680  36.069875    26.5798     10.645  245.97676  246.38826    10.9529     4.1194 0.0000e+00
 149.373822     10.785    18.2623  36.071876    26.5798     10.689  245.99476  246.40603    10.9529     4.0708 0.0000e+00
 149.373825     10.820    18.2606  36.022065    26.5658     10.723  246.03441  246.44572    10.8828     4.0465 0.0000e+00
 149.373828     10.851    18.2590  36.068119    26.5465     10.754  246.07406  246.48541    10.8128     4.0708 -9.990e-29
