seaocn-cb/data/ctd_cnv/SBE19plus_01907321_2024_05_30_Cast113.cnv
* Sea-Bird SBE19plus  Data File:
* FileName = E:\Prandtl_Daten\2024\30052024\raw\SBE19plus_01907321_2024_05_30_Cast113.hex
* Software version 2.6.1.12
* Temperature SN = 7321
* Conductivity SN = 7321
* System UpLoad Time = May 30 2024 08:40:45
* <ApplicationData>
* <Seaterm232>
** 20240529
** Sea Practical 2024
** MCat 30.05 CTD_SP7
** NMEA Latitude = 54 08.32N
** NMEA Longitude = 008 20.64E
** waterdepth = 12.4m
** Maja
# nquan = 11
# nvalues = 425                         
# units = specified
# name 0 = timeJ: Julian Days
# name 1 = prdM: Pressure, Strain Gauge [db]
# name 2 = tv290C: Temperature [ITS-90, deg C]
# name 3 = c0mS/cm: Conductivity [mS/cm]
# name 4 = sal00: Salinity, Practical [PSU]
# name 5 = depSM: Depth [salt water, m], lat = 54.00
# name 6 = oxsatMm/Kg: Oxygen Saturation, Weiss [umol/kg]
# name 7 = oxsolMm/Kg: Oxygen Saturation, Garcia & Gordon [umol/kg]
# name 8 = turbWETntu0: Turbidity, WET Labs ECO [NTU]
# name 9 = flECO-AFL: Fluorescence, WET Labs ECO-AFL/FL [mg/m^3]
# name 10 = flag:  0.000e+00
# span 0 = 151.357031, 151.358258       
# span 1 =      0.516,     12.091       
# span 2 =    15.2714,    16.0397       
# span 3 =  37.416344,  37.845536       
# span 4 =    29.2895,    30.2045       
# span 5 =      0.511,     11.983       
# span 6 =  252.20242,  254.49752       
# span 7 =  252.50546,  254.75645       
# span 8 =    -3.9109,    11.3887       
# span 9 =     1.0219,     4.0142       
# span 10 = 0.0000e+00, 0.0000e+00      
# interval = seconds: 0.25
# start_time = May 30 2024 08:32:56 [Instrument's time stamp, header]
# bad_flag = -9.990e-29
*END*
 151.357031      0.516    16.0397  37.461305    29.2931      0.511  252.20242  252.50546    -3.3817     1.1877 0.0000e+00
 151.357034      0.542    16.0397  37.454843    29.2931      0.537  252.20242  252.50546    -3.3817     1.1877 0.0000e+00
 151.357037      0.584    16.0393  37.462598    29.2897      0.578  252.21121  252.51431    -3.5062     1.1513 0.0000e+00
 151.357040      0.635    16.0383  37.456259    29.2913      0.629  252.21508  252.51809    -3.5529     1.1351 0.0000e+00
 151.357043      0.698    16.0377  37.457183    29.2905      0.692  252.21664  252.51961    -3.5296     1.1271 0.0000e+00
 151.357046      0.742    16.0371  37.458660    29.2913      0.735  252.21819  252.52113    -3.5529     1.1190 -9.990e-29
 151.357049      0.758    16.0352  37.457860    29.2933      0.752  252.22433  252.52717    -3.4907     1.0988 -9.990e-29
 151.357052      0.753    16.0348  37.453183    29.2895      0.746  252.23281  252.53566    -3.5529     1.0664 -9.990e-29
 151.357054      0.725    16.0347  37.456937    29.2929      0.719  252.22747  252.53029    -3.6308     1.0219 -9.990e-29
 151.357057      0.682    16.0347  37.458845    29.2945      0.675  252.22459  252.52740    -3.5062     1.0543 -9.990e-29
 151.357060      0.643    16.0354  37.459214    29.2943      0.638  252.22135  252.52419    -3.5062     1.0502 -9.990e-29
 151.357063      0.623    16.0366  37.458413    29.2928      0.618  252.21808  252.52099    -3.3506     1.1675 -9.990e-29
 151.357066      0.632    16.0372  37.460383    29.2941      0.627  252.21307  252.51599    -3.3662     1.1715 -9.990e-29
 151.357069      0.676    16.0379  37.460383    29.2933      0.670  252.21084  252.51380    -3.3973     1.1796 -9.990e-29
 151.357072      0.766    16.0380  37.460137    29.2909      0.759  252.21464  252.51762    -3.5530     1.1675 0.0000e+00
 151.357075      0.882    16.0379  37.454906    29.2925      0.874  252.21412  252.51707    -3.4751     1.1796 0.0000e+00
 151.357078      1.012    16.0375  37.459030    29.2925      1.003  252.21412  252.51707    -3.5529     1.1796 0.0000e+00
 151.357080      1.136    16.0372  37.460384    29.2936      1.126  252.21412  252.51707    -3.5529     1.1796 0.0000e+00
 151.357083      1.244    16.0370  37.459954    29.2936      1.232  252.21465  252.51757    -3.5529     1.1715 0.0000e+00
 151.357086      1.329    16.0370  37.457554    29.2926      1.317  252.21662  252.51954    -3.5685     1.1675 0.0000e+00
 151.357089      1.380    16.0370  37.456939    29.2916      1.368  252.21859  252.52152    -3.5529     1.1635 -9.990e-29
 151.357092      1.390    16.0365  37.460816    29.2947      1.377  252.21552  252.51841    -3.5685     1.2443 -9.990e-29
 151.357095      1.364    16.0363  37.457370    29.2919      1.352  252.22126  252.52416    -3.6152     1.2120 -9.990e-29
 151.357098      1.311    16.0362  37.461739    29.2957      1.300  252.21499  252.51785    -3.6930     1.2565 -9.990e-29
 151.357101      1.249    16.0364  37.459708    29.2939      1.238  252.21740  252.52028    -3.6152     1.3818 -9.990e-29
 151.357104      1.182    16.0363  37.455154    29.2900      1.171  252.22447  252.52738    -3.4907     1.3818 -9.990e-29
 151.357106      1.127    16.0362  37.458784    29.2933      1.117  252.21960  252.52248    -3.5996     1.3737 -9.990e-29
 151.357109      1.098    16.0355  37.456877    29.2921      1.088  252.22481  252.52767    -3.5062     1.3818 -9.990e-29
 151.357112      1.096    16.0343  37.454846    29.2912      1.086  252.23230  252.53511    -3.6619     1.2241 -9.990e-29
 151.357115      1.116    16.0334  37.454661    29.2918      1.106  252.23615  252.53891    -3.6774     1.2282 -9.990e-29
 151.357118      1.162    16.0323  37.453800    29.2918      1.152  252.24132  252.54404    -3.4751     1.2362 -9.990e-29
 151.357121      1.220    16.0315  37.452570    29.2913      1.210  252.24646  252.54914    -3.6308     1.2403 -9.990e-29
 151.357124      1.293    16.0314  37.455339    29.2937      1.282  252.24269  252.54535    -3.5218     1.2322 -9.990e-29
 151.357127      1.361    16.0315  37.455340    29.2927      1.349  252.24417  252.54684    -3.5530     1.2403 0.0000e+00
 151.357130      1.425    16.0315  37.453186    29.2923      1.412  252.24429  252.54696    -3.5841     1.2484 0.0000e+00
 151.357133      1.492    16.0315  37.453925    29.2923      1.479  252.24429  252.54696    -3.5841     1.2565 0.0000e+00
 151.357135      1.541    16.0315  37.457125    29.2952      1.528  252.23983  252.54248    -3.2728     1.3090 0.0000e+00
 151.357138      1.596    16.0315  37.458294    29.2952      1.582  252.23983  252.54248    -3.2728     1.4222 0.0000e+00
 151.357141      1.653    16.0313  37.452264    29.2910      1.638  252.24776  252.55043    -3.3195     1.4222 0.0000e+00
 151.357144      1.711    16.0310  37.451895    29.2910      1.696  252.24954  252.55219    -3.3195     1.4222 0.0000e+00
 151.357147      1.760    16.0304  37.451649    29.2912      1.745  252.25196  252.55459    -3.2883     1.4283 0.0000e+00
 151.357150      1.793    16.0298  37.450972    29.2916      1.777  252.25438  252.55698    -3.2416     1.4344 -9.990e-29
 151.357153      1.800    16.0258  37.450542    29.2935      1.784  252.27090  252.57330    -3.5841     1.5476 -9.990e-29
 151.357156      1.795    16.0246  37.447034    29.2914      1.779  252.28060  252.58295    -3.5062     1.5719 -9.990e-29
 151.357159      1.769    16.0231  37.447219    29.2926      1.754  252.28595  252.58822    -3.5841     1.5516 -9.990e-29
 151.357161      1.755    16.0217  37.448450    29.2948      1.739  252.28944  252.59163    -3.5996     1.5233 -9.990e-29
 151.357164      1.747    16.0207  37.448327    29.2954      1.732  252.29318  252.59532    -3.5374     1.5799 -9.990e-29
 151.357167      1.749    16.0201  37.442912    29.2911      1.733  252.30366  252.60581    -3.3973     1.5719 -9.990e-29
 151.357170      1.763    16.0182  37.445927    29.2961      1.748  252.30433  252.60636    -3.9109     1.6649 -9.990e-29
 151.357173      1.791    16.0177  37.447035    29.2957      1.775  252.30761  252.60961    -3.8642     1.6810 0.0000e+00
 151.357176      1.827    16.0172  37.445251    29.2953      1.811  252.31089  252.61287    -3.8175     1.6649 0.0000e+00
 151.357179      1.867    16.0152  37.443159    29.2949      1.851  252.32146  252.62335    -3.8175     1.6770 0.0000e+00
 151.357182      1.900    16.0138  37.440883    29.2940      1.883  252.33023  252.63206    -3.7708     1.6770 0.0000e+00
 151.357185      1.937    16.0131  37.438114    29.2940      1.919  252.33131  252.63306    -3.1483     1.8023 0.0000e+00
 151.357188      1.964    16.0129  37.443160    29.2944      1.947  252.33404  252.63583    -3.0627     1.8205 0.0000e+00
 151.357190      1.991    16.0126  37.439160    29.2968      1.974  252.33131  252.63306    -3.1483     1.8387 -9.990e-29
 151.357193      2.012    16.0135  37.445683    29.2954      1.994  252.32890  252.63071    -2.9771     1.8590 -9.990e-29
 151.357196      2.041    16.0134  37.442421    29.2954      2.023  252.32934  252.63115    -3.3895     1.7053 0.0000e+00
 151.357199      2.070    16.0134  37.442237    29.2954      2.052  252.32978  252.63159    -3.8020     1.5638 0.0000e+00
 151.357202      2.105    16.0131  37.441314    29.2947      2.086  252.33208  252.63387    -3.8020     1.5597 0.0000e+00
 151.357205      2.148    16.0123  37.438545    29.2947      2.129  252.33922  252.64099    -3.8487     1.5597 0.0000e+00
 151.357208      2.194    16.0108  37.440207    29.2954      2.174  252.34239  252.64407    -3.7708     1.5597 0.0000e+00
 151.357211      2.249    16.0092  37.439715    29.2954      2.229  252.34909  252.65070    -3.5996     1.9479 0.0000e+00
 151.357214      2.300    16.0078  37.437193    29.2952      2.280  252.35825  252.65979    -3.5996     1.9479 0.0000e+00
 151.357216      2.349    16.0071  37.436270    29.2951      2.328  252.36147  252.66298    -3.5997     1.9499 0.0000e+00
 151.357219      2.384    16.0064  37.433440    29.2952      2.363  252.36470  252.66618    -3.6152     1.9479 -9.990e-29
 151.357222      2.402    16.0035  37.434917    29.2962      2.381  252.37774  252.67907    -3.0393     1.9843 -9.990e-29
 151.357225      2.412    16.0019  37.434548    29.2970      2.390  252.38423  252.68549    -3.0549     2.0450 -9.990e-29
 151.357228      2.413    15.9997  37.431903    29.2964      2.392  252.39651  252.69766    -3.0860     2.0005 -9.990e-29
 151.357231      2.408    15.9968  37.431719    29.2983      2.386  252.40746  252.70847    -3.1794     2.0005 -9.990e-29
 151.357234      2.406    15.9944  37.429873    29.2985      2.384  252.41913  252.72002    -3.5062     2.0733 -9.990e-29
 151.357237      2.411    15.9920  37.430366    29.3007      2.390  252.42729  252.72806    -3.6930     2.0571 -9.990e-29
 151.357240      2.433    15.9890  37.423845    29.2972      2.411  252.44836  252.74901    -3.5996     2.0571 -9.990e-29
 151.357242      2.449    15.9864  37.428029    29.3028      2.428  252.45189  252.75238    -3.5685     2.0814 -9.990e-29
 151.357245      2.469    15.9848  37.425137    29.3014      2.447  252.46217  252.76259    -3.4440     2.0773 -9.990e-29
 151.357248      2.482    15.9831  37.426860    29.3042      2.460  252.46582  252.76615    -3.1016     2.4453 -9.990e-29
 151.357251      2.499    15.9812  37.427291    29.3060      2.476  252.47231  252.77253    -3.1171     2.4089 -9.990e-29
 151.357254      2.524    15.9800  37.425261    29.3038      2.502  252.48205  252.78223    -3.0238     2.4089 -9.990e-29
 151.357257      2.555    15.9798  37.423785    29.3032      2.532  252.48396  252.78413    -3.1483     2.5019 0.0000e+00
 151.357260      2.595    15.9796  37.422247    29.3038      2.572  252.48587  252.78604    -3.0238     2.5868 0.0000e+00
 151.357263      2.644    15.9773  37.422924    29.3049      2.621  252.49348  252.79353    -3.0238     2.5949 0.0000e+00
 151.357266      2.701    15.9742  37.420218    29.3050      2.677  252.50915  252.80905    -3.0238     2.5868 0.0000e+00
 151.357269      2.766    15.9714  37.419419    29.3062      2.742  252.52077  252.82053    -3.1794     2.5747 0.0000e+00
 151.357271      2.823    15.9697  37.418374    29.3062      2.798  252.52890  252.82858    -3.5996     2.2795 0.0000e+00
 151.357274      2.871    15.9691  37.416344    29.3061      2.845  252.53237  252.83202    -3.6463     2.2714 0.0000e+00
 151.357277      2.900    15.9686  37.419297    29.3056      2.874  252.53583  252.83547    -3.6930     2.2795 -9.990e-29
 151.357280      2.913    15.9669  37.421635    29.3115      2.887  252.53444  252.83395    -3.5529     2.2269 -9.990e-29
 151.357283      2.904    15.9667  37.418128    29.3085      2.878  252.54029  252.83982    -3.2572     2.3927 -9.990e-29
 151.357286      2.884    15.9662  37.418989    29.3097      2.858  252.54106  252.84055    -3.2728     2.3725 -9.990e-29
 151.357289      2.867    15.9656  37.421142    29.3120      2.842  252.53990  252.83935    -3.3195     2.3927 -9.990e-29
 151.357292      2.864    15.9654  37.421635    29.3126      2.838  252.54004  252.83948    -3.3662     2.4008 -9.990e-29
 151.357295      2.876    15.9657  37.422496    29.3129      2.851  252.53797  252.83741    -3.2105     2.4655 -9.990e-29
 151.357297      2.918    15.9657  37.422250    29.3125      2.892  252.53864  252.83808    -3.1405     2.4594 0.0000e+00
 151.357300      2.984    15.9657  37.421389    29.3129      2.958  252.53930  252.83875    -3.0704     2.4534 0.0000e+00
 151.357303      3.064    15.9623  37.425696    29.3183      3.037  252.54563  252.84488    -3.0704     2.4534 0.0000e+00
 151.357306      3.152    15.9540  37.427543    29.3260      3.124  252.57375  252.87256    -3.1171     2.4534 0.0000e+00
 151.357309      3.216    15.9488  37.427298    29.3298      3.187  252.59353  252.89206    -3.2339     2.4796 0.0000e+00
 151.357312      3.261    15.9435  37.427300    29.3335      3.232  252.61330  252.91156    -3.3506     2.5100 -9.990e-29
 151.357315      3.274    15.9248  37.430562    29.3502      3.245  252.67840  252.97565    -3.3817     2.4979 -9.990e-29
 151.357318      3.267    15.9183  37.429270    29.3539      3.238  252.70464  253.00156    -3.3817     2.5221 -9.990e-29
 151.357321      3.237    15.9105  37.432594    29.3626      3.209  252.72867  253.02516    -3.0393     2.5504 -9.990e-29
 151.357323      3.192    15.9028  37.428841    29.3650      3.163  252.76304  253.05915    -3.1171     2.5504 -9.990e-29
 151.357326      3.146    15.8990  37.427119    29.3664      3.118  252.77983  253.07575    -3.2105     2.5059 -9.990e-29
 151.357329      3.126    15.8964  37.430626    29.3714      3.098  252.78431  253.08008    -3.1483     2.5262 -9.990e-29
 151.357332      3.128    15.8933  37.434195    29.3767      3.100  252.79020  253.08578    -2.9926     2.7324 -9.990e-29
 151.357335      3.164    15.8844  37.431489    29.3841      3.136  252.82234  253.11745    -3.0393     2.7203 -9.990e-29
 151.357338      3.230    15.8828  37.435119    29.3866      3.201  252.82621  253.12122    -3.0549     2.7122 0.0000e+00
 151.357341      3.312    15.8811  37.438073    29.3891      3.282  252.83008  253.12500    -3.0393     2.7203 0.0000e+00
 151.357344      3.401    15.8760  37.441828    29.3961      3.371  252.84372  253.13834    -3.0704     2.7041 0.0000e+00
 151.357347      3.489    15.8715  37.444844    29.4021      3.457  252.85611  253.15047    -3.3817     2.6556 0.0000e+00
 151.357350      3.562    15.8658  37.445952    29.4072      3.530  252.87550  253.16956    -3.3817     2.6273 0.0000e+00
 151.357352      3.620    15.8632  37.445030    29.4087      3.588  252.88599  253.17991    -3.3117     2.6273 0.0000e+00
 151.357355      3.658    15.8606  37.446384    29.4103      3.626  252.89647  253.19026    -3.2416     2.6273 -9.990e-29
 151.357358      3.675    15.8549  37.448723    29.4177      3.642  252.91224  253.20571    -3.1327     2.7041 -9.990e-29
 151.357361      3.673    15.8532  37.443985    29.4148      3.640  252.92561  253.21902    -3.1794     2.7445 -9.990e-29
 151.357364      3.662    15.8520  37.448908    29.4200      3.629  252.92291  253.21622    -3.1638     2.7324 -9.990e-29
 151.357367      3.646    15.8505  37.449031    29.4213      3.613  252.92834  253.22157    -3.0393     2.7486 -9.990e-29
 151.357370      3.635    15.8475  37.455370    29.4290      3.602  252.93001  253.22304    -3.0860     2.7566 -9.990e-29
 151.357373      3.640    15.8437  37.458448    29.4345      3.608  252.93957  253.23238    -2.8525     2.7647 -9.990e-29
 151.357376      3.659    15.8403  37.464295    29.4421      3.626  252.94318  253.23578    -2.9459     2.7324 -9.990e-29
 151.357378      3.682    15.8320  37.464849    29.4545      3.649  252.96349  253.25560    -3.1016     2.7364 -9.990e-29
 151.357381      3.713    15.8297  37.471436    29.4577      3.680  252.96976  253.26173    -3.1327     2.7162 0.0000e+00
 151.357384      3.741    15.8273  37.474699    29.4608      3.707  252.97603  253.26787    -3.1016     2.6960 0.0000e+00
 151.357387      3.770    15.8231  37.477408    29.4664      3.736  252.98792  253.27952    -3.1638     2.6960 0.0000e+00
 151.357390      3.796    15.8192  37.475377    29.4664      3.762  253.00550  253.29690    -3.0860     2.6960 0.0000e+00
 151.357393      3.830    15.8173  37.471684    29.4675      3.796  253.01431  253.30562    -3.0860     2.6879 0.0000e+00
 151.357396      3.865    15.8172  37.474270    29.4679      3.830  253.01431  253.30562    -3.0860     2.6111 0.0000e+00
 151.357399      3.898    15.8171  37.476732    29.4702      3.863  253.01150  253.30278    -3.0238     2.6111 0.0000e+00
 151.357402      3.936    15.8155  37.485043    29.4786      3.901  253.01150  253.30278    -3.0860     2.5666 0.0000e+00
 151.357405      3.972    15.8111  37.489168    29.4855      3.937  253.01491  253.30580    -2.9771     2.6273 0.0000e+00
 151.357407      4.016    15.8073  37.493601    29.4921      3.980  253.02242  253.31308    -2.7125     3.4117 0.0000e+00
