seaocn-cb/data/ctd_cnv/SBE19plus_01907321_2024_05_25_Cast59.cnv
* Sea-Bird SBE19plus  Data File:
* FileName = E:\Prandtl_Daten\2024\25052024\raw\SBE19plus_01907321_2024_05_25_Cast59.hex
* Software version 2.6.1.12
* Temperature SN = 7321
* Conductivity SN = 7321
* System UpLoad Time = May 25 2024 13:09:43
* <ApplicationData>
* <Seaterm232>
** 20240525
** Sea Practical 2024
** MCat 25.05 CTD_SP1
** NMEA Latitude = 054 07.80N
** NMEA Longitude = 008 46.36E
** waterdepth =15.8m
** Isabelle
# nquan = 11
# nvalues = 571                         
# units = specified
# name 0 = timeJ: Julian Days
# name 1 = prdM: Pressure, Strain Gauge [db]
# name 2 = tv290C: Temperature [ITS-90, deg C]
# name 3 = c0mS/cm: Conductivity [mS/cm]
# name 4 = sal00: Salinity, Practical [PSU]
# name 5 = depSM: Depth [salt water, m], lat = 54.00
# name 6 = oxsatMm/Kg: Oxygen Saturation, Weiss [umol/kg]
# name 7 = oxsolMm/Kg: Oxygen Saturation, Garcia & Gordon [umol/kg]
# name 8 = turbWETntu0: Turbidity, WET Labs ECO [NTU]
# name 9 = flECO-AFL: Fluorescence, WET Labs ECO-AFL/FL [mg/m^3]
# name 10 = flag:  0.000e+00
# span 0 = 146.543634, 146.545284       
# span 1 =      0.544,     14.745       
# span 2 =    16.8839,    17.7908       
# span 3 =  35.770332,  36.095846       
# span 4 =    26.9086,    27.2650       
# span 5 =      0.539,     14.612       
# span 6 =  247.68920,  251.52837       
# span 7 =  248.08113,  251.88218       
# span 8 =    -2.9615,    23.6066       
# span 9 =     4.1072,     9.3195       
# span 10 = 0.0000e+00, 0.0000e+00      
# interval = seconds: 0.25
# start_time = May 25 2024 13:01:22 [Instrument's time stamp, header]
# bad_flag = -9.990e-29
*END*
[from data line 525]
 146.545153     14.705    16.8868  35.778246    27.2487     14.573  251.50735  251.86124    18.0969     8.0012 -9.990e-29
 146.545156     14.696    16.8867  35.780783    27.2509     14.564  251.50400  251.85787    18.0969     8.0336 -9.990e-29
 146.545159     14.692    16.8867  35.776856    27.2476     14.560  251.50997  251.86385    18.1903     8.0296 -9.990e-29
 146.545162     14.688    16.8863  35.775587    27.2468     14.557  251.51303  251.86691    17.4276     9.2912 -9.990e-29
 146.545165     14.692    16.8865  35.779273    27.2498     14.560  251.50710  251.86097    17.6611     9.2952 -9.990e-29
 146.545168     14.694    16.8865  35.778185    27.2489     14.562  251.50867  251.86254    17.5210     9.3073 -9.990e-29
 146.545171     14.705    16.8867  35.773835    27.2450     14.573  251.51402  251.86793    17.5366     9.3195 -9.990e-29
 146.545174     14.710    16.8872  35.779937    27.2499     14.578  251.50368  251.85757    19.6377     8.4582 -9.990e-29
 146.545177     14.712    16.8874  35.778850    27.2488     14.580  251.50432  251.85823    19.5132     8.4258 -9.990e-29
 146.545179     14.717    16.8873  35.773171    27.2441     14.585  251.51282  251.86676    19.6222     8.4016 -9.990e-29
 146.545182     14.708    16.8870  35.778850    27.2491     14.576  251.50586  251.85975    19.5755     8.4137 -9.990e-29
 146.545185     14.703    16.8865  35.778185    27.2489     14.571  251.50867  251.86255    19.8245     9.0486 -9.990e-29
 146.545188     14.695    16.8863  35.771661    27.2435     14.564  251.51901  251.87290    19.7311     9.0486 -9.990e-29
 146.545191     14.685    16.8859  35.772990    27.2449     14.553  251.51832  251.87220    19.7311     9.0607 -9.990e-29
 146.545194     14.679    16.8858  35.771902    27.2441     14.548  251.52051  251.87438    19.9179     9.0769 -9.990e-29
 146.545197     14.686    16.8856  35.779031    27.2502     14.555  251.51085  251.86468    19.8556     9.0526 -9.990e-29
 146.545200     14.694    16.8858  35.777219    27.2485     14.562  251.51254  251.86639    16.6183     7.5767 -9.990e-29
 146.545203     14.705    16.8858  35.776675    27.2480     14.573  251.51333  251.86718    16.6338     7.5848 -9.990e-29
 146.545205     14.719    16.8858  35.774681    27.2463     14.587  251.51621  251.87007    16.6494     7.5686 -9.990e-29
 146.545208     14.730    16.8856  35.774500    27.2463     14.598  251.51741  251.87126    16.6961     7.5928 -9.990e-29
 146.545211     14.736    16.8851  35.774923    27.2470     14.604  251.51866  251.87248    17.7233     7.6535 -9.990e-29
 146.545214     14.741    16.8847  35.775346    27.2477     14.609  251.51960  251.87340    17.8634     7.6292 -9.990e-29
 146.545217     14.738    16.8845  35.775165    27.2477     14.605  251.52079  251.87458    17.6611     7.6333 -9.990e-29
 146.545220     14.730    16.8845  35.773413    27.2461     14.598  251.52300  251.87681    17.6922     7.6535 -9.990e-29
 146.545223     14.717    16.8842  35.772507    27.2456     14.585  251.52554  251.87934    17.3654     7.9244 -9.990e-29
 146.545226     14.710    16.8840  35.775165    27.2480     14.578  251.52263  251.87640    17.4899     7.9163 -9.990e-29
 146.545229     14.695    16.8841  35.778609    27.2508     14.564  251.51704  251.87080    17.2408     7.8840 -9.990e-29
 146.545231     14.692    16.8846  35.774500    27.2470     14.560  251.52110  251.87491    17.4276     7.8921 -9.990e-29
 146.545234     14.692    16.8846  35.774259    27.2468     14.560  251.52145  251.87526    15.9179     7.5767 -9.990e-29
 146.545237     14.694    16.8846  35.776252    27.2485     14.562  251.51858  251.87237    15.7622     7.5767 -9.990e-29
 146.545240     14.701    16.8845  35.774077    27.2467     14.569  251.52203  251.87583    15.9957     7.6050 -9.990e-29
 146.545243     14.710    16.8845  35.773836    27.2466     14.578  251.52269  251.87649    15.9490     7.5686 -9.990e-29
 146.545246     14.713    16.8847  35.773413    27.2460     14.582  251.52237  251.87619    15.8556     7.5645 -9.990e-29
 146.545249     14.721    16.8845  35.772446    27.2453     14.589  251.52439  251.87820    17.4120     7.8557 -9.990e-29
 146.545252     14.723    16.8844  35.774500    27.2472     14.591  251.52205  251.87584    17.2875     7.8274 -9.990e-29
 146.545255     14.726    16.8842  35.774923    27.2476     14.594  251.52206  251.87584    17.3809     7.8476 -9.990e-29
 146.545258     14.723    16.8840  35.777763    27.2502     14.591  251.51858  251.87234    17.3654     7.8274 -9.990e-29
 146.545260     14.717    16.8840  35.775165    27.2480     14.585  251.52232  251.87610    18.2992     8.2681 -9.990e-29
 146.545263     14.719    16.8843  35.770332    27.2437     14.587  251.52837  251.88218    18.2058     8.2964 -9.990e-29
 146.545266     14.713    16.8844  35.774682    27.2473     14.582  251.52178  251.87557    18.2214     8.3247 -9.990e-29
 146.545269     14.717    16.8843  35.775769    27.2483     14.585  251.52052  251.87431    18.2836     8.2843 -9.990e-29
 146.545272     14.719    16.8840  35.775588    27.2483     14.587  251.52172  251.87549    18.3926     7.8435 -9.990e-29
 146.545275     14.726    16.8840  35.773413    27.2465     14.594  251.52486  251.87864    18.5638     7.8516 -9.990e-29
 146.545278     14.737    16.8839  35.774500    27.2475     14.605  251.52391  251.87768    18.7661     7.8152 -9.990e-29
 146.545281     14.741    16.8841  35.776011    27.2486     14.609  251.52081  251.87458    18.4082     7.8112 -9.990e-29
 146.545284     14.745    16.8843  35.774682    27.2474     14.612  251.52211  251.87590    23.6066     8.3975 -9.990e-29
