seaocn-cb/data/ctd_cnv/SBE19plus_01907321_2024_05_28_Cast92.cnv
* Sea-Bird SBE19plus  Data File:
* FileName = E:\Prandtl_Daten\2024\28052024\raw\SBE19plus_01907321_2024_05_28_Cast92.hex
* Software version 2.6.1.12
* Temperature SN = 7321
* Conductivity SN = 7321
* System UpLoad Time = May 28 2024 11:46:51
* <ApplicationData>
* <Seaterm232>
** 20240527
** Sea Practical 2024
** MCat 27.05 CTD_SP7
** NMEA Latitude = 54 8.35N
** NMEA Longitude = 008 20.85E
** waterdepth = 14.0m
** Isabelle
# nquan = 11
# nvalues = 478                         
# units = specified
# name 0 = timeJ: Julian Days
# name 1 = prdM: Pressure, Strain Gauge [db]
# name 2 = tv290C: Temperature [ITS-90, deg C]
# name 3 = c0mS/cm: Conductivity [mS/cm]
# name 4 = sal00: Salinity, Practical [PSU]
# name 5 = depSM: Depth [salt water, m], lat = 54.00
# name 6 = oxsatMm/Kg: Oxygen Saturation, Weiss [umol/kg]
# name 7 = oxsolMm/Kg: Oxygen Saturation, Garcia & Gordon [umol/kg]
# name 8 = turbWETntu0: Turbidity, WET Labs ECO [NTU]
# name 9 = flECO-AFL: Fluorescence, WET Labs ECO-AFL/FL [mg/m^3]
# name 10 = flag:  0.000e+00
# span 0 = 149.487167, 149.488547       
# span 1 =      0.408,     13.352       
# span 2 =    15.0699,    16.5850       
# span 3 =  37.169418,  37.825298       
# span 4 =    28.6906,    30.3416       
# span 5 =      0.405,     13.232       
# span 6 =  250.53985,  255.29177       
# span 7 =  250.87172,  255.53935       
# span 8 =    -4.1755,    16.7272       
# span 9 =     1.7417,     6.9620       
# span 10 = 0.0000e+00, 0.0000e+00      
# interval = seconds: 0.25
# start_time = May 28 2024 11:40:21 [Instrument's time stamp, header]
# bad_flag = -9.990e-29
*END*
[from data line 132]
 149.487549      4.166    16.1123  37.195448    29.0070      4.129  252.33281  252.64122    -3.8409     2.8355 0.0000e+00
 149.487552      4.210    16.1110  37.193117    29.0071      4.172  252.33919  252.64755    -3.8020     2.8375 0.0000e+00
 149.487555      4.268    16.1070  37.198825    29.0147      4.230  252.34563  252.65375    -3.7397     2.8335 0.0000e+00
 149.487558      4.323    16.1021  37.200237    29.0195      4.284  252.36206  252.66992    -3.3817     2.7324 0.0000e+00
 149.487561      4.379    16.0937  37.204044    29.0289      4.340  252.38774  252.69515    -3.3195     2.7243 0.0000e+00
 149.487564      4.431    16.0889  37.203922    29.0324      4.391  252.40590  252.71306    -3.3506     2.7183 0.0000e+00
 149.487567      4.469    16.0840  37.203617    29.0359      4.429  252.42406  252.73097    -3.3195     2.7243 -9.990e-29
 149.487569      4.491    16.0684  37.206072    29.0491      4.451  252.47935  252.78544    -3.1327     2.6515 -9.990e-29
 149.487572      4.504    16.0635  37.208467    29.0548      4.464  252.49397  252.79980    -2.9459     2.6596 -9.990e-29
 149.487575      4.507    16.0596  37.211106    29.0599      4.467  252.50464  252.81025    -3.0238     2.6636 -9.990e-29
 149.487578      4.515    16.0566  37.206074    29.0577      4.474  252.52350  252.82899    -3.0704     2.6434 -9.990e-29
 149.487581      4.518    16.0538  37.211107    29.0642      4.478  252.52641  252.83172    -3.1950     2.6636 -9.990e-29
 149.487584      4.529    16.0512  37.210432    29.0654      4.489  252.53697  252.84215    -3.5218     2.5342 -9.990e-29
 149.487587      4.549    16.0492  37.212949    29.0691      4.508  252.54097  252.84603    -3.5529     2.5464 -9.990e-29
 149.487590      4.567    16.0460  37.209758    29.0681      4.526  252.55862  252.86354    -3.5529     2.5059 -9.990e-29
 149.487593      4.598    16.0453  37.209144    29.0693      4.557  252.55987  252.86475    -3.5374     2.5564 0.0000e+00
 149.487595      4.638    16.0447  37.210679    29.0704      4.597  252.56111  252.86596    -3.5529     2.5828 0.0000e+00
 149.487598      4.675    16.0430  37.211784    29.0726      4.633  252.56574  252.87049    -3.5529     2.5828 0.0000e+00
 149.487601      4.720    16.0412  37.213380    29.0753      4.678  252.57023  252.87488    -3.5685     2.5828 0.0000e+00
 149.487604      4.768    16.0390  37.213504    29.0769      4.725  252.57813  252.88266    -3.5529     2.6030 0.0000e+00
 149.487607      4.808    16.0377  37.217985    29.0798      4.765  252.57970  252.88415    -3.4284     2.7243 0.0000e+00
 149.487610      4.837    16.0364  37.216389    29.0827      4.794  252.58128  252.88565    -3.2883     2.8456 -9.990e-29
 149.487613      4.859    16.0311  37.216758    29.0855      4.815  252.60282  252.90693    -3.2105     2.8537 -9.990e-29
 149.487616      4.873    16.0295  37.219091    29.0887      4.830  252.60559  252.90960    -3.3195     2.8739 -9.990e-29
 149.487619      4.879    16.0272  37.220687    29.0918      4.835  252.61155  252.91543    -3.3195     3.1246 -9.990e-29
 149.487622      4.881    16.0252  37.220012    29.0926      4.837  252.62001  252.92380    -3.2572     3.0761 -9.990e-29
 149.487624      4.886    16.0232  37.223450    29.0971      4.843  252.62261  252.92627    -3.2572     3.0842 -9.990e-29
 149.487627      4.903    16.0158  37.230694    29.1088      4.859  252.63910  252.94234    -3.5685     3.1125 -9.990e-29
 149.487630      4.932    16.0138  37.230756    29.1094      4.888  252.64808  252.95122    -3.6541     2.8092 0.0000e+00
 149.487633      4.967    16.0119  37.228731    29.1100      4.922  252.65705  252.96010    -3.7397     2.5221 0.0000e+00
 149.487636      5.013    16.0102  37.228670    29.1111      4.968  252.66289  252.96576    -3.8642     2.5221 0.0000e+00
 149.487639      5.065    16.0089  37.232231    29.1151      5.020  252.66343  252.96639    -3.8642     2.5221 0.0000e+00
 149.487642      5.109    16.0070  37.230942    29.1154      5.064  252.67199  252.97477    -3.8642     2.5302 0.0000e+00
 149.487645      5.149    16.0061  37.230513    29.1159      5.103  252.67560  252.97834    -3.5762     2.6333 0.0000e+00
 149.487648      5.181    16.0052  37.230267    29.1163      5.134  252.67921  252.98191    -3.2883     2.7364 -9.990e-29
 149.487650      5.204    16.0046  37.234135    29.1199      5.158  252.67620  252.97883    -3.3506     2.7041 -9.990e-29
 149.487653      5.226    16.0035  37.240275    29.1260      5.179  252.67117  252.97371    -3.3662     2.7324 -9.990e-29
 149.487656      5.242    15.9996  37.250161    29.1375      5.196  252.67095  252.97323    -3.6152     2.7324 -9.990e-29
 149.487659      5.261    15.9928  37.266681    29.1568      5.214  252.67149  252.97331    -3.5062     2.7243 -9.990e-29
 149.487662      5.285    15.9787  37.278660    29.1776      5.237  252.70649  253.00751    -3.4595     2.7364 -9.990e-29
 149.487665      5.301    15.9601  37.285788    29.1975      5.254  252.76540  253.06540    -3.5529     2.7243 -9.990e-29
 149.487668      5.319    15.9308  37.296786    29.2373      5.271  252.84323  253.14158    -3.5996     2.9750 -9.990e-29
 149.487671      5.348    15.9232  37.306802    29.2525      5.300  252.85530  253.15318    -3.5063     2.9750 0.0000e+00
 149.487674      5.381    15.9156  37.328680    29.2676      5.333  252.86736  253.16478    -3.5841     2.9750 0.0000e+00
 149.487677      5.412    15.8975  37.331510    29.2834      5.364  252.93082  253.22727    -3.4129     2.9710 0.0000e+00
 149.487679      5.450    15.8847  37.337842    29.2983      5.402  252.96909  253.26483    -3.3817     2.9710 0.0000e+00
 149.487682      5.481    15.8741  37.344604    29.3120      5.432  252.99867  253.29381    -3.1171     3.1408 0.0000e+00
 149.487685      5.514    15.8681  37.356224    29.3216      5.465  253.01246  253.30725    -3.0938     3.1650 0.0000e+00
 149.487688      5.542    15.8620  37.356287    29.3311      5.492  253.02625  253.32068    -3.1171     3.1893 -9.990e-29
 149.487691      5.563    15.8349  37.362129    29.3563      5.514  253.11878  253.41174    -3.0238     3.1448 -9.990e-29
 149.487694      5.583    15.8257  37.366127    29.3666      5.533  253.14743  253.43988    -3.3039     2.7486 -9.990e-29
 149.487697      5.596    15.8163  37.372768    29.3793      5.546  253.17237  253.46428    -3.3817     2.7162 -9.990e-29
 149.487700      5.611    15.8043  37.379595    29.3942      5.561  253.20708  253.49831    -3.3662     2.7122 -9.990e-29
 149.487703      5.631    15.7928  37.379658    29.4028      5.580  253.25024  253.54086    -3.1950     2.6960 -9.990e-29
 149.487705      5.653    15.7797  37.381811    29.4142      5.602  253.29664  253.58655    -3.6152     2.9386 -9.990e-29
 149.487708      5.682    15.7776  37.381504    29.4145      5.631  253.30631  253.59611    -3.4985     2.9649 0.0000e+00
 149.487711      5.715    15.7755  37.378922    29.4149      5.663  253.31597  253.60567    -3.4595     2.9669 0.0000e+00
 149.487714      5.753    15.7728  37.380091    29.4180      5.702  253.32399  253.61343    -3.3817     2.9669 0.0000e+00
 149.487717      5.795    15.7713  37.384211    29.4227      5.743  253.32458  253.61413    -3.3506     2.9143 0.0000e+00
 149.487720      5.833    15.7706  37.386979    29.4245      5.781  253.32472  253.61411    -3.3506     2.8901 0.0000e+00
 149.487723      5.859    15.7698  37.386364    29.4262      5.806  253.32544  253.61479    -3.3506     2.8658 -9.990e-29
 149.487726      5.882    15.7627  37.388333    29.4327      5.830  253.35006  253.63902    -3.3662     2.9427 -9.990e-29
 149.487729      5.899    15.7586  37.384398    29.4323      5.846  253.37143  253.66020    -3.5218     2.9224 -9.990e-29
 149.487731      5.911    15.7560  37.386059    29.4357      5.859  253.37869  253.66730    -3.5685     3.4077 -9.990e-29
 149.487734      5.926    15.7537  37.387412    29.4385      5.873  253.38493  253.67342    -3.6463     3.4117 -9.990e-29
 149.487737      5.941    15.7519  37.390548    29.4426      5.888  253.38729  253.67566    -3.6152     3.4158 -9.990e-29
 149.487740      5.961    15.7496  37.393870    29.4472      5.908  253.39084  253.67907    -3.5062     3.4158 -9.990e-29
 149.487743      5.985    15.7430  37.394916    29.4553      5.931  253.40984  253.69769    -3.6152     3.0397 -9.990e-29
 149.487746      6.018    15.7407  37.397561    29.4579      5.964  253.41708  253.70480    -3.5997     3.0316 0.0000e+00
 149.487749      6.056    15.7384  37.399530    29.4605      6.002  253.42433  253.71192    -3.6152     3.0397 0.0000e+00
 149.487752      6.096    15.7343  37.401191    29.4649      6.042  253.43692  253.72428    -3.5841     3.0437 0.0000e+00
 149.487755      6.140    15.7303  37.402791    29.4693      6.085  253.44960  253.73674    -3.5218     3.4562 0.0000e+00
 149.487758      6.184    15.7254  37.411280    29.4804      6.129  253.45507  253.74189    -3.5062     3.4643 0.0000e+00
 149.487760      6.224    15.7216  37.410296    29.4828      6.168  253.47003  253.75664    -3.4906     3.4703 0.0000e+00
 149.487763      6.255    15.7178  37.413804    29.4852      6.199  253.48498  253.77140    -3.4595     3.4764 -9.990e-29
 149.487766      6.275    15.7033  37.415527    29.5005      6.219  253.53146  253.81707    -3.5218     2.8173 -9.990e-29
 149.487769      6.288    15.6986  37.417927    29.5062      6.231  253.54556  253.83090    -3.4907     2.8699 -9.990e-29
 149.487772      6.299    15.6937  37.417497    29.5094      6.242  253.56454  253.84963    -3.4595     2.8860 -9.990e-29
 149.487775      6.311    15.6891  37.420942    29.5159      6.255  253.57675  253.86156    -3.5841     2.8254 -9.990e-29
 149.487778      6.330    15.6841  37.421866    29.5204      6.273  253.59397  253.87851    -3.3506     2.8254 -9.990e-29
 149.487781      6.348    15.6792  37.425189    29.5270      6.291  253.60754  253.89179    -3.3350     3.3713 -9.990e-29
 149.487784      6.372    15.6710  37.429003    29.5366      6.315  253.63230  253.91609    -3.3506     3.3349 -9.990e-29
 149.487786      6.403    15.6690  37.429127    29.5384      6.345  253.63908  253.92276    -3.3584     3.3531 0.0000e+00
 149.487789      6.428    15.6670  37.429928    29.5402      6.371  253.64587  253.92943    -3.3662     3.3349 0.0000e+00
 149.487792      6.463    15.6630  37.435465    29.5481      6.405  253.65252  253.93583    -3.3817     3.3106 0.0000e+00
 149.487795      6.492    15.6582  37.431713    29.5484      6.434  253.67627  253.95935    -3.3817     3.2823 0.0000e+00
 149.487798      6.519    15.6561  37.435713    29.5517      6.461  253.68135  253.96430    -3.3584     3.2965 0.0000e+00
 149.487801      6.549    15.6539  37.436759    29.5551      6.490  253.68643  253.96925    -3.3195     3.2823 -9.990e-29
 149.487804      6.571    15.6400  37.438545    29.5666      6.512  253.73677  254.01883    -3.8331     3.3915 -9.990e-29
 149.487807      6.602    15.6383  37.437007    29.5676      6.543  253.74316  254.02514    -3.8253     3.4036 0.0000e+00
 149.487810      6.634    15.6367  37.436577    29.5686      6.575  253.74955  254.03144    -3.8175     3.4077 0.0000e+00
 149.487812      6.665    15.6331  37.440946    29.5752      6.606  253.75649  254.03815    -3.8020     3.4077 0.0000e+00
 149.487815      6.696    15.6295  37.441623    29.5785      6.637  253.76905  254.05051    -3.8020     3.3106 0.0000e+00
 149.487818      6.724    15.6262  37.440209    29.5797      6.664  253.78362  254.06492    -3.8175     3.3025 0.0000e+00
 149.487821      6.751    15.6243  37.441809    29.5818      6.691  253.78964  254.07083    -3.8642     3.2945 0.0000e+00
 149.487824      6.780    15.6223  37.442302    29.5840      6.720  253.79566  254.07673    -3.9109     3.3025 -9.990e-29
 149.487827      6.802    15.6161  37.442917    29.5907      6.742  253.81575  254.09647    -3.8487     3.1853 -9.990e-29
 149.487830      6.833    15.6146  37.444148    29.5924      6.772  253.82047  254.10111    -3.8720     3.1913 0.0000e+00
 149.487833      6.864    15.6131  37.445318    29.5916      6.803  253.82519  254.10574    -3.8953     3.1853 0.0000e+00
 149.487836      6.893    15.6119  37.440519    29.5928      6.832  253.83359  254.11408    -3.9187     3.1570 0.0000e+00
 149.487839      6.921    15.6106  37.443903    29.5916      6.859  253.84198  254.12243    -3.9420     3.1165 -9.990e-29
 149.487841      6.937    15.6070  37.446857    29.5998      6.875  253.84561  254.12582    -3.7086     3.2298 -9.990e-29
 149.487844      6.945    15.6041  37.442796    29.5984      6.882  253.86273  254.14281    -3.9265     3.1974 -9.990e-29
 149.487847      6.955    15.6015  37.444458    29.6018      6.893  253.86993  254.14986    -3.8487     3.2419 -9.990e-29
 149.487850      6.959    15.5991  37.447597    29.6064      6.897  253.87429  254.15407    -3.8175     3.2176 -9.990e-29
 149.487853      6.972    15.5965  37.444890    29.6060      6.910  253.88817  254.16782    -3.8798     3.4885 -9.990e-29
 149.487856      6.986    15.5947  37.444828    29.6073      6.924  253.89505  254.17461    -3.7086     3.4764 -9.990e-29
 149.487859      7.010    15.5900  37.444275    29.6108      6.947  253.91279  254.19209    -3.8020     3.4966 -9.990e-29
 149.487862      7.045    15.5889  37.444829    29.6115      6.982  253.91722  254.19646    -3.7241     3.4946 0.0000e+00
 149.487865      7.087    15.5878  37.444460    29.6121      7.023  253.92164  254.20082    -3.6463     3.4926 0.0000e+00
 149.487867      7.130    15.5856  37.445322    29.6145      7.067  253.92860  254.20766    -3.5841     3.4764 0.0000e+00
 149.487870      7.189    15.5833  37.445138    29.6160      7.124  253.93747  254.21641    -3.5841     3.4764 0.0000e+00
 149.487873      7.242    15.5815  37.444831    29.6171      7.177  253.94476  254.22360    -3.5841     3.4845 0.0000e+00
 149.487876      7.289    15.5808  37.445570    29.6180      7.224  253.94701  254.22581    -3.6152     3.5027 0.0000e+00
 149.487879      7.318    15.5800  37.445324    29.6188      7.253  253.94926  254.22802    -3.6463     3.4845 -9.990e-29
 149.487882      7.342    15.5770  37.444032    29.6197      7.276  253.96285  254.24146    -3.2728     3.7231 -9.990e-29
 149.487885      7.353    15.5762  37.445324    29.6214      7.287  253.96383  254.24238    -3.3506     3.7271 -9.990e-29
 149.487888      7.358    15.5751  37.444463    29.6215      7.292  253.96928  254.24778    -3.3973     3.7190 -9.990e-29
 149.487891      7.362    15.5742  37.446247    29.6238      7.296  253.97009  254.24853    -3.8798     4.0223 -9.990e-29
 149.487894      7.369    15.5728  37.445817    29.6244      7.303  253.97607  254.25443    -3.8175     4.0061 -9.990e-29
 149.487896      7.389    15.5699  37.445756    29.6288      7.323  253.98324  254.26143    -3.7553     3.9819 -9.990e-29
 149.487899      7.415    15.5694  37.448279    29.6292      7.349  253.98493  254.26309    -3.8020     4.5258 0.0000e+00
 149.487902      7.459    15.5689  37.448402    29.6296      7.392  253.98661  254.26475    -3.8331     5.0615 0.0000e+00
 149.487905      7.502    15.5681  37.448279    29.6301      7.435  253.99007  254.26816    -3.8331     5.0615 0.0000e+00
 149.487908      7.544    15.5675  37.449080    29.6309      7.477  253.99183  254.26988    -3.8019     5.0574 0.0000e+00
 149.487911      7.583    15.5668  37.448957    29.6317      7.515  253.99359  254.27161    -3.7708     5.0534 -9.990e-29
 149.487914      7.606    15.5649  37.452342    29.6360      7.538  253.99601  254.27389    -2.9304     4.3296 -9.990e-29
 149.487917      7.615    15.5637  37.450126    29.6350      7.547  254.00383  254.28166    -2.8992     4.2892 -9.990e-29
 149.487920      7.614    15.5624  37.451727    29.6374      7.545  254.00639  254.28414    -2.9304     4.3296 -9.990e-29
 149.487922      7.610    15.5617  37.451973    29.6381      7.542  254.00837  254.28609    -3.0860     4.3013 -9.990e-29
