seaocn-cb/data/ctd_cnv/SBE19plus_01907321_2024_05_27_Cast75.cnv
* Sea-Bird SBE19plus  Data File:
* FileName = E:\Prandtl_Daten\2024\27052024\raw\SBE19plus_01907321_2024_05_27_Cast75.hex
* Software version 2.6.1.12
* Temperature SN = 7321
* Conductivity SN = 7321
* System UpLoad Time = May 27 2024 09:50:14
* <ApplicationData>
* <Seaterm232>
** 20240527
** Sea Practical 2024
** MCat 27.05 CTD_SP5
** NMEA Latitude = 54 7.781N
** NMEA Longitude = 008 25.579E
** waterdepth = 9.2m
** Merle
# nquan = 11
# nvalues = 339                         
# units = specified
# name 0 = timeJ: Julian Days
# name 1 = prdM: Pressure, Strain Gauge [db]
# name 2 = tv290C: Temperature [ITS-90, deg C]
# name 3 = c0mS/cm: Conductivity [mS/cm]
# name 4 = sal00: Salinity, Practical [PSU]
# name 5 = depSM: Depth [salt water, m], lat = 54.00
# name 6 = oxsatMm/Kg: Oxygen Saturation, Weiss [umol/kg]
# name 7 = oxsolMm/Kg: Oxygen Saturation, Garcia & Gordon [umol/kg]
# name 8 = turbWETntu0: Turbidity, WET Labs ECO [NTU]
# name 9 = flECO-AFL: Fluorescence, WET Labs ECO-AFL/FL [mg/m^3]
# name 10 = flag:  0.000e+00
# span 0 = 148.407046, 148.408024       
# span 1 =      0.305,      8.294       
# span 2 =    16.3602,    16.4423       
# span 3 =  36.909107,  36.978596       
# span 4 =    28.5765,    28.5973       
# span 5 =      0.303,      8.219       
# span 6 =  251.42584,  251.83070       
# span 7 =  251.75209,  252.15330       
# span 8 =    -1.8564,   104.2292       
# span 9 =     2.8941,     7.9891       
# span 10 = 0.0000e+00, 0.0000e+00      
# interval = seconds: 0.25
# start_time = May 27 2024 09:45:07 [Instrument's time stamp, header]
# bad_flag = -9.990e-29
*END*
 148.407046      0.305    16.4423  36.973695    28.5799      0.303  251.42584  251.75209    -1.3584     2.9224 0.0000e+00
 148.407049      0.390    16.4409  36.973940    28.5811      0.386  251.42998  251.75609    -1.3739     2.9224 0.0000e+00
 148.407052      0.566    16.4399  36.977124    28.5830      0.561  251.43095  251.75713    -1.3739     2.8941 0.0000e+00
 148.407054      0.745    16.4389  36.974615    28.5830      0.738  251.43738  251.76346    -1.2650     2.9265 0.0000e+00
 148.407057      0.858    16.4382  36.971922    28.5823      0.851  251.44210  251.76815    -1.1872     2.9103 0.0000e+00
 148.407060      0.900    16.4375  36.970820    28.5817      0.892  251.44682  251.77284    -1.1094     2.9265 -9.990e-29
 148.407063      0.900    16.4334  36.966046    28.5796      0.892  251.47083  251.79669    -1.2339     2.9629 -9.990e-29
 148.407066      0.862    16.4318  36.966474    28.5810      0.854  251.47590  251.80168    -1.2961     2.9143 -9.990e-29
 148.407069      0.813    16.4306  36.965678    28.5812      0.805  251.48156  251.80729    -1.2650     3.1044 -9.990e-29
 148.407072      0.772    16.4300  36.966229    28.5822      0.766  251.48314  251.80883    -1.3428     3.1044 -9.990e-29
 148.407075      0.751    16.4298  36.969780    28.5854      0.744  251.47851  251.80417    -1.6074     3.1206 -9.990e-29
 148.407078      0.747    16.4302  36.971922    28.5869      0.740  251.47385  251.79952    -1.5763     3.0478 -9.990e-29
 148.407080      0.753    16.4318  36.968494    28.5829      0.746  251.47317  251.79894    -1.1872     3.0437 -9.990e-29
 148.407083      0.791    16.4329  36.969779    28.5832      0.784  251.46709  251.79290    -1.4051     3.0074 -9.990e-29
 148.407086      0.855    16.4343  36.975289    28.5849      0.847  251.45698  251.78285    -1.4051     3.0276 -9.990e-29
 148.407089      0.940    16.4348  36.973024    28.5838      0.932  251.45694  251.78283    -1.3895     3.0821 0.0000e+00
 148.407092      1.022    16.4352  36.971066    28.5830      1.013  251.45690  251.78281    -1.4051     3.1165 0.0000e+00
 148.407095      1.084    16.4355  36.972106    28.5828      1.075  251.45495  251.78088    -1.4595     3.1266 0.0000e+00
 148.407098      1.115    16.4358  36.975535    28.5830      1.105  251.45299  251.77894    -1.5452     3.1165 -9.990e-29
 148.407101      1.126    16.4364  36.971311    28.5818      1.116  251.45178  251.77776    -1.3428     3.1084 -9.990e-29
 148.407104      1.141    16.4364  36.972841    28.5840      1.131  251.44802  251.77399    -0.9537     3.4238 -9.990e-29
 148.407106      1.170    16.4364  36.973882    28.5840      1.160  251.44802  251.77399    -0.9537     3.4238 0.0000e+00
 148.407109      1.203    16.4364  36.977555    28.5840      1.192  251.44802  251.77399    -0.9537     3.4238 -9.990e-29
 148.407112      1.227    16.4363  36.975964    28.5859      1.216  251.44559  251.77154    -1.0782     3.4360 -9.990e-29
 148.407115      1.229    16.4361  36.978596    28.5883      1.218  251.44233  251.76825    -0.9381     3.4360 -9.990e-29
 148.407118      1.218    16.4364  36.972841    28.5832      1.207  251.44988  251.77585    -1.2961     3.4198 -9.990e-29
 148.407121      1.205    16.4364  36.975964    28.5858      1.194  251.44528  251.77123    -1.3428     3.4319 -9.990e-29
 148.407124      1.208    16.4367  36.976453    28.5860      1.197  251.44336  251.76932    -1.4051     3.4522 -9.990e-29
 148.407127      1.227    16.4375  36.973025    28.5825      1.216  251.44540  251.77142    -1.5296     3.3713 -9.990e-29
 148.407130      1.250    16.4382  36.976882    28.5823      1.239  251.44209  251.76814    -1.3428     3.6746 -9.990e-29
 148.407133      1.279    16.4380  36.973454    28.5826      1.268  251.44282  251.76886    -1.3740     3.6564 0.0000e+00
 148.407135      1.311    16.4377  36.973699    28.5829      1.299  251.44355  251.76958    -1.3428     3.6665 0.0000e+00
 148.407138      1.336    16.4368  36.974372    28.5834      1.324  251.44589  251.77187    -1.4051     3.6665 0.0000e+00
 148.407141      1.376    16.4361  36.973026    28.5841      1.364  251.45060  251.77655    -1.6697     3.7271 0.0000e+00
 148.407144      1.427    16.4356  36.975291    28.5848      1.414  251.45091  251.77682    -1.7086     3.7433 0.0000e+00
 148.407147      1.475    16.4351  36.971067    28.5861      1.461  251.45121  251.77710    -1.7475     3.7271 -9.990e-29
 148.407150      1.500    16.4332  36.974863    28.5871      1.487  251.45880  251.78460    -1.7631     3.7150 -9.990e-29
 148.407153      1.507    16.4327  36.972353    28.5852      1.494  251.46430  251.79010    -1.2650     3.8727 -9.990e-29
 148.407156      1.504    16.4319  36.972782    28.5862      1.490  251.46668  251.79243    -1.3117     3.8444 -9.990e-29
 148.407159      1.511    16.4299  36.971680    28.5853      1.498  251.47819  251.80385    -1.2027     3.8525 -9.990e-29
 148.407161      1.540    16.4293  36.970089    28.5842      1.527  251.48277  251.80842    -1.2338     3.8788 0.0000e+00
 148.407164      1.588    16.4288  36.966538    28.5853      1.574  251.48448  251.81005    -1.2650     3.8727 0.0000e+00
 148.407167      1.646    16.4280  36.970763    28.5837      1.631  251.48735  251.81298    -1.3117     3.9050 0.0000e+00
 148.407170      1.690    16.4278  36.966233    28.5855      1.675  251.48872  251.81430    -1.4674     3.8909 0.0000e+00
 148.407173      1.728    16.4275  36.970824    28.5837      1.713  251.49297  251.81854    -1.3117     3.9091 -9.990e-29
 148.407176      1.745    16.4265  36.970763    28.5882      1.729  251.48995  251.81545    -1.2806     3.9172 -9.990e-29
 148.407179      1.748    16.4261  36.967825    28.5860      1.733  251.49578  251.82128    -1.2961     3.9980 -9.990e-29
 148.407182      1.754    16.4255  36.966050    28.5849      1.738  251.50050  251.82598    -1.3895     3.9859 -9.990e-29
 148.407185      1.754    16.4250  36.967641    28.5867      1.738  251.50027  251.82571    -1.3428     3.9778 -9.990e-29
 148.407187      1.759    16.4249  36.968498    28.5875      1.743  251.49931  251.82474    -1.5452     3.9374 -9.990e-29
 148.407190      1.776    16.4245  36.969172    28.5883      1.760  251.49984  251.82524    -1.6074     4.1638 -9.990e-29
 148.407193      1.801    16.4244  36.968498    28.5850      1.785  251.50593  251.83136    -1.8564     4.1638 -9.990e-29
 148.407196      1.834    16.4243  36.965254    28.5861      1.818  251.50449  251.82991    -1.6774     4.1618 0.0000e+00
 148.407199      1.872    16.4244  36.967642    28.5854      1.856  251.50516  251.83058    -1.4985     4.1598 0.0000e+00
 148.407202      1.898    16.4242  36.965805    28.5854      1.881  251.50516  251.83058    -1.4985     3.7959 0.0000e+00
 148.407205      1.927    16.4242  36.964398    28.5854      1.910  251.50516  251.83058    -1.4829     3.7959 0.0000e+00
 148.407208      1.956    16.4242  36.967152    28.5855      1.938  251.50583  251.83125    -1.5296     3.7979 0.0000e+00
 148.407211      1.981    16.4242  36.967152    28.5867      1.964  251.50381  251.82922    -1.4829     3.7999 -9.990e-29
 148.407214      2.005    16.4244  36.961766    28.5819      1.987  251.51116  251.83660    -1.4829     3.8403 -9.990e-29
 148.407216      2.027    16.4246  36.965377    28.5849      2.009  251.50496  251.83039    -1.2650     4.0061 -9.990e-29
 148.407219      2.040    16.4252  36.965255    28.5843      2.022  251.50304  251.82850    -1.0782     4.0385 -9.990e-29
 148.407222      2.056    16.4260  36.961521    28.5806      2.038  251.50553  251.83105    -1.1872     4.0142 -9.990e-29
 148.407225      2.080    16.4261  36.961276    28.5802      2.061  251.50579  251.83132    -1.7631     4.0991 -9.990e-29
 148.407228      2.107    16.4258  36.961154    28.5801      2.089  251.50744  251.83296    -1.7864     4.0789 0.0000e+00
 148.407231      2.138    16.4255  36.960358    28.5802      2.119  251.50813  251.83358    -1.7631     4.0789 0.0000e+00
 148.407234      2.173    16.4248  36.962868    28.5814      2.154  251.50909  251.83460    -1.7164     4.0587 0.0000e+00
 148.407237      2.202    16.4243  36.961154    28.5822      2.182  251.51247  251.83791    -1.5607     4.0223 0.0000e+00
 148.407240      2.240    16.4241  36.961705    28.5818      2.220  251.51283  251.83826    -1.3662     3.9233 0.0000e+00
 148.407242      2.268    16.4239  36.967153    28.5822      2.248  251.51319  251.83861    -1.1716     3.8242 -9.990e-29
 148.407245      2.286    16.4235  36.964154    28.5845      2.266  251.51111  251.83650    -1.1405     3.7837 -9.990e-29
 148.407248      2.305    16.4238  36.963970    28.5841      2.284  251.51019  251.83559    -1.1716     3.7959 -9.990e-29
 148.407251      2.327    16.4239  36.964215    28.5843      2.306  251.50954  251.83495    -1.3428     3.7918 -9.990e-29
 148.407254      2.349    16.4236  36.963542    28.5839      2.328  251.51175  251.83714    -1.3739     3.7635 -9.990e-29
 148.407257      2.378    16.4231  36.960359    28.5815      2.356  251.51825  251.84364    -1.4518     3.7797 -9.990e-29
 148.407260      2.403    16.4228  36.957054    28.5789      2.382  251.52433  251.84972    -1.4206     3.8201 -9.990e-29
 148.407263      2.423    16.4222  36.961951    28.5835      2.402  251.51925  251.84458    -1.3895     3.7878 -9.990e-29
 148.407266      2.432    16.4221  36.956748    28.5792      2.411  251.52751  251.85287    -1.2339     4.1881 -9.990e-29
 148.407269      2.434    16.4218  36.960727    28.5828      2.412  251.52256  251.84788    -1.2339     4.2204 -9.990e-29
 148.407271      2.430    16.4217  36.961033    28.5831      2.409  251.52241  251.84773    -0.9848     4.1517 -9.990e-29
 148.407274      2.436    16.4217  36.960360    28.5825      2.414  251.52370  251.84902    -1.2806     4.1679 -9.990e-29
 148.407277      2.452    16.4204  36.958340    28.5846      2.430  251.52626  251.85151    -1.7786     4.0425 -9.990e-29
 148.407280      2.483    16.4200  36.961707    28.5837      2.461  251.52991  251.85514    -1.6852     4.0668 0.0000e+00
 148.407283      2.529    16.4196  36.959014    28.5846      2.507  251.53285  251.85803    -1.7786     4.0425 0.0000e+00
 148.407286      2.589    16.4189  36.961156    28.5851      2.566  251.53322  251.85837    -1.6385     4.0910 0.0000e+00
 148.407289      2.648    16.4185  36.961952    28.5861      2.624  251.53285  251.85803    -1.6541     4.5035 0.0000e+00
 148.407292      2.695    16.4185  36.963544    28.5867      2.671  251.53206  251.85721    -1.6463     4.5156 0.0000e+00
 148.407295      2.741    16.4185  36.959627    28.5874      2.716  251.53090  251.85605    -1.6541     4.5278 -9.990e-29
 148.407297      2.766    16.4187  36.966238    28.5896      2.741  251.52638  251.85151    -1.5452     4.5075 -9.990e-29
 148.407300      2.775    16.4196  36.962626    28.5859      2.750  251.52839  251.85359    -0.9070     4.0749 -9.990e-29
 148.407303      2.777    16.4203  36.964891    28.5873      2.752  251.52234  251.84757    -1.2494     4.0344 -9.990e-29
 148.407306      2.775    16.4217  36.962442    28.5842      2.750  251.52083  251.84613    -1.0938     4.0425 -9.990e-29
 148.407309      2.777    16.4231  36.964156    28.5847      2.752  251.51289  251.83826    -1.2961     4.0385 -9.990e-29
 148.407312      2.790    16.4235  36.963788    28.5821      2.765  251.51528  251.84068    -1.4051     3.8484 -9.990e-29
 148.407315      2.823    16.4232  36.961524    28.5808      2.797  251.51900  251.84439    -1.3584     3.8484 0.0000e+00
 148.407318      2.857    16.4230  36.957913    28.5801      2.832  251.52272  251.84811    -1.4051     3.8484 0.0000e+00
 148.407321      2.899    16.4224  36.958341    28.5801      2.873  251.52272  251.84811    -1.4673     3.8484 0.0000e+00
 148.407323      2.943    16.4223  36.960178    28.5810      2.917  251.52318  251.84854    -1.5063     3.8606 0.0000e+00
 148.407326      2.972    16.4222  36.957240    28.5818      2.946  251.52214  251.84749    -1.4673     3.8889 -9.990e-29
 148.407329      2.987    16.4214  36.956322    28.5791      2.960  251.53085  251.85618    -1.2494     4.3256 -9.990e-29
 148.407332      2.994    16.4207  36.958587    28.5815      2.968  251.53023  251.85551    -0.9693     4.2892 -9.990e-29
 148.407335      2.991    16.4194  36.951670    28.5765      2.964  251.54523  251.87048    -1.2339     4.3498 -9.990e-29
 148.407338      2.991    16.4172  36.956751    28.5824      2.964  251.54588  251.87100    -1.4051     4.1355 -9.990e-29
 148.407341      2.998    16.4150  36.950569    28.5787      2.971  251.56341  251.88845    -1.3739     4.0749 -9.990e-29
 148.407344      3.022    16.4121  36.951794    28.5820      2.995  251.57182  251.89672    -1.5296     4.1355 -9.990e-29
 148.407347      3.056    16.4117  36.952039    28.5818      3.029  251.57429  251.89916    -1.2883     4.2164 0.0000e+00
 148.407350      3.100    16.4113  36.950754    28.5820      3.073  251.57521  251.90006    -1.0471     4.2771 0.0000e+00
 148.407352      3.142    16.4113  36.952223    28.5821      3.114  251.57562  251.90048    -1.0471     4.2973 0.0000e+00
 148.407355      3.186    16.4113  36.951549    28.5825      3.157  251.57541  251.90027    -1.1872     4.3195 0.0000e+00
 148.407358      3.217    16.4113  36.954855    28.5821      3.188  251.57562  251.90048    -1.3273     4.3620 -9.990e-29
 148.407361      3.235    16.4118  36.955406    28.5851      3.206  251.56817  251.89303    -1.0782     4.3175 -9.990e-29
 148.407364      3.259    16.4125  36.955650    28.5848      3.230  251.56511  251.89001    -0.7514     4.1153 -9.990e-29
 148.407367      3.283    16.4138  36.957915    28.5817      3.253  251.56402  251.88899    -0.7358     4.1598 -9.990e-29
 148.407370      3.312    16.4142  36.953141    28.5822      3.282  251.56132  251.88630    -0.6658     4.1477 0.0000e+00
 148.407373      3.343    16.4146  36.954977    28.5817      3.313  251.56098  251.88599    -0.7358     4.1355 0.0000e+00
 148.407376      3.376    16.4146  36.953386    28.5813      3.345  251.56098  251.88599    -1.0160     4.0061 0.0000e+00
 148.407378      3.408    16.4146  36.950877    28.5802      3.378  251.56284  251.88785    -1.0938     3.9940 0.0000e+00
 148.407381      3.439    16.4146  36.952958    28.5792      3.409  251.56469  251.88971    -1.0160     4.0061 -9.990e-29
 148.407384      3.459    16.4133  36.948429    28.5779      3.429  251.57284  251.89782    -1.2650     3.9859 -9.990e-29
 148.407387      3.467    16.4121  36.948613    28.5790      3.436  251.57739  251.90230    -0.6891     4.0830 -9.990e-29
 148.407390      3.461    16.4112  36.949041    28.5799      3.430  251.57977  251.90464    -1.0627     4.1032 -9.990e-29
 148.407393      3.454    16.4101  36.950633    28.5821      3.423  251.58164  251.90644    -0.8915     4.0627 -9.990e-29
 148.407396      3.445    16.4091  36.952897    28.5848      3.414  251.58221  251.90695    -1.0004     4.0223 -9.990e-29
 148.407399      3.456    16.4074  36.954856    28.5923      3.425  251.57784  251.90245    -1.2806     3.9617 -9.990e-29
 148.407402      3.489    16.4075  36.960181    28.5918      3.458  251.57808  251.90269    -1.2650     3.9879 0.0000e+00
 148.407405      3.538    16.4076  36.959263    28.5923      3.506  251.57784  251.90245    -1.2806     4.0142 0.0000e+00
 148.407407      3.594    16.4079  36.962875    28.5942      3.562  251.57212  251.89675    -1.2494     4.0142 0.0000e+00
 148.407410      3.646    16.4082  36.966487    28.5955      3.613  251.56827  251.89290    -1.2494     3.9536 0.0000e+00
 148.407413      3.691    16.4083  36.964712    28.5963      3.658  251.56680  251.89143    -1.1871     3.9536 0.0000e+00
 148.407416      3.720    16.4082  36.965446    28.5955      3.687  251.56827  251.89290    -1.2494     3.9536 -9.990e-29
 148.407419      3.733    16.4075  36.961039    28.5928      3.700  251.57611  251.90073    -1.1872     3.9859 -9.990e-29
 148.407422      3.741    16.4070  36.965814    28.5973      3.707  251.57089  251.89546    -1.1716     4.0183 -9.990e-29
