seaocn-cb/data/ctd_cnv/SBE19plus_01907321_2024_05_28_Cast89.cnv
* Sea-Bird SBE19plus  Data File:
* FileName = E:\Prandtl_Daten\2024\28052024\raw\SBE19plus_01907321_2024_05_28_Cast89.hex
* Software version 2.6.1.12
* Temperature SN = 7321
* Conductivity SN = 7321
* System UpLoad Time = May 28 2024 10:44:15
* <ApplicationData>
* <Seaterm232>
** 20240527
** Sea Practical 2024
** MCat 27.05 CTD_SP5
** NMEA Latitude = 54 7.73N
** NMEA Longitude = 008 25.52E
** waterdepth = 9.2m
** Isabelle
# nquan = 11
# nvalues = 383                         
# units = specified
# name 0 = timeJ: Julian Days
# name 1 = prdM: Pressure, Strain Gauge [db]
# name 2 = tv290C: Temperature [ITS-90, deg C]
# name 3 = c0mS/cm: Conductivity [mS/cm]
# name 4 = sal00: Salinity, Practical [PSU]
# name 5 = depSM: Depth [salt water, m], lat = 54.00
# name 6 = oxsatMm/Kg: Oxygen Saturation, Weiss [umol/kg]
# name 7 = oxsolMm/Kg: Oxygen Saturation, Garcia & Gordon [umol/kg]
# name 8 = turbWETntu0: Turbidity, WET Labs ECO [NTU]
# name 9 = flECO-AFL: Fluorescence, WET Labs ECO-AFL/FL [mg/m^3]
# name 10 = flag:  0.000e+00
# span 0 = 149.443828, 149.444933       
# span 1 =      0.324,      8.524       
# span 2 =    16.2875,    16.7391       
# span 3 =  36.981652,  37.058183       
# span 4 =    28.4312,    28.7324       
# span 5 =      0.321,      8.448       
# span 6 =  250.20494,  251.93761       
# span 7 =  250.54505,  252.25593       
# span 8 =    -2.7436,   162.1747       
# span 9 =     2.7486,    10.8075       
# span 10 = 0.0000e+00, 0.0000e+00      
# interval = seconds: 0.25
# start_time = May 28 2024 10:37:02 [Instrument's time stamp, header]
# bad_flag = -9.990e-29
*END*
[from data line 132]
 149.444210      3.847    16.5282  36.985513    28.5288      3.813  251.09086  251.42125    -1.8876     3.2136 0.0000e+00
 149.444213      3.911    16.5267  36.985697    28.5288      3.876  251.09605  251.42637    -1.7786     3.2136 0.0000e+00
 149.444216      3.966    16.5248  36.986861    28.5312      3.930  251.10161  251.43183    -1.6852     3.5411 0.0000e+00
 149.444219      4.024    16.5230  36.988453    28.5338      3.988  251.10594  251.43606    -1.6852     3.5411 0.0000e+00
 149.444222      4.070    16.5206  36.988331    28.5354      4.033  251.11518  251.44519    -1.6852     3.5735 0.0000e+00
 149.444225      4.113    16.5194  36.988209    28.5362      4.076  251.11995  251.44990    -1.6696     3.5573 0.0000e+00
 149.444227      4.150    16.5181  36.987720    28.5371      4.113  251.12472  251.45461    -1.6541     3.5775 -9.990e-29
 149.444230      4.175    16.5135  36.989863    28.5418      4.138  251.13951  251.46916    -1.6385     3.2581 -9.990e-29
 149.444233      4.183    16.5118  36.988884    28.5422      4.145  251.14728  251.47685    -1.7786     3.3147 -9.990e-29
 149.444236      4.175    16.5103  36.988210    28.5426      4.138  251.15368  251.48319    -1.6230     3.2985 -9.990e-29
 149.444239      4.159    16.5089  36.987904    28.5433      4.122  251.15924  251.48869    -1.7164     3.5452 -9.990e-29
 149.444242      4.144    16.5074  36.985945    28.5428      4.107  251.16783  251.49721    -1.5918     3.5492 -9.990e-29
 149.444245      4.133    16.5052  36.988639    28.5466      4.096  251.17201  251.50127    -1.6541     3.5492 -9.990e-29
 149.444248      4.128    16.5027  36.987905    28.5478      4.091  251.18242  251.51156    -1.6852     3.5371 -9.990e-29
 149.444251      4.141    16.5005  36.985028    28.5469      4.104  251.19478  251.52383    -1.6385     3.5371 -9.990e-29
 149.444253      4.159    16.4982  36.984477    28.5526      4.122  251.19625  251.52516    -1.9809     3.3753 -9.990e-29
 149.444256      4.197    16.4982  36.989804    28.5517      4.160  251.19808  251.52700    -1.9809     3.3693 0.0000e+00
 149.444259      4.241    16.4982  36.987722    28.5509      4.203  251.19943  251.52837    -1.9809     3.3632 0.0000e+00
 149.444262      4.285    16.4985  36.987049    28.5509      4.247  251.19943  251.52837    -1.9343     3.3632 0.0000e+00
 149.444265      4.331    16.4994  36.989988    28.5500      4.292  251.19394  251.52294    -1.9343     3.4845 0.0000e+00
 149.444268      4.372    16.4998  36.987539    28.5495      4.333  251.19371  251.52272    -1.9654     3.4845 0.0000e+00
 149.444271      4.409    16.4999  36.987294    28.5491      4.370  251.19394  251.52294    -1.9654     3.4885 0.0000e+00
 149.444274      4.436    16.4999  36.986376    28.5487      4.397  251.19424  251.52326    -1.9343     3.4906 0.0000e+00
 149.444277      4.465    16.5000  36.985947    28.5483      4.425  251.19477  251.52379    -1.9031     3.5007 -9.990e-29
 149.444280      4.489    16.4998  36.987478    28.5494      4.449  251.19409  251.52309    -1.8720     3.8201 -9.990e-29
 149.444282      4.513    16.4998  36.987723    28.5484      4.472  251.19574  251.52474    -1.7786     3.8686 -9.990e-29
 149.444285      4.546    16.4997  36.986376    28.5489      4.505  251.19553  251.52453    -1.8098     3.7393 0.0000e+00
 149.444288      4.588    16.4995  36.987295    28.5484      4.547  251.19574  251.52474    -1.8409     3.6099 0.0000e+00
 149.444291      4.624    16.4993  36.985519    28.5484      4.583  251.19884  251.52783    -1.8409     3.5977 0.0000e+00
 149.444294      4.675    16.4990  36.985764    28.5484      4.634  251.19972  251.52869    -1.9187     3.5977 0.0000e+00
 149.444297      4.723    16.4984  36.986193    28.5492      4.681  251.20123  251.53017    -1.9498     3.6099 0.0000e+00
 149.444300      4.769    16.4970  36.986377    28.5503      4.726  251.20610  251.53497    -1.9809     3.6099 0.0000e+00
 149.444303      4.806    16.4961  36.988766    28.5519      4.763  251.20767  251.53650    -2.0665     3.5310 0.0000e+00
 149.444306      4.840    16.4952  36.982092    28.5536      4.797  251.20925  251.53802    -2.1833     3.4319 -9.990e-29
 149.444308      4.856    16.4902  36.987970    28.5565      4.813  251.22912  251.55765    -2.1522     3.4238 -9.990e-29
 149.444311      4.860    16.4884  36.985338    28.5556      4.817  251.23991  251.56836    -2.2300     3.3915 -9.990e-29
 149.444314      4.851    16.4871  36.987542    28.5583      4.808  251.24119  251.56957    -2.1055     3.2095 -9.990e-29
 149.444317      4.839    16.4853  36.984909    28.5574      4.795  251.25197  251.58028    -2.1677     3.2338 -9.990e-29
 149.444320      4.832    16.4840  36.991400    28.5639      4.788  251.24727  251.57547    -2.1677     3.2095 -9.990e-29
 149.444323      4.832    16.4829  36.991829    28.5651      4.789  251.25085  251.57900    -2.1677     3.2055 -9.990e-29
 149.444326      4.841    16.4814  36.989869    28.5644      4.798  251.25915  251.58724    -2.1677     3.2742 -9.990e-29
 149.444329      4.858    16.4791  36.990237    28.5664      4.814  251.26706  251.59503    -2.1833     3.2823 -9.990e-29
 149.444332      4.881    16.4740  36.992075    28.5713      4.838  251.28372  251.61143    -2.0588     3.2783 -9.990e-29
 149.444334      4.907    16.4725  36.991830    28.5720      4.863  251.28983  251.61747    -1.9888     3.3471 0.0000e+00
 149.444337      4.947    16.4711  36.990912    28.5726      4.902  251.29593  251.62351    -1.9187     3.4158 0.0000e+00
 149.444340      5.001    16.4692  36.991831    28.5748      4.957  251.30184  251.62931    -1.9187     3.4319 0.0000e+00
 149.444343      5.058    16.4671  36.993117    28.5774      5.013  251.30781  251.63518    -1.9187     3.4400 0.0000e+00
 149.444346      5.108    16.4652  36.992505    28.5781      5.063  251.31566  251.64294    -1.9187     3.4319 0.0000e+00
 149.444349      5.147    16.4638  36.993118    28.5796      5.101  251.31990  251.64711    -1.9187     3.4158 0.0000e+00
 149.444352      5.180    16.4621  36.997037    28.5827      5.134  251.32079  251.64789    -2.4167     3.3713 0.0000e+00
 149.444355      5.222    16.4607  36.994098    28.5843      5.175  251.32992  251.65691    -2.4167     3.3551 0.0000e+00
 149.444358      5.261    16.4597  36.996793    28.5857      5.214  251.33024  251.65729    -2.4167     3.3551 0.0000e+00
 149.444361      5.301    16.4587  36.996793    28.5863      5.253  251.33385  251.66079    -2.4790     3.3551 0.0000e+00
 149.444363      5.337    16.4580  36.995446    28.5864      5.289  251.33741  251.66432    -2.6113     3.3551 0.0000e+00
 149.444366      5.368    16.4573  36.996794    28.5863      5.320  251.34097  251.66785    -2.7436     3.3713 -9.990e-29
 149.444369      5.393    16.4541  36.996610    28.5895      5.345  251.35133  251.67804    -2.6502     3.3389 -9.990e-29
 149.444372      5.409    16.4525  36.997713    28.5916      5.361  251.35544  251.68207    -2.6813     3.3551 -9.990e-29
 149.444375      5.424    16.4512  36.994651    28.5899      5.376  251.36506  251.69164    -2.3234     3.3794 -9.990e-29
 149.444378      5.432    16.4501  36.995692    28.5916      5.383  251.36745  251.69397    -2.3856     3.3713 -9.990e-29
 149.444381      5.441    16.4492  36.995509    28.5921      5.392  251.37104  251.69752    -2.5101     3.3430 -9.990e-29
 149.444384      5.443    16.4486  36.993856    28.5910      5.394  251.37558  251.70203    -2.4946     3.3713 -9.990e-29
 149.444387      5.441    16.4480  36.997040    28.5942      5.392  251.37330  251.69971    -2.2144     3.0882 -9.990e-29
 149.444389      5.443    16.4474  36.997224    28.5948      5.394  251.37514  251.70152    -2.1210     3.1206 -9.990e-29
 149.444392      5.458    16.4467  36.994101    28.5926      5.409  251.38245  251.70881    -2.2767     3.1206 -9.990e-29
 149.444395      5.483    16.4453  36.995693    28.5973      5.434  251.38169  251.70796    -2.2144     3.0923 -9.990e-29
 149.444398      5.517    16.4449  36.998326    28.5975      5.468  251.38329  251.70954    -2.3312     3.1307 0.0000e+00
 149.444401      5.561    16.4444  36.998204    28.5977      5.511  251.38490  251.71113    -2.3856     3.1570 0.0000e+00
 149.444404      5.612    16.4435  36.997470    28.5978      5.562  251.38962  251.71581    -2.4167     3.1570 0.0000e+00
 149.444407      5.667    16.4423  36.998940    28.5998      5.616  251.39171  251.71783    -2.4167     3.1570 0.0000e+00
 149.444410      5.723    16.4415  36.998634    28.6002      5.672  251.39550  251.72158    -2.4167     3.1610 0.0000e+00
 149.444413      5.772    16.4410  36.999369    28.6009      5.721  251.39678  251.72283    -1.8720     3.5270 0.0000e+00
 149.444416      5.811    16.4405  36.997961    28.6015      5.759  251.39806  251.72408    -1.1716     3.8929 -9.990e-29
 149.444418      5.833    16.4389  36.997287    28.6008      5.781  251.40717  251.73313    -1.1872     3.8565 -9.990e-29
 149.444421      5.849    16.4380  36.998328    28.6024      5.797  251.40896  251.73487    -1.2806     3.8282 -9.990e-29
 149.444424      5.849    16.4370  36.999982    28.6045      5.797  251.41014  251.73599     4.4938     6.6709 -9.990e-29
 149.444427      5.845    16.4361  37.001146    28.6061      5.793  251.41173  251.73754     4.4315     6.7113 -9.990e-29
 149.444430      5.840    16.4353  37.001329    28.6069      5.788  251.41447  251.74023     4.4159     6.6507 -9.990e-29
 149.444433      5.837    16.4343  37.000901    28.6072      5.785  251.41901  251.74472     4.5871     6.6588 -9.990e-29
 149.444436      5.842    16.4316  37.001575    28.6097      5.790  251.42795  251.75353    -1.4985     3.2661 -9.990e-29
 149.444439      5.865    16.4247  37.000473    28.6156      5.813  251.45185  251.77709    -1.3739     3.3025 -9.990e-29
 149.444442      5.913    16.4232  37.002739    28.6170      5.860  251.45720  251.78235    -1.3272     3.3025 0.0000e+00
 149.444444      5.970    16.4216  37.003475    28.6185      5.916  251.46254  251.78761    -1.3739     3.3025 0.0000e+00
 149.444447      6.037    16.4188  37.003414    28.6204      5.983  251.47319  251.79813    -1.2806     3.2864 0.0000e+00
 149.444450      6.100    16.4174  37.003415    28.6213      6.045  251.47834  251.80321    -0.1755     3.2864 0.0000e+00
 149.444453      6.154    16.4168  37.002864    28.6213      6.099  251.48129  251.80613    -0.1288     3.2864 0.0000e+00
 149.444456      6.196    16.4165  37.001823    28.6211      6.141  251.48327  251.80810    -0.1055     3.2965 0.0000e+00
 149.444459      6.229    16.4162  37.003599    28.6209      6.173  251.48525  251.81007    -0.1288     3.2661 -9.990e-29
 149.444462      6.246    16.4144  37.002619    28.6228      6.190  251.49072  251.81545    -0.9537     3.1408 -9.990e-29
 149.444465      6.240    16.4146  37.003415    28.6233      6.185  251.48865  251.81338    -0.9381     3.1974 -9.990e-29
 149.444468      6.229    16.4147  37.001762    28.6218      6.173  251.49077  251.81552    -1.0471     3.1651 -9.990e-29
 149.444470      6.213    16.4152  37.002252    28.6219      6.158  251.48824  251.81301    -0.9226     3.1934 -9.990e-29
 149.444473      6.209    16.4155  37.001578    28.6211      6.154  251.48802  251.81281     0.7272     2.9912 -9.990e-29
 149.444476      6.209    16.4157  37.002864    28.6221      6.154  251.48553  251.81032     0.8517     2.9790 -9.990e-29
 149.444479      6.226    16.4135  37.001333    28.6243      6.170  251.49260  251.81727     0.9140     2.9831 -9.990e-29
 149.444482      6.259    16.4124  37.003599    28.6245      6.203  251.49771  251.82234     3.6222     3.3915 0.0000e+00
 149.444485      6.306    16.4113  37.002191    28.6246      6.250  251.50282  251.82740     6.3303     3.7999 0.0000e+00
 149.444488      6.363    16.4082  37.008132    28.6319      6.306  251.50584  251.83022     6.3615     3.7999 0.0000e+00
 149.444491      6.420    16.4032  37.008684    28.6360      6.362  251.52370  251.84784     6.3615     3.8039 0.0000e+00
 149.444494      6.480    16.3972  37.012237    28.6433      6.422  251.54076  251.86458     6.2525     3.7999 0.0000e+00
 149.444497      6.527    16.3939  37.011320    28.6453      6.469  251.55392  251.87759     6.2214     3.8060 0.0000e+00
 149.444499      6.569    16.3905  37.009973    28.6473      6.511  251.56709  251.89059     6.2525     3.7999 -9.990e-29
 149.444502      6.593    16.3833  37.012668    28.6536      6.534  251.59190  251.91504    16.4471     4.5601 -9.990e-29
 149.444505      6.608    16.3788  37.014261    28.6582      6.549  251.60640  251.92930    16.2914     4.5682 -9.990e-29
 149.444508      6.617    16.3741  37.014323    28.6616      6.558  251.62405  251.94671    16.3848     4.5925 -9.990e-29
 149.444511      6.628    16.3715  37.015181    28.6642      6.569  251.63241  251.95494    13.4276     4.0627 -9.990e-29
 149.444514      6.637    16.3684  37.015855    28.6670      6.578  251.64284  251.96522    13.4120     4.0668 -9.990e-29
 149.444517      6.657    16.3600  37.017754    28.6755      6.597  251.66979  251.99173    13.3654     4.0506 -9.990e-29
 149.444520      6.688    16.3582  37.018796    28.6768      6.628  251.67637  251.99822    12.4705     4.2488 0.0000e+00
 149.444523      6.717    16.3565  37.018858    28.6781      6.657  251.68294  252.00470    11.5755     4.4469 0.0000e+00
 149.444525      6.750    16.3533  37.017205    28.6790      6.689  251.69742  252.01903    11.5599     4.4469 0.0000e+00
 149.444528      6.777    16.3521  37.019716    28.6809      6.717  251.69993  252.02148    11.5444     4.4429 0.0000e+00
 149.444531      6.804    16.3509  37.020574    28.6828      6.743  251.70244  252.02392    11.5288     4.4307 -9.990e-29
 149.444534      6.819    16.3473  37.019043    28.6848      6.758  251.71698  252.03828    17.3187     4.2730 -9.990e-29
 149.444537      6.832    16.3463  37.019472    28.6859      6.771  251.71996  252.04121    17.2875     4.2447 -9.990e-29
 149.444540      6.841    16.3455  37.019288    28.6863      6.780  251.72324  252.04446    17.4276     4.2488 -9.990e-29
 149.444543      6.845    16.3446  37.020391    28.6879      6.783  251.72522  252.04638    17.2875     4.2488 -9.990e-29
 149.444546      6.841    16.3429  37.019105    28.6880      6.780  251.73342  252.05451    17.3031     4.2568 -9.990e-29
 149.444549      6.856    16.3417  37.019718    28.6904      6.794  251.73542  252.05644    18.0035     5.5751 -9.990e-29
 149.444552      6.881    16.3415  37.020820    28.6902      6.820  251.73682  252.05783    18.0191     5.5792 0.0000e+00
 149.444554      6.920    16.3413  37.019963    28.6902      6.858  251.73821  252.05921    18.0035     5.5832 0.0000e+00
 149.444557      6.976    16.3408  37.019963    28.6899      6.914  251.74004  252.06102    17.9412     5.5832 0.0000e+00
 149.444560      7.042    16.3400  37.018371    28.6902      6.979  251.74513  252.06606    16.0424     4.3134 0.0000e+00
 149.444563      7.122    16.3391  37.020821    28.6921      7.058  251.74517  252.06609    16.0424     4.3094 0.0000e+00
 149.444566      7.204    16.3374  37.022231    28.6945      7.139  251.74944  252.07024    16.0580     4.3013 0.0000e+00
 149.444569      7.275    16.3355  37.021864    28.6956      7.210  251.75723  252.07793    16.1202     4.2973 0.0000e+00
 149.444572      7.329    16.3349  37.021742    28.6959      7.264  251.75929  252.07997    17.7623     4.2669 0.0000e+00
 149.444575      7.357    16.3344  37.023334    28.6962      7.291  251.76135  252.08200    19.4665     4.2366 -9.990e-29
 149.444578      7.357    16.3318  37.023641    28.6997      7.291  251.76817  252.08868    19.4976     4.2447 -9.990e-29
 149.444580      7.333    16.3305  37.021742    28.6990      7.268  251.77577  252.09623    19.5288     4.2568 -9.990e-29
 149.444583      7.297    16.3294  37.023825    28.7016      7.231  251.77687  252.09727    38.3926     6.5091 -9.990e-29
