seaocn-cb/data/ctd_cnv/SBE19plus_01907321_2024_05_21_Cast02.cnv
* Sea-Bird SBE19plus  Data File:
* FileName = E:\Prandtl_Daten\2024\CTD\SBE19plus_01907321_2024_05_21_Cast02.hex
* Software version 2.6.1.12
* Temperature SN = 7321
* Conductivity SN = 7321
* System UpLoad Time = May 21 2024 10:20:53
* <ApplicationData>
* <Seaterm232>
** 20240521
** Sea Practical 2024
** MCat 21.05 M2
** NMEA Latitude = 54 08.0N
** NMEA Longitude = 008 23.0E
** waterdepth = 12.0m
** Isabelle
# nquan = 11
# nvalues = 394                         
# units = specified
# name 0 = timeJ: Julian Days
# name 1 = prdM: Pressure, Strain Gauge [db]
# name 2 = tv290C: Temperature [ITS-90, deg C]
# name 3 = c0mS/cm: Conductivity [mS/cm]
# name 4 = sal00: Salinity, Practical [PSU]
# name 5 = depSM: Depth [salt water, m], lat = 54.00
# name 6 = oxsatMm/Kg: Oxygen Saturation, Weiss [umol/kg]
# name 7 = oxsolMm/Kg: Oxygen Saturation, Garcia & Gordon [umol/kg]
# name 8 = turbWETntu0: Turbidity, WET Labs ECO [NTU]
# name 9 = flECO-AFL: Fluorescence, WET Labs ECO-AFL/FL [mg/m^3]
# name 10 = flag:  0.000e+00
# span 0 = 142.427225, 142.428362       
# span 1 =      0.740,      9.893       
# span 2 =    13.0264,    14.6980       
# span 3 =  36.641090,  37.058001       
# span 4 =    29.9407,    30.9004       
# span 5 =      0.733,      9.805       
# span 6 =  257.90686,  265.17684       
# span 7 =  258.13818,  265.30361       
# span 8 =    -5.6230,    -2.3701       
# span 9 =     1.2928,     5.3041       
# span 10 = 0.0000e+00, 0.0000e+00      
# interval = seconds: 0.25
# start_time = May 21 2024 10:13:37 [Instrument's time stamp, header]
# bad_flag = -9.990e-29
*END*
[from data line 132]
 142.427607      3.943    13.4513  36.731160    30.6269      3.908  263.32461  263.47979    -3.9420     4.1032 0.0000e+00
 142.427610      3.983    13.3426  36.735203    30.7181      3.948  263.75009  263.89787    -3.9732     3.9293 0.0000e+00
 142.427613      4.020    13.2674  36.724893    30.7692      3.984  264.06758  264.21031    -3.9732     3.9131 0.0000e+00
 142.427616      4.064    13.2262  36.756102    30.8253      4.027  264.18539  264.32487    -3.9732     3.9293 0.0000e+00
 142.427619      4.106    13.2262  36.749384    30.8253      4.069  264.18998  264.32965    -3.9576     3.9374 0.0000e+00
 142.427622      4.149    13.2265  36.732531    30.8173      4.112  264.20342  264.34319    -3.8953     4.2265 0.0000e+00
 142.427624      4.177    13.2267  36.731617    30.8092      4.139  264.21687  264.35673    -3.6774     4.5156 -9.990e-29
 142.427627      4.199    13.1827  36.734795    30.8470      4.161  264.38880  264.52560    -3.5529     4.4954 -9.990e-29
 142.427630      4.200    13.1818  36.770034    30.8806      4.163  264.33175  264.46815    -3.5685     4.5035 -9.990e-29
 142.427633      4.193    13.2338  36.774732    30.8428      4.156  264.11650  264.25645    -3.9109     4.3054 -9.990e-29
 142.427636      4.184    13.2881  36.757439    30.7827      4.146  263.92945  264.07330    -3.8642     4.2973 -9.990e-29
 142.427639      4.178    13.2905  36.744430    30.7686      4.141  263.94211  264.08625    -3.7708     4.3337 -9.990e-29
 142.427642      4.171    13.2670  36.747120    30.7902      4.134  264.03141  264.17390    -3.9576     4.3296 -9.990e-29
 142.427645      4.174    13.2525  36.744435    30.7994      4.137  264.09366  264.23518    -4.0821     4.3418 -9.990e-29
 142.427648      4.182    13.2170  36.726668    30.8091      4.145  264.27039  264.40966    -4.0510     4.4550 -9.990e-29
 142.427650      4.213    13.2051  36.723984    30.8193      4.175  264.31725  264.45569    -4.0510     4.4429 0.0000e+00
 142.427653      4.258    13.1931  36.725086    30.8295      4.220  264.36411  264.50172    -4.0510     4.4307 0.0000e+00
 142.427656      4.320    13.1764  36.726493    30.8443      4.282  264.42834  264.56477    -4.0510     4.4186 0.0000e+00
 142.427659      4.386    13.1695  36.728264    30.8515      4.347  264.45284  264.58878    -3.5685     4.2568 0.0000e+00
 142.427662      4.446    13.1681  36.728936    30.8535      4.407  264.45284  264.58878    -3.5218     4.2407 0.0000e+00
 142.427665      4.496    13.1680  36.738828    30.8580      4.455  264.44946  264.58525    -3.5451     4.2326 0.0000e+00
 142.427668      4.525    13.1681  36.721121    30.8625      4.484  264.44055  264.57629    -3.5218     4.2245 -9.990e-29
 142.427671      4.539    13.1655  36.714345    30.8417      4.499  264.49309  264.62888    -3.5996     4.7785 -9.990e-29
 142.427674      4.539    13.1537  36.711661    30.8488      4.499  264.54490  264.67990    -3.5374     4.7946 -9.990e-29
 142.427677      4.530    13.1434  36.707633    30.8534      4.490  264.59293  264.72726    -3.5996     4.8189 -9.990e-29
 142.427679      4.521    13.1380  36.709831    30.8599      4.481  264.61085  264.74478    -3.5996     4.8027 -9.990e-29
 142.427682      4.516    13.1380  36.709648    30.8596      4.475  264.61087  264.74481    -3.8487     4.6086 -9.990e-29
 142.427685      4.519    13.1398  36.707633    30.8563      4.479  264.60740  264.74147    -3.8331     4.6127 -9.990e-29
 142.427688      4.537    13.1372  36.701102    30.8481      4.497  264.63647  264.77048    -3.9420     4.6208 -9.990e-29
 142.427691      4.563    13.1335  36.696647    30.8526      4.522  264.64886  264.78259    -3.9109     4.6249 0.0000e+00
 142.427694      4.605    13.1297  36.699761    30.8571      4.564  264.66125  264.79470    -3.8798     4.6208 0.0000e+00
 142.427697      4.658    13.1244  36.702081    30.8621      4.616  264.67871  264.81177    -3.8642     4.1921 0.0000e+00
 142.427700      4.712    13.1223  36.698663    30.8636      4.670  264.69274  264.82569    -3.7708     4.1800 0.0000e+00
 142.427703      4.765    13.1209  36.699763    30.8638      4.723  264.69746  264.83030    -3.8175     4.1800 0.0000e+00
 142.427705      4.807    13.1195  36.695186    30.8654      4.764  264.70218  264.83491    -3.7708     4.1679 -9.990e-29
 142.427708      4.831    13.1095  36.693477    30.8676      4.788  264.75329  264.88539    -3.9109     4.4712 -9.990e-29
 142.427711      4.847    13.1014  36.691709    30.8725      4.804  264.78877  264.92032    -3.9109     4.4428 -9.990e-29
 142.427714      4.846    13.0965  36.692808    30.8775      4.802  264.80626  264.93746    -3.7708     4.4388 -9.990e-29
 142.427717      4.846    13.0943  36.688170    30.8749      4.802  264.82295  264.95404    -3.7241     4.4509 -9.990e-29
 142.427720      4.848    13.0902  36.689024    30.8791      4.804  264.83797  264.96877    -3.2883     4.8553 -9.990e-29
 142.427723      4.860    13.0863  36.684753    30.8783      4.817  264.86098  264.99155    -3.3817     4.8553 -9.990e-29
 142.427726      4.884    13.0759  36.678712    30.8788      4.840  264.91773  265.04764    -3.3195     4.8553 -9.990e-29
 142.427729      4.913    13.0733  36.676211    30.8822      4.869  264.92549  265.05521    -3.4985     4.7036 0.0000e+00
 142.427731      4.955    13.0707  36.679141    30.8788      4.911  264.93325  265.06278    -3.5062     4.5682 0.0000e+00
 142.427734      5.002    13.0676  36.668829    30.8838      4.958  264.96354  265.09295    -3.5218     4.5682 0.0000e+00
 142.427737      5.055    13.0625  36.669989    30.8838      5.010  264.98212  265.11116    -3.5218     4.5682 0.0000e+00
 142.427740      5.099    13.0605  36.677800    30.8891      5.054  264.98334  265.11221    -3.5607     4.5763 0.0000e+00
 142.427743      5.136    13.0585  36.675787    30.8943      5.090  264.98457  265.11325    -3.5996     4.5844 -9.990e-29
 142.427746      5.159    13.0602  36.676153    30.8914      5.113  264.98080  265.10962    -4.0821     4.5682 -9.990e-29
 142.427749      5.176    13.0607  36.669502    30.8847      5.130  264.99028  265.11920    -4.1132     4.5642 -9.990e-29
 142.427752      5.192    13.0581  36.665475    30.8831      5.146  265.00767  265.13645    -4.1599     4.5965 -9.990e-29
 142.427755      5.203    13.0544  36.668160    30.8886      5.156  265.01780  265.14629    -4.0821     4.5520 -9.990e-29
 142.427758      5.218    13.0517  36.665476    30.8883      5.171  265.03344  265.16177    -3.8798     4.7744 -9.990e-29
 142.427760      5.236    13.0500  36.670845    30.8947      5.189  265.03083  265.15899    -3.8487     4.7663 -9.990e-29
 142.427763      5.258    13.0507  36.672676    30.8958      5.211  265.02507  265.15326    -3.7553     4.7380 -9.990e-29
 142.427766      5.272    13.0522  36.669564    30.8917      5.225  265.02439  265.15271    -3.6930     4.7582 -9.990e-29
 142.427769      5.290    13.0527  36.667917    30.8897      5.243  265.02522  265.15360    -3.3350     4.7866 -9.990e-29
 142.427772      5.314    13.0527  36.668649    30.8904      5.267  265.02397  265.15234    -3.3039     4.7987 -9.990e-29
 142.427775      5.338    13.0532  36.664805    30.8864      5.290  265.02861  265.15705    -3.2572     4.8108 -9.990e-29
 142.427778      5.360    13.0520  36.663158    30.8858      5.312  265.03639  265.16476    -3.1950     4.7906 -9.990e-29
 142.427781      5.385    13.0496  36.658765    30.8836      5.337  265.05327  265.18152    -3.4129     4.4833 -9.990e-29
 142.427784      5.406    13.0463  36.661450    30.8889      5.357  265.06224  265.19023    -3.2261     4.4833 -9.990e-29
 142.427786      5.426    13.0452  36.664013    30.8911      5.377  265.06358  265.19148    -3.3506     4.5156 -9.990e-29
 142.427789      5.453    13.0459  36.663037    30.8920      5.404  265.05815  265.18609    -3.3973     4.5115 0.0000e+00
 142.427792      5.482    13.0466  36.666148    30.8921      5.433  265.05272  265.18069    -3.4440     4.5156 0.0000e+00
 142.427795      5.511    13.0469  36.665904    30.8925      5.462  265.05150  265.17949    -3.6464     4.5197 0.0000e+00
 142.427798      5.540    13.0473  36.672738    30.8921      5.491  265.05027  265.17829    -3.8487     4.5318 -9.990e-29
 142.427801      5.564    13.0520  36.678901    30.9004      5.514  265.00903  265.13725    -3.8175     4.5318 -9.990e-29
 142.427804      5.584    13.0566  36.678901    30.8967      5.534  264.99082  265.11936    -3.9576     4.4833 -9.990e-29
 142.427807      5.602    13.0601  36.675544    30.8907      5.552  264.98245  265.11128    -2.8837     4.6289 -9.990e-29
 142.427810      5.615    13.0613  36.676032    30.8902      5.565  264.97699  265.10589    -2.8525     4.6289 -9.990e-29
 142.427812      5.617    13.0613  36.670662    30.8852      5.567  264.98627  265.11522    -2.9148     4.6127 -9.990e-29
 142.427815      5.623    13.0603  36.673347    30.8885      5.572  264.98540  265.11426    -2.9148     4.6289 -9.990e-29
 142.427818      5.637    13.0586  36.671029    30.8877      5.587  264.99636  265.12512    -3.7397     4.6895 -9.990e-29
 142.427821      5.652    13.0569  36.667734    30.8860      5.601  265.00901  265.13768    -3.8953     4.6976 -9.990e-29
 142.427824      5.677    13.0510  36.661877    30.8853      5.626  265.04262  265.17094    -3.7397     4.7178 -9.990e-29
 142.427827      5.716    13.0499  36.661878    30.8843      5.664  265.05061  265.17886    -3.5296     4.5985 0.0000e+00
 142.427830      5.772    13.0488  36.657852    30.8834      5.720  265.05859  265.18679    -3.3662     4.5197 0.0000e+00
 142.427833      5.840    13.0460  36.655656    30.8834      5.787  265.07344  265.20147    -3.3195     4.4914 0.0000e+00
 142.427836      5.916    13.0422  36.656511    30.8873      5.863  265.08735  265.21510    -3.2728     4.5116 0.0000e+00
 142.427839      5.987    13.0414  36.660599    30.8926      5.934  265.08735  265.21510    -3.2728     4.5075 0.0000e+00
 142.427841      6.048    13.0409  36.663894    30.8937      5.994  265.08271  265.21032    -3.2805     4.5095 0.0000e+00
 142.427844      6.084    13.0414  36.663039    30.8948      6.030  265.07786  265.20548    -3.2883     4.5075 -9.990e-29
 142.427847      6.091    13.0455  36.661026    30.8888      6.037  265.06635  265.19430    -3.0393     4.4995 -9.990e-29
 142.427850      6.084    13.0452  36.658524    30.8867      6.030  265.07212  265.20006    -3.1950     4.4792 -9.990e-29
 142.427853      6.068    13.0435  36.658341    30.8879      6.013  265.07908  265.20691    -3.1171     4.5237 -9.990e-29
 142.427856      6.049    13.0421  36.657670    30.8885      5.995  265.08602  265.21375    -3.5374     4.2730 -9.990e-29
 142.427859      6.029    13.0411  36.656694    30.8884      5.975  265.09174  265.21941    -3.6463     4.2124 -9.990e-29
 142.427862      6.027    13.0404  36.658342    30.8905      5.974  265.09150  265.21911    -3.5841     4.2326 -9.990e-29
 142.427865      6.042    13.0433  36.663222    30.8864      5.988  265.08312  265.21095    -3.6152     4.1436 -9.990e-29
 142.427867      6.073    13.0426  36.656511    30.8863      6.019  265.08704  265.21483    -3.6152     4.1355 0.0000e+00
 142.427870      6.118    13.0419  36.655169    30.8864      6.064  265.09097  265.21872    -3.6152     4.1315 0.0000e+00
 142.427873      6.170    13.0393  36.656512    30.8896      6.114  265.09939  265.22694    -3.6152     4.1315 0.0000e+00
 142.427876      6.213    13.0386  36.656085    30.8900      6.158  265.10267  265.23017    -3.5763     4.1356 0.0000e+00
 142.427879      6.252    13.0378  36.655231    30.8904      6.196  265.10595  265.23340    -3.5374     4.1396 -9.990e-29
 142.427882      6.275    13.0374  36.655414    30.8901      6.219  265.10889  265.23632    -2.9459     4.1274 -9.990e-29
 142.427885      6.277    13.0378  36.650900    30.8855      6.221  265.11497  265.24247    -2.8059     4.1153 -9.990e-29
 142.427888      6.273    13.0374  36.653279    30.8881      6.217  265.11258  265.24003    -3.0082     4.1517 -9.990e-29
 142.427891      6.257    13.0364  36.655842    30.8913      6.201  265.11219  265.23954    -2.9771     4.1355 -9.990e-29
 142.427894      6.246    13.0366  36.659197    30.8943      6.190  265.10551  265.23284    -3.4751     4.6855 -9.990e-29
 142.427896      6.240    13.0379  36.655414    30.8897      6.185  265.10684  265.23430    -3.5841     4.6936 -9.990e-29
 142.427899      6.251    13.0388  36.656512    30.8898      6.195  265.10152  265.22904    -3.5996     4.6895 -9.990e-29
 142.427902      6.281    13.0389  36.656329    30.8884      6.224  265.10343  265.23097    -3.5374     4.5763 0.0000e+00
 142.427905      6.334    13.0388  36.653645    30.8871      6.277  265.10534  265.23290    -3.5529     4.4631 0.0000e+00
 142.427908      6.412    13.0382  36.652486    30.8871      6.354  265.11087  265.23838    -3.5529     4.4469 0.0000e+00
 142.427911      6.500    13.0375  36.653951    30.8885      6.441  265.11100  265.23845    -3.5529     4.4388 0.0000e+00
 142.427914      6.591    13.0368  36.653829    30.8885      6.532  265.11417  265.24157    -3.4440     4.4226 0.0000e+00
 142.427917      6.675    13.0359  36.651634    30.8890      6.615  265.12179  265.24915    -3.1638     4.3418 0.0000e+00
 142.427920      6.731    13.0354  36.652854    30.8886      6.671  265.12278  265.25010    -3.1405     4.3216 0.0000e+00
 142.427922      6.757    13.0349  36.655172    30.8896      6.696  265.12377  265.25105    -3.1638     4.3013 -9.990e-29
 142.427925      6.768    13.0351  36.654318    30.8908      6.707  265.12039  265.24767    -3.0238     4.3256 -9.990e-29
 142.427928      6.764    13.0364  36.647791    30.8835      6.704  265.12619  265.25362    -2.6346     4.7663 -9.990e-29
 142.427931      6.735    13.0349  36.651390    30.8881      6.675  265.12602  265.25331    -2.5724     4.7502 -9.990e-29
 142.427934      6.704    13.0336  36.652305    30.8901      6.644  265.12991  265.25710    -2.6658     4.7946 -9.990e-29
 142.427937      6.671    13.0331  36.650231    30.8886      6.611  265.13550  265.26268    -2.6502     4.7663 -9.990e-29
 142.427940      6.644    13.0326  36.650109    30.8889      6.584  265.13772  265.26486    -2.6813     4.7421 -9.990e-29
 142.427943      6.635    13.0324  36.651390    30.8902      6.575  265.13608  265.26319    -3.5218     4.1113 -9.990e-29
 142.427946      6.647    13.0327  36.650231    30.8889      6.588  265.13693  265.26408    -3.5529     4.1436 -9.990e-29
 142.427948      6.673    13.0325  36.647791    30.8868      6.613  265.14204  265.26920    -3.5996     4.1355 -9.990e-29
 142.427951      6.726    13.0310  36.649865    30.8878      6.666  265.14862  265.27567    -3.8175     3.9900 -9.990e-29
 142.427954      6.780    13.0309  36.647547    30.8890      6.720  265.14727  265.27430    -3.8408     3.9900 0.0000e+00
 142.427957      6.842    13.0310  36.649805    30.8901      6.781  265.14591  265.27292    -3.8642     3.9900 0.0000e+00
 142.427960      6.899    13.0312  36.652855    30.8906      6.837  265.13865  265.26566    -3.8642     3.9900 0.0000e+00
 142.427963      6.946    13.0323  36.651818    30.8906      6.884  265.13584  265.26295    -3.8487     4.0142 0.0000e+00
 142.427966      6.981    13.0330  36.649378    30.8889      6.918  265.13522  265.26238    -3.5530     4.0142 0.0000e+00
 142.427969      7.012    13.0337  36.650476    30.8872      6.949  265.13459  265.26182    -3.2572     4.0506 -9.990e-29
 142.427972      7.034    13.0346  36.651391    30.8883      6.971  265.12767  265.25494    -3.2728     4.0627 -9.990e-29
 142.427975      7.048    13.0349  36.652977    30.8895      6.985  265.12349  265.25077    -3.3973     4.0910 -9.990e-29
 142.427977      7.061    13.0358  36.656515    30.8921      6.998  265.11391  265.24121    -3.6152     4.5358 -9.990e-29
 142.427980      7.079    13.0373  36.654990    30.8893      7.016  265.11082  265.23825    -3.4284     4.4873 -9.990e-29
