seaocn-cb/data/ctd_cnv/SBE19plus_01907321_2024_05_28_Cast100.cnv
* Sea-Bird SBE19plus  Data File:
* FileName = E:\Prandtl_Daten\2024\28052024\raw\SBE19plus_01907321_2024_05_28_Cast100.hex
* Software version 2.6.1.12
* Temperature SN = 7321
* Conductivity SN = 7321
* System UpLoad Time = May 28 2024 13:47:15
* <ApplicationData>
* <Seaterm232>
** 20240527
** Sea Practical 2024
** MCat 27.05 CTD_SP7
** NMEA Latitude = 54 8.36N
** NMEA Longitude = 008 20.85E
** waterdepth = 14.7m
** Isabelle
# nquan = 11
# nvalues = 538                         
# units = specified
# name 0 = timeJ: Julian Days
# name 1 = prdM: Pressure, Strain Gauge [db]
# name 2 = tv290C: Temperature [ITS-90, deg C]
# name 3 = c0mS/cm: Conductivity [mS/cm]
# name 4 = sal00: Salinity, Practical [PSU]
# name 5 = depSM: Depth [salt water, m], lat = 54.00
# name 6 = oxsatMm/Kg: Oxygen Saturation, Weiss [umol/kg]
# name 7 = oxsolMm/Kg: Oxygen Saturation, Garcia & Gordon [umol/kg]
# name 8 = turbWETntu0: Turbidity, WET Labs ECO [NTU]
# name 9 = flECO-AFL: Fluorescence, WET Labs ECO-AFL/FL [mg/m^3]
# name 10 = flag:  0.000e+00
# span 0 = 149.570949, 149.572503       
# span 1 =      0.004,     14.195       
# span 2 =    14.7365,    16.9614       
# span 3 =  37.407597,  38.025489       
# span 4 =    28.9347,    30.7828       
# span 5 =      0.004,     14.068       
# span 6 =  248.26018,  256.23112       
# span 7 =  248.60662,  256.45750       
# span 8 =   -12.0821,     2.3926       
# span 9 =    -2.8155,   257.5060       
# span 10 = 0.0000e+00, 0.0000e+00      
# interval = seconds: 0.25
# start_time = May 28 2024 13:40:15 [Instrument's time stamp, header]
# bad_flag = -9.990e-29
*END*
[from data line 132]
 149.571331      3.362    15.5806  37.681466    29.8503      3.332  253.54385  253.82089    -4.4168     4.8593 0.0000e+00
 149.571334      3.419    15.5383  37.733991    29.9055      3.388  253.66205  253.93660    -4.3934     4.8593 0.0000e+00
 149.571337      3.490    15.4494  37.732150    29.9713      3.459  253.99742  254.26708    -4.3467     4.8593 0.0000e+00
 149.571340      3.564    15.3930  37.771114    30.0488      3.533  254.14898  254.41524    -4.3467     5.1060 0.0000e+00
 149.571343      3.632    15.3395  37.795947    30.1117      3.600  254.31139  254.57447    -4.2378     5.1141 0.0000e+00
 149.571345      3.685    15.3121  37.795522    30.1324      3.652  254.41432  254.67586    -4.2300     5.1182 0.0000e+00
 149.571348      3.729    15.2848  37.789721    30.1532      3.695  254.51725  254.77726    -4.2222     5.1222 -9.990e-29
 149.571351      3.745    15.2273  37.804362    30.2052      3.711  254.71936  254.97604    -4.0666     5.3244 -9.990e-29
 149.571354      3.750    15.2064  37.816164    30.2318      3.717  254.77968  255.03509    -4.0043     5.2839 -9.990e-29
 149.571357      3.741    15.1814  37.825497    30.2594      3.708  254.85922  255.11313    -4.0977     5.2961 -9.990e-29
 149.571360      3.723    15.1591  37.834335    30.2845      3.690  254.92927  255.18184    -4.0977     5.2880 -9.990e-29
 149.571363      3.707    15.1392  37.852136    30.3157      3.673  254.97626  255.22757    -4.1444     5.7853 -9.990e-29
 149.571366      3.701    15.1162  37.857701    30.3384      3.668  255.05393  255.30387    -4.0666     5.7489 -9.990e-29
 149.571369      3.710    15.1002  37.861350    30.3541      3.677  255.10840  255.35739    -4.0666     5.7894 -9.990e-29
 149.571372      3.734    15.0748  37.867224    30.3875      3.701  255.18032  255.42773    -3.8798     5.5751 -9.990e-29
 149.571374      3.774    15.0672  37.876683    30.3983      3.740  255.20032  255.44725    -3.8564     5.5872 0.0000e+00
 149.571377      3.838    15.0596  37.887690    30.4091      3.804  255.22033  255.46678    -3.8331     5.5751 0.0000e+00
 149.571380      3.915    15.0412  37.888373    30.4239      3.880  255.28839  255.53377    -3.7553     5.5751 0.0000e+00
 149.571383      3.990    15.0247  37.901174    30.4482      3.954  255.33045  255.57478    -3.7553     5.5710 0.0000e+00
 149.571386      4.068    15.0057  37.901486    30.4632      4.032  255.40165  255.64486    -3.8798     5.5710 0.0000e+00
 149.571389      4.126    14.9894  37.901612    30.4760      4.089  255.46267  255.70493    -3.8798     6.7477 0.0000e+00
 149.571392      4.177    14.9851  37.905695    30.4812      4.140  255.47586  255.71785    -3.8720     6.7558 0.0000e+00
 149.571395      4.212    14.9807  37.911262    30.4864      4.175  255.48904  255.73077    -3.8642     6.7477 -9.990e-29
 149.571398      4.225    14.9596  37.911449    30.5080      4.187  255.55972  255.80016    -3.8175     6.7396 -9.990e-29
 149.571400      4.218    14.9526  37.911078    30.5132      4.180  255.58666  255.82670    -3.6930     6.5658 -9.990e-29
 149.571403      4.196    14.9487  37.918191    30.5226      4.158  255.59023  255.82998    -3.8331     6.5455 -9.990e-29
 149.571406      4.170    14.9428  37.925738    30.5340      4.133  255.60063  255.83998    -3.9109     6.5455 -9.990e-29
 149.571409      4.150    14.9364  37.928893    30.5418      4.113  255.61968  255.85863    -3.8331     6.5860 -9.990e-29
 149.571412      4.136    14.9283  37.933100    30.5519      4.099  255.64374  255.88218    -3.4595     6.6224 -9.990e-29
 149.571415      4.138    14.9230  37.935328    30.5580      4.101  255.65991  255.89803    -3.6152     6.6143 -9.990e-29
 149.571418      4.152    14.9107  37.937555    30.5709      4.115  255.70088  255.93824    -3.6774     6.6305 -9.990e-29
 149.571421      4.188    14.9071  37.938917    30.5760      4.151  255.71026  255.94739    -3.7164     6.8590 0.0000e+00
 149.571424      4.245    14.9035  37.944115    30.5811      4.207  255.71963  255.95653    -3.7553     7.0672 0.0000e+00
 149.571427      4.298    14.8955  37.945353    30.5885      4.259  255.74808  255.98450    -3.8175     7.0874 0.0000e+00
 149.571429      4.356    14.8881  37.946221    30.5950      4.317  255.77452  256.01049    -3.8175     7.0874 0.0000e+00
 149.571432      4.405    14.8813  37.945727    30.5999      4.366  255.80107  256.03665    -3.8175     7.0874 0.0000e+00
 149.571435      4.444    14.8793  37.943562    30.6005      4.404  255.81017  256.04564    -3.7864     7.0874 0.0000e+00
 149.571438      4.476    14.8774  37.942201    30.6010      4.436  255.81927  256.05462    -3.7553     7.0833 -9.990e-29
 149.571441      4.496    14.8742  37.948697    30.6081      4.456  255.82304  256.05818    -3.6774     6.9337 -9.990e-29
 149.571444      4.520    14.8721  37.948698    30.6098      4.480  255.83116  256.06616    -3.8953     6.9378 -9.990e-29
 149.571447      4.540    14.8631  37.948513    30.6192      4.500  255.86081  256.09527    -3.4440     7.3340 -9.990e-29
 149.571450      4.570    14.8616  37.951359    30.6201      4.529  255.86685  256.10122    -3.3195     7.3259 0.0000e+00
 149.571453      4.608    14.8601  37.950865    30.6211      4.567  255.87146  256.10561    -3.4129     7.3260 0.0000e+00
 149.571455      4.655    14.8585  37.955629    30.6266      4.614  255.87289  256.10717    -3.3350     7.3260 0.0000e+00
 149.571458      4.705    14.8575  37.955382    30.6272      4.663  255.87461  256.10858    -3.4129     7.3260 0.0000e+00
 149.571461      4.750    14.8561  37.959528    30.6320      4.708  255.87593  256.11002    -3.5374     7.2855 0.0000e+00
 149.571464      4.792    14.8553  37.960085    30.6329      4.749  255.87736  256.11128    -3.5841     7.2754 0.0000e+00
 149.571467      4.820    14.8544  37.960271    30.6338      4.777  255.88011  256.11398    -3.6308     7.2653 -9.990e-29
 149.571470      4.841    14.8526  37.959281    30.6344      4.798  255.88806  256.12184    -3.5529     7.2694 -9.990e-29
 149.571473      4.849    14.8517  37.961880    30.6375      4.805  255.88743  256.12112    -3.8020     7.0753 -9.990e-29
 149.571476      4.841    14.8496  37.962747    30.6399      4.798  255.89385  256.12742    -3.8331     7.0833 -9.990e-29
 149.571479      4.825    14.8469  37.965222    30.6443      4.782  255.90033  256.13372    -3.8331     7.0793 -9.990e-29
 149.571481      4.805    14.8446  37.964975    30.6459      4.762  255.90938  256.14263    -3.8175     7.0955 -9.990e-29
 149.571484      4.801    14.8431  37.964418    30.6465      4.758  255.91575  256.14892    -3.6308     7.0793 -9.990e-29
 149.571487      4.807    14.8419  37.961201    30.6446      4.764  255.92546  256.15859    -3.7708     6.9337 -9.990e-29
 149.571490      4.821    14.8396  37.965099    30.6470      4.778  255.93309  256.16607    -3.9109     6.9378 -9.990e-29
 149.571493      4.858    14.8391  37.961882    30.6465      4.814  255.93688  256.16984    -3.8253     6.9317 0.0000e+00
 149.571496      4.909    14.8385  37.959840    30.6470      4.865  255.94068  256.17361    -3.7397     6.9256 0.0000e+00
 149.571499      4.967    14.8359  37.964667    30.6523      4.923  255.94262  256.17536    -3.5062     6.4242 0.0000e+00
 149.571502      5.033    14.8343  37.965225    30.6541      4.988  255.94814  256.18077    -3.5062     6.4202 0.0000e+00
 149.571505      5.098    14.8330  37.965349    30.6541      5.053  255.95260  256.18516    -3.5529     6.4202 0.0000e+00
 149.571508      5.153    14.8315  37.961636    30.6549      5.107  255.96429  256.19679    -3.5529     6.4202 0.0000e+00
 149.571510      5.201    14.8307  37.962317    30.6540      5.154  255.96680  256.19925    -3.4362     6.3979 0.0000e+00
 149.571513      5.234    14.8299  37.964422    30.6549      5.187  255.96931  256.20171    -3.2883     6.3717 -9.990e-29
 149.571516      5.257    14.8273  37.965845    30.6601      5.210  255.97359  256.20580    -3.2416     6.3636 -9.990e-29
 149.571519      5.276    14.8256  37.968382    30.6637      5.228  255.97594  256.20803    -3.3195     6.3595 -9.990e-29
 149.571522      5.292    14.8251  37.965660    30.6616      5.245  255.98199  256.21408    -3.2572     6.5455 -9.990e-29
 149.571525      5.303    14.8254  37.968321    30.6638      5.256  255.97692  256.20900    -3.3662     6.5334 -9.990e-29
 149.571528      5.316    14.8257  37.962752    30.6586      5.268  255.98459  256.21673    -3.3195     6.5172 -9.990e-29
 149.571531      5.328    14.8254  37.964732    30.6605      5.281  255.98233  256.21444    -3.4129     6.5375 -9.990e-29
 149.571534      5.345    14.8241  37.967455    30.6640      5.297  255.98323  256.21524    -3.3817     6.5617 -9.990e-29
 149.571536      5.365    14.8228  37.966960    30.6645      5.317  255.98864  256.22059    -2.9771     6.8812 -9.990e-29
 149.571539      5.390    14.8215  37.972344    30.6704      5.342  255.98504  256.21687    -2.9459     6.8812 -9.990e-29
 149.571542      5.414    14.8210  37.973272    30.6716      5.366  255.98561  256.21740    -2.8059     6.8731 -9.990e-29
 149.571545      5.438    14.8215  37.975438    30.6732      5.389  255.98046  256.21226    -2.9771     6.8731 -9.990e-29
 149.571548      5.465    14.8226  37.975871    30.6727      5.416  255.97546  256.20733    -3.5218     7.5160 -9.990e-29
 149.571551      5.482    14.8245  37.974138    30.6696      5.433  255.97100  256.20299    -3.4751     7.5403 -9.990e-29
 149.571554      5.498    14.8263  37.978161    30.6718      5.449  255.95800  256.19006    -3.6152     7.5201 -9.990e-29
 149.571557      5.512    14.8266  37.977975    30.6714      5.463  255.95715  256.18923    -3.6308     7.4998 -9.990e-29
 149.571560      5.522    14.8261  37.976366    30.6704      5.472  255.96172  256.19379    -3.8487     7.4392 -9.990e-29
 149.571563      5.534    14.8252  37.976366    30.6711      5.485  255.96490  256.19692    -3.9420     7.4554 -9.990e-29
 149.571565      5.555    14.8206  37.975624    30.6741      5.505  255.98363  256.21537    -3.8487     7.4311 -9.990e-29
 149.571568      5.582    14.8188  37.975686    30.6746      5.532  255.99229  256.22393    -3.6930     7.2269 0.0000e+00
 149.571571      5.626    14.8169  37.973521    30.6750      5.575  256.00095  256.23249    -3.5841     7.0227 0.0000e+00
 149.571574      5.680    14.8144  37.971665    30.6753      5.630  256.01324  256.24458    -3.5841     7.0106 0.0000e+00
 149.571577      5.737    14.8136  37.973646    30.6760      5.686  256.01345  256.24485    -3.5841     7.0106 0.0000e+00
 149.571580      5.804    14.8134  37.971666    30.6777      5.752  256.01324  256.24458    -3.5841     7.0106 0.0000e+00
 149.571583      5.861    14.8134  37.976122    30.6800      5.809  256.00997  256.24129    -3.4751     6.9984 0.0000e+00
 149.571586      5.910    14.8122  37.979835    30.6836      5.857  256.00997  256.24129    -3.3973     6.6871 0.0000e+00
 149.571589      5.952    14.8114  37.977669    30.6839      5.899  256.01365  256.24482    -3.3895     6.6730 0.0000e+00
 149.571591      5.978    14.8105  37.977917    30.6836      5.924  256.01855  256.24968    -3.3973     6.6871 -9.990e-29
 149.571594      5.989    14.8082  37.978908    30.6866      5.935  256.02556  256.25654    -3.3195     6.6992 -9.990e-29
 149.571597      5.989    14.8078  37.977670    30.6858      5.935  256.02897  256.25993    -3.2728     6.8043 -9.990e-29
 149.571600      5.981    14.8070  37.977237    30.6860      5.928  256.03254  256.26346    -3.2105     6.8286 -9.990e-29
 149.571603      5.969    14.8062  37.977670    30.6871      5.915  256.03502  256.26589    -3.4129     6.8165 -9.990e-29
 149.571606      5.963    14.8056  37.979898    30.6896      5.910  256.03380  256.26461    -3.4284     6.7801 -9.990e-29
 149.571609      5.963    14.8057  37.981260    30.6907      5.910  256.03106  256.26188    -3.4129     6.5658 -9.990e-29
 149.571612      5.976    14.8057  37.981012    30.6929      5.922  256.02706  256.25786    -3.4440     6.5294 -9.990e-29
 149.571615      6.003    14.8054  37.983797    30.6934      5.949  256.02808  256.25885    -3.3818     6.5415 0.0000e+00
 149.571617      6.036    14.8050  37.984169    30.6938      5.982  256.02910  256.25985    -3.3195     6.5294 0.0000e+00
 149.571620      6.074    14.8030  37.986397    30.6970      6.020  256.03338  256.26400    -3.0860     6.3110 0.0000e+00
 149.571623      6.116    14.8018  37.984974    30.6974      6.062  256.03637  256.26687    -3.0860     6.2787 0.0000e+00
 149.571626      6.162    14.8014  37.988193    30.6979      6.107  256.03999  256.27055    -3.0082     6.2787 0.0000e+00
 149.571629      6.208    14.7997  37.984170    30.7002      6.152  256.04912  256.27956    -3.1483     6.3029 0.0000e+00
 149.571632      6.249    14.7972  37.988503    30.7032      6.194  256.05180  256.28206    -3.0082     6.3029 0.0000e+00
 149.571635      6.288    14.7955  37.986399    30.7037      6.231  256.06151  256.29168    -2.9771     6.0482 0.0000e+00
 149.571638      6.322    14.7945  37.988009    30.7054      6.266  256.06303  256.29312    -2.9771     6.0482 0.0000e+00
 149.571641      6.357    14.7929  37.990175    30.7086      6.300  256.06538  256.29537    -2.9771     6.0563 0.0000e+00
 149.571644      6.394    14.7909  37.990423    30.7104      6.336  256.07281  256.30267    -3.0393     6.0603 0.0000e+00
 149.571646      6.426    14.7895  37.994076    30.7131      6.369  256.07512  256.30488    -3.0705     6.2504 0.0000e+00
 149.571649      6.458    14.7881  37.994447    30.7159      6.400  256.07743  256.30709    -3.2105     6.4444 -9.990e-29
 149.571652      6.481    14.7819  37.992467    30.7193      6.423  256.10367  256.33298    -3.1171     6.5091 -9.990e-29
 149.571655      6.505    14.7805  37.993334    30.7212      6.447  256.10751  256.33672    -3.2416     6.4930 -9.990e-29
 149.571658      6.519    14.7799  37.993767    30.7220      6.461  256.10885  256.33803    -2.8525     6.6911 -9.990e-29
 149.571661      6.534    14.7797  37.993148    30.7216      6.476  256.11070  256.33988    -2.8214     6.6830 -9.990e-29
 149.571664      6.547    14.7799  37.993087    30.7214      6.488  256.11023  256.33942    -2.8837     6.6547 -9.990e-29
 149.571667      6.560    14.7802  37.991106    30.7194      6.501  256.11223  256.34144    -2.9148     6.6790 -9.990e-29
 149.571670      6.573    14.7809  37.989868    30.7177      6.514  256.11132  256.34059    -3.1171     7.5241 -9.990e-29
 149.571672      6.587    14.7816  37.991725    30.7188      6.528  256.10578  256.33508    -3.0393     7.4998 -9.990e-29
 149.571675      6.612    14.7826  37.991972    30.7182      6.553  256.10166  256.33101    -3.1483     7.4634 -9.990e-29
 149.571678      6.631    14.7858  37.992653    30.7175      6.571  256.08643  256.31596    -3.0860     7.5403 -9.990e-29
 149.571681      6.660    14.7862  37.993953    30.7180      6.601  256.08323  256.31278    -3.0782     7.4089 0.0000e+00
 149.571684      6.686    14.7867  37.995996    30.7175      6.626  256.08192  256.31151    -3.0860     7.2936 0.0000e+00
 149.571687      6.717    14.7867  37.994448    30.7180      6.657  256.08192  256.31151    -3.1016     7.2936 0.0000e+00
 149.571690      6.747    14.7864  37.994820    30.7175      6.687  256.08308  256.31264    -3.1250     7.3057 0.0000e+00
 149.571693      6.780    14.7861  37.994201    30.7180      6.720  256.08424  256.31378    -3.1483     7.3179 -9.990e-29
 149.571696      6.804    14.7848  37.992839    30.7173      6.743  256.09232  256.32180    -2.9459     6.9337 -9.990e-29
 149.571698      6.824    14.7840  37.997110    30.7225      6.763  256.08709  256.31648    -3.1016     6.9337 -9.990e-29
 149.571701      6.850    14.7839  37.997977    30.7231      6.789  256.08684  256.31622    -3.0549     6.9257 0.0000e+00
 149.571704      6.877    14.7840  37.999030    30.7225      6.816  256.08709  256.31648    -3.0082     6.9337 0.0000e+00
