seaocn-cb/data/ctd_cnv/SBE19plus_01907321_2024_05_24_Cast42.cnv
* Sea-Bird SBE19plus  Data File:
* FileName = E:\Prandtl_Daten\2024\CTD\raw\SBE19plus_01907321_2024_05_24_Cast42.hex
* Software version 2.6.1.12
* Temperature SN = 7321
* Conductivity SN = 7321
* System UpLoad Time = May 24 2024 10:56:50
* <ApplicationData>
* <Seaterm232>
** 20240524
** Sea Practical 2024
** MCat 24.05 CTD_M1
** NMEA Latitude = 054 06.13N
** NMEA Longitude = 008 25.13E
** waterdepth = 15.5m
** Isabelle
# nquan = 11
# nvalues = 570                         
# units = specified
# name 0 = timeJ: Julian Days
# name 1 = prdM: Pressure, Strain Gauge [db]
# name 2 = tv290C: Temperature [ITS-90, deg C]
# name 3 = c0mS/cm: Conductivity [mS/cm]
# name 4 = sal00: Salinity, Practical [PSU]
# name 5 = depSM: Depth [salt water, m], lat = 54.00
# name 6 = oxsatMm/Kg: Oxygen Saturation, Weiss [umol/kg]
# name 7 = oxsolMm/Kg: Oxygen Saturation, Garcia & Gordon [umol/kg]
# name 8 = turbWETntu0: Turbidity, WET Labs ECO [NTU]
# name 9 = flECO-AFL: Fluorescence, WET Labs ECO-AFL/FL [mg/m^3]
# name 10 = flag:  0.000e+00
# span 0 = 145.450778, 145.452425       
# span 1 =      0.380,     14.687       
# span 2 =    14.3940,    14.5275       
# span 3 =  36.833322,  36.904664       
# span 4 =    29.9250,    30.0240       
# span 5 =      0.376,     14.555       
# span 6 =  258.81552,  259.37363       
# span 7 =  259.03783,  259.58917       
# span 8 =    -1.9343,    15.7155       
# span 9 =     4.1477,     9.4893       
# span 10 = 0.0000e+00, 0.0000e+00      
# interval = seconds: 0.25
# start_time = May 24 2024 10:47:14 [Instrument's time stamp, header]
# bad_flag = -9.990e-29
*END*
[from data line 263]
 145.451539      6.758    14.4217  36.835829    29.9576      6.698  259.33705  259.55349     1.2564     6.8084 -9.990e-29
 145.451542      6.751    14.4203  36.838274    29.9609      6.690  259.33868  259.55501     1.4276     6.7922 -9.990e-29
 145.451545      6.755    14.4191  36.836868    29.9606      6.694  259.34565  259.56192     2.3303     8.4946 -9.990e-29
 145.451548      6.775    14.4189  36.837602    29.9614      6.714  259.34536  259.56161     2.3770     8.4703 -9.990e-29
 145.451551      6.808    14.4204  36.838763    29.9623      6.747  259.33588  259.55220     2.3303     8.4865 -9.990e-29
 145.451554      6.857    14.4205  36.839864    29.9624      6.796  259.33521  259.55154     2.3614     8.0660 0.0000e+00
 145.451557      6.919    14.4205  36.840353    29.9626      6.857  259.33454  259.55087     2.3303     7.6616 0.0000e+00
 145.451560      6.992    14.4209  36.842126    29.9626      6.929  259.33238  259.54875     2.3148     7.6454 0.0000e+00
 145.451562      7.065    14.4211  36.840109    29.9639      7.001  259.33025  259.54659     2.2836     7.6373 0.0000e+00
 145.451565      7.138    14.4211  36.843043    29.9644      7.074  259.33087  259.54719     2.1903     7.6211 0.0000e+00
 145.451568      7.212    14.4206  36.842555    29.9644      7.148  259.33087  259.54719     2.1591     7.5524 0.0000e+00
 145.451571      7.282    14.4199  36.840110    29.9644      7.217  259.33751  259.55381     2.0813     7.0469 0.0000e+00
 145.451574      7.335    14.4189  36.842127    29.9653      7.269  259.33810  259.55432     2.0657     7.0469 0.0000e+00
 145.451577      7.380    14.4183  36.842556    29.9659      7.314  259.34012  259.55630     2.0735     7.0429 0.0000e+00
 145.451580      7.419    14.4177  36.840111    29.9666      7.352  259.34214  259.55828     2.0657     7.0389 -9.990e-29
 145.451583      7.442    14.4164  36.842556    29.9676      7.376  259.34746  259.56352     0.5249     7.4513 -9.990e-29
 145.451586      7.457    14.4158  36.838093    29.9640      7.390  259.35675  259.57281     0.5871     7.4473 -9.990e-29
 145.451589      7.464    14.4159  36.839255    29.9650      7.397  259.35458  259.57064     0.5560     7.4392 -9.990e-29
 145.451591      7.462    14.4158  36.838277    29.9641      7.395  259.35646  259.57252     0.6961     7.4392 -9.990e-29
 145.451594      7.453    14.4155  36.840111    29.9660      7.386  259.35466  259.57069     0.0891     8.2156 -9.990e-29
 145.451597      7.440    14.4154  36.839010    29.9651      7.374  259.35702  259.57305     0.1358     8.2358 -9.990e-29
 145.451600      7.424    14.4153  36.838766    29.9650      7.357  259.35770  259.57372     0.0891     8.2358 -9.990e-29
 145.451603      7.405    14.4158  36.837176    29.9632      7.339  259.35820  259.57427     0.0580     8.2236 -9.990e-29
 145.451606      7.384    14.4161  36.839866    29.9654      7.317  259.35266  259.56873     1.5054     8.3571 -9.990e-29
 145.451609      7.369    14.4163  36.836076    29.9618      7.303  259.35820  259.57430     1.4899     8.3490 -9.990e-29
 145.451612      7.365    14.4164  36.840110    29.9654      7.299  259.35137  259.56745     1.5366     8.3409 -9.990e-29
 145.451615      7.363    14.4167  36.842372    29.9672      7.297  259.34654  259.56262     1.6144     8.3571 -9.990e-29
 145.451617      7.379    14.4171  36.841578    29.9658      7.313  259.34669  259.56280     2.8284     8.8949 -9.990e-29
 145.451620      7.414    14.4172  36.841211    29.9661      7.348  259.34567  259.56178     2.8206     8.8848 0.0000e+00
 145.451623      7.471    14.4173  36.842128    29.9658      7.404  259.34465  259.56077     2.8284     8.8747 0.0000e+00
 145.451626      7.538    14.4178  36.841823    29.9665      7.471  259.34313  259.55928     2.8595     8.8666 0.0000e+00
 145.451629      7.620    14.4180  36.843045    29.9667      7.552  259.34032  259.55648     2.8595     8.8625 0.0000e+00
 145.451632      7.711    14.4180  36.843474    29.9667      7.642  259.34032  259.55648     1.5833     7.1804 0.0000e+00
 145.451635      7.813    14.4180  36.840295    29.9641      7.743  259.34490  259.56108     1.5210     7.1804 0.0000e+00
 145.451638      7.908    14.4174  36.833571    29.9639      7.837  259.35247  259.56858     1.5210     7.1763 0.0000e+00
 145.451641      7.992    14.4167  36.838951    29.9626      7.920  259.35793  259.57402     1.5833     7.1723 0.0000e+00
 145.451644      8.060    14.4164  36.837056    29.9632      7.987  259.35520  259.57130     2.1047     7.0530 0.0000e+00
 145.451646      8.107    14.4161  36.837607    29.9626      8.034  259.35793  259.57402     2.6261     6.9337 -9.990e-29
 145.451649      8.131    14.4155  36.841214    29.9668      8.058  259.35331  259.56933     2.5949     6.9176 -9.990e-29
 145.451652      8.131    14.4157  36.838829    29.9645      8.058  259.35658  259.57263     2.5171     6.9459 -9.990e-29
 145.451655      8.109    14.4150  36.840358    29.9664      8.036  259.35673  259.57273     3.9957     7.6454 -9.990e-29
 145.451658      8.080    14.4144  36.839624    29.9662      8.007  259.36025  259.57622     4.1513     7.6495 -9.990e-29
 145.451661      8.041    14.4139  36.838157    29.9653      7.969  259.36466  259.58060     4.1669     7.6292 -9.990e-29
 145.451664      7.994    14.4136  36.836751    29.9643      7.923  259.36808  259.58402     4.0735     7.6211 -9.990e-29
 145.451667      7.949    14.4133  36.836078    29.9639      7.878  259.37002  259.58595     3.7778     7.6292 -9.990e-29
 145.451670      7.914    14.4134  36.839440    29.9669      7.843  259.36426  259.58017     3.3576     7.1602 -9.990e-29
 145.451672      7.886    14.4137  36.835344    29.9630      7.816  259.36970  259.58566     3.3731     7.0995 -9.990e-29
 145.451675      7.877    14.4140  36.838279    29.9654      7.807  259.36406  259.58001     3.2486     7.1076 -9.990e-29
 145.451678      7.890    14.4143  36.840112    29.9669      7.820  259.35993  259.57588     3.3109     7.0914 -9.990e-29
 145.451681      7.921    14.4151  36.842374    29.9682      7.850  259.35306  259.56904     3.9957     7.6131 -9.990e-29
 145.451684      7.967    14.4155  36.840357    29.9661      7.896  259.35459  259.57062     4.1202     7.5564 -9.990e-29
 145.451687      8.033    14.4150  36.840541    29.9692      7.961  259.35169  259.56766     3.9957     7.5686 -9.990e-29
 145.451690      8.111    14.4151  36.843475    29.9695      8.038  259.35103  259.56700     4.2447     7.4169 0.0000e+00
 145.451693      8.191    14.4151  36.844148    29.9696      8.118  259.35072  259.56669     4.4159     7.2653 0.0000e+00
 145.451696      8.288    14.4151  36.843965    29.9696      8.214  259.35072  259.56669     4.4938     7.2572 0.0000e+00
 145.451698      8.379    14.4145  36.843476    29.9696      8.304  259.35392  259.56986     4.6027     7.2451 0.0000e+00
 145.451701      8.465    14.4139  36.844149    29.9702      8.389  259.35523  259.57113     4.6494     7.2451 0.0000e+00
 145.451704      8.543    14.4128  36.842866    29.9706      8.467  259.36068  259.57644     5.0229     7.2047 0.0000e+00
 145.451707      8.601    14.4123  36.845740    29.9719      8.525  259.36108  259.57688     5.0229     7.1885 0.0000e+00
 145.451710      8.640    14.4118  36.844395    29.9736      8.562  259.36068  259.57644     5.0229     7.2047 -9.990e-29
 145.451713      8.656    14.4106  36.847391    29.9760      8.579  259.36274  259.57842     5.1941     7.1885 -9.990e-29
 145.451716      8.658    14.4111  36.845495    29.9739      8.581  259.36405  259.57976     5.0852     7.2127 -9.990e-29
 145.451719      8.647    14.4112  36.843478    29.9720      8.570  259.36672  259.58246     5.5988     7.9082 -9.990e-29
 145.451722      8.624    14.4113  36.840727    29.9694      8.546  259.37086  259.58663     5.6144     7.9204 -9.990e-29
 145.451725      8.594    14.4114  36.842377    29.9709      8.517  259.36788  259.58364     5.4899     7.8961 -9.990e-29
 145.451727      8.567    14.4111  36.842805    29.9715      8.490  259.36834  259.58408     5.4587     7.9123 -9.990e-29
 145.451730      8.551    14.4107  36.845923    29.9746      8.474  259.36475  259.58045     6.3303     7.3098 -9.990e-29
 145.451733      8.549    14.4101  36.844639    29.9739      8.472  259.36918  259.58484     6.2836     7.3057 -9.990e-29
 145.451736      8.569    14.4096  36.843233    29.9731      8.492  259.37352  259.58917     6.2992     7.2855 -9.990e-29
 145.451739      8.600    14.4094  36.848674    29.9791      8.523  259.36357  259.57915     5.5833     7.9891 -9.990e-29
 145.451742      8.642    14.4097  36.849775    29.9791      8.564  259.36201  259.57761     5.5600     7.9649 0.0000e+00
 145.451745      8.684    14.4100  36.850448    29.9791      8.606  259.36045  259.57606     5.5833     7.9649 0.0000e+00
 145.451748      8.726    14.4104  36.849775    29.9787      8.648  259.35980  259.57545     5.5366     7.9608 0.0000e+00
 145.451751      8.757    14.4105  36.850448    29.9785      8.678  259.35883  259.57448     5.5599     7.9628 0.0000e+00
 145.451753      8.784    14.4106  36.850448    29.9787      8.706  259.35786  259.57351     5.4743     7.9608 -9.990e-29
 145.451756      8.804    14.4108  36.849347    29.9776      8.725  259.35908  259.57475     5.7233     8.1670 -9.990e-29
 145.451759      8.817    14.4109  36.850448    29.9785      8.738  259.35701  259.57268     5.8167     8.1832 -9.990e-29
 145.451762      8.830    14.4106  36.852038    29.9801      8.751  259.35533  259.57097     5.7233     8.1509 -9.990e-29
 145.451765      8.841    14.4106  36.848920    29.9773      8.762  259.36038  259.57605     5.7389     8.1387 -9.990e-29
 145.451768      8.859    14.4098  36.851121    29.9803      8.780  259.35929  259.57488     4.8673     9.4448 -9.990e-29
 145.451771      8.888    14.4094  36.851610    29.9802      8.809  259.36156  259.57714     4.8129     9.4408 0.0000e+00
 145.451774      8.936    14.4090  36.850632    29.9800      8.856  259.36384  259.57939     4.8206     9.4367 0.0000e+00
 145.451777      8.998    14.4080  36.848248    29.9800      8.917  259.36561  259.58098     4.8206     9.4044 0.0000e+00
 145.451780      9.075    14.4067  36.855218    29.9859      8.993  259.36561  259.58098     5.5521     7.3502 0.0000e+00
 145.451782      9.153    14.4058  36.860110    29.9896      9.071  259.36536  259.58064     5.5521     7.3098 0.0000e+00
 145.451785      9.240    14.4058  36.858337    29.9896      9.158  259.36536  259.58064     5.5521     7.3098 0.0000e+00
 145.451788      9.317    14.4060  36.852957    29.9896      9.234  259.36536  259.58064     5.5054     7.3421 0.0000e+00
 145.451791      9.374    14.4062  36.863351    29.9889      9.290  259.36309  259.57840     5.5910     7.3603 0.0000e+00
 145.451794      9.408    14.4064  36.861945    29.9934      9.324  259.35381  259.56910     5.5054     7.3785 -9.990e-29
 145.451797      9.426    14.4053  36.854058    29.9858      9.342  259.37300  259.58830     5.4432     7.3987 -9.990e-29
 145.451800      9.413    14.4049  36.859683    29.9912      9.329  259.36564  259.58088     5.5210     7.3826 -9.990e-29
 145.451803      9.386    14.4046  36.858154    29.9901      9.302  259.36927  259.58450     6.4704     7.9123 -9.990e-29
 145.451806      9.344    14.4043  36.858582    29.9907      9.260  259.36973  259.58493     6.4548     7.8921 -9.990e-29
 145.451808      9.295    14.4042  36.861823    29.9937      9.212  259.36475  259.57992     6.6261     7.8719 -9.990e-29
 145.451811      9.255    14.4038  36.866714    29.9985      9.172  259.35827  259.57338     6.5638     7.8638 -9.990e-29
 145.451814      9.224    14.4035  36.861945    29.9944      9.141  259.36714  259.58228     6.4082     7.8961 -9.990e-29
 145.451817      9.207    14.4034  36.864635    29.9970      9.125  259.36337  259.57847     7.9179     7.4715 -9.990e-29
 145.451820      9.206    14.4029  36.867142    29.9996      9.123  259.36107  259.57612     7.9646     7.4756 -9.990e-29
 145.451823      9.229    14.4032  36.863351    29.9959      9.147  259.36605  259.58115     8.0735     7.4715 -9.990e-29
 145.451826      9.267    14.4038  36.865247    29.9972      9.184  259.36095  259.57607     8.0580     7.4392 -9.990e-29
 145.451829      9.335    14.4038  36.865797    30.0000      9.251  259.35550  259.57060     7.0930     8.4258 -9.990e-29
 145.451832      9.413    14.4038  36.868488    30.0003      9.329  259.35528  259.57037     7.0696     8.4178 0.0000e+00
 145.451834      9.504    14.4038  36.869161    30.0007      9.419  259.35505  259.57014     7.0463     8.4097 0.0000e+00
 145.451837      9.594    14.4037  36.870079    30.0013      9.508  259.35385  259.56889     7.0152     8.4016 0.0000e+00
 145.451840      9.681    14.4032  36.871241    30.0029      9.594  259.35274  259.56784     6.6416     7.2734 0.0000e+00
 145.451843      9.748    14.4021  36.875828    30.0079      9.661  259.35385  259.56889     6.4860     7.2491 0.0000e+00
 145.451846      9.809    14.4012  36.875706    30.0079      9.721  259.35434  259.56922     6.4860     7.2653 0.0000e+00
 145.451849      9.847    14.4009  36.873688    30.0078      9.759  259.35716  259.57203     6.4782     7.2471 0.0000e+00
 145.451852      9.876    14.4006  36.875156    30.0071      9.787  259.35998  259.57484     6.4860     7.2653 -9.990e-29
 145.451855      9.885    14.3996  36.872771    30.0070      9.796  259.36530  259.58011     7.0930     7.9568 -9.990e-29
 145.451858      9.887    14.3995  36.871670    30.0061      9.798  259.36767  259.58248     7.0152     7.9689 -9.990e-29
 145.451861      9.883    14.3995  36.873016    30.0073      9.794  259.36520  259.58000     7.1552     7.9608 -9.990e-29
 145.451863      9.877    14.3998  36.871426    30.0057      9.789  259.36689  259.58172     7.0152     7.9932 -9.990e-29
 145.451866      9.870    14.4002  36.872588    30.0064      9.781  259.36324  259.57809     5.2875     8.2883 -9.990e-29
 145.451869      9.875    14.4004  36.875829    30.0091      9.787  259.35712  259.57195     5.3809     8.2883 -9.990e-29
 145.451872      9.877    14.4005  36.874606    30.0079      9.789  259.35881  259.57366     5.3654     8.2883 -9.990e-29
 145.451875      9.884    14.4003  36.876196    30.0096      9.796  259.35712  259.57194     5.2097     8.2924 -9.990e-29
 145.451878      9.892    14.4000  36.878642    30.0120      9.803  259.35433  259.56912     5.5521     9.0243 -9.990e-29
 145.451881      9.901    14.3997  36.876624    30.0104      9.812  259.35878  259.57357     5.4743     9.0607 -9.990e-29
 145.451884      9.914    14.4000  36.874361    30.0081      9.825  259.36128  259.57610     5.6144     9.0688 -9.990e-29
 145.451887      9.934    14.4018  36.878642    30.0106      9.845  259.34733  259.56223     8.0580     9.0122 -9.990e-29
 145.451889      9.960    14.4022  36.878642    30.0097      9.870  259.34697  259.56189     8.0346     9.0101 0.0000e+00
 145.451892      9.994    14.4026  36.877297    30.0092      9.905  259.34660  259.56155     8.0580     9.0081 0.0000e+00
 145.451895     10.038    14.4026  36.877969    30.0092      9.948  259.34517  259.56012     8.0580     9.0000 0.0000e+00
 145.451898     10.086    14.4026  36.878214    30.0096      9.995  259.34517  259.56012     8.0580     8.9839 0.0000e+00
 145.451901     10.140    14.4023  36.878214    30.0096     10.049  259.34638  259.56131     7.7000     7.6737 0.0000e+00
 145.451904     10.195    14.4020  36.876258    30.0082     10.104  259.35076  259.56568     7.5288     7.6495 0.0000e+00
 145.451907     10.257    14.4014  36.874607    30.0082     10.165  259.35076  259.56568     7.5288     7.6454 0.0000e+00
 145.451910     10.308    14.4013  36.877971    30.0078     10.216  259.35552  259.57043     7.5288     7.6454 0.0000e+00
 145.451913     10.361    14.4010  36.874974    30.0092     10.268  259.35568  259.57053     7.5599     7.6373 0.0000e+00
