seaocn-cb/data/ctd_cnv/SBE19plus_01907321_2024_05_24_Cast45.cnv
* Sea-Bird SBE19plus  Data File:
* FileName = E:\Prandtl_Daten\2024\CTD\raw\SBE19plus_01907321_2024_05_24_Cast45.hex
* Software version 2.6.1.12
* Temperature SN = 7321
* Conductivity SN = 7321
* System UpLoad Time = May 24 2024 12:58:38
* <ApplicationData>
* <Seaterm232>
** 20240524
** Sea Practical 2024
** MCat 24.05 CTD_SP1
** NMEA Latitude = 054 07.817N
** NMEA Longitude = 008 46.533E
** waterdepth = 14.3m
** Merle
# nquan = 11
# nvalues = 503                         
# units = specified
# name 0 = timeJ: Julian Days
# name 1 = prdM: Pressure, Strain Gauge [db]
# name 2 = tv290C: Temperature [ITS-90, deg C]
# name 3 = c0mS/cm: Conductivity [mS/cm]
# name 4 = sal00: Salinity, Practical [PSU]
# name 5 = depSM: Depth [salt water, m], lat = 54.00
# name 6 = oxsatMm/Kg: Oxygen Saturation, Weiss [umol/kg]
# name 7 = oxsolMm/Kg: Oxygen Saturation, Garcia & Gordon [umol/kg]
# name 8 = turbWETntu0: Turbidity, WET Labs ECO [NTU]
# name 9 = flECO-AFL: Fluorescence, WET Labs ECO-AFL/FL [mg/m^3]
# name 10 = flag:  0.000e+00
# span 0 = 145.536687, 145.538139       
# span 1 =      0.596,     13.334       
# span 2 =    16.7381,    18.0610       
# span 3 =  35.474697,  36.159011       
# span 4 =    26.7718,    27.0996       
# span 5 =      0.590,     13.215       
# span 6 =  246.60617,  252.50482       
# span 7 =  247.00897,  252.85341       
# span 8 =    -3.9109,     3.6066       
# span 9 =     1.6730,    12.5220       
# span 10 = 0.0000e+00, 0.0000e+00      
# interval = seconds: 0.25
# start_time = May 24 2024 12:51:38 [Instrument's time stamp, header]
# bad_flag = -9.990e-29
*END*
[from data line 263]
 145.537448      7.974    17.2268  35.636377    26.9012      7.903  250.43161  250.80151    -1.4518     5.0939 -9.990e-29
 145.537451      8.000    17.2270  35.633361    26.9017      7.928  250.42977  250.79968    -1.7164     4.7218 0.0000e+00
 145.537454      8.031    17.2268  35.634869    26.9022      7.959  250.42891  250.79877    -1.9498     4.3620 0.0000e+00
 145.537457      8.064    17.2261  35.637041    26.9022      7.992  250.42891  250.79877    -1.9498     4.3620 0.0000e+00
 145.537459      8.097    17.2261  35.633361    26.9023      8.024  250.42987  250.79977    -1.9498     4.3903 0.0000e+00
 145.537462      8.129    17.2261  35.634628    26.9023      8.057  250.43050  250.80036    -1.9965     4.4105 0.0000e+00
 145.537465      8.166    17.2265  35.635955    26.9031      8.093  250.43018  250.80007    -2.0587     4.4833 0.0000e+00
 145.537468      8.201    17.2261  35.636619    26.9038      8.127  250.43050  250.80036    -2.1210     4.5763 -9.990e-29
 145.537471      8.224    17.2267  35.631854    26.9000      8.151  250.43417  250.80408    -2.2611     4.5278 -9.990e-29
 145.537474      8.248    17.2243  35.626426    26.8970      8.174  250.45093  250.82076    -2.0743     4.5682 -9.990e-29
 145.537477      8.272    17.2212  35.633121    26.9047      8.198  250.45327  250.82293    -2.2144     4.5682 -9.990e-29
 145.537480      8.299    17.2200  35.629864    26.9027      8.225  250.46228  250.83190    -1.1716     6.2867 -9.990e-29
 145.537483      8.321    17.2130  35.625341    26.8990      8.247  250.50262  250.87198    -1.0471     6.2989 -9.990e-29
 145.537486      8.346    17.2084  35.619914    26.9003      8.272  250.52316  250.89233    -1.1327     6.2969 0.0000e+00
 145.537488      8.374    17.2037  35.615573    26.9015      8.299  250.54370  250.91268    -1.2183     6.2948 0.0000e+00
 145.537491      8.405    17.1957  35.614729    26.9062      8.330  250.57515  250.94377    -1.3273     4.6289 0.0000e+00
 145.537494      8.432    17.1920  35.617323    26.9098      8.357  250.58550  250.95394    -1.3895     4.6289 0.0000e+00
 145.537497      8.467    17.1891  35.613886    26.9108      8.391  250.60131  250.96964    -1.3895     4.6369 0.0000e+00
 145.537500      8.503    17.1846  35.611474    26.9108      8.427  250.62158  250.98973    -1.3895     4.6450 0.0000e+00
 145.537503      8.538    17.1794  35.617566    26.9194      8.462  250.62987  250.99767    -1.6385     4.9079 0.0000e+00
 145.537506      8.567    17.1794  35.622753    26.9194      8.491  250.62987  250.99767    -1.7008     4.9402 0.0000e+00
 145.537509      8.593    17.1799  35.616239    26.9206      8.516  250.62797  250.99586    -1.6774     4.9422 0.0000e+00
 145.537512      8.618    17.1816  35.613948    26.9167      8.541  250.62607  250.99406    -1.7164     4.9402 -9.990e-29
 145.537514      8.638    17.1804  35.610390    26.9126      8.561  250.63877  251.00674    -1.6852     4.7461 -9.990e-29
 145.537517      8.662    17.1798  35.611053    26.9136      8.585  250.64034  251.00827    -1.7631     4.7380 -9.990e-29
 145.537520      8.684    17.1807  35.616903    26.9172      8.606  250.62981  250.99776    -1.6074     4.7259 -9.990e-29
 145.537523      8.711    17.1793  35.616059    26.9140      8.634  250.64239  251.01031    -1.6074     4.7340 0.0000e+00
 145.537526      8.737    17.1778  35.606049    26.9133      8.659  250.65497  251.02285    -1.6074     4.7259 0.0000e+00
 145.537529      8.763    17.1708  35.603698    26.9133      8.684  250.68451  251.05208    -2.2144     4.5682 0.0000e+00
 145.537532      8.797    17.1620  35.601348    26.9172      8.718  250.72121  251.08840    -2.2144     4.5682 0.0000e+00
 145.537535      8.830    17.1540  35.606052    26.9213      8.751  250.74443  251.11125    -2.2144     4.5722 0.0000e+00
 145.537538      8.865    17.1500  35.596767    26.9247      8.785  250.77263  251.13932    -2.1833     4.5722 0.0000e+00
 145.537541      8.905    17.1431  35.595260    26.9247      8.825  250.80097  251.16736    -2.1833     4.5156 0.0000e+00
 145.537543      8.940    17.1365  35.603281    26.9351      8.860  250.81447  251.18052    -2.1833     4.4995 0.0000e+00
 145.537546      8.971    17.1364  35.602195    26.9351      8.890  250.81671  251.18276    -2.0899     4.4995 0.0000e+00
 145.537549      9.002    17.1362  35.601954    26.9349      8.921  250.81715  251.18320    -2.1521     4.4995 0.0000e+00
 145.537552      9.029    17.1364  35.600447    26.9347      8.948  250.81671  251.18276    -2.0899     4.4995 -9.990e-29
 145.537555      9.049    17.1373  35.599784    26.9323      8.968  250.81640  251.18251    -1.6385     4.8108 -9.990e-29
 145.537558      9.071    17.1364  35.606296    26.9383      8.990  250.81055  251.17659    -1.6852     4.8108 -9.990e-29
 145.537561      9.094    17.1380  35.606537    26.9375      9.013  250.80430  251.17040    -1.7319     4.8027 -9.990e-29
 145.537564      9.114    17.1410  35.602617    26.9218      9.033  250.81593  251.18224    -2.0276     5.4093 -9.990e-29
 145.537567      9.140    17.1410  35.590318    26.9218      9.058  250.81593  251.18224    -2.0276     5.4093 0.0000e+00
 145.537569      9.169    17.1410  35.598699    26.9218      9.087  250.81593  251.18224    -2.0276     5.4093 -9.990e-29
 145.537572      9.193    17.1211  35.596349    26.9320      9.111  250.89629  251.26174    -1.9187     5.4295 -9.990e-29
 145.537575      9.227    17.1184  35.586643    26.9317      9.145  250.91015  251.27549    -1.4362     5.2698 0.0000e+00
 145.537578      9.262    17.1156  35.581640    26.9320      9.179  250.92400  251.28923    -0.9537     5.1222 0.0000e+00
 145.537581      9.295    17.1077  35.580977    26.9361      9.212  250.95487  251.31975    -0.9381     5.1141 0.0000e+00
 145.537584      9.328    17.1037  35.585982    26.9408      9.244  250.96610  251.33079    -0.8992     5.1182 0.0000e+00
 145.537587      9.359    17.0998  35.596111    26.9455      9.275  250.97733  251.34183    -0.8603     5.1141 -9.990e-29
 145.537590      9.382    17.1089  35.595266    26.9420      9.298  250.93881  251.30370    -1.1560     5.5670 -9.990e-29
 145.537593      9.412    17.1089  35.588996    26.9420      9.327  250.93881  251.30370    -1.1560     5.5670 0.0000e+00
 145.537595      9.439    17.1089  35.588574    26.9420      9.354  250.93881  251.30370    -1.1560     5.5670 -9.990e-29
 145.537598      9.463    17.1041  35.590082    26.9463      9.378  250.95533  251.31999    -1.2183     5.7045 -9.990e-29
 145.537601      9.488    17.1039  35.590323    26.9458      9.403  250.95739  251.32205    -1.1561     5.7105 0.0000e+00
 145.537604      9.514    17.1036  35.588756    26.9460      9.428  250.95945  251.32410    -1.0938     5.7166 0.0000e+00
 145.537607      9.541    17.0993  35.586164    26.9453      9.456  250.97904  251.34352    -1.0938     5.7166 0.0000e+00
 145.537610      9.572    17.0965  35.582728    26.9456      9.486  250.99456  251.35893    -1.1094     5.7045 0.0000e+00
 145.537613      9.599    17.0952  35.582487    26.9449      9.513  250.99990  251.36421    -1.3584     5.0453 0.0000e+00
 145.537616      9.636    17.0930  35.575374    26.9411      9.550  251.01849  251.38273    -1.3739     5.0453 0.0000e+00
 145.537619      9.667    17.0854  35.567599    26.9411      9.580  251.05827  251.42221    -1.4362     5.0453 0.0000e+00
 145.537622      9.696    17.0691  35.574111    26.9559      9.609  251.11032  251.47350    -1.5140     5.0575 0.0000e+00
 145.537624      9.721    17.0590  35.577307    26.9654      9.634  251.13665  251.49933    -1.5140     5.0575 0.0000e+00
 145.537627      9.749    17.0590  35.582492    26.9662      9.661  251.13665  251.49933    -0.6736     5.5063 0.0000e+00
 145.537630      9.776    17.0603  35.580382    26.9680      9.689  251.13319  251.49593    -0.6580     5.5084 0.0000e+00
 145.537633      9.805    17.0616  35.582069    26.9662      9.718  251.12972  251.49254    -0.6424     5.5104 -9.990e-29
 145.537636      9.829    17.0642  35.576463    26.9612      9.741  251.12570  251.48865    -0.6113     5.5104 -9.990e-29
 145.537639      9.851    17.0647  35.583155    26.9657      9.763  251.11518  251.47813    -1.2494     5.4254 -9.990e-29
 145.537642      9.880    17.0647  35.582311    26.9664      9.792  251.11410  251.47704    -1.1871     5.4356 0.0000e+00
 145.537645      9.913    17.0647  35.584059    26.9657      9.824  251.11518  251.47813    -1.1249     5.4457 0.0000e+00
 145.537648      9.939    17.0647  35.567181    26.9567      9.850  251.13686  251.49988    -1.1249     5.4457 0.0000e+00
 145.537650      9.975    17.0526  35.561999    26.9567      9.886  251.19007  251.55257    -1.2339     4.9685 0.0000e+00
 145.537653     10.010    17.0307  35.554890    26.9653      9.920  251.28308  251.64464    -1.2339     4.9685 0.0000e+00
 145.537656     10.046    17.0118  35.550794    26.9745      9.956  251.36026  251.72098    -1.1405     4.9928 0.0000e+00
 145.537659     10.083    16.9972  35.557003    26.9894      9.993  251.40645  251.76649    -1.0782     5.0211 0.0000e+00
 145.537662     10.114    16.9963  35.568275    26.9966     10.023  251.40645  251.76649    -0.8759     5.4133 0.0000e+00
 145.537665     10.143    16.9944  35.564778    26.9994     10.052  251.40370  251.76356    -0.8603     5.4193 0.0000e+00
 145.537668     10.169    16.9963  35.570866    26.9966     10.078  251.39875  251.75870    -0.8448     5.4254 -9.990e-29
 145.537671     10.189    17.0049  35.568274    26.9938     10.098  251.36140  251.72172    -0.8915     5.4012 -9.990e-29
 145.537674     10.211    17.0095  35.564596    26.9876     10.119  251.34926  251.70981    -0.8759     5.4052 -9.990e-29
 145.537677     10.236    17.0087  35.563271    26.9870     10.145  251.35429  251.71481    -0.9070     5.1828 -9.990e-29
 145.537679     10.253    17.0122  35.566525    26.9874     10.161  251.33625  251.69691    -0.8292     5.1505 -9.990e-29
 145.537682     10.273    17.0144  35.571708    26.9903     10.181  251.32073  251.68147    -0.9381     5.1828 -9.990e-29
 145.537685     10.296    17.0149  35.566103    26.9852     10.204  251.32660  251.68739    -0.9070     5.1950 -9.990e-29
 145.537688     10.318    17.0068  35.562186    26.9813     10.226  251.37326  251.73374    -0.9226     5.5023 -9.990e-29
 145.537691     10.347    17.0013  35.555075    26.9804     10.255  251.40187  251.76214    -0.9148     5.5144 0.0000e+00
 145.537694     10.382    16.9958  35.544048    26.9813     10.289  251.43049  251.79053    -0.9070     5.5144 0.0000e+00
 145.537697     10.415    16.9739  35.538266    26.9891     10.322  251.52160  251.88068    -0.9070     5.5144 0.0000e+00
 145.537700     10.451    16.9572  35.547729    27.0083     10.358  251.57118  251.92945    -1.1094     5.3527 0.0000e+00
 145.537703     10.486    16.9494  35.541704    27.0084     10.392  251.60941  251.96736    -1.1249     5.3041 0.0000e+00
 145.537705     10.515    16.9477  35.549056    27.0167     10.421  251.60941  251.96736    -1.1249     5.3041 0.0000e+00
 145.537708     10.542    16.9477  35.551406    27.0167     10.448  251.60201  251.95983    -1.1249     5.3041 0.0000e+00
 145.537711     10.577    16.9501  35.551828    27.0165     10.482  251.59241  251.95033    -1.0004     5.4780 0.0000e+00
 145.537714     10.606    16.9514  35.548393    27.0129     10.511  251.59205  251.95005    -0.8759     5.4821 0.0000e+00
 145.537717     10.634    16.9514  35.548634    27.0122     10.538  251.59205  251.95005    -0.8759     5.4821 0.0000e+00
 145.537720     10.665    16.9496  35.544054    27.0129     10.569  251.60550  251.96344    -0.8915     5.4901 0.0000e+00
 145.537723     10.690    16.9428  35.546646    27.0169     10.595  251.62414  251.98161    -0.8915     5.5063 0.0000e+00
 145.537726     10.716    16.9424  35.555325    27.0229     10.620  251.62414  251.98161    -0.4557     5.6964 0.0000e+00
 145.537729     10.741    16.9424  35.553396    27.0229     10.645  251.62414  251.98161    -0.4557     5.6964 0.0000e+00
 145.537731     10.772    16.9424  35.542549    27.0132     10.676  251.63198  251.98964    -0.4557     5.6964 0.0000e+00
 145.537734     10.803    16.9349  35.533934    27.0132     10.707  251.67550  252.03283    -0.5024     5.6964 0.0000e+00
 145.537737     10.832    16.9193  35.534357    27.0223     10.735  251.73432  252.09093    -1.1094     5.4335 0.0000e+00
 145.537740     10.862    16.9091  35.537853    27.0321     10.764  251.76785  252.12399    -1.1716     5.4335 0.0000e+00
 145.537743     10.887    16.9091  35.538697    27.0334     10.790  251.76785  252.12399    -1.1094     5.4457 0.0000e+00
 145.537746     10.913    16.9105  35.542794    27.0335     10.815  251.75842  252.11460    -1.1405     5.4558 0.0000e+00
 145.537749     10.938    16.9128  35.544541    27.0337     10.840  251.74677  252.10304    -1.0782     5.4659 -9.990e-29
 145.537752     10.960    16.9162  35.543878    27.0323     10.862  251.73217  252.08860    -1.1094     5.5548 -9.990e-29
 145.537755     10.989    16.9133  35.535262    27.0270     10.891  251.75548  252.11182    -1.0471     5.5872 -9.990e-29
 145.537758     11.008    16.9060  35.538698    27.0348     10.909  251.77822  252.13421    -1.2494     5.5710 -9.990e-29
 145.537760     11.040    16.9068  35.544302    27.0390     10.941  251.76736  252.12335    -1.1716     5.5710 -9.990e-29
 145.537763     11.064    16.9030  35.535022    27.0299     10.965  251.80158  252.15747    -1.1872     5.5832 -9.990e-29
 145.537766     11.090    16.8971  35.530504    27.0274     10.990  251.83521  252.19087    -1.2106     5.5792 0.0000e+00
 145.537769     11.124    16.8911  35.515143    27.0299     11.025  251.86884  252.22427    -1.1872     5.5751 0.0000e+00
 145.537772     11.161    16.8754  35.520808    27.0401     11.061  251.92007  252.27476    -1.1560     5.5751 0.0000e+00
 145.537775     11.192    16.8644  35.523159    27.0496     11.091  251.95866  252.31283    -0.8915     5.6640 0.0000e+00
 145.537778     11.228    16.8558  35.522317    27.0546     11.128  251.99223  252.34600    -0.8915     5.6802 0.0000e+00
 145.537781     11.263    16.8485  35.521233    27.0585     11.162  252.02147  252.37492    -0.8915     5.6802 0.0000e+00
 145.537784     11.296    16.8442  35.519728    27.0585     11.195  252.04014  252.39340    -0.8292     5.7045 0.0000e+00
 145.537786     11.325    16.8409  35.513644    27.0602     11.224  252.06138  252.41452     0.3537     5.8703 0.0000e+00
 145.537789     11.354    16.8385  35.514548    27.0592     11.253  252.06991  252.42293     0.3926     5.8764 0.0000e+00
 145.537792     11.380    16.8361  35.519488    27.0612     11.278  252.07843  252.43134     0.3537     5.8703 -9.990e-29
 145.537795     11.403    16.8311  35.513645    27.0638     11.301  252.09872  252.45140     0.3537     5.8824 -9.990e-29
 145.537798     11.423    16.8277  35.522320    27.0734     11.321  252.09892  252.45140    -1.0160     7.3704 -9.990e-29
 145.537801     11.447    16.8298  35.524670    27.0740     11.345  252.08776  252.44033    -0.9537     7.3704 -9.990e-29
 145.537804     11.469    16.8376  35.524428    27.0685     11.366  252.05860  252.41153    -0.8448     7.4068 -9.990e-29
 145.537807     11.496    16.8454  35.517319    27.0572     11.394  252.03906  252.39239    -0.9226     7.3704 -9.990e-29
 145.537810     11.520    16.8286  35.513886    27.0519     11.417  252.13120  252.48386    -1.3428     6.6668 -9.990e-29
 145.537813     11.546    16.8175  35.497684    27.0589     11.442  252.17440  252.52655    -1.3583     6.6668 0.0000e+00
 145.537815     11.577    16.8064  35.496422    27.0658     11.473  252.21759  252.56923    -1.3739     6.6668 0.0000e+00
 145.537818     11.610    16.7881  35.492992    27.0752     11.506  252.29218  252.64300    -1.3739     6.6668 0.0000e+00
 145.537821     11.642    16.7780  35.494920    27.0835     11.538  252.32762  252.67796    -1.2806     6.6588 0.0000e+00
