seaocn-cb/data/ctd_cnv/SBE19plus_01907321_2024_05_27_Cast79.cnv
* Sea-Bird SBE19plus  Data File:
* FileName = E:\Prandtl_Daten\2024\27052024\raw\SBE19plus_01907321_2024_05_27_Cast79.hex
* Software version 2.6.1.12
* Temperature SN = 7321
* Conductivity SN = 7321
* System UpLoad Time = May 27 2024 10:51:32
* <ApplicationData>
* <Seaterm232>
** 20240527
** Sea Practical 2024
** MCat 27.05 CTD_SP5
** NMEA Latitude = 54 7.781N
** NMEA Longitude = 008 25.579E
** waterdepth = 10.0m
** Clemens
# nquan = 11
# nvalues = 325                         
# units = specified
# name 0 = timeJ: Julian Days
# name 1 = prdM: Pressure, Strain Gauge [db]
# name 2 = tv290C: Temperature [ITS-90, deg C]
# name 3 = c0mS/cm: Conductivity [mS/cm]
# name 4 = sal00: Salinity, Practical [PSU]
# name 5 = depSM: Depth [salt water, m], lat = 54.00
# name 6 = oxsatMm/Kg: Oxygen Saturation, Weiss [umol/kg]
# name 7 = oxsolMm/Kg: Oxygen Saturation, Garcia & Gordon [umol/kg]
# name 8 = turbWETntu0: Turbidity, WET Labs ECO [NTU]
# name 9 = flECO-AFL: Fluorescence, WET Labs ECO-AFL/FL [mg/m^3]
# name 10 = flag:  0.000e+00
# span 0 = 148.448811, 148.449748       
# span 1 =      0.648,      8.860       
# span 2 =    16.0313,    16.2379       
# span 3 =  37.002981,  37.165175       
# span 4 =    28.8846,    28.9119       
# span 5 =      0.642,      8.780       
# span 6 =  251.91266,  252.92471       
# span 7 =  252.22759,  253.23015       
# span 8 =    -2.8525,    88.1669       
# span 9 =     1.9398,     6.9499       
# span 10 = 0.0000e+00, 0.0000e+00      
# interval = seconds: 0.25
# start_time = May 27 2024 10:45:05 [Instrument's time stamp, header]
# bad_flag = -9.990e-29
*END*
[from data line 263]
 148.449572      7.702    16.0348  37.009774    28.9032      7.633  252.89940  253.20496    28.7584     6.9257 0.0000e+00
 148.449575      7.729    16.0346  37.011734    28.9022      7.660  252.90041  253.20598    28.7895     6.9256 0.0000e+00
 148.449578      7.764    16.0346  37.007998    28.9041      7.695  252.89839  253.20394    28.7895     6.9256 0.0000e+00
 148.449580      7.801    16.0346  37.014797    28.9057      7.731  252.89414  253.19967    28.7895     6.9256 0.0000e+00
 148.449583      7.841    16.0352  37.014123    28.9057      7.771  252.89278  253.19834    36.6650     4.4388 0.0000e+00
 148.449586      7.875    16.0357  37.013878    28.9051      7.805  252.89168  253.19729    36.7584     4.4388 0.0000e+00
 148.449589      7.910    16.0358  37.013082    28.9047      7.839  252.89153  253.19713    36.7117     4.4388 0.0000e+00
 148.449592      7.941    16.0359  37.014307    28.9043      7.870  252.89168  253.19729    36.7584     4.4388 -9.990e-29
 148.449595      7.961    16.0364  37.013878    28.9046      7.890  252.88872  253.19435    36.7428     4.4226 -9.990e-29
 148.449598      7.979    16.0366  37.015226    28.9056      7.908  252.88612  253.19174    33.7078     4.4348 -9.990e-29
 148.449601      7.997    16.0364  37.013879    28.9046      7.926  252.88875  253.19437    33.7389     4.4307 -9.990e-29
 148.449604      8.014    16.0358  37.010449    28.9020      7.942  252.89599  253.20160    33.7078     4.4469 -9.990e-29
 148.449606      8.041    16.0353  37.010449    28.9024      7.969  252.89810  253.20369    33.7389     4.4226 -9.990e-29
 148.449609      8.061    16.0347  37.014308    28.9052      7.989  252.89600  253.20154    28.7895     4.0749 -9.990e-29
 148.449612      8.087    16.0346  37.013267    28.9060      8.015  252.89487  253.20040    28.7116     4.0870 0.0000e+00
 148.449615      8.118    16.0346  37.014982    28.9052      8.045  252.89600  253.20154    28.6494     4.0991 0.0000e+00
 148.449618      8.153    16.0346  37.012961    28.9054      8.080  252.89568  253.20123    28.6494     4.1274 0.0000e+00
 148.449621      8.183    16.0347  37.013512    28.9054      8.110  252.89568  253.20123    44.2447     5.0373 0.0000e+00
 148.449624      8.214    16.0348  37.014063    28.9056      8.141  252.89513  253.20067    44.2914     5.0413 0.0000e+00
 148.449627      8.242    16.0348  37.011614    28.9058      8.168  252.89458  253.20012    44.3381     5.0373 -9.990e-29
 148.449630      8.262    16.0342  37.014370    28.9065      8.188  252.89654  253.20205    44.2136     5.0575 -9.990e-29
 148.449633      8.277    16.0338  37.010695    28.9036      8.203  252.90325  253.20876    44.1669     5.4295 -9.990e-29
 148.449635      8.293    16.0338  37.008062    28.9013      8.219  252.90720  253.21273    44.1047     5.4052 -9.990e-29
 148.449638      8.306    16.0337  37.009348    28.9025      8.231  252.90588  253.21140    44.0735     5.4618 -9.990e-29
 148.449641      8.320    16.0335  37.005735    28.8995      8.246  252.91190  253.21743    43.9957     5.4335 -9.990e-29
 148.449644      8.340    16.0334  37.009164    28.9025      8.266  252.90707  253.21258    43.9957     5.4416 -9.990e-29
 148.449647      8.360    16.0332  37.005735    28.8997      8.286  252.91312  253.21863    50.8440     4.7502 -9.990e-29
 148.449650      8.384    16.0328  37.007756    28.9017      8.309  252.91160  253.21708    50.7506     4.7946 -9.990e-29
 148.449653      8.404    16.0327  37.008307    28.9010      8.329  252.91360  253.21908    50.6883     4.7421 -9.990e-29
 148.449656      8.431    16.0326  37.006837    28.9012      8.356  252.91388  253.21935    54.6105     4.8634 0.0000e+00
 148.449659      8.468    16.0324  37.007083    28.9010      8.392  252.91416  253.21962    58.5327     4.9766 0.0000e+00
 148.449661      8.512    16.0322  37.005919    28.9006      8.436  252.91682  253.22228    58.5327     4.9766 0.0000e+00
 148.449664      8.563    16.0319  37.005062    28.9006      8.486  252.91682  253.22228    58.5015     4.9766 0.0000e+00
 148.449667      8.607    16.0318  37.007206    28.9006      8.530  252.91867  253.22411    58.4393     4.9604 0.0000e+00
 148.449670      8.651    16.0318  37.005736    28.9018      8.573  252.91663  253.22205    37.1319     4.4550 0.0000e+00
 148.449673      8.694    16.0317  37.007512    28.9015      8.617  252.91765  253.22308    37.0930     4.4429 0.0000e+00
 148.449676      8.733    16.0316  37.003532    28.9023      8.655  252.91663  253.22205    37.1319     4.4307 -9.990e-29
 148.449679      8.758    16.0316  37.005063    28.9001      8.680  252.92034  253.22578    37.1008     4.4833 -9.990e-29
 148.449682      8.790    16.0317  37.010452    28.9047      8.711  252.91198  253.21739    62.9218     4.9240 -9.990e-29
 148.449685      8.814    16.0316  37.008737    28.9033      8.735  252.91487  253.22028    62.9685     4.9079 -9.990e-29
 148.449688      8.830    16.0318  37.006165    28.9010      8.751  252.91813  253.22357    62.8128     4.9281 -9.990e-29
 148.449690      8.845    16.0316  37.006349    28.9012      8.766  252.91846  253.22389    62.8284     4.9038 -9.990e-29
 148.449693      8.843    16.0318  37.007758    28.9023      8.764  252.91575  253.22118    62.7661     4.9240 -9.990e-29
 148.449696      8.831    16.0317  37.004573    28.8996      8.752  252.92082  253.22626    49.7700     5.1788 -9.990e-29
 148.449699      8.820    16.0316  37.008064    28.9027      8.741  252.91588  253.22130    49.8323     5.2030 -9.990e-29
 148.449702      8.812    16.0316  37.003471    28.8987      8.733  252.92276  253.22820    49.6611     5.2030 -9.990e-29
 148.449705      8.800    16.0315  37.006594    28.9015      8.721  252.91837  253.22379    49.7856     5.1950 -9.990e-29
 148.449708      8.794    16.0316  37.007451    28.9022      8.716  252.91678  253.22220    51.2486     4.6895 -9.990e-29
 148.449711      8.783    16.0315  37.008860    28.9035      8.705  252.91496  253.22037    51.2642     4.7057 -9.990e-29
 148.449714      8.776    16.0317  37.007084    28.9018      8.697  252.91702  253.22245    51.1397     4.6936 -9.990e-29
 148.449716      8.771    16.0318  37.006777    28.9015      8.692  252.91718  253.22261    51.2798     4.6895 -9.990e-29
 148.449719      8.762    16.0315  37.006165    28.9012      8.683  252.91899  253.22441    58.5949     5.2435 -9.990e-29
 148.449722      8.756    16.0319  37.006349    28.9011      8.677  252.91751  253.22295    58.6416     5.2192 -9.990e-29
 148.449725      8.759    16.0318  37.009778    28.9041      8.681  252.91268  253.21809    58.3615     5.2475 -9.990e-29
 148.449728      8.767    16.0316  37.006165    28.9011      8.688  252.91869  253.22412    58.5949     5.2637 -9.990e-29
 148.449731      8.779    16.0317  37.008309    28.9029      8.701  252.91519  253.22061    71.8245     5.0534 -9.990e-29
 148.449734      8.797    16.0317  37.009105    28.9036      8.719  252.91401  253.21942    71.8556     5.0373 -9.990e-29
 148.449737      8.817    16.0316  37.007084    28.9019      8.738  252.91735  253.22277    71.7467     5.0251 -9.990e-29
 148.449740      8.834    16.0316  37.006349    28.9012      8.755  252.91846  253.22388    71.7778     5.0696 -9.990e-29
 148.449742      8.849    16.0317  37.005247    28.9002      8.769  252.91982  253.22526    71.8089     5.0453 -9.990e-29
 148.449745      8.856    16.0314  37.007880    28.9027      8.777  252.91707  253.22248    87.9179     5.8217 -9.990e-29
 148.449748      8.860    16.0313  37.002981    28.8985      8.780  252.92471  253.23015    88.1669     5.8419 -9.990e-29
