seaocn-cb/data/ctd_cnv/SBE19plus_01907321_2024_05_27_Cast86.cnv
* Sea-Bird SBE19plus  Data File:
* FileName = E:\Prandtl_Daten\2024\27052024\raw\SBE19plus_01907321_2024_05_27_Cast86.hex
* Software version 2.6.1.12
* Temperature SN = 7321
* Conductivity SN = 7321
* System UpLoad Time = May 27 2024 12:33:47
* <ApplicationData>
* <Seaterm232>
** 20240527
** Sea Practical 2024
** MCat 27.05 CTD_SP5
** NMEA Latitude = 54 7.781N
** NMEA Longitude = 008 25.579E
** waterdepth = 10.7m
** Merle
# nquan = 11
# nvalues = 395                         
# units = specified
# name 0 = timeJ: Julian Days
# name 1 = prdM: Pressure, Strain Gauge [db]
# name 2 = tv290C: Temperature [ITS-90, deg C]
# name 3 = c0mS/cm: Conductivity [mS/cm]
# name 4 = sal00: Salinity, Practical [PSU]
# name 5 = depSM: Depth [salt water, m], lat = 54.00
# name 6 = oxsatMm/Kg: Oxygen Saturation, Weiss [umol/kg]
# name 7 = oxsolMm/Kg: Oxygen Saturation, Garcia & Gordon [umol/kg]
# name 8 = turbWETntu0: Turbidity, WET Labs ECO [NTU]
# name 9 = flECO-AFL: Fluorescence, WET Labs ECO-AFL/FL [mg/m^3]
# name 10 = flag:  0.000e+00
# span 0 = 148.520775, 148.521916       
# span 1 =      0.914,     10.374       
# span 2 =    15.7582,    15.8865       
# span 3 =  37.198317,  37.282095       
# span 4 =    29.2499,    29.2774       
# span 5 =      0.906,     10.281       
# span 6 =  253.04368,  253.64853       
# span 7 =  253.33985,  253.93851       
# span 8 =    -2.5413,    38.9062       
# span 9 =     1.7781,     6.0401       
# span 10 = 0.0000e+00, 0.0000e+00      
# interval = seconds: 0.25
# start_time = May 27 2024 12:28:33 [Instrument's time stamp, header]
# bad_flag = -9.990e-29
*END*
 148.520775      0.914    15.8865  37.282095    29.2499      0.906  253.04368  253.33985    -2.3856     2.1258 -9.990e-29
 148.520778      0.932    15.8671  37.271041    29.2556      0.924  253.13132  253.42653    -2.5257     2.1218 -9.990e-29
 148.520781      0.983    15.8636  37.272270    29.2553      0.974  253.14946  253.44451    -2.3856     2.1784 0.0000e+00
 148.520784      1.045    15.8601  37.265577    29.2556      1.036  253.16760  253.46249    -2.2455     2.2350 0.0000e+00
 148.520787      1.103    15.8546  37.263183    29.2569      1.094  253.19205  253.48666    -2.1677     2.2350 0.0000e+00
 148.520790      1.147    15.8490  37.261771    29.2598      1.137  253.21530  253.50962    -2.1677     2.2350 0.0000e+00
 148.520793      1.189    15.8448  37.258824    29.2603      1.179  253.23552  253.52964    -2.2144     2.2027 0.0000e+00
 148.520796      1.229    15.8416  37.257473    29.2615      1.218  253.24947  253.54336    -2.2455     1.8347 0.0000e+00
 148.520799      1.280    15.8394  37.262940    29.2660      1.269  253.24955  253.54343    -2.4323     1.8347 0.0000e+00
 148.520802      1.339    15.8383  37.259992    29.2661      1.327  253.25790  253.55168    -2.4946     1.8266 0.0000e+00
 148.520804      1.404    15.8383  37.259931    29.2661      1.392  253.25826  253.55203    -2.4790     1.8104 0.0000e+00
 148.520807      1.455    15.8382  37.260422    29.2661      1.442  253.25863  253.55239    -2.5257     1.7781 -9.990e-29
 148.520810      1.479    15.8379  37.260177    29.2665      1.466  253.25949  253.55324    -2.3856     2.2188 -9.990e-29
 148.520813      1.470    15.8377  37.261467    29.2677      1.457  253.25813  253.55186    -2.3701     2.1865 -9.990e-29
 148.520816      1.446    15.8374  37.256062    29.2633      1.433  253.26747  253.56122    -2.3078     2.1784 -9.990e-29
 148.520819      1.397    15.8361  37.256615    29.2647      1.385  253.27136  253.56504    -2.3078     2.2188 -9.990e-29
 148.520822      1.355    15.8349  37.256308    29.2653      1.343  253.27625  253.56987    -2.0121     2.2714 -9.990e-29
 148.520825      1.330    15.8341  37.255755    29.2654      1.318  253.28004  253.57362    -2.1833     2.2512 -9.990e-29
 148.520828      1.337    15.8329  37.249431    29.2608      1.325  253.29436  253.58791    -2.1988     2.2552 -9.990e-29
 148.520830      1.370    15.8280  37.251089    29.2618      1.358  253.31738  253.61069    -1.8097     2.3482 -9.990e-29
 148.520833      1.428    15.8270  37.246423    29.2631      1.416  253.32019  253.61344    -1.8564     2.3442 0.0000e+00
 148.520836      1.500    15.8260  37.247651    29.2618      1.486  253.32299  253.61619    -1.9031     2.3402 0.0000e+00
 148.520839      1.576    15.8247  37.242494    29.2634      1.562  253.33558  253.62875    -1.9187     2.3159 0.0000e+00
 148.520842      1.653    15.8234  37.244459    29.2618      1.638  253.33771  253.63079    -1.9498     2.2997 0.0000e+00
 148.520845      1.712    15.8222  37.241635    29.2634      1.696  253.34198  253.63494    -2.3545     2.2188 0.0000e+00
 148.520848      1.759    15.8217  37.246977    29.2645      1.743  253.34422  253.63723    -2.3934     2.1986 0.0000e+00
 148.520851      1.788    15.8212  37.244890    29.2672      1.772  253.34198  253.63494    -2.3545     2.2188 -9.990e-29
 148.520854      1.792    15.8205  37.244215    29.2653      1.776  253.34915  253.64208    -2.3856     2.2067 -9.990e-29
 148.520856      1.779    15.8201  37.244460    29.2658      1.763  253.34996  253.64287    -2.2611     2.2633 -9.990e-29
 148.520859      1.757    15.8198  37.241820    29.2637      1.742  253.35513  253.64804    -2.2611     2.2471 -9.990e-29
 148.520862      1.734    15.8192  37.239855    29.2625      1.718  253.36046  253.65336    -2.3078     2.2552 -9.990e-29
 148.520865      1.723    15.8189  37.242925    29.2654      1.707  253.35700  253.64986    -2.2767     2.2714 -9.990e-29
 148.520868      1.722    15.8183  37.239180    29.2625      1.707  253.36474  253.65760    -2.5413     2.2714 -9.990e-29
 148.520871      1.741    15.8175  37.238934    29.2651      1.725  253.36470  253.65749    -1.6852     2.3038 -9.990e-29
 148.520874      1.775    15.8173  37.241390    29.2636      1.759  253.36818  253.66098    -1.6619     2.3422 0.0000e+00
 148.520877      1.821    15.8171  37.237584    29.2649      1.805  253.36660  253.65938    -1.6852     2.3199 0.0000e+00
 148.520880      1.879    15.8171  37.240961    29.2649      1.862  253.36660  253.65938    -1.8097     2.3240 0.0000e+00
 148.520883      1.941    15.8172  37.242619    29.2663      1.924  253.36383  253.65660    -2.4167     2.3240 0.0000e+00
 148.520885      2.001    15.8176  37.243602    29.2663      1.984  253.36383  253.65660    -2.4167     2.3482 0.0000e+00
 148.520888      2.045    15.8179  37.238076    29.2642      2.027  253.36405  253.65687    -2.3467     2.3522 0.0000e+00
 148.520891      2.080    15.8182  37.243540    29.2616      2.061  253.36720  253.66005    -2.2767     2.3482 -9.990e-29
 148.520894      2.098    15.8186  37.242067    29.2647      2.079  253.35941  253.65226    -2.1833     2.5342 -9.990e-29
 148.520897      2.105    15.8186  37.240778    29.2636      2.086  253.36136  253.65422    -2.1988     2.5423 -9.990e-29
 148.520900      2.101    15.8184  37.240102    29.2631      2.083  253.36327  253.65612    -2.3545     2.5302 -9.990e-29
 148.520903      2.099    15.8183  37.244891    29.2674      2.081  253.35632  253.64914    -2.3389     2.5140 -9.990e-29
 148.520906      2.098    15.8185  37.242926    29.2655      2.079  253.35870  253.65154    -1.8097     2.8092 -9.990e-29
 148.520909      2.103    15.8192  37.245137    29.2669      2.084  253.35269  253.64555    -1.8876     2.8780 -9.990e-29
 148.520911      2.107    15.8200  37.243786    29.2652      2.088  253.35176  253.64467    -1.8720     2.8254 -9.990e-29
 148.520914      2.123    15.8197  37.245321    29.2634      2.104  253.35651  253.64942    -1.9187     2.8497 -9.990e-29
 148.520917      2.152    15.8194  37.241453    29.2640      2.133  253.35726  253.65014    -2.2300     2.6899 0.0000e+00
 148.520920      2.196    15.8190  37.242251    29.2634      2.177  253.35800  253.65086    -2.3389     2.5302 0.0000e+00
 148.520923      2.255    15.8182  37.239427    29.2640      2.235  253.36527  253.65812    -2.3389     2.5302 0.0000e+00
 148.520926      2.320    15.8168  37.239858    29.2629      2.300  253.36971  253.66248    -2.3389     2.5302 0.0000e+00
 148.520929      2.388    15.8156  37.237586    29.2640      2.366  253.37794  253.67066    -2.3078     2.5585 0.0000e+00
 148.520932      2.444    15.8148  37.237587    29.2635      2.422  253.38092  253.67361    -2.3312     2.6920 0.0000e+00
 148.520935      2.488    15.8140  37.235315    29.2641      2.466  253.38391  253.67655    -2.1366     2.8254 -9.990e-29
 148.520938      2.512    15.8113  37.235745    29.2645      2.490  253.39684  253.68934    -2.0432     2.8618 -9.990e-29
 148.520940      2.506    15.8110  37.236175    29.2651      2.484  253.39737  253.68986    -2.1988     2.8416 -9.990e-29
 148.520943      2.486    15.8105  37.233719    29.2633      2.464  253.40286  253.69533    -0.8448     3.4279 -9.990e-29
 148.520946      2.455    15.8088  37.232000    29.2630      2.434  253.41168  253.70408    -0.8448     3.4845 -9.990e-29
 148.520949      2.421    15.8074  37.231878    29.2640      2.399  253.41720  253.70952    -1.0627     3.3713 -9.990e-29
 148.520952      2.401    15.8065  37.228931    29.2620      2.379  253.42491  253.71721    -1.0315     3.4198 -9.990e-29
 148.520955      2.406    15.8054  37.226353    29.2606      2.385  253.43298  253.72523    -0.8292     3.1570 -9.990e-29
 148.520958      2.436    15.8044  37.230957    29.2648      2.414  253.43094  253.72311    -0.8759     3.1731 -9.990e-29
 148.520961      2.490    15.8043  37.230282    29.2644      2.468  253.43181  253.72398    -0.9382     3.1772 0.0000e+00
 148.520964      2.560    15.8043  37.229362    29.2640      2.537  253.43267  253.72485    -0.9070     3.1731 0.0000e+00
 148.520966      2.638    15.8031  37.224389    29.2605      2.614  253.44470  253.73684    -1.0004     3.1367 0.0000e+00
 148.520969      2.707    15.8008  37.221996    29.2602      2.683  253.45728  253.74931    -1.8720     3.0114 0.0000e+00
 148.520972      2.762    15.7984  37.219787    29.2602      2.737  253.46957  253.76149    -1.8720     2.9952 0.0000e+00
 148.520975      2.815    15.7972  37.220033    29.2610      2.790  253.47400  253.76585    -1.9109     3.0033 0.0000e+00
 148.520978      2.850    15.7959  37.220708    29.2620      2.824  253.47843  253.77022    -1.8409     2.9952 -9.990e-29
 148.520981      2.868    15.7931  37.216166    29.2607      2.843  253.49502  253.78668    -0.7202     3.2257 -9.990e-29
 148.520984      2.870    15.7921  37.216841    29.2620      2.844  253.49756  253.78917    -0.6891     3.2378 -9.990e-29
 148.520987      2.865    15.7910  37.215675    29.2618      2.839  253.50348  253.79504    -0.5802     3.2702 -9.990e-29
 148.520990      2.850    15.7901  37.212852    29.2600      2.824  253.51131  253.80284    -0.7825     3.2176 -9.990e-29
 148.520992      2.833    15.7895  37.217271    29.2643      2.808  253.50669  253.79816    -1.7475     3.2500 -9.990e-29
 148.520995      2.821    15.7893  37.217210    29.2644      2.795  253.50767  253.79912    -1.5763     3.2176 -9.990e-29
 148.520998      2.822    15.7890  37.215921    29.2635      2.797  253.51081  253.80226    -1.7475     3.2338 -9.990e-29
 148.521001      2.837    15.7887  37.215061    29.2629      2.812  253.51301  253.80445    -1.8720     3.2298 -9.990e-29
 148.521004      2.859    15.7889  37.214325    29.2627      2.834  253.51255  253.80400    -1.4051     3.0518 -9.990e-29
 148.521007      2.905    15.7889  37.215000    29.2629      2.879  253.51220  253.80364    -1.3740     3.0357 0.0000e+00
 148.521010      2.960    15.7889  37.215492    29.2631      2.933  253.51184  253.80328    -1.3584     3.0195 0.0000e+00
 148.521013      3.023    15.7889  37.216413    29.2631      2.996  253.51184  253.80328    -1.3428     3.0195 0.0000e+00
 148.521016      3.083    15.7889  37.213957    29.2619      3.056  253.51423  253.80569    -1.3584     3.0437 0.0000e+00
 148.521019      3.138    15.7883  37.213651    29.2619      3.110  253.51681  253.80824    -1.9498     3.4036 0.0000e+00
 148.521021      3.182    15.7881  37.214572    29.2625      3.153  253.51702  253.80843    -1.9498     3.4077 0.0000e+00
 148.521024      3.215    15.7879  37.211380    29.2630      3.186  253.51722  253.80862    -1.9498     3.4036 -9.990e-29
 148.521027      3.222    15.7869  37.214818    29.2639      3.193  253.52044  253.81178    -1.7786     3.4400 -9.990e-29
 148.521030      3.216    15.7869  37.213283    29.2626      3.188  253.52276  253.81412    -1.7319     4.2204 -9.990e-29
 148.521033      3.207    15.7866  37.215247    29.2645      3.179  253.52097  253.81229    -1.6074     4.2204 -9.990e-29
 148.521036      3.202    15.7865  37.213099    29.2627      3.173  253.52451  253.81585    -1.7164     4.3013 -9.990e-29
 148.521039      3.212    15.7864  37.211626    29.2616      3.184  253.52735  253.81869    -1.6385     4.2488 -9.990e-29
 148.521042      3.238    15.7859  37.210214    29.2607      3.209  253.53128  253.82261    -1.3584     3.1893 -9.990e-29
 148.521045      3.262    15.7857  37.211381    29.2618      3.233  253.53044  253.82174    -1.3584     3.1812 -9.990e-29
 148.521047      3.295    15.7857  37.211381    29.2632      3.265  253.52784  253.81913    -1.3662     3.1731 0.0000e+00
 148.521050      3.336    15.7857  37.214634    29.2628      3.307  253.52599  253.81731    -1.3584     3.1651 0.0000e+00
 148.521053      3.375    15.7862  37.212977    29.2636      3.345  253.52524  253.81652    -0.7047     3.0599 0.0000e+00
 148.521056      3.415    15.7862  37.213959    29.2636      3.384  253.52452  253.81584    -0.6736     3.0397 0.0000e+00
 148.521059      3.457    15.7865  37.215494    29.2640      3.426  253.52119  253.81253    -0.7047     3.0357 0.0000e+00
 148.521062      3.495    15.7868  37.214819    29.2640      3.464  253.52119  253.81253    -0.6424     3.0276 0.0000e+00
 148.521065      3.531    15.7868  37.212854    29.2631      3.500  253.52254  253.81389    -0.7125     3.0215 0.0000e+00
 148.521068      3.561    15.7868  37.211811    29.2622      3.529  253.52389  253.81525    -0.6424     3.0154 -9.990e-29
 148.521071      3.583    15.7864  37.214389    29.2638      3.551  253.52338  253.81470    -1.1716     3.6220 -9.990e-29
 148.521073      3.592    15.7861  37.212732    29.2626      3.560  253.52678  253.81810    -1.1405     3.6503 -9.990e-29
 148.521076      3.595    15.7857  37.212302    29.2625      3.563  253.52922  253.82052    -1.1716     3.5815 -9.990e-29
 148.521079      3.595    15.7853  37.211811    29.2624      3.563  253.53145  253.82273    -1.0160     4.2649 -9.990e-29
 148.521082      3.590    15.7848  37.212303    29.2632      3.558  253.53248  253.82373    -1.0471     4.2326 -9.990e-29
 148.521085      3.585    15.7839  37.210891    29.2626      3.553  253.53789  253.82910    -1.1094     4.2407 -9.990e-29
 148.521088      3.588    15.7827  37.210032    29.2627      3.556  253.54365  253.83480    -1.2183     4.2811 -9.990e-29
 148.521091      3.605    15.7801  37.208498    29.2591      3.572  253.56315  253.85421    -0.2689     3.9859 -9.990e-29
 148.521094      3.634    15.7792  37.203649    29.2602      3.601  253.56589  253.85690    -0.3389     3.9859 0.0000e+00
 148.521097      3.674    15.7782  37.204754    29.2614      3.641  253.56863  253.85958    -0.3778     3.9859 0.0000e+00
 148.521100      3.725    15.7770  37.207025    29.2622      3.692  253.56997  253.86084    -0.4090     3.9859 0.0000e+00
 148.521102      3.787    15.7763  37.204080    29.2641      3.753  253.57558  253.86640    -2.0121     3.6058 0.0000e+00
 148.521105      3.847    15.7759  37.205921    29.2625      3.813  253.57715  253.86800    -2.0432     3.0842 0.0000e+00
 148.521108      3.904    15.7755  37.203835    29.2641      3.869  253.57567  253.86646    -2.0743     3.0842 0.0000e+00
 148.521111      3.952    15.7754  37.207272    29.2640      3.916  253.57797  253.86877    -2.1444     3.0923 0.0000e+00
 148.521114      3.990    15.7754  37.210280    29.2656      3.954  253.57567  253.86646    -2.2144     3.1004 -9.990e-29
 148.521117      4.010    15.7771  37.211139    29.2677      3.974  253.56331  253.85416    -1.4051     3.3389 -9.990e-29
 148.521120      4.019    15.7782  37.207026    29.2633      3.983  253.56568  253.85662    -1.4051     3.3187 -9.990e-29
 148.521123      4.023    15.7790  37.209788    29.2651      3.987  253.55823  253.84920    -1.4362     3.2864 -9.990e-29
 148.521126      4.023    15.7799  37.209420    29.2641      3.987  253.55552  253.84653    -1.3584     3.3228 -9.990e-29
 148.521128      4.019    15.7804  37.209788    29.2641      3.983  253.55288  253.84392    -0.0043     3.9333 -9.990e-29
 148.521131      4.032    15.7812  37.215005    29.2681      3.996  253.54231  253.83335    -0.0043     3.9131 -9.990e-29
 148.521134      4.044    15.7820  37.211568    29.2644      4.008  253.54426  253.83537    -0.1132     3.9253 -9.990e-29
 148.521137      4.059    15.7829  37.211629    29.2638      4.023  253.54091  253.83206     0.0268     3.9617 -9.990e-29
 148.521140      4.081    15.7837  37.212857    29.2643      4.045  253.53609  253.82728    -1.6230     3.4885 -9.990e-29
 148.521143      4.105    15.7844  37.214084    29.2632      4.068  253.53437  253.82561    -1.7475     3.4845 -9.990e-29
 148.521146      4.132    15.7844  37.212243    29.2629      4.095  253.53503  253.82627    -1.6930     3.4865 0.0000e+00
 148.521149      4.158    15.7844  37.211384    29.2629      4.120  253.53569  253.82693    -1.6385     3.4845 0.0000e+00
 148.521152      4.189    15.7842  37.211630    29.2629      4.151  253.53598  253.82720    -1.2183     3.4885 0.0000e+00
