seaocn-cb/data/ctd_cnv/SBE19plus_01907321_2024_05_27_Cast79.cnv
* Sea-Bird SBE19plus  Data File:
* FileName = E:\Prandtl_Daten\2024\27052024\raw\SBE19plus_01907321_2024_05_27_Cast79.hex
* Software version 2.6.1.12
* Temperature SN = 7321
* Conductivity SN = 7321
* System UpLoad Time = May 27 2024 10:51:32
* <ApplicationData>
* <Seaterm232>
** 20240527
** Sea Practical 2024
** MCat 27.05 CTD_SP5
** NMEA Latitude = 54 7.781N
** NMEA Longitude = 008 25.579E
** waterdepth = 10.0m
** Clemens
# nquan = 11
# nvalues = 325                         
# units = specified
# name 0 = timeJ: Julian Days
# name 1 = prdM: Pressure, Strain Gauge [db]
# name 2 = tv290C: Temperature [ITS-90, deg C]
# name 3 = c0mS/cm: Conductivity [mS/cm]
# name 4 = sal00: Salinity, Practical [PSU]
# name 5 = depSM: Depth [salt water, m], lat = 54.00
# name 6 = oxsatMm/Kg: Oxygen Saturation, Weiss [umol/kg]
# name 7 = oxsolMm/Kg: Oxygen Saturation, Garcia & Gordon [umol/kg]
# name 8 = turbWETntu0: Turbidity, WET Labs ECO [NTU]
# name 9 = flECO-AFL: Fluorescence, WET Labs ECO-AFL/FL [mg/m^3]
# name 10 = flag:  0.000e+00
# span 0 = 148.448811, 148.449748       
# span 1 =      0.648,      8.860       
# span 2 =    16.0313,    16.2379       
# span 3 =  37.002981,  37.165175       
# span 4 =    28.8846,    28.9119       
# span 5 =      0.642,      8.780       
# span 6 =  251.91266,  252.92471       
# span 7 =  252.22759,  253.23015       
# span 8 =    -2.8525,    88.1669       
# span 9 =     1.9398,     6.9499       
# span 10 = 0.0000e+00, 0.0000e+00      
# interval = seconds: 0.25
# start_time = May 27 2024 10:45:05 [Instrument's time stamp, header]
# bad_flag = -9.990e-29
*END*
 148.448811      0.648    16.1779  37.125924    28.9013      0.642  252.18744  252.49960    -1.9498     1.9520 -9.990e-29
 148.448814      0.663    16.1867  37.128683    28.9004      0.657  252.14509  252.45766    -2.1366     1.9520 -9.990e-29
 148.448817      0.723    16.1873  37.132301    28.8968      0.716  252.14830  252.46092    -2.0821     1.9499 0.0000e+00
 148.448819      0.801    16.1869  37.125004    28.8939      0.794  252.15150  252.46417    -2.0432     1.9520 0.0000e+00
 148.448822      0.885    16.1869  37.125004    28.8932      0.877  252.15543  252.46806    -2.0276     2.0611 0.0000e+00
 148.448825      0.969    16.1841  37.118199    28.8936      0.960  252.17578  252.48830    -1.9498     2.0773 0.0000e+00
 148.448828      1.036    16.1805  37.119364    28.8936      1.027  252.18784  252.50018    -1.8409     2.0773 0.0000e+00
 148.448831      1.097    16.1793  37.118690    28.8942      1.087  252.19255  252.50483    -1.8253     2.0895 0.0000e+00
 148.448834      1.138    16.1782  37.116115    28.8947      1.128  252.19726  252.50948    -1.8097     2.1016 -9.990e-29
 148.448837      1.160    16.1745  37.115503    28.8946      1.150  252.21610  252.52815    -2.0899     2.4008 -9.990e-29
 148.448840      1.169    16.1728  37.117097    28.8972      1.159  252.22002  252.53197    -2.1833     2.4129 -9.990e-29
 148.448843      1.188    16.1733  37.120224    28.8996      1.177  252.21358  252.52554    -2.2611     2.3927 -9.990e-29
 148.448845      1.188    16.1752  37.127092    28.9041      1.177  252.19618  252.50820    -2.6502     2.0652 -9.990e-29
 148.448848      1.162    16.1805  37.137394    28.9091      1.152  252.16080  252.47303    -2.6502     2.0652 -9.990e-29
 148.448851      1.129    16.1881  37.138926    28.9050      1.119  252.13038  252.44298    -2.6191     2.0692 -9.990e-29
 148.448854      1.111    16.2031  37.144813    28.9024      1.101  252.06023  252.37354    -2.4323     2.0531 -9.990e-29
 148.448857      1.138    16.2068  37.148492    28.9016      1.128  252.04316  252.35663    -2.4712     2.0410 0.0000e+00
 148.448860      1.213    16.2105  37.152785    28.9007      1.202  252.02608  252.33973    -2.4634     2.0288 0.0000e+00
 148.448863      1.306    16.2160  37.157140    28.9007      1.295  251.99932  252.31323    -2.5101     2.0207 0.0000e+00
 148.448866      1.375    16.2206  37.161679    28.9004      1.363  251.97527  252.28938    -2.4634     2.0207 0.0000e+00
 148.448869      1.423    16.2231  37.163458    28.9000      1.410  251.96484  252.27907    -2.4089     2.0267 0.0000e+00
 148.448872      1.456    16.2255  37.165175    28.8989      1.443  251.95441  252.26876    -2.3078     2.0328 -9.990e-29
 148.448874      1.469    16.2339  37.161187    28.8909      1.456  251.92639  252.24118    -2.6813     2.1744 -9.990e-29
 148.448877      1.474    16.2356  37.164316    28.8923      1.461  251.91547  252.23033    -2.6658     2.1339 -9.990e-29
 148.448880      1.471    16.2370  37.162782    28.8900      1.457  251.91266  252.22759    -2.5101     2.1258 -9.990e-29
 148.448883      1.456    16.2379  37.157322    28.8846      1.443  251.91716  252.23217    -2.6813     2.1461 -9.990e-29
 148.448886      1.438    16.2373  37.161923    28.8891      1.425  251.91272  252.22767    -2.6658     2.1380 -9.990e-29
 148.448889      1.438    16.2357  37.159837    28.8884      1.425  251.92179  252.23668    -2.6502     2.1501 -9.990e-29
 148.448892      1.451    16.2323  37.159347    28.8876      1.438  251.94042  252.25515    -2.2144     1.9398 -9.990e-29
 148.448895      1.484    16.2319  37.155973    28.8880      1.470  251.94169  252.25641    -2.1989     1.9499 0.0000e+00
 148.448898      1.516    16.2319  37.156280    28.8880      1.503  251.94169  252.25641    -2.1989     1.9499 0.0000e+00
 148.448900      1.546    16.2314  37.156649    28.8884      1.532  251.94297  252.25767    -2.1833     1.9600 -9.990e-29
 148.448903      1.568    16.2282  37.154625    28.8896      1.554  251.95690  252.27144    -2.1988     2.0167 -9.990e-29
 148.448906      1.602    16.2274  37.154993    28.8901      1.588  251.96033  252.27483    -2.1755     2.0147 0.0000e+00
 148.448909      1.657    16.2266  37.154625    28.8896      1.642  251.96376  252.27822    -2.1988     2.0126 0.0000e+00
 148.448912      1.735    16.2246  37.146100    28.8889      1.720  251.98394  252.29834    -2.2144     2.0126 0.0000e+00
 148.448915      1.821    16.2224  37.149351    28.8883      1.805  251.98724  252.30152    -2.2300     2.0126 0.0000e+00
 148.448918      1.894    16.2199  37.146653    28.8889      1.877  252.00056  252.31473    -2.2455     2.0126 0.0000e+00
 148.448921      1.951    16.2184  37.147573    28.8898      1.933  252.00543  252.31952    -2.5490     2.0046 0.0000e+00
 148.448924      1.978    16.2169  37.146163    28.8913      1.960  252.01030  252.32431    -2.8525     1.9884 -9.990e-29
 148.448927      1.994    16.2139  37.146531    28.8926      1.976  252.02324  252.33710    -2.6813     2.0531 -9.990e-29
 148.448929      1.994    16.2128  37.141195    28.8887      1.976  252.03506  252.34890    -2.6813     2.0045 -9.990e-29
 148.448932      1.981    16.2120  37.142974    28.8909      1.964  252.03570  252.34948    -2.1210     2.5989 -9.990e-29
 148.448935      1.963    16.2104  37.139540    28.8890      1.946  252.04647  252.36020    -2.2455     2.5666 -9.990e-29
 148.448938      1.945    16.2077  37.138927    28.8905      1.928  252.05755  252.37114    -2.0899     2.5626 -9.990e-29
 148.448941      1.934    16.2039  37.131752    28.8871      1.917  252.08256  252.39601    -2.1988     2.5989 -9.990e-29
 148.448944      1.945    16.1999  37.132733    28.8908      1.927  252.09577  252.40901    -2.1522     2.4776 -9.990e-29
 148.448947      1.967    16.1971  37.130955    28.8913      1.949  252.10890  252.42201    -2.1055     2.4332 -9.990e-29
 148.448950      1.992    16.1954  37.130465    28.8921      1.974  252.11623  252.42925    -2.3078     2.5059 -9.990e-29
 148.448953      2.014    16.1942  37.130465    28.8929      1.996  252.12043  252.43339    -2.4479     2.4372 -9.990e-29
 148.448955      2.038    16.1905  37.125253    28.8919      2.019  252.14090  252.45370    -2.4634     2.2835 -9.990e-29
 148.448958      2.067    16.1897  37.126173    28.8930      2.048  252.14324  252.45599    -2.4478     2.2755 0.0000e+00
 148.448961      2.109    16.1888  37.127277    28.8941      2.090  252.14379  252.45641    -2.4479     2.2674 0.0000e+00
 148.448964      2.158    16.1877  37.131509    28.8959      2.139  252.14557  252.45827    -2.4323     2.2674 0.0000e+00
 148.448967      2.213    16.1877  37.128443    28.8970      2.193  252.14379  252.45641    -2.4479     2.2795 0.0000e+00
 148.448970      2.267    16.1885  37.130467    28.8959      2.247  252.14211  252.45478    -2.5413     2.5302 0.0000e+00
 148.448973      2.320    16.1895  37.127769    28.8952      2.300  252.14054  252.45327    -2.6191     2.5383 0.0000e+00
 148.448976      2.357    16.1904  37.129363    28.8933      2.336  252.13897  252.45176    -2.5413     2.5302 -9.990e-29
 148.448979      2.381    16.1931  37.132429    28.8953      2.359  252.12190  252.43480    -2.7436     2.5262 -9.990e-29
 148.448981      2.397    16.1942  37.135250    28.8969      2.376  252.11353  252.42647    -1.7164     2.7445 -9.990e-29
 148.448984      2.402    16.1964  37.133717    28.8940      2.381  252.10774  252.42079    -1.6852     2.7809 -9.990e-29
 148.448987      2.411    16.1982  37.135495    28.8943      2.390  252.09852  252.41165    -1.6385     2.7405 -9.990e-29
 148.448990      2.421    16.1985  37.132981    28.8919      2.399  252.10106  252.41423    -1.6385     2.7890 -9.990e-29
 148.448993      2.422    16.1967  37.127829    28.8887      2.401  252.11530  252.42841    -1.8876     3.0397 -9.990e-29
 148.448996      2.441    16.1895  37.125009    28.8896      2.419  252.14964  252.46242    -1.8409     3.0680 -9.990e-29
 148.448999      2.479    16.1880  37.122864    28.8900      2.457  252.15677  252.46947    -1.9109     3.0680 0.0000e+00
 148.449002      2.527    16.1864  37.121147    28.8904      2.504  252.16389  252.47652    -1.8409     3.0680 0.0000e+00
 148.449005      2.581    16.1838  37.123662    28.8944      2.558  252.16976  252.48224    -1.7164     3.0559 0.0000e+00
 148.449008      2.629    16.1817  37.124153    28.8944      2.605  252.17713  252.48950    -1.7164     3.0437 0.0000e+00
 148.449010      2.671    16.1809  37.117531    28.8941      2.647  252.18476  252.49712    -1.7241     3.0377 0.0000e+00
 148.449013      2.702    16.1802  37.121762    28.8917      2.678  252.19239  252.50473    -1.7319     3.0437 -9.990e-29
 148.449016      2.713    16.1783  37.117776    28.8933      2.689  252.19923  252.51147    -1.5607     3.0276 -9.990e-29
 148.449019      2.718    16.1777  37.117286    28.8933      2.694  252.20206  252.51427    -1.7475     2.9143 -9.990e-29
 148.449022      2.717    16.1773  37.119616    28.8956      2.692  252.20009  252.51226    -1.7164     2.9022 -9.990e-29
 148.449025      2.715    16.1765  37.119371    28.8959      2.691  252.20345  252.51558    -1.5763     2.8982 -9.990e-29
 148.449028      2.720    16.1756  37.120045    28.8972      2.696  252.20603  252.51812    -1.7786     2.9022 -9.990e-29
 148.449031      2.728    16.1750  37.115692    28.8938      2.703  252.21461  252.52669    -1.0004     3.3551 -9.990e-29
 148.449034      2.746    16.1736  37.114834    28.8930      2.721  252.22322  252.53524    -0.8292     3.3470 -9.990e-29
 148.449036      2.775    16.1729  37.113546    28.8929      2.750  252.22687  252.53886    -0.8915     3.3430 0.0000e+00
 148.449039      2.811    16.1722  37.112075    28.8930      2.786  252.23051  252.54247    -0.8759     3.3470 0.0000e+00
 148.449042      2.860    16.1708  37.112873    28.8944      2.835  252.23474  252.54662    -0.8915     3.4036 0.0000e+00
 148.449045      2.913    16.1695  37.113425    28.8950      2.887  252.23873  252.55055    -0.8915     3.4036 0.0000e+00
 148.449048      2.964    16.1679  37.111157    28.8958      2.938  252.24812  252.55987    -0.9537     3.4077 0.0000e+00
 148.449051      3.021    16.1662  37.112199    28.8952      2.994  252.25289  252.56454    -0.9537     3.4117 0.0000e+00
 148.449054      3.068    16.1646  37.108644    28.8965      3.041  252.26419  252.57578     0.2292     3.5290 0.0000e+00
 148.449057      3.105    16.1636  37.108460    28.8958      3.077  252.26808  252.57962     0.3070     3.5331 0.0000e+00
 148.449060      3.132    16.1626  37.105088    28.8965      3.104  252.27196  252.58346     0.3848     3.5371 -9.990e-29
 148.449063      3.150    16.1575  37.104108    28.8964      3.122  252.29762  252.60888     0.3381     3.5249 -9.990e-29
 148.449065      3.159    16.1548  37.100920    28.8956      3.131  252.31225  252.62339     0.2914     3.5492 -9.990e-29
 148.449068      3.159    16.1520  37.099143    28.8961      3.131  252.32566  252.63667    -0.4090     3.3511 -9.990e-29
 148.449071      3.156    16.1511  37.103434    28.9005      3.127  252.32256  252.63350    -0.4401     3.3551 -9.990e-29
 148.449074      3.148    16.1516  37.099449    28.8967      3.120  252.32670  252.63768    -0.3934     3.3915 -9.990e-29
 148.449077      3.159    16.1500  37.095526    28.8944      3.131  252.33823  252.64917    -0.6113     3.3794 -9.990e-29
 148.449080      3.174    16.1425  37.093810    28.8980      3.145  252.36949  252.68005    -1.3739     3.1691 -9.990e-29
 148.449083      3.205    16.1416  37.093443    28.8985      3.176  252.37296  252.68348    -1.3583     3.1327 0.0000e+00
 148.449086      3.242    16.1412  37.093014    28.8989      3.213  252.36949  252.68005    -1.3739     3.1206 0.0000e+00
 148.449089      3.291    16.1412  37.102026    28.9050      3.262  252.36153  252.67198    -1.3428     3.1206 0.0000e+00
 148.449091      3.342    16.1439  37.102761    28.9052      3.312  252.35060  252.66117    -0.6424     3.4077 0.0000e+00
 148.449094      3.393    16.1476  37.106133    28.9050      3.363  252.33154  252.64229    -0.6424     3.4198 0.0000e+00
 148.449097      3.435    16.1495  37.107298    28.9043      3.405  252.32351  252.63435    -0.6580     3.4259 0.0000e+00
 148.449100      3.461    16.1515  37.109566    28.9034      3.430  252.31547  252.62641    -0.7047     3.4198 -9.990e-29
 148.449103      3.479    16.1582  37.107481    28.8987      3.448  252.29009  252.60137    -0.3000     3.6382 -9.990e-29
 148.449106      3.483    16.1594  37.106193    28.8967      3.452  252.28752  252.59887    -0.0821     3.9212 -9.990e-29
 148.449109      3.481    16.1591  37.107481    28.8980      3.450  252.28680  252.59812    -0.1911     3.9091 -9.990e-29
 148.449112      3.483    16.1579  37.100921    28.8932      3.452  252.30106  252.61236    -0.1755     3.9253 -9.990e-29
 148.449115      3.486    16.1548  37.104354    28.8951      3.455  252.31338  252.62453    -0.7047     3.6826 -9.990e-29
 148.449117      3.512    16.1538  37.100492    28.8946      3.481  252.31884  252.62995    -0.7047     3.6725 0.0000e+00
 148.449120      3.552    16.1529  37.097795    28.8941      3.520  252.32430  252.63537    -0.7047     3.6624 0.0000e+00
 148.449123      3.605    16.1504  37.094363    28.8941      3.573  252.33902  252.64998    -0.7047     3.6624 0.0000e+00
 148.449126      3.666    16.1478  37.094241    28.8947      3.633  252.34835  252.65905    -0.7047     3.6624 0.0000e+00
 148.449129      3.720    16.1459  37.099391    28.8997      3.687  252.34881  252.65964    -1.7164     3.3996 0.0000e+00
 148.449132      3.769    16.1454  37.097491    28.9002      3.736  252.35188  252.66255    -1.7319     3.3875 0.0000e+00
 148.449135      3.809    16.1448  37.104357    28.8997      3.775  252.35540  252.66605    -1.7475     3.3753 -9.990e-29
 148.449138      3.831    16.1481  37.100740    28.9001      3.797  252.33803  252.64883    -1.7631     3.4117 -9.990e-29
 148.449141      3.848    16.1508  37.105521    28.9023      3.813  252.32104  252.63195    -0.9693     3.9293 -9.990e-29
 148.449144      3.846    16.1539  37.110487    28.9043      3.811  252.30198  252.61302    -0.7981     3.9253 -9.990e-29
 148.449146      3.846    16.1583  37.111774    28.9022      3.811  252.28361  252.59486    -0.7981     3.9455 -9.990e-29
 148.449149      3.840    16.1621  37.105275    28.8938      3.806  252.27892  252.59041    -0.9848     3.9212 -9.990e-29
 148.449152      3.842    16.1624  37.103251    28.8919      3.808  252.28103  252.59255     1.0852     3.9172 -9.990e-29
 148.449155      3.866    16.1515  37.098102    28.8893      3.831  252.33974  252.65077     1.1163     3.7231 -9.990e-29
 148.449158      3.893    16.1486  37.091176    28.8924      3.858  252.34918  252.66006     1.0619     3.7312 0.0000e+00
 148.449161      3.940    16.1456  37.093384    28.8955      3.905  252.35862  252.66934     1.1163     3.7393 0.0000e+00
 148.449164      3.990    16.1407  37.090075    28.8955      3.954  252.38183  252.69233     1.1163     3.7393 0.0000e+00
 148.449167      4.032    16.1358  37.082107    28.8957      3.996  252.41199  252.72228     1.1163     3.4926 0.0000e+00
 148.449170      4.070    16.1310  37.081433    28.8957      4.034  252.43097  252.74102     1.1630     3.4845 0.0000e+00
 148.449172      4.103    16.1263  37.080270    28.8981      4.066  252.45038  252.76019     1.1163     3.4845 0.0000e+00
 148.449175      4.130    16.1244  37.080331    28.8995      4.093  252.45752  252.76724     1.1397     3.4886 0.0000e+00
 148.449178      4.156    16.1224  37.077819    28.9009      4.119  252.46466  252.77428     1.1163     3.4966 -9.990e-29
 148.449181      4.178    16.1175  37.074142    28.8991      4.141  252.49247  252.80188     1.9257     3.8565 -9.990e-29
 148.449184      4.196    16.1153  37.074081    28.9007      4.159  252.50065  252.80995     2.0035     3.8808 -9.990e-29
 148.449187      4.209    16.1129  37.074817    28.9031      4.172  252.50884  252.81800     2.0969     3.8484 -9.990e-29
