seaocn-cb/data/ctd_cnv/SBE19plus_01907321_2024_05_22_Cast08.cnv
* Sea-Bird SBE19plus  Data File:
* FileName = E:\Prandtl_Daten\2024\CTD\raw\SBE19plus_01907321_2024_05_21_Cast08.hex
* Software version 2.6.1.12
* Temperature SN = 7321
* Conductivity SN = 7321
* System UpLoad Time = May 22 2024 09:01:01
* <ApplicationData>
* <Seaterm232>
** 20240522
** Sea Practical 2024
** MCat 22.05 CTD_SP1
** NMEA Latitude = 54 07.702N
** NMEA Longitude = 008 46.52E
** waterdepth = 13.5m
** Isabelle
# nquan = 11
# nvalues = 414                         
# units = specified
# name 0 = timeJ: Julian Days
# name 1 = prdM: Pressure, Strain Gauge [db]
# name 2 = tv290C: Temperature [ITS-90, deg C]
# name 3 = c0mS/cm: Conductivity [mS/cm]
# name 4 = sal00: Salinity, Practical [PSU]
# name 5 = depSM: Depth [salt water, m], lat = 54.00
# name 6 = oxsatMm/Kg: Oxygen Saturation, Weiss [umol/kg]
# name 7 = oxsolMm/Kg: Oxygen Saturation, Garcia & Gordon [umol/kg]
# name 8 = turbWETntu0: Turbidity, WET Labs ECO [NTU]
# name 9 = flECO-AFL: Fluorescence, WET Labs ECO-AFL/FL [mg/m^3]
# name 10 = flag:  0.000e+00
# span 0 = 143.366913, 143.368108       
# span 1 =      0.690,     12.202       
# span 2 =    17.0341,    17.4692       
# span 3 =  35.473334,  35.564943       
# span 4 =    26.6412,    26.9000       
# span 5 =      0.684,     12.092       
# span 6 =  249.62417,  251.38543       
# span 7 =  250.00488,  251.74755       
# span 8 =    -2.0432,    53.2720       
# span 9 =     4.9362,    11.8225       
# span 10 = 0.0000e+00, 0.0000e+00      
# interval = seconds: 0.25
# start_time = May 22 2024 08:46:59 [Instrument's time stamp, header]
# bad_flag = -9.990e-29
*END*
[from data line 394]
 143.368053     11.935    17.0356  35.479355    26.8980     11.828  251.37362  251.73577    44.3692     9.8047 0.0000e+00
 143.368056     11.974    17.0364  35.474839    26.8968     11.866  251.37362  251.73577    44.3692     9.8249 0.0000e+00
 143.368058     12.019    17.0373  35.479355    26.8939     11.912  251.36799  251.73027    44.3692     9.8168 0.0000e+00
 143.368061     12.067    17.0382  35.476585    26.8968     11.959  251.36742  251.72966    44.3381     9.8168 0.0000e+00
 143.368064     12.110    17.0385  35.480680    26.8954     12.002  251.36397  251.72626    41.9179     9.1658 0.0000e+00
 143.368067     12.147    17.0388  35.479355    26.8969     12.038  251.35996  251.72225    39.4976     8.5148 -9.990e-29
 143.368070     12.158    17.0400  35.481944    26.8972     12.049  251.35350  251.71584    39.5288     8.6118 -9.990e-29
 143.368073     12.143    17.0401  35.480017    26.8955     12.035  251.35594  251.71829    39.5599     8.5754 -9.990e-29
 143.368076     12.122    17.0401  35.478090    26.8939     12.013  251.35869  251.72105    36.4471     8.8666 -9.990e-29
 143.368079     12.100    17.0403  35.473334    26.8897     11.991  251.36456  251.72696    36.4938     8.7898 -9.990e-29
 143.368082     12.081    17.0405  35.478753    26.8942     11.973  251.35616  251.71854    36.6183     8.8059 -9.990e-29
 143.368084     12.070    17.0408  35.477428    26.8929     11.962  251.35680  251.71921    36.4004     8.7978 -9.990e-29
 143.368087     12.068    17.0409  35.478090    26.8934     11.960  251.35554  251.71795    34.7350     8.6199 -9.990e-29
 143.368090     12.078    17.0410  35.478271    26.8934     11.970  251.35498  251.71738    34.6883     8.5997 -9.990e-29
 143.368093     12.100    17.0422  35.480860    26.8930     11.991  251.34964  251.71209    34.7039     8.5876 -9.990e-29
 143.368096     12.127    17.0425  35.478753    26.8943     12.018  251.34609  251.70855    34.7428     8.5957 0.0000e+00
 143.368099     12.156    17.0425  35.482185    26.8943     12.047  251.34609  251.70855    34.7428     8.5957 0.0000e+00
 143.368102     12.184    17.0428  35.480258    26.8955     12.074  251.34255  251.70502    34.7817     8.6038 -9.990e-29
 143.368105     12.200    17.0446  35.481342    26.8936     12.091  251.33692  251.69948    29.2875     8.7412 -9.990e-29
 143.368108     12.202    17.0457  35.480017    26.8917     12.092  251.33477  251.69738    29.3187     8.7412 -9.990e-29
