seaocn-cb/data/ctd_cnv/SBE19plus_01907321_2024_05_25_Cast52.cnv
* Sea-Bird SBE19plus  Data File:
* FileName = E:\Prandtl_Daten\2024\25052024\raw\SBE19plus_01907321_2024_05_25_Cast52.hex
* Software version 2.6.1.12
* Temperature SN = 7321
* Conductivity SN = 7321
* System UpLoad Time = May 25 2024 08:31:18
* <ApplicationData>
* <Seaterm232>
** 20240525
** Sea Practical 2024
** MCat 25.05 CTD_SP7
** NMEA Latitude = 054 8.23N
** NMEA Longitude = 008 20.51E
** waterdepth = 11.3m
** Till
# nquan = 11
# nvalues = 353                         
# units = specified
# name 0 = timeJ: Julian Days
# name 1 = prdM: Pressure, Strain Gauge [db]
# name 2 = tv290C: Temperature [ITS-90, deg C]
# name 3 = c0mS/cm: Conductivity [mS/cm]
# name 4 = sal00: Salinity, Practical [PSU]
# name 5 = depSM: Depth [salt water, m], lat = 54.00
# name 6 = oxsatMm/Kg: Oxygen Saturation, Weiss [umol/kg]
# name 7 = oxsolMm/Kg: Oxygen Saturation, Garcia & Gordon [umol/kg]
# name 8 = turbWETntu0: Turbidity, WET Labs ECO [NTU]
# name 9 = flECO-AFL: Fluorescence, WET Labs ECO-AFL/FL [mg/m^3]
# name 10 = flag:  0.000e+00
# span 0 = 146.351687, 146.352705       
# span 1 =      0.869,     10.440       
# span 2 =    14.1008,    15.7338       
# span 3 =  36.505183,  37.272086       
# span 4 =    28.6857,    30.5994       
# span 5 =      0.862,     10.347       
# span 6 =  254.79405,  259.89044       
# span 7 =  255.08705,  260.08350       
# span 8 =    -3.9732,    10.5482       
# span 9 =     3.8039,     8.7736       
# span 10 = 0.0000e+00, 0.0000e+00      
# interval = seconds: 0.25
# start_time = May 25 2024 08:24:58 [Instrument's time stamp, header]
# bad_flag = -9.990e-29
*END*
[from data line 132]
 146.352069      4.591    15.4700  36.615168    28.9717      4.550  255.63907  255.91745    -3.2261     5.5589 0.0000e+00
 146.352072      4.643    15.4672  36.617059    28.9754      4.601  255.64676  255.92483    -3.6152     4.9483 0.0000e+00
 146.352075      4.677    15.4650  36.623097    28.9797      4.635  255.65080  255.92872    -3.6541     4.9322 0.0000e+00
 146.352078      4.705    15.4627  36.622427    28.9840      4.662  255.65483  255.93262    -3.6930     4.9483 -9.990e-29
 146.352080      4.721    15.4533  36.625660    28.9932      4.679  255.68680  255.96407    -3.3973     4.9240 -9.990e-29
 146.352083      4.728    15.4498  36.624928    28.9951      4.686  255.70139  255.97847    -3.5529     5.2556 -9.990e-29
 146.352086      4.735    15.4485  36.624257    28.9954      4.693  255.70722  255.98423    -3.4440     5.6964 -9.990e-29
 146.352089      4.745    15.4474  36.629076    29.0005      4.702  255.70398  255.98090    -3.5374     5.7125 -9.990e-29
 146.352092      4.755    15.4442  36.632309    29.0057      4.713  255.71127  255.98799    -3.5062     5.7125 -9.990e-29
 146.352095      4.774    15.4408  36.631821    29.0078      4.731  255.72519  256.00173    -3.6774     5.7409 -9.990e-29
 146.352098      4.795    15.4341  36.636091    29.0187      4.753  255.74000  256.01614    -3.2728     5.0534 -9.990e-29
 146.352101      4.824    15.4319  36.638714    29.0223      4.781  255.74520  256.02120    -3.3117     5.0656 0.0000e+00
 146.352104      4.861    15.4296  36.643229    29.0260      4.818  255.75040  256.02626    -3.2728     5.0534 0.0000e+00
 146.352106      4.898    15.4241  36.652685    29.0383      4.854  255.75675  256.03225    -3.3506     5.0292 0.0000e+00
 146.352109      4.934    15.4168  36.649941    29.0413      4.890  255.78910  256.06422    -3.3506     4.9321 0.0000e+00
 146.352112      4.970    15.4109  36.657079    29.0520      4.926  255.80081  256.07555    -3.6619     4.9321 0.0000e+00
 146.352115      5.003    15.4080  36.660070    29.0555      4.959  255.80972  256.08429    -3.5063     4.9261 0.0000e+00
 146.352118      5.029    15.4050  36.665867    29.0589      4.984  255.81862  256.09302    -3.6619     4.9685 -9.990e-29
 146.352121      5.049    15.3901  36.677400    29.0852      5.004  255.84891  256.12239    -3.0393     5.0049 -9.990e-29
 146.352124      5.073    15.3793  36.679110    29.0947      5.027  255.88778  256.16065    -2.9459     5.0090 -9.990e-29
 146.352127      5.096    15.3697  36.679539    29.1021      5.051  255.92384  256.19619    -3.1794     5.0817 -9.990e-29
 146.352130      5.118    15.3554  36.679967    29.1189      5.072  255.96753  256.23904    -2.2922     5.0696 -9.990e-29
 146.352133      5.151    15.3524  36.686619    29.1213      5.105  255.97879  256.25014    -2.3233     5.0756 0.0000e+00
 146.352135      5.182    15.3494  36.686925    29.1236      5.136  255.99004  256.26123    -2.3545     5.0696 0.0000e+00
 146.352138      5.211    15.3433  36.691442    29.1321      5.164  256.00663  256.27745    -2.3856     5.0453 0.0000e+00
 146.352141      5.239    15.3380  36.695349    29.1395      5.192  256.02088  256.29138    -2.4323     5.0453 0.0000e+00
 146.352144      5.268    15.3338  36.697486    29.1445      5.221  256.03369  256.30394    -2.5257     5.0615 0.0000e+00
 146.352147      5.297    15.3318  36.699928    29.1471      5.250  256.03941  256.30955    -3.0082     5.1828 0.0000e+00
 146.352150      5.326    15.3298  36.704568    29.1496      5.279  256.04514  256.31515    -3.4907     5.3041 -9.990e-29
 146.352153      5.345    15.3217  36.704446    29.1595      5.297  256.06917  256.33871    -3.4440     5.3405 -9.990e-29
 146.352156      5.361    15.3188  36.705362    29.1625      5.313  256.07909  256.34846    -3.4751     5.2961 -9.990e-29
 146.352159      5.381    15.3144  36.709392    29.1693      5.333  256.08954  256.35865    -3.6463     5.2961 -9.990e-29
 146.352161      5.403    15.3020  36.714215    29.1824      5.354  256.13035  256.39873    -3.4751     5.2475 -9.990e-29
 146.352164      5.432    15.2997  36.713849    29.1859      5.383  256.13632  256.40455    -3.5452     5.2455 0.0000e+00
 146.352167      5.470    15.2973  36.717696    29.1893      5.421  256.14228  256.41038    -3.4751     5.2435 0.0000e+00
 146.352170      5.507    15.2920  36.723008    29.1979      5.457  256.15431  256.42209    -3.4595     5.1424 0.0000e+00
 146.352173      5.541    15.2840  36.726428    29.2069      5.492  256.17971  256.44701    -3.4129     5.1060 0.0000e+00
 146.352176      5.583    15.2786  36.724842    29.2095      5.533  256.20304  256.47006    -3.4129     5.1060 0.0000e+00
 146.352179      5.618    15.2771  36.730276    29.2130      5.568  256.20449  256.47141    -3.3506     5.1182 0.0000e+00
 146.352182      5.645    15.2756  36.733696    29.2165      5.595  256.20594  256.47276    -3.4129     5.1303 -9.990e-29
 146.352185      5.662    15.2650  36.733636    29.2273      5.611  256.24154  256.50774    -3.9576     5.5670 -9.990e-29
 146.352188      5.674    15.2583  36.738583    29.2367      5.624  256.25946  256.52526    -3.9109     5.5993 -9.990e-29
 146.352190      5.685    15.2501  36.739927    29.2440      5.634  256.28893  256.55426    -3.6930     5.5670 -9.990e-29
 146.352193      5.691    15.2436  36.742798    29.2513      5.640  256.30917  256.57412    -3.8175     5.5670 -9.990e-29
 146.352196      5.702    15.2368  36.741272    29.2550      5.651  256.33774  256.60232    -2.8837     4.8836 -9.990e-29
 146.352199      5.725    15.2249  36.748967    29.2756      5.674  256.36266  256.62649    -2.9771     4.8715 -9.990e-29
 146.352202      5.762    15.2206  36.754526    29.2846      5.710  256.36886  256.63240    -2.9615     4.8695 0.0000e+00
 146.352205      5.806    15.2163  36.767781    29.2937      5.754  256.37505  256.63831    -2.9771     4.8715 0.0000e+00
 146.352208      5.849    15.2011  36.771692    29.3085      5.797  256.42726  256.68964    -3.1171     5.6398 0.0000e+00
 146.352211      5.888    15.1859  36.778536    29.3260      5.835  256.47516  256.73664    -3.3506     5.6398 0.0000e+00
 146.352214      5.919    15.1793  36.784891    29.3337      5.866  256.49532  256.75641    -3.3739     5.6378 0.0000e+00
 146.352216      5.950    15.1728  36.784160    29.3414      5.896  256.51547  256.77618    -3.3506     5.6357 -9.990e-29
 146.352219      5.975    15.1484  36.789904    29.3640      5.922  256.60124  256.86054    -3.5529     5.1141 -9.990e-29
 146.352222      5.993    15.1353  36.793388    29.3769      5.940  256.64598  256.90452    -3.5374     5.0413 -9.990e-29
 146.352225      6.010    15.1257  36.790701    29.3818      5.956  256.68730  256.94532    -3.4284     5.1828 -9.990e-29
 146.352228      6.028    15.1192  36.795101    29.3905      5.974  256.70507  256.96269    -3.5062     5.1747 -9.990e-29
 146.352231      6.050    15.1133  36.794980    29.3944      5.996  256.72881  256.98610    -3.6152     4.9928 -9.990e-29
 146.352234      6.079    15.1128  36.794552    29.3950      6.025  256.73066  256.98792    -3.7164     5.0312 0.0000e+00
 146.352237      6.112    15.1122  36.794858    29.3955      6.057  256.72960  256.98679    -3.8175     5.0413 0.0000e+00
 146.352240      6.147    15.1119  36.797486    29.3980      6.092  256.73250  256.98965    -3.8175     5.0494 0.0000e+00
 146.352242      6.185    15.1110  36.797914    29.3991      6.130  256.73251  256.98961    -3.7086     5.0494 0.0000e+00
 146.352245      6.225    15.1103  36.799625    29.4011      6.169  256.73253  256.98965    -3.2105     5.1222 0.0000e+00
 146.352248      6.260    15.1093  36.802436    29.4031      6.204  256.73420  256.99122    -3.1638     5.1445 0.0000e+00
 146.352251      6.287    15.1083  36.800603    29.4051      6.231  256.73587  256.99282    -3.1171     5.1667 -9.990e-29
 146.352254      6.309    15.1025  36.798954    29.4063      6.253  256.76330  257.01996    -2.9459     5.1424 -9.990e-29
 146.352257      6.331    15.1005  36.797671    29.4067      6.274  256.77304  257.02959    -3.5062     5.5265 -9.990e-29
 146.352260      6.346    15.0985  36.802193    29.4122      6.289  256.77398  257.03038    -3.5529     5.5306 -9.990e-29
 146.352263      6.360    15.0958  36.801766    29.4138      6.303  256.78474  257.04100    -3.3973     5.4740 -9.990e-29
 146.352266      6.375    15.0927  36.802438    29.4168      6.318  256.79586  257.05193    -3.5529     5.5104 -9.990e-29
 146.352269      6.393    15.0903  36.801277    29.4175      6.336  256.80659  257.06254    -3.3039     5.2556 -9.990e-29
 146.352271      6.406    15.0881  36.804089    29.4217      6.349  256.81080  257.06660    -3.3506     5.2314 -9.990e-29
 146.352274      6.424    15.0865  36.803111    29.4220      6.367  256.81857  257.07428    -3.2883     5.2718 -9.990e-29
 146.352277      6.448    15.0835  36.806228    29.4326      6.390  256.81542  257.07089    -3.4129     5.2637 -9.990e-29
 146.352280      6.475    15.0813  36.812523    29.4368      6.417  256.81952  257.07485    -3.3973     5.1121 0.0000e+00
 146.352283      6.510    15.0791  36.818085    29.4409      6.452  256.82362  257.07881    -3.3817     4.9806 0.0000e+00
 146.352286      6.546    15.0716  36.823831    29.4516      6.488  256.84339  257.09812    -3.3817     4.9766 0.0000e+00
 146.352289      6.592    15.0627  36.828783    29.4626      6.533  256.86974  257.12393    -3.4751     4.9806 0.0000e+00
 146.352292      6.632    15.0532  36.836792    29.4769      6.573  256.89394  257.14753    -3.5374     5.0049 0.0000e+00
 146.352295      6.670    15.0399  36.851771    29.5002      6.611  256.92140  257.17412    -3.4751     5.5346 0.0000e+00
 146.352297      6.714    15.0192  36.859172    29.5224      6.654  256.98915  257.24065    -3.4440     5.5468 0.0000e+00
 146.352300      6.752    15.0081  36.864311    29.5331      6.692  257.02804  257.27888    -3.4284     5.5629 0.0000e+00
 146.352303      6.791    14.9969  36.876115    29.5438      6.730  257.06693  257.31711    -3.4440     5.5912 -9.990e-29
 146.352306      6.811    14.9578  36.898870    29.6041      6.750  257.16306  257.41074    -3.8642     5.0696 -9.990e-29
 146.352309      6.836    14.9264  36.897957    29.6271      6.775  257.28508  257.53097    -3.9265     5.0009 -9.990e-29
 146.352312      6.853    14.9048  36.905239    29.6500      6.792  257.35689  257.60147    -3.9109     4.9847 -9.990e-29
 146.352315      6.867    14.8895  36.904323    29.6608      6.806  257.41710  257.66081    -3.8175     5.0939 -9.990e-29
 146.352318      6.880    14.8781  36.916683    29.6804      6.819  257.44125  257.68420    -3.8175     5.7125 -9.990e-29
 146.352321      6.891    14.8641  36.921273    29.6952      6.829  257.48799  257.73010    -3.8487     5.7409 -9.990e-29
 146.352323      6.900    14.8506  36.926231    29.7099      6.839  257.53236  257.77365    -3.6774     5.7287 -9.990e-29
 146.352326      6.917    14.8382  36.934799    29.7270      6.855  257.56628  257.80678    -3.7708     5.6762 -9.990e-29
 146.352329      6.929    14.8254  36.935719    29.7375      6.867  257.61407  257.85382    -3.9109     5.6681 -9.990e-29
 146.352332      6.948    14.8087  36.939759    29.7626      6.885  257.65679  257.89546    -3.7553     5.6276 -9.990e-29
 146.352335      6.984    14.8035  36.949491    29.7691      6.922  257.67232  257.91066    -3.8331     5.6256 0.0000e+00
 146.352338      7.019    14.7983  36.955184    29.7756      6.956  257.68785  257.92586    -3.9109     5.6276 0.0000e+00
 146.352341      7.064    14.7846  36.969143    29.7986      7.001  257.71842  257.95553    -3.9109     5.6236 0.0000e+00
 146.352344      7.106    14.7662  36.979124    29.8216      7.043  257.77352  258.00948    -3.8020     5.2111 0.0000e+00
 146.352347      7.143    14.7458  36.983657    29.8412      7.079  257.84491  258.07963    -3.7397     5.2030 0.0000e+00
 146.352350      7.172    14.7373  36.985312    29.8485      7.108  257.87626  258.11047    -3.7241     5.2051 0.0000e+00
 146.352352      7.201    14.7289  36.993213    29.8557      7.137  257.90760  258.14131    -3.7086     5.1990 -9.990e-29
 146.352355      7.225    14.6889  37.001114    29.9075      7.160  258.02409  258.25526    -3.8798     5.8622 -9.990e-29
 146.352358      7.252    14.6802  37.008893    29.9155      7.187  258.05544  258.28609    -3.7864     5.8703 0.0000e+00
 146.352361      7.287    14.6715  37.011774    29.9234      7.222  258.08680  258.31691    -3.8020     5.8783 0.0000e+00
 146.352364      7.321    14.6566  37.018391    29.9408      7.256  258.13352  258.36270    -3.6930     5.8783 0.0000e+00
 146.352367      7.358    14.6448  37.026968    29.9576      7.292  258.16563  258.39403    -3.3506     5.8136 0.0000e+00
 146.352370      7.396    14.6293  37.034872    29.9766      7.330  258.21259  258.44001    -3.2416     5.8136 0.0000e+00
 146.352373      7.429    14.6218  37.039162    29.9843      7.362  258.23836  258.46531    -3.2805     5.8420 0.0000e+00
 146.352376      7.460    14.6142  37.041676    29.9921      7.393  258.26413  258.49061    -3.2105     5.8703 -9.990e-29
 146.352378      7.483    14.5916  37.044618    30.0144      7.416  258.34253  258.56763    -3.4129     5.8056 -9.990e-29
 146.352381      7.484    14.5815  37.050440    30.0275      7.417  258.37249  258.59692    -3.9732     5.2799 -9.990e-29
 146.352384      7.483    14.5703  37.052831    30.0383      7.416  258.41174  258.63549    -3.9420     5.2475 -9.990e-29
 146.352387      7.476    14.5608  37.054119    30.0469      7.409  258.44660  258.66976    -3.8953     5.2758 -9.990e-29
 146.352390      7.472    14.5557  37.056632    30.0531      7.406  258.46220  258.68503    -3.8487     5.2799 -9.990e-29
 146.352393      7.482    14.5514  37.059390    30.0589      7.415  258.47447  258.69703    -3.7241     5.5144 -9.990e-29
 146.352396      7.502    14.5457  37.059758    30.0693      7.435  258.48526  258.70743    -3.7086     5.5468 -9.990e-29
 146.352399      7.542    14.5426  37.066192    30.0723      7.474  258.49620  258.71817    -3.8564     5.5306 0.0000e+00
 146.352402      7.591    14.5395  37.067542    30.0753      7.523  258.50714  258.72892    -3.7241     5.5468 0.0000e+00
 146.352405      7.653    14.5334  37.072568    30.0846      7.585  258.52282  258.74420    -3.9420     6.2706 0.0000e+00
 146.352407      7.710    14.5282  37.076614    30.0923      7.641  258.53656  258.75758    -3.9420     6.3070 0.0000e+00
 146.352410      7.763    14.5217  37.079924    30.1002      7.693  258.55615  258.77676    -3.9420     6.2746 0.0000e+00
 146.352413      7.803    14.5175  37.083910    30.1054      7.733  258.56950  258.78984    -3.8953     6.2969 0.0000e+00
 146.352416      7.840    14.5132  37.086424    30.1105      7.769  258.58285  258.80291    -3.8175     6.2746 -9.990e-29
 146.352419      7.860    14.4929  37.089674    30.1313      7.789  258.65174  258.87053    -3.6152     6.2827 -9.990e-29
 146.352422      7.874    14.4842  37.091882    30.1401      7.804  258.68213  258.90037    -3.9732     6.2504 -9.990e-29
 146.352425      7.882    14.4783  37.096174    30.1486      7.811  258.69803  258.91588    -3.7241     6.2908 -9.990e-29
 146.352428      7.894    14.4705  37.106167    30.1636      7.824  258.71175  258.92906    -3.8642     6.2463 -9.990e-29
 146.352431      7.911    14.4457  37.108192    30.1906      7.840  258.79430  259.01002    -3.5841     6.1088 -9.990e-29
 146.352433      7.938    14.4410  37.114632    30.1957      7.867  258.81005  259.02547    -3.5062     6.0926 0.0000e+00
 146.352436      7.969    14.4362  37.117760    30.2008      7.898  258.82580  259.04092    -3.4284     6.0886 0.0000e+00
 146.352439      8.004    14.4289  37.123280    30.2115      7.932  258.84525  259.05987    -3.3195     6.0886 0.0000e+00
 146.352442      8.039    14.4226  37.127757    30.2204      7.967  258.86257  259.07677    -1.0471     7.3300 0.0000e+00
