seaocn-cb/data/ctd_cnv/SBE19plus_01907321_2024_05_25_Cast56.cnv
* Sea-Bird SBE19plus  Data File:
* FileName = E:\Prandtl_Daten\2024\25052024\raw\SBE19plus_01907321_2024_05_25_Cast56.hex
* Software version 2.6.1.12
* Temperature SN = 7321
* Conductivity SN = 7321
* System UpLoad Time = May 25 2024 10:00:31
* <ApplicationData>
* <Seaterm232>
** 20240525
** Sea Practical 2024
** MCat 25.05 CTD_SP11
** NMEA Latitude = 054 9.26N
** NMEA Longitude = 008 9.96E
** waterdepth =19m
** Clemens
# nquan = 11
# nvalues = 667                         
# units = specified
# name 0 = timeJ: Julian Days
# name 1 = prdM: Pressure, Strain Gauge [db]
# name 2 = tv290C: Temperature [ITS-90, deg C]
# name 3 = c0mS/cm: Conductivity [mS/cm]
# name 4 = sal00: Salinity, Practical [PSU]
# name 5 = depSM: Depth [salt water, m], lat = 54.00
# name 6 = oxsatMm/Kg: Oxygen Saturation, Weiss [umol/kg]
# name 7 = oxsolMm/Kg: Oxygen Saturation, Garcia & Gordon [umol/kg]
# name 8 = turbWETntu0: Turbidity, WET Labs ECO [NTU]
# name 9 = flECO-AFL: Fluorescence, WET Labs ECO-AFL/FL [mg/m^3]
# name 10 = flag:  0.000e+00
# span 0 = 146.411597, 146.413524       
# span 1 =      0.652,     18.051       
# span 2 =    12.7364,    14.6499       
# span 3 =  37.479537,  37.897255       
# span 4 =    30.7088,    32.1734       
# span 5 =      0.646,     17.889       
# span 6 =  256.75224,  264.39928       
# span 7 =  256.97429,  264.49397       
# span 8 =    -5.0160,     1.8634       
# span 9 =     4.6289,     8.6401       
# span 10 = 0.0000e+00, 0.0000e+00      
# interval = seconds: 0.25
# start_time = May 25 2024 09:51:19 [Instrument's time stamp, header]
# bad_flag = -9.990e-29
*END*
[from data line 394]
 146.412737     11.905    12.8859  37.696331    31.9927     11.799  263.90986  264.01611    -3.1327     7.1238 0.0000e+00
 146.412740     11.954    12.8813  37.700651    32.0006     11.847  263.92018  264.02605    -3.1483     5.7045 0.0000e+00
 146.412743     11.994    12.8804  37.702379    32.0022     11.887  263.92237  264.02816    -3.1405     5.7045 0.0000e+00
 146.412746     12.024    12.8795  37.703736    32.0038     11.916  263.92455  264.03027    -3.1483     5.7045 -9.990e-29
 146.412749     12.047    12.8765  37.705526    32.0093     11.939  263.93098  264.03644    -3.0393     5.7206 -9.990e-29
 146.412752     12.067    12.8748  37.706082    32.0112     11.959  263.93652  264.04186    -2.8992     6.4728 -9.990e-29
 146.412755     12.082    12.8739  37.708797    32.0146     11.974  263.93548  264.04072    -2.9459     6.4849 -9.990e-29
 146.412758     12.089    12.8686  37.711637    32.0217     11.981  263.95144  264.05627    -2.8059     6.5011 -9.990e-29
 146.412760     12.100    12.8615  37.714106    32.0301     11.992  263.97510  264.07938    -2.9615     6.4768 -9.990e-29
 146.412763     12.118    12.8420  37.714848    32.0470     12.010  264.05077  264.15362    -1.9809     6.7275 -9.990e-29
 146.412766     12.153    12.8404  37.714602    32.0497     12.044  264.05516  264.15787    -1.9420     6.7295 0.0000e+00
 146.412769     12.197    12.8387  37.717195    32.0523     12.088  264.05526  264.15774    -1.9031     6.7275 0.0000e+00
 146.412772     12.239    12.8379  37.721454    32.0570     12.129  264.05955  264.16212    -1.9031     6.7113 0.0000e+00
 146.412775     12.288    12.8333  37.724972    32.0642     12.178  264.06723  264.16933    -2.1055     5.9147 0.0000e+00
 146.412778     12.325    12.8301  37.729911    32.0693     12.214  264.07577  264.17760    -2.1833     5.9067 0.0000e+00
 146.412781     12.359    12.8268  37.731393    32.0744     12.249  264.08431  264.18588    -2.1055     5.8986 -9.990e-29
 146.412784     12.383    12.8126  37.732258    32.0886     12.272  264.13611  264.23661    -2.1677     5.9026 -9.990e-29
 146.412786     12.401    12.8097  37.735345    32.0940     12.290  264.14230  264.24255    -2.2144     5.8986 -9.990e-29
 146.412789     12.410    12.8059  37.736457    32.0983     12.299  264.15531  264.25527    -2.3701     6.4283 -9.990e-29
 146.412792     12.409    12.8027  37.736457    32.1009     12.298  264.16771  264.26744    -2.4167     6.4242 -9.990e-29
 146.412795     12.416    12.7997  37.737383    32.1044     12.305  264.17794  264.27744    -2.4167     6.3959 -9.990e-29
 146.412798     12.429    12.7976  37.736952    32.1058     12.317  264.18716  264.28650    -2.4167     6.3959 -9.990e-29
 146.412801     12.449    12.7918  37.735285    32.1093     12.337  264.21213  264.31106    -2.7903     6.8043 -9.990e-29
 146.412804     12.489    12.7911  37.735595    32.1101     12.377  264.21472  264.31360    -2.7436     6.7881 0.0000e+00
 146.412807     12.535    12.7916  37.736027    32.1093     12.422  264.21386  264.31278    -2.6969     6.8043 0.0000e+00
 146.412810     12.586    12.7916  37.735286    32.1093     12.473  264.21386  264.31278    -2.6969     6.7720 0.0000e+00
 146.412813     12.640    12.7921  37.734731    32.1082     12.527  264.21262  264.31158    -2.9304     6.0441 0.0000e+00
 146.412815     12.690    12.7929  37.734793    32.1076     12.576  264.20944  264.30847    -2.9771     6.0239 0.0000e+00
 146.412818     12.730    12.7938  37.733620    32.1062     12.616  264.20668  264.30578    -2.9771     6.0138 0.0000e+00
 146.412821     12.761    12.7948  37.734546    32.1048     12.647  264.20391  264.30309    -2.9771     6.0239 -9.990e-29
 146.412824     12.785    12.7971  37.732694    32.1020     12.670  264.19654  264.29590    -2.4634     6.5011 -9.990e-29
 146.412827     12.803    12.7970  37.730163    32.0997     12.688  264.20154  264.30091    -2.5724     6.4889 -9.990e-29
 146.412830     12.812    12.7962  37.730966    32.1011     12.697  264.20325  264.30255    -2.4790     6.5091 -9.990e-29
 146.412833     12.827    12.7949  37.731151    32.1024     12.712  264.20801  264.30722    -2.3078     6.5051 -9.990e-29
 146.412836     12.847    12.7948  37.731583    32.1069     12.732  264.20013  264.29929    -2.1055     7.0065 -9.990e-29
 146.412839     12.872    12.7957  37.735843    32.1059     12.757  264.19710  264.29633    -2.1444     7.0106 0.0000e+00
 146.412841     12.905    12.7966  37.735287    32.1050     12.789  264.19408  264.29337    -2.1833     7.0065 0.0000e+00
 146.412844     12.943    12.7966  37.735843    32.1050     12.827  264.19408  264.29337    -2.1833     7.0146 0.0000e+00
 146.412847     12.980    12.7952  37.736213    32.1069     12.864  264.19815  264.29733    -2.1833     6.9863 0.0000e+00
 146.412850     13.009    12.7937  37.739115    32.1096     12.892  264.20183  264.30088    -2.2923     6.5213 0.0000e+00
 146.412853     13.038    12.7921  37.739239    32.1123     12.921  264.20551  264.30443    -2.4323     6.0158 -9.990e-29
 146.412856     13.060    12.7851  37.740474    32.1195     12.943  264.23052  264.32890    -2.4790     6.0563 -9.990e-29
 146.412859     13.075    12.7828  37.740598    32.1215     12.957  264.23933  264.33755    -2.4167     6.0320 -9.990e-29
 146.412862     13.084    12.7815  37.739610    32.1217     12.966  264.24642  264.34454    -2.3389     6.6507 -9.990e-29
 146.412865     13.096    12.7806  37.739117    32.1220     12.979  264.25067  264.34874    -2.4167     6.6911 -9.990e-29
 146.412867     13.115    12.7800  37.740845    32.1241     12.997  264.24992  264.34793    -2.3856     6.7113 -9.990e-29
 146.412870     13.138    12.7807  37.740722    32.1235     13.020  264.24742  264.34548    -2.2455     6.2867 -9.990e-29
 146.412873     13.167    12.7806  37.740845    32.1240     13.049  264.24721  264.34526    -2.1989     6.2786 0.0000e+00
 146.412876     13.208    12.7805  37.741586    32.1244     13.089  264.24742  264.34548    -2.1833     6.2867 0.0000e+00
 146.412879     13.249    12.7792  37.743130    32.1269     13.131  264.24912  264.34705    -2.1522     6.2948 0.0000e+00
 146.412882     13.297    12.7777  37.742883    32.1279     13.178  264.25551  264.35333    -2.1833     6.2948 0.0000e+00
 146.412885     13.339    12.7762  37.744797    32.1310     13.219  264.25811  264.35580    -2.1522     6.2827 0.0000e+00
 146.412888     13.379    12.7745  37.746218    32.1338     13.259  264.26242  264.35997    -1.3895     6.1654 0.0000e+00
 146.412891     13.419    12.7725  37.746650    32.1359     13.299  264.26958  264.36698    -1.3895     6.1452 0.0000e+00
 146.412894     13.456    12.7718  37.749429    32.1378     13.335  264.26999  264.36732    -1.4128     6.1553 0.0000e+00
 146.412896     13.489    12.7711  37.750417    32.1397     13.368  264.27039  264.36765    -1.4362     6.1452 -9.990e-29
 146.412899     13.514    12.7707  37.748750    32.1394     13.393  264.27303  264.37027    -1.9187     6.6143 -9.990e-29
 146.412902     13.536    12.7684  37.746898    32.1395     13.415  264.28529  264.38238    -1.9498     6.6062 -9.990e-29
 146.412905     13.552    12.7649  37.747331    32.1429     13.431  264.29835  264.39518    -1.9187     6.6021 -9.990e-29
 146.412908     13.580    12.7619  37.747331    32.1455     13.458  264.31049  264.40709    -2.0121     6.6062 -9.990e-29
 146.412911     13.600    12.7604  37.748011    32.1474     13.478  264.31523  264.41171    -1.7164     7.5079 -9.990e-29
 146.412914     13.620    12.7600  37.747764    32.1475     13.498  264.31708  264.41354    -1.8097     7.4998 -9.990e-29
 146.412917     13.640    12.7596  37.746900    32.1470     13.518  264.32030  264.41673    -1.7475     7.5160 -9.990e-29
 146.412920     13.658    12.7588  37.748196    32.1489     13.536  264.32114  264.41751    -1.5607     7.5039 -9.990e-29
 146.412922     13.673    12.7584  37.748875    32.1499     13.550  264.32138  264.41770    -1.7475     6.0320 -9.990e-29
 146.412925     13.696    12.7582  37.748752    32.1499     13.574  264.32245  264.41877    -1.5452     6.0320 -9.990e-29
 146.412928     13.718    12.7582  37.748690    32.1499     13.595  264.32286  264.41917    -1.6230     5.9996 -9.990e-29
 146.412931     13.742    12.7579  37.749184    32.1506     13.619  264.32286  264.41915    -1.5296     6.0239 -9.990e-29
 146.412934     13.766    12.7587  37.749987    32.1503     13.642  264.31893  264.41527    -1.2806     6.2220 -9.990e-29
 146.412937     13.791    12.7592  37.749678    32.1499     13.668  264.31736  264.41373    -1.3895     6.2079 0.0000e+00
 146.412940     13.826    12.7592  37.749555    32.1501     13.702  264.31697  264.41335    -1.2806     6.2180 0.0000e+00
 146.412943     13.868    12.7592  37.749864    32.1501     13.744  264.31579  264.41220    -1.4362     6.2180 0.0000e+00
 146.412946     13.913    12.7590  37.751531    32.1518     13.789  264.31550  264.41183    -1.2494     6.2180 0.0000e+00
 146.412948     13.952    12.7590  37.751531    32.1518     13.827  264.31550  264.41183    -0.8915     5.7045 0.0000e+00
 146.412951     13.986    12.7592  37.749432    32.1506     13.861  264.31583  264.41220    -0.8915     5.6964 0.0000e+00
 146.412954     14.021    12.7594  37.751778    32.1495     13.895  264.31697  264.41336    -0.8915     5.7045 -9.990e-29
 146.412957     14.045    12.7588  37.750605    32.1511     13.919  264.31721  264.41355    -0.8915     5.6964 -9.990e-29
 146.412960     14.072    12.7583  37.750852    32.1517     13.946  264.31877  264.41507    -0.9693     6.3959 -9.990e-29
 146.412963     14.096    12.7566  37.749865    32.1506     13.969  264.33022  264.42642    -0.9381     6.4161 -9.990e-29
 146.412966     14.125    12.7566  37.748198    32.1506     13.999  264.33022  264.42642    -0.9381     6.4161 0.0000e+00
 146.412969     14.151    12.7566  37.747828    32.1506     14.024  264.33022  264.42642    -0.9381     6.4161 -9.990e-29
 146.412972     14.174    12.7532  37.747581    32.1531     14.047  264.34427  264.44022    -0.5802     6.0199 -9.990e-29
 146.412975     14.203    12.7527  37.747767    32.1542     14.076  264.34501  264.44092    -0.5024     6.0219 0.0000e+00
 146.412977     14.238    12.7522  37.749187    32.1552     14.110  264.34575  264.44162    -0.4245     6.0239 0.0000e+00
 146.412980     14.269    12.7514  37.749990    32.1567     14.141  264.34747  264.44327    -0.4245     6.0239 0.0000e+00
 146.412983     14.304    12.7511  37.750607    32.1573     14.175  264.34821  264.44398    -0.4167     6.0259 0.0000e+00
 146.412986     14.335    12.7508  37.751780    32.1578     14.206  264.34895  264.44469    -0.4245     6.0118 -9.990e-29
 146.412989     14.360    12.7499  37.751040    32.1589     14.231  264.35161  264.44729    -0.2689     6.0846 -9.990e-29
 146.412992     14.375    12.7504  37.751780    32.1592     14.246  264.34835  264.44406    -0.1444     6.0846 -9.990e-29
 146.412995     14.399    12.7501  37.752645    32.1603     14.270  264.34827  264.44394    -0.3467     6.0886 -9.990e-29
 146.412998     14.422    12.7497  37.753077    32.1610     14.293  264.34896  264.44460    -1.0782     5.7692 -9.990e-29
 146.413001     14.450    12.7495  37.753077    32.1615     14.320  264.34933  264.44495    -1.1561     5.7732 0.0000e+00
 146.413003     14.482    12.7494  37.753633    32.1619     14.353  264.34896  264.44460    -1.2339     5.7692 0.0000e+00
 146.413006     14.515    12.7494  37.754189    32.1619     14.385  264.34847  264.44407    -1.2339     5.7772 0.0000e+00
 146.413009     14.544    12.7502  37.753633    32.1611     14.414  264.34637  264.44218    -1.4051     6.0158 0.0000e+00
 146.413012     14.575    12.7516  37.750423    32.1579     14.445  264.34636  264.44203    -1.4206     6.0158 0.0000e+00
 146.413015     14.603    12.7520  37.752213    32.1573     14.472  264.34340  264.43923    -1.4674     6.0178 0.0000e+00
 146.413018     14.630    12.7523  37.752213    32.1579     14.499  264.34044  264.43628    -1.5296     6.0158 -9.990e-29
 146.413021     14.652    12.7544  37.751966    32.1558     14.521  264.33246  264.42846    -0.9537     7.4432 -9.990e-29
 146.413024     14.670    12.7553  37.751966    32.1551     14.539  264.32909  264.42516    -0.9693     7.4634 -9.990e-29
 146.413027     14.683    12.7563  37.750423    32.1528     14.552  264.32786  264.42402    -0.8448     7.4634 -9.990e-29
 146.413030     14.707    12.7577  37.749188    32.1530     14.575  264.31957  264.41581    -0.9693     7.4392 -9.990e-29
 146.413032     14.736    12.7579  37.751966    32.1530     14.604  264.31866  264.41492    -0.6969     6.9580 0.0000e+00
 146.413035     14.773    12.7581  37.752213    32.1529     14.640  264.31957  264.41581    -0.4245     6.4970 0.0000e+00
 146.413038     14.815    12.7581  37.750855    32.1523     14.682  264.32016  264.41644    -0.4090     6.4970 0.0000e+00
 146.413041     14.860    12.7572  37.750794    32.1516     14.727  264.32396  264.42018    -0.4090     6.4970 0.0000e+00
 146.413044     14.904    12.7566  37.748201    32.1516     14.770  264.32864  264.42483    -0.3856     6.4909 0.0000e+00
 146.413047     14.935    12.7559  37.750609    32.1509     14.801  264.33332  264.42947    -0.4090     6.4768 -9.990e-29
 146.413050     14.955    12.7529  37.751103    32.1562     14.821  264.34011  264.43601    -1.1560     6.0643 -9.990e-29
 146.413053     14.962    12.7524  37.752215    32.1577     14.828  264.34042  264.43627    -1.1872     6.0239 -9.990e-29
 146.413056     14.964    12.7531  37.752214    32.1571     14.830  264.33761  264.43351    -1.1560     5.9996 -9.990e-29
 146.413058     14.973    12.7540  37.750671    32.1548     14.839  264.33665  264.43264    -0.5490     6.8084 -9.990e-29
 146.413061     14.995    12.7546  37.750115    32.1529     14.861  264.33713  264.43318    -0.4557     6.7962 -9.990e-29
 146.413064     15.021    12.7548  37.749128    32.1530     14.886  264.33582  264.43187    -0.5024     6.7800 0.0000e+00
 146.413067     15.059    12.7550  37.749683    32.1530     14.924  264.33450  264.43057    -0.5490     6.7962 0.0000e+00
 146.413070     15.107    12.7553  37.750424    32.1530     14.971  264.33450  264.43057    -0.6269     6.8286 0.0000e+00
 146.413073     15.161    12.7557  37.747832    32.1507     15.025  264.33528  264.43142    -0.6580     6.8326 0.0000e+00
 146.413076     15.221    12.7557  37.746906    32.1507     15.085  264.33615  264.43224    -0.6580     6.8488 0.0000e+00
 146.413079     15.280    12.7552  37.748511    32.1513     15.143  264.33694  264.43309    -0.6580     6.8488 0.0000e+00
 146.413082     15.325    12.7549  37.747585    32.1515     15.188  264.33810  264.43418    -0.6346     6.8548 0.0000e+00
 146.413084     15.351    12.7546  37.747771    32.1513     15.213  264.34005  264.43612    -0.6113     6.8609 -9.990e-29
 146.413087     15.360    12.7532  37.748512    32.1533     15.222  264.34381  264.43976    -0.6113     5.6964 -9.990e-29
 146.413090     15.356    12.7533  37.749129    32.1538     15.219  264.34245  264.43840    -0.6891     5.7125 -9.990e-29
 146.413093     15.349    12.7522  37.749685    32.1553     15.212  264.34598  264.44184    -0.5024     5.7125 -9.990e-29
 146.413096     15.349    12.7514  37.749808    32.1561     15.212  264.34858  264.44438    -0.8292     6.4081 -9.990e-29
 146.413099     15.366    12.7509  37.750117    32.1568     15.228  264.35002  264.44579    -0.6424     6.4323 -9.990e-29
 146.413102     15.384    12.7508  37.749562    32.1569     15.246  264.35062  264.44637    -0.7202     6.4323 -9.990e-29
 146.413105     15.415    12.7510  37.750117    32.1570     15.277  264.34944  264.44520    -0.8681     6.4404 0.0000e+00
 146.413108     15.451    12.7512  37.750673    32.1569     15.313  264.34826  264.44404    -0.9226     6.4485 0.0000e+00
 146.413111     15.492    12.7517  37.750241    32.1562     15.353  264.34708  264.44290    -0.9381     6.4687 0.0000e+00
