seaocn-cb/data/ctd_cnv/SBE19plus_01907321_2024_05_28_Cast98.cnv
* Sea-Bird SBE19plus  Data File:
* FileName = E:\Prandtl_Daten\2024\28052024\raw\SBE19plus_01907321_2024_05_28_Cast98.hex
* Software version 2.6.1.12
* Temperature SN = 7321
* Conductivity SN = 7321
* System UpLoad Time = May 28 2024 13:18:31
* <ApplicationData>
* <Seaterm232>
** 20240527
** Sea Practical 2024
** MCat 27.05 CTD_SP7
** NMEA Latitude = 54 8.36N
** NMEA Longitude = 008 20.85E
** waterdepth = 14.5m
** Isabelle
# nquan = 11
# nvalues = 581                         
# units = specified
# name 0 = timeJ: Julian Days
# name 1 = prdM: Pressure, Strain Gauge [db]
# name 2 = tv290C: Temperature [ITS-90, deg C]
# name 3 = c0mS/cm: Conductivity [mS/cm]
# name 4 = sal00: Salinity, Practical [PSU]
# name 5 = depSM: Depth [salt water, m], lat = 54.00
# name 6 = oxsatMm/Kg: Oxygen Saturation, Weiss [umol/kg]
# name 7 = oxsolMm/Kg: Oxygen Saturation, Garcia & Gordon [umol/kg]
# name 8 = turbWETntu0: Turbidity, WET Labs ECO [NTU]
# name 9 = flECO-AFL: Fluorescence, WET Labs ECO-AFL/FL [mg/m^3]
# name 10 = flag:  0.000e+00
# span 0 = 149.550741, 149.552419       
# span 1 =      0.607,     14.341       
# span 2 =    14.8347,    17.1894       
# span 3 =  37.205837,  37.978192       
# span 4 =    28.6743,    30.6611       
# span 5 =      0.602,     14.212       
# span 6 =  247.54138,  255.94218       
# span 7 =  247.89883,  256.17488       
# span 8 =    -4.6736,    18.3148       
# span 9 =     1.5436,    10.2172       
# span 10 = 0.0000e+00, 0.0000e+00      
# interval = seconds: 0.25
# start_time = May 28 2024 13:11:35 [Instrument's time stamp, header]
# bad_flag = -9.990e-29
*END*
 149.550741      0.607    17.1894  37.765140    28.7219      0.602  247.54138  247.89883    -4.5646     1.5840 -9.990e-29
 149.550744      0.609    17.1655  37.756003    28.7274      0.604  247.64692  248.00334    -4.5802     1.5516 -9.990e-29
 149.550747      0.660    17.1610  37.751621    28.7268      0.654  247.66987  248.02611    -4.5490     1.5516 0.0000e+00
 149.550749      0.757    17.1564  37.742548    28.7274      0.750  247.69283  248.04887    -4.5179     1.5516 0.0000e+00
 149.550752      0.863    17.1476  37.738352    28.7278      0.855  247.73092  248.08658    -4.4712     1.5678 0.0000e+00
 149.550755      0.974    17.1390  37.729958    28.7289      0.965  247.77378  248.12909    -4.3623     1.7457 0.0000e+00
 149.550758      1.054    17.1351  37.727059    28.7293      1.045  247.79010  248.14524    -4.3390     1.7477 0.0000e+00
 149.550761      1.098    17.1312  37.727924    28.7309      1.088  247.80642  248.16138    -4.3156     1.7457 -9.990e-29
 149.550764      1.100    17.1227  37.739343    28.7473      1.090  247.81985  248.17436    -4.3156     1.7579 -9.990e-29
 149.550767      1.067    17.1253  37.739219    28.7453      1.058  247.81042  248.16505    -4.2689     1.7336 -9.990e-29
 149.550770      1.014    17.1287  37.751380    28.7532      1.005  247.78082  248.13554    -4.1599     1.7174 -9.990e-29
 149.550773      0.952    17.1357  37.743662    28.7417      0.944  247.76628  248.12137    -4.1599     1.7579 -9.990e-29
 149.550775      0.901    17.1389  37.731008    28.7288      0.893  247.77285  248.12815    -4.3467     1.7821 -9.990e-29
 149.550778      0.905    17.1317  37.702743    28.7100      0.897  247.83910  248.19422    -4.6736     1.5799 -9.990e-29
 149.550781      0.980    17.0976  37.695773    28.7076      0.971  248.00743  248.36113    -4.5957     1.5678 -9.990e-29
 149.550784      1.082    17.0866  37.671345    28.6976      1.072  248.07754  248.43085    -4.5568     1.5557 0.0000e+00
 149.550787      1.175    17.0866  37.629166    28.6976      1.164  248.07754  248.43085    -4.5568     1.5557 0.0000e+00
 149.550790      1.235    17.0756  37.635583    28.6875      1.224  248.14766  248.50057    -4.5179     1.5436 -9.990e-29
 149.550793      1.259    17.0252  37.647055    28.7385      1.247  248.30543  248.65589    -4.3311     1.6932 -9.990e-29
 149.550796      1.259    17.0208  37.650200    28.7442      1.247  248.31682  248.66706    -4.3000     1.6649 -9.990e-29
 149.550799      1.244    17.0214  37.649090    28.7429      1.233  248.31630  248.66658    -4.2533     1.6689 -9.990e-29
 149.550802      1.222    17.0220  37.657169    28.7493      1.211  248.30235  248.65261    -4.2066     1.7336 -9.990e-29
 149.550804      1.213    17.0261  37.654578    28.7442      1.202  248.29106  248.64153    -4.3934     2.0045 -9.990e-29
 149.550807      1.221    17.0159  37.625966    28.6987      1.210  248.41706  248.76739    -4.3778     2.0247 -9.990e-29
 149.550810      1.253    17.0017  37.592434    28.6856      1.242  248.50793  248.85773    -4.3778     2.0389 0.0000e+00
 149.550813      1.308    16.9875  37.537786    28.6743      1.296  248.59879  248.94808    -4.3778     2.0247 0.0000e+00
 149.550816      1.377    16.9446  37.503982    28.6743      1.365  248.80367  249.15113    -4.3778     1.9115 0.0000e+00
 149.550819      1.450    16.9000  37.491797    28.6957      1.437  248.98449  249.32991    -4.3156     1.9034 0.0000e+00
 149.550822      1.518    16.8658  37.469948    28.7014      1.504  249.14079  249.48472    -4.3156     1.9034 0.0000e+00
 149.550825      1.573    16.8524  37.471306    28.7116      1.559  249.18918  249.53247    -4.3468     1.8792 0.0000e+00
 149.550828      1.605    16.8389  37.473277    28.7218      1.591  249.23757  249.58021    -4.4090     1.8549 -9.990e-29
 149.550830      1.614    16.8133  37.457522    28.7283      1.600  249.35135  249.69285    -4.2378     1.9439 -9.990e-29
 149.550833      1.609    16.8028  37.459862    28.7378      1.594  249.38635  249.72735    -4.3623     1.9641 -9.990e-29
 149.550836      1.592    16.7943  37.421960    28.7116      1.578  249.47228  249.81307    -4.2845     1.9439 -9.990e-29
 149.550839      1.574    16.7738  37.390224    28.6991      1.560  249.59316  249.93315    -4.2222     2.0894 -9.990e-29
 149.550842      1.563    16.7426  37.379712    28.7125      1.549  249.72300  250.06156    -4.3778     2.0814 -9.990e-29
 149.550845      1.561    16.7144  37.356352    28.7127      1.547  249.86067  250.19801    -4.3000     2.0692 -9.990e-29
 149.550848      1.576    16.6878  37.339882    28.7176      1.562  249.98240  250.31855    -4.3778     2.0692 -9.990e-29
 149.550851      1.596    16.6371  37.321570    28.7254      1.581  250.21786  250.55174    -4.3467     2.0611 -9.990e-29
 149.550854      1.627    16.6262  37.306519    28.7315      1.612  250.26093  250.59429    -4.3078     2.0632 0.0000e+00
 149.550856      1.661    16.6153  37.302590    28.7376      1.646  250.30400  250.63685    -4.3156     2.0652 0.0000e+00
 149.550859      1.703    16.6000  37.292516    28.7376      1.688  250.37510  250.70726    -4.2689     2.0652 0.0000e+00
 149.550862      1.749    16.5849  37.276977    28.7399      1.733  250.45358  250.78510    -4.3156     2.0773 0.0000e+00
 149.550865      1.805    16.5697  37.277716    28.7453      1.789  250.50893  250.83969    -4.5179     2.1137 0.0000e+00
 149.550868      1.860    16.5578  37.263530    28.7453      1.843  250.57346  250.90373    -4.5179     2.1178 0.0000e+00
 149.550871      1.904    16.5504  37.249838    28.7448      1.887  250.61093  250.94087    -4.5257     2.1441 0.0000e+00
 149.550874      1.939    16.5430  37.239340    28.7442      1.921  250.64839  250.97801    -4.4712     2.1703 -9.990e-29
 149.550877      1.963    16.5114  37.232036    28.7516      1.945  250.79115  251.11933    -4.2845     2.3118 -9.990e-29
 149.550880      1.961    16.4963  37.230442    28.7611      1.943  250.84957  251.17701    -4.1288     2.3361 -9.990e-29
 149.550883      1.961    16.4857  37.228417    28.7669      1.943  250.89182  251.21875    -4.3467     2.3280 -9.990e-29
 149.550885      1.950    16.4800  37.226515    28.7694      1.932  250.91559  251.24226    -4.1911     2.3523 -9.990e-29
 149.550888      1.943    16.4760  37.227007    28.7727      1.925  250.92985  251.25632    -4.3156     2.8577 -9.990e-29
 149.550891      1.943    16.4731  37.219272    28.7682      1.925  250.95199  251.27836    -4.3778     2.8618 -9.990e-29
 149.550894      1.957    16.4597  37.215160    28.7734      1.940  251.00888  251.33462    -4.2533     2.8173 -9.990e-29
 149.550897      1.996    16.4567  37.214241    28.7752      1.978  251.02105  251.34665    -4.2922     2.8476 0.0000e+00
 149.550900      2.065    16.4536  37.213198    28.7769      2.047  251.03323  251.35867    -4.2533     2.8173 0.0000e+00
 149.550903      2.140    16.4480  37.212217    28.7801      2.121  251.05540  251.38057    -4.0977     2.7203 0.0000e+00
 149.550906      2.207    16.4452  37.208535    28.7805      2.188  251.06847  251.39351    -4.0665     2.7203 0.0000e+00
 149.550909      2.251    16.4424  37.207125    28.7809      2.231  251.08153  251.40645    -4.0977     2.7203 -9.990e-29
 149.550911      2.271    16.4287  37.205837    28.7884      2.251  251.13649  251.46075    -4.1288     2.7041 -9.990e-29
 149.550914      2.262    16.4242  37.207801    28.7934      2.242  251.15038  251.47440    -4.3311     2.7405 -9.990e-29
 149.550917      2.253    16.4200  37.207618    28.7963      2.233  251.16623  251.49005    -4.1755     2.7486 -9.990e-29
 149.550920      2.220    16.4150  37.206697    28.7990      2.200  251.18585  251.50942    -4.3623     2.7203 -9.990e-29
 149.550923      2.195    16.4083  37.213327    28.8096      2.175  251.20095  251.52416    -4.2378     2.7081 -9.990e-29
 149.550926      2.186    16.4004  37.222904    28.8235      2.166  251.21621  251.53897    -4.1444     2.6515 -9.990e-29
 149.550929      2.191    16.3632  37.238683    28.8812      2.172  251.30171  251.62241    -4.1444     2.6596 -9.990e-29
 149.550932      2.233    16.3500  37.258765    28.8948      2.213  251.34400  251.66401    -4.1288     2.6677 0.0000e+00
 149.550935      2.308    16.3367  37.268165    28.9085      2.287  251.38629  251.70561    -4.1444     2.6758 0.0000e+00
 149.550938      2.392    16.3111  37.269703    28.9283      2.371  251.47914  251.79717    -4.4712     2.7566 0.0000e+00
 149.550940      2.476    16.2936  37.280577    28.9503      2.454  251.52796  251.84505    -4.5490     2.7728 0.0000e+00
 149.550943      2.540    16.2856  37.282545    28.9569      2.517  251.55624  251.87293    -4.5101     2.7647 0.0000e+00
 149.550946      2.576    16.2776  37.271122    28.9636      2.553  251.58453  251.90080    -4.5490     2.7728 -9.990e-29
 149.550949      2.591    16.2608  37.262463    28.9585      2.568  251.67703  251.99257    -4.6424     2.8092 -9.990e-29
 149.550952      2.585    16.2642  37.264735    28.9579      2.562  251.66081  251.97652    -4.2066     2.9629 -9.990e-29
 149.550955      2.562    16.2636  37.286663    28.9774      2.539  251.63071  251.94625    -4.2066     2.9629 -9.990e-29
 149.550958      2.536    16.2486  37.301531    29.0011      2.513  251.66419  251.97889    -4.3778     3.0074 -9.990e-29
 149.550961      2.521    16.2250  37.320090    29.0343      2.499  251.72438  252.03778    -4.4090     2.9629 -9.990e-29
 149.550964      2.523    16.1688  37.326670    29.0921      2.500  251.90481  252.21523    -4.2378     2.9346 -9.990e-29
 149.550966      2.556    16.1562  37.339518    29.1063      2.533  251.94304  252.25278    -4.2923     2.9326 0.0000e+00
 149.550969      2.613    16.1436  37.351200    29.1206      2.589  251.98128  252.29034    -4.2845     2.9305 0.0000e+00
 149.550972      2.680    16.1182  37.359441    29.1463      2.656  252.06340  252.37112    -4.2845     2.9305 0.0000e+00
 149.550975      2.740    16.0902  37.368175    29.1743      2.716  252.15454  252.46077    -4.2845     3.6867 0.0000e+00
 149.550978      2.788    16.0780  37.368608    29.1835      2.763  252.19988  252.50548    -4.2222     3.6968 0.0000e+00
 149.550981      2.822    16.0657  37.369040    29.1926      2.797  252.24523  252.55019    -4.3156     3.6867 -9.990e-29
 149.550984      2.835    16.0480  37.372976    29.2094      2.810  252.30472  252.60875    -4.3467     3.6584 -9.990e-29
 149.550987      2.835    16.0407  37.372116    29.2141      2.810  252.33336  252.63701    -3.9732     3.5977 -9.990e-29
 149.550990      2.826    16.0308  37.369043    29.2187      2.801  252.37481  252.67797    -4.1132     3.6220 -9.990e-29
 149.550992      2.809    16.0201  37.369536    29.2270      2.784  252.41388  252.71649    -4.0510     3.6220 -9.990e-29
 149.550995      2.796    16.0076  37.370890    29.2374      2.771  252.45879  252.76073    -4.1444     3.6058 -9.990e-29
 149.550998      2.811    15.9812  37.373474    29.2596      2.786  252.55234  252.85289    -3.8798     4.1153 -9.990e-29
 149.551001      2.846    15.9735  37.374091    29.2681      2.820  252.57617  252.87630    -3.8720     4.1194 0.0000e+00
 149.551004      2.901    15.9658  37.380734    29.2767      2.875  252.60000  252.89971    -3.8642     4.1153 0.0000e+00
 149.551007      2.961    15.9438  37.386579    29.2980      2.934  252.67348  252.97200    -3.8642     4.1234 0.0000e+00
 149.551010      3.016    15.9181  37.393347    29.3228      2.989  252.75915  253.05629    -3.9109     4.1477 0.0000e+00
 149.551013      3.058    15.8905  37.393781    29.3436      3.030  252.86173  253.15741    -4.3467     4.2528 0.0000e+00
 149.551016      3.090    15.8798  37.394091    29.3516      3.063  252.90138  253.19650    -4.3622     4.2588 0.0000e+00
 149.551019      3.116    15.8692  37.394277    29.3596      3.088  252.94102  253.23558    -4.3778     4.2528 -9.990e-29
 149.551021      3.134    15.8438  37.401167    29.3846      3.106  253.02520  253.31837    -4.2533     4.2649 -9.990e-29
 149.551024      3.142    15.8191  37.401047    29.4028      3.114  253.11780  253.40967    -3.6774     4.5682 -9.990e-29
 149.551027      3.147    15.7950  37.406462    29.4255      3.119  253.19992  253.49048    -3.8487     4.5844 -9.990e-29
 149.551030      3.156    15.7790  37.408064    29.4387      3.128  253.25729  253.54699    -3.8798     4.5439 -9.990e-29
 149.551033      3.175    15.7621  37.417047    29.4591      3.146  253.30701  253.59575    -3.8487     4.5682 -9.990e-29
 149.551036      3.195    15.7439  37.420555    29.4758      3.166  253.37003  253.65777    -4.1288     4.6652 -9.990e-29
 149.551039      3.218    15.7290  37.422526    29.4886      3.190  253.42294  253.70988    -4.1444     4.7178 -9.990e-29
 149.551042      3.240    15.7186  37.424496    29.4980      3.211  253.45869  253.74506    -4.1132     4.6733 -9.990e-29
 149.551045      3.264    15.7057  37.428988    29.5107      3.235  253.50187  253.78752    -4.0199     4.6895 -9.990e-29
 149.551047      3.293    15.7033  37.428004    29.5136      3.264  253.50927  253.79478    -4.0355     4.7906 0.0000e+00
 149.551050      3.326    15.7008  37.430343    29.5164      3.296  253.51666  253.80203    -4.0510     4.8917 0.0000e+00
 149.551053      3.361    15.6956  37.434220    29.5237      3.331  253.53028  253.81535    -4.0510     4.9160 0.0000e+00
 149.551056      3.401    15.6829  37.437236    29.5359      3.370  253.57358  253.85794    -4.1132     4.9321 0.0000e+00
 149.551059      3.441    15.6752  37.439515    29.5426      3.410  253.60066  253.88459    -4.0821     4.9281 0.0000e+00
 149.551062      3.476    15.6675  37.444686    29.5493      3.445  253.62773  253.91125    -4.1132     4.9402 -9.990e-29
 149.551065      3.499    15.6373  37.452380    29.5832      3.468  253.72153  254.00334    -4.1444     6.2220 -9.990e-29
 149.551068      3.508    15.6187  37.455644    29.6000      3.477  253.78620  254.06698    -4.2066     6.2342 -9.990e-29
 149.551071      3.512    15.6031  37.450353    29.6070      3.481  253.85299  254.13295    -4.4090     6.2059 -9.990e-29
 149.551073      3.514    15.5952  37.455646    29.6176      3.483  253.87440  254.15391    -4.0043     5.6923 -9.990e-29
 149.551076      3.518    15.5908  37.460017    29.6248      3.486  253.88453  254.16377    -4.1132     5.6883 -9.990e-29
 149.551079      3.531    15.5895  37.461371    29.6269      3.499  253.88719  254.16635    -4.1444     5.7125 -9.990e-29
 149.551082      3.551    15.5881  37.458848    29.6297      3.519  253.88951  254.16858    -4.0821     9.1011 -9.990e-29
 149.551085      3.580    15.5858  37.463341    29.6330      3.548  253.89564  254.17457    -4.0510     9.1112 0.0000e+00
 149.551088      3.613    15.5834  37.466911    29.6363      3.580  253.90177  254.18056    -4.0510     9.1092 0.0000e+00
 149.551091      3.649    15.5740  37.471652    29.6476      3.617  253.92992  254.20816    -4.0199     9.1092 0.0000e+00
 149.551094      3.695    15.5593  37.476332    29.6627      3.662  253.97790  254.25531    -3.9576     9.1011 0.0000e+00
 149.551097      3.742    15.5436  37.478919    29.6767      3.709  254.03289  254.30943    -3.9576     9.0930 0.0000e+00
 149.551100      3.782    15.5383  37.480890    29.6816      3.749  254.05142  254.32767    -4.1677     7.2026 0.0000e+00
 149.551102      3.812    15.5329  37.484646    29.6865      3.778  254.06996  254.34590    -4.3778     5.3041 -9.990e-29
 149.551105      3.828    15.5185  37.486433    29.7023      3.794  254.11597  254.39108    -4.2845     5.2961 -9.990e-29
 149.551108      3.841    15.5086  37.488342    29.7114      3.806  254.15015  254.42471    -4.3156     5.3041 -9.990e-29
 149.551111      3.852    15.5003  37.489452    29.7186      3.817  254.17966  254.45375    -4.0510     8.4541 -9.990e-29
 149.551114      3.863    15.4950  37.494254    29.7268      3.828  254.19231  254.46608    -4.0354     8.4986 -9.990e-29
 149.551117      3.875    15.4905  37.496102    29.7318      3.841  254.20625  254.47977    -4.0821     8.4865 -9.990e-29
