seaocn-cb/data/ctd_cnv/SBE19plus_01907321_2024_05_23_Cast22.cnv
* Sea-Bird SBE19plus  Data File:
* FileName = E:\Prandtl_Daten\2024\CTD\raw\SBE19plus_01907321_2024_05_23_Cast22.hex
* Software version 2.6.1.12
* Temperature SN = 7321
* Conductivity SN = 7321
* System UpLoad Time = May 23 2024 08:07:09
* <ApplicationData>
* <Seaterm232>
** 20240522
** Sea Practical 2024
** MCat 23.05 CTD_NP2
** NMEA Latitude = 054 11.037N
** NMEA Longitude = 008 34.440E
** waterdepth = 7m
** Merle
# nquan = 11
# nvalues = 193                         
# units = specified
# name 0 = timeJ: Julian Days
# name 1 = prdM: Pressure, Strain Gauge [db]
# name 2 = tv290C: Temperature [ITS-90, deg C]
# name 3 = c0mS/cm: Conductivity [mS/cm]
# name 4 = sal00: Salinity, Practical [PSU]
# name 5 = depSM: Depth [salt water, m], lat = 54.00
# name 6 = oxsatMm/Kg: Oxygen Saturation, Weiss [umol/kg]
# name 7 = oxsolMm/Kg: Oxygen Saturation, Garcia & Gordon [umol/kg]
# name 8 = turbWETntu0: Turbidity, WET Labs ECO [NTU]
# name 9 = flECO-AFL: Fluorescence, WET Labs ECO-AFL/FL [mg/m^3]
# name 10 = flag:  0.000e+00
# span 0 = 144.334450, 144.335006       
# span 1 =      0.585,      5.744       
# span 2 =    17.0470,    17.0933       
# span 3 =  35.808832,  35.920327       
# span 4 =    27.1640,    27.2381       
# span 5 =      0.580,      5.692       
# span 6 =  250.54583,  250.81932       
# span 7 =  250.90805,  251.18074       
# span 8 =     0.6961,    36.9607       
# span 9 =     4.5520,    14.3740       
# span 10 = 0.0000e+00, 0.0000e+00      
# interval = seconds: 0.25
# start_time = May 23 2024 08:00:19 [Instrument's time stamp, header]
# bad_flag = -9.990e-29
*END*
[from data line 132]
 144.334832      4.101    17.0504  35.838930    27.1928      4.065  250.79904  251.16005    17.4276     9.2063 -9.990e-29
 144.334835      4.125    17.0501  35.836693    27.1911      4.088  250.80319  251.16419    17.4276     9.1860 -9.990e-29
 144.334838      4.147    17.0501  35.832159    27.1873      4.110  250.80969  251.17071    17.5988     9.1901 -9.990e-29
 144.334841      4.171    17.0504  35.837177    27.1913      4.133  250.80159  251.16260    17.3965     9.1860 -9.990e-29
 144.334844      4.193    17.0507  35.840442    27.1938      4.155  250.79569  251.15670    15.2331    10.5002 -9.990e-29
 144.334847      4.218    17.0509  35.835001    27.1891      4.180  250.80287  251.16391    15.5288    10.4274 -9.990e-29
 144.334850      4.240    17.0507  35.836270    27.1903      4.202  250.80168  251.16271    15.4198    10.4760 -9.990e-29
 144.334852      4.257    17.0507  35.838265    27.1920      4.218  250.79883  251.15986    15.2953    10.4113 -9.990e-29
 144.334855      4.277    17.0505  35.837177    27.1912      4.239  250.80133  251.16235    13.0852    10.4598 -9.990e-29
 144.334858      4.299    17.0507  35.836935    27.1909      4.260  250.80076  251.16179    13.2097    10.4760 -9.990e-29
 144.334861      4.321    17.0516  35.833066    27.1891      4.282  250.79928  251.16036    13.2875    10.5002 -9.990e-29
 144.334864      4.353    17.0521  35.835606    27.1868      4.315  250.80085  251.16197    13.0774    10.4982 0.0000e+00
 144.334867      4.397    17.0526  35.830830    27.1844      4.358  250.79966  251.16084    13.2875    10.4962 0.0000e+00
 144.334870      4.445    17.0534  35.830830    27.1839      4.405  250.79966  251.16084    18.8595     9.5540 0.0000e+00
 144.334873      4.496    17.0545  35.828654    27.1813      4.455  250.79846  251.15970    18.9218     9.5540 0.0000e+00
 144.334876      4.551    17.0556  35.829560    27.1813      4.510  250.79316  251.15445    19.0930     9.5540 0.0000e+00
 144.334878      4.596    17.0564  35.828412    27.1798      4.555  250.79174  251.15308    19.0930     9.5621 0.0000e+00
 144.334881      4.640    17.0565  35.827989    27.1795      4.598  250.79174  251.15307    16.4782    10.2475 0.0000e+00
 144.334884      4.665    17.0566  35.828231    27.1793      4.624  250.79174  251.15308    13.8634    10.9410 -9.990e-29
 144.334887      4.684    17.0567  35.823637    27.1755      4.642  250.79737  251.15874    13.9257    10.9248 -9.990e-29
 144.334890      4.689    17.0573  35.820372    27.1724      4.647  250.79987  251.16128    13.8323    10.9005 -9.990e-29
 144.334893      4.685    17.0576  35.819043    27.1710      4.643  250.80053  251.16197    21.5677    10.9895 -9.990e-29
 144.334896      4.676    17.0580  35.821279    27.1727      4.634  250.79609  251.15753    21.4899    10.9450 -9.990e-29
 144.334899      4.669    17.0581  35.822790    27.1739      4.627  250.79361  251.15505    21.4432    11.0178 -9.990e-29
 144.334902      4.667    17.0584  35.822246    27.1732      4.625  250.79315  251.15460    21.6455    10.9855 -9.990e-29
 144.334905      4.676    17.0589  35.820372    27.1717      4.634  250.79339  251.15487    26.8440     9.2952 -9.990e-29
 144.334907      4.705    17.0590  35.820795    27.1711      4.663  250.79356  251.15505    26.9296     9.3012 0.0000e+00
 144.334910      4.753    17.0591  35.819708    27.1705      4.710  250.79373  251.15523    26.9685     9.2952 0.0000e+00
 144.334913      4.804    17.0591  35.817109    27.1705      4.761  250.79373  251.15523    26.9685     9.3073 0.0000e+00
 144.334916      4.864    17.0585  35.822126    27.1722      4.821  250.79691  251.15835    26.9529     9.3154 0.0000e+00
 144.334919      4.923    17.0580  35.820796    27.1722      4.879  250.79691  251.15835    26.2369    12.2956 0.0000e+00
 144.334922      4.966    17.0576  35.817774    27.1710      4.922  250.80249  251.16393    26.2058    12.3279 0.0000e+00
 144.334925      5.007    17.0573  35.818621    27.1704      4.962  250.80314  251.16456    26.2214    12.3319 0.0000e+00
 144.334928      5.034    17.0570  35.821704    27.1710      4.989  250.80378  251.16519    26.2058    12.3360 -9.990e-29
 144.334931      5.054    17.0562  35.818863    27.1717      5.009  250.80625  251.16762    26.9529    10.3061 -9.990e-29
 144.334933      5.056    17.0557  35.820616    27.1735      5.011  250.80560  251.16694    26.7661    10.2374 -9.990e-29
 144.334936      5.058    17.0555  35.816868    27.1705      5.013  250.81189  251.17324    26.9218    10.2333 -9.990e-29
 144.334939      5.067    17.0553  35.817352    27.1710      5.022  250.81183  251.17317    27.0619    10.2697 -9.990e-29
 144.334942      5.087    17.0548  35.821039    27.1730      5.041  250.81125  251.17256    36.4004    14.3740 -9.990e-29
 144.334945      5.114    17.0546  35.819286    27.1723      5.069  250.81327  251.17457    36.4782    14.3517 0.0000e+00
 144.334948      5.151    17.0544  35.817352    27.1730      5.105  250.81125  251.17256    36.4159    14.3740 0.0000e+00
 144.334951      5.191    17.0544  35.820616    27.1739      5.144  250.81222  251.17350    36.4159    14.3295 0.0000e+00
 144.334954      5.235    17.0543  35.819952    27.1739      5.188  250.81222  251.17350    32.6027     9.6268 0.0000e+00
 144.334957      5.275    17.0543  35.817957    27.1738      5.228  250.81222  251.17350    32.5560     9.6268 0.0000e+00
 144.334959      5.313    17.0543  35.819952    27.1722      5.266  250.81510  251.17638    32.5560     9.6389 0.0000e+00
 144.334962      5.346    17.0543  35.817776    27.1730      5.298  250.81383  251.17511    32.5327     9.6389 0.0000e+00
 144.334965      5.373    17.0542  35.818622    27.1721      5.325  250.81570  251.17699    32.5093     9.6389 -9.990e-29
 144.334968      5.389    17.0543  35.818622    27.1727      5.341  250.81420  251.17549    25.0229    10.9208 -9.990e-29
 144.334971      5.399    17.0543  35.819710    27.1736      5.350  250.81265  251.17393    24.8517    10.8965 -9.990e-29
 144.334974      5.399    17.0543  35.817957    27.1721      5.350  250.81485  251.17614    24.7895    10.9450 -9.990e-29
 144.334977      5.399    17.0546  35.814512    27.1690      5.350  250.81885  251.18017    24.6805    10.9288 -9.990e-29
 144.334980      5.404    17.0548  35.818199    27.1720      5.356  250.81296  251.17427    28.4626     9.9301 -9.990e-29
 144.334983      5.421    17.0555  35.812518    27.1697      5.372  250.81330  251.17466    28.4315     9.8775 -9.990e-29
 144.334986      5.448    17.0555  35.816023    27.1679      5.399  250.81627  251.17764    28.4704     9.8653 0.0000e+00
 144.334988      5.492    17.0556  35.811672    27.1667      5.443  250.81678  251.17817    28.5093     9.8775 0.0000e+00
 144.334991      5.543    17.0558  35.812760    27.1660      5.493  250.81924  251.18062    33.7233    10.7509 0.0000e+00
 144.334994      5.596    17.0562  35.809919    27.1640      5.546  250.81932  251.18074    33.8167    10.7590 0.0000e+00
 144.334997      5.645    17.0564  35.808832    27.1640      5.595  250.81932  251.18074    33.8323    10.7590 0.0000e+00
 144.335000      5.696    17.0564  35.812095    27.1643      5.645  250.81797  251.17939    33.8790    10.7671 0.0000e+00
 144.335003      5.733    17.0564  35.810343    27.1657      5.681  250.81564  251.17706    33.9257    10.7752 -9.990e-29
 144.335006      5.744    17.0569  35.810766    27.1642      5.692  250.81571  251.17715    36.9607    10.8925 -9.990e-29
