seaocn-cb/data/ctd_cnv/SBE19plus_01907321_2024_05_25_Cast53.cnv
* Sea-Bird SBE19plus  Data File:
* FileName = E:\Prandtl_Daten\2024\25052024\raw\SBE19plus_01907321_2024_05_25_Cast53.hex
* Software version 2.6.1.12
* Temperature SN = 7321
* Conductivity SN = 7321
* System UpLoad Time = May 25 2024 08:51:40
* <ApplicationData>
* <Seaterm232>
** 20240525
** Sea Practical 2024
** MCat 25.05 CTD_SP8
** NMEA Latitude = 054 8.48N
** NMEA Longitude = 008 7.98E
** waterdepth =14m
** Till
# nquan = 11
# nvalues = 464                         
# units = specified
# name 0 = timeJ: Julian Days
# name 1 = prdM: Pressure, Strain Gauge [db]
# name 2 = tv290C: Temperature [ITS-90, deg C]
# name 3 = c0mS/cm: Conductivity [mS/cm]
# name 4 = sal00: Salinity, Practical [PSU]
# name 5 = depSM: Depth [salt water, m], lat = 54.00
# name 6 = oxsatMm/Kg: Oxygen Saturation, Weiss [umol/kg]
# name 7 = oxsolMm/Kg: Oxygen Saturation, Garcia & Gordon [umol/kg]
# name 8 = turbWETntu0: Turbidity, WET Labs ECO [NTU]
# name 9 = flECO-AFL: Fluorescence, WET Labs ECO-AFL/FL [mg/m^3]
# name 10 = flag:  0.000e+00
# span 0 = 146.365315, 146.366655       
# span 1 =      0.966,     13.422       
# span 2 =    13.7126,    15.3089       
# span 3 =  36.732273,  37.609081       
# span 4 =    29.1968,    31.2219       
# span 5 =      0.958,     13.301       
# span 6 =  256.06329,  260.83601       
# span 7 =  256.33186,  261.00094       
# span 8 =    -4.5490,     4.8517       
# span 9 =     3.8848,    10.8358       
# span 10 = 0.0000e+00, 0.0000e+00      
# interval = seconds: 0.25
# start_time = May 25 2024 08:44:39 [Instrument's time stamp, header]
# bad_flag = -9.990e-29
*END*
[from data line 394]
 146.366455     11.744    13.7171  37.604216    31.2173     11.638  260.81655  260.98172     2.3926     8.8221 0.0000e+00
 146.366458     11.782    13.7169  37.605202    31.2174     11.676  260.81674  260.98189     2.2603     8.8201 0.0000e+00
 146.366461     11.813    13.7166  37.607668    31.2181     11.707  260.81694  260.98206     2.3926     8.8181 -9.990e-29
 146.366464     11.829    13.7162  37.604956    31.2181     11.723  260.81881  260.98391     2.2525     8.8140 -9.990e-29
 146.366467     11.838    13.7158  37.604771    31.2182     11.732  260.82056  260.98564     3.2019     9.2386 -9.990e-29
 146.366470     11.840    13.7148  37.606497    31.2207     11.734  260.82169  260.98668     3.6066     9.2548 -9.990e-29
 146.366473     11.840    13.7147  37.605819    31.2202     11.734  260.82339  260.98838     3.3576     9.2224 -9.990e-29
 146.366476     11.834    13.7152  37.606743    31.2206     11.728  260.81984  260.98486     3.3887     9.2103 -9.990e-29
 146.366479     11.838    13.7156  37.605387    31.2190     11.732  260.82039  260.98545     3.2486     9.9260 -9.990e-29
 146.366481     11.856    13.7151  37.604894    31.2180     11.750  260.82500  260.99004     3.4198     9.9543 -9.990e-29
 146.366484     11.887    13.7146  37.603846    31.2190     11.781  260.82545  260.99045     3.4354     9.9705 0.0000e+00
 146.366487     11.926    13.7142  37.605388    31.2201     11.819  260.82589  260.99086     3.4198     9.9543 0.0000e+00
 146.366490     11.969    13.7138  37.606497    31.2201     11.862  260.82607  260.99099     3.1241     9.9301 0.0000e+00
 146.366493     12.021    13.7137  37.604463    31.2205     11.913  260.82828  260.99320     2.5949     8.6240 0.0000e+00
 146.366496     12.068    13.7138  37.605388    31.2205     11.960  260.82828  260.99320     2.5327     8.6199 0.0000e+00
 146.366499     12.121    13.7138  37.606498    31.2209     12.012  260.82694  260.99186     2.5248     8.6220 0.0000e+00
 146.366502     12.156    13.7139  37.604526    31.2213     12.047  260.82560  260.99053     2.4548     8.6199 -9.990e-29
 146.366505     12.177    13.7137  37.604896    31.2200     12.068  260.82889  260.99383     2.7039     8.6078 -9.990e-29
 146.366508     12.194    13.7133  37.604957    31.2203     12.085  260.83023  260.99514     2.8128     8.6523 -9.990e-29
 146.366510     12.208    13.7129  37.605142    31.2208     12.099  260.83165  260.99653     2.7039     8.6280 -9.990e-29
 146.366513     12.223    13.7126  37.605204    31.2211     12.114  260.83270  260.99756     2.7817     8.6118 -9.990e-29
 146.366516     12.247    13.7133  37.604464    31.2205     12.137  260.82987  260.99478     3.8868     9.5581 -9.990e-29
 146.366519     12.272    13.7133  37.605204    31.2210     12.162  260.82930  260.99420     3.8712     9.5560 0.0000e+00
 146.366522     12.303    13.7133  37.606067    31.2205     12.193  260.82934  260.99426     3.8868     9.5581 0.0000e+00
 146.366525     12.336    13.7135  37.605204    31.2204     12.226  260.82902  260.99396     3.8556     9.5823 0.0000e+00
 146.366528     12.371    13.7136  37.604896    31.2199     12.260  260.82934  260.99426     2.8284     9.6834 0.0000e+00
 146.366531     12.406    13.7136  37.604527    31.2198     12.294  260.82963  260.99456     2.7661     9.6875 0.0000e+00
 146.366534     12.435    13.7136  37.606746    31.2197     12.324  260.83024  260.99516     2.7039     9.6834 -9.990e-29
 146.366536     12.458    13.7139  37.605205    31.2200     12.347  260.82771  260.99265     2.9685     9.7117 -9.990e-29
 146.366539     12.482    13.7142  37.604465    31.2190     12.370  260.82781  260.99279     2.9218     9.6591 -9.990e-29
 146.366542     12.497    13.7142  37.603417    31.2181     12.385  260.82986  260.99484     3.7622     9.2952 -9.990e-29
 146.366545     12.508    13.7141  37.603294    31.2181     12.396  260.83036  260.99533     3.5443     9.3195 -9.990e-29
 146.366548     12.521    13.7140  37.604095    31.2189     12.408  260.82932  260.99428     3.5599     9.3235 -9.990e-29
 146.366551     12.535    13.7139  37.604280    31.2192     12.423  260.82901  260.99397     4.1825     9.0930 -9.990e-29
 146.366554     12.561    13.7137  37.604465    31.2193     12.448  260.83033  260.99527     4.3225     9.1052 0.0000e+00
 146.366557     12.586    13.7134  37.604096    31.2193     12.474  260.82908  260.99398     4.4159     9.1173 0.0000e+00
 146.366560     12.617    13.7134  37.605822    31.2193     12.504  260.83112  260.99606     4.4626     9.1294 0.0000e+00
 146.366562     12.650    13.7136  37.604096    31.2192     12.537  260.83064  260.99560     4.4159     9.1294 0.0000e+00
 146.366565     12.683    13.7138  37.603541    31.2190     12.569  260.83064  260.99560     3.7934     8.1994 0.0000e+00
 146.366568     12.721    13.7138  37.604096    31.2190     12.607  260.83056  260.99548     3.7934     8.1670 0.0000e+00
 146.366571     12.761    13.7135  37.604651    31.2197     12.647  260.83031  260.99526     3.8089     8.1670 0.0000e+00
 146.366574     12.801    13.7135  37.605391    31.2205     12.687  260.82992  260.99483     3.8089     8.1670 0.0000e+00
 146.366577     12.840    13.7137  37.607672    31.2219     12.725  260.82470  260.98962     3.5288     8.8383 0.0000e+00
 146.366580     12.874    13.7150  37.608473    31.2219     12.759  260.81823  260.98323     3.5132     8.8828 0.0000e+00
 146.366583     12.905    13.7158  37.605822    31.2201     12.790  260.81745  260.98251     3.4977     8.8828 0.0000e+00
 146.366586     12.936    13.7166  37.605638    31.2182     12.820  260.81667  260.98179     3.4821     8.8828 -9.990e-29
 146.366589     12.956    13.7157  37.604652    31.2178     12.840  260.82210  260.98717     3.4198     8.8909 -9.990e-29
 146.366591     12.978    13.7148  37.602987    31.2170     12.862  260.82833  260.99336     3.7778    10.2738 -9.990e-29
 146.366594     12.995    13.7142  37.604898    31.2193     12.878  260.82772  260.99269     3.9490    10.2738 -9.990e-29
 146.366597     13.011    13.7141  37.605823    31.2202     12.894  260.82648  260.99143     3.8556    10.2657 -9.990e-29
 146.366600     13.029    13.7144  37.605392    31.2196     12.913  260.82606  260.99104     3.7155    10.2859 -9.990e-29
 146.366603     13.044    13.7147  37.606933    31.2207     12.927  260.82235  260.98734     2.3926    10.8358 -9.990e-29
 146.366606     13.060    13.7150  37.604467    31.2182     12.943  260.82534  260.99036     2.2836    10.7994 -9.990e-29
 146.366609     13.079    13.7150  37.604097    31.2178     12.961  260.82568  260.99072     2.2681    10.7671 -9.990e-29
 146.366612     13.097    13.7152  37.604467    31.2180     12.979  260.82450  260.98954     2.4082    10.7994 -9.990e-29
 146.366615     13.113    13.7155  37.606070    31.2192     12.996  260.82069  260.98574     4.3848     9.4812 -9.990e-29
 146.366617     13.126    13.7162  37.604221    31.2169     13.008  260.82093  260.98604     4.3381     9.4691 -9.990e-29
 146.366620     13.142    13.7164  37.602741    31.2154     13.025  260.82255  260.98769     4.3537     9.4853 -9.990e-29
 146.366623     13.155    13.7158  37.603543    31.2166     13.037  260.82351  260.98860     4.3226     9.4893 -9.990e-29
 146.366626     13.175    13.7149  37.601694    31.2171     13.057  260.82768  260.99271     3.2486    10.0999 -9.990e-29
 146.366629     13.201    13.7149  37.603296    31.2171     13.082  260.82768  260.99271     3.2486    10.0999 0.0000e+00
 146.366632     13.230    13.7149  37.602742    31.2171     13.111  260.82768  260.99271     3.2486    10.0999 -9.990e-29
 146.366635     13.243    13.7144  37.601016    31.2154     13.124  260.83323  260.99826     3.4821    10.0514 -9.990e-29
 146.366638     13.261    13.7143  37.603297    31.2176     13.142  260.83001  260.99500     3.3576    10.0878 -9.990e-29
 146.366641     13.283    13.7133  37.602557    31.2173     13.164  260.83601  261.00094     4.8206     9.2548 -9.990e-29
 146.366644     13.308    13.7131  37.602126    31.2181     13.189  260.83551  261.00043     4.8361     9.2426 0.0000e+00
 146.366646     13.349    13.7131  37.603420    31.2181     13.229  260.83551  261.00043     4.8361     9.2426 0.0000e+00
 146.366649     13.381    13.7130  37.604468    31.2188     13.262  260.83502  260.99992     4.8517     9.2305 -9.990e-29
 146.366652     13.405    13.7136  37.604284    31.2190     13.285  260.83104  260.99598     3.7155     9.5540 -9.990e-29
 146.366655     13.422    13.7137  37.602619    31.2174     13.301  260.83354  260.99850     3.6222     9.5783 -9.990e-29
