seaocn-cb/data/ctd_cnv/SBE19plus_01907321_2024_05_21_Cast02.cnv
* Sea-Bird SBE19plus  Data File:
* FileName = E:\Prandtl_Daten\2024\CTD\SBE19plus_01907321_2024_05_21_Cast02.hex
* Software version 2.6.1.12
* Temperature SN = 7321
* Conductivity SN = 7321
* System UpLoad Time = May 21 2024 10:20:53
* <ApplicationData>
* <Seaterm232>
** 20240521
** Sea Practical 2024
** MCat 21.05 M2
** NMEA Latitude = 54 08.0N
** NMEA Longitude = 008 23.0E
** waterdepth = 12.0m
** Isabelle
# nquan = 11
# nvalues = 394                         
# units = specified
# name 0 = timeJ: Julian Days
# name 1 = prdM: Pressure, Strain Gauge [db]
# name 2 = tv290C: Temperature [ITS-90, deg C]
# name 3 = c0mS/cm: Conductivity [mS/cm]
# name 4 = sal00: Salinity, Practical [PSU]
# name 5 = depSM: Depth [salt water, m], lat = 54.00
# name 6 = oxsatMm/Kg: Oxygen Saturation, Weiss [umol/kg]
# name 7 = oxsolMm/Kg: Oxygen Saturation, Garcia & Gordon [umol/kg]
# name 8 = turbWETntu0: Turbidity, WET Labs ECO [NTU]
# name 9 = flECO-AFL: Fluorescence, WET Labs ECO-AFL/FL [mg/m^3]
# name 10 = flag:  0.000e+00
# span 0 = 142.427225, 142.428362       
# span 1 =      0.740,      9.893       
# span 2 =    13.0264,    14.6980       
# span 3 =  36.641090,  37.058001       
# span 4 =    29.9407,    30.9004       
# span 5 =      0.733,      9.805       
# span 6 =  257.90686,  265.17684       
# span 7 =  258.13818,  265.30361       
# span 8 =    -5.6230,    -2.3701       
# span 9 =     1.2928,     5.3041       
# span 10 = 0.0000e+00, 0.0000e+00      
# interval = seconds: 0.25
# start_time = May 21 2024 10:13:37 [Instrument's time stamp, header]
# bad_flag = -9.990e-29
*END*
 142.427225      0.740    14.6958  37.053466    29.9445      0.733  257.92242  258.15364    -4.5490     2.2350 -9.990e-29
 142.427228      0.749    14.6965  37.053466    29.9456      0.742  257.91699  258.14824    -4.9381     1.9196 -9.990e-29
 142.427231      0.816    14.6968  37.055243    29.9459      0.809  257.91516  258.14642    -5.0471     1.9337 0.0000e+00
 142.427234      0.906    14.6970  37.056285    29.9461      0.898  257.91332  258.14460    -5.0782     1.9479 0.0000e+00
 142.427237      0.982    14.6975  37.058001    29.9468      0.974  257.90887  258.14016    -5.0782     1.9600 0.0000e+00
 142.427240      1.044    14.6977  37.058001    29.9470      1.035  257.90787  258.13917    -5.0782     1.9823 0.0000e+00
 142.427242      1.070    14.6980  37.057327    29.9468      1.060  257.90686  258.13818    -5.0782     2.0045 -9.990e-29
 142.427245      1.068    14.6978  37.055244    29.9445      1.059  257.91215  258.14348    -5.0782     2.0288 -9.990e-29
 142.427248      1.050    14.6966  37.055611    29.9457      1.040  257.91596  258.14721    -5.0782     2.0247 -9.990e-29
 142.427251      1.033    14.6951  37.048688    29.9407      1.024  257.93287  258.16409    -4.9848     2.0288 -9.990e-29
 142.427254      1.017    14.6941  37.052058    29.9445      1.008  257.93130  258.16243    -5.0471     2.0288 -9.990e-29
 142.427257      1.019    14.6935  37.054938    29.9475      1.010  257.92905  258.16013    -5.1405     2.0288 -9.990e-29
 142.427260      1.021    14.6929  37.053651    29.9468      1.012  257.93345  258.16450    -5.0471     2.0126 -9.990e-29
 142.427263      1.026    14.6913  37.050833    29.9455      1.017  257.94412  258.17510    -5.1094     2.0086 -9.990e-29
 142.427266      1.030    14.6904  37.052793    29.9480      1.021  257.94452  258.17542    -5.6074     1.3009 -9.990e-29
 142.427269      1.030    14.6912  37.053467    29.9480      1.021  257.94021  258.17116    -5.6230     1.2928 -9.990e-29
 142.427271      1.026    14.6930  37.052793    29.9459      1.017  257.93424  258.16531    -5.5763     1.3252 -9.990e-29
 142.427274      1.039    14.6943  37.052977    29.9451      1.030  257.92896  258.16010    -5.4673     1.3171 -9.990e-29
 142.427277      1.054    14.6957  37.051200    29.9425      1.044  257.92652  258.15776    -4.8136     2.1299 -9.990e-29
 142.427280      1.072    14.6974  37.053038    29.9428      1.062  257.91714  258.14846    -4.6891     2.1137 -9.990e-29
 142.427283      1.092    14.6979  37.056408    29.9454      1.082  257.90972  258.14105    -4.7825     2.1380 -9.990e-29
 142.427286      1.108    14.6972  37.055856    29.9431      1.098  257.91748  258.14879    -5.0782     2.2593 -9.990e-29
 142.427289      1.145    14.6967  37.053222    29.9438      1.134  257.91902  258.15030    -5.0860     2.2795 0.0000e+00
 142.427292      1.205    14.6962  37.053896    29.9431      1.194  257.92055  258.15180    -5.0938     2.2795 0.0000e+00
 142.427295      1.281    14.6960  37.052120    29.9445      1.270  257.92173  258.15295    -5.0938     2.2795 0.0000e+00
 142.427297      1.363    14.6960  37.054142    29.9449      1.351  257.92173  258.15295    -5.0782     2.2795 0.0000e+00
 142.427300      1.449    14.6960  37.054326    29.9449      1.436  257.92061  258.15184    -5.0782     2.5221 0.0000e+00
 142.427303      1.528    14.6969  37.057084    29.9449      1.514  257.91834  258.14967    -5.0627     2.5221 0.0000e+00
 142.427306      1.582    14.6972  37.052304    29.9443      1.568  257.91553  258.14684    -5.0394     2.5180 0.0000e+00
 142.427309      1.613    14.6975  37.053224    29.9419      1.599  257.91834  258.14967    -5.0160     2.5140 -9.990e-29
 142.427312      1.617    14.6952  37.052305    29.9436      1.603  257.92688  258.15808    -5.1405     2.5221 -9.990e-29
 142.427315      1.593    14.6949  37.052795    29.9443      1.579  257.92755  258.15872    -5.0160     2.3685 -9.990e-29
 142.427318      1.553    14.6946  37.054939    29.9465      1.539  257.92527  258.15641    -5.2027     2.4049 -9.990e-29
 142.427321      1.509    14.6944  37.054817    29.9465      1.496  257.92603  258.15716    -5.0160     2.3927 -9.990e-29
 142.427323      1.466    14.6948  37.054755    29.9462      1.453  257.92463  258.15579    -5.0627     2.3765 -9.990e-29
 142.427326      1.442    14.6948  37.054326    29.9458      1.429  257.92530  258.15646    -5.1405     2.3199 -9.990e-29
 142.427329      1.451    14.6945  37.048934    29.9412      1.438  257.93509  258.16627    -5.0938     2.3482 -9.990e-29
 142.427332      1.497    14.6936  37.053469    29.9460      1.483  257.93140  258.16250    -4.9381     2.3240 -9.990e-29
 142.427335      1.559    14.6911  37.051631    29.9468      1.545  257.94274  258.17370    -5.4051     2.3685 -9.990e-29
 142.427338      1.636    14.6905  37.052305    29.9464      1.621  257.94663  258.17755    -5.3584     2.3422 0.0000e+00
 142.427341      1.703    14.6899  37.050406    29.9462      1.688  257.95051  258.18141    -5.3117     2.3280 0.0000e+00
 142.427344      1.763    14.6892  37.049610    29.9461      1.747  257.95366  258.18453    -5.2805     2.3220 0.0000e+00
 142.427347      1.800    14.6886  37.051265    29.9462      1.784  257.95681  258.18764    -5.2494     2.3280 -9.990e-29
 142.427350      1.822    14.6872  37.049794    29.9474      1.805  257.96184  258.19259    -4.5490     2.6960 -9.990e-29
 142.427352      1.824    14.6876  37.050958    29.9482      1.807  257.95852  258.18928    -4.5646     2.7122 -9.990e-29
 142.427355      1.822    14.6885  37.052368    29.9487      1.805  257.95274  258.18354    -4.6269     2.7000 -9.990e-29
 142.427358      1.805    14.6894  37.052796    29.9485      1.789  257.94882  258.17967    -4.6736     2.7203 -9.990e-29
 142.427361      1.802    14.6896  37.049978    29.9458      1.786  257.95243  258.18332    -4.6424     2.7364 -9.990e-29
 142.427364      1.802    14.6893  37.050713    29.9467      1.786  257.95243  258.18330    -5.1249     2.7203 -9.990e-29
 142.427367      1.822    14.6892  37.050284    29.9447      1.805  257.95668  258.18755    -5.0471     2.7081 -9.990e-29
 142.427370      1.862    14.6895  37.048446    29.9452      1.845  257.95440  258.18528    -5.0471     2.7182 0.0000e+00
 142.427373      1.924    14.6897  37.050039    29.9457      1.907  257.95212  258.18301    -5.0471     2.7081 0.0000e+00
 142.427376      1.997    14.6897  37.050285    29.9457      1.979  257.95212  258.18301    -5.0471     2.6758 0.0000e+00
 142.427378      2.075    14.6884  37.050408    29.9470      2.057  257.95662  258.18743    -5.0627     2.6596 0.0000e+00
 142.427381      2.141    14.6863  37.050041    29.9483      2.122  257.96481  258.19541    -5.0627     2.6717 0.0000e+00
 142.427384      2.188    14.6857  37.053043    29.9500      2.169  257.96514  258.19578    -5.1016     2.6657 0.0000e+00
 142.427387      2.217    14.6852  37.054330    29.9518      2.198  257.96481  258.19541    -5.1405     2.6717 -9.990e-29
 142.427390      2.234    14.6872  37.055739    29.9526      2.214  257.95261  258.18331    -5.0938     2.8335 -9.990e-29
 142.427393      2.245    14.6879  37.054085    29.9507      2.225  257.95291  258.18366    -5.0782     2.8416 -9.990e-29
 142.427396      2.236    14.6882  37.054820    29.9511      2.216  257.95055  258.18132    -5.1094     2.8375 -9.990e-29
 142.427399      2.221    14.6879  37.051879    29.9486      2.201  257.95612  258.18689    -4.7825     2.9103 -9.990e-29
 142.427402      2.199    14.6869  37.052124    29.9497      2.179  257.95983  258.19053    -4.8448     2.8699 -9.990e-29
 142.427405      2.190    14.6858  37.052553    29.9509      2.170  257.96325  258.19389    -4.9381     2.8901 -9.990e-29
 142.427407      2.188    14.6855  37.052614    29.9512      2.168  257.96432  258.19494    -4.7202     2.8941 -9.990e-29
 142.427410      2.193    14.6844  37.048264    29.9481      2.174  257.97567  258.20626    -4.8136     2.9224 -9.990e-29
 142.427413      2.201    14.6819  37.046855    29.9487      2.181  257.98732  258.21778    -5.0471     2.6353 -9.990e-29
 142.427416      2.212    14.6782  37.046121    29.9510      2.192  258.00289  258.23313    -5.0938     2.6515 -9.990e-29
 142.427419      2.219    14.6737  37.040301    29.9492      2.199  258.02951  258.25953    -4.9848     2.6556 -9.990e-29
 142.427422      2.230    14.6697  37.045264    29.9583      2.210  258.03442  258.26415    -5.0782     2.6394 -9.990e-29
 142.427425      2.257    14.6692  37.046980    29.9566      2.237  258.04006  258.26977    -5.0160     2.6394 0.0000e+00
 142.427428      2.294    14.6687  37.042323    29.9575      2.273  258.04570  258.27540    -5.0782     2.6394 0.0000e+00
 142.427431      2.349    14.6640  37.041344    29.9575      2.328  258.06521  258.29464    -5.0782     2.6596 0.0000e+00
 142.427433      2.414    14.6579  37.040977    29.9619      2.393  258.08962  258.31868    -5.0782     2.6596 0.0000e+00
 142.427436      2.491    14.6536  37.042571    29.9666      2.469  258.10355  258.33235    -5.0627     2.5221 0.0000e+00
 142.427439      2.571    14.6499  37.040244    29.9673      2.548  258.12141  258.35001    -5.0627     2.5221 0.0000e+00
 142.427442      2.644    14.6471  37.040060    29.9693      2.621  258.13290  258.36133    -5.1405     2.5302 0.0000e+00
 142.427445      2.699    14.6444  37.040735    29.9720      2.675  258.14213  258.37040    -5.1405     2.5302 0.0000e+00
 142.427448      2.745    14.6429  37.039633    29.9726      2.720  258.14860  258.37679    -5.0316     3.0033 0.0000e+00
 142.427451      2.774    14.6415  37.040307    29.9732      2.749  258.15508  258.38318    -4.9226     3.4764 -9.990e-29
 142.427454      2.790    14.6395  37.043064    29.9778      2.765  258.15725  258.38520    -5.0160     3.4683 -9.990e-29
 142.427457      2.792    14.6402  37.040736    29.9752      2.767  258.15833  258.38635    -5.1094     3.4805 -9.990e-29
 142.427459      2.790    14.6413  37.039878    29.9735      2.765  258.15530  258.38339    -5.1094     3.5047 -9.990e-29
 142.427462      2.790    14.6445  37.041348    29.9724      2.765  258.14062  258.36889    -4.9070     3.4158 -9.990e-29
 142.427465      2.801    14.6485  37.042328    29.9702      2.776  258.12380  258.35230    -4.8759     3.4077 -9.990e-29
 142.427468      2.830    14.6510  37.041347    29.9674      2.805  258.11570  258.34436    -4.7514     3.4238 -9.990e-29
 142.427471      2.854    14.6517  37.043001    29.9683      2.828  258.11043  258.33911    -4.7825     3.4198 -9.990e-29
 142.427474      2.867    14.6518  37.042144    29.9674      2.841  258.11122  258.33992    -5.1405     3.0599 -9.990e-29
 142.427477      2.861    14.6516  37.036385    29.9624      2.836  258.12131  258.35004    -5.0471     3.1287 -9.990e-29
 142.427480      2.849    14.6437  37.030566    29.9633      2.823  258.16114  258.38944    -4.9848     3.1044 -9.990e-29
 142.427483      2.829    14.6276  37.030568    29.9757      2.803  258.22334  258.45068    -4.9848     3.1125 -9.990e-29
 142.427486      2.799    14.6156  37.031366    29.9857      2.774  258.26841  258.49503    -5.0627     2.9871 -9.990e-29
 142.427488      2.770    14.6127  37.036696    29.9927      2.745  258.27100  258.49740    -5.1249     2.9912 -9.990e-29
 142.427491      2.757    14.6170  37.031611    29.9892      2.733  258.25468  258.48134    -5.1249     2.9669 -9.990e-29
 142.427494      2.783    14.6178  37.036450    29.9883      2.758  258.25230  258.47901    -5.0549     3.0013 0.0000e+00
 142.427497      2.827    14.6181  37.035776    29.9874      2.801  258.25251  258.47924    -5.1094     3.0357 0.0000e+00
 142.427500      2.891    14.6181  37.035286    29.9873      2.865  258.25251  258.47924    -5.1094     3.0357 0.0000e+00
 142.427503      2.956    14.6169  37.032162    29.9873      2.930  258.26089  258.48746    -5.1094     3.0357 0.0000e+00
 142.427506      3.024    14.6153  37.036696    29.9891      2.997  258.26225  258.48893    -5.0627     3.0357 0.0000e+00
 142.427509      3.078    14.6153  37.035042    29.9891      3.051  258.26358  258.49015    -5.0315     3.0518 0.0000e+00
 142.427512      3.129    14.6151  37.030571    29.9873      3.101  258.26806  258.49464    -4.9382     3.2298 0.0000e+00
 142.427514      3.168    14.6149  37.025549    29.9854      3.140  258.27254  258.49912    -4.8448     3.4077 -9.990e-29
 142.427517      3.190    14.5856  37.026286    30.0041      3.161  258.39268  258.61754    -4.7047     3.3996 -9.990e-29
 142.427520      3.213    14.5750  37.029228    30.0077      3.185  258.44165  258.66591    -4.3000     3.8606 -9.990e-29
 142.427523      3.244    14.5660  37.021204    30.0098      3.215  258.48507  258.70884    -4.3078     3.8565 0.0000e+00
 142.427526      3.290    14.5570  37.010426    30.0077      3.261  258.52850  258.75176    -4.3156     3.8606 0.0000e+00
 142.427529      3.354    14.5060  36.915185    30.0119      3.324  258.87957  259.10049    -4.3467     3.8525 0.0000e+00
 142.427532      3.421    14.3194  36.911354    30.1065      3.391  259.61084  259.82041    -4.3467     3.8282 0.0000e+00
 142.427535      3.482    14.1347  36.876388    30.2189      3.451  260.38853  260.58689    -4.0977     3.6786 0.0000e+00
 142.427538      3.522    14.0584  36.907785    30.2932      3.490  260.66143  260.85483    -4.0743     3.6685 0.0000e+00
 142.427541      3.551    13.9820  36.932082    30.3675      3.519  260.93434  261.12277    -4.0977     3.6584 -9.990e-29
 142.427543      3.569    13.9617  36.928345    30.4024      3.537  260.98027  261.16722    -4.1132     3.6705 -9.990e-29
 142.427546      3.575    13.9925  36.875550    30.3297      3.543  260.94648  261.13585    -4.1132     3.3187 -9.990e-29
 142.427549      3.564    13.9099  36.817114    30.3414      3.532  261.36742  261.55200    -4.0510     3.3106 -9.990e-29
 142.427552      3.536    13.7607  36.912339    30.5471      3.505  261.79591  261.97001    -4.0821     3.2904 -9.990e-29
 142.427555      3.496    13.8036  36.941276    30.5396      3.465  261.57901  261.75565    -4.0199     3.2742 -9.990e-29
 142.427558      3.463    13.9553  36.948908    30.4263      3.432  260.97125  261.15762    -4.1444     3.2945 -9.990e-29
 142.427561      3.443    14.0554  36.937145    30.3365      3.412  260.59857  260.79143    -4.0666     3.6139 -9.990e-29
 142.427564      3.443    14.0920  36.940751    30.3110      3.412  260.44966  260.64480    -4.1599     3.5856 -9.990e-29
 142.427567      3.465    14.0998  36.927777    30.2931      3.434  260.44063  260.63637    -4.0354     3.6018 -9.990e-29
 142.427569      3.498    14.0451  36.922028    30.3068      3.467  260.70749  260.90004    -4.3467     3.5532 -9.990e-29
 142.427572      3.533    14.0101  36.895665    30.3312      3.501  260.85030  261.04065    -4.3701     3.5553 0.0000e+00
 142.427575      3.564    13.9750  36.888823    30.3557      3.532  260.99311  261.18126    -4.3467     3.5532 0.0000e+00
 142.427578      3.602    13.9132  36.880268    30.3966      3.570  261.24991  261.43417    -4.3934     3.5532 0.0000e+00
 142.427581      3.647    13.8654  36.870917    30.4259      3.615  261.45344  261.63469    -4.2378     3.5532 0.0000e+00
 142.427584      3.695    13.8148  36.851907    30.4485      3.662  261.68407  261.86221    -4.1132     3.6907 0.0000e+00
 142.427587      3.739    13.7836  36.864083    30.4789      3.705  261.79693  261.97298    -4.0665     3.7008 0.0000e+00
 142.427590      3.771    13.7523  36.856933    30.5093      3.738  261.90979  262.08376    -4.1132     3.7109 -9.990e-29
 142.427593      3.792    13.6931  36.851678    30.5450      3.758  262.16416  262.33435    -4.0043     3.6826 -9.990e-29
 142.427595      3.810    13.6642  36.841288    30.5585      3.776  262.29558  262.46395    -3.8175     4.0304 -9.990e-29
 142.427598      3.832    13.5998  36.832673    30.5792      3.798  262.60625  262.77065    -3.9420     4.1194 -9.990e-29
 142.427601      3.859    13.5733  36.807985    30.5791      3.825  262.75023  262.91307    -3.8642     4.1133 0.0000e+00
