seaocn-cb/data/ctd_cnv/SBE19plus_01907321_2024_05_25_Cast58.cnv
* Sea-Bird SBE19plus  Data File:
* FileName = E:\Prandtl_Daten\2024\25052024\raw\SBE19plus_01907321_2024_05_25_Cast58.hex
* Software version 2.6.1.12
* Temperature SN = 7321
* Conductivity SN = 7321
* System UpLoad Time = May 25 2024 12:11:58
* <ApplicationData>
* <Seaterm232>
** 20240525
** Sea Practical 2024
** MCat 25.05 CTD_SP2
** NMEA Latitude = 054 05.978N
** NMEA Longitude = 008 34.824E
** waterdepth =17m
** Isabelle
# nquan = 11
# nvalues = 572                         
# units = specified
# name 0 = timeJ: Julian Days
# name 1 = prdM: Pressure, Strain Gauge [db]
# name 2 = tv290C: Temperature [ITS-90, deg C]
# name 3 = c0mS/cm: Conductivity [mS/cm]
# name 4 = sal00: Salinity, Practical [PSU]
# name 5 = depSM: Depth [salt water, m], lat = 54.00
# name 6 = oxsatMm/Kg: Oxygen Saturation, Weiss [umol/kg]
# name 7 = oxsolMm/Kg: Oxygen Saturation, Garcia & Gordon [umol/kg]
# name 8 = turbWETntu0: Turbidity, WET Labs ECO [NTU]
# name 9 = flECO-AFL: Fluorescence, WET Labs ECO-AFL/FL [mg/m^3]
# name 10 = flag:  0.000e+00
# span 0 = 146.503704, 146.505356       
# span 1 =      0.522,     15.844       
# span 2 =    15.9873,    16.7291       
# span 3 =  35.900048,  36.256922       
# span 4 =    27.4741,    28.2798       
# span 5 =      0.517,     15.702       
# span 6 =  251.89102,  254.22005       
# span 7 =  252.23680,  254.52777       
# span 8 =    -0.4090,    18.8128       
# span 9 =     4.7502,     8.1792       
# span 10 = 0.0000e+00, 0.0000e+00      
# interval = seconds: 0.25
# start_time = May 25 2024 12:03:28 [Instrument's time stamp, header]
# bad_flag = -9.990e-29
*END*
[from data line 394]
 146.504844     11.932    16.0156  36.233161    28.2420     11.825  254.14034  254.44962     9.5677     7.0065 0.0000e+00
 146.504847     11.968    16.0161  36.232493    28.2411     11.861  254.13969  254.44902     9.5210     7.0065 0.0000e+00
 146.504850     12.008    16.0165  36.231400    28.2411     11.901  254.13955  254.44885     9.5210     7.0065 0.0000e+00
 146.504852     12.046    16.0169  36.233404    28.2411     11.938  254.13519  254.44453     9.5210     6.9863 0.0000e+00
 146.504855     12.085    16.0174  36.233647    28.2411     11.977  254.13519  254.44453     8.7428     6.8084 0.0000e+00
 146.504858     12.123    16.0179  36.230307    28.2401     12.015  254.13272  254.44209     8.7428     6.8084 0.0000e+00
 146.504861     12.160    16.0185  36.233404    28.2393     12.051  254.12899  254.43843     8.7584     6.8003 0.0000e+00
 146.504864     12.196    16.0188  36.232736    28.2393     12.087  254.12899  254.43843     8.7584     6.8286 0.0000e+00
 146.504867     12.234    16.0188  36.231582    28.2385     12.125  254.13013  254.43959     8.5871     8.1064 0.0000e+00
 146.504870     12.269    16.0185  36.231643    28.2385     12.159  254.13158  254.44102     8.5560     8.1145 0.0000e+00
 146.504873     12.298    16.0184  36.231826    28.2388     12.188  254.13158  254.44102     8.5560     8.1064 0.0000e+00
 146.504876     12.324    16.0183  36.233830    28.2397     12.214  254.13074  254.44016     8.5404     8.1145 0.0000e+00
 146.504878     12.349    16.0182  36.233162    28.2406     12.239  254.12954  254.43895     8.5249     8.1064 -9.990e-29
 146.504881     12.368    16.0188  36.230126    28.2370     12.257  254.13300  254.44246     8.0580     6.9701 -9.990e-29
 146.504884     12.373    16.0193  36.231401    28.2378     12.262  254.12927  254.43874     8.0891     6.9742 -9.990e-29
 146.504887     12.380    16.0197  36.230308    28.2365     12.269  254.12909  254.43860     8.0735     6.9944 -9.990e-29
 146.504890     12.391    16.0205  36.228547    28.2344     12.280  254.12871  254.43826     8.0268     6.9944 -9.990e-29
 146.504893     12.399    16.0213  36.228304    28.2336     12.288  254.12604  254.43564     9.8478     6.9944 -9.990e-29
 146.504896     12.417    16.0221  36.228547    28.2333     12.306  254.12295  254.43258     9.7700     6.9944 -9.990e-29
 146.504899     12.433    16.0233  36.230125    28.2314     12.322  254.11976  254.42946     9.7233     7.0146 -9.990e-29
 146.504902     12.461    16.0234  36.227454    28.2324     12.349  254.11734  254.42704     9.5287     6.9762 0.0000e+00
 146.504905     12.486    16.0233  36.229883    28.2333     12.374  254.11491  254.42462     9.5366     6.9418 0.0000e+00
 146.504907     12.512    16.0229  36.231826    28.2355     12.400  254.11491  254.42462     9.4899     6.9378 0.0000e+00
 146.504910     12.541    16.0223  36.233162    28.2371     12.429  254.11518  254.42480     9.5210     6.9337 0.0000e+00
 146.504913     12.568    16.0210  36.232494    28.2374     12.456  254.12106  254.43062     9.4899     6.9337 0.0000e+00
 146.504916     12.603    16.0193  36.233041    28.2390     12.490  254.12504  254.43443     8.5560     6.9782 0.0000e+00
 146.504919     12.641    16.0183  36.236746    28.2390     12.528  254.12663  254.43610     8.5560     6.9984 0.0000e+00
 146.504922     12.685    16.0175  36.231402    28.2411     12.571  254.13612  254.44551     8.5560     7.0025 0.0000e+00
 146.504925     12.723    16.0165  36.233163    28.2411     12.609  254.13612  254.44551     8.5249     7.0186 0.0000e+00
 146.504928     12.771    16.0158  36.236503    28.2411     12.656  254.13744  254.44677     8.5249     7.1925 0.0000e+00
 146.504931     12.820    16.0158  36.231828    28.2430     12.705  254.13789  254.44717     8.5560     7.2127 0.0000e+00
 146.504933     12.873    16.0158  36.234743    28.2425     12.758  254.13834  254.44763     8.5560     7.2127 0.0000e+00
 146.504936     12.920    16.0158  36.234257    28.2425     12.805  254.13789  254.44717     8.5560     7.1966 0.0000e+00
 146.504939     12.966    16.0170  36.232496    28.2402     12.850  254.13834  254.44763     8.5871     7.1925 0.0000e+00
 146.504942     13.002    16.0179  36.228792    28.2382     12.886  254.13676  254.44611     8.7895     7.1804 0.0000e+00
 146.504945     13.033    16.0183  36.231646    28.2373     12.917  254.13505  254.44448     8.8206     7.1864 0.0000e+00
 146.504948     13.061    16.0187  36.226120    28.2382     12.944  254.13140  254.44084     8.7895     7.1804 -9.990e-29
 146.504951     13.079    16.0217  36.223691    28.2292     12.962  254.13213  254.44177     8.8829     7.2006 -9.990e-29
 146.504954     13.094    16.0236  36.224359    28.2283     12.976  254.12354  254.43328     6.2836     6.6709 -9.990e-29
 146.504957     13.114    16.0252  36.224541    28.2273     12.996  254.11721  254.42703     6.3148     6.6749 -9.990e-29
 146.504959     13.124    16.0249  36.227881    28.2305     13.007  254.11342  254.42320     6.2681     6.6426 -9.990e-29
 146.504962     13.137    16.0236  36.232739    28.2356     13.019  254.11099  254.42068     6.2836     6.6588 -9.990e-29
 146.504965     13.154    16.0224  36.231160    28.2351     13.036  254.11823  254.42786    10.2836     6.9297 -9.990e-29
 146.504968     13.174    16.0189  36.233164    28.2405     13.056  254.12660  254.43604    10.1903     6.9216 -9.990e-29
 146.504971     13.203    16.0181  36.234501    28.2415     13.085  254.12883  254.43822    10.2214     6.9236 0.0000e+00
 146.504974     13.234    16.0173  36.235594    28.2405     13.115  254.13105  254.44040    10.1903     6.9256 0.0000e+00
 146.504977     13.263    16.0159  36.230979    28.2425     13.144  254.13651  254.44573     9.5677     7.4998 0.0000e+00
 146.504980     13.296    16.0150  36.237841    28.2452     13.177  254.14132  254.45052     9.5521     7.4998 0.0000e+00
 146.504983     13.323    16.0147  36.236263    28.2456     13.204  254.13892  254.44813     9.5521     7.5059 0.0000e+00
 146.504986     13.351    16.0143  36.238267    28.2452     13.231  254.14132  254.45052     9.5521     7.5120 -9.990e-29
 146.504988     13.374    16.0126  36.237599    28.2475     13.255  254.14602  254.45512     9.5521     7.5201 -9.990e-29
 146.504991     13.391    16.0116  36.240028    28.2503     13.271  254.14603  254.45507     8.0113     6.9337 -9.990e-29
 146.504994     13.413    16.0123  36.239360    28.2493     13.293  254.14462  254.45369     8.0891     6.9297 -9.990e-29
 146.504997     13.431    16.0127  36.241486    28.2508     13.311  254.13992  254.44900     7.9646     6.9337 -9.990e-29
 146.505000     13.453    16.0094  36.240028    28.2517     13.332  254.15494  254.46387     9.0385     7.3219 -9.990e-29
 146.505003     13.484    16.0087  36.239786    28.2540     13.363  254.15420  254.46308     8.9996     7.3219 0.0000e+00
 146.505006     13.520    16.0080  36.244219    28.2564     13.399  254.15494  254.46387     9.0229     7.3219 0.0000e+00
 146.505009     13.564    16.0075  36.244463    28.2564     13.443  254.15525  254.46405     9.0229     7.3098 0.0000e+00
 146.505012     13.612    16.0069  36.241366    28.2555     13.490  254.16205  254.47084     9.0541     7.3098 0.0000e+00
 146.505014     13.659    16.0065  36.241912    28.2555     13.537  254.16205  254.47084     9.4899     6.8650 0.0000e+00
 146.505017     13.710    16.0065  36.243795    28.2573     13.587  254.16119  254.46993     9.5054     6.8650 0.0000e+00
 146.505020     13.754    16.0063  36.244463    28.2573     13.631  254.16119  254.46993     9.5054     6.8731 0.0000e+00
 146.505023     13.792    16.0064  36.240941    28.2563     13.669  254.16211  254.47087     9.5599     6.8872 0.0000e+00
 146.505026     13.825    16.0063  36.238026    28.2548     13.701  254.16522  254.47398     9.5054     6.9014 -9.990e-29
 146.505029     13.847    16.0084  36.238694    28.2513     13.723  254.16073  254.46961     8.1980     6.6668 -9.990e-29
 146.505032     13.869    16.0095  36.238755    28.2506     13.744  254.15640  254.46534     8.2292     6.6668 -9.990e-29
 146.505035     13.882    16.0096  36.237358    28.2493     13.757  254.15790  254.46685     8.2447     6.6749 -9.990e-29
 146.505038     13.903    16.0095  36.238269    28.2502     13.779  254.15715  254.46609     8.2603     6.6749 -9.990e-29
 146.505041     13.914    16.0096  36.232743    28.2453     13.790  254.16485  254.47383     7.8401     7.2006 -9.990e-29
 146.505043     13.934    16.0099  36.239605    28.2510     13.809  254.15334  254.46230     7.8245     7.1885 -9.990e-29
 146.505046     13.958    16.0105  36.235597    28.2473     13.833  254.15690  254.46591     7.7622     7.1763 -9.990e-29
 146.505049     13.987    16.0107  36.235840    28.2483     13.862  254.15415  254.46316     8.5327     7.4513 0.0000e+00
 146.505052     14.022    16.0109  36.238512    28.2477     13.896  254.15139  254.46040     9.3031     7.7263 0.0000e+00
 146.505055     14.051    16.0115  36.237176    28.2493     13.925  254.15129  254.46034     9.3031     7.7263 0.0000e+00
 146.505058     14.086    16.0116  36.241367    28.2495     13.960  254.14770  254.45674     9.2797     7.7182 0.0000e+00
 146.505061     14.115    16.0117  36.237176    28.2512     13.989  254.14411  254.45314     9.2564     7.7020 -9.990e-29
 146.505064     14.135    16.0114  36.240881    28.2510     14.008  254.14608  254.45510     6.7506     7.5686 -9.990e-29
 146.505067     14.157    16.0101  36.244646    28.2551     14.030  254.14529  254.45422     6.6727     7.5605 -9.990e-29
 146.505069     14.171    16.0088  36.244222    28.2557     14.044  254.15110  254.45996     6.6883     7.5767 -9.990e-29
 146.505072     14.193    16.0083  36.243554    28.2555     14.066  254.15393  254.46278     6.7973     7.5645 -9.990e-29
 146.505075     14.213    16.0068  36.240457    28.2553     14.086  254.16143  254.47021     7.0463     6.9337 -9.990e-29
 146.505078     14.243    16.0067  36.242218    28.2557     14.115  254.16145  254.47023     6.9918     6.9337 0.0000e+00
 146.505081     14.283    16.0065  36.243008    28.2562     14.155  254.16148  254.47024     7.0463     6.9337 0.0000e+00
 146.505084     14.327    16.0065  36.242886    28.2562     14.198  254.16199  254.47075     6.9840     6.9337 0.0000e+00
 146.505087     14.376    16.0064  36.240700    28.2562     14.247  254.16199  254.47075     7.0619     6.9216 0.0000e+00
 146.505090     14.436    16.0064  36.244466    28.2575     14.307  254.16092  254.46965     8.6961     6.7396 0.0000e+00
 146.505093     14.485    16.0061  36.244466    28.2577     14.355  254.16092  254.46965     8.8206     6.7315 0.0000e+00
 146.505095     14.527    16.0059  36.245316    28.2583     14.397  254.16121  254.46992     8.8284     6.7355 0.0000e+00
 146.505098     14.553    16.0056  36.246228    28.2588     14.422  254.16149  254.47019     8.8362     6.7315 -9.990e-29
 146.505101     14.567    16.0039  36.245560    28.2602     14.437  254.16782  254.47643     7.6844     7.2653 -9.990e-29
 146.505104     14.564    16.0025  36.247564    28.2630     14.433  254.17027  254.47880     7.7778     7.2370 -9.990e-29
 146.505107     14.556    16.0010  36.245135    28.2619     14.426  254.17938  254.48785     7.8089     7.2653 -9.990e-29
 146.505110     14.554    15.9997  36.249083    28.2663     14.424  254.17860  254.48698     7.6533     7.2613 -9.990e-29
 146.505113     14.551    15.9986  36.247443    28.2656     14.420  254.18501  254.49334     9.5833     6.9378 -9.990e-29
 146.505116     14.562    15.9979  36.245985    28.2648     14.431  254.18994  254.49824     9.5521     6.9256 -9.990e-29
 146.505119     14.585    15.9982  36.247747    28.2660     14.455  254.18669  254.49500     9.5677     6.9095 -9.990e-29
 146.505122     14.624    15.9982  36.247565    28.2665     14.493  254.18570  254.49401     9.0852     7.0025 0.0000e+00
 146.505124     14.682    15.9982  36.248901    28.2660     14.551  254.18669  254.49500     8.6027     7.0793 0.0000e+00
 146.505127     14.744    15.9973  36.244893    28.2671     14.612  254.18947  254.49764     8.6027     7.0793 0.0000e+00
 146.505130     14.808    15.9959  36.251635    28.2711     14.675  254.19411  254.50239     8.5871     7.0793 0.0000e+00
 146.505133     14.872    15.9943  36.251089    28.2717     14.739  254.19640  254.50449     8.5560     7.0550 0.0000e+00
 146.505136     14.926    15.9934  36.252607    28.2737     14.793  254.19748  254.50552     8.5249     7.0348 0.0000e+00
 146.505139     14.970    15.9933  36.252425    28.2737     14.836  254.19824  254.50627     8.4860     6.8326 0.0000e+00
 146.505142     15.001    15.9931  36.250846    28.2737     14.867  254.19900  254.50702     8.4471     6.6305 -9.990e-29
 146.505145     15.023    15.9922  36.250603    28.2727     14.889  254.20510  254.51309     8.3537     6.6021 -9.990e-29
 146.505148     15.043    15.9914  36.252851    28.2752     14.908  254.20477  254.51270     8.3381     6.6143 -9.990e-29
 146.505150     15.060    15.9912  36.252183    28.2748     14.925  254.20669  254.51462     8.6961     7.3826 -9.990e-29
 146.505153     15.070    15.9907  36.250422    28.2736     14.935  254.21117  254.51908     8.8206     7.3947 -9.990e-29
 146.505156     15.083    15.9902  36.251333    28.2748     14.948  254.21162  254.51951     8.8829     7.4109 -9.990e-29
 146.505159     15.098    15.9900  36.251758    28.2753     14.962  254.21190  254.51977     8.6961     7.3583 -9.990e-29
 146.505162     15.114    15.9898  36.252062    28.2757     14.979  254.21206  254.51992     9.2875     7.2006 -9.990e-29
 146.505165     15.138    15.9904  36.253277    28.2773     15.002  254.20610  254.51398     9.2097     7.2168 -9.990e-29
 146.505168     15.164    15.9906  36.254431    28.2766     15.028  254.20607  254.51396     9.2642     7.1926 0.0000e+00
 146.505171     15.189    15.9909  36.253277    28.2769     15.053  254.20603  254.51394     9.3187     7.2168 0.0000e+00
 146.505174     15.217    15.9914  36.254856    28.2759     15.080  254.20364  254.51161    11.9023     8.0659 0.0000e+00
 146.505177     15.242    15.9917  36.252062    28.2754     15.105  254.20274  254.51070    11.9335     8.0861 0.0000e+00
 146.505179     15.268    15.9920  36.255524    28.2740     15.131  254.20364  254.51161    11.9023     8.0659 -9.990e-29
 146.505182     15.288    15.9931  36.254856    28.2757     15.151  254.19552  254.50353    11.9801     8.1185 -9.990e-29
 146.505185     15.311    15.9928  36.254188    28.2753     15.174  254.19745  254.50545    12.0891     8.0983 -9.990e-29
 146.505188     15.337    15.9930  36.252184    28.2734     15.199  254.19987  254.50789    10.2214     8.0781 -9.990e-29
 146.505191     15.361    15.9932  36.251759    28.2729     15.223  254.19961  254.50765    10.1747     8.0983 -9.990e-29
 146.505194     15.384    15.9933  36.256314    28.2768     15.246  254.19247  254.50049    10.2214     8.1064 -9.990e-29
 146.505197     15.404    15.9932  36.255038    28.2756     15.266  254.19500  254.50301    10.9685     7.2491 -9.990e-29
 146.505200     15.435    15.9934  36.254856    28.2747     15.297  254.19557  254.50360    10.9996     7.2633 0.0000e+00
 146.505203     15.479    15.9936  36.253095    28.2753     15.341  254.19500  254.50301    11.0152     7.2774 0.0000e+00
 146.505205     15.527    15.9936  36.255039    28.2753     15.388  254.19295  254.50100    11.0152     7.2774 0.0000e+00
 146.505208     15.576    15.9935  36.256922    28.2753     15.436  254.19295  254.50100    10.9840     7.2694 0.0000e+00
 146.505211     15.634    15.9930  36.253096    28.2741     15.494  254.19867  254.50668    10.2525     6.7356 0.0000e+00
 146.505214     15.694    15.9924  36.251517    28.2734     15.554  254.20350  254.51149    10.2525     6.7356 0.0000e+00
 146.505217     15.749    15.9918  36.251335    28.2734     15.608  254.20350  254.51149    10.2836     6.7356 0.0000e+00
