seaocn-cb/data/ctd_cnv/SBE19plus_01907321_2024_05_24_Cast44.cnv
* Sea-Bird SBE19plus  Data File:
* FileName = E:\Prandtl_Daten\2024\CTD\raw\SBE19plus_01907321_2024_05_24_Cast44.hex
* Software version 2.6.1.12
* Temperature SN = 7321
* Conductivity SN = 7321
* System UpLoad Time = May 24 2024 12:00:26
* <ApplicationData>
* <Seaterm232>
** 20240524
** Sea Practical 2024
** MCat 24.05 CTD_SP2
** NMEA Latitude = 054 06.04N
** NMEA Longitude = 008 34.80E
** waterdepth = 15.0m
** Emelie
# nquan = 11
# nvalues = 512                         
# units = specified
# name 0 = timeJ: Julian Days
# name 1 = prdM: Pressure, Strain Gauge [db]
# name 2 = tv290C: Temperature [ITS-90, deg C]
# name 3 = c0mS/cm: Conductivity [mS/cm]
# name 4 = sal00: Salinity, Practical [PSU]
# name 5 = depSM: Depth [salt water, m], lat = 54.00
# name 6 = oxsatMm/Kg: Oxygen Saturation, Weiss [umol/kg]
# name 7 = oxsolMm/Kg: Oxygen Saturation, Garcia & Gordon [umol/kg]
# name 8 = turbWETntu0: Turbidity, WET Labs ECO [NTU]
# name 9 = flECO-AFL: Fluorescence, WET Labs ECO-AFL/FL [mg/m^3]
# name 10 = flag:  0.000e+00
# span 0 = 145.495524, 145.497002       
# span 1 =      0.439,     14.336       
# span 2 =    15.6201,    16.4219       
# span 3 =  36.017770,  36.257881       
# span 4 =    27.9382,    28.3585       
# span 5 =      0.435,     14.207       
# span 6 =  252.62733,  255.95078       
# span 7 =  252.95690,  256.24080       
# span 8 =    -2.0276,    19.7622       
# span 9 =     4.6369,    11.4707       
# span 10 = 0.0000e+00, 0.0000e+00      
# interval = seconds: 0.25
# start_time = May 24 2024 11:52:18 [Instrument's time stamp, header]
# bad_flag = -9.990e-29
*END*
[from data line 132]
 145.495906      4.136    16.2932  36.226725    28.0430      4.099  253.09063  253.41382    -0.5802     8.4865 -9.990e-29
 145.495909      4.154    16.2943  36.227089    28.0425      4.117  253.08614  253.40938    -0.6113     8.5067 -9.990e-29
 145.495911      4.178    16.2849  36.225147    28.0443      4.141  253.13018  253.45299    -0.6113     8.4946 -9.990e-29
 145.495914      4.205    16.2794  36.221444    28.0476      4.168  253.15190  253.47444    -0.1054     8.1185 0.0000e+00
 145.495917      4.246    16.2739  36.220110    28.0508      4.208  253.17361  253.49589     0.3848     7.7425 0.0000e+00
 145.495920      4.295    16.2593  36.216347    28.0578      4.256  253.23466  253.55624     0.3848     6.8933 0.0000e+00
 145.495923      4.350    16.2462  36.217199    28.0677      4.311  253.28307  253.60399     0.3226     6.8933 0.0000e+00
 145.495926      4.410    16.2345  36.214772    28.0739      4.370  253.33117  253.65153     0.3226     6.8852 0.0000e+00
 145.495929      4.470    16.2254  36.218113    28.0832      4.430  253.36095  253.68083     0.3226     6.8569 0.0000e+00
 145.495932      4.532    16.2185  36.217203    28.0872      4.491  253.38852  253.70806    -0.3623     6.7518 0.0000e+00
 145.495935      4.581    16.2185  36.218539    28.0883      4.540  253.38852  253.70806    -0.3623     6.7437 0.0000e+00
 145.495938      4.623    16.2170  36.219207    28.0897      4.582  253.39171  253.71117    -0.4401     6.7336 0.0000e+00
 145.495940      4.652    16.2193  36.219934    28.0883      4.611  253.38224  253.70182    -0.3467     6.7154 -9.990e-29
 145.495943      4.673    16.2317  36.217445    28.0781      4.631  253.33800  253.65820    -1.1094     6.5415 -9.990e-29
 145.495946      4.685    16.2371  36.221208    28.0775      4.643  253.31202  253.63246    -1.0471     6.5294 -9.990e-29
 145.495949      4.683    16.2398  36.219204    28.0739      4.642  253.30464  253.62523    -1.1405     6.5455 -9.990e-29
 145.495952      4.671    16.2410  36.219447    28.0732      4.629  253.29970  253.62035    -1.1560     6.5294 -9.990e-29
 145.495955      4.665    16.2415  36.218779    28.0723      4.624  253.29887  253.61954    -1.0004     6.8933 -9.990e-29
 145.495958      4.656    16.2336  36.217019    28.0763      4.615  253.33132  253.65162    -0.9070     6.8650 -9.990e-29
 145.495961      4.654    16.2258  36.216777    28.0816      4.613  253.36121  253.68112    -0.8448     6.8731 -9.990e-29
 145.495964      4.671    16.2226  36.219024    28.0858      4.629  253.37006  253.68980    -0.9848     6.8852 -9.990e-29
 145.495966      4.694    16.2236  36.216596    28.0807      4.652  253.37402  253.69383     0.5405     6.5698 -9.990e-29
 145.495969      4.726    16.2206  36.213924    28.0842      4.683  253.38315  253.70280     0.5172     6.5718 0.0000e+00
 145.495972      4.766    16.2176  36.217022    28.0876      4.723  253.39227  253.71177     0.5405     6.5698 0.0000e+00
 145.495975      4.808    16.2131  36.215929    28.0891      4.765  253.41096  253.73025     0.6183     6.5334 0.0000e+00
 145.495978      4.861    16.2131  36.214776    28.0891      4.817  253.41096  253.73025     0.6183     6.5334 0.0000e+00
 145.495981      4.912    16.2140  36.213683    28.0886      4.868  253.41071  253.73005    -0.1288     6.2504 0.0000e+00
 145.495984      4.963    16.2157  36.216780    28.0872      4.918  253.40202  253.72150    -0.1288     6.2423 0.0000e+00
 145.495987      5.023    16.2164  36.213016    28.0848      4.978  253.40202  253.72150    -0.1599     6.2261 0.0000e+00
 145.495990      5.070    16.2166  36.210587    28.0828      5.025  253.40307  253.72259    -0.1599     6.2261 0.0000e+00
 145.495992      5.118    16.2173  36.210709    28.0823      5.072  253.40340  253.72296    -0.1599     7.0550 0.0000e+00
 145.495995      5.156    16.2178  36.209070    28.0823      5.110  253.40307  253.72259    -0.1444     7.0793 0.0000e+00
 145.495998      5.191    16.2180  36.212591    28.0819      5.144  253.40033  253.71989    -0.1288     7.0753 0.0000e+00
 145.496001      5.220    16.2181  36.212591    28.0833      5.173  253.39726  253.71682    -0.1444     7.0955 -9.990e-29
 145.496004      5.242    16.2197  36.211498    28.0812      5.195  253.39252  253.71217     0.0113     6.8124 -9.990e-29
 145.496007      5.257    16.2225  36.215262    28.0825      5.210  253.37658  253.69634     0.1047     6.7962 -9.990e-29
 145.496010      5.262    16.2257  36.214655    28.0797      5.215  253.36531  253.68523    -0.0199     6.8124 -9.990e-29
 145.496013      5.266    16.2281  36.209069    28.0732      5.218  253.36448  253.68455     0.0735     6.8124 -9.990e-29
 145.496016      5.264    16.2263  36.202877    28.0691      5.217  253.38038  253.70040    -0.4557     6.8245 -9.990e-29
 145.496019      5.262    16.2190  36.195594    28.0680      5.215  253.41893  253.73863    -0.8448     6.4242 -9.990e-29
 145.496021      5.266    16.2086  36.185702    28.0668      5.218  253.47324  253.79247    -0.8915     6.3919 -9.990e-29
 145.496024      5.275    16.2007  36.197174    28.0823      5.228  253.48632  253.80509    -0.9693     6.3878 -9.990e-29
 145.496027      5.287    16.1969  36.191287    28.0799      5.240  253.50940  253.82802    -1.0315     6.3838 -9.990e-29
 145.496030      5.302    16.1938  36.194080    28.0890      5.255  253.50928  253.82770     0.0891     7.5160 -9.990e-29
 145.496033      5.339    16.1942  36.199361    28.0870      5.291  253.51071  253.82916     0.0813     7.4999 0.0000e+00
 145.496036      5.379    16.1946  36.195415    28.0862      5.331  253.50928  253.82770     0.0891     7.5160 0.0000e+00
 145.496039      5.428    16.1971  36.198936    28.0862      5.379  253.49718  253.81577     0.1513     7.4837 0.0000e+00
 145.496042      5.481    16.1971  36.200878    28.0878      5.432  253.49718  253.81577     0.8362     6.7437 0.0000e+00
 145.496045      5.539    16.1864  36.199726    28.0944      5.490  253.53685  253.85491     0.8362     6.7275 0.0000e+00
 145.496047      5.596    16.1742  36.202703    28.1027      5.546  253.57872  253.89614     0.8362     6.7275 0.0000e+00
 145.496050      5.647    16.1677  36.194084    28.1056      5.596  253.61655  253.93370     0.7584     6.7720 0.0000e+00
 145.496053      5.698    16.1580  36.198274    28.1106      5.647  253.64715  253.96380     0.3692     6.8003 0.0000e+00
 145.496056      5.736    16.1567  36.193175    28.1119      5.685  253.65584  253.97243     0.3614     6.8084 0.0000e+00
 145.496059      5.775    16.1554  36.187471    28.1106      5.723  253.66452  253.98106     0.3692     6.8165 -9.990e-29
 145.496062      5.800    16.1450  36.191113    28.1161      5.748  253.70719  254.02322     0.3848     6.7962 -9.990e-29
 145.496065      5.822    16.1452  36.198275    28.1222      5.770  253.69590  254.01191     0.8050     6.8043 -9.990e-29
 145.496068      5.837    16.1511  36.199792    28.1193      5.784  253.67113  253.98742     3.9801     7.0874 -9.990e-29
 145.496071      5.846    16.1596  36.203555    28.1165      5.793  253.63297  253.94966     4.0735     7.0389 -9.990e-29
 145.496073      5.855    16.1686  36.200033    28.1071      5.802  253.60414  253.92131     3.9957     7.0672 -9.990e-29
 145.496076      5.866    16.1735  36.201125    28.1046      5.813  253.58396  253.90136     4.1047     7.0874 -9.990e-29
 145.496079      5.878    16.1751  36.201186    28.1035      5.826  253.57779  253.89527     4.5249     8.4865 -9.990e-29
 145.496082      5.895    16.1760  36.201125    28.1029      5.842  253.57454  253.89206     4.5249     8.4703 -9.990e-29
 145.496085      5.906    16.1758  36.199122    28.1012      5.853  253.57814  253.89567     4.5871     8.4784 -9.990e-29
 145.496088      5.926    16.1734  36.198030    28.1020      5.873  253.58891  253.90632     4.5560     8.4905 -9.990e-29
 145.496091      5.944    16.1693  36.199608    28.1062      5.891  253.60209  253.91929     7.0307     7.5645 -9.990e-29
 145.496094      5.960    16.1665  36.194935    28.1042      5.907  253.61971  253.93680     6.9840     7.5848 -9.990e-29
 145.496097      5.980    16.1596  36.194875    28.1090      5.927  253.64591  253.96266     7.1241     7.5767 -9.990e-29
 145.496100      6.011    16.1575  36.194936    28.1078      5.958  253.65874  253.97540     4.7428     7.5019 0.0000e+00
 145.496102      6.041    16.1554  36.188564    28.1090      5.987  253.67157  253.98814     2.3615     7.4473 0.0000e+00
 145.496105      6.077    16.1458  36.185045    28.1102      6.023  253.71336  254.02947     2.2992     7.4392 0.0000e+00
 145.496108      6.112    16.1375  36.190083    28.1204      6.057  253.73598  254.05152     2.2992     7.4473 0.0000e+00
 145.496111      6.161    16.1375  36.195607    28.1204      6.106  253.73750  254.05317     2.3303     7.4392 0.0000e+00
 145.496114      6.205    16.1357  36.182072    28.1130      6.149  253.74677  254.06252     2.3615     7.4473 0.0000e+00
 145.496117      6.260    16.1292  36.173577    28.1130      6.204  253.79388  254.10922     3.7778     7.7061 0.0000e+00
 145.496120      6.313    16.1137  36.170727    28.1205      6.256  253.85720  254.17179     3.8245     7.7061 0.0000e+00
 145.496123      6.375    16.0979  36.164540    28.1263      6.318  253.92643  254.24026     3.8245     7.7061 0.0000e+00
 145.496126      6.422    16.0840  36.161690    28.1336      6.364  253.98366  254.29681     3.8245     7.7061 0.0000e+00
 145.496128      6.462    16.0784  36.162541    28.1380      6.404  254.00448  254.31734     4.5560     7.9083 0.0000e+00
 145.496131      6.500    16.0728  36.165636    28.1423      6.442  254.02530  254.33787     5.3031     8.1104 -9.990e-29
 145.496134      6.522    16.0654  36.171158    28.1549      6.464  254.04040  254.35256     5.3187     8.0943 -9.990e-29
 145.496137      6.533    16.0713  36.173585    28.1528      6.475  254.01427  254.32671     5.2564     8.1023 -9.990e-29
 145.496140      6.541    16.0770  36.171400    28.1469      6.482  253.99596  254.30869     4.7895     9.0243 -9.990e-29
 145.496143      6.531    16.0810  36.176436    28.1484      6.473  253.97320  254.28611     4.7895     8.9919 -9.990e-29
 145.496146      6.524    16.0858  36.174433    28.1433      6.466  253.95795  254.27111     4.6494     9.0000 -9.990e-29
 145.496149      6.510    16.0899  36.174675    28.1406      6.451  253.94176  254.25513     4.8206     8.9717 -9.990e-29
 145.496152      6.502    16.0902  36.172005    28.1381      6.444  253.94484  254.25824     7.0307     8.5310 -9.990e-29
 145.496155      6.502    16.0887  36.175585    28.1422      6.444  253.94496  254.25826     6.9685     8.5431 -9.990e-29
 145.496157      6.515    16.0887  36.170488    28.1379      6.457  253.95290  254.26623     7.0619     8.5633 -9.990e-29
 145.496160      6.539    16.0787  36.163207    28.1381      6.480  254.00285  254.31573     6.9840     8.5188 -9.990e-29
 145.496163      6.575    16.0741  36.162541    28.1412      6.516  254.02064  254.33328     7.1086     8.3126 0.0000e+00
 145.496166      6.613    16.0694  36.162360    28.1444      6.554  254.03843  254.35084     7.2331     8.1064 0.0000e+00
 145.496169      6.668    16.0645  36.163574    28.1468      6.608  254.05519  254.36735     7.2486     8.1064 0.0000e+00
 145.496172      6.721    16.0610  36.158175    28.1489      6.661  254.07700  254.38901     7.3264     8.1145 0.0000e+00
 145.496175      6.785    16.0555  36.156598    28.1492      6.724  254.10008  254.41182     7.2486     8.1145 0.0000e+00
 145.496178      6.847    16.0507  36.160118    28.1548      6.786  254.11339  254.42486     2.6416     7.5403 0.0000e+00
 145.496181      6.902    16.0468  36.155932    28.1557      6.840  254.13429  254.44560     2.5949     7.5160 0.0000e+00
 145.496183      6.951    16.0429  36.154416    28.1562      6.889  254.15149  254.46261     2.5638     7.5160 0.0000e+00
 145.496186      6.991    16.0413  36.157450    28.1583      6.928  254.15305  254.46407     2.5015     7.5079 0.0000e+00
 145.496189      7.026    16.0413  36.155508    28.1591      6.963  254.15467  254.46569     1.5522     7.2370 0.0000e+00
 145.496192      7.057    16.0413  36.151322    28.1583      6.994  254.15628  254.46731     0.5405     6.9580 -9.990e-29
 145.496195      7.082    16.0365  36.151323    28.1560      7.019  254.18449  254.49532     0.6494     6.9539 -9.990e-29
 145.496198      7.108    16.0365  36.148896    28.1560      7.044  254.18449  254.49532     0.6494     6.9539 0.0000e+00
 145.496201      7.135    16.0365  36.150898    28.1560      7.071  254.18449  254.49532     0.6494     6.9539 -9.990e-29
 145.496204      7.159    16.0448  36.155084    28.1554      7.095  254.14361  254.45482     2.2836     7.5079 -9.990e-29
 145.496207      7.177    16.0536  36.153020    28.1474      7.113  254.11296  254.42463     2.3926     7.5241 -9.990e-29
 145.496209      7.190    16.0589  36.156174    28.1464      7.126  254.08817  254.40008     2.3303     7.5281 -9.990e-29
 145.496212      7.201    16.0610  36.157266    28.1458      7.136  254.07832  254.39034     2.2836     7.4998 -9.990e-29
 145.496215      7.205    16.0618  36.155082    28.1434      7.140  254.07886  254.39093     5.8167     8.3409 -9.990e-29
 145.496218      7.214    16.0611  36.157691    28.1461      7.149  254.07739  254.38941     5.8634     8.3652 -9.990e-29
 145.496221      7.215    16.0591  36.153747    28.1441      7.151  254.09090  254.40285     5.7856     8.3773 -9.990e-29
 145.496224      7.217    16.0574  36.149440    28.1415      7.153  254.10375  254.41563     5.8634     8.3369 -9.990e-29
 145.496227      7.215    16.0537  36.147378    28.1424      7.151  254.12113  254.43284     4.9918     8.8706 -9.990e-29
 145.496230      7.232    16.0509  36.152414    28.1487      7.167  254.12424  254.43578     5.1475     8.8625 -9.990e-29
 145.496233      7.252    16.0570  36.152232    28.1440      7.187  254.10149  254.41334     5.1163     8.8949 -9.990e-29
 145.496236      7.292    16.0598  36.151989    28.1435      7.227  254.08840  254.40038     5.4977     8.7595 0.0000e+00
 145.496238      7.330    16.0626  36.155264    28.1429      7.265  254.07531  254.38742     5.7078     8.6240 0.0000e+00
 145.496241      7.389    16.0661  36.157448    28.1423      7.323  254.05899  254.37126     5.8012     8.6078 0.0000e+00
 145.496244      7.442    16.0697  36.157509    28.1398      7.375  254.05899  254.37126     5.7700     8.6078 0.0000e+00
 145.496247      7.497    16.0697  36.147802    28.1357      7.429  254.05920  254.37172     5.8012     8.5957 0.0000e+00
 145.496250      7.551    16.0633  36.147560    28.1357      7.484  254.08454  254.39673     6.7350     8.3126 0.0000e+00
 145.496253      7.612    16.0497  36.138523    28.1375      7.543  254.14984  254.46140     6.7973     8.2964 0.0000e+00
 145.496256      7.663    16.0331  36.138525    28.1492      7.594  254.21314  254.52386     6.7350     8.3045 0.0000e+00
 145.496259      7.708    16.0193  36.140104    28.1603      7.639  254.26340  254.57342     6.7039     8.2924 0.0000e+00
 145.496262      7.750    16.0114  36.138103    28.1642      7.681  254.29684  254.60646     6.6727     8.2883 0.0000e+00
 145.496264      7.779    16.0100  36.141622    28.1687      7.710  254.29684  254.60646     6.5638     8.1590 0.0000e+00
 145.496267      7.814    16.0095  36.142289    28.1688      7.744  254.29838  254.60788     6.5482     8.1590 0.0000e+00
 145.496270      7.841    16.0100  36.137922    28.1687      7.771  254.29576  254.60529     6.5327     8.1590 -9.990e-29
 145.496273      7.863    16.0068  36.134586    28.1643      7.793  254.31952  254.62893     6.5638     8.1549 -9.990e-29
 145.496276      7.881    16.0037  36.139197    28.1705      7.811  254.32446  254.63369     7.7622     8.4946 -9.990e-29
 145.496279      7.891    16.0018  36.136346    28.1694      7.820  254.33605  254.64519     7.8245     8.4865 -9.990e-29
