seaocn-cb/data/ctd_cnv/SBE19plus_01907321_2024_05_23_Cast31.cnv
* Sea-Bird SBE19plus  Data File:
* FileName = E:\Prandtl_Daten\2024\CTD\raw\SBE19plus_01907321_2024_05_23_Cast31.hex
* Software version 2.6.1.12
* Temperature SN = 7321
* Conductivity SN = 7321
* System UpLoad Time = May 23 2024 11:18:11
* <ApplicationData>
* <Seaterm232>
** 20240523
** Sea Practical 2024
** MCat 23.05 CTD_NP2
** NMEA Latitude = 054 11.059N
** NMEA Longitude = 008 34.584E
** waterdepth = 8.5m
** Arved
# nquan = 11
# nvalues = 222                         
# units = specified
# name 0 = timeJ: Julian Days
# name 1 = prdM: Pressure, Strain Gauge [db]
# name 2 = tv290C: Temperature [ITS-90, deg C]
# name 3 = c0mS/cm: Conductivity [mS/cm]
# name 4 = sal00: Salinity, Practical [PSU]
# name 5 = depSM: Depth [salt water, m], lat = 54.00
# name 6 = oxsatMm/Kg: Oxygen Saturation, Weiss [umol/kg]
# name 7 = oxsolMm/Kg: Oxygen Saturation, Garcia & Gordon [umol/kg]
# name 8 = turbWETntu0: Turbidity, WET Labs ECO [NTU]
# name 9 = flECO-AFL: Fluorescence, WET Labs ECO-AFL/FL [mg/m^3]
# name 10 = flag:  0.000e+00
# span 0 = 142.397543, 142.398183       
# span 1 =      0.877,      5.993       
# span 2 =    14.5923,    15.3104       
# span 3 =  36.135412,  36.246025       
# span 4 =    28.7589,    29.2032       
# span 5 =      0.870,      5.939       
# span 6 =  256.82449,  259.79410       
# span 7 =  257.09650,  260.02608       
# span 8 =    -4.4245,     3.7155       
# span 9 =     3.2945,     8.9839       
# span 10 = 0.0000e+00, 0.0000e+00      
# interval = seconds: 0.25
# start_time = May 21 2024 09:29:47 [Instrument's time stamp, header]
# bad_flag = -9.990e-29
*END*
[from data line 132]
 142.397925      4.105    15.0420  36.194396    28.9205      4.068  257.93656  258.19398    -2.7747     6.5941 -9.990e-29
 142.397928      4.117    15.0001  36.197312    28.9493      4.081  258.10312  258.35820    -2.7280     6.6224 -9.990e-29
 142.397931      4.125    15.0008  36.195976    28.9476      4.088  258.10253  258.35766    -0.3156     7.9204 -9.990e-29
 142.397934      4.130    14.9869  36.192457    28.9548      4.093  258.16234  258.41670    -0.4712     7.9163 -9.990e-29
 142.397937      4.132    14.9714  36.192641    28.9664      4.095  258.22230  258.47578    -0.5490     7.8719 -9.990e-29
 142.397940      4.141    14.9615  36.187666    28.9693      4.104  258.26881  258.52177    -0.3623     7.8840 -9.990e-29
 142.397943      4.165    14.9007  36.185848    29.0077      4.128  258.51811  258.76766     0.2603     8.5229 -9.990e-29
 142.397946      4.216    14.8830  36.180087    29.0183      4.178  258.59152  258.84008     0.2758     8.5290 0.0000e+00
 142.397948      4.284    14.8653  36.174569    29.0290      4.245  258.66494  258.91251     0.2914     8.5350 0.0000e+00
 142.397951      4.360    14.8225  36.166200    29.0534      4.321  258.84589  259.09106     0.4626     8.5391 0.0000e+00
 142.397954      4.446    14.7741  36.161352    29.0851      4.406  259.04274  259.28516     0.4626     8.5391 0.0000e+00
 142.397957      4.523    14.7340  36.164148    29.1175      4.482  259.19562  259.43569     0.0113     7.0753 0.0000e+00
 142.397960      4.585    14.7124  36.160753    29.1306      4.544  259.28567  259.52451     0.0113     7.0753 0.0000e+00
 142.397963      4.639    14.6979  36.157417    29.1384      4.598  259.34781  259.58584    -0.0043     7.0753 0.0000e+00
 142.397966      4.681    14.6907  36.155902    29.1431      4.639  259.37757  259.61518     0.0268     7.0692 0.0000e+00
 142.397969      4.707    14.6834  36.158088    29.1479      4.664  259.40733  259.64452    -0.0354     7.0631 -9.990e-29
 142.397972      4.712    14.6646  36.154570    29.1608      4.670  259.48328  259.71938     1.3187     7.3624 -9.990e-29
 142.397975      4.705    14.6638  36.151233    29.1584      4.663  259.49160  259.72768     1.3498     7.3866 -9.990e-29
 142.397977      4.694    14.6661  36.150444    29.1560      4.652  259.48390  259.72012     1.2564     7.3947 -9.990e-29
 142.397980      4.683    14.6699  36.147714    29.1507      4.641  259.47333  259.70979     1.2097     6.8731 -9.990e-29
 142.397983      4.677    14.6685  36.149473    29.1533      4.635  259.47588  259.71225     1.0852     6.8771 -9.990e-29
 142.397986      4.683    14.6630  36.145773    29.1542      4.641  259.50362  259.73969     1.0385     6.8690 -9.990e-29
 142.397989      4.688    14.6570  36.144864    29.1578      4.646  259.52838  259.76411     0.8517     6.8650 -9.990e-29
 142.397992      4.701    14.6494  36.145290    29.1639      4.659  259.55758  259.79286     1.0852     6.8852 -9.990e-29
 142.397995      4.716    14.6439  36.146686    29.1692      4.673  259.57686  259.81181     1.5677     7.8112 -9.990e-29
 142.397998      4.730    14.6413  36.145776    29.1703      4.688  259.58848  259.82329     1.5521     7.7505 -9.990e-29
 142.398001      4.745    14.6407  36.149477    29.1741      4.702  259.58495  259.81969     1.7545     7.7910 -9.990e-29
 142.398003      4.754    14.6414  36.151236    29.1752      4.711  259.57945  259.81422     1.3965     7.7869 -9.990e-29
 142.398006      4.757    14.6404  36.149719    29.1746      4.715  259.58606  259.82078     1.1630     8.6846 -9.990e-29
 142.398009      4.761    14.6381  36.151054    29.1775      4.719  259.59288  259.82746     1.3809     8.6684 -9.990e-29
 142.398012      4.759    14.6363  36.147718    29.1758      4.717  259.60510  259.83960     1.4743     8.6846 -9.990e-29
 142.398015      4.776    14.6342  36.143532    29.1737      4.733  259.62019  259.85459     1.1630     8.6644 -9.990e-29
 142.398018      4.799    14.6264  36.147537    29.1830      4.757  259.64426  259.87818     1.8167     8.5471 -9.990e-29
 142.398021      4.834    14.6246  36.147537    29.1825      4.791  259.65465  259.88848     1.8401     8.5552 0.0000e+00
 142.398024      4.891    14.6229  36.143352    29.1830      4.847  259.66504  259.89878     1.8167     8.5471 0.0000e+00
 142.398027      4.960    14.6171  36.145537    29.1882      4.916  259.68428  259.91766     1.8634     8.5391 0.0000e+00
 142.398030      5.040    14.6134  36.144203    29.1893      4.995  259.70110  259.93427     2.3926     7.5403 0.0000e+00
 142.398032      5.124    14.6112  36.141838    29.1893      5.078  259.71361  259.94667     2.3926     7.3300 0.0000e+00
 142.398035      5.204    14.6090  36.139351    29.1893      5.158  259.72601  259.95897     2.2681     7.3179 0.0000e+00
 142.398038      5.270    14.6077  36.141353    29.1904      5.223  259.72935  259.96222     2.2370     7.3078 0.0000e+00
 142.398041      5.318    14.6065  36.141778    29.1923      5.270  259.73269  259.96548     2.2681     7.2977 -9.990e-29
 142.398044      5.341    14.6034  36.142689    29.1958      5.293  259.74283  259.97543     3.3264     7.5767 -9.990e-29
 142.398047      5.345    14.6034  36.136077    29.1899      5.297  259.75345  259.98610     3.1864     7.5524 -9.990e-29
 142.398050      5.341    14.6028  36.139170    29.1931      5.293  259.75087  259.98346     3.2175     7.5928 -9.990e-29
 142.398053      5.330    14.6020  36.138078    29.1927      5.283  259.75560  259.98816     3.2798     7.5928 -9.990e-29
 142.398056      5.321    14.6016  36.136926    29.1920      5.273  259.75924  259.99178     2.8595     7.7708 -9.990e-29
 142.398058      5.314    14.6016  36.142021    29.1966      5.266  259.75105  259.98355     2.8906     7.7748 -9.990e-29
 142.398061      5.314    14.6019  36.141354    29.1958      5.266  259.75093  259.98345     2.8128     7.7788 -9.990e-29
 142.398064      5.323    14.6028  36.142021    29.1957      5.275  259.74628  259.97885     2.6727     7.7869 -9.990e-29
 142.398067      5.336    14.6039  36.142689    29.1954      5.288  259.74074  259.97337     2.5949     7.5322 -9.990e-29
 142.398070      5.358    14.6052  36.142506    29.1943      5.310  259.73597  259.96868     2.5482     7.5605 -9.990e-29
 142.398073      5.383    14.6055  36.141779    29.1934      5.335  259.73596  259.96869     2.6572     7.5322 -9.990e-29
 142.398076      5.407    14.6049  36.143356    29.1952      5.359  259.73583  259.96851     2.5171     7.5281 -9.990e-29
 142.398079      5.429    14.6045  36.140262    29.1928      5.380  259.74260  259.97528     1.8323     7.6858 -9.990e-29
 142.398082      5.454    14.6049  36.143114    29.1978      5.405  259.73130  259.96396     1.8634     8.2560 -9.990e-29
 142.398084      5.483    14.6052  36.146207    29.1971      5.434  259.73129  259.96397     1.8946     8.2459 0.0000e+00
 142.398087      5.513    14.6054  36.145116    29.1964      5.463  259.73130  259.96398     1.9257     8.2439 0.0000e+00
 142.398090      5.540    14.6055  36.143963    29.1955      5.490  259.73225  259.96497     1.9257     8.2358 0.0000e+00
 142.398093      5.569    14.6055  36.144206    29.1952      5.519  259.73247  259.96519     1.3654     7.7061 0.0000e+00
 142.398096      5.604    14.6054  36.143781    29.1952      5.554  259.73347  259.96619     1.2875     7.7061 0.0000e+00
 142.398099      5.635    14.6054  36.143114    29.1946      5.584  259.73457  259.96728     1.3654     7.7061 0.0000e+00
 142.398102      5.675    14.6059  36.141598    29.1946      5.624  259.73457  259.96728     1.4899     7.6535 0.0000e+00
 142.398105      5.717    14.6066  36.145541    29.1932      5.666  259.72777  259.96059     1.5210     7.3785 0.0000e+00
 142.398108      5.757    14.6069  36.143114    29.1946      5.706  259.72655  259.95935     1.5210     7.3785 0.0000e+00
 142.398111      5.799    14.6069  36.144449    29.1932      5.747  259.72777  259.96059     1.5054     7.3947 0.0000e+00
 142.398113      5.834    14.6067  36.141355    29.1946      5.782  259.72822  259.96096     1.5054     7.4190 0.0000e+00
 142.398116      5.868    14.6062  36.145299    29.1959      5.816  259.72822  259.96096     2.3148     7.9689 0.0000e+00
 142.398119      5.903    14.6059  36.149060    29.1978      5.850  259.72641  259.95912     2.4004     7.9770 0.0000e+00
 142.398122      5.931    14.6055  36.149970    29.1997      5.878  259.72459  259.95727     2.4860     7.9851 -9.990e-29
 142.398125      5.943    14.6083  36.143115    29.1923      5.890  259.72341  259.95630     2.2525     7.9527 -9.990e-29
 142.398128      5.940    14.6065  36.137413    29.1886      5.887  259.73973  259.97255     2.6416     7.9527 -9.990e-29
 142.398131      5.929    14.6032  36.137413    29.1910      5.876  259.75256  259.98519     2.7194     8.3571 -9.990e-29
 142.398134      5.909    14.6002  36.135836    29.1919      5.856  259.76702  259.99949     2.6416     8.3571 -9.990e-29
 142.398137      5.891    14.5966  36.138506    29.1970      5.838  259.77676  260.00899     2.5171     8.3530 -9.990e-29
 142.398139      5.865    14.5942  36.135412    29.1960      5.812  259.79097  260.02309     2.3926     8.3652 -9.990e-29
 142.398142      5.841    14.5932  36.136504    29.1977      5.789  259.79308  260.02513     1.8012     8.7574 -9.990e-29
 142.398145      5.823    14.5928  36.137839    29.1993      5.771  259.79272  260.02473     1.8012     8.7372 -9.990e-29
 142.398148      5.803    14.5924  36.138930    29.2005      5.751  259.79244  260.02443     1.9568     8.7372 -9.990e-29
 142.398151      5.794    14.5923  36.138081    29.1998      5.742  259.79410  260.02608     1.7856     8.7655 -9.990e-29
 142.398154      5.792    14.5939  36.138930    29.1994      5.740  259.78646  260.01854     3.2175     8.1266 -9.990e-29
 142.398157      5.792    14.5964  36.144208    29.2023      5.740  259.76843  260.00061     3.3264     8.1670 -9.990e-29
 142.398160      5.797    14.5998  36.144632    29.2001      5.745  259.75432  259.98670     3.2175     8.1711 -9.990e-29
 142.398163      5.814    14.6014  36.144025    29.1984      5.762  259.74904  259.98151     3.1708     8.1468 -9.990e-29
 142.398166      5.841    14.6016  36.147968    29.2017      5.789  259.74182  259.97428     3.7155     8.9717 -9.990e-29
 142.398168      5.867    14.6017  36.149728    29.2032      5.814  259.73872  259.97116     3.4354     8.9798 -9.990e-29
 142.398171      5.899    14.6029  36.149728    29.2004      5.847  259.73749  259.97002     3.4510     8.9839 -9.990e-29
 142.398174      5.932    14.6029  36.147544    29.2004      5.879  259.73749  259.97002     3.4510     8.9839 0.0000e+00
 142.398177      5.962    14.6029  36.149971    29.2004      5.908  259.73749  259.97002     3.4510     8.9839 -9.990e-29
 142.398180      5.980    14.6012  36.146452    29.2006      5.926  259.74584  259.97828     3.2175     8.2883 -9.990e-29
 142.398183      5.993    14.6000  36.147726    29.2027      5.939  259.74858  259.98094     2.9840     8.2803 -9.990e-29
