seaocn-cb/data/ctd_cnv/SBE19plus_01907321_2024_05_29_Cast111.cnv
* Sea-Bird SBE19plus  Data File:
* FileName = E:\Prandtl_Daten\2024\29052024\raw\SBE19plus_01907321_2024_05_29_Cast111.hex
* Software version 2.6.1.12
* Temperature SN = 7321
* Conductivity SN = 7321
* System UpLoad Time = May 29 2024 14:31:59
* <ApplicationData>
* <Seaterm232>
** 20240529
** Sea Practical 2024
** MCat 27.05 CTD_SP2
** NMEA Latitude = 54 06.51N
** NMEA Longitude = 008 34.32E
** waterdepth = 15.95m
** clemens
# nquan = 11
# nvalues = 512                         
# units = specified
# name 0 = timeJ: Julian Days
# name 1 = prdM: Pressure, Strain Gauge [db]
# name 2 = tv290C: Temperature [ITS-90, deg C]
# name 3 = c0mS/cm: Conductivity [mS/cm]
# name 4 = sal00: Salinity, Practical [PSU]
# name 5 = depSM: Depth [salt water, m], lat = 54.00
# name 6 = oxsatMm/Kg: Oxygen Saturation, Weiss [umol/kg]
# name 7 = oxsolMm/Kg: Oxygen Saturation, Garcia & Gordon [umol/kg]
# name 8 = turbWETntu0: Turbidity, WET Labs ECO [NTU]
# name 9 = flECO-AFL: Fluorescence, WET Labs ECO-AFL/FL [mg/m^3]
# name 10 = flag:  0.000e+00
# span 0 = 150.588383, 150.589861       
# span 1 =      0.282,     15.382       
# span 2 =    16.1922,    16.3730       
# span 3 =  36.468595,  36.604020       
# span 4 =    28.2291,    28.4357       
# span 5 =      0.279,     15.244       
# span 6 =  252.36810,  252.93026       
# span 7 =  252.69358,  253.24633       
# span 8 =    -2.2300,    12.9451       
# span 9 =     4.1517,     6.9499       
# span 10 = 0.0000e+00, 0.0000e+00      
# interval = seconds: 0.25
# start_time = May 29 2024 14:06:01 [Instrument's time stamp, header]
# bad_flag = -9.990e-29
*END*
[from data line 394]
 150.589523     11.827    16.2119  36.572977    28.3959     11.721  252.88936  253.20669     4.0268     5.7651 0.0000e+00
 150.589525     11.863    16.2100  36.572917    28.3972     11.757  252.89583  253.21290     4.0268     5.7651 0.0000e+00
 150.589528     11.900    16.2082  36.572978    28.3985     11.793  252.90241  253.21939     3.9957     5.7287 0.0000e+00
 150.589531     11.933    16.2069  36.572978    28.3993     11.826  252.90727  253.22418     3.9490     5.7004 0.0000e+00
 150.589534     11.958    16.2067  36.572552    28.3993     11.851  252.90850  253.22540     3.9257     5.7146 0.0000e+00
 150.589537     11.984    16.2064  36.569261    28.3993     11.876  252.90973  253.22662     3.9023     5.7004 -9.990e-29
 150.589540     12.002    16.2067  36.570297    28.3972     11.894  252.91220  253.22912     3.3731     5.7975 -9.990e-29
 150.589543     12.022    16.2070  36.570053    28.3968     11.914  252.91137  253.22830     3.4976     5.7813 -9.990e-29
 150.589546     12.035    16.2071  36.573893    28.4000     11.927  252.90536  253.22228     3.6533     5.7611 -9.990e-29
 150.589549     12.040    16.2071  36.570967    28.3975     11.932  252.90972  253.22665     3.7311     5.7894 -9.990e-29
 150.589552     12.042    16.2072  36.571882    28.3982     11.934  252.90775  253.22469     4.5560     6.3070 -9.990e-29
 150.589554     12.027    16.2075  36.572064    28.3982     11.920  252.90656  253.22351     4.3848     6.2948 -9.990e-29
 150.589557     12.016    16.2075  36.573893    28.3997     11.909  252.90384  253.22078     4.6494     6.3191 -9.990e-29
 150.589560     12.003    16.2070  36.576514    28.4023     11.896  252.90175  253.21865     4.4159     6.2584 -9.990e-29
 150.589563     12.002    16.2063  36.576331    28.4026     11.894  252.90444  253.22131     4.5716     6.2463 -9.990e-29
 150.589566     12.014    16.2059  36.577245    28.4044     11.907  252.90374  253.22057     5.9724     6.0765 -9.990e-29
 150.589569     12.045    16.2053  36.578038    28.4045     11.938  252.90617  253.22298     5.8712     6.0806 0.0000e+00
 150.589572     12.089    16.2048  36.577429    28.4046     11.981  252.90374  253.22057     5.7700     6.0846 0.0000e+00
 150.589575     12.146    16.2039  36.583281    28.4093     12.037  252.90860  253.22539     5.7233     6.0846 0.0000e+00
 150.589578     12.224    16.2031  36.581452    28.4104     12.115  252.90356  253.22026     4.3537     5.7772 0.0000e+00
 150.589580     12.310    16.2030  36.586147    28.4134     12.200  252.90433  253.22091     4.3537     5.7530 0.0000e+00
 150.589583     12.396    16.2019  36.587732    28.4155     12.285  252.90271  253.21935     4.3070     5.7772 0.0000e+00
 150.589586     12.492    16.2007  36.593524    28.4213     12.380  252.90433  253.22091     4.3848     5.7409 0.0000e+00
 150.589589     12.578    16.1990  36.594622    28.4235     12.465  252.90537  253.22176     6.6572     5.6964 0.0000e+00
 150.589592     12.649    16.1979  36.595720    28.4237     12.536  252.90771  253.22404     6.7973     5.6964 0.0000e+00
 150.589595     12.702    16.1976  36.593525    28.4244     12.589  252.91072  253.22704     6.7272     5.7004 0.0000e+00
 150.589598     12.735    16.1972  36.591514    28.4237     12.621  252.91372  253.23003     6.7973     5.7206 -9.990e-29
 150.589601     12.750    16.1969  36.593952    28.4243     12.636  252.91432  253.23061     6.5327     5.7853 -9.990e-29
 150.589604     12.755    16.1972  36.590599    28.4212     12.641  252.91811  253.23443     6.5171     5.7530 -9.990e-29
 150.589606     12.737    16.1976  36.590172    28.4206     12.623  252.91722  253.23357     6.3926     5.7489 -9.990e-29
 150.589609     12.711    16.1978  36.589075    28.4195     12.598  252.91823  253.23460     6.3148     5.7692 -9.990e-29
 150.589612     12.684    16.1983  36.587734    28.4180     12.571  252.91840  253.23479     6.4082     5.7206 -9.990e-29
 150.589615     12.650    16.1988  36.587002    28.4170     12.536  252.91735  253.23378     5.2875     5.6398 -9.990e-29
 150.589618     12.622    16.1993  36.587977    28.4175     12.509  252.91407  253.23052     5.1475     5.6559 -9.990e-29
 150.589621     12.600    16.1999  36.587733    28.4168     12.487  252.91200  253.22848     5.4276     5.6479 -9.990e-29
 150.589624     12.600    16.2000  36.585295    28.4147     12.488  252.91533  253.23183     5.0696     5.6600 -9.990e-29
 150.589627     12.609    16.1995  36.587063    28.4165     12.496  252.91452  253.23098     5.5833     5.8258 -9.990e-29
 150.589630     12.639    16.1992  36.588404    28.4179     12.525  252.91375  253.23019     5.5988     5.8662 -9.990e-29
 150.589633     12.673    16.1991  36.589501    28.4175     12.560  252.91491  253.23135     5.5366     5.8177 -9.990e-29
 150.589635     12.723    16.1992  36.587855    28.4184     12.609  252.91323  253.22967     5.7078     5.8703 0.0000e+00
 150.589638     12.781    16.1991  36.589928    28.4192     12.666  252.91156  253.22799     5.8478     5.9228 0.0000e+00
 150.589641     12.848    16.1991  36.591270    28.4204     12.733  252.90991  253.22632     5.8790     5.9228 0.0000e+00
 150.589644     12.921    16.1988  36.592611    28.4217     12.806  252.90987  253.22621     5.8945     5.8905 0.0000e+00
 150.589647     12.998    16.1980  36.594197    28.4237     12.882  252.90987  253.22621     5.8945     5.8703 0.0000e+00
 150.589650     13.080    16.1970  36.595112    28.4251     12.963  252.91218  253.22847     5.3809     5.7894 0.0000e+00
 150.589653     13.159    16.1961  36.596636    28.4269     13.041  252.91358  253.22982     5.2875     5.7894 0.0000e+00
 150.589656     13.233    16.1954  36.595966    28.4271     13.115  252.91704  253.23325     5.2875     5.7894 0.0000e+00
 150.589659     13.305    16.1949  36.595722    28.4271     13.185  252.91704  253.23325     5.2875     5.7570 0.0000e+00
 150.589661     13.365    16.1945  36.598649    28.4278     13.245  252.91956  253.23574     5.3809     5.7570 0.0000e+00
 150.589664     13.418    16.1945  36.596211    28.4289     13.297  252.91873  253.23487     6.0502     5.7611 0.0000e+00
 150.589667     13.452    16.1944  36.599137    28.4278     13.332  252.92071  253.23686     6.7194     5.8015 -9.990e-29
 150.589670     13.461    16.1942  36.597125    28.4288     13.341  252.92028  253.23641     6.6416     5.8500 -9.990e-29
 150.589673     13.456    16.1942  36.595113    28.4270     13.335  252.92297  253.23912     6.8284     5.8258 -9.990e-29
 150.589676     13.432    16.1946  36.598467    28.4296     13.312  252.91675  253.23290     7.4198     5.9552 -9.990e-29
 150.589679     13.394    16.1946  36.595296    28.4269     13.274  252.92115  253.23732     7.5599     5.9794 -9.990e-29
 150.589682     13.358    16.1950  36.599137    28.4300     13.238  252.91420  253.23037     7.5910     5.9794 -9.990e-29
 150.589685     13.312    16.1950  36.593101    28.4247     13.193  252.92286  253.23906     7.5910     5.9794 -9.990e-29
 150.589688     13.272    16.1947  36.597795    28.4290     13.153  252.91706  253.23322     7.9334     5.5387 -9.990e-29
 150.589690     13.243    16.1946  36.600417    28.4313     13.124  252.91344  253.22959     7.8556     5.6115 -9.990e-29
 150.589693     13.230    16.1946  36.597124    28.4286     13.111  252.91864  253.23479     7.7467     5.5306 -9.990e-29
 150.589696     13.232    16.1944  36.595113    28.4269     13.113  252.92224  253.23840     7.6222     5.5751 -9.990e-29
 150.589699     13.263    16.1942  36.598649    28.4301     13.144  252.91760  253.23373     7.8868     6.5617 -9.990e-29
 150.589702     13.323    16.1942  36.596332    28.4281     13.203  252.92138  253.23752     7.7622     6.5213 -9.990e-29
 150.589705     13.399    16.1942  36.599991    28.4312     13.279  252.91603  253.23215     7.7155     6.5415 -9.990e-29
 150.589708     13.491    16.1942  36.599991    28.4318     13.370  252.91510  253.23122     7.7700     6.5516 0.0000e+00
 150.589711     13.598    16.1942  36.601272    28.4323     13.476  252.91470  253.23080     7.7155     6.5415 0.0000e+00
 150.589714     13.710    16.1939  36.601577    28.4327     13.587  252.91470  253.23080     7.8245     5.7894 0.0000e+00
 150.589716     13.819    16.1935  36.601821    28.4332     13.695  252.91591  253.23199     7.9179     5.7732 0.0000e+00
 150.589719     13.923    16.1930  36.602919    28.4340     13.798  252.91615  253.23219     7.9179     5.7651 0.0000e+00
 150.589722     14.010    16.1929  36.602310    28.4340     13.885  252.91771  253.23375     7.8868     5.7206 0.0000e+00
 150.589725     14.072    16.1929  36.601335    28.4336     13.946  252.91860  253.23465     7.6066     5.6782 0.0000e+00
 150.589728     14.113    16.1928  36.598652    28.4332     13.986  252.91949  253.23554     7.3264     5.6357 -9.990e-29
 150.589731     14.129    16.1923  36.602920    28.4349     14.002  252.91898  253.23499     7.4821     5.6357 -9.990e-29
 150.589734     14.122    16.1925  36.597616    28.4302     13.995  252.92626  253.24231     7.1241     5.6155 -9.990e-29
 150.589737     14.093    16.1923  36.602005    28.4341     13.966  252.92032  253.23634     6.7973     5.6802 -9.990e-29
 150.589740     14.052    16.1924  36.602249    28.4343     13.926  252.91963  253.23565     6.9218     5.6519 -9.990e-29
 150.589742     14.010    16.1925  36.601822    28.4338     13.885  252.91994  253.23597     6.6572     5.6923 -9.990e-29
 150.589745     13.965    16.1925  36.602737    28.4346     13.840  252.91856  253.23458     6.9218     5.7125 -9.990e-29
 150.589748     13.927    16.1926  36.601578    28.4335     13.802  252.91965  253.23569     6.8906     5.5791 -9.990e-29
 150.589751     13.897    16.1927  36.602919    28.4347     13.773  252.91734  253.23337     6.7039     5.5993 -9.990e-29
 150.589754     13.890    16.1926  36.603163    28.4350     13.766  252.91758  253.23360     6.8128     5.5508 -9.990e-29
 150.589757     13.899    16.1926  36.601334    28.4334     13.775  252.92030  253.23634     6.8906     5.5751 -9.990e-29
 150.589760     13.921    16.1926  36.598225    28.4307     13.796  252.92494  253.24099     6.7506     5.5670 -9.990e-29
 150.589763     13.965    16.1924  36.600907    28.4331     13.840  252.92158  253.23761     6.2214     5.8622 -9.990e-29
 150.589766     14.023    16.1925  36.600176    28.4334     13.898  252.92071  253.23674     6.2992     5.9026 -9.990e-29
 150.589769     14.093    16.1925  36.601335    28.4337     13.966  252.92009  253.23611     6.3926     5.8824 0.0000e+00
 150.589771     14.171    16.1925  36.602006    28.4339     14.044  252.91974  253.23576     6.4860     5.8622 0.0000e+00
 150.589774     14.251    16.1924  36.602250    28.4339     14.124  252.91974  253.23576     7.4976     5.6074 0.0000e+00
 150.589777     14.342    16.1924  36.599567    28.4342     14.214  252.91974  253.23576     7.5132     5.5993 0.0000e+00
 150.589780     14.426    16.1924  36.602677    28.4339     14.297  252.92025  253.23627     7.5755     5.5993 0.0000e+00
 150.589783     14.508    16.1924  36.602007    28.4339     14.378  252.92025  253.23627     7.6222     5.5589 0.0000e+00
 150.589786     14.581    16.1925  36.599141    28.4339     14.451  252.92025  253.23627     8.0580     5.5468 0.0000e+00
 150.589789     14.643    16.1925  36.602739    28.4327     14.512  252.92234  253.23837     8.0580     5.5468 0.0000e+00
 150.589792     14.691    16.1925  36.600666    28.4336     14.559  252.92064  253.23666     8.0113     5.5630 0.0000e+00
 150.589795     14.727    16.1924  36.601154    28.4327     14.595  252.92234  253.23837     7.9646     5.6074 -9.990e-29
 150.589797     14.740    16.1922  36.599996    28.4322     14.608  252.92397  253.24000    11.4198     6.1169 -9.990e-29
 150.589800     14.749    16.1922  36.604020    28.4357     14.617  252.91799  253.23399    11.6533     6.0603 -9.990e-29
 150.589803     14.731    16.1922  36.601154    28.4333     14.599  252.92255  253.23856    11.6844     6.1533 -9.990e-29
 150.589806     14.707    16.1925  36.600910    28.4328     14.575  252.92169  253.23772    11.4821     6.0724 -9.990e-29
 150.589809     14.669    16.1925  36.603166    28.4348     14.537  252.91831  253.23433    11.5132     6.0401 -9.990e-29
 150.589812     14.632    16.1925  36.595118    28.4279     14.501  252.93026  253.24633    12.7272     5.9713 -9.990e-29
 150.589815     14.599    16.1928  36.602251    28.4338     14.469  252.91842  253.23446    12.5871     5.9835 -9.990e-29
 150.589818     14.581    16.1927  36.601824    28.4335     14.451  252.91935  253.23539    12.9451     5.9956 -9.990e-29
 150.589821     14.570    16.1927  36.600178    28.4321     14.440  252.92179  253.23784    12.6650     5.9269 -9.990e-29
 150.589823     14.578    16.1930  36.601580    28.4331     14.447  252.91881  253.23486    11.5910     6.4404 -9.990e-29
 150.589826     14.599    16.1930  36.602007    28.4335     14.469  252.91818  253.23423    11.4510     6.3838 -9.990e-29
 150.589829     14.645    16.1929  36.599995    28.4332     14.514  252.91900  253.23505    11.5910     6.3797 -9.990e-29
 150.589832     14.705    16.1929  36.601703    28.4322     14.573  252.92079  253.23685    11.5054     6.0421 0.0000e+00
 150.589835     14.784    16.1929  36.599325    28.4311     14.651  252.92202  253.23809    11.4198     5.7489 0.0000e+00
 150.589838     14.873    16.1930  36.599325    28.4310     14.740  252.92258  253.23864    11.4198     5.7489 0.0000e+00
 150.589841     14.970    16.1931  36.597619    28.4310     14.836  252.92202  253.23809    11.2642     5.7651 0.0000e+00
 150.589844     15.067    16.1931  36.601155    28.4324     14.932  252.91880  253.23487    11.4510     5.7651 0.0000e+00
 150.589847     15.160    16.1932  36.601582    28.4324     15.024  252.91880  253.23487    12.8206     5.6802 0.0000e+00
 150.589850     15.240    16.1931  36.600485    28.4318     15.103  252.91990  253.23597    12.8517     5.6802 0.0000e+00
 150.589852     15.309    16.1931  36.599327    28.4314     15.172  252.92108  253.23716    12.9062     5.6863 0.0000e+00
 150.589855     15.355    16.1930  36.597559    28.4309     15.217  252.92226  253.23834    12.8517     5.6923 -9.990e-29
 150.589858     15.379    16.1932  36.598656    28.4301     15.241  252.92270  253.23878    12.8517     5.6762 -9.990e-29
 150.589861     15.382    16.1931  36.600668    28.4319     15.244  252.92001  253.23607    12.6494     6.0118 -9.990e-29
